   5.9990000e+06   0.0000000e+00
   8.9791000e+04   2.3376465e+01
   8.9838000e+04   2.7404785e+01
   8.9885000e+04   2.1606445e+01
   8.9895000e+04   1.9714355e+01
   8.9945000e+04   1.8676758e+01
   8.9986000e+04   2.2827148e+01
   8.9997000e+04   2.9357910e+01
   9.0057000e+04   1.9531250e+01
   9.0085000e+04   2.5146484e+01
   9.0102000e+04   1.9958496e+01
   9.0135000e+04   1.8676758e+01
   9.0273000e+04   2.1484375e+01
   9.0310000e+04   1.8371582e+01
   9.0576000e+04   1.9714355e+01
   1.9045400e+05   2.3376465e+01
   1.9050300e+05   2.0080566e+01
   1.9057600e+05   1.9042969e+01
   1.9063900e+05   2.8686523e+01
   1.9065800e+05   2.0568848e+01
   1.9069300e+05   2.1972656e+01
   1.9072100e+05   2.6000977e+01
   1.9073600e+05   1.9348145e+01
   1.9075800e+05   1.8493652e+01
   1.9082700e+05   1.8798828e+01
   1.9098000e+05   2.1850586e+01
   1.9133500e+05   1.8310547e+01
   2.3824600e+05   1.8676758e+01
   2.3848300e+05   2.0568848e+01
   2.3867000e+05   1.8432617e+01
   2.3876500e+05   1.9775391e+01
   2.3879800e+05   2.2827148e+01
   2.3884200e+05   2.0629883e+01
   2.3886600e+05   1.9958496e+01
   2.3915700e+05   2.5085449e+01
   2.3930900e+05   1.9653320e+01
   2.3955700e+05   1.9165039e+01
   2.8493200e+05   1.8798828e+01
   2.8512400e+05   1.9287109e+01
   2.8525900e+05   2.0751953e+01
   2.8539400e+05   2.0874023e+01
   2.8541800e+05   2.4536133e+01
   2.8555700e+05   1.8859863e+01
   2.8561900e+05   1.8310547e+01
   2.8565600e+05   1.8920898e+01
   2.8576400e+05   2.1484375e+01
   2.8594900e+05   1.8798828e+01
   2.8597700e+05   2.0935059e+01
   2.8606600e+05   2.0690918e+01
   2.8628000e+05   1.9287109e+01
   2.8629400e+05   1.8615723e+01
   3.5386600e+05   2.2033691e+01
   3.5423900e+05   2.0263672e+01
   3.5436800e+05   2.0507812e+01
   3.5444600e+05   2.0935059e+01
   3.5448100e+05   1.8737793e+01
   3.5451400e+05   2.1667480e+01
   3.5457700e+05   2.1362305e+01
   3.5468500e+05   1.8981934e+01
   3.5476400e+05   1.8798828e+01
   3.5505400e+05   1.9042969e+01
   1.2306200e+06   1.9897461e+01
   1.2306730e+06   2.0263672e+01
   1.2306930e+06   1.8920898e+01
   1.2307210e+06   2.6428223e+01
   1.2307660e+06   3.0578613e+01
   1.2307810e+06   2.1057129e+01
   1.2309390e+06   1.8371582e+01
   1.2309510e+06   2.0324707e+01
   1.2311190e+06   1.9531250e+01
   1.2312180e+06   1.8554688e+01
   1.2315570e+06   1.9226074e+01
   1.2317600e+06   1.8737793e+01
   1.7080530e+06   2.2277832e+01
   1.7082090e+06   1.8981934e+01
   1.7082430e+06   2.1301270e+01
   1.7082590e+06   1.9287109e+01
   1.7082860e+06   2.2460938e+01
   1.7083260e+06   2.1423340e+01
   1.7083910e+06   2.0446777e+01
   1.7084070e+06   2.5817871e+01
   1.7084300e+06   2.1606445e+01
   1.7084560e+06   1.9348145e+01
   1.7084790e+06   1.9897461e+01
   1.7694350e+06   1.9470215e+01
   1.7695830e+06   2.2033691e+01
   1.7697600e+06   1.8737793e+01
   1.7698240e+06   2.0263672e+01
   1.7698510e+06   2.0202637e+01
   1.7698720e+06   2.2766113e+01
   1.7698840e+06   1.9775391e+01
   1.7699380e+06   2.3803711e+01
   1.7700330e+06   2.1118164e+01
   1.7700670e+06   2.2399902e+01
   1.7701280e+06   2.2094727e+01
   1.7701590e+06   1.9775391e+01
   1.7702690e+06   2.0690918e+01
   1.7703860e+06   2.3864746e+01
   1.7704670e+06   2.0446777e+01
   1.7708190e+06   2.0202637e+01
   1.7708930e+06   2.0812988e+01
   1.8234430e+06   2.1362305e+01
   1.8235460e+06   2.3071289e+01
   1.8235800e+06   2.3010254e+01
   1.8237130e+06   2.0446777e+01
   1.8237990e+06   2.2216797e+01
   1.8238140e+06   2.4536133e+01
   1.8239220e+06   1.9531250e+01
   1.8239640e+06   2.7160645e+01
   1.8239960e+06   2.6489258e+01
   1.8240520e+06   2.7221680e+01
   1.8241480e+06   2.2521973e+01
   1.8244410e+06   1.8798828e+01
   1.8244870e+06   1.8981934e+01
   1.9048960e+06   1.9042969e+01
   1.9050210e+06   2.0324707e+01
   1.9050490e+06   1.8493652e+01
   1.9051170e+06   2.0324707e+01
   1.9051530e+06   2.2033691e+01
   1.9052460e+06   1.9592285e+01
   1.9053410e+06   2.2460938e+01
   1.9053760e+06   1.9531250e+01
   1.9054420e+06   1.9775391e+01
   1.9061430e+06   1.9531250e+01
   2.5965680e+06   2.0263672e+01
   2.5965920e+06   2.0324707e+01
   2.5966460e+06   2.3803711e+01
   2.5966740e+06   1.9104004e+01
   2.5966900e+06   1.8432617e+01
   2.5967360e+06   2.3681641e+01
   2.5967510e+06   2.2399902e+01
   2.5967670e+06   2.0385742e+01
   2.5967990e+06   2.0202637e+01
   2.5968300e+06   2.1606445e+01
   2.5968730e+06   2.3742676e+01
   2.5969090e+06   2.4108887e+01
   2.5969900e+06   1.9348145e+01
   2.5970130e+06   1.8310547e+01
   2.5972320e+06   1.8554688e+01
   2.5973460e+06   1.8798828e+01
   3.2564810e+06   1.8737793e+01
   3.2564980e+06   2.0751953e+01
   3.2565750e+06   1.9592285e+01
   3.2566040e+06   2.0812988e+01
   3.2566360e+06   1.9287109e+01
   3.2566880e+06   2.6000977e+01
   3.2566980e+06   2.2094727e+01
   3.2567180e+06   2.3132324e+01
   3.2567490e+06   2.1057129e+01
   3.2567610e+06   1.8615723e+01
   3.2567810e+06   2.0202637e+01
   3.2568020e+06   2.1240234e+01
   3.2568180e+06   1.8371582e+01
   3.2568550e+06   1.9348145e+01
   3.2569150e+06   1.8371582e+01
   3.2570030e+06   2.1423340e+01
   3.3387790e+06   1.8615723e+01
   3.3388150e+06   2.0263672e+01
   3.3388610e+06   2.0568848e+01
   3.3388980e+06   1.8371582e+01
   3.3390310e+06   2.1118164e+01
   3.3390850e+06   2.2644043e+01
   3.3391470e+06   1.8371582e+01
   3.3391680e+06   2.2949219e+01
   3.3392040e+06   1.8737793e+01
   3.3393030e+06   1.9409180e+01
   3.3393920e+06   2.0935059e+01
   3.3397880e+06   1.9958496e+01
   3.3399350e+06   1.9042969e+01
   3.3413080e+06   1.9409180e+01
   3.4007350e+06   1.8554688e+01
   3.4008240e+06   2.3132324e+01
   3.4008910e+06   3.3813477e+01
   3.4009100e+06   1.8554688e+01
   3.4009470e+06   2.2705078e+01
   3.4009720e+06   2.3071289e+01
   3.4010240e+06   1.9348145e+01
   3.4010340e+06   1.8859863e+01
   3.4010710e+06   1.9836426e+01
   3.4011260e+06   1.8798828e+01
   3.4011580e+06   2.4902344e+01
   3.4011780e+06   2.4291992e+01
   3.4012200e+06   1.8981934e+01
   3.4012420e+06   1.8798828e+01
   3.4014550e+06   1.9592285e+01
   3.4786320e+06   1.8432617e+01
   3.4788250e+06   2.1057129e+01
   3.4789130e+06   2.0629883e+01
   3.4789850e+06   2.3559570e+01
   3.4790010e+06   1.9653320e+01
   3.4790560e+06   3.1616211e+01
   3.4791230e+06   1.9836426e+01
   3.4793410e+06   1.8371582e+01
   3.6103640e+06   1.9226074e+01
   4.4633140e+06   2.1118164e+01
   4.4633400e+06   1.9042969e+01
   4.4633640e+06   1.8493652e+01
   4.4634160e+06   2.0141602e+01
   4.4634430e+06   2.0202637e+01
   4.4634540e+06   2.7160645e+01
   4.4634850e+06   2.5085449e+01
   4.4635120e+06   2.6062012e+01
   4.4635520e+06   2.3864746e+01
   4.4635850e+06   2.0446777e+01
   4.4636890e+06   1.9104004e+01
   4.4637230e+06   1.8981934e+01
   4.4644500e+06   2.0507812e+01
   4.5726550e+06   2.0568848e+01
   4.5727010e+06   1.8371582e+01
   4.5727800e+06   2.0996094e+01
   4.5728280e+06   1.8432617e+01
   4.5728570e+06   2.1728516e+01
   4.5728700e+06   2.1728516e+01
   4.5729060e+06   2.5512695e+01
   4.5729190e+06   1.8615723e+01
   4.5729970e+06   2.2216797e+01
   4.5730720e+06   1.9165039e+01
   4.5731370e+06   1.9348145e+01
   4.5758610e+06   1.8371582e+01
   4.7449250e+06   1.9958496e+01
   4.7449350e+06   2.1301270e+01
   4.7450190e+06   2.0996094e+01
   4.7450480e+06   2.0446777e+01
   4.7450920e+06   1.9226074e+01
   4.7451060e+06   2.3376465e+01
   4.7451470e+06   2.3864746e+01
   4.7451760e+06   2.5451660e+01
   4.7452150e+06   2.3132324e+01
   4.7452610e+06   1.9042969e+01
   4.7452970e+06   1.9042969e+01
   4.7453800e+06   2.3803711e+01
   5.8137330e+06   2.0141602e+01
   5.8137440e+06   2.0080566e+01
   5.8137590e+06   1.9409180e+01
   5.8138010e+06   2.2155762e+01
   5.8138350e+06   2.3742676e+01
   5.8138600e+06   2.3437500e+01
   5.8138790e+06   1.8798828e+01
   5.8138980e+06   1.8310547e+01
   5.8139150e+06   2.2521973e+01
   5.8139670e+06   2.3010254e+01
   5.8140270e+06   1.8737793e+01
   5.8140660e+06   1.8371582e+01
   5.8140780e+06   1.9958496e+01
   5.8158110e+06   1.9531250e+01
   5.9143180e+06   1.9836426e+01
   5.9143580e+06   2.0690918e+01
   5.9143680e+06   2.1728516e+01
   5.9143820e+06   1.8737793e+01
   5.9144170e+06   1.9165039e+01
   5.9146090e+06   1.8615723e+01
   5.9146280e+06   3.1921387e+01
   5.9146470e+06   2.2827148e+01
   5.9147000e+06   2.1362305e+01
   5.9147150e+06   2.0324707e+01
   5.9147410e+06   2.1972656e+01
   5.9147550e+06   1.8676758e+01
   5.9149260e+06   2.1606445e+01
   5.9150800e+06   1.9042969e+01
   5.9164010e+06   1.9287109e+01
   5.9166250e+06   1.8310547e+01
