   5.9990000e+06   0.0000000e+00
   8.9441000e+04   3.3386230e+01
   8.9596000e+04   2.5573730e+01
   8.9697000e+04   2.8808594e+01
   8.9735000e+04   4.0954590e+01
   8.9745000e+04   2.7038574e+01
   8.9807000e+04   3.7536621e+01
   8.9834000e+04   3.0761719e+01
   8.9850000e+04   3.2897949e+01
   8.9869000e+04   4.8156738e+01
   8.9886000e+04   7.7270508e+01
   8.9924000e+04   3.8940430e+01
   8.9942000e+04   2.4047852e+01
   8.9962000e+04   4.7119141e+01
   8.9980000e+04   1.1639404e+02
   9.0013000e+04   3.7536621e+01
   9.0050000e+04   4.7058105e+01
   9.0063000e+04   3.3874512e+01
   9.0103000e+04   4.5593262e+01
   9.0128000e+04   3.0456543e+01
   9.0142000e+04   3.0090332e+01
   9.0170000e+04   1.9775391e+01
   9.0180000e+04   2.4658203e+01
   9.0202000e+04   2.8137207e+01
   9.0232000e+04   2.8564453e+01
   9.0259000e+04   1.9653320e+01
   9.0273000e+04   2.7587891e+01
   9.0308000e+04   2.1972656e+01
   9.0408000e+04   2.0629883e+01
   9.0467000e+04   1.8798828e+01
   9.0585000e+04   2.0812988e+01
   9.0683000e+04   1.8981934e+01
   9.0741000e+04   2.1667480e+01
   9.0814000e+04   2.2766113e+01
   9.0824000e+04   1.9042969e+01
   9.0866000e+04   1.9287109e+01
   9.0900000e+04   1.9775391e+01
   9.0932000e+04   2.3254395e+01
   9.0965000e+04   2.0080566e+01
   9.1137000e+04   2.5146484e+01
   9.1246000e+04   2.1423340e+01
   9.1346000e+04   2.6794434e+01
   9.1444000e+04   1.8676758e+01
   9.1526000e+04   1.9165039e+01
   9.1583000e+04   3.2836914e+01
   9.1594000e+04   1.8798828e+01
   9.1635000e+04   2.5573730e+01
   9.1700000e+04   2.0751953e+01
   9.1789000e+04   2.2399902e+01
   9.1826000e+04   2.1057129e+01
   9.1874000e+04   1.8859863e+01
   9.1905000e+04   2.5329590e+01
   9.1970000e+04   2.2644043e+01
   9.2236000e+04   2.4719238e+01
   9.2262000e+04   3.1616211e+01
   9.2520000e+04   1.9897461e+01
   9.2532000e+04   2.6062012e+01
   9.3988000e+04   1.8737793e+01
   1.0235400e+05   1.9714355e+01
   1.0282400e+05   1.9104004e+01
   1.0543900e+05   1.8920898e+01
   1.0627300e+05   1.9348145e+01
   1.0720800e+05   2.1667480e+01
   1.1028400e+05   1.9958496e+01
   1.1052300e+05   1.9348145e+01
   1.1060500e+05   1.9226074e+01
   1.1094900e+05   2.0935059e+01
   1.1989100e+05   2.3193359e+01
   1.2063700e+05   1.9287109e+01
   1.2110900e+05   2.1789551e+01
   1.2160500e+05   2.1545410e+01
   1.9023000e+05   2.0874023e+01
   1.9027100e+05   3.6621094e+01
   1.9028800e+05   2.2827148e+01
   1.9034600e+05   2.7221680e+01
   1.9038800e+05   4.5349121e+01
   1.9039900e+05   2.0080566e+01
   1.9045300e+05   1.8676758e+01
   1.9048100e+05   3.2104492e+01
   1.9051300e+05   4.3273926e+01
   1.9054100e+05   3.1127930e+01
   1.9057200e+05   4.2785645e+01
   1.9059800e+05   3.1127930e+01
   1.9060900e+05   6.3415527e+01
   1.9063900e+05   5.8654785e+01
   1.9066300e+05   3.3508301e+01
   1.9068200e+05   2.3559570e+01
   1.9069400e+05   3.1494141e+01
   1.9071100e+05   3.9306641e+01
   1.9074000e+05   3.4240723e+01
   1.9075600e+05   2.4414062e+01
   1.9078400e+05   3.1555176e+01
   1.9080100e+05   2.2277832e+01
   1.9083200e+05   3.0517578e+01
   1.9085200e+05   2.2460938e+01
   1.9089500e+05   2.9724121e+01
   1.9090600e+05   4.2114258e+01
   1.9093400e+05   2.1057129e+01
   1.9095500e+05   2.5390625e+01
   1.9098500e+05   3.4729004e+01
   1.9099800e+05   2.6733398e+01
   1.9101800e+05   2.3437500e+01
   1.9107900e+05   4.1015625e+01
   1.9110800e+05   2.3681641e+01
   1.9113400e+05   2.1545410e+01
   1.9116500e+05   2.1118164e+01
   1.9123900e+05   1.9897461e+01
   1.9126800e+05   2.1362305e+01
   1.9128900e+05   1.9897461e+01
   1.9133300e+05   2.7832031e+01
   1.9135100e+05   1.9165039e+01
   1.9137500e+05   2.1484375e+01
   1.9139000e+05   2.0568848e+01
   1.9145400e+05   2.0263672e+01
   1.9147900e+05   3.3508301e+01
   1.9150700e+05   1.8920898e+01
   1.9155400e+05   1.8920898e+01
   1.9159100e+05   2.9357910e+01
   1.9164500e+05   2.2460938e+01
   1.9166700e+05   2.8076172e+01
   1.9172500e+05   2.7282715e+01
   1.9175200e+05   3.4484863e+01
   1.9179800e+05   2.6306152e+01
   1.9188000e+05   2.1362305e+01
   1.9192700e+05   1.8859863e+01
   1.9198200e+05   1.8920898e+01
   1.9199700e+05   2.1240234e+01
   1.9205700e+05   2.0751953e+01
   1.9209900e+05   2.3925781e+01
   1.9212000e+05   1.9104004e+01
   1.9213600e+05   2.8076172e+01
   1.9221400e+05   1.9104004e+01
   1.9235200e+05   2.4047852e+01
   1.9239800e+05   2.0996094e+01
   1.9240900e+05   2.5512695e+01
   1.9248500e+05   2.4902344e+01
   1.9257200e+05   1.9042969e+01
   1.9285100e+05   1.8737793e+01
   1.9292200e+05   2.1423340e+01
   2.2606900e+05   2.6611328e+01
   2.2658500e+05   2.5573730e+01
   2.2677300e+05   2.0935059e+01
   2.2742900e+05   1.9897461e+01
   2.3800800e+05   2.8747559e+01
   2.3834800e+05   3.0029297e+01
   2.3836800e+05   3.2409668e+01
   2.3842500e+05   2.6428223e+01
   2.3847500e+05   3.6315918e+01
   2.3850900e+05   2.1667480e+01
   2.3852200e+05   2.5756836e+01
   2.3854100e+05   2.5878906e+01
   2.3856800e+05   2.5207520e+01
   2.3859000e+05   5.0109863e+01
   2.3860000e+05   2.1972656e+01
   2.3863100e+05   4.3151855e+01
   2.3865100e+05   3.3264160e+01
   2.3867700e+05   2.9235840e+01
   2.3871200e+05   2.1667480e+01
   2.3874200e+05   4.2358398e+01
   2.3876500e+05   2.0202637e+01
   2.3878300e+05   5.4931641e+01
   2.3880000e+05   4.2419434e+01
   2.3882300e+05   2.8869629e+01
   2.3885800e+05   4.4189453e+01
   2.3888900e+05   3.4851074e+01
   2.3889900e+05   2.1423340e+01
   2.3891500e+05   3.8330078e+01
   2.3893100e+05   2.3681641e+01
   2.3895900e+05   2.3376465e+01
   2.3899000e+05   3.2897949e+01
   2.3902100e+05   4.6081543e+01
   2.3903500e+05   1.9714355e+01
   2.3906800e+05   2.7893066e+01
   2.3910800e+05   2.7343750e+01
   2.3912200e+05   2.6367188e+01
   2.3915900e+05   3.8024902e+01
   2.3917900e+05   2.2338867e+01
   2.3921300e+05   3.4667969e+01
   2.3923800e+05   2.2644043e+01
   2.3928800e+05   1.8859863e+01
   2.3931200e+05   3.0944824e+01
   2.3932800e+05   3.0639648e+01
   2.3942200e+05   2.1606445e+01
   2.3946100e+05   3.4790039e+01
   2.3958400e+05   3.0151367e+01
   2.3963100e+05   2.2705078e+01
   2.3966200e+05   3.0517578e+01
   2.3968600e+05   2.0324707e+01
   2.3975200e+05   1.9287109e+01
   2.3976700e+05   2.6123047e+01
   2.3980200e+05   1.9409180e+01
   2.3985100e+05   1.8798828e+01
   2.3987200e+05   2.1179199e+01
   2.3993300e+05   2.7954102e+01
   2.4016900e+05   1.9226074e+01
   2.4042900e+05   2.4047852e+01
   2.5831000e+05   1.9592285e+01
   2.8503300e+05   3.1677246e+01
   2.8514200e+05   4.1687012e+01
   2.8516300e+05   2.1789551e+01
   2.8524000e+05   2.2277832e+01
   2.8529500e+05   2.0874023e+01
   2.8532300e+05   2.2338867e+01
   2.8536200e+05   4.5166016e+01
   2.8539200e+05   3.6437988e+01
   2.8540600e+05   3.2470703e+01
   2.8544700e+05   2.7587891e+01
   2.8547100e+05   4.3640137e+01
   2.8549400e+05   4.6447754e+01
   2.8550500e+05   2.7221680e+01
   2.8553200e+05   4.7424316e+01
   2.8556300e+05   3.6682129e+01
   2.8558000e+05   2.2888184e+01
   2.8561300e+05   3.1188965e+01
   2.8563100e+05   2.8442383e+01
   2.8565900e+05   2.4291992e+01
   2.8567800e+05   3.2653809e+01
   2.8569800e+05   1.9287109e+01
   2.8572400e+05   2.4719238e+01
   2.8575800e+05   2.0690918e+01
   2.8579100e+05   3.9550781e+01
   2.8580300e+05   2.3864746e+01
   2.8581800e+05   4.0832520e+01
   2.8583900e+05   4.0954590e+01
   2.8587900e+05   2.3010254e+01
   2.8589900e+05   2.9724121e+01
   2.8594900e+05   2.8137207e+01
   2.8597500e+05   3.4484863e+01
   2.8599700e+05   2.0935059e+01
   2.8603200e+05   2.8259277e+01
   2.8607300e+05   2.3925781e+01
   2.8608500e+05   2.4047852e+01
   2.8611600e+05   2.8808594e+01
   2.8618500e+05   1.9104004e+01
   2.8622900e+05   1.9836426e+01
   2.8625300e+05   2.2583008e+01
   2.8627300e+05   2.1179199e+01
   2.8644500e+05   2.0446777e+01
   2.8647100e+05   3.7536621e+01
   2.8650200e+05   1.9592285e+01
   3.5361700e+05   1.9897461e+01
   3.5380100e+05   1.9165039e+01
   3.5397700e+05   2.0263672e+01
   3.5402000e+05   1.9836426e+01
   3.5405200e+05   2.5817871e+01
   3.5409700e+05   2.1667480e+01
   3.5415700e+05   2.3193359e+01
   3.5417600e+05   2.2094727e+01
   3.5422600e+05   5.0720215e+01
   3.5423600e+05   4.2907715e+01
   3.5425100e+05   6.6467285e+01
   3.5427900e+05   3.8879395e+01
   3.5430800e+05   3.3752441e+01
   3.5433800e+05   2.8564453e+01
   3.5439200e+05   3.1616211e+01
   3.5440600e+05   3.2226562e+01
   3.5442200e+05   3.0029297e+01
   3.5443900e+05   2.0568848e+01
   3.5446000e+05   5.1147461e+01
   3.5447500e+05   2.7893066e+01
   3.5450500e+05   3.3569336e+01
   3.5453600e+05   3.8024902e+01
   3.5455900e+05   2.9602051e+01
   3.5457300e+05   3.0517578e+01
   3.5458900e+05   2.6184082e+01
   3.5461100e+05   2.3742676e+01
   3.5464800e+05   1.9897461e+01
   3.5466200e+05   2.0690918e+01
   3.5468700e+05   2.7770996e+01
   3.5470300e+05   2.2155762e+01
   3.5473300e+05   2.5085449e+01
   3.5476200e+05   2.2277832e+01
   3.5477300e+05   4.1748047e+01
   3.5480800e+05   3.2470703e+01
   3.5483600e+05   3.1982422e+01
   3.5490100e+05   2.2888184e+01
   3.5494600e+05   2.3193359e+01
   3.5498800e+05   5.2917480e+01
   3.5500100e+05   3.7780762e+01
   3.5506200e+05   1.9714355e+01
   3.5512000e+05   2.3071289e+01
   3.5516100e+05   2.8564453e+01
   3.5523300e+05   2.2216797e+01
   3.5525700e+05   2.2399902e+01
   3.5528900e+05   2.3986816e+01
   3.5534700e+05   2.7038574e+01
   3.5537900e+05   1.9714355e+01
   3.5549000e+05   2.3010254e+01
   3.5551300e+05   1.9042969e+01
   3.5553900e+05   1.9348145e+01
   3.5556700e+05   3.1311035e+01
   3.5609500e+05   1.9226074e+01
   3.5638600e+05   1.8981934e+01
   4.0707400e+05   1.9287109e+01
   4.0719900e+05   2.5634766e+01
   4.0725700e+05   2.3376465e+01
   4.0730700e+05   2.2033691e+01
   4.0748000e+05   1.8737793e+01
   4.0752900e+05   2.4780273e+01
   4.0757200e+05   2.0019531e+01
   4.0759000e+05   1.9714355e+01
   4.0775800e+05   2.5878906e+01
   4.0822200e+05   2.0690918e+01
   8.7741200e+05   2.2583008e+01
   9.4689400e+05   2.6306152e+01
   1.0365570e+06   2.6184082e+01
   1.2296550e+06   3.9062500e+01
   1.2304540e+06   1.9287109e+01
   1.2305050e+06   3.3203125e+01
   1.2305830e+06   2.5512695e+01
   1.2305930e+06   2.1972656e+01
   1.2306570e+06   2.0996094e+01
   1.2306700e+06   4.2602539e+01
   1.2306910e+06   2.4597168e+01
   1.2307120e+06   4.7912598e+01
   1.2307380e+06   8.0078125e+01
   1.2307530e+06   4.5532227e+01
   1.2307870e+06   2.7526855e+01
   1.2308060e+06   3.9306641e+01
   1.2308350e+06   4.2785645e+01
   1.2308600e+06   8.1726074e+01
   1.2308800e+06   1.9226074e+01
   1.2309120e+06   7.6354980e+01
   1.2309380e+06   3.3325195e+01
   1.2309500e+06   3.1494141e+01
   1.2309830e+06   2.1118164e+01
   1.2310080e+06   1.9470215e+01
   1.2310300e+06   3.6376953e+01
   1.2310570e+06   2.9541016e+01
   1.2310690e+06   2.3376465e+01
   1.2310960e+06   1.8737793e+01
   1.2311230e+06   2.7038574e+01
   1.2311640e+06   2.3437500e+01
   1.2311910e+06   1.9714355e+01
   1.2312340e+06   2.1179199e+01
   1.2312450e+06   1.9775391e+01
   1.2312880e+06   2.3742676e+01
   1.2313810e+06   1.9653320e+01
   1.2314210e+06   2.9235840e+01
   1.2314370e+06   1.9958496e+01
   1.2315220e+06   2.3498535e+01
   1.2315610e+06   1.8737793e+01
   1.2316200e+06   3.0700684e+01
   1.2316690e+06   1.9592285e+01
   1.2317030e+06   3.0761719e+01
   1.2317460e+06   2.4475098e+01
   1.2317810e+06   2.0751953e+01
   1.2318290e+06   1.9775391e+01
   1.2318860e+06   2.7404785e+01
   1.2319290e+06   2.0202637e+01
   1.2319740e+06   2.1728516e+01
   1.2319870e+06   2.9296875e+01
   1.2320200e+06   2.4536133e+01
   1.2320800e+06   2.2766113e+01
   1.2320980e+06   2.8015137e+01
   1.2321360e+06   2.1972656e+01
   1.2321650e+06   2.2155762e+01
   1.2322150e+06   2.5024414e+01
   1.2323020e+06   1.9836426e+01
   1.2323330e+06   2.3010254e+01
   1.2323740e+06   2.1057129e+01
   1.2323850e+06   2.1423340e+01
   1.2324350e+06   2.8259277e+01
   1.2324620e+06   2.0568848e+01
   1.2324910e+06   2.1057129e+01
   1.2325590e+06   2.8198242e+01
   1.2326600e+06   2.3376465e+01
   1.2328410e+06   1.9470215e+01
   1.2328760e+06   1.9042969e+01
   1.2329200e+06   2.1240234e+01
   1.2334990e+06   1.8676758e+01
   1.2337270e+06   2.2216797e+01
   1.2340180e+06   2.3559570e+01
   1.2514820e+06   2.1606445e+01
   1.2518880e+06   2.5817871e+01
   1.2522400e+06   2.2705078e+01
   1.2525420e+06   2.0507812e+01
   1.2528650e+06   2.2216797e+01
   1.2532070e+06   2.0446777e+01
   1.2536410e+06   1.9104004e+01
   1.2623070e+06   2.5939941e+01
   1.2630150e+06   2.4719238e+01
   1.2634750e+06   2.8137207e+01
   1.2639350e+06   2.7099609e+01
   1.2643500e+06   1.9714355e+01
   1.2648040e+06   2.8015137e+01
   1.2798060e+06   2.8747559e+01
   1.6729460e+06   1.9348145e+01
   1.7074400e+06   4.2602539e+01
   1.7076210e+06   2.4414062e+01
   1.7079400e+06   4.3457031e+01
   1.7080020e+06   2.7770996e+01
   1.7080450e+06   1.9470215e+01
   1.7080680e+06   2.2644043e+01
   1.7080840e+06   3.2592773e+01
   1.7081110e+06   4.1076660e+01
   1.7081380e+06   3.7231445e+01
   1.7081590e+06   4.3945312e+01
   1.7081820e+06   7.5500488e+01
   1.7081970e+06   2.5268555e+01
   1.7082080e+06   3.8574219e+01
   1.7082390e+06   3.1494141e+01
   1.7082590e+06   4.6813965e+01
   1.7082700e+06   7.5378418e+01
   1.7083010e+06   3.6865234e+01
   1.7083310e+06   7.7636719e+01
   1.7083780e+06   3.6315918e+01
   1.7083880e+06   2.5756836e+01
   1.7084070e+06   3.4484863e+01
   1.7084210e+06   2.6977539e+01
   1.7084570e+06   3.0273438e+01
   1.7084670e+06   2.3559570e+01
   1.7084870e+06   2.7099609e+01
   1.7085140e+06   2.4047852e+01
   1.7085490e+06   2.0202637e+01
   1.7085720e+06   2.5207520e+01
   1.7085980e+06   3.5278320e+01
   1.7086390e+06   2.5085449e+01
   1.7086580e+06   2.2338867e+01
   1.7087040e+06   2.2888184e+01
   1.7087300e+06   2.0019531e+01
   1.7087470e+06   2.6184082e+01
   1.7087890e+06   1.9714355e+01
   1.7088250e+06   2.1972656e+01
   1.7088720e+06   1.9042969e+01
   1.7089090e+06   2.4353027e+01
   1.7089280e+06   1.8981934e+01
   1.7089780e+06   1.9714355e+01
   1.7089900e+06   1.9042969e+01
   1.7090660e+06   1.9714355e+01
   1.7090860e+06   1.9104004e+01
   1.7091600e+06   2.2399902e+01
   1.7091770e+06   2.4047852e+01
   1.7092940e+06   2.9968262e+01
   1.7093300e+06   2.1362305e+01
   1.7093740e+06   1.9470215e+01
   1.7094530e+06   2.0141602e+01
   1.7094740e+06   2.2705078e+01
   1.7095970e+06   2.5390625e+01
   1.7096570e+06   2.1362305e+01
   1.7096710e+06   2.1240234e+01
   1.7097530e+06   2.3071289e+01
   1.7098580e+06   2.0629883e+01
   1.7099250e+06   1.9226074e+01
   1.7099410e+06   2.3742676e+01
   1.7099960e+06   2.9724121e+01
   1.7100190e+06   2.9907227e+01
   1.7101330e+06   1.9714355e+01
   1.7102390e+06   1.8859863e+01
   1.7103010e+06   2.0568848e+01
   1.7105070e+06   1.9348145e+01
   1.7108310e+06   2.0019531e+01
   1.7115480e+06   2.0141602e+01
   1.7239730e+06   2.0446777e+01
   1.7271260e+06   1.9042969e+01
   1.7278460e+06   2.0141602e+01
   1.7448100e+06   2.4719238e+01
   1.7689010e+06   3.4851074e+01
   1.7692200e+06   1.9958496e+01
   1.7692940e+06   3.6621094e+01
   1.7694760e+06   1.9775391e+01
   1.7694890e+06   1.9042969e+01
   1.7695070e+06   3.0700684e+01
   1.7695620e+06   3.3935547e+01
   1.7695790e+06   2.4353027e+01
   1.7695970e+06   3.3081055e+01
   1.7696160e+06   2.2583008e+01
   1.7696530e+06   3.3386230e+01
   1.7696810e+06   2.7526855e+01
   1.7697140e+06   4.0588379e+01
   1.7697450e+06   8.2885742e+01
   1.7697590e+06   2.7893066e+01
   1.7698110e+06   5.9082031e+01
   1.7698350e+06   4.7119141e+01
   1.7698550e+06   2.2399902e+01
   1.7698650e+06   4.6020508e+01
   1.7698950e+06   3.6071777e+01
   1.7699160e+06   3.7719727e+01
   1.7699390e+06   5.4687500e+01
   1.7699700e+06   3.2470703e+01
   1.7699830e+06   4.0771484e+01
   1.7700140e+06   4.7424316e+01
   1.7700320e+06   2.2827148e+01
   1.7700530e+06   2.0507813e+01
   1.7700920e+06   4.7363281e+01
   1.7701280e+06   2.4719238e+01
   1.7701390e+06   2.0141602e+01
   1.7701670e+06   2.3681641e+01
   1.7701960e+06   1.9042969e+01
   1.7702060e+06   4.6691895e+01
   1.7702370e+06   2.0629883e+01
   1.7702710e+06   2.2583008e+01
   1.7702810e+06   2.0690918e+01
   1.7703120e+06   4.2114258e+01
   1.7703220e+06   2.1545410e+01
   1.7703510e+06   2.4780273e+01
   1.7703650e+06   1.9287109e+01
   1.7703830e+06   2.6733398e+01
   1.7704220e+06   2.2216797e+01
   1.7704360e+06   3.1188965e+01
   1.7704710e+06   2.3132324e+01
   1.7704900e+06   1.9165039e+01
   1.7705080e+06   2.9907227e+01
   1.7705490e+06   2.0874023e+01
   1.7706010e+06   2.4963379e+01
   1.7706350e+06   2.3620605e+01
   1.7706460e+06   2.1423340e+01
   1.7707010e+06   2.3132324e+01
   1.7707220e+06   2.0629883e+01
   1.7707710e+06   1.9775391e+01
   1.7707920e+06   1.9714355e+01
   1.7708250e+06   2.3620605e+01
   1.7708440e+06   3.2653809e+01
   1.7708640e+06   2.7709961e+01
   1.7709040e+06   2.1667480e+01
   1.7709670e+06   2.0935059e+01
   1.7709850e+06   2.3376465e+01
   1.7710350e+06   2.0202637e+01
   1.7710550e+06   2.1545410e+01
   1.7710760e+06   3.9794922e+01
   1.7711270e+06   2.0202637e+01
   1.7712510e+06   2.0019531e+01
   1.7714210e+06   3.3386230e+01
   1.7717220e+06   2.3010254e+01
   1.8233250e+06   4.0344238e+01
   1.8234060e+06   2.3925781e+01
   1.8234980e+06   3.2043457e+01
   1.8235100e+06   2.2705078e+01
   1.8235390e+06   2.8198242e+01
   1.8235500e+06   4.2785645e+01
   1.8236010e+06   2.1423340e+01
   1.8236470e+06   2.1118164e+01
   1.8236600e+06   2.3315430e+01
   1.8236870e+06   7.6293945e+01
   1.8237160e+06   4.4067383e+01
   1.8237280e+06   2.9357910e+01
   1.8237410e+06   7.7209473e+01
   1.8237740e+06   3.7536621e+01
   1.8238020e+06   4.1320801e+01
   1.8238160e+06   5.7495117e+01
   1.8238280e+06   6.6589355e+01
   1.8238610e+06   3.4606934e+01
   1.8238900e+06   2.5939941e+01
   1.8239080e+06   3.0822754e+01
   1.8239410e+06   4.0100098e+01
   1.8239520e+06   2.4169922e+01
   1.8239760e+06   3.0578613e+01
   1.8240010e+06   2.7404785e+01
   1.8240200e+06   1.9042969e+01
   1.8240470e+06   2.8259277e+01
   1.8240670e+06   4.5837402e+01
   1.8240930e+06   3.1372070e+01
   1.8241270e+06   3.6682129e+01
   1.8241610e+06   2.7832031e+01
   1.8241890e+06   2.2644043e+01
   1.8242200e+06   2.1362305e+01
   1.8242440e+06   5.3100586e+01
   1.8242630e+06   2.6245117e+01
   1.8242880e+06   2.4780273e+01
   1.8243020e+06   2.0629883e+01
   1.8243230e+06   2.2827148e+01
   1.8243550e+06   2.8015137e+01
   1.8243690e+06   2.9479980e+01
   1.8244330e+06   3.1005859e+01
   1.8244550e+06   2.0568848e+01
   1.8244890e+06   3.8391113e+01
   1.8245260e+06   2.0324707e+01
   1.8245370e+06   2.6123047e+01
   1.8246040e+06   2.0996094e+01
   1.8246290e+06   2.4841309e+01
   1.8246510e+06   2.1240234e+01
   1.8246760e+06   2.1484375e+01
   1.8247020e+06   2.2766113e+01
   1.8247780e+06   3.6132812e+01
   1.8248350e+06   2.5634766e+01
   1.8248500e+06   1.8981934e+01
   1.8248780e+06   2.0812988e+01
   1.8249060e+06   2.6306152e+01
   1.8249260e+06   2.4963379e+01
   1.8249700e+06   2.0385742e+01
   1.8250800e+06   1.8737793e+01
   1.8252170e+06   2.3437500e+01
   1.8252690e+06   2.0263672e+01
   1.8253040e+06   2.8564453e+01
   1.8254380e+06   1.9531250e+01
   1.8254990e+06   2.1850586e+01
   1.9045970e+06   3.6437988e+01
   1.9046670e+06   2.0935059e+01
   1.9047730e+06   1.9836426e+01
   1.9047940e+06   3.1066895e+01
   1.9048150e+06   4.2785645e+01
   1.9048390e+06   2.5939941e+01
   1.9048580e+06   3.1982422e+01
   1.9048820e+06   1.9409180e+01
   1.9049840e+06   2.6611328e+01
   1.9049940e+06   3.5766602e+01
   1.9050370e+06   3.1616211e+01
   1.9050560e+06   4.9316406e+01
   1.9050830e+06   2.2460938e+01
   1.9051050e+06   5.3710938e+01
   1.9051290e+06   5.7739258e+01
   1.9051510e+06   6.5002441e+01
   1.9051740e+06   2.2399902e+01
   1.9051840e+06   5.5603027e+01
   1.9051950e+06   1.0290527e+02
   1.9052210e+06   2.6184082e+01
   1.9052560e+06   5.6152344e+01
   1.9052730e+06   3.6804199e+01
   1.9052860e+06   4.3823242e+01
   1.9053040e+06   4.7729492e+01
   1.9053350e+06   2.9418945e+01
   1.9053500e+06   2.2338867e+01
   1.9053710e+06   2.7648926e+01
   1.9053920e+06   4.4860840e+01
   1.9054150e+06   3.1005859e+01
   1.9054300e+06   3.5034180e+01
   1.9054440e+06   2.7160645e+01
   1.9054600e+06   5.3588867e+01
   1.9054780e+06   3.4179688e+01
   1.9055050e+06   3.2409668e+01
   1.9055590e+06   3.7292480e+01
   1.9055710e+06   2.4047852e+01
   1.9056070e+06   2.4230957e+01
   1.9056180e+06   1.8798828e+01
   1.9056460e+06   2.1667480e+01
   1.9056580e+06   2.9724121e+01
   1.9056870e+06   1.9470215e+01
   1.9057150e+06   3.0578613e+01
   1.9057450e+06   3.2348633e+01
   1.9057620e+06   2.4108887e+01
   1.9057870e+06   3.0761719e+01
   1.9058840e+06   2.1972656e+01
   1.9059330e+06   2.6306152e+01
   1.9059470e+06   2.0690918e+01
   1.9059830e+06   2.5146484e+01
   1.9060160e+06   3.1738281e+01
   1.9060770e+06   2.0080566e+01
   1.9060980e+06   2.1423340e+01
   1.9061220e+06   2.0202637e+01
   1.9061540e+06   3.1738281e+01
   1.9061930e+06   2.0141602e+01
   1.9062250e+06   1.9104004e+01
   1.9062470e+06   2.0141602e+01
   1.9062670e+06   2.3376465e+01
   1.9063090e+06   2.4597168e+01
   1.9063370e+06   1.9287109e+01
   1.9064100e+06   2.3254395e+01
   1.9064300e+06   2.3620605e+01
   1.9064470e+06   1.9775391e+01
   1.9065390e+06   3.0151367e+01
   1.9065490e+06   2.2705078e+01
   1.9066040e+06   2.1728516e+01
   1.9066590e+06   2.0812988e+01
   1.9066880e+06   2.2399902e+01
   1.9067300e+06   1.8676758e+01
   1.9067460e+06   2.3742676e+01
   1.9068410e+06   2.8137207e+01
   1.9071450e+06   1.9409180e+01
   2.5579140e+06   2.5695801e+01
   2.5956470e+06   3.4851074e+01
   2.5962820e+06   4.2297363e+01
   2.5964440e+06   2.4108887e+01
   2.5964670e+06   2.3498535e+01
   2.5965000e+06   3.2958984e+01
   2.5965300e+06   2.8564453e+01
   2.5965520e+06   2.4963379e+01
   2.5965640e+06   3.3874512e+01
   2.5965910e+06   2.3559570e+01
   2.5966120e+06   3.4240723e+01
   2.5966440e+06   1.2597656e+02
   2.5966670e+06   4.2419434e+01
   2.5966960e+06   3.6010742e+01
   2.5967090e+06   2.0019531e+01
   2.5967400e+06   6.1950684e+01
   2.5967560e+06   2.3742676e+01
   2.5967710e+06   1.9775391e+01
   2.5967950e+06   3.3813477e+01
   2.5968110e+06   4.0100098e+01
   2.5968350e+06   2.2888184e+01
   2.5968710e+06   4.4128418e+01
   2.5968880e+06   3.2897949e+01
   2.5969140e+06   2.7343750e+01
   2.5969480e+06   3.6865234e+01
   2.5969600e+06   2.7465820e+01
   2.5969790e+06   2.4047852e+01
   2.5970010e+06   2.6000977e+01
   2.5970190e+06   2.0507812e+01
   2.5970470e+06   2.2705078e+01
   2.5970740e+06   3.0151367e+01
   2.5971090e+06   1.9958496e+01
   2.5971500e+06   2.3742676e+01
   2.5971700e+06   2.2338867e+01
   2.5971850e+06   1.9470215e+01
   2.5972230e+06   2.5878906e+01
   2.5973290e+06   2.4291992e+01
   2.5973750e+06   1.8737793e+01
   2.5974110e+06   1.9958496e+01
   2.5974450e+06   2.3559570e+01
   2.5974970e+06   1.8859863e+01
   2.5975300e+06   1.9470215e+01
   2.5975430e+06   2.2888184e+01
   2.5975660e+06   1.9165039e+01
   2.5976590e+06   2.3986816e+01
   2.5978600e+06   2.2155762e+01
   2.5978750e+06   2.3498535e+01
   2.5978890e+06   1.8859863e+01
   2.5979190e+06   2.2888184e+01
   2.5979380e+06   2.1850586e+01
   2.5980220e+06   1.9409180e+01
   2.5980460e+06   2.1179199e+01
   2.5980780e+06   1.9958496e+01
   2.5981090e+06   1.9714355e+01
   2.5981690e+06   1.9592285e+01
   2.5982000e+06   2.8137207e+01
   2.5982160e+06   1.9409180e+01
   2.5982580e+06   2.4291992e+01
   2.5983530e+06   3.2287598e+01
   2.5983990e+06   2.0935059e+01
   2.5985590e+06   2.1850586e+01
   2.5988200e+06   2.4658203e+01
   2.5989990e+06   2.0385742e+01
   2.5990470e+06   2.3376465e+01
   2.5992140e+06   2.0629883e+01
   2.7087990e+06   1.8859863e+01
   2.7379590e+06   2.3803711e+01
   2.7453760e+06   1.9531250e+01
   3.2563420e+06   4.0161133e+01
   3.2563800e+06   2.3925781e+01
   3.2563940e+06   3.7109375e+01
   3.2565190e+06   3.5217285e+01
   3.2565370e+06   3.0883789e+01
   3.2565730e+06   5.4138184e+01
   3.2565840e+06   2.6123047e+01
   3.2565980e+06   2.2644043e+01
   3.2566120e+06   8.2824707e+01
   3.2566320e+06   3.5278320e+01
   3.2566570e+06   3.3203125e+01
   3.2566840e+06   8.1604004e+01
   3.2567150e+06   4.1748047e+01
   3.2567370e+06   2.4841309e+01
   3.2567580e+06   3.4973145e+01
   3.2567750e+06   3.1799316e+01
   3.2568010e+06   3.7963867e+01
   3.2568180e+06   2.4841309e+01
   3.2568350e+06   2.5512695e+01
   3.2568710e+06   2.1606445e+01
   3.2569020e+06   2.1728516e+01
   3.2569140e+06   1.9714355e+01
   3.2569300e+06   2.0629883e+01
   3.2569660e+06   2.3742676e+01
   3.2570390e+06   1.9897461e+01
   3.2570910e+06   2.5451660e+01
   3.2571460e+06   2.1911621e+01
   3.2571910e+06   2.1728516e+01
   3.2572440e+06   1.9897461e+01
   3.2572990e+06   2.0446777e+01
   3.2573320e+06   2.0202637e+01
   3.2573760e+06   2.1911621e+01
   3.2573890e+06   1.9287109e+01
   3.2575470e+06   2.0263672e+01
   3.2576290e+06   2.2766113e+01
   3.2576540e+06   1.9470215e+01
   3.2576780e+06   2.1362305e+01
   3.2577050e+06   2.1423340e+01
   3.2577700e+06   2.0263672e+01
   3.2577940e+06   2.2094727e+01
   3.2578960e+06   4.1442871e+01
   3.2579200e+06   1.9042969e+01
   3.2579660e+06   2.2521973e+01
   3.2580500e+06   1.9714355e+01
   3.2580940e+06   3.7841797e+01
   3.2581620e+06   2.0141602e+01
   3.2582050e+06   2.0507812e+01
   3.2582510e+06   2.4291992e+01
   3.2583540e+06   2.0263672e+01
   3.2583690e+06   2.2827148e+01
   3.2584150e+06   3.3752441e+01
   3.2584290e+06   2.8381348e+01
   3.2585430e+06   2.2094727e+01
   3.2587200e+06   2.1301270e+01
   3.2589010e+06   1.9531250e+01
   3.2591090e+06   2.1789551e+01
   3.2719160e+06   2.0080566e+01
   3.2864060e+06   1.9226074e+01
   3.3256030e+06   1.9653320e+01
   3.3387320e+06   3.8330078e+01
   3.3387630e+06   3.8574219e+01
   3.3387960e+06   1.8737793e+01
   3.3388090e+06   1.8676758e+01
   3.3388470e+06   2.6428223e+01
   3.3388730e+06   2.9174805e+01
   3.3389020e+06   4.1259766e+01
   3.3389650e+06   2.9418945e+01
   3.3389760e+06   3.0578613e+01
   3.3390050e+06   4.0527344e+01
   3.3390240e+06   8.8562012e+01
   3.3390640e+06   4.9987793e+01
   3.3390770e+06   4.1687012e+01
   3.3391000e+06   3.9184570e+01
   3.3391210e+06   2.7282715e+01
   3.3391370e+06   2.8564453e+01
   3.3391630e+06   2.2094727e+01
   3.3391910e+06   3.9062500e+01
   3.3392070e+06   3.6437988e+01
   3.3392300e+06   2.3498535e+01
   3.3392600e+06   5.2795410e+01
   3.3392820e+06   4.8400879e+01
   3.3393080e+06   2.1484375e+01
   3.3393180e+06   2.0629883e+01
   3.3393370e+06   2.4536133e+01
   3.3393540e+06   1.9653320e+01
   3.3393710e+06   2.3803711e+01
   3.3394010e+06   2.0141602e+01
   3.3394290e+06   2.7770996e+01
   3.3394450e+06   2.6062012e+01
   3.3394730e+06   2.5146484e+01
   3.3394930e+06   1.8859863e+01
   3.3395220e+06   2.4353027e+01
   3.3395440e+06   2.4353027e+01
   3.3395630e+06   2.6367188e+01
   3.3395840e+06   2.7954102e+01
   3.3396130e+06   2.4230957e+01
   3.3396370e+06   2.7832031e+01
   3.3396660e+06   3.1494141e+01
   3.3396870e+06   1.9409180e+01
   3.3397070e+06   1.8981934e+01
   3.3397200e+06   2.8747559e+01
   3.3397540e+06   3.1677246e+01
   3.3398210e+06   3.4545898e+01
   3.3398370e+06   2.2888184e+01
   3.3398610e+06   2.4169922e+01
   3.3398860e+06   2.5756836e+01
   3.3399110e+06   2.6306152e+01
   3.3399650e+06   2.4841309e+01
   3.3400140e+06   2.0263672e+01
   3.3400470e+06   2.1667480e+01
   3.3400570e+06   1.9470215e+01
   3.3400880e+06   2.3132324e+01
   3.3401820e+06   1.8981934e+01
   3.3402490e+06   2.9846191e+01
   3.3402660e+06   2.4353027e+01
   3.3402860e+06   3.0273438e+01
   3.3403400e+06   2.2033691e+01
   3.3403910e+06   1.8920898e+01
   3.3404370e+06   2.3864746e+01
   3.3404500e+06   1.9226074e+01
   3.3405320e+06   2.4353027e+01
   3.3405610e+06   2.1789551e+01
   3.3406090e+06   1.8798828e+01
   3.3407000e+06   2.3498535e+01
   3.3407530e+06   2.1118164e+01
   3.3407770e+06   2.1240234e+01
   3.3408110e+06   2.2583008e+01
   3.3409370e+06   1.9836426e+01
   3.3411430e+06   1.8737793e+01
   3.3412870e+06   1.8859863e+01
   3.4006160e+06   3.0090332e+01
   3.4007360e+06   2.1789551e+01
   3.4007560e+06   1.9653320e+01
   3.4007860e+06   3.2836914e+01
   3.4008180e+06   3.7841797e+01
   3.4008340e+06   2.7832031e+01
   3.4008550e+06   3.6499023e+01
   3.4009140e+06   2.0141602e+01
   3.4009240e+06   1.9714355e+01
   3.4009500e+06   5.5847168e+01
   3.4009640e+06   2.3193359e+01
   3.4009820e+06   4.3823242e+01
   3.4009980e+06   5.5786133e+01
   3.4010200e+06   4.9682617e+01
   3.4010390e+06   5.6152344e+01
   3.4010720e+06   3.4545898e+01
   3.4010860e+06   4.4982910e+01
   3.4010990e+06   2.8686523e+01
   3.4011260e+06   3.4912109e+01
   3.4011380e+06   3.4057617e+01
   3.4011770e+06   4.4677734e+01
   3.4011950e+06   2.9235840e+01
   3.4012210e+06   3.6621094e+01
   3.4012610e+06   2.0629883e+01
   3.4012720e+06   4.2358398e+01
   3.4012930e+06   2.8198242e+01
   3.4013250e+06   3.2470703e+01
   3.4013410e+06   3.9367676e+01
   3.4013780e+06   2.7770996e+01
   3.4014050e+06   2.7465820e+01
   3.4014180e+06   2.6245117e+01
   3.4014500e+06   2.2888184e+01
   3.4014690e+06   2.3620605e+01
   3.4015040e+06   2.2888184e+01
   3.4015290e+06   2.0874023e+01
   3.4015420e+06   1.9836426e+01
   3.4015710e+06   2.8381348e+01
   3.4015920e+06   2.4963379e+01
   3.4016240e+06   3.1738281e+01
   3.4016530e+06   2.8747559e+01
   3.4016860e+06   3.1188965e+01
   3.4017150e+06   3.3447266e+01
   3.4017520e+06   2.5268555e+01
   3.4017880e+06   2.1362305e+01
   3.4018420e+06   2.2155762e+01
   3.4018530e+06   2.3437500e+01
   3.4018760e+06   2.1057129e+01
   3.4019320e+06   3.9062500e+01
   3.4019460e+06   3.3264160e+01
   3.4019700e+06   2.1728516e+01
   3.4019870e+06   3.4362793e+01
   3.4020340e+06   2.0446777e+01
   3.4020730e+06   2.1362305e+01
   3.4020970e+06   2.3010254e+01
   3.4021320e+06   2.4169922e+01
   3.4021850e+06   2.3193359e+01
   3.4021950e+06   1.9409180e+01
   3.4022360e+06   2.4230957e+01
   3.4022650e+06   2.1301270e+01
   3.4023520e+06   2.5695801e+01
   3.4023850e+06   2.0996094e+01
   3.4024690e+06   3.4118652e+01
   3.4024850e+06   2.0446777e+01
   3.4025150e+06   1.9470215e+01
   3.4025560e+06   1.9226074e+01
   3.4026200e+06   1.9897461e+01
   3.4026960e+06   2.2033691e+01
   3.4028260e+06   1.9348145e+01
   3.4029450e+06   2.0935059e+01
   3.4782020e+06   3.2897949e+01
   3.4783390e+06   2.4353027e+01
   3.4783900e+06   2.5878906e+01
   3.4784420e+06   2.0629883e+01
   3.4784540e+06   3.4667969e+01
   3.4785020e+06   3.4729004e+01
   3.4786010e+06   1.9226074e+01
   3.4786500e+06   1.9836426e+01
   3.4786670e+06   3.7170410e+01
   3.4787530e+06   3.3142090e+01
   3.4787810e+06   1.9958496e+01
   3.4787930e+06   2.3681641e+01
   3.4788060e+06   1.9042969e+01
   3.4788530e+06   2.3986816e+01
   3.4788750e+06   2.0141602e+01
   3.4789250e+06   2.9907227e+01
   3.4789410e+06   3.0273438e+01
   3.4789560e+06   2.2888184e+01
   3.4789720e+06   6.5856934e+01
   3.4789910e+06   3.9794922e+01
   3.4790050e+06   5.9020996e+01
   3.4790300e+06   3.9550781e+01
   3.4790520e+06   2.6367188e+01
   3.4790770e+06   2.8625488e+01
   3.4790960e+06   3.9062500e+01
   3.4791170e+06   4.3457031e+01
   3.4791370e+06   3.2714844e+01
   3.4791690e+06   4.5227051e+01
   3.4791860e+06   2.9235840e+01
   3.4792150e+06   2.6794434e+01
   3.4792310e+06   2.8442383e+01
   3.4792520e+06   4.3457031e+01
   3.4792910e+06   3.7109375e+01
   3.4793100e+06   3.4362793e+01
   3.4793280e+06   4.0893555e+01
   3.4793440e+06   2.7648926e+01
   3.4793580e+06   2.4658203e+01
   3.4793750e+06   2.1301270e+01
   3.4793970e+06   2.6428223e+01
   3.4794110e+06   2.8503418e+01
   3.4794480e+06   3.5034180e+01
   3.4794840e+06   2.9663086e+01
   3.4795100e+06   2.2766113e+01
   3.4795360e+06   2.0263672e+01
   3.4795620e+06   2.3498535e+01
   3.4795840e+06   1.9226074e+01
   3.4796080e+06   2.7526855e+01
   3.4796180e+06   3.0334473e+01
   3.4796810e+06   1.9409180e+01
   3.4797340e+06   2.7587891e+01
   3.4797890e+06   1.8737793e+01
   3.4798210e+06   3.3813477e+01
   3.4798460e+06   2.6611328e+01
   3.4798750e+06   2.2888184e+01
   3.4799080e+06   2.0568848e+01
   3.4799430e+06   2.3437500e+01
   3.4799780e+06   2.0812988e+01
   3.4799980e+06   3.2287598e+01
   3.4800330e+06   3.1127930e+01
   3.4801100e+06   5.0659180e+01
   3.4801410e+06   1.9775391e+01
   3.4801760e+06   1.9104004e+01
   3.4802190e+06   2.2521973e+01
   3.4803180e+06   2.5878906e+01
   3.4804570e+06   2.2338867e+01
   3.4804960e+06   2.0446777e+01
   3.4805530e+06   2.0690918e+01
   3.4806590e+06   1.9775391e+01
   3.4807770e+06   1.8920898e+01
   3.4807930e+06   1.9653320e+01
   3.4814640e+06   1.9531250e+01
   3.4818140e+06   1.8981934e+01
   3.6103520e+06   3.4118652e+01
   3.6986700e+06   3.1433105e+01
   4.4630020e+06   3.4118652e+01
   4.4631840e+06   2.6855469e+01
   4.4632060e+06   3.4240723e+01
   4.4632690e+06   2.3010254e+01
   4.4632890e+06   2.6184082e+01
   4.4633090e+06   2.9907227e+01
   4.4633270e+06   5.7312012e+01
   4.4633400e+06   4.0588379e+01
   4.4633560e+06   3.2043457e+01
   4.4633790e+06   8.8012695e+01
   4.4634120e+06   4.4128418e+01
   4.4634350e+06   4.8645020e+01
   4.4634540e+06   3.9123535e+01
   4.4634900e+06   4.1992188e+01
   4.4635120e+06   3.1616211e+01
   4.4635410e+06   1.8981934e+01
   4.4635520e+06   2.6794434e+01
   4.4635730e+06   2.6855469e+01
   4.4636000e+06   2.4536133e+01
   4.4636110e+06   2.8381348e+01
   4.4636510e+06   2.2766113e+01
   4.4636850e+06   1.8981934e+01
   4.4636970e+06   2.2338867e+01
   4.4637290e+06   1.9836426e+01
   4.4637750e+06   1.9470215e+01
   4.4638030e+06   3.7170410e+01
   4.4638280e+06   1.9836426e+01
   4.4638680e+06   2.1179199e+01
   4.4639000e+06   2.7221680e+01
   4.4639290e+06   2.0019531e+01
   4.4639530e+06   2.8076172e+01
   4.4639900e+06   1.8798828e+01
   4.4640170e+06   2.2033691e+01
   4.4640610e+06   2.5024414e+01
   4.4640990e+06   1.8737793e+01
   4.4641220e+06   1.9409180e+01
   4.4641640e+06   2.0019531e+01
   4.4642280e+06   2.3193359e+01
   4.4642510e+06   1.8737793e+01
   4.4643520e+06   2.5939941e+01
   4.4644170e+06   2.0446777e+01
   4.4644430e+06   2.6367188e+01
   4.4645160e+06   1.9165039e+01
   4.4645360e+06   2.3376465e+01
   4.4645530e+06   2.4291992e+01
   4.4645830e+06   1.8676758e+01
   4.4646010e+06   1.8920898e+01
   4.4646360e+06   2.1240234e+01
   4.4646690e+06   1.8981934e+01
   4.4646950e+06   1.8737793e+01
   4.4647830e+06   2.0874023e+01
   4.4649040e+06   2.6733398e+01
   4.4649440e+06   1.9165039e+01
   4.4650530e+06   1.8676758e+01
   4.4651180e+06   1.8676758e+01
   4.4651630e+06   2.7404785e+01
   4.4652230e+06   1.9165039e+01
   4.4653140e+06   2.6306152e+01
   4.4654160e+06   1.9958496e+01
   4.4655190e+06   1.9165039e+01
   4.4658550e+06   2.2399902e+01
   4.4663680e+06   1.9042969e+01
   4.5723050e+06   3.5034180e+01
   4.5725180e+06   2.9174805e+01
   4.5725600e+06   4.7363281e+01
   4.5725780e+06   2.4719238e+01
   4.5726720e+06   1.9165039e+01
   4.5726840e+06   2.5451660e+01
   4.5727250e+06   5.8654785e+01
   4.5727530e+06   4.4311523e+01
   4.5727800e+06   4.7668457e+01
   4.5727990e+06   2.3559570e+01
   4.5728310e+06   3.8879395e+01
   4.5728460e+06   3.9978027e+01
   4.5728840e+06   8.3496094e+01
   4.5729070e+06   6.6284180e+01
   4.5729310e+06   3.6376953e+01
   4.5729410e+06   5.1391602e+01
   4.5729680e+06   3.6804199e+01
   4.5729860e+06   2.3010254e+01
   4.5730070e+06   3.0395508e+01
   4.5730340e+06   4.5532227e+01
   4.5730460e+06   4.4738770e+01
   4.5730850e+06   3.0578613e+01
   4.5731070e+06   2.8930664e+01
   4.5731300e+06   3.8696289e+01
   4.5731570e+06   2.7954102e+01
   4.5731970e+06   3.9367676e+01
   4.5732180e+06   2.1240234e+01
   4.5732480e+06   2.2888184e+01
   4.5732790e+06   3.2592773e+01
   4.5732910e+06   2.1606445e+01
   4.5733170e+06   2.0446777e+01
   4.5733300e+06   1.9958496e+01
   4.5733590e+06   2.9602051e+01
   4.5733910e+06   2.2338867e+01
   4.5734300e+06   3.1250000e+01
   4.5734420e+06   2.5634766e+01
   4.5734760e+06   1.8737793e+01
   4.5735020e+06   2.5024414e+01
   4.5735730e+06   2.7648926e+01
   4.5736670e+06   2.0202637e+01
   4.5737390e+06   1.9104004e+01
   4.5737660e+06   2.4353027e+01
   4.5737900e+06   2.4414062e+01
   4.5738230e+06   3.7170410e+01
   4.5738660e+06   2.0446777e+01
   4.5739000e+06   2.0263672e+01
   4.5739540e+06   2.2094727e+01
   4.5740380e+06   1.9226074e+01
   4.5740710e+06   3.0517578e+01
   4.5741000e+06   2.2460938e+01
   4.5741620e+06   2.3132324e+01
   4.5742080e+06   2.3071289e+01
   4.5742460e+06   2.1362305e+01
   4.5742810e+06   2.2583008e+01
   4.5743130e+06   2.6855469e+01
   4.5744160e+06   2.2888184e+01
   4.5745400e+06   1.9714355e+01
   4.5746210e+06   2.0507812e+01
   4.5746770e+06   2.1667480e+01
   4.5747600e+06   4.0161133e+01
   4.5748200e+06   2.3620605e+01
   4.5749090e+06   1.9531250e+01
   4.5751690e+06   2.1850586e+01
   4.5944130e+06   2.1118164e+01
   4.7433110e+06   3.3935547e+01
   4.7435470e+06   2.4902344e+01
   4.7438510e+06   1.8920898e+01
   4.7441370e+06   3.8513184e+01
   4.7444330e+06   2.1911621e+01
   4.7445180e+06   1.9836426e+01
   4.7445950e+06   2.7709961e+01
   4.7447530e+06   1.9348145e+01
   4.7448110e+06   2.7465820e+01
   4.7448570e+06   3.2531738e+01
   4.7448790e+06   2.3193359e+01
   4.7448960e+06   2.4108887e+01
   4.7449140e+06   2.7465820e+01
   4.7449240e+06   1.9714355e+01
   4.7449610e+06   2.3498535e+01
   4.7449750e+06   2.6000977e+01
   4.7449870e+06   2.3193359e+01
   4.7450180e+06   9.0087891e+01
   4.7450410e+06   2.5573730e+01
   4.7450610e+06   4.8522949e+01
   4.7450860e+06   2.1057129e+01
   4.7451050e+06   4.9621582e+01
   4.7451440e+06   3.8574219e+01
   4.7451650e+06   5.8288574e+01
   4.7451950e+06   5.6335449e+01
   4.7452270e+06   3.9306641e+01
   4.7452520e+06   3.1494141e+01
   4.7452630e+06   3.9428711e+01
   4.7452880e+06   2.9174805e+01
   4.7453190e+06   2.0019531e+01
   4.7453330e+06   3.7170410e+01
   4.7453700e+06   2.4047852e+01
   4.7453900e+06   3.4667969e+01
   4.7454100e+06   1.9775391e+01
   4.7454340e+06   2.8686523e+01
   4.7454510e+06   2.2155762e+01
   4.7454890e+06   2.3132324e+01
   4.7455060e+06   1.9226074e+01
   4.7455390e+06   2.0202637e+01
   4.7455640e+06   1.9592285e+01
   4.7455800e+06   1.9104004e+01
   4.7455960e+06   3.0334473e+01
   4.7456640e+06   1.9104004e+01
   4.7457100e+06   2.5390625e+01
   4.7457390e+06   2.2460938e+01
   4.7457870e+06   2.0263672e+01
   4.7458000e+06   2.1667480e+01
   4.7458700e+06   2.1301270e+01
   4.7459040e+06   3.4545898e+01
   4.7459170e+06   2.7282715e+01
   4.7459840e+06   1.9165039e+01
   4.7460490e+06   2.6123047e+01
   4.7460970e+06   3.0639648e+01
   4.7461080e+06   2.2644043e+01
   4.7461700e+06   2.4536133e+01
   4.7461870e+06   1.9653320e+01
   4.7462080e+06   3.0334473e+01
   4.7463710e+06   2.7648926e+01
   4.7464300e+06   2.0751953e+01
   4.7465340e+06   1.8676758e+01
   4.7465800e+06   2.1179199e+01
   4.7466010e+06   2.0935059e+01
   4.7466520e+06   1.8798828e+01
   4.7467800e+06   3.7109375e+01
   4.7467910e+06   2.5024414e+01
   4.7469230e+06   2.0629883e+01
   4.7472110e+06   1.8737793e+01
   4.7613480e+06   3.6865234e+01
   5.7818230e+06   2.0141602e+01
   5.8135940e+06   3.6682129e+01
   5.8136270e+06   2.9296875e+01
   5.8136440e+06   2.6062012e+01
   5.8137070e+06   2.6000977e+01
   5.8137180e+06   3.3996582e+01
   5.8137390e+06   2.0019531e+01
   5.8137530e+06   5.7617188e+01
   5.8137700e+06   7.7819824e+01
   5.8137960e+06   9.9121094e+01
   5.8138140e+06   8.6303711e+01
   5.8138270e+06   4.6386719e+01
   5.8138600e+06   5.6396484e+01
   5.8138860e+06   3.7414551e+01
   5.8139090e+06   2.6367188e+01
   5.8139210e+06   3.5217285e+01
   5.8139330e+06   3.3569336e+01
   5.8139590e+06   4.1137695e+01
   5.8139820e+06   2.0080566e+01
   5.8139950e+06   2.2033691e+01
   5.8140370e+06   2.8076172e+01
   5.8140580e+06   2.3803711e+01
   5.8140900e+06   2.4719238e+01
   5.8141010e+06   2.3010254e+01
   5.8141140e+06   2.3010254e+01
   5.8141690e+06   2.5207520e+01
   5.8141900e+06   2.5512695e+01
   5.8142600e+06   2.0874023e+01
   5.8142850e+06   2.3620605e+01
   5.8145060e+06   2.1362305e+01
   5.8145650e+06   1.9653320e+01
   5.8145970e+06   2.0812988e+01
   5.8146510e+06   1.8981934e+01
   5.8147180e+06   1.9653320e+01
   5.8147810e+06   2.0507812e+01
   5.8148680e+06   2.1789551e+01
   5.8149080e+06   1.9958496e+01
   5.8149490e+06   2.6428223e+01
   5.8150420e+06   1.9714355e+01
   5.8150600e+06   2.2277832e+01
   5.8152050e+06   2.0874023e+01
   5.8152270e+06   2.2399902e+01
   5.8152600e+06   1.9470215e+01
   5.8153370e+06   3.2775879e+01
   5.8154330e+06   2.0385742e+01
   5.8154510e+06   1.9653320e+01
   5.8155750e+06   2.6672363e+01
   5.8156490e+06   3.2775879e+01
   5.8157650e+06   2.9479980e+01
   5.8158040e+06   2.0568848e+01
   5.8158470e+06   2.5573730e+01
   5.8160420e+06   2.4902344e+01
   5.8160830e+06   1.9165039e+01
   5.8162080e+06   2.5939941e+01
   5.8165210e+06   2.0263672e+01
   5.9142450e+06   4.0893555e+01
   5.9142960e+06   3.6254883e+01
   5.9143270e+06   2.9846191e+01
   5.9143520e+06   2.3742676e+01
   5.9143640e+06   3.5949707e+01
   5.9143770e+06   3.2409668e+01
   5.9143870e+06   2.1362305e+01
   5.9144040e+06   2.2949219e+01
   5.9144160e+06   4.8095703e+01
   5.9144620e+06   3.0456543e+01
   5.9145170e+06   2.6184082e+01
   5.9145450e+06   5.4016113e+01
   5.9145670e+06   4.3640137e+01
   5.9145940e+06   5.7128906e+01
   5.9146140e+06   6.3720703e+01
   5.9146350e+06   6.7993164e+01
   5.9146640e+06   3.6376953e+01
   5.9146920e+06   6.3903809e+01
   5.9147150e+06   3.3447266e+01
   5.9147290e+06   3.1005859e+01
   5.9147420e+06   1.9104004e+01
   5.9147550e+06   2.9296875e+01
   5.9147760e+06   3.5949707e+01
   5.9148040e+06   2.1240234e+01
   5.9148200e+06   2.6977539e+01
   5.9148470e+06   2.2399902e+01
   5.9148680e+06   2.7282715e+01
   5.9148830e+06   2.3986816e+01
   5.9149230e+06   3.4729004e+01
   5.9149480e+06   2.2460938e+01
   5.9149700e+06   2.6672363e+01
   5.9149800e+06   4.0649414e+01
   5.9150250e+06   2.8747559e+01
   5.9150410e+06   2.1240234e+01
   5.9150650e+06   2.6489258e+01
   5.9150890e+06   1.9287109e+01
   5.9151380e+06   3.3630371e+01
   5.9151540e+06   3.2714844e+01
   5.9151850e+06   2.2949219e+01
   5.9152000e+06   2.1423340e+01
   5.9152390e+06   1.9836426e+01
   5.9152510e+06   2.1240234e+01
   5.9152770e+06   2.3376465e+01
   5.9152990e+06   2.0263672e+01
   5.9153380e+06   1.8859863e+01
   5.9153660e+06   3.0029297e+01
   5.9153870e+06   2.2949219e+01
   5.9154080e+06   2.7893066e+01
   5.9154370e+06   2.3010254e+01
   5.9154780e+06   2.2521973e+01
   5.9155060e+06   2.9663086e+01
   5.9155490e+06   2.2705078e+01
   5.9155740e+06   1.8676758e+01
   5.9156360e+06   1.9042969e+01
   5.9156710e+06   2.8442383e+01
   5.9156820e+06   2.5390625e+01
   5.9157570e+06   4.1320801e+01
   5.9157860e+06   1.9714355e+01
   5.9158420e+06   3.1372070e+01
   5.9158820e+06   2.0751953e+01
   5.9159250e+06   2.3254395e+01
   5.9159550e+06   2.1057129e+01
   5.9160050e+06   2.5695801e+01
   5.9160180e+06   2.1728516e+01
   5.9160420e+06   2.0751953e+01
   5.9161540e+06   1.9226074e+01
   5.9162850e+06   2.0385742e+01
   5.9164620e+06   2.3864746e+01
   5.9166000e+06   1.9470215e+01
   5.9170760e+06   2.0507812e+01
   5.9171990e+06   1.9409180e+01
   5.9181920e+06   1.8737793e+01
   5.9204590e+06   1.8859863e+01
