   5.9990000e+06   0.0000000e+00
   8.9872000e+04   2.5329590e+01
   9.0136000e+04   2.2094727e+01
   2.3853600e+05   2.4169922e+01
   2.3878200e+05   2.3193359e+01
   2.3924400e+05   2.2460938e+01
   3.5420000e+05   2.3559570e+01
   1.7082270e+06   2.6184082e+01
   1.7698860e+06   2.4658203e+01
   1.7701060e+06   2.2521973e+01
   2.5967590e+06   2.2644043e+01
   3.2565960e+06   2.5390625e+01
   3.2566580e+06   2.5939941e+01
   3.2566950e+06   2.2033691e+01
   3.2568650e+06   2.3071289e+01
   3.3390170e+06   2.4047852e+01
   3.3392200e+06   2.2033691e+01
   3.3392460e+06   2.2705078e+01
   3.4010080e+06   2.3376465e+01
   3.4010770e+06   2.2949219e+01
   3.4012440e+06   2.3071289e+01
   3.4013900e+06   2.6916504e+01
   3.4788840e+06   2.2094727e+01
   3.4790460e+06   2.3681641e+01
   3.4791280e+06   2.5573730e+01
   3.4793560e+06   2.3559570e+01
   3.4796120e+06   2.3315430e+01
   4.4633170e+06   2.7770996e+01
   4.4633780e+06   2.2888184e+01
   4.4636380e+06   2.3742676e+01
   4.5730070e+06   2.2216797e+01
   4.7450040e+06   2.2705078e+01
   4.7453100e+06   2.5695801e+01
   5.8138640e+06   2.4963379e+01
   5.9146360e+06   2.2705078e+01
