   5.9990000e+06   0.0000000e+00
   8.9889000e+04   2.0935059e+01
   8.9947000e+04   2.0141602e+01
   1.9060000e+05   2.0324707e+01
   1.9067900e+05   2.0080566e+01
   1.9069800e+05   1.9897461e+01
   2.3857200e+05   1.9775391e+01
   2.3882300e+05   2.0141602e+01
   2.3911400e+05   1.9470215e+01
   2.8669900e+05   2.2033691e+01
   3.5439800e+05   2.0324707e+01
   3.5468400e+05   1.9714355e+01
   1.2308130e+06   2.1362305e+01
   1.6880380e+06   2.0324707e+01
   1.7081250e+06   1.9531250e+01
   1.7082490e+06   2.0324707e+01
   1.7083920e+06   2.0935059e+01
   1.7700910e+06   1.9836426e+01
   1.7704690e+06   2.2705078e+01
   1.8233610e+06   1.9531250e+01
   1.8235160e+06   2.0874023e+01
   1.8237340e+06   1.9836426e+01
   1.8237910e+06   2.0507812e+01
   1.8238090e+06   2.2033691e+01
   1.8239580e+06   2.0935059e+01
   1.8240630e+06   2.0751953e+01
   1.8241840e+06   2.0996094e+01
   1.9052990e+06   2.5085449e+01
   1.9054070e+06   2.2399902e+01
   2.5965040e+06   1.9897461e+01
   2.5966840e+06   2.0690918e+01
   2.5967010e+06   2.2216797e+01
   2.5967250e+06   2.0446777e+01
   2.5967490e+06   1.9409180e+01
   2.5968110e+06   2.2033691e+01
   2.5968780e+06   2.0874023e+01
   2.5991200e+06   2.0507812e+01
   3.2564710e+06   1.9714355e+01
   3.2565310e+06   1.9470215e+01
   3.2565670e+06   1.9653320e+01
   3.2565970e+06   2.0080566e+01
   3.3387220e+06   2.0874023e+01
   3.3389950e+06   2.0202637e+01
   3.3391070e+06   2.1240234e+01
   3.3394740e+06   1.9836426e+01
   3.4010880e+06   1.9775391e+01
   3.4012060e+06   1.9897461e+01
   3.4012420e+06   2.0812988e+01
   3.4785910e+06   1.9531250e+01
   3.4789970e+06   2.0446777e+01
   3.4791050e+06   2.1362305e+01
   4.4633140e+06   2.0812988e+01
   4.4634040e+06   2.4291992e+01
   4.4636090e+06   2.0812988e+01
   4.5728420e+06   1.9470215e+01
   4.5728600e+06   2.1301270e+01
   4.5729080e+06   2.3498535e+01
   4.5730750e+06   2.0202637e+01
   4.5740890e+06   1.9409180e+01
   4.7449560e+06   1.9653320e+01
   4.7450270e+06   2.7893066e+01
   4.7450950e+06   2.2277832e+01
   4.7451200e+06   2.0202637e+01
   4.7455010e+06   2.0751953e+01
   5.8136830e+06   2.1728516e+01
   5.8137470e+06   2.1667480e+01
   5.8138220e+06   2.0690918e+01
   5.8138780e+06   2.2705078e+01
   5.8140260e+06   2.3437500e+01
   5.8140710e+06   1.9775391e+01
   5.8154470e+06   2.0629883e+01
   5.9144720e+06   2.1301270e+01
   5.9146640e+06   2.1362305e+01
   5.9146880e+06   2.2033691e+01
