   5.9990000e+06   0.0000000e+00
   8.9805000e+04   2.2949219e+01
   8.9849000e+04   3.1005859e+01
   9.0019000e+04   2.4353027e+01
   9.0104000e+04   2.3559570e+01
   9.0143000e+04   2.4475098e+01
   9.0382000e+04   2.3925781e+01
   9.2931000e+04   2.3742676e+01
   9.7170000e+04   2.3437500e+01
   9.8313000e+04   2.3681641e+01
   9.9363000e+04   2.4536133e+01
   1.0066100e+05   2.2705078e+01
   1.0335300e+05   2.2949219e+01
   1.0416300e+05   2.3620605e+01
   1.9056700e+05   2.8869629e+01
   1.9100600e+05   2.2888184e+01
   1.9493700e+05   2.3864746e+01
   1.9629700e+05   2.4047852e+01
   1.9906500e+05   2.2705078e+01
   1.9930300e+05   2.3559570e+01
   2.0224200e+05   2.5146484e+01
   2.0263100e+05   2.3010254e+01
   2.0295500e+05   2.2827148e+01
   2.0327700e+05   2.5573730e+01
   2.0441700e+05   2.3071289e+01
   2.0563000e+05   2.3071289e+01
   2.0763500e+05   2.3071289e+01
   2.2668000e+05   2.6428223e+01
   2.2727300e+05   2.9479980e+01
   2.3845900e+05   2.9235840e+01
   2.3878600e+05   2.4414063e+01
   2.4730600e+05   2.2888184e+01
   2.4758400e+05   2.3254395e+01
   2.4911600e+05   2.3010254e+01
   2.5031700e+05   2.3864746e+01
   2.5507300e+05   2.4536133e+01
   2.8513000e+05   2.7954102e+01
   2.8520400e+05   2.5024414e+01
   2.8527400e+05   3.0700684e+01
   2.8529400e+05   2.8381348e+01
   2.9783400e+05   2.3132324e+01
   2.9892000e+05   2.4291992e+01
   2.9934800e+05   2.3681641e+01
   3.0309900e+05   2.3559570e+01
   3.0396500e+05   2.3986816e+01
   3.2347900e+05   2.7404785e+01
   3.5400300e+05   2.6733398e+01
   3.5418900e+05   2.5085449e+01
   3.5423200e+05   2.4658203e+01
   3.5428400e+05   2.4780273e+01
   3.5449200e+05   2.2949219e+01
   3.7113700e+05   2.2705078e+01
   3.7474200e+05   2.5146484e+01
   4.0657400e+05   2.4780273e+01
   4.0679100e+05   2.3071289e+01
   1.2307140e+06   3.1005859e+01
   1.2308270e+06   2.4658203e+01
   1.2362420e+06   2.3010254e+01
   1.2380380e+06   2.3376465e+01
   1.2391530e+06   2.2949219e+01
   1.2397490e+06   2.3864746e+01
   1.2414740e+06   2.2827148e+01
   1.2419600e+06   2.2949219e+01
   1.2442400e+06   2.2705078e+01
   1.2461250e+06   2.3376465e+01
   1.2464740e+06   2.7343750e+01
   1.2500840e+06   2.3559570e+01
   1.2513140e+06   2.8259277e+01
   1.2521370e+06   2.6733398e+01
   1.2534230e+06   2.5695801e+01
   1.7082120e+06   2.3559570e+01
   1.7082920e+06   2.4597168e+01
   1.7083690e+06   2.4475098e+01
   1.7121770e+06   2.3803711e+01
   1.7128630e+06   2.2888184e+01
   1.7130190e+06   2.3498535e+01
   1.7133230e+06   2.5878906e+01
   1.7147020e+06   2.4230957e+01
   1.7155660e+06   2.3498535e+01
   1.7173740e+06   2.4108887e+01
   1.7175650e+06   2.5390625e+01
   1.7184210e+06   2.3193359e+01
   1.7188510e+06   2.4414062e+01
   1.7193540e+06   2.3681641e+01
   1.7215580e+06   2.4780273e+01
   1.7254660e+06   2.5451660e+01
   1.7269250e+06   2.4169922e+01
   1.7277360e+06   2.2888184e+01
   1.7285460e+06   2.4963379e+01
   1.7697800e+06   2.2827148e+01
   1.7698450e+06   2.3986816e+01
   1.7698930e+06   3.1921387e+01
   1.7699460e+06   2.2827148e+01
   1.7700440e+06   2.4047852e+01
   1.7749640e+06   2.5207520e+01
   1.7756720e+06   2.3681641e+01
   1.7786200e+06   2.2766113e+01
   1.7799510e+06   2.4841309e+01
   1.7801870e+06   2.3010254e+01
   1.7804380e+06   2.2766113e+01
   1.7831110e+06   2.8320312e+01
   1.7835110e+06   2.3193359e+01
   1.7858500e+06   2.5085449e+01
   1.7871220e+06   2.4841309e+01
   1.8237270e+06   3.0151367e+01
   1.8237560e+06   2.3803711e+01
   1.8238250e+06   2.9724121e+01
   1.8242380e+06   2.4963379e+01
   1.8340280e+06   2.3376465e+01
   1.8366480e+06   2.4963379e+01
   1.8385890e+06   2.4475098e+01
   1.8446280e+06   2.5451660e+01
   1.9050200e+06   2.3071289e+01
   1.9050330e+06   2.5939941e+01
   1.9051400e+06   2.3620605e+01
   1.9052690e+06   2.6977539e+01
   1.9176810e+06   2.2888184e+01
   1.9189350e+06   2.7709961e+01
   1.9210500e+06   2.4169922e+01
   1.9272360e+06   2.2705078e+01
   1.9287190e+06   2.6977539e+01
   1.9306640e+06   2.3315430e+01
   2.5966370e+06   2.8259277e+01
   2.5967190e+06   2.3681641e+01
   2.5968090e+06   2.4597168e+01
   2.6013080e+06   2.4597168e+01
   2.6022490e+06   2.3193359e+01
   2.6039650e+06   2.2705078e+01
   2.6057250e+06   2.2827148e+01
   2.6061250e+06   2.6428223e+01
   2.6069040e+06   2.3010254e+01
   2.6073040e+06   2.3864746e+01
   2.6077050e+06   2.5451660e+01
   2.6079690e+06   2.3010254e+01
   2.6100830e+06   2.3498535e+01
   2.6109350e+06   2.6245117e+01
   2.6112380e+06   2.5817871e+01
   2.6117910e+06   2.5512695e+01
   2.6168390e+06   2.8198242e+01
   3.2566650e+06   2.3559570e+01
   3.2568180e+06   2.3620605e+01
   3.2599930e+06   2.3132324e+01
   3.2627410e+06   2.5451660e+01
   3.2634130e+06   2.4475098e+01
   3.2635810e+06   2.4414062e+01
   3.2656610e+06   2.3132324e+01
   3.2658080e+06   2.3559570e+01
   3.2666740e+06   2.3437500e+01
   3.2683700e+06   2.6062012e+01
   3.2700870e+06   2.3742676e+01
   3.2704020e+06   2.2644043e+01
   3.2706070e+06   2.5573730e+01
   3.2714750e+06   2.4841309e+01
   3.2719570e+06   2.3437500e+01
   3.2726700e+06   2.3132324e+01
   3.2744030e+06   2.7893066e+01
   3.2746970e+06   2.6916504e+01
   3.2763010e+06   2.3681641e+01
   3.2774520e+06   2.2644043e+01
   3.2805760e+06   2.3620605e+01
   3.3390420e+06   3.4790039e+01
   3.3390680e+06   2.4780273e+01
   3.3391240e+06   2.3681641e+01
   3.3440540e+06   2.5329590e+01
   3.3481500e+06   2.4597168e+01
   3.3496560e+06   2.4963379e+01
   3.3498560e+06   2.4597168e+01
   3.3500570e+06   2.5085449e+01
   3.3509570e+06   2.2644043e+01
   3.3522660e+06   2.3376465e+01
   3.3525200e+06   2.4841309e+01
   3.3533530e+06   2.4963379e+01
   3.3535770e+06   2.3620605e+01
   3.3551390e+06   2.3071289e+01
   3.3554110e+06   2.3437500e+01
   3.3588920e+06   2.4108887e+01
   3.3602490e+06   2.3071289e+01
   3.3614170e+06   2.2766113e+01
   3.3639310e+06   2.3620605e+01
   3.4009950e+06   2.6000977e+01
   3.4011020e+06   3.5888672e+01
   3.4011590e+06   2.3254395e+01
   3.4015180e+06   2.3681641e+01
   3.4173220e+06   2.2888184e+01
   3.4200100e+06   2.7221680e+01
   3.4203350e+06   2.3864746e+01
   3.4214820e+06   2.2949219e+01
   3.4788600e+06   3.5034180e+01
   3.4789730e+06   2.3254395e+01
   3.4790630e+06   2.3742676e+01
   3.4792810e+06   2.5451660e+01
   3.4793380e+06   2.7893066e+01
   3.5000870e+06   2.2644043e+01
   3.5084220e+06   2.3010254e+01
   3.5105330e+06   2.5146484e+01
   4.4633920e+06   3.4362793e+01
   4.4671420e+06   2.4597168e+01
   4.4679870e+06   2.5634766e+01
   4.4698340e+06   2.3681641e+01
   4.4730950e+06   2.3254395e+01
   4.4746590e+06   2.4841309e+01
   4.4751700e+06   2.4841309e+01
   4.4757750e+06   2.3010254e+01
   4.4781890e+06   2.3437500e+01
   4.4804190e+06   2.2888184e+01
   4.4815270e+06   2.4536133e+01
   4.4828130e+06   2.3986816e+01
   4.4833100e+06   2.2827148e+01
   4.4835490e+06   2.4230957e+01
   4.4838220e+06   2.2766113e+01
   4.4841170e+06   2.4291992e+01
   4.4853450e+06   2.3437500e+01
   4.4859260e+06   2.6123047e+01
   4.4892740e+06   2.8564453e+01
   4.4907600e+06   2.4353027e+01
   4.5727510e+06   2.5817871e+01
   4.5728190e+06   3.3996582e+01
   4.5728430e+06   2.5878906e+01
   4.5796800e+06   2.3315430e+01
   4.5850430e+06   2.4291992e+01
   4.5891660e+06   2.2888184e+01
   4.5904270e+06   2.3010254e+01
   4.5931420e+06   2.4963379e+01
   4.5946160e+06   2.7282715e+01
   4.5951150e+06   2.3986816e+01
   4.5953990e+06   2.3376465e+01
   4.5968520e+06   2.3864746e+01
   4.6001510e+06   2.4169922e+01
   4.6045750e+06   2.4658203e+01
   4.6056250e+06   2.3742676e+01
   4.7449340e+06   2.9174805e+01
   4.7450360e+06   2.8808594e+01
   4.7601210e+06   2.5634766e+01
   4.7635920e+06   2.3559570e+01
   4.7677540e+06   2.3986816e+01
   4.7695710e+06   2.3376465e+01
   4.7721170e+06   2.7160645e+01
   4.7732180e+06   2.4841309e+01
   5.8137980e+06   2.3254395e+01
   5.8138450e+06   3.6804199e+01
   5.8139050e+06   2.5390625e+01
   5.8139690e+06   2.4414063e+01
   5.8140180e+06   2.8503418e+01
   5.8188550e+06   2.5207520e+01
   5.8192190e+06   2.5085449e+01
   5.8197270e+06   2.3925781e+01
   5.8226150e+06   2.2766113e+01
   5.8228520e+06   2.4169922e+01
   5.8265220e+06   2.3986816e+01
   5.8277350e+06   2.2705078e+01
   5.8296350e+06   2.3315430e+01
   5.8302230e+06   2.3742676e+01
   5.8354620e+06   2.3681641e+01
   5.8356890e+06   2.3071289e+01
   5.8358900e+06   2.4902344e+01
   5.8360920e+06   2.3925781e+01
   5.8367010e+06   2.3498535e+01
   5.8369130e+06   2.3925781e+01
   5.8371110e+06   2.3071289e+01
   5.8376030e+06   2.3742676e+01
   5.8379640e+06   2.3742676e+01
   5.8381900e+06   2.4719238e+01
   5.8386700e+06   2.6977539e+01
   5.8400860e+06   2.6489258e+01
   5.8406020e+06   2.3193359e+01
   5.8433320e+06   2.3071289e+01
   5.8444790e+06   2.4536133e+01
   5.8483190e+06   2.6306152e+01
   5.9146550e+06   3.4301758e+01
   5.9147290e+06   3.0517578e+01
   5.9147690e+06   2.5329590e+01
   5.9281680e+06   2.2888184e+01
   5.9288080e+06   2.5817871e+01
   5.9310120e+06   2.2949219e+01
   5.9426560e+06   2.3803711e+01
   5.9437820e+06   2.2888184e+01
   5.9441310e+06   2.4902344e+01
   5.9463730e+06   2.3864746e+01
   5.9466880e+06   2.3254395e+01
   5.9488060e+06   2.4291992e+01
   5.9505260e+06   2.2644043e+01
   5.9519710e+06   2.6367188e+01
