   5.9990000e+06   0.0000000e+00
   8.8769000e+04   5.8837891e+01
   8.9088000e+04   5.4077148e+01
   8.9363000e+04   4.9499512e+01
   8.9540000e+04   4.8645020e+01
   8.9674000e+04   3.7109375e+01
   8.9727000e+04   2.7160645e+01
   8.9778000e+04   4.5166016e+01
   8.9795000e+04   3.2104492e+01
   8.9853000e+04   3.1677246e+01
   8.9873000e+04   2.4291992e+01
   8.9922000e+04   2.6062012e+01
   8.9941000e+04   2.9724121e+01
   8.9959000e+04   2.6855469e+01
   8.9975000e+04   2.5268555e+01
   8.9994000e+04   3.0395508e+01
   9.0034000e+04   2.8503418e+01
   9.0056000e+04   2.5390625e+01
   9.0191000e+04   3.0029297e+01
   9.0234000e+04   2.3559570e+01
   9.0310000e+04   3.8757324e+01
   9.0348000e+04   3.2043457e+01
   9.0497000e+04   2.9357910e+01
   9.0638000e+04   2.3864746e+01
   9.0749000e+04   2.6062012e+01
   9.0785000e+04   2.4291992e+01
   9.1762000e+04   2.4719238e+01
   1.0334100e+05   5.5358887e+01
   1.0947900e+05   6.6101074e+01
   1.1011900e+05   6.0791016e+01
   1.1029500e+05   2.5024414e+01
   1.1053000e+05   5.5603027e+01
   1.1096900e+05   4.8095703e+01
   1.1141100e+05   4.5227051e+01
   1.9034500e+05   2.8259277e+01
   1.9035600e+05   2.4719238e+01
   1.9040600e+05   1.1553955e+02
   1.9042100e+05   5.0109863e+01
   1.9044700e+05   3.2653809e+01
   1.9047700e+05   2.5939941e+01
   1.9049400e+05   3.8696289e+01
   1.9050400e+05   3.2653809e+01
   1.9051500e+05   3.4851074e+01
   1.9055600e+05   7.5805664e+01
   1.9057900e+05   3.9733887e+01
   1.9064100e+05   2.5268555e+01
   1.9067400e+05   3.1066895e+01
   1.9068400e+05   3.3020020e+01
   1.9072900e+05   2.7099609e+01
   1.9074900e+05   3.1616211e+01
   1.9077600e+05   2.3315430e+01
   1.9082500e+05   2.5146484e+01
   1.9086600e+05   4.0100098e+01
   1.9090600e+05   2.5878906e+01
   1.9091600e+05   2.4963379e+01
   1.9094300e+05   2.6550293e+01
   1.9100000e+05   2.2949219e+01
   1.9104700e+05   3.2958984e+01
   1.9127900e+05   2.3254395e+01
   1.9143100e+05   2.3376465e+01
   2.2610300e+05   6.2683105e+01
   2.2642700e+05   6.5612793e+01
   2.2693000e+05   5.4504395e+01
   2.3802900e+05   7.3547363e+01
   2.3812200e+05   2.5512695e+01
   2.3814900e+05   2.4353027e+01
   2.3827700e+05   5.0781250e+01
   2.3831500e+05   2.3559570e+01
   2.3833800e+05   3.2836914e+01
   2.3847500e+05   4.4738770e+01
   2.3849800e+05   2.8442383e+01
   2.3853100e+05   5.8715820e+01
   2.3856100e+05   3.1188965e+01
   2.3859800e+05   2.3925781e+01
   2.3861900e+05   2.5695801e+01
   2.3863200e+05   3.2714844e+01
   2.3867100e+05   3.6193848e+01
   2.3868600e+05   2.8686523e+01
   2.3872700e+05   2.8625488e+01
   2.3874700e+05   3.2531738e+01
   2.3876800e+05   3.0395508e+01
   2.3880600e+05   3.7170410e+01
   2.3882500e+05   2.8137207e+01
   2.3885800e+05   2.3193359e+01
   2.3893600e+05   3.9245605e+01
   2.3901000e+05   2.4841309e+01
   2.3905200e+05   2.7526855e+01
   2.3907100e+05   2.9418945e+01
   2.3910200e+05   2.3986816e+01
   2.3916100e+05   2.6855469e+01
   2.3920300e+05   2.8503418e+01
   2.3958100e+05   2.4047852e+01
   2.8476300e+05   6.0302734e+01
   2.8490600e+05   2.4902344e+01
   2.8496100e+05   2.3620605e+01
   2.8501500e+05   2.3986816e+01
   2.8503400e+05   3.3630371e+01
   2.8504500e+05   6.1401367e+01
   2.8507400e+05   5.5786133e+01
   2.8513500e+05   2.3071289e+01
   2.8515200e+05   2.4963379e+01
   2.8516900e+05   3.7902832e+01
   2.8519500e+05   3.4240723e+01
   2.8522600e+05   3.5644531e+01
   2.8524700e+05   5.1208496e+01
   2.8532000e+05   2.4230957e+01
   2.8535300e+05   3.2958984e+01
   2.8537500e+05   3.9123535e+01
   2.8541200e+05   3.2775879e+01
   2.8544300e+05   3.3752441e+01
   2.8548200e+05   3.3325195e+01
   2.8549800e+05   2.5573730e+01
   2.8552100e+05   2.6733398e+01
   2.8556900e+05   2.9357910e+01
   2.8564800e+05   2.3315430e+01
   2.8570700e+05   2.4108887e+01
   2.8573300e+05   2.3315430e+01
   2.8574900e+05   2.2888184e+01
   2.8583400e+05   2.5024414e+01
   2.8587100e+05   2.2827148e+01
   3.2293100e+05   5.9936523e+01
   3.2324700e+05   2.6367188e+01
   3.5385300e+05   5.9326172e+01
   3.5392200e+05   4.4982910e+01
   3.5393600e+05   7.2021484e+01
   3.5397800e+05   2.4230957e+01
   3.5401800e+05   6.0363770e+01
   3.5405300e+05   2.6855469e+01
   3.5406800e+05   5.8410645e+01
   3.5407800e+05   2.5939941e+01
   3.5414800e+05   4.1870117e+01
   3.5415800e+05   4.5532227e+01
   3.5417400e+05   2.4414062e+01
   3.5420900e+05   2.3254395e+01
   3.5423900e+05   2.4597168e+01
   3.5426000e+05   3.4851074e+01
   3.5428400e+05   2.5146484e+01
   3.5435100e+05   3.3935547e+01
   3.5436800e+05   2.7282715e+01
   3.5440400e+05   2.6184082e+01
   3.5441400e+05   3.1433105e+01
   3.5450800e+05   2.9724121e+01
   3.5453700e+05   2.7526855e+01
   3.5459700e+05   3.0944824e+01
   3.5461400e+05   2.6611328e+01
   3.5463900e+05   2.3071289e+01
   3.5469100e+05   2.3498535e+01
   3.5475300e+05   2.3681641e+01
   3.5485000e+05   2.3742676e+01
   3.5507500e+05   2.3315430e+01
   3.5529400e+05   2.4291992e+01
   4.0646200e+05   5.5114746e+01
   4.0648000e+05   2.4963379e+01
   4.0667000e+05   4.4616699e+01
   4.0668200e+05   6.3598633e+01
   4.0680700e+05   3.2165527e+01
   4.0688500e+05   5.7067871e+01
   4.0689900e+05   2.4047852e+01
   4.0700100e+05   4.8461914e+01
   4.0704800e+05   4.3212891e+01
   4.0706400e+05   2.4536133e+01
   4.0711600e+05   4.5166016e+01
   4.0715500e+05   4.8889160e+01
   4.0716900e+05   2.6184082e+01
   4.0721500e+05   2.6184082e+01
   4.0722800e+05   2.6245117e+01
   4.0728400e+05   2.7160645e+01
   4.0734300e+05   2.3132324e+01
   4.0749500e+05   3.0639648e+01
   4.0750700e+05   2.6855469e+01
   4.0757000e+05   2.3986816e+01
   4.0767800e+05   2.3986816e+01
   4.0773400e+05   2.4353027e+01
   4.0777100e+05   3.7292480e+01
   4.0784100e+05   2.4169922e+01
   4.0790800e+05   2.4475098e+01
   4.0837800e+05   2.6794434e+01
   4.0867300e+05   2.6428223e+01
   5.9008400e+05   2.5878906e+01
   7.8931900e+05   2.2949219e+01
   9.7477600e+05   2.2888184e+01
   9.8523000e+05   2.2888184e+01
   1.0851570e+06   2.4475098e+01
   1.2231730e+06   2.3315430e+01
   1.2297430e+06   6.9396973e+01
   1.2301050e+06   6.3781738e+01
   1.2303860e+06   6.4941406e+01
   1.2304210e+06   2.3254395e+01
   1.2304800e+06   2.6794434e+01
   1.2305680e+06   4.0832520e+01
   1.2306390e+06   3.4790039e+01
   1.2306510e+06   3.8757324e+01
   1.2306740e+06   3.8513184e+01
   1.2307060e+06   2.6184082e+01
   1.2307220e+06   2.4169922e+01
   1.2307460e+06   3.1677246e+01
   1.2307690e+06   2.3193359e+01
   1.2307900e+06   2.5878906e+01
   1.2308290e+06   3.2287598e+01
   1.2308580e+06   2.3132324e+01
   1.2308730e+06   3.5888672e+01
   1.2308950e+06   2.9846191e+01
   1.2309380e+06   3.3874512e+01
   1.2310010e+06   2.4353027e+01
   1.2310580e+06   2.8503418e+01
   1.2310780e+06   2.3803711e+01
   1.2311360e+06   3.6560059e+01
   1.2311980e+06   2.2949219e+01
   1.2312120e+06   2.7160645e+01
   1.2313290e+06   2.4169922e+01
   1.2313600e+06   3.5339355e+01
   1.2314030e+06   2.7587891e+01
   1.2314530e+06   2.3925781e+01
   1.2314840e+06   2.3986816e+01
   1.2315790e+06   2.3559570e+01
   1.2317140e+06   3.4545898e+01
   1.2318790e+06   2.4414062e+01
   1.2321280e+06   2.3376465e+01
   1.2372950e+06   2.2949219e+01
   1.2513230e+06   6.6040039e+01
   1.2517570e+06   5.9082031e+01
   1.2522120e+06   2.2827148e+01
   1.2523790e+06   5.2856445e+01
   1.7077580e+06   7.1716309e+01
   1.7077910e+06   2.8076172e+01
   1.7079420e+06   4.4860840e+01
   1.7079760e+06   6.0974121e+01
   1.7080490e+06   3.1188965e+01
   1.7080900e+06   5.9448242e+01
   1.7081040e+06   4.2602539e+01
   1.7081770e+06   2.9846191e+01
   1.7081990e+06   2.9357910e+01
   1.7082140e+06   2.7282715e+01
   1.7082410e+06   3.5827637e+01
   1.7082640e+06   3.8696289e+01
   1.7082870e+06   2.9968262e+01
   1.7082980e+06   2.7343750e+01
   1.7083370e+06   3.1127930e+01
   1.7083670e+06   3.6865234e+01
   1.7083800e+06   2.5207520e+01
   1.7084160e+06   2.6367188e+01
   1.7084660e+06   2.8015137e+01
   1.7084840e+06   2.3254395e+01
   1.7085290e+06   2.9052734e+01
   1.7085860e+06   2.5939941e+01
   1.7086040e+06   3.1250000e+01
   1.7086440e+06   2.3681641e+01
   1.7086710e+06   3.2470703e+01
   1.7087140e+06   2.3315430e+01
   1.7087300e+06   2.3315430e+01
   1.7088030e+06   3.4973145e+01
   1.7088590e+06   2.8564453e+01
   1.7089080e+06   2.6428223e+01
   1.7095700e+06   2.5512695e+01
   1.7142870e+06   2.6306152e+01
   1.7274120e+06   5.9448242e+01
   1.7696080e+06   6.0241699e+01
   1.7696380e+06   5.5786133e+01
   1.7696740e+06   4.6447754e+01
   1.7696970e+06   2.8869629e+01
   1.7697290e+06   3.6621094e+01
   1.7697740e+06   5.3100586e+01
   1.7697850e+06   6.3110352e+01
   1.7698170e+06   3.7292480e+01
   1.7698430e+06   3.6315918e+01
   1.7698690e+06   2.9296875e+01
   1.7698830e+06   4.6936035e+01
   1.7699120e+06   3.0578613e+01
   1.7699290e+06   2.3559570e+01
   1.7699570e+06   2.5390625e+01
   1.7699970e+06   3.3569336e+01
   1.7700260e+06   2.5451660e+01
   1.7700490e+06   2.5207520e+01
   1.7700680e+06   2.6367188e+01
   1.7700800e+06   3.7719727e+01
   1.7701030e+06   2.5573730e+01
   1.7701670e+06   3.3264160e+01
   1.7701940e+06   4.1015625e+01
   1.7702110e+06   3.9062500e+01
   1.7702500e+06   2.6367188e+01
   1.7702830e+06   2.3681641e+01
   1.7703420e+06   3.5095215e+01
   1.7704200e+06   2.3742676e+01
   1.7704830e+06   2.3986816e+01
   1.7705890e+06   2.9418945e+01
   1.7706640e+06   2.4230957e+01
   1.7707970e+06   2.3559570e+01
   1.7712510e+06   3.4301758e+01
   1.8236000e+06   2.5207520e+01
   1.8236140e+06   2.4658203e+01
   1.8236670e+06   1.2207031e+02
   1.8236840e+06   4.1259766e+01
   1.8237070e+06   3.6254883e+01
   1.8237230e+06   4.0649414e+01
   1.8237660e+06   3.1372070e+01
   1.8237840e+06   6.8298340e+01
   1.8238100e+06   2.7038574e+01
   1.8238220e+06   2.6306152e+01
   1.8238520e+06   2.6733398e+01
   1.8238900e+06   3.0639648e+01
   1.8239260e+06   3.0090332e+01
   1.8239530e+06   2.8747559e+01
   1.8239650e+06   4.8034668e+01
   1.8240140e+06   2.3254395e+01
   1.8240250e+06   2.9602051e+01
   1.8240670e+06   2.7648926e+01
   1.8241260e+06   2.2888184e+01
   1.8241480e+06   3.0395508e+01
   1.8241760e+06   3.5888672e+01
   1.8242110e+06   2.2827148e+01
   1.8242910e+06   3.2531738e+01
   1.8245510e+06   2.5024414e+01
   1.8245900e+06   2.5512695e+01
   1.8246140e+06   2.5573730e+01
   1.8247370e+06   2.5512695e+01
   1.8398800e+06   5.8288574e+01
   1.8408030e+06   5.0964355e+01
   1.8455790e+06   6.4941406e+01
   1.9049170e+06   6.6162109e+01
   1.9049440e+06   6.1157227e+01
   1.9049590e+06   2.7038574e+01
   1.9049930e+06   4.6875000e+01
   1.9050080e+06   3.3447266e+01
   1.9050400e+06   2.4291992e+01
   1.9050560e+06   4.9804688e+01
   1.9050810e+06   4.9743652e+01
   1.9051010e+06   2.6123047e+01
   1.9051180e+06   2.5024414e+01
   1.9051450e+06   3.1860352e+01
   1.9051700e+06   3.3203125e+01
   1.9052140e+06   3.9916992e+01
   1.9052360e+06   4.2114258e+01
   1.9052650e+06   2.3803711e+01
   1.9052750e+06   3.1494141e+01
   1.9053130e+06   2.4658203e+01
   1.9053490e+06   2.4963379e+01
   1.9053880e+06   2.4963379e+01
   1.9054750e+06   3.5095215e+01
   1.9055000e+06   2.3193359e+01
   1.9055370e+06   3.0517578e+01
   1.9055880e+06   2.4597168e+01
   1.9056320e+06   2.6977539e+01
   1.9056850e+06   2.6245117e+01
   1.9057300e+06   2.3071289e+01
   1.9058310e+06   2.5390625e+01
   1.9061730e+06   2.3864746e+01
   1.9224960e+06   6.7565918e+01
   2.5426370e+06   2.5207520e+01
   2.5959410e+06   7.8308105e+01
   2.5963280e+06   6.1889648e+01
   2.5964350e+06   4.9865723e+01
   2.5964870e+06   3.8757324e+01
   2.5965510e+06   3.7597656e+01
   2.5965610e+06   4.3945312e+01
   2.5965990e+06   3.0395508e+01
   2.5966170e+06   2.3010254e+01
   2.5966390e+06   2.4230957e+01
   2.5966620e+06   2.8930664e+01
   2.5966820e+06   2.6367188e+01
   2.5967010e+06   2.7282715e+01
   2.5967130e+06   2.8625488e+01
   2.5967340e+06   2.7404785e+01
   2.5967560e+06   2.8869629e+01
   2.5967680e+06   2.5390625e+01
   2.5967970e+06   2.9724121e+01
   2.5968120e+06   3.4423828e+01
   2.5968340e+06   2.3559570e+01
   2.5968730e+06   2.7893066e+01
   2.5969280e+06   2.3864746e+01
   2.5969560e+06   2.5329590e+01
   2.5969820e+06   2.3071289e+01
   2.5970130e+06   3.8452148e+01
   2.5970230e+06   3.9306641e+01
   2.5970720e+06   2.3254395e+01
   2.5970820e+06   2.2888184e+01
   2.5972130e+06   3.4606934e+01
   2.5972520e+06   2.9479980e+01
   2.5973920e+06   4.1259766e+01
   2.5974500e+06   2.5329590e+01
   2.5975600e+06   2.3803711e+01
   2.5977440e+06   2.2827148e+01
   2.5978760e+06   2.4658203e+01
   2.5980610e+06   2.3193359e+01
   2.6017140e+06   2.5573730e+01
   2.6659610e+06   2.2827148e+01
   2.7917580e+06   7.3120117e+01
   2.9165470e+06   2.3803711e+01
   3.0022140e+06   2.4047852e+01
   3.2563990e+06   2.4108887e+01
   3.2564850e+06   3.8879395e+01
   3.2564950e+06   8.5510254e+01
   3.2565420e+06   4.9865723e+01
   3.2565650e+06   3.9489746e+01
   3.2565860e+06   8.5876465e+01
   3.2566020e+06   3.0212402e+01
   3.2566250e+06   2.8625488e+01
   3.2566490e+06   4.9072266e+01
   3.2567040e+06   2.3498535e+01
   3.2567200e+06   2.7587891e+01
   3.2567570e+06   2.8625488e+01
   3.2567830e+06   3.5522461e+01
   3.2568150e+06   2.4597168e+01
   3.2568570e+06   2.4841309e+01
   3.2568680e+06   2.5573730e+01
   3.2568970e+06   3.3264160e+01
   3.2569320e+06   3.2958984e+01
   3.2569750e+06   2.5390625e+01
   3.2570250e+06   3.1250000e+01
   3.2571130e+06   2.3010254e+01
   3.2571750e+06   2.6367188e+01
   3.2572900e+06   2.4719238e+01
   3.2573430e+06   2.3132324e+01
   3.2574880e+06   2.9846191e+01
   3.2576960e+06   2.2888184e+01
   3.2730400e+06   6.5490723e+01
   3.2735240e+06   6.1950684e+01
   3.2738430e+06   5.3100586e+01
   3.2743330e+06   5.5908203e+01
   3.3389370e+06   2.2827148e+01
   3.3389680e+06   7.7941895e+01
   3.3389870e+06   7.0922852e+01
   3.3389980e+06   5.3283691e+01
   3.3390100e+06   2.3437500e+01
   3.3390440e+06   3.8513184e+01
   3.3390930e+06   5.5664062e+01
   3.3391230e+06   3.7597656e+01
   3.3391380e+06   2.8137207e+01
   3.3391680e+06   3.9184570e+01
   3.3391820e+06   2.3254395e+01
   3.3392190e+06   2.7404785e+01
   3.3392360e+06   3.4362793e+01
   3.3392630e+06   2.6611328e+01
   3.3392830e+06   4.1809082e+01
   3.3393010e+06   3.5461426e+01
   3.3393300e+06   2.5939941e+01
   3.3393590e+06   2.6000977e+01
   3.3393970e+06   2.5878906e+01
   3.3394330e+06   3.6132812e+01
   3.3394630e+06   2.3986816e+01
   3.3394940e+06   2.2827148e+01
   3.3395230e+06   2.7404785e+01
   3.3395810e+06   2.3620605e+01
   3.3396020e+06   2.3010254e+01
   3.3396660e+06   2.3681641e+01
   3.3397770e+06   2.3681641e+01
   3.3397910e+06   2.3010254e+01
   3.3398770e+06   2.4963379e+01
   3.3399170e+06   2.8869629e+01
   3.3399390e+06   2.4719238e+01
   3.3400700e+06   2.3010254e+01
   3.3526350e+06   7.4523926e+01
   3.4008170e+06   2.3376465e+01
   3.4009400e+06   5.8776855e+01
   3.4009520e+06   3.8818359e+01
   3.4009640e+06   6.5795898e+01
   3.4009830e+06   3.1738281e+01
   3.4010140e+06   3.7048340e+01
   3.4010430e+06   4.2419434e+01
   3.4010590e+06   5.1574707e+01
   3.4010720e+06   2.6000977e+01
   3.4011250e+06   2.3559570e+01
   3.4011690e+06   3.0212402e+01
   3.4011830e+06   2.8198242e+01
   3.4012230e+06   2.4291992e+01
   3.4012370e+06   2.4475098e+01
   3.4012680e+06   2.5268555e+01
   3.4013050e+06   2.8747559e+01
   3.4013270e+06   3.2531738e+01
   3.4013490e+06   4.1442871e+01
   3.4013730e+06   2.9113770e+01
   3.4014200e+06   2.5268555e+01
   3.4014300e+06   5.4992676e+01
   3.4014660e+06   2.6794434e+01
   3.4014920e+06   2.3925781e+01
   3.4015180e+06   2.2888184e+01
   3.4015330e+06   2.4475098e+01
   3.4015800e+06   2.8076172e+01
   3.4016270e+06   3.0395508e+01
   3.4016630e+06   2.7954102e+01
   3.4016740e+06   2.3681641e+01
   3.4017070e+06   2.4291992e+01
   3.4017220e+06   2.4108887e+01
   3.4019110e+06   2.5756836e+01
   3.4019690e+06   2.4291992e+01
   3.4786610e+06   6.2316895e+01
   3.4787090e+06   3.5339355e+01
   3.4788060e+06   4.8767090e+01
   3.4788180e+06   6.1340332e+01
   3.4788440e+06   2.9785156e+01
   3.4788690e+06   3.0273438e+01
   3.4788950e+06   3.5339355e+01
   3.4789160e+06   5.1574707e+01
   3.4789280e+06   4.2419434e+01
   3.4789550e+06   3.8513184e+01
   3.4789800e+06   2.6733398e+01
   3.4790060e+06   3.7841797e+01
   3.4790200e+06   2.7893066e+01
   3.4790440e+06   2.7832031e+01
   3.4790870e+06   3.4179688e+01
   3.4791370e+06   3.9367676e+01
   3.4792320e+06   2.4230957e+01
   3.4792450e+06   2.3071289e+01
   3.4792630e+06   3.1066895e+01
   3.4793010e+06   2.3742676e+01
   3.4793420e+06   2.9418945e+01
   3.4794020e+06   2.3498535e+01
   3.4794520e+06   2.5390625e+01
   3.4795180e+06   2.6916504e+01
   3.4795820e+06   3.1433105e+01
   3.4795990e+06   2.6184082e+01
   3.4797470e+06   2.4719238e+01
   3.6673370e+06   2.3193359e+01
   3.9257810e+06   2.3315430e+01
   3.9601230e+06   2.5756836e+01
   4.1902340e+06   5.5358887e+01
   4.3333580e+06   2.3864746e+01
   4.3824770e+06   2.3193359e+01
   4.4614970e+06   2.3376465e+01
   4.4616240e+06   6.0485840e+01
   4.4630190e+06   2.3315430e+01
   4.4630850e+06   6.3049316e+01
   4.4631740e+06   4.5898437e+01
   4.4632420e+06   2.5085449e+01
   4.4632630e+06   2.5390625e+01
   4.4632920e+06   5.9570312e+01
   4.4633150e+06   3.6437988e+01
   4.4633420e+06   3.7292480e+01
   4.4633750e+06   3.2897949e+01
   4.4634080e+06   3.7719727e+01
   4.4634270e+06   2.4353027e+01
   4.4634500e+06   3.1494141e+01
   4.4634730e+06   2.4169922e+01
   4.4634900e+06   3.0822754e+01
   4.4635230e+06   2.7954102e+01
   4.4635520e+06   3.6193848e+01
   4.4635870e+06   2.3742676e+01
   4.4636050e+06   2.8625488e+01
   4.4636460e+06   2.4536133e+01
   4.4636760e+06   4.0344238e+01
   4.4637030e+06   4.0222168e+01
   4.4637190e+06   2.4597168e+01
   4.4637590e+06   4.3090820e+01
   4.4637980e+06   2.3193359e+01
   4.4638200e+06   3.9428711e+01
   4.4638410e+06   2.3498535e+01
   4.4639160e+06   2.7832031e+01
   4.4639950e+06   2.3803711e+01
   4.4641340e+06   3.2897949e+01
   4.4641480e+06   2.3437500e+01
   4.4642080e+06   2.3254395e+01
   4.4642410e+06   2.7770996e+01
   4.4812800e+06   2.3193359e+01
   4.5726780e+06   1.0223389e+02
   4.5726940e+06   4.0161133e+01
   4.5727400e+06   4.0222168e+01
   4.5727540e+06   5.1574707e+01
   4.5727930e+06   4.4006348e+01
   4.5728090e+06   4.4799805e+01
   4.5728330e+06   2.8686523e+01
   4.5728710e+06   4.3029785e+01
   4.5729000e+06   2.8442383e+01
   4.5729350e+06   3.0273438e+01
   4.5729810e+06   2.4169922e+01
   4.5730210e+06   2.4230957e+01
   4.5730680e+06   2.7832031e+01
   4.5731020e+06   3.6437988e+01
   4.5731180e+06   2.3681641e+01
   4.5731670e+06   3.0151367e+01
   4.5732250e+06   3.5034180e+01
   4.5732450e+06   2.3803711e+01
   4.5732850e+06   2.7404785e+01
   4.5733180e+06   2.5756836e+01
   4.5733870e+06   4.1931152e+01
   4.5735460e+06   2.3010254e+01
   4.5737520e+06   2.6245117e+01
   4.5739630e+06   2.2888184e+01
   4.7438300e+06   6.9885254e+01
   4.7442900e+06   5.8410645e+01
   4.7445370e+06   6.2438965e+01
   4.7447030e+06   5.9509277e+01
   4.7447630e+06   4.1015625e+01
   4.7448050e+06   4.2541504e+01
   4.7448180e+06   3.1494141e+01
   4.7448540e+06   3.7170410e+01
   4.7448650e+06   2.9479980e+01
   4.7449080e+06   2.3986816e+01
   4.7449280e+06   4.5776367e+01
   4.7449430e+06   3.3935547e+01
   4.7449570e+06   3.2470703e+01
   4.7449840e+06   3.1555176e+01
   4.7450290e+06   3.0273438e+01
   4.7450530e+06   3.8391113e+01
   4.7451000e+06   4.1748047e+01
   4.7451520e+06   2.4963379e+01
   4.7451820e+06   3.2775879e+01
   4.7452140e+06   3.8146973e+01
   4.7452470e+06   2.6000977e+01
   4.7452620e+06   2.6062012e+01
   4.7452980e+06   2.7343750e+01
   4.7453290e+06   2.6794434e+01
   4.7453690e+06   3.0883789e+01
   4.7453940e+06   3.0761719e+01
   4.7454400e+06   2.3681641e+01
   4.7454690e+06   3.5461426e+01
   4.7455090e+06   2.7954102e+01
   4.7674200e+06   6.8420410e+01
   5.1372270e+06   2.6672363e+01
   5.3948970e+06   2.3376465e+01
   5.5503630e+06   2.2888184e+01
   5.6461140e+06   7.3730469e+01
   5.6643220e+06   2.5329590e+01
   5.7167870e+06   2.2888184e+01
   5.8136780e+06   2.4230957e+01
   5.8136990e+06   4.8095703e+01
   5.8137270e+06   9.2224121e+01
   5.8137560e+06   4.6264648e+01
   5.8137810e+06   2.8381348e+01
   5.8138080e+06   3.6560059e+01
   5.8138210e+06   3.5949707e+01
   5.8138320e+06   4.5288086e+01
   5.8138610e+06   4.9255371e+01
   5.8138810e+06   2.4230957e+01
   5.8139230e+06   2.5573730e+01
   5.8139550e+06   2.3071289e+01
   5.8139880e+06   3.2409668e+01
   5.8140160e+06   2.5329590e+01
   5.8140440e+06   5.8593750e+01
   5.8141060e+06   3.1250000e+01
   5.8141420e+06   3.0334473e+01
   5.8141650e+06   4.5227051e+01
   5.8142010e+06   2.3071289e+01
   5.8143910e+06   3.4545898e+01
   5.8144620e+06   2.7099609e+01
   5.8146070e+06   2.3315430e+01
   5.8150320e+06   2.5085449e+01
   5.8155060e+06   2.5024414e+01
   5.8156310e+06   2.3376465e+01
   5.8159300e+06   2.7343750e+01
   5.8339400e+06   6.4819336e+01
   5.8490670e+06   7.0068359e+01
   5.9144590e+06   2.6245117e+01
   5.9144940e+06   8.4106445e+01
   5.9145080e+06   3.9489746e+01
   5.9145230e+06   4.3884277e+01
   5.9145370e+06   2.3559570e+01
   5.9145540e+06   3.3264160e+01
   5.9145660e+06   3.0334473e+01
   5.9146030e+06   2.3559570e+01
   5.9146330e+06   4.3884277e+01
   5.9146620e+06   2.9663086e+01
   5.9146850e+06   2.7832031e+01
   5.9147210e+06   2.6794434e+01
   5.9147390e+06   3.0517578e+01
   5.9147680e+06   3.6499023e+01
   5.9147880e+06   2.8198242e+01
   5.9148060e+06   2.7099609e+01
   5.9148340e+06   2.4353027e+01
   5.9148540e+06   3.0700684e+01
   5.9148750e+06   3.7048340e+01
   5.9148860e+06   3.4667969e+01
   5.9149620e+06   3.1311035e+01
   5.9149960e+06   2.7832031e+01
   5.9150450e+06   3.8269043e+01
   5.9150810e+06   2.7465820e+01
   5.9151220e+06   2.6489258e+01
   5.9152110e+06   2.6062012e+01
   5.9152510e+06   2.3803711e+01
   5.9154180e+06   2.5817871e+01
   5.9154660e+06   2.7954102e+01
   5.9159040e+06   2.4719238e+01
   5.9163040e+06   2.3376465e+01
