   5.9990000e+06   0.0000000e+00
   8.9776000e+04   2.1545410e+01
   8.9819000e+04   2.0629883e+01
   8.9840000e+04   2.3071289e+01
   8.9860000e+04   3.2714844e+01
   8.9887000e+04   2.2888184e+01
   8.9914000e+04   2.1911621e+01
   8.9926000e+04   4.8461914e+01
   8.9954000e+04   2.9602051e+01
   8.9982000e+04   3.2287598e+01
   8.9999000e+04   2.8320312e+01
   9.0016000e+04   3.2165527e+01
   9.0026000e+04   2.6062012e+01
   9.0057000e+04   3.1250000e+01
   9.0076000e+04   2.9602051e+01
   9.0090000e+04   3.4179688e+01
   9.0113000e+04   2.0568848e+01
   9.0130000e+04   2.7404785e+01
   9.0153000e+04   2.3498535e+01
   9.0181000e+04   2.1728516e+01
   9.0226000e+04   3.0090332e+01
   9.0270000e+04   3.2836914e+01
   9.0316000e+04   3.2653809e+01
   9.0327000e+04   2.0812988e+01
   9.0367000e+04   2.2827148e+01
   9.0404000e+04   2.0202637e+01
   9.0454000e+04   2.3681641e+01
   9.0594000e+04   1.9958496e+01
   9.0616000e+04   1.9897461e+01
   9.0733000e+04   1.9836426e+01
   9.0834000e+04   2.0812988e+01
   9.1036000e+04   2.0996094e+01
   1.0915300e+05   1.9714355e+01
   1.0936000e+05   2.0874023e+01
   1.0983300e+05   2.1362305e+01
   1.1002900e+05   2.2338867e+01
   1.1005900e+05   3.0090332e+01
   1.1085000e+05   2.3986816e+01
   1.9044600e+05   2.3437500e+01
   1.9048900e+05   1.9592285e+01
   1.9051400e+05   3.2226562e+01
   1.9053500e+05   2.2277832e+01
   1.9057300e+05   3.0273438e+01
   1.9058500e+05   2.7648926e+01
   1.9059700e+05   4.7912598e+01
   1.9061400e+05   3.9245605e+01
   1.9063800e+05   2.0568848e+01
   1.9066200e+05   3.9550781e+01
   1.9067400e+05   2.3559570e+01
   1.9069300e+05   2.1057129e+01
   1.9073600e+05   3.1005859e+01
   1.9075000e+05   3.9611816e+01
   1.9077600e+05   2.0141602e+01
   1.9079100e+05   2.2338867e+01
   1.9080400e+05   1.9958496e+01
   1.9083300e+05   1.9653320e+01
   1.9087500e+05   2.2766113e+01
   1.9090500e+05   2.3010254e+01
   1.9092400e+05   3.1433105e+01
   1.9097700e+05   2.0446777e+01
   1.9098900e+05   2.0324707e+01
   1.9111800e+05   2.0080566e+01
   1.9113200e+05   2.0080566e+01
   1.9114800e+05   2.0874023e+01
   1.9125200e+05   1.9836426e+01
   1.9135800e+05   2.3803711e+01
   1.9142300e+05   1.9897461e+01
   1.9151900e+05   2.1484375e+01
   1.9228700e+05   1.9653320e+01
   1.9444500e+05   2.3925781e+01
   2.2575100e+05   2.0385742e+01
   2.3809000e+05   2.2644043e+01
   2.3812500e+05   2.2949219e+01
   2.3858800e+05   2.0690918e+01
   2.3860200e+05   2.3986816e+01
   2.3864300e+05   2.7282715e+01
   2.3868200e+05   3.2226562e+01
   2.3869300e+05   2.6977539e+01
   2.3872000e+05   2.7465820e+01
   2.3875800e+05   2.5085449e+01
   2.3877900e+05   2.8198242e+01
   2.3883500e+05   2.2644043e+01
   2.3884500e+05   2.1423340e+01
   2.3888100e+05   2.4291992e+01
   2.3892100e+05   3.7597656e+01
   2.3893500e+05   2.1789551e+01
   2.3895600e+05   1.9714355e+01
   2.3898700e+05   2.1606445e+01
   2.3900400e+05   2.1667480e+01
   2.3907000e+05   2.0996094e+01
   2.3909200e+05   1.9958496e+01
   2.3914800e+05   2.1301270e+01
   2.3916200e+05   2.1301270e+01
   2.3920000e+05   2.3803711e+01
   2.3929100e+05   2.4719238e+01
   2.3938900e+05   1.9836426e+01
   2.3944800e+05   1.9836426e+01
   2.4039500e+05   2.0202637e+01
   2.8517600e+05   2.2888184e+01
   2.8526200e+05   2.2216797e+01
   2.8528800e+05   2.4780273e+01
   2.8531100e+05   2.0629883e+01
   2.8534200e+05   2.6977539e+01
   2.8535800e+05   2.2766113e+01
   2.8539300e+05   3.0334473e+01
   2.8540900e+05   3.1188965e+01
   2.8545100e+05   2.5268555e+01
   2.8548000e+05   2.4475098e+01
   2.8550900e+05   2.7160645e+01
   2.8552900e+05   2.2766113e+01
   2.8555300e+05   2.2399902e+01
   2.8556800e+05   2.1972656e+01
   2.8566100e+05   2.4169922e+01
   2.8570000e+05   2.8320312e+01
   2.8572100e+05   2.3559570e+01
   2.8574600e+05   2.3193359e+01
   2.8576100e+05   2.2277832e+01
   2.8578600e+05   2.0874023e+01
   2.8579600e+05   2.3193359e+01
   2.8584300e+05   2.5756836e+01
   2.8588600e+05   2.3498535e+01
   2.8593200e+05   2.5756836e+01
   2.8599500e+05   2.0690918e+01
   2.8606000e+05   1.9958496e+01
   2.8607200e+05   2.5451660e+01
   2.8610800e+05   2.0751953e+01
   2.8618800e+05   2.3986816e+01
   2.8626100e+05   3.2592773e+01
   2.8628900e+05   2.1423340e+01
   2.9847200e+05   2.9541016e+01
   3.5398300e+05   2.0202637e+01
   3.5405400e+05   2.0874023e+01
   3.5409900e+05   2.2583008e+01
   3.5416700e+05   2.0263672e+01
   3.5419100e+05   3.1250000e+01
   3.5421900e+05   2.5817871e+01
   3.5423400e+05   2.6672363e+01
   3.5425600e+05   2.0507812e+01
   3.5427100e+05   2.1911621e+01
   3.5428300e+05   2.4963379e+01
   3.5430700e+05   2.7465820e+01
   3.5433100e+05   2.4291992e+01
   3.5436700e+05   3.0395508e+01
   3.5439600e+05   2.0446777e+01
   3.5442200e+05   3.5095215e+01
   3.5445500e+05   2.3437500e+01
   3.5448500e+05   3.7048340e+01
   3.5450300e+05   2.2094727e+01
   3.5451500e+05   2.7160645e+01
   3.5454100e+05   2.4597168e+01
   3.5455700e+05   3.0334473e+01
   3.5458100e+05   1.9836426e+01
   3.5464200e+05   2.0202637e+01
   3.5466700e+05   2.5329590e+01
   3.5474300e+05   2.5573730e+01
   3.5478600e+05   2.0751953e+01
   3.5482300e+05   2.5085449e+01
   3.5491400e+05   2.3803711e+01
   3.5493300e+05   2.0202637e+01
   3.5496100e+05   2.2644043e+01
   3.5509200e+05   2.1911621e+01
   3.5533000e+05   2.1179199e+01
   6.6961300e+05   2.0202637e+01
   1.2294770e+06   2.4841309e+01
   1.2295490e+06   2.1057129e+01
   1.2305390e+06   2.1789551e+01
   1.2306380e+06   2.4475098e+01
   1.2307020e+06   2.6550293e+01
   1.2307370e+06   2.1240234e+01
   1.2307580e+06   2.0080566e+01
   1.2307870e+06   5.2307129e+01
   1.2307970e+06   5.9509277e+01
   1.2308240e+06   3.1250000e+01
   1.2308620e+06   4.6813965e+01
   1.2308900e+06   2.7099609e+01
   1.2309050e+06   2.5024414e+01
   1.2309600e+06   2.2399902e+01
   1.2309760e+06   2.3864746e+01
   1.2309950e+06   2.0019531e+01
   1.2310280e+06   2.1728516e+01
   1.2310400e+06   2.2277832e+01
   1.2310790e+06   2.7893066e+01
   1.2310950e+06   2.0996094e+01
   1.2311160e+06   2.6245117e+01
   1.2312070e+06   1.9897461e+01
   1.2312510e+06   2.2033691e+01
   1.2313130e+06   1.9775391e+01
   1.2313490e+06   2.2338867e+01
   1.2313690e+06   2.3254395e+01
   1.2316630e+06   2.1179199e+01
   1.2322930e+06   1.9653320e+01
   1.2324290e+06   2.0141602e+01
   1.2328880e+06   2.0812988e+01
   1.3603430e+06   2.0507812e+01
   1.7077860e+06   2.6062012e+01
   1.7078920e+06   1.9592285e+01
   1.7080920e+06   2.2033691e+01
   1.7081280e+06   3.7780762e+01
   1.7081740e+06   2.0874023e+01
   1.7081860e+06   3.3508301e+01
   1.7082120e+06   3.4057617e+01
   1.7082260e+06   3.8024902e+01
   1.7082650e+06   4.7180176e+01
   1.7082780e+06   3.6315918e+01
   1.7083280e+06   2.8320312e+01
   1.7083910e+06   3.7841797e+01
   1.7084320e+06   3.0761719e+01
   1.7084790e+06   2.1118164e+01
   1.7085090e+06   2.1972656e+01
   1.7085770e+06   2.5939941e+01
   1.7085890e+06   2.0935059e+01
   1.7086280e+06   1.9897461e+01
   1.7087050e+06   2.0507812e+01
   1.7087950e+06   2.4658203e+01
   1.7088560e+06   2.1789551e+01
   1.7090510e+06   2.0874023e+01
   1.7264570e+06   2.0080566e+01
   1.7694640e+06   1.9714355e+01
   1.7695530e+06   2.2766113e+01
   1.7695980e+06   2.1606445e+01
   1.7696420e+06   3.3325195e+01
   1.7696600e+06   2.8503418e+01
   1.7696980e+06   2.2888184e+01
   1.7697160e+06   2.1667480e+01
   1.7697270e+06   2.4414062e+01
   1.7697690e+06   2.1789551e+01
   1.7697800e+06   2.7099609e+01
   1.7698060e+06   4.0100098e+01
   1.7698180e+06   2.0019531e+01
   1.7698440e+06   3.1066895e+01
   1.7698590e+06   3.1311035e+01
   1.7698870e+06   2.4353027e+01
   1.7699020e+06   2.1362305e+01
   1.7699210e+06   3.5949707e+01
   1.7699410e+06   3.5827637e+01
   1.7699760e+06   2.4353027e+01
   1.7699920e+06   2.8442383e+01
   1.7700090e+06   2.2338867e+01
   1.7700300e+06   3.2836914e+01
   1.7700420e+06   2.1179199e+01
   1.7700610e+06   2.2888184e+01
   1.7700900e+06   2.0874023e+01
   1.7701070e+06   4.7790527e+01
   1.7701370e+06   1.9592285e+01
   1.7701820e+06   2.5207520e+01
   1.7701940e+06   2.2644043e+01
   1.7702270e+06   3.1799316e+01
   1.7703030e+06   2.3376465e+01
   1.7703380e+06   2.7221680e+01
   1.7703510e+06   2.3498535e+01
   1.7703760e+06   2.1606445e+01
   1.7704770e+06   2.2399902e+01
   1.7705180e+06   2.4963379e+01
   1.7705360e+06   2.2033691e+01
   1.7705680e+06   2.0324707e+01
   1.7705900e+06   1.9592285e+01
   1.7707840e+06   2.3437500e+01
   1.7708970e+06   1.9592285e+01
   1.7710100e+06   2.6245117e+01
   1.7711510e+06   2.0263672e+01
   1.7714160e+06   2.2216797e+01
   1.7714900e+06   2.0080566e+01
   1.8235610e+06   2.4658203e+01
   1.8235840e+06   2.1850586e+01
   1.8236190e+06   2.0690918e+01
   1.8236300e+06   2.9785156e+01
   1.8236560e+06   2.9418945e+01
   1.8236810e+06   3.6743164e+01
   1.8237170e+06   2.0385742e+01
   1.8237380e+06   3.4667969e+01
   1.8237830e+06   2.0629883e+01
   1.8238110e+06   2.2216797e+01
   1.8238260e+06   2.9113770e+01
   1.8238570e+06   2.1423340e+01
   1.8238740e+06   2.5390625e+01
   1.8238940e+06   2.1789551e+01
   1.8239210e+06   4.2053223e+01
   1.8239510e+06   2.7038574e+01
   1.8239710e+06   2.1850586e+01
   1.8239950e+06   2.7221680e+01
   1.8241180e+06   2.6489258e+01
   1.8241570e+06   2.1667480e+01
   1.8242140e+06   2.6062012e+01
   1.8242490e+06   2.4414062e+01
   1.8242670e+06   1.9653320e+01
   1.8243010e+06   2.0141602e+01
   1.8244530e+06   2.2949219e+01
   1.8245610e+06   2.1850586e+01
   1.8246080e+06   2.1118164e+01
   1.8247910e+06   2.6367188e+01
   1.8248480e+06   2.4597168e+01
   1.8248880e+06   2.0935059e+01
   1.8249970e+06   2.0385742e+01
   1.8254870e+06   2.0385742e+01
   1.9048360e+06   1.9958496e+01
   1.9048680e+06   2.2827148e+01
   1.9049650e+06   2.0080566e+01
   1.9050280e+06   2.3193359e+01
   1.9050480e+06   3.8085938e+01
   1.9050600e+06   2.2338867e+01
   1.9050910e+06   3.0151367e+01
   1.9051030e+06   2.5878906e+01
   1.9051150e+06   2.3803711e+01
   1.9051300e+06   2.5512695e+01
   1.9051640e+06   2.5268555e+01
   1.9051830e+06   2.8686523e+01
   1.9052020e+06   4.5227051e+01
   1.9052300e+06   4.2053223e+01
   1.9052410e+06   3.4851074e+01
   1.9052600e+06   2.8442383e+01
   1.9052890e+06   3.1555176e+01
   1.9053080e+06   2.2155762e+01
   1.9053600e+06   2.1484375e+01
   1.9054090e+06   2.8625488e+01
   1.9054290e+06   2.5085449e+01
   1.9054560e+06   2.0812988e+01
   1.9055430e+06   3.3203125e+01
   1.9055650e+06   2.5939941e+01
   1.9056140e+06   3.0334473e+01
   1.9056320e+06   2.2277832e+01
   1.9056570e+06   3.2958984e+01
   1.9057240e+06   1.9653320e+01
   1.9058180e+06   2.0996094e+01
   1.9058790e+06   2.6550293e+01
   1.9060440e+06   2.0019531e+01
   1.9063210e+06   2.2583008e+01
   1.9064630e+06   2.1362305e+01
   2.0237740e+06   2.0324707e+01
   2.0766750e+06   2.4780273e+01
   2.1822520e+06   1.9653320e+01
   2.4358050e+06   2.5939941e+01
   2.5965010e+06   2.2949219e+01
   2.5965970e+06   3.4545898e+01
   2.5966120e+06   2.2583008e+01
   2.5966370e+06   1.9775391e+01
   2.5966710e+06   2.4047852e+01
   2.5966890e+06   4.0893555e+01
   2.5967240e+06   2.5146484e+01
   2.5967360e+06   4.7851562e+01
   2.5967600e+06   2.4536133e+01
   2.5967850e+06   2.9479980e+01
   2.5968040e+06   3.6071777e+01
   2.5968380e+06   3.7780762e+01
   2.5968520e+06   2.4169922e+01
   2.5968810e+06   3.0212402e+01
   2.5968970e+06   2.2705078e+01
   2.5969100e+06   2.8747559e+01
   2.5969270e+06   2.2705078e+01
   2.5969770e+06   2.4047852e+01
   2.5969900e+06   2.4230957e+01
   2.5970490e+06   3.1311035e+01
   2.5970590e+06   2.0629883e+01
   2.5970710e+06   2.3925781e+01
   2.5970930e+06   2.6245117e+01
   2.5971150e+06   2.0080566e+01
   2.5971580e+06   2.6977539e+01
   2.5971900e+06   2.0446777e+01
   2.5972180e+06   2.0080566e+01
   2.5973620e+06   1.9775391e+01
   2.5973730e+06   2.2094727e+01
   2.5974020e+06   1.9836426e+01
   2.5974370e+06   2.2399902e+01
   2.5975370e+06   2.1118164e+01
   2.5975870e+06   2.2338867e+01
   2.5976100e+06   2.0690918e+01
   2.5978470e+06   2.0446777e+01
   2.5978570e+06   2.2094727e+01
   2.7122590e+06   2.2094727e+01
   2.7127720e+06   2.5573730e+01
   2.7700300e+06   1.9653320e+01
   3.2565300e+06   2.6916504e+01
   3.2565760e+06   2.3010254e+01
   3.2566160e+06   2.4658203e+01
   3.2566270e+06   4.4189453e+01
   3.2566430e+06   3.3630371e+01
   3.2566610e+06   5.2001953e+01
   3.2566770e+06   4.1870117e+01
   3.2567120e+06   2.6794434e+01
   3.2567350e+06   3.4179688e+01
   3.2567730e+06   3.0578613e+01
   3.2567940e+06   2.3254395e+01
   3.2568080e+06   2.8503418e+01
   3.2568220e+06   3.6010742e+01
   3.2568430e+06   2.2216797e+01
   3.2568820e+06   2.4475098e+01
   3.2569110e+06   1.9592285e+01
   3.2569210e+06   2.4169922e+01
   3.2569540e+06   2.3315430e+01
   3.2569640e+06   2.6428223e+01
   3.2569940e+06   2.1301270e+01
   3.2570190e+06   2.0568848e+01
   3.2570530e+06   2.2949219e+01
   3.2571030e+06   1.9653320e+01
   3.2573760e+06   2.1484375e+01
   3.2718280e+06   2.6977539e+01
   3.2726590e+06   2.0324707e+01
   3.3388590e+06   2.4841309e+01
   3.3389040e+06   2.1606445e+01
   3.3389500e+06   2.8503418e+01
   3.3389790e+06   2.6733398e+01
   3.3390090e+06   2.2521973e+01
   3.3390330e+06   2.3498535e+01
   3.3390530e+06   4.5898438e+01
   3.3390760e+06   3.7719727e+01
   3.3390910e+06   2.5878906e+01
   3.3391140e+06   4.5288086e+01
   3.3391430e+06   2.9418945e+01
   3.3391560e+06   2.0019531e+01
   3.3391840e+06   2.9846191e+01
   3.3391980e+06   2.5817871e+01
   3.3392110e+06   2.8442383e+01
   3.3392320e+06   3.4118652e+01
   3.3392430e+06   2.2705078e+01
   3.3393020e+06   2.5634766e+01
   3.3393240e+06   2.2155762e+01
   3.3393440e+06   2.6611328e+01
   3.3393650e+06   3.2653809e+01
   3.3394060e+06   2.4475098e+01
   3.3394370e+06   3.0090332e+01
   3.3394680e+06   2.0507812e+01
   3.3395030e+06   2.2521973e+01
   3.3395260e+06   2.1606445e+01
   3.3395580e+06   2.1667480e+01
   3.3396350e+06   2.0812988e+01
   3.3396840e+06   1.9958496e+01
   3.3397330e+06   2.0507812e+01
   3.3398680e+06   2.3498535e+01
   3.3399640e+06   2.0996094e+01
   3.3399760e+06   1.9592285e+01
   3.3399900e+06   2.0935059e+01
   3.3400120e+06   2.3254395e+01
   3.3400450e+06   2.4475098e+01
   3.3401140e+06   2.0507813e+01
   3.3402880e+06   2.2766113e+01
   3.3404080e+06   2.0446777e+01
   3.3405510e+06   2.0141602e+01
   3.3411050e+06   2.0568848e+01
   3.3417530e+06   2.0629883e+01
   3.4008520e+06   2.3742676e+01
   3.4008820e+06   2.0324707e+01
   3.4009150e+06   2.3803711e+01
   3.4009370e+06   2.4230957e+01
   3.4009610e+06   2.6428223e+01
   3.4009840e+06   2.3010254e+01
   3.4010160e+06   2.1362305e+01
   3.4010370e+06   2.9907227e+01
   3.4010510e+06   2.5573730e+01
   3.4010820e+06   2.9052734e+01
   3.4011080e+06   4.8706055e+01
   3.4011340e+06   1.9897461e+01
   3.4011500e+06   2.7770996e+01
   3.4011750e+06   2.1606445e+01
   3.4012030e+06   2.5390625e+01
   3.4012160e+06   3.4667969e+01
   3.4012470e+06   3.4301758e+01
   3.4012730e+06   3.1860352e+01
   3.4013080e+06   2.0141602e+01
   3.4013200e+06   2.5512695e+01
   3.4013370e+06   2.0568848e+01
   3.4013600e+06   2.6367188e+01
   3.4013890e+06   2.3681641e+01
   3.4014670e+06   2.1667480e+01
   3.4015050e+06   2.4475098e+01
   3.4015190e+06   2.7770996e+01
   3.4015410e+06   2.6184082e+01
   3.4016710e+06   2.1972656e+01
   3.4017530e+06   2.1606445e+01
   3.4017960e+06   2.0385742e+01
   3.4020440e+06   2.2155762e+01
   3.4021250e+06   2.0324707e+01
   3.4023560e+06   2.2155762e+01
   3.4785660e+06   2.1240234e+01
   3.4786870e+06   2.0812988e+01
   3.4787390e+06   1.9592285e+01
   3.4787740e+06   2.0080566e+01
   3.4788380e+06   2.3193359e+01
   3.4788820e+06   2.7404785e+01
   3.4789000e+06   3.7902832e+01
   3.4789600e+06   2.4475098e+01
   3.4789750e+06   3.0090332e+01
   3.4789970e+06   2.4414062e+01
   3.4790110e+06   2.3925781e+01
   3.4790220e+06   2.7038574e+01
   3.4790450e+06   2.3254395e+01
   3.4790680e+06   2.3986816e+01
   3.4790830e+06   2.0263672e+01
   3.4790930e+06   2.1423340e+01
   3.4791230e+06   2.7282715e+01
   3.4791470e+06   2.0263672e+01
   3.4791700e+06   2.6000977e+01
   3.4791810e+06   2.5695801e+01
   3.4792150e+06   2.4291992e+01
   3.4792390e+06   3.2043457e+01
   3.4792770e+06   2.2521973e+01
   3.4793120e+06   2.3986816e+01
   3.4793570e+06   2.8076172e+01
   3.4793710e+06   2.3986816e+01
   3.4794180e+06   2.4780273e+01
   3.4794390e+06   2.7038574e+01
   3.4794710e+06   2.1911621e+01
   3.4795720e+06   2.4353027e+01
   3.4796040e+06   2.2827148e+01
   3.4797760e+06   2.2399902e+01
   3.4798930e+06   2.0324707e+01
   3.4800480e+06   2.3620605e+01
   3.5687080e+06   2.0690918e+01
   3.6114680e+06   1.9653320e+01
   3.6118570e+06   2.0446777e+01
   4.0858590e+06   2.0446777e+01
   4.1685570e+06   1.9592285e+01
   4.4631710e+06   2.0629883e+01
   4.4632750e+06   3.0700684e+01
   4.4633010e+06   2.4902344e+01
   4.4633200e+06   2.4658203e+01
   4.4633330e+06   3.8024902e+01
   4.4633610e+06   2.0202637e+01
   4.4633750e+06   3.8452148e+01
   4.4633960e+06   2.6611328e+01
   4.4634110e+06   2.6000977e+01
   4.4634360e+06   4.5349121e+01
   4.4634640e+06   3.0944824e+01
   4.4634840e+06   2.3864746e+01
   4.4635050e+06   3.7536621e+01
   4.4635440e+06   3.6987305e+01
   4.4635750e+06   2.5268555e+01
   4.4636030e+06   2.9541016e+01
   4.4636160e+06   2.6184082e+01
   4.4636390e+06   2.4536133e+01
   4.4636510e+06   4.1931152e+01
   4.4636750e+06   2.2705078e+01
   4.4636980e+06   2.7832031e+01
   4.4637540e+06   2.2033691e+01
   4.4637740e+06   2.2033691e+01
   4.4638320e+06   2.1789551e+01
   4.4638680e+06   1.9958496e+01
   4.4638970e+06   1.9958496e+01
   4.4639220e+06   2.2155762e+01
   4.4639820e+06   2.0935059e+01
   4.4640580e+06   2.1423340e+01
   4.4641250e+06   2.4475098e+01
   4.4641360e+06   2.1301270e+01
   4.4643880e+06   1.9592285e+01
   4.4669600e+06   2.1057129e+01
   4.4671070e+06   2.3193359e+01
   4.4814600e+06   2.2277832e+01
   4.4817290e+06   2.1606445e+01
   4.4907160e+06   2.0080566e+01
   4.5274350e+06   2.1850586e+01
   4.5332320e+06   2.0141602e+01
   4.5725610e+06   2.3437500e+01
   4.5725850e+06   2.1423340e+01
   4.5726720e+06   2.8381348e+01
   4.5727140e+06   1.9775391e+01
   4.5727470e+06   3.4118652e+01
   4.5727730e+06   3.4362793e+01
   4.5727930e+06   3.2592773e+01
   4.5728150e+06   2.4047852e+01
   4.5728420e+06   4.1503906e+01
   4.5728760e+06   2.4291992e+01
   4.5728910e+06   3.4484863e+01
   4.5729070e+06   2.7648926e+01
   4.5729350e+06   4.1870117e+01
   4.5729530e+06   2.5390625e+01
   4.5729820e+06   2.9296875e+01
   4.5730560e+06   2.1667480e+01
   4.5730770e+06   2.6000977e+01
   4.5730910e+06   2.0812988e+01
   4.5731070e+06   2.5695801e+01
   4.5731250e+06   2.9174805e+01
   4.5731580e+06   2.5390625e+01
   4.5732310e+06   2.1606445e+01
   4.5733490e+06   2.0629883e+01
   4.5733910e+06   2.0263672e+01
   4.5739420e+06   2.1667480e+01
   4.5743930e+06   2.0141602e+01
   4.7006660e+06   1.9653320e+01
   4.7447580e+06   2.2827148e+01
   4.7448780e+06   2.1667480e+01
   4.7449110e+06   2.3010254e+01
   4.7449260e+06   2.7099609e+01
   4.7449770e+06   2.1606445e+01
   4.7449920e+06   2.5573730e+01
   4.7450030e+06   2.4108887e+01
   4.7450280e+06   2.8259277e+01
   4.7450570e+06   3.5583496e+01
   4.7450740e+06   4.1870117e+01
   4.7450850e+06   3.3996582e+01
   4.7451090e+06   3.1738281e+01
   4.7451370e+06   4.1381836e+01
   4.7451630e+06   3.2653809e+01
   4.7451840e+06   2.7160645e+01
   4.7452260e+06   3.2165527e+01
   4.7452520e+06   2.5207520e+01
   4.7452770e+06   2.7832031e+01
   4.7452980e+06   2.7465820e+01
   4.7453470e+06   2.1179199e+01
   4.7453860e+06   2.4597168e+01
   4.7453970e+06   2.5207520e+01
   4.7454250e+06   2.1484375e+01
   4.7454580e+06   2.6428223e+01
   4.7454920e+06   2.7404785e+01
   4.7455810e+06   2.1057129e+01
   4.7456240e+06   2.0874023e+01
   4.7457120e+06   2.3986816e+01
   4.7457610e+06   2.0019531e+01
   4.7458070e+06   2.3803711e+01
   4.7459200e+06   2.0141602e+01
   4.7459840e+06   2.2155762e+01
   4.9005130e+06   2.0507813e+01
   5.0030440e+06   1.9592285e+01
   5.2483760e+06   1.9775391e+01
   5.4157020e+06   2.4108887e+01
   5.4993750e+06   1.9714355e+01
   5.6527980e+06   1.9653320e+01
   5.6912770e+06   2.0324707e+01
   5.8134910e+06   2.1057129e+01
   5.8135330e+06   1.9958496e+01
   5.8136070e+06   2.5695801e+01
   5.8136290e+06   2.1667480e+01
   5.8136590e+06   2.4291992e+01
   5.8137040e+06   2.3925781e+01
   5.8137140e+06   2.0324707e+01
   5.8137510e+06   2.9663086e+01
   5.8137920e+06   3.2775879e+01
   5.8138110e+06   4.3029785e+01
   5.8138320e+06   2.2644043e+01
   5.8138530e+06   2.6367188e+01
   5.8138740e+06   2.2277832e+01
   5.8139010e+06   2.8198242e+01
   5.8139330e+06   2.2827148e+01
   5.8139570e+06   2.4414062e+01
   5.8139780e+06   2.6977539e+01
   5.8140310e+06   2.9846191e+01
   5.8140620e+06   2.1911621e+01
   5.8141070e+06   2.2583008e+01
   5.8141200e+06   2.2094727e+01
   5.8141490e+06   2.3376465e+01
   5.8141770e+06   2.0263672e+01
   5.8142310e+06   2.2033691e+01
   5.8142440e+06   2.2338867e+01
   5.8142580e+06   1.9897461e+01
   5.8142830e+06   2.1118164e+01
   5.8143590e+06   2.1606445e+01
   5.8145430e+06   2.0629883e+01
   5.8146030e+06   2.2094727e+01
   5.8146350e+06   2.0935059e+01
   5.8147030e+06   2.0324707e+01
   5.8148720e+06   2.2216797e+01
   5.8149910e+06   2.0019531e+01
   5.8150190e+06   2.2521973e+01
   5.9143200e+06   2.1606445e+01
   5.9143540e+06   1.9653320e+01
   5.9144010e+06   3.0456543e+01
   5.9144330e+06   2.1545410e+01
   5.9144700e+06   3.2775879e+01
   5.9144860e+06   2.8381348e+01
   5.9145040e+06   2.4536133e+01
   5.9145240e+06   2.4169922e+01
   5.9145360e+06   2.1789551e+01
   5.9145570e+06   3.2104492e+01
   5.9145770e+06   2.2460938e+01
   5.9145990e+06   4.8950195e+01
   5.9146140e+06   3.6010742e+01
   5.9146540e+06   2.2827148e+01
   5.9146660e+06   4.0954590e+01
   5.9146860e+06   2.8991699e+01
   5.9147160e+06   2.5573730e+01
   5.9147360e+06   2.2033691e+01
   5.9147810e+06   2.3864746e+01
   5.9148120e+06   2.0019531e+01
   5.9148300e+06   2.1240234e+01
   5.9148400e+06   2.6977539e+01
   5.9148850e+06   2.0568848e+01
   5.9149030e+06   2.2583008e+01
   5.9149270e+06   2.8869629e+01
   5.9149690e+06   2.2460938e+01
   5.9149930e+06   2.4963379e+01
   5.9150450e+06   2.7343750e+01
   5.9150590e+06   2.3803711e+01
   5.9150820e+06   2.2277832e+01
   5.9151550e+06   1.9958496e+01
   5.9151680e+06   1.9897461e+01
   5.9151960e+06   2.5268555e+01
   5.9152290e+06   2.0629883e+01
   5.9152690e+06   1.9653320e+01
   5.9154220e+06   1.9592285e+01
   5.9155530e+06   1.9653320e+01
   5.9156550e+06   1.9714355e+01
   5.9156650e+06   2.1057129e+01
   5.9157960e+06   2.2888184e+01
   5.9171220e+06   1.9897461e+01
   5.9246750e+06   2.1606445e+01
   5.9330760e+06   2.0874023e+01
   5.9675790e+06   2.1484375e+01
   5.9727810e+06   1.9653320e+01
   5.9929000e+06   2.0141602e+01
