   5.9990000e+06   0.0000000e+00
   1.3905000e+04   3.1677246e+01
   1.5861000e+04   4.3029785e+01
   1.8914000e+04   4.0771484e+01
   2.7629000e+04   4.1687012e+01
   3.9220000e+04   4.1137695e+01
   5.1781000e+04   3.7353516e+01
   6.5670000e+04   4.3518066e+01
   7.7776000e+04   4.3579102e+01
   8.6931000e+04   4.3212891e+01
   8.8483000e+04   2.2827148e+01
   8.8502000e+04   2.2827148e+01
   8.8533000e+04   3.6132812e+01
   8.9655000e+04   3.2165527e+01
   8.9677000e+04   2.4291992e+01
   8.9779000e+04   2.7160645e+01
   8.9819000e+04   2.3071289e+01
   8.9848000e+04   2.3681641e+01
   8.9883000e+04   3.6621094e+01
   8.9900000e+04   2.1728516e+01
   8.9935000e+04   2.4536133e+01
   8.9975000e+04   2.3498535e+01
   8.9985000e+04   2.4658203e+01
   9.0009000e+04   2.6489258e+01
   9.0023000e+04   2.3498535e+01
   9.0055000e+04   2.2644043e+01
   9.0081000e+04   3.0639648e+01
   9.0094000e+04   5.7983398e+01
   9.0141000e+04   3.3264160e+01
   9.0160000e+04   3.1616211e+01
   9.0205000e+04   2.4963379e+01
   9.0218000e+04   2.5207520e+01
   9.0287000e+04   2.4047852e+01
   9.0309000e+04   3.0517578e+01
   9.0376000e+04   3.6315918e+01
   9.0400000e+04   2.1484375e+01
   9.0618000e+04   2.4291992e+01
   9.0710000e+04   2.7770996e+01
   9.0972000e+04   2.1545410e+01
   1.0860000e+05   3.8696289e+01
   1.0881000e+05   2.1606445e+01
   1.0888300e+05   2.6367187e+01
   1.0896100e+05   3.6987305e+01
   1.0912800e+05   3.2287598e+01
   1.0915800e+05   2.4780273e+01
   1.0918200e+05   3.8024902e+01
   1.0926700e+05   2.4230957e+01
   1.0936000e+05   2.7282715e+01
   1.0937000e+05   3.3630371e+01
   1.0950100e+05   2.1484375e+01
   1.0956000e+05   3.0761719e+01
   1.0977000e+05   2.3681641e+01
   1.0980000e+05   2.6062012e+01
   1.0987100e+05   2.1606445e+01
   1.0992600e+05   2.2277832e+01
   1.0999600e+05   2.7770996e+01
   1.1006400e+05   2.4047852e+01
   1.1013700e+05   2.3498535e+01
   1.1018400e+05   2.2155762e+01
   1.1029800e+05   2.1362305e+01
   1.1035400e+05   2.1301270e+01
   1.1053200e+05   2.6123047e+01
   1.1095100e+05   2.3315430e+01
   1.2228200e+05   3.3569336e+01
   1.2428000e+05   2.8991699e+01
   1.2527200e+05   2.4719238e+01
   1.2561400e+05   3.0944824e+01
   1.2838200e+05   3.8757324e+01
   1.3343000e+05   3.7414551e+01
   1.3625900e+05   3.7536621e+01
   1.4370300e+05   3.4790039e+01
   1.4596900e+05   3.8208008e+01
   1.9038200e+05   3.6621094e+01
   1.9041300e+05   2.1301270e+01
   1.9043400e+05   2.6672363e+01
   1.9047400e+05   3.0212402e+01
   1.9050800e+05   3.2043457e+01
   1.9054500e+05   2.8381348e+01
   1.9055700e+05   6.0607910e+01
   1.9059800e+05   2.3376465e+01
   1.9061000e+05   3.0273438e+01
   1.9063600e+05   2.3437500e+01
   1.9066400e+05   2.4108887e+01
   1.9068000e+05   2.1423340e+01
   1.9073500e+05   2.5024414e+01
   1.9076200e+05   3.5949707e+01
   1.9077400e+05   2.2705078e+01
   1.9078500e+05   2.5695801e+01
   1.9080800e+05   2.3254395e+01
   1.9082100e+05   2.6977539e+01
   1.9084400e+05   2.1423340e+01
   1.9087400e+05   3.4057617e+01
   1.9091200e+05   2.2399902e+01
   1.9098100e+05   2.1850586e+01
   1.9108700e+05   2.2705078e+01
   1.9119400e+05   2.1911621e+01
   1.9123200e+05   2.2338867e+01
   1.9130200e+05   2.8076172e+01
   1.9143200e+05   2.1484375e+01
   1.9162200e+05   2.1850586e+01
   2.0676500e+05   2.2521973e+01
   2.0722300e+05   2.4230957e+01
   2.0729600e+05   4.1870117e+01
   2.0750900e+05   3.0822754e+01
   2.0754100e+05   2.2766113e+01
   2.0776800e+05   3.6499023e+01
   2.0811600e+05   4.1137695e+01
   2.0849100e+05   2.7648926e+01
   2.0858100e+05   2.3376465e+01
   2.0879200e+05   3.1799316e+01
   2.0904000e+05   3.1555176e+01
   2.0929900e+05   2.9846191e+01
   2.0955100e+05   2.3071289e+01
   2.0981400e+05   2.5451660e+01
   2.1011300e+05   2.6245117e+01
   2.1046800e+05   2.3986816e+01
   2.2578100e+05   2.6733398e+01
   2.2584700e+05   3.0761719e+01
   2.2592200e+05   2.1423340e+01
   2.2595700e+05   4.1992188e+01
   2.2601300e+05   2.3254395e+01
   2.2606400e+05   3.0517578e+01
   2.2626500e+05   2.3010254e+01
   2.2628400e+05   3.4606934e+01
   2.2636700e+05   3.1921387e+01
   2.2661800e+05   2.2705078e+01
   2.2671200e+05   2.4291992e+01
   2.3759400e+05   2.3071289e+01
   2.3771300e+05   2.9113770e+01
   2.3785600e+05   4.0832520e+01
   2.3806500e+05   4.2297363e+01
   2.3811900e+05   2.2705078e+01
   2.3830700e+05   2.8991699e+01
   2.3854900e+05   2.3864746e+01
   2.3857600e+05   3.0395508e+01
   2.3860900e+05   2.6184082e+01
   2.3862500e+05   3.0944824e+01
   2.3867600e+05   2.5817871e+01
   2.3869700e+05   3.0151367e+01
   2.3874400e+05   2.4169922e+01
   2.3877700e+05   2.4658203e+01
   2.3880600e+05   2.3803711e+01
   2.3882600e+05   4.4189453e+01
   2.3887200e+05   2.3925781e+01
   2.3892800e+05   2.1972656e+01
   2.3895000e+05   2.7465820e+01
   2.3896900e+05   2.2521973e+01
   2.3897900e+05   2.3498535e+01
   2.3900900e+05   2.5207520e+01
   2.3903200e+05   2.3437500e+01
   2.3904300e+05   2.2338867e+01
   2.3910700e+05   2.5085449e+01
   2.3925000e+05   2.4963379e+01
   2.3938900e+05   2.2338867e+01
   2.8457200e+05   2.6062012e+01
   2.8501500e+05   4.0039062e+01
   2.8506500e+05   2.9907227e+01
   2.8519700e+05   2.4658203e+01
   2.8522600e+05   2.5756836e+01
   2.8530900e+05   2.1240234e+01
   2.8535000e+05   2.8320312e+01
   2.8538100e+05   2.1972656e+01
   2.8539200e+05   3.2897949e+01
   2.8542000e+05   2.7099609e+01
   2.8543600e+05   2.6550293e+01
   2.8545700e+05   2.9174805e+01
   2.8550800e+05   2.6611328e+01
   2.8552300e+05   2.9052734e+01
   2.8555400e+05   2.5207520e+01
   2.8562100e+05   2.7282715e+01
   2.8567900e+05   2.1972656e+01
   2.8571400e+05   2.7648926e+01
   2.8574500e+05   2.3925781e+01
   2.8576900e+05   2.2460938e+01
   2.8581400e+05   2.2705078e+01
   2.8586200e+05   2.6062012e+01
   2.8587700e+05   2.7954102e+01
   2.8598800e+05   2.2399902e+01
   2.8626000e+05   2.3437500e+01
   2.8643100e+05   2.1972656e+01
   3.2263900e+05   3.3996582e+01
   3.2279500e+05   2.3010254e+01
   3.2320400e+05   2.6733398e+01
   3.5393100e+05   3.6376953e+01
   3.5397900e+05   2.2705078e+01
   3.5407100e+05   2.7526855e+01
   3.5411500e+05   3.0944824e+01
   3.5416500e+05   2.1301270e+01
   3.5418900e+05   2.7404785e+01
   3.5421000e+05   3.4057617e+01
   3.5428200e+05   2.7465820e+01
   3.5431400e+05   3.8513184e+01
   3.5435100e+05   2.1484375e+01
   3.5436300e+05   2.9113770e+01
   3.5440400e+05   2.5573730e+01
   3.5448500e+05   2.1606445e+01
   3.5449800e+05   2.3071289e+01
   3.5453500e+05   2.2094727e+01
   3.5459000e+05   2.5329590e+01
   3.5463100e+05   5.1330566e+01
   3.5498200e+05   2.3620605e+01
   3.5515100e+05   2.2216797e+01
   4.0654600e+05   3.5095215e+01
   4.0680200e+05   2.8381348e+01
   4.0702100e+05   2.5695801e+01
   4.0719300e+05   2.5268555e+01
   4.0761300e+05   2.2644043e+01
   4.0793800e+05   2.2705078e+01
   7.6192300e+05   2.4719238e+01
   9.5550900e+05   4.6020508e+01
   9.8379500e+05   4.3762207e+01
   1.0212750e+06   4.4616699e+01
   1.0423920e+06   4.5959473e+01
   1.0751970e+06   4.1564941e+01
   1.0783980e+06   4.7485352e+01
   1.1132420e+06   4.3395996e+01
   1.1477800e+06   4.4860840e+01
   1.1583460e+06   5.0415039e+01
   1.1633420e+06   2.7832031e+01
   1.1997830e+06   4.0954590e+01
   1.2035110e+06   4.6325684e+01
   1.2139370e+06   4.0527344e+01
   1.2294040e+06   2.6550293e+01
   1.2294550e+06   2.1545410e+01
   1.2295290e+06   3.5095215e+01
   1.2300930e+06   4.3884277e+01
   1.2304870e+06   2.7160645e+01
   1.2305900e+06   3.0822754e+01
   1.2307070e+06   2.2644043e+01
   1.2307400e+06   2.2216797e+01
   1.2308020e+06   4.9255371e+01
   1.2308180e+06   3.9611816e+01
   1.2308690e+06   2.7099609e+01
   1.2309010e+06   2.3254395e+01
   1.2309200e+06   3.5278320e+01
   1.2309460e+06   3.0639648e+01
   1.2309920e+06   2.5268555e+01
   1.2310140e+06   3.1066895e+01
   1.2310570e+06   3.6132812e+01
   1.2311090e+06   2.4963379e+01
   1.2311330e+06   2.7404785e+01
   1.2312110e+06   2.2827148e+01
   1.2312400e+06   2.2521973e+01
   1.2312780e+06   2.2094727e+01
   1.2312890e+06   2.4780273e+01
   1.2313660e+06   2.2094727e+01
   1.2314480e+06   2.2399902e+01
   1.2315550e+06   2.2155762e+01
   1.2317260e+06   2.2399902e+01
   1.2492500e+06   2.5451660e+01
   1.2493110e+06   4.5776367e+01
   1.2493730e+06   2.2827148e+01
   1.2495140e+06   2.8137207e+01
   1.2496340e+06   3.9245605e+01
   1.2498390e+06   3.9001465e+01
   1.2498980e+06   3.0334473e+01
   1.2499980e+06   3.3081055e+01
   1.2500910e+06   2.1911621e+01
   1.2501270e+06   2.4902344e+01
   1.2502530e+06   2.5878906e+01
   1.2503800e+06   2.6000977e+01
   1.2504110e+06   3.0212402e+01
   1.2504420e+06   2.6916504e+01
   1.2505550e+06   2.1362305e+01
   1.2506320e+06   2.2277832e+01
   1.2507040e+06   2.5329590e+01
   1.2509590e+06   2.5207520e+01
   1.2509820e+06   2.5756836e+01
   1.2511410e+06   3.2409668e+01
   1.2513410e+06   2.2949219e+01
   1.2515680e+06   2.2399902e+01
   1.2516240e+06   2.3254395e+01
   1.2518020e+06   2.4841309e+01
   1.2522990e+06   2.4414062e+01
   1.2525760e+06   2.2949219e+01
   1.2529010e+06   2.2094727e+01
   1.2621010e+06   3.5339355e+01
   1.2629000e+06   3.9916992e+01
   1.2639550e+06   3.3752441e+01
   1.2805080e+06   3.9855957e+01
   1.2872000e+06   3.9123535e+01
   1.3573790e+06   4.5532227e+01
   1.3607730e+06   4.8034668e+01
   1.3912400e+06   4.2602539e+01
   1.4263980e+06   4.6081543e+01
   1.4471530e+06   4.3518066e+01
   1.4536740e+06   4.3273926e+01
   1.4600020e+06   4.8217773e+01
   1.4902360e+06   4.2968750e+01
   1.5051090e+06   4.5715332e+01
   1.5086480e+06   3.9672852e+01
   1.5154320e+06   3.9672852e+01
   1.5326340e+06   4.7912598e+01
   1.5339840e+06   2.6184082e+01
   1.5457180e+06   4.2358398e+01
   1.5639390e+06   4.2175293e+01
   1.5687220e+06   3.9428711e+01
   1.5749680e+06   4.2236328e+01
   1.5777650e+06   4.4189453e+01
   1.5933030e+06   4.6630859e+01
   1.6090410e+06   4.7790527e+01
   1.6145610e+06   4.3273926e+01
   1.6345540e+06   4.2480469e+01
   1.6349720e+06   4.1381836e+01
   1.6528490e+06   4.8278809e+01
   1.6728840e+06   4.2968750e+01
   1.6738880e+06   4.6508789e+01
   1.6748110e+06   4.5776367e+01
   1.6879320e+06   4.2663574e+01
   1.6895610e+06   4.0344238e+01
   1.6903340e+06   4.1625977e+01
   1.7073180e+06   4.4738770e+01
   1.7076520e+06   3.7353516e+01
   1.7079560e+06   3.2592773e+01
   1.7080600e+06   3.3447266e+01
   1.7080950e+06   2.3925781e+01
   1.7081330e+06   3.3996582e+01
   1.7081430e+06   2.8564453e+01
   1.7081720e+06   3.5522461e+01
   1.7082260e+06   2.1789551e+01
   1.7082580e+06   2.1728516e+01
   1.7082750e+06   2.3559570e+01
   1.7083090e+06   4.9316406e+01
   1.7083220e+06   2.4963379e+01
   1.7083320e+06   2.2399902e+01
   1.7083710e+06   3.9245605e+01
   1.7084040e+06   3.3630371e+01
   1.7084150e+06   2.3803711e+01
   1.7084520e+06   3.5034180e+01
   1.7084690e+06   2.5268555e+01
   1.7085000e+06   2.3071289e+01
   1.7085330e+06   2.7221680e+01
   1.7085630e+06   2.9846191e+01
   1.7087050e+06   2.5146484e+01
   1.7087840e+06   2.1789551e+01
   1.7088610e+06   2.2216797e+01
   1.7091350e+06   2.3254395e+01
   1.7092400e+06   2.3620605e+01
   1.7245760e+06   2.8320312e+01
   1.7247300e+06   3.5095215e+01
   1.7250720e+06   3.4973145e+01
   1.7251120e+06   2.7099609e+01
   1.7252150e+06   2.5817871e+01
   1.7252630e+06   2.7465820e+01
   1.7252890e+06   3.0273438e+01
   1.7254180e+06   2.3925781e+01
   1.7254580e+06   3.0212402e+01
   1.7255900e+06   2.5695801e+01
   1.7257450e+06   2.5024414e+01
   1.7258160e+06   2.5756836e+01
   1.7258650e+06   2.3010254e+01
   1.7260910e+06   2.5390625e+01
   1.7265780e+06   2.1240234e+01
   1.7270500e+06   2.4291992e+01
   1.7273250e+06   2.2949219e+01
   1.7275620e+06   2.1850586e+01
   1.7280470e+06   2.1789551e+01
   1.7357630e+06   3.3935547e+01
   1.7368750e+06   3.4973145e+01
   1.7378250e+06   3.7109375e+01
   1.7388350e+06   3.3142090e+01
   1.7398270e+06   3.3020020e+01
   1.7459530e+06   3.8208008e+01
   1.7541980e+06   3.6376953e+01
   1.7553940e+06   3.4301758e+01
   1.7693560e+06   2.1789551e+01
   1.7694630e+06   3.4179688e+01
   1.7694750e+06   2.4902344e+01
   1.7694940e+06   2.5268555e+01
   1.7695120e+06   3.8757324e+01
   1.7695690e+06   3.2714844e+01
   1.7696400e+06   2.9785156e+01
   1.7697160e+06   4.1870117e+01
   1.7697640e+06   2.2888184e+01
   1.7697740e+06   3.6071777e+01
   1.7697900e+06   2.5268555e+01
   1.7698220e+06   2.9235840e+01
   1.7698330e+06   2.6794434e+01
   1.7698600e+06   2.5024414e+01
   1.7699040e+06   3.4484863e+01
   1.7699380e+06   3.3569336e+01
   1.7699780e+06   2.8381348e+01
   1.7700020e+06   3.8146973e+01
   1.7700120e+06   2.5451660e+01
   1.7700420e+06   2.6611328e+01
   1.7700570e+06   2.4169922e+01
   1.7700970e+06   3.1982422e+01
   1.7701070e+06   2.1728516e+01
   1.7701320e+06   2.7770996e+01
   1.7701450e+06   3.6804199e+01
   1.7701870e+06   2.9907227e+01
   1.7701970e+06   3.4606934e+01
   1.7702430e+06   2.3925781e+01
   1.7703670e+06   2.5573730e+01
   1.7704030e+06   3.0273438e+01
   1.7705200e+06   2.1545410e+01
   1.7981470e+06   2.2338867e+01
   1.8235520e+06   3.7109375e+01
   1.8235910e+06   4.1625977e+01
   1.8236090e+06   2.2399902e+01
   1.8236810e+06   3.3081055e+01
   1.8237230e+06   3.5156250e+01
   1.8237370e+06   3.7780762e+01
   1.8237820e+06   3.4851074e+01
   1.8237950e+06   3.0517578e+01
   1.8238190e+06   2.3437500e+01
   1.8238570e+06   2.2644043e+01
   1.8238910e+06   5.1879883e+01
   1.8239090e+06   2.1240234e+01
   1.8239390e+06   3.0273438e+01
   1.8239580e+06   2.1240234e+01
   1.8239860e+06   2.3864746e+01
   1.8240320e+06   3.9611816e+01
   1.8240640e+06   2.4353027e+01
   1.8240770e+06   2.1789551e+01
   1.8241310e+06   3.0395508e+01
   1.8241590e+06   2.2277832e+01
   1.8241720e+06   2.4414062e+01
   1.8242320e+06   2.6428223e+01
   1.8242730e+06   3.0761719e+01
   1.8243090e+06   2.9113770e+01
   1.8245230e+06   2.1728516e+01
   1.9048420e+06   3.6682129e+01
   1.9049100e+06   4.8950195e+01
   1.9049860e+06   3.6560059e+01
   1.9050290e+06   2.5207520e+01
   1.9050590e+06   2.5817871e+01
   1.9050920e+06   3.0700684e+01
   1.9051270e+06   2.9541016e+01
   1.9051470e+06   2.8869629e+01
   1.9051630e+06   2.4475098e+01
   1.9052060e+06   2.4108887e+01
   1.9052440e+06   3.1738281e+01
   1.9053120e+06   2.1545410e+01
   1.9053220e+06   2.4047852e+01
   1.9053360e+06   3.7658691e+01
   1.9053640e+06   2.1850586e+01
   1.9054520e+06   3.6071777e+01
   1.9055050e+06   2.2827148e+01
   1.9055380e+06   2.3254395e+01
   1.9055650e+06   2.5329590e+01
   1.9056350e+06   2.1301270e+01
   1.9057620e+06   2.2033691e+01
   1.9058090e+06   2.2033691e+01
   1.9064030e+06   2.6000977e+01
   2.2411650e+06   4.7302246e+01
   2.4793600e+06   4.6020508e+01
   2.5852530e+06   4.3395996e+01
   2.5955460e+06   2.1667480e+01
   2.5955620e+06   3.7902832e+01
   2.5957800e+06   3.2531738e+01
   2.5963710e+06   3.3935547e+01
   2.5964930e+06   3.0639648e+01
   2.5966080e+06   2.2827148e+01
   2.5966200e+06   2.2399902e+01
   2.5966540e+06   2.9235840e+01
   2.5966700e+06   2.7648926e+01
   2.5966810e+06   3.0395508e+01
   2.5967020e+06   3.3264160e+01
   2.5967320e+06   3.8818359e+01
   2.5967420e+06   3.0395508e+01
   2.5967610e+06   2.9479980e+01
   2.5967950e+06   3.3325195e+01
   2.5968120e+06   3.0761719e+01
   2.5968330e+06   4.9926758e+01
   2.5968640e+06   2.2277832e+01
   2.5968740e+06   3.2165527e+01
   2.5968970e+06   2.9724121e+01
   2.5969280e+06   4.2358398e+01
   2.5969410e+06   2.3010254e+01
   2.5969800e+06   3.8513184e+01
   2.5969940e+06   2.3681641e+01
   2.5970080e+06   3.8085938e+01
   2.5970300e+06   2.2033691e+01
   2.5970580e+06   2.4841309e+01
   2.5971160e+06   2.2705078e+01
   2.5971390e+06   2.4597168e+01
   2.5971650e+06   2.6733398e+01
   2.5972120e+06   2.1484375e+01
   2.5973460e+06   2.4658203e+01
   2.5974940e+06   2.1606445e+01
   2.5975240e+06   2.3681641e+01
   2.6126970e+06   4.8583984e+01
   2.6127850e+06   3.0334473e+01
   2.6128740e+06   2.2033691e+01
   2.6130460e+06   4.4738770e+01
   2.6132530e+06   3.2775879e+01
   2.6132890e+06   2.9174805e+01
   2.6134000e+06   3.8757324e+01
   2.6135140e+06   2.3803711e+01
   2.6137410e+06   2.2766113e+01
   2.6137650e+06   2.7587891e+01
   2.6138640e+06   2.2094727e+01
   2.6140060e+06   2.5329590e+01
   2.6141290e+06   2.9968262e+01
   2.6141650e+06   2.3193359e+01
   2.6143390e+06   2.2949219e+01
   2.6145010e+06   2.5817871e+01
   2.6146180e+06   2.4536133e+01
   2.6147300e+06   2.3315430e+01
   2.6149990e+06   2.5146484e+01
   2.6152580e+06   2.7648926e+01
   2.6155180e+06   2.2216797e+01
   2.6157890e+06   2.5451660e+01
   2.6160330e+06   2.2216797e+01
   2.6163330e+06   2.6672363e+01
   3.2562730e+06   2.4536133e+01
   3.2563020e+06   5.2001953e+01
   3.2564300e+06   3.2836914e+01
   3.2564820e+06   3.5034180e+01
   3.2564980e+06   2.1728516e+01
   3.2565550e+06   3.8208008e+01
   3.2565830e+06   3.5766602e+01
   3.2566070e+06   2.3437500e+01
   3.2566320e+06   3.1433105e+01
   3.2566810e+06   2.4169922e+01
   3.2567020e+06   2.5512695e+01
   3.2567150e+06   3.1433105e+01
   3.2567550e+06   2.2766113e+01
   3.2567820e+06   2.9785156e+01
   3.2567930e+06   5.5053711e+01
   3.2568150e+06   2.2583008e+01
   3.2568310e+06   2.1484375e+01
   3.2568640e+06   3.9916992e+01
   3.2569110e+06   2.1606445e+01
   3.2569460e+06   2.8564453e+01
   3.2569610e+06   2.4841309e+01
   3.2569980e+06   2.1667480e+01
   3.2570120e+06   2.2155762e+01
   3.2570380e+06   2.9541016e+01
   3.2570610e+06   2.1972656e+01
   3.2571230e+06   2.7160645e+01
   3.2572200e+06   2.5207520e+01
   3.2575010e+06   2.2033691e+01
   3.2713450e+06   2.4780273e+01
   3.2714220e+06   4.9499512e+01
   3.2715140e+06   2.1972656e+01
   3.2716780e+06   3.7170410e+01
   3.2717670e+06   3.3691406e+01
   3.2718330e+06   4.2114258e+01
   3.2719670e+06   3.0029297e+01
   3.2720510e+06   2.5573730e+01
   3.2720680e+06   2.2949219e+01
   3.2721920e+06   2.1606445e+01
   3.2722810e+06   2.9602051e+01
   3.2724650e+06   2.4597168e+01
   3.2725700e+06   2.6489258e+01
   3.2726650e+06   2.5817871e+01
   3.2727210e+06   2.1484375e+01
   3.2727820e+06   2.4291992e+01
   3.2728790e+06   2.4475098e+01
   3.2732890e+06   2.5329590e+01
   3.2738720e+06   2.1789551e+01
   3.2741840e+06   2.6123047e+01
   3.2744550e+06   2.3376465e+01
   3.2747230e+06   2.6550293e+01
   3.2847440e+06   2.1484375e+01
   3.3389140e+06   4.1015625e+01
   3.3389730e+06   3.1921387e+01
   3.3389920e+06   3.0212402e+01
   3.3390170e+06   3.5583496e+01
   3.3390340e+06   2.4902344e+01
   3.3390540e+06   2.4169922e+01
   3.3390690e+06   2.9052734e+01
   3.3390960e+06   3.1677246e+01
   3.3391060e+06   2.6611328e+01
   3.3391370e+06   2.1545410e+01
   3.3391700e+06   2.6855469e+01
   3.3392030e+06   2.3986816e+01
   3.3392210e+06   4.3884277e+01
   3.3392350e+06   2.8198242e+01
   3.3392570e+06   2.7099609e+01
   3.3392720e+06   3.3020020e+01
   3.3393090e+06   2.9968262e+01
   3.3393410e+06   4.6691895e+01
   3.3393750e+06   2.5573730e+01
   3.3394560e+06   4.5410156e+01
   3.3395210e+06   2.3132324e+01
   3.3395430e+06   2.4047852e+01
   3.3396360e+06   2.3010254e+01
   3.3396800e+06   2.2460938e+01
   3.3397790e+06   2.3559570e+01
   3.3398420e+06   2.3010254e+01
   3.3401790e+06   2.5207520e+01
   3.4008390e+06   2.4169922e+01
   3.4008780e+06   3.9550781e+01
   3.4009460e+06   3.9062500e+01
   3.4009680e+06   2.4597168e+01
   3.4009980e+06   3.3142090e+01
   3.4010310e+06   2.5085449e+01
   3.4010680e+06   2.1606445e+01
   3.4011120e+06   3.5461426e+01
   3.4011400e+06   2.5695801e+01
   3.4011650e+06   2.3254395e+01
   3.4011890e+06   3.1860352e+01
   3.4012260e+06   2.2644043e+01
   3.4012490e+06   4.2480469e+01
   3.4012630e+06   2.2277832e+01
   3.4012930e+06   2.1423340e+01
   3.4013130e+06   2.1545410e+01
   3.4013520e+06   2.7954102e+01
   3.4013680e+06   4.1503906e+01
   3.4013910e+06   2.6733398e+01
   3.4014320e+06   2.5756836e+01
   3.4014850e+06   2.6184082e+01
   3.4015460e+06   2.3193359e+01
   3.4016670e+06   2.2094727e+01
   3.4017570e+06   2.1362305e+01
   3.4018550e+06   2.1789551e+01
   3.4020230e+06   2.1667480e+01
   3.4785630e+06   3.5644531e+01
   3.4787140e+06   2.8076172e+01
   3.4788330e+06   3.3508301e+01
   3.4788480e+06   3.4362793e+01
   3.4789310e+06   2.1301270e+01
   3.4789510e+06   3.9794922e+01
   3.4789710e+06   3.2714844e+01
   3.4790080e+06   4.0344238e+01
   3.4790340e+06   2.8259277e+01
   3.4790830e+06   2.1301270e+01
   3.4791060e+06   3.7353516e+01
   3.4791340e+06   2.3254395e+01
   3.4791780e+06   2.2277832e+01
   3.4791970e+06   5.4504395e+01
   3.4792180e+06   2.7038574e+01
   3.4792510e+06   2.6550293e+01
   3.4792740e+06   2.1362305e+01
   3.4792970e+06   2.4169922e+01
   3.4793090e+06   3.1555176e+01
   3.4793840e+06   5.3833008e+01
   3.4794070e+06   2.6977539e+01
   3.4794220e+06   2.1301270e+01
   3.4795640e+06   2.1362305e+01
   3.4796130e+06   2.2827148e+01
   3.4797230e+06   2.1423340e+01
   4.2008230e+06   5.0964355e+01
   4.2343380e+06   4.4677734e+01
   4.2983070e+06   5.2062988e+01
   4.4394890e+06   4.4250488e+01
   4.4404070e+06   5.0048828e+01
   4.4622000e+06   4.1381836e+01
   4.4630830e+06   3.3935547e+01
   4.4631700e+06   2.9113770e+01
   4.4632800e+06   3.6499023e+01
   4.4633450e+06   3.0761719e+01
   4.4633770e+06   3.5400391e+01
   4.4634140e+06   3.3813477e+01
   4.4634380e+06   3.6010742e+01
   4.4634660e+06   2.5939941e+01
   4.4634770e+06   2.2033691e+01
   4.4634930e+06   7.4890137e+01
   4.4635520e+06   2.5085449e+01
   4.4635660e+06   3.1372070e+01
   4.4635890e+06   2.2705078e+01
   4.4636290e+06   2.6733398e+01
   4.4637500e+06   2.1362305e+01
   4.4637640e+06   2.5512695e+01
   4.4638100e+06   2.5329590e+01
   4.4638420e+06   2.2583008e+01
   4.4638910e+06   2.2766113e+01
   4.4640770e+06   2.2521973e+01
   4.4803610e+06   5.6884766e+01
   4.4805920e+06   2.4414062e+01
   4.4806360e+06   4.0954590e+01
   4.4806890e+06   2.1789551e+01
   4.4807730e+06   2.7343750e+01
   4.4808100e+06   3.6193848e+01
   4.4809490e+06   3.2897949e+01
   4.4810110e+06   2.1667480e+01
   4.4810680e+06   3.1188965e+01
   4.4810840e+06   2.7282715e+01
   4.4812080e+06   2.4963379e+01
   4.4813210e+06   2.2705078e+01
   4.4813940e+06   2.2277832e+01
   4.4815290e+06   2.2338867e+01
   4.4815560e+06   2.6855469e+01
   4.4816920e+06   2.2949219e+01
   4.4818470e+06   2.6977539e+01
   4.4820210e+06   2.3498535e+01
   4.4822080e+06   2.2644043e+01
   4.4825310e+06   2.2583008e+01
   4.4826020e+06   2.1545410e+01
   4.4830210e+06   2.1545410e+01
   4.4832580e+06   2.2705078e+01
   4.4835350e+06   2.1545410e+01
   4.4838600e+06   2.2338867e+01
   4.4841910e+06   2.1362305e+01
   4.5725990e+06   4.5104980e+01
   4.5726440e+06   2.3437500e+01
   4.5726970e+06   3.7170410e+01
   4.5727220e+06   3.2958984e+01
   4.5727320e+06   2.1850586e+01
   4.5727630e+06   2.9113770e+01
   4.5728080e+06   2.3498535e+01
   4.5728230e+06   2.9235840e+01
   4.5728350e+06   2.7587891e+01
   4.5728620e+06   2.5756836e+01
   4.5728830e+06   3.5949707e+01
   4.5729250e+06   5.4077148e+01
   4.5729520e+06   3.1616211e+01
   4.5729910e+06   2.7343750e+01
   4.5730130e+06   4.1870117e+01
   4.5730380e+06   3.9794922e+01
   4.5730650e+06   2.4047852e+01
   4.5731090e+06   3.3813477e+01
   4.5731350e+06   3.0456543e+01
   4.5731560e+06   2.2216797e+01
   4.5731910e+06   2.6672363e+01
   4.5732800e+06   2.7038574e+01
   4.5732960e+06   2.9296875e+01
   4.5733690e+06   2.3254395e+01
   4.5736860e+06   2.3193359e+01
   4.5738070e+06   2.5207520e+01
   4.7436120e+06   3.4973145e+01
   4.7442130e+06   3.4240723e+01
   4.7446850e+06   3.6132812e+01
   4.7448370e+06   2.4291992e+01
   4.7448790e+06   2.3559570e+01
   4.7449310e+06   2.1484375e+01
   4.7449540e+06   2.2399902e+01
   4.7449750e+06   3.8208008e+01
   4.7450370e+06   2.3864746e+01
   4.7450520e+06   2.6977539e+01
   4.7450720e+06   2.6306152e+01
   4.7450950e+06   4.2358398e+01
   4.7451580e+06   2.6977539e+01
   4.7451770e+06   4.9865723e+01
   4.7451870e+06   2.2949219e+01
   4.7452080e+06   2.7648926e+01
   4.7452340e+06   2.9418945e+01
   4.7452460e+06   2.3315430e+01
   4.7452760e+06   3.5339355e+01
   4.7452950e+06   2.3315430e+01
   4.7453420e+06   2.7709961e+01
   4.7453530e+06   2.6245117e+01
   4.7453680e+06   2.1911621e+01
   4.7453900e+06   2.8991699e+01
   4.7454300e+06   2.5451660e+01
   4.7454750e+06   2.1667480e+01
   4.7454890e+06   2.2583008e+01
   4.7455420e+06   2.1301270e+01
   4.7455830e+06   2.3010254e+01
   4.7456310e+06   3.2043457e+01
   5.3871610e+06   4.4860840e+01
   5.4581100e+06   4.7302246e+01
   5.4754580e+06   5.0781250e+01
   5.4762810e+06   4.4433594e+01
   5.4983900e+06   4.4311523e+01
   5.5183610e+06   4.6264648e+01
   5.5351990e+06   4.5776367e+01
   5.5711720e+06   5.4443359e+01
   5.5949810e+06   4.5898438e+01
   5.6264220e+06   4.9682617e+01
   5.6389490e+06   4.8461914e+01
   5.6450770e+06   4.6936035e+01
   5.6773880e+06   4.3579102e+01
   5.6991730e+06   5.2490234e+01
   5.7689560e+06   4.4006348e+01
   5.8056120e+06   5.4870605e+01
   5.8133760e+06   4.4677734e+01
   5.8133960e+06   2.2216797e+01
   5.8134590e+06   2.4291992e+01
   5.8134890e+06   4.3884277e+01
   5.8135440e+06   2.2766113e+01
   5.8135990e+06   3.4851074e+01
   5.8136410e+06   2.5085449e+01
   5.8136690e+06   2.1301270e+01
   5.8137040e+06   3.4240723e+01
   5.8137180e+06   3.2714844e+01
   5.8137760e+06   4.2358398e+01
   5.8137900e+06   2.7160645e+01
   5.8138270e+06   2.3864746e+01
   5.8138460e+06   2.1789551e+01
   5.8138590e+06   3.0883789e+01
   5.8138960e+06   2.8686523e+01
   5.8139100e+06   4.7729492e+01
   5.8139400e+06   3.1677246e+01
   5.8139590e+06   3.0334473e+01
   5.8139810e+06   3.1738281e+01
   5.8140420e+06   2.4658203e+01
   5.8140940e+06   2.7954102e+01
   5.8141180e+06   2.4230957e+01
   5.8144150e+06   2.2338867e+01
   5.8144270e+06   2.1789551e+01
   5.8147700e+06   2.2277832e+01
   5.8317110e+06   2.5512695e+01
   5.8318520e+06   4.3151855e+01
   5.8321500e+06   3.4301758e+01
   5.8323350e+06   3.4851074e+01
   5.8324800e+06   3.0639648e+01
   5.8326000e+06   2.5695801e+01
   5.8332010e+06   2.1301270e+01
   5.8336290e+06   2.1301270e+01
   5.8342450e+06   2.2766113e+01
   5.8345020e+06   2.5512695e+01
   5.8348040e+06   2.1850586e+01
   5.8351620e+06   2.3559570e+01
   5.8432540e+06   3.6804199e+01
   5.8489700e+06   3.6071777e+01
   5.9143450e+06   3.1005859e+01
   5.9143700e+06   3.1555176e+01
   5.9143940e+06   2.6428223e+01
   5.9144320e+06   2.5817871e+01
   5.9144530e+06   3.9001465e+01
   5.9144660e+06   3.1616211e+01
   5.9144940e+06   3.0090332e+01
   5.9145050e+06   2.4536133e+01
   5.9145270e+06   3.3691406e+01
   5.9145520e+06   3.0151367e+01
   5.9145720e+06   2.2644043e+01
   5.9146060e+06   2.4169922e+01
   5.9146330e+06   4.2785645e+01
   5.9146440e+06   3.0700684e+01
   5.9146790e+06   4.8767090e+01
   5.9147100e+06   2.2644043e+01
   5.9147590e+06   2.2460938e+01
   5.9147800e+06   4.2846680e+01
   5.9148360e+06   3.5827637e+01
   5.9148600e+06   2.3559570e+01
   5.9148830e+06   2.9479980e+01
   5.9149250e+06   2.5817871e+01
   5.9149420e+06   2.4536133e+01
   5.9149820e+06   2.3864746e+01
   5.9150140e+06   2.1301270e+01
   5.9150550e+06   3.1860352e+01
   5.9150750e+06   2.2583008e+01
   5.9151060e+06   2.3132324e+01
   5.9151220e+06   2.2521973e+01
   5.9151910e+06   2.2827148e+01
   5.9153720e+06   2.3437500e+01
   5.9158340e+06   2.5756836e+01
