   5.9990000e+06   0.0000000e+00
   8.9737000e+04   2.7526855e+01
   8.9904000e+04   2.6245117e+01
   8.9966000e+04   3.1616211e+01
   8.9990000e+04   2.4169922e+01
   9.0014000e+04   2.7221680e+01
   9.0065000e+04   3.1372070e+01
   9.0146000e+04   2.4658203e+01
   9.0254000e+04   2.8076172e+01
   9.0395000e+04   2.7160645e+01
   9.0457000e+04   2.6245117e+01
   1.9029000e+05   3.2531738e+01
   1.9040500e+05   4.2114258e+01
   1.9050600e+05   2.5146484e+01
   1.9053700e+05   3.4423828e+01
   1.9058800e+05   2.6367188e+01
   1.9063200e+05   3.0151367e+01
   1.9068700e+05   2.4291992e+01
   1.9069800e+05   2.4353027e+01
   1.9079100e+05   2.5268555e+01
   1.9085700e+05   2.8015137e+01
   1.9097900e+05   2.4902344e+01
   1.9113200e+05   2.4597168e+01
   1.9119600e+05   2.8991699e+01
   1.9133800e+05   2.6367188e+01
   1.9157500e+05   2.4353027e+01
   1.9206100e+05   2.5024414e+01
   2.3839500e+05   2.6489258e+01
   2.3852500e+05   3.2531738e+01
   2.3854300e+05   3.2653809e+01
   2.3866300e+05   2.9418945e+01
   2.3873400e+05   3.0883789e+01
   2.3886800e+05   2.8930664e+01
   2.3907800e+05   3.0212402e+01
   2.3911800e+05   2.6855469e+01
   2.3920100e+05   2.8259277e+01
   2.3940700e+05   2.6672363e+01
   2.3943600e+05   2.6306152e+01
   2.8513900e+05   2.4536133e+01
   2.8515300e+05   3.3386230e+01
   2.8536400e+05   2.4169922e+01
   2.8538500e+05   2.7099609e+01
   2.8556100e+05   3.0578613e+01
   2.8568500e+05   2.4169922e+01
   2.8609500e+05   2.8137207e+01
   2.8631700e+05   2.5390625e+01
   3.5378900e+05   3.0761719e+01
   3.5384900e+05   2.6977539e+01
   3.5400700e+05   2.6916504e+01
   3.5412500e+05   3.2592773e+01
   3.5427900e+05   3.2775879e+01
   3.5429200e+05   2.4230957e+01
   3.5440300e+05   4.0832520e+01
   3.5441700e+05   2.4597168e+01
   3.5452800e+05   2.8259277e+01
   3.5465100e+05   3.1921387e+01
   3.5474800e+05   2.6123047e+01
   3.5476400e+05   2.9113770e+01
   3.5488600e+05   3.2958984e+01
   4.0699300e+05   2.9113770e+01
   4.0718400e+05   3.5461426e+01
   4.0734700e+05   3.9855957e+01
   4.0752700e+05   2.4902344e+01
   4.0764200e+05   2.5695801e+01
   4.0767500e+05   2.4841309e+01
   9.7144200e+05   2.7587891e+01
   1.2306450e+06   2.9357910e+01
   1.2307190e+06   2.4902344e+01
   1.2307900e+06   2.4597168e+01
   1.2308410e+06   2.6489258e+01
   1.2308640e+06   4.1931152e+01
   1.2308890e+06   2.4414062e+01
   1.2309410e+06   2.6794434e+01
   1.2309910e+06   3.0212402e+01
   1.2311180e+06   3.9001465e+01
   1.6346670e+06   2.6428223e+01
   1.7080660e+06   3.3508301e+01
   1.7081450e+06   2.4963379e+01
   1.7081680e+06   2.7893066e+01
   1.7082070e+06   2.9846191e+01
   1.7082270e+06   4.6630859e+01
   1.7083080e+06   3.0517578e+01
   1.7083780e+06   2.9052734e+01
   1.7084030e+06   2.8564453e+01
   1.7084380e+06   3.1982422e+01
   1.7084580e+06   3.5339355e+01
   1.7085430e+06   2.6306152e+01
   1.7086050e+06   2.7282715e+01
   1.7695430e+06   3.3691406e+01
   1.7696290e+06   4.5104980e+01
   1.7697140e+06   2.6672363e+01
   1.7697830e+06   3.1066895e+01
   1.7698340e+06   2.6733398e+01
   1.7698720e+06   2.4963379e+01
   1.7698950e+06   3.6315918e+01
   1.7699110e+06   2.8686523e+01
   1.7699290e+06   2.8076172e+01
   1.7699750e+06   2.4475098e+01
   1.7700220e+06   2.6245117e+01
   1.7701480e+06   2.7221680e+01
   1.7702460e+06   2.9785156e+01
   1.7702700e+06   3.5034180e+01
   1.7703220e+06   2.4963379e+01
   1.7704210e+06   2.6733398e+01
   1.7704470e+06   2.4658203e+01
   1.8236420e+06   3.7902832e+01
   1.8236530e+06   3.3935547e+01
   1.8237290e+06   3.2775879e+01
   1.8237510e+06   2.4597168e+01
   1.8238320e+06   3.0456543e+01
   1.8238770e+06   2.6794434e+01
   1.8238930e+06   2.5695801e+01
   1.8239360e+06   2.9479980e+01
   1.8239490e+06   2.5939941e+01
   1.8239810e+06   2.5756836e+01
   1.8240220e+06   2.8564453e+01
   1.8241240e+06   3.3386230e+01
   1.8242770e+06   2.9174805e+01
   1.9049890e+06   2.4719238e+01
   1.9050980e+06   3.0700684e+01
   1.9051270e+06   3.0944824e+01
   1.9051730e+06   2.5878906e+01
   1.9052030e+06   3.8269043e+01
   1.9054330e+06   4.4006348e+01
   1.9055170e+06   3.2409668e+01
   1.9055910e+06   3.2653809e+01
   1.9056740e+06   2.6672363e+01
   1.9060170e+06   2.4230957e+01
   2.5965480e+06   3.5949707e+01
   2.5966230e+06   2.8503418e+01
   2.5966710e+06   3.0517578e+01
   2.5966960e+06   3.1677246e+01
   2.5967280e+06   4.1259766e+01
   2.5967540e+06   2.7832031e+01
   2.5967960e+06   4.7302246e+01
   2.5968660e+06   2.7648926e+01
   2.5969770e+06   2.8686523e+01
   2.5970440e+06   2.5268555e+01
   2.5970720e+06   2.4780273e+01
   2.5971260e+06   3.0456543e+01
   2.5976060e+06   2.4230957e+01
   3.2565460e+06   2.8320312e+01
   3.2566050e+06   3.2714844e+01
   3.2566310e+06   4.1015625e+01
   3.2566690e+06   3.0273438e+01
   3.2567290e+06   2.7587891e+01
   3.2568030e+06   5.2429199e+01
   3.2568640e+06   3.0883789e+01
   3.2568810e+06   2.6855469e+01
   3.2568940e+06   3.4057617e+01
   3.2569570e+06   2.7404785e+01
   3.3389410e+06   5.4992676e+01
   3.3389530e+06   3.6926270e+01
   3.3390110e+06   3.2531738e+01
   3.3390240e+06   3.4912109e+01
   3.3390730e+06   3.0761719e+01
   3.3391000e+06   2.9541016e+01
   3.3391400e+06   2.4597168e+01
   3.3391610e+06   2.6611328e+01
   3.3392610e+06   3.3630371e+01
   3.3393640e+06   3.5034180e+01
   3.3395040e+06   3.4912109e+01
   3.3395750e+06   2.4169922e+01
   3.3396560e+06   2.4780273e+01
   3.3404590e+06   2.4169922e+01
   3.4008950e+06   3.2348633e+01
   3.4009270e+06   6.7504883e+01
   3.4009480e+06   3.0212402e+01
   3.4009990e+06   2.8930664e+01
   3.4010610e+06   3.2165527e+01
   3.4010970e+06   2.8686523e+01
   3.4011100e+06   3.7292480e+01
   3.4011320e+06   2.4414062e+01
   3.4012210e+06   2.5573730e+01
   3.4013240e+06   3.2592773e+01
   3.4014440e+06   2.5756836e+01
   3.4015830e+06   2.5695801e+01
   3.4788220e+06   2.6550293e+01
   3.4788980e+06   2.8808594e+01
   3.4789690e+06   4.0344238e+01
   3.4790790e+06   3.4362793e+01
   3.4790930e+06   3.1494141e+01
   3.4791350e+06   2.9296875e+01
   3.4791740e+06   2.7099609e+01
   3.4792640e+06   3.8146973e+01
   3.4794660e+06   2.4963379e+01
   4.4632990e+06   3.3996582e+01
   4.4633920e+06   3.1677246e+01
   4.4634140e+06   2.6245117e+01
   4.4634400e+06   2.6306152e+01
   4.4634680e+06   4.0466309e+01
   4.4635100e+06   3.6132812e+01
   4.4635340e+06   2.7343750e+01
   4.4635490e+06   2.6245117e+01
   4.4636080e+06   2.6000977e+01
   4.4636300e+06   2.5817871e+01
   4.4636510e+06   2.9052734e+01
   4.4637060e+06   4.5593262e+01
   4.4638250e+06   2.5207520e+01
   4.4639750e+06   2.5451660e+01
   4.5726780e+06   3.3203125e+01
   4.5727140e+06   3.9306641e+01
   4.5727680e+06   2.9541016e+01
   4.5728170e+06   3.0639648e+01
   4.5728520e+06   2.4719238e+01
   4.5728850e+06   2.7099609e+01
   4.5729120e+06   3.3630371e+01
   4.5729480e+06   2.4169922e+01
   4.5729870e+06   2.4902344e+01
   4.5729990e+06   2.6611328e+01
   4.5730360e+06   3.0700684e+01
   4.5730470e+06   2.7465820e+01
   4.5731850e+06   2.4475098e+01
   4.5732170e+06   2.4230957e+01
   4.5732820e+06   2.5268555e+01
   4.5734010e+06   2.9541016e+01
   4.7448130e+06   2.8076172e+01
   4.7449760e+06   3.2043457e+01
   4.7450590e+06   2.6062012e+01
   4.7451260e+06   2.9479980e+01
   4.7451420e+06   2.9724121e+01
   4.7452090e+06   2.5573730e+01
   4.7452580e+06   2.4169922e+01
   4.7452870e+06   3.3447266e+01
   4.7453140e+06   3.4423828e+01
   4.7453530e+06   3.5949707e+01
   4.7453910e+06   2.7404785e+01
   4.7454550e+06   2.4169922e+01
   4.7455240e+06   2.5390625e+01
   4.7456430e+06   3.6254883e+01
   4.7459100e+06   3.1555176e+01
   4.7460910e+06   2.4780273e+01
   5.8137050e+06   3.2958984e+01
   5.8137650e+06   2.7709961e+01
   5.8137770e+06   2.7221680e+01
   5.8137900e+06   3.7170410e+01
   5.8138530e+06   2.5329590e+01
   5.8138900e+06   2.4353027e+01
   5.8139180e+06   2.7893066e+01
   5.8139380e+06   2.5573730e+01
   5.8139550e+06   2.9785156e+01
   5.8140210e+06   3.1066895e+01
   5.8140450e+06   2.6062012e+01
   5.8140980e+06   2.4902344e+01
   5.8141960e+06   3.0212402e+01
   5.9143650e+06   2.6184082e+01
   5.9145010e+06   3.1433105e+01
   5.9145750e+06   5.6701660e+01
   5.9146060e+06   2.6916504e+01
   5.9146340e+06   3.5949707e+01
   5.9146680e+06   2.7099609e+01
   5.9146950e+06   2.6794434e+01
   5.9147270e+06   2.6245117e+01
   5.9147800e+06   2.8808594e+01
   5.9148100e+06   2.5146484e+01
   5.9148220e+06   2.5207520e+01
   5.9149120e+06   2.8381348e+01
   5.9149270e+06   2.5024414e+01
   5.9149610e+06   3.3386230e+01
   5.9150470e+06   2.4719238e+01
   5.9152420e+06   2.7954102e+01
   5.9154990e+06   2.4536133e+01
