   5.9990000e+06   0.0000000e+00
   3.5452900e+05   1.9226074e+01
   1.2310550e+06   1.8798828e+01
   1.7081620e+06   1.8188477e+01
   1.7082020e+06   1.8493652e+01
   1.7082360e+06   1.8066406e+01
   1.7696620e+06   1.7517090e+01
   1.7698200e+06   1.8127441e+01
   1.8237380e+06   1.9348145e+01
   1.8238280e+06   2.1179199e+01
   1.9052350e+06   2.0263672e+01
   1.9053740e+06   1.7456055e+01
   3.2565890e+06   2.0019531e+01
   3.2567590e+06   1.7944336e+01
   3.3390580e+06   2.4414062e+01
   3.3391920e+06   1.8005371e+01
   3.3405010e+06   1.8005371e+01
   3.4010210e+06   1.7700195e+01
   3.4792000e+06   1.8615723e+01
   4.4632700e+06   1.7944336e+01
   4.4634060e+06   1.7944336e+01
   4.4635170e+06   1.8066406e+01
   4.4636940e+06   1.7883301e+01
   4.5725820e+06   1.8493652e+01
   4.5727770e+06   1.7639160e+01
   4.5729180e+06   1.8066406e+01
   4.5729990e+06   1.8859863e+01
   5.8135440e+06   2.0324707e+01
   5.8137460e+06   1.8798828e+01
   5.9145640e+06   1.7700195e+01
   5.9148590e+06   1.7700195e+01
