   5.9990000e+06   0.0000000e+00
   8.9167000e+04   8.1298828e+01
   8.9279000e+04   3.9123535e+01
   8.9415000e+04   8.1787109e+01
   8.9648000e+04   1.2072754e+02
   8.9717000e+04   2.7770996e+01
   8.9764000e+04   2.7465820e+01
   8.9783000e+04   4.3640137e+01
   8.9819000e+04   7.6293945e+01
   8.9831000e+04   5.1574707e+01
   8.9902000e+04   2.4780273e+01
   8.9916000e+04   3.4484863e+01
   8.9937000e+04   5.8654785e+01
   8.9960000e+04   4.3579102e+01
   9.0015000e+04   2.6672363e+01
   9.0033000e+04   4.6813965e+01
   9.0055000e+04   2.6184082e+01
   9.0077000e+04   2.6306152e+01
   9.0106000e+04   3.1311035e+01
   9.0119000e+04   2.7770996e+01
   9.0250000e+04   3.1555176e+01
   9.0448000e+04   2.8442383e+01
   9.0492000e+04   2.4780273e+01
   1.1031800e+05   8.3862305e+01
   1.1060300e+05   3.4301758e+01
   1.1069900e+05   8.7402344e+01
   1.1101400e+05   3.3081055e+01
   1.1127200e+05   7.5988770e+01
   1.1137300e+05   3.4362793e+01
   1.1166500e+05   2.9235840e+01
   1.1179800e+05   7.7209473e+01
   1.1190200e+05   2.4902344e+01
   1.1213900e+05   2.9663086e+01
   1.1266800e+05   3.4423828e+01
   1.1309500e+05   3.3813477e+01
   1.9029500e+05   8.6181641e+01
   1.9041500e+05   8.9294434e+01
   1.9044100e+05   3.4301758e+01
   1.9046900e+05   3.5339355e+01
   1.9049900e+05   7.0251465e+01
   1.9053200e+05   7.7331543e+01
   1.9056700e+05   2.7954102e+01
   1.9058100e+05   3.8513184e+01
   1.9060700e+05   3.9733887e+01
   1.9063900e+05   5.6030273e+01
   1.9067300e+05   2.6916504e+01
   1.9068500e+05   2.9418945e+01
   1.9072500e+05   3.9733887e+01
   1.9074200e+05   3.5766602e+01
   1.9078900e+05   2.4902344e+01
   1.9080300e+05   2.9113770e+01
   1.9083200e+05   3.4179688e+01
   1.9086100e+05   2.9357910e+01
   1.9139400e+05   3.0395508e+01
   1.9143700e+05   2.7404785e+01
   2.2628900e+05   3.4667969e+01
   2.2654100e+05   9.2102051e+01
   2.2691500e+05   8.1970215e+01
   2.3811800e+05   4.5837402e+01
   2.3821000e+05   9.1979980e+01
   2.3837700e+05   7.7697754e+01
   2.3844100e+05   4.2297363e+01
   2.3848500e+05   6.9885254e+01
   2.3852200e+05   5.0048828e+01
   2.3854400e+05   2.6062012e+01
   2.3857700e+05   2.5207520e+01
   2.3863400e+05   5.0781250e+01
   2.3866800e+05   6.7871094e+01
   2.3870500e+05   2.8198242e+01
   2.3874000e+05   2.5451660e+01
   2.3877200e+05   2.5024414e+01
   2.3880200e+05   8.1848145e+01
   2.3885300e+05   3.7658691e+01
   2.3886800e+05   2.6794434e+01
   2.3890900e+05   4.3823242e+01
   2.3893500e+05   3.3142090e+01
   2.3898600e+05   2.5268555e+01
   2.3900900e+05   3.1372070e+01
   2.3904500e+05   2.5451660e+01
   2.3941400e+05   2.4658203e+01
   2.3944400e+05   2.6550293e+01
   2.3985200e+05   2.6062012e+01
   2.8487200e+05   9.6130371e+01
   2.8490400e+05   4.5532227e+01
   2.8503800e+05   7.6904297e+01
   2.8509500e+05   2.4963379e+01
   2.8513700e+05   3.4484863e+01
   2.8516400e+05   7.6599121e+01
   2.8520200e+05   3.0944824e+01
   2.8525300e+05   4.0405273e+01
   2.8529200e+05   6.9458008e+01
   2.8530400e+05   4.2785645e+01
   2.8534100e+05   6.0485840e+01
   2.8537600e+05   2.4902344e+01
   2.8542700e+05   3.4240723e+01
   2.8544300e+05   7.0617676e+01
   2.8547400e+05   5.1879883e+01
   2.8551000e+05   2.8442383e+01
   2.8555100e+05   2.5268555e+01
   2.8559300e+05   5.0659180e+01
   2.8565100e+05   2.6611328e+01
   2.8570100e+05   4.4799805e+01
   2.8583100e+05   2.5878906e+01
   2.8584100e+05   2.6794434e+01
   2.8588700e+05   2.6428223e+01
   2.8594100e+05   2.6245117e+01
   2.8598400e+05   2.7221680e+01
   2.8608700e+05   2.7038574e+01
   2.8613700e+05   2.6367188e+01
   3.2264500e+05   4.2541504e+01
   3.2340200e+05   8.3923340e+01
   3.5373100e+05   9.0576172e+01
   3.5386800e+05   9.8144531e+01
   3.5398900e+05   7.2937012e+01
   3.5402600e+05   6.1523438e+01
   3.5406600e+05   2.9846191e+01
   3.5407700e+05   4.5837402e+01
   3.5409800e+05   2.8381348e+01
   3.5413000e+05   7.6110840e+01
   3.5418300e+05   4.9865723e+01
   3.5420600e+05   2.9479980e+01
   3.5422100e+05   3.0273438e+01
   3.5424000e+05   3.5583496e+01
   3.5428300e+05   5.1513672e+01
   3.5430700e+05   4.4067383e+01
   3.5435000e+05   2.4291992e+01
   3.5436800e+05   2.8747559e+01
   3.5438300e+05   4.8095703e+01
   3.5448700e+05   3.4545898e+01
   3.5452200e+05   2.5878906e+01
   3.5457800e+05   2.4353027e+01
   3.5468000e+05   2.5329590e+01
   3.5479600e+05   2.5573730e+01
   4.0619900e+05   7.6293945e+01
   4.0621100e+05   5.5297852e+01
   4.0637100e+05   8.9660645e+01
   4.0651200e+05   7.4829102e+01
   4.0658800e+05   3.5644531e+01
   4.0670200e+05   6.8664551e+01
   4.0671400e+05   7.6293945e+01
   4.0679900e+05   2.4414062e+01
   4.0687400e+05   2.8198242e+01
   4.0688700e+05   2.4841309e+01
   4.0695600e+05   6.5856934e+01
   4.0703100e+05   5.0964355e+01
   4.0712000e+05   2.7282715e+01
   4.0713900e+05   3.2531738e+01
   4.0716600e+05   6.2805176e+01
   4.0727400e+05   5.5358887e+01
   4.0733800e+05   3.5217285e+01
   4.0744300e+05   6.5490723e+01
   4.0746300e+05   3.5522461e+01
   4.0751000e+05   2.5085449e+01
   4.0752200e+05   4.0039062e+01
   4.0754700e+05   3.2409668e+01
   4.0762300e+05   4.8217773e+01
   4.0763700e+05   4.8706055e+01
   4.0778000e+05   2.4902344e+01
   4.0782900e+05   3.2043457e+01
   4.0786500e+05   4.7485352e+01
   4.0803400e+05   6.2927246e+01
   4.0840000e+05   2.9235840e+01
   4.0866700e+05   2.5939941e+01
   4.0904200e+05   2.7709961e+01
   1.2300800e+06   8.3618164e+01
   1.2303440e+06   9.3078613e+01
   1.2305240e+06   7.1960449e+01
   1.2305890e+06   3.9794922e+01
   1.2306060e+06   7.8002930e+01
   1.2306530e+06   2.4658203e+01
   1.2306770e+06   8.7646484e+01
   1.2306910e+06   5.1574707e+01
   1.2307070e+06   5.8715820e+01
   1.2307410e+06   4.3823242e+01
   1.2307700e+06   5.5053711e+01
   1.2307820e+06   2.7709961e+01
   1.2308110e+06   2.8076172e+01
   1.2308690e+06   4.8095703e+01
   1.2308870e+06   2.6367188e+01
   1.2309300e+06   3.5827637e+01
   1.2309620e+06   3.3996582e+01
   1.2311040e+06   2.9052734e+01
   1.2324420e+06   2.4719238e+01
   1.2353860e+06   2.4536133e+01
   1.2520650e+06   3.6437988e+01
   1.2528150e+06   8.3984375e+01
   1.7075850e+06   8.7707520e+01
   1.7079990e+06   8.7768555e+01
   1.7080340e+06   5.0354004e+01
   1.7080710e+06   2.5390625e+01
   1.7080910e+06   7.9345703e+01
   1.7081060e+06   2.7526855e+01
   1.7081230e+06   7.3608398e+01
   1.7081380e+06   2.8564453e+01
   1.7081590e+06   2.5024414e+01
   1.7081930e+06   6.1584473e+01
   1.7082130e+06   4.9255371e+01
   1.7082360e+06   3.9123535e+01
   1.7082560e+06   3.3691406e+01
   1.7082870e+06   5.5603027e+01
   1.7083080e+06   2.5634766e+01
   1.7083430e+06   3.3874512e+01
   1.7083570e+06   2.5451660e+01
   1.7084420e+06   2.4658203e+01
   1.7086110e+06   2.6123047e+01
   1.7695200e+06   8.7158203e+01
   1.7696110e+06   6.8054199e+01
   1.7696510e+06   2.4353027e+01
   1.7696640e+06   4.2907715e+01
   1.7696890e+06   2.5756836e+01
   1.7697110e+06   7.1044922e+01
   1.7697540e+06   4.0100098e+01
   1.7697710e+06   1.0278320e+02
   1.7697930e+06   2.6306152e+01
   1.7698190e+06   9.2529297e+01
   1.7698390e+06   3.3508301e+01
   1.7698680e+06   3.0578613e+01
   1.7698820e+06   2.5939941e+01
   1.7698970e+06   5.2734375e+01
   1.7699210e+06   4.9987793e+01
   1.7699310e+06   3.2714844e+01
   1.7699650e+06   4.1381836e+01
   1.7699950e+06   4.1198730e+01
   1.7700230e+06   4.2541504e+01
   1.7700570e+06   3.1066895e+01
   1.7701120e+06   3.7170410e+01
   1.7701600e+06   2.8198242e+01
   1.7701820e+06   2.5695801e+01
   1.7702270e+06   2.9968262e+01
   1.7703620e+06   2.6672363e+01
   1.7704670e+06   2.5207520e+01
   1.7704950e+06   2.4353027e+01
   1.7710070e+06   2.8259277e+01
   1.8235540e+06   9.1735840e+01
   1.8236220e+06   4.6203613e+01
   1.8236330e+06   7.4157715e+01
   1.8237180e+06   8.9782715e+01
   1.8237340e+06   2.5817871e+01
   1.8237500e+06   2.5573730e+01
   1.8237770e+06   4.2114258e+01
   1.8238030e+06   4.1809082e+01
   1.8238140e+06   2.5573730e+01
   1.8238390e+06   5.0231934e+01
   1.8238680e+06   2.9235840e+01
   1.8238850e+06   3.8696289e+01
   1.8239010e+06   4.1381836e+01
   1.8239350e+06   4.0039062e+01
   1.8239450e+06   3.8452148e+01
   1.8239830e+06   3.9062500e+01
   1.8240180e+06   2.8747559e+01
   1.8240290e+06   2.7160645e+01
   1.8240650e+06   3.4484863e+01
   1.8241200e+06   2.9846191e+01
   1.8241580e+06   3.0273438e+01
   1.8241800e+06   2.6733398e+01
   1.8242520e+06   2.8198242e+01
   1.8243200e+06   3.3264160e+01
   1.8243580e+06   2.5939941e+01
   1.8244740e+06   2.7832031e+01
   1.8245370e+06   2.4414062e+01
   1.8248200e+06   2.7160645e+01
   1.9047900e+06   7.6477051e+01
   1.9048430e+06   3.9245605e+01
   1.9048670e+06   8.6791992e+01
   1.9049940e+06   8.6975098e+01
   1.9050220e+06   2.5512695e+01
   1.9050430e+06   4.0100098e+01
   1.9050920e+06   3.1311035e+01
   1.9051130e+06   3.4423828e+01
   1.9051240e+06   5.8715820e+01
   1.9051410e+06   6.1950684e+01
   1.9051650e+06   2.6245117e+01
   1.9051900e+06   5.4016113e+01
   1.9052160e+06   2.8564453e+01
   1.9052330e+06   6.2927246e+01
   1.9052450e+06   3.1616211e+01
   1.9052970e+06   4.2907715e+01
   1.9053220e+06   2.4963379e+01
   1.9053330e+06   2.8686523e+01
   1.9053880e+06   3.5095215e+01
   1.9054130e+06   3.9794922e+01
   1.9054540e+06   2.9846191e+01
   1.9055220e+06   2.4902344e+01
   1.9056960e+06   2.6123047e+01
   1.9057720e+06   2.9296875e+01
   1.9059870e+06   2.4597168e+01
   1.9060530e+06   2.9296875e+01
   2.5960710e+06   8.6730957e+01
   2.5963100e+06   9.3322754e+01
   2.5964700e+06   8.4594727e+01
   2.5965170e+06   9.5275879e+01
   2.5965350e+06   4.2297363e+01
   2.5965660e+06   3.3081055e+01
   2.5965900e+06   2.6794434e+01
   2.5966000e+06   6.7932129e+01
   2.5966240e+06   5.3283691e+01
   2.5966460e+06   4.0100098e+01
   2.5966690e+06   3.4423828e+01
   2.5967030e+06   7.5317383e+01
   2.5967180e+06   4.7668457e+01
   2.5967470e+06   2.6550293e+01
   2.5967590e+06   4.7180176e+01
   2.5967900e+06   2.6855469e+01
   2.5968030e+06   2.8076172e+01
   2.5968270e+06   2.5512695e+01
   2.5968960e+06   2.7587891e+01
   2.5969230e+06   3.2714844e+01
   2.5969460e+06   2.6550293e+01
   2.5969590e+06   2.6306152e+01
   2.5970100e+06   2.5207520e+01
   2.5971050e+06   2.9113770e+01
   2.5971590e+06   2.6000977e+01
   2.5971830e+06   2.5024414e+01
   2.5974820e+06   2.5268555e+01
   3.2565260e+06   2.5268555e+01
   3.2565450e+06   2.8991699e+01
   3.2565670e+06   3.4423828e+01
   3.2565860e+06   1.1730957e+02
   3.2566060e+06   3.5278320e+01
   3.2566430e+06   3.7048340e+01
   3.2566530e+06   9.4421387e+01
   3.2566750e+06   5.1208496e+01
   3.2566970e+06   2.7526855e+01
   3.2567100e+06   5.0354004e+01
   3.2567500e+06   2.5390625e+01
   3.2568510e+06   2.5024414e+01
   3.2568670e+06   2.4475098e+01
   3.2569510e+06   2.7160645e+01
   3.2571330e+06   2.5329590e+01
   3.2572910e+06   2.5329590e+01
   3.2574510e+06   2.4353027e+01
   3.2576370e+06   2.5085449e+01
   3.3388790e+06   8.8867188e+01
   3.3389320e+06   3.3569336e+01
   3.3389450e+06   6.5551758e+01
   3.3389640e+06   3.5705566e+01
   3.3389810e+06   3.0578613e+01
   3.3390170e+06   6.2316895e+01
   3.3390400e+06   7.3791504e+01
   3.3390700e+06   4.8095703e+01
   3.3390980e+06   4.1320801e+01
   3.3391140e+06   5.1391602e+01
   3.3391510e+06   4.5654297e+01
   3.3391930e+06   5.8288574e+01
   3.3392030e+06   2.9846191e+01
   3.3392350e+06   3.8696289e+01
   3.3392520e+06   2.7404785e+01
   3.3392730e+06   3.9428711e+01
   3.3393400e+06   2.6733398e+01
   3.3394020e+06   2.6794434e+01
   3.3394870e+06   2.7404785e+01
   3.3395210e+06   2.7160645e+01
   3.3395830e+06   3.0151367e+01
   3.3398470e+06   2.6611328e+01
   3.3399480e+06   2.6000977e+01
   3.3406940e+06   2.4841309e+01
   3.3411430e+06   2.6062012e+01
   3.4008610e+06   9.5336914e+01
   3.4008990e+06   3.4973145e+01
   3.4009230e+06   2.6062012e+01
   3.4009350e+06   6.4636230e+01
   3.4009650e+06   2.4841309e+01
   3.4009850e+06   3.1799316e+01
   3.4010090e+06   8.8500977e+01
   3.4010230e+06   2.7465820e+01
   3.4010410e+06   4.8034668e+01
   3.4010590e+06   3.8085938e+01
   3.4010710e+06   6.1706543e+01
   3.4011140e+06   6.6406250e+01
   3.4011660e+06   7.6477051e+01
   3.4011840e+06   2.7954102e+01
   3.4012400e+06   2.9602051e+01
   3.4012510e+06   3.4790039e+01
   3.4012910e+06   2.8381348e+01
   3.4013150e+06   2.8625488e+01
   3.4013490e+06   2.8503418e+01
   3.4013910e+06   3.1799316e+01
   3.4014670e+06   2.4597168e+01
   3.4015190e+06   2.4291992e+01
   3.4016580e+06   2.5024414e+01
   3.4016760e+06   2.6855469e+01
   3.4017050e+06   2.7893066e+01
   3.4017470e+06   2.5451660e+01
   3.4017670e+06   2.6000977e+01
   3.4017900e+06   2.6306152e+01
   3.4019020e+06   2.5085449e+01
   3.4020680e+06   2.5512695e+01
   3.4027190e+06   2.4475098e+01
   3.4785990e+06   9.7656250e+01
   3.4786460e+06   3.9184570e+01
   3.4787570e+06   7.5317383e+01
   3.4787710e+06   6.7565918e+01
   3.4788480e+06   3.6376953e+01
   3.4788640e+06   7.1594238e+01
   3.4788880e+06   2.5207520e+01
   3.4789270e+06   7.1228027e+01
   3.4789520e+06   3.8024902e+01
   3.4789780e+06   7.7148438e+01
   3.4789900e+06   3.2958984e+01
   3.4790050e+06   2.8198242e+01
   3.4790290e+06   3.5156250e+01
   3.4790470e+06   2.9296875e+01
   3.4790690e+06   3.7353516e+01
   3.4791010e+06   3.6132812e+01
   3.4791150e+06   3.3508301e+01
   3.4791620e+06   2.6916504e+01
   3.4791960e+06   3.4912109e+01
   3.4792350e+06   3.2531738e+01
   3.4792450e+06   2.9785156e+01
   3.4792730e+06   2.6855469e+01
   3.4792920e+06   2.5817871e+01
   3.4793990e+06   3.0395508e+01
   3.4794140e+06   2.4536133e+01
   3.4795100e+06   2.4658203e+01
   3.4795710e+06   2.7465820e+01
   3.4797490e+06   2.7954102e+01
   3.4799210e+06   2.8381348e+01
   4.4618860e+06   9.6252441e+01
   4.4628420e+06   8.4289551e+01
   4.4630500e+06   8.2397461e+01
   4.4632080e+06   2.9724121e+01
   4.4632460e+06   7.2631836e+01
   4.4632560e+06   3.0029297e+01
   4.4632750e+06   7.5622559e+01
   4.4632850e+06   6.2622070e+01
   4.4633030e+06   2.4597168e+01
   4.4633360e+06   3.3508301e+01
   4.4633570e+06   6.6528320e+01
   4.4633830e+06   3.8513184e+01
   4.4633950e+06   3.8940430e+01
   4.4634320e+06   4.2480469e+01
   4.4634510e+06   4.1687012e+01
   4.4634650e+06   4.5227051e+01
   4.4635200e+06   3.1555176e+01
   4.4635410e+06   3.1433105e+01
   4.4635550e+06   2.6672363e+01
   4.4637040e+06   2.5878906e+01
   4.4637360e+06   2.5207520e+01
   4.4637930e+06   2.7099609e+01
   4.4645890e+06   2.6428223e+01
   4.5726010e+06   9.3994141e+01
   4.5726610e+06   4.5776367e+01
   4.5726850e+06   8.3251953e+01
   4.5727310e+06   7.0190430e+01
   4.5727430e+06   3.0883789e+01
   4.5727630e+06   3.9001465e+01
   4.5727910e+06   7.6904297e+01
   4.5728140e+06   5.0964355e+01
   4.5728400e+06   6.8542480e+01
   4.5728630e+06   2.7709961e+01
   4.5728830e+06   6.7321777e+01
   4.5729240e+06   3.6315918e+01
   4.5729560e+06   4.9194336e+01
   4.5729680e+06   2.4353027e+01
   4.5729950e+06   2.5207520e+01
   4.5730320e+06   2.7832031e+01
   4.5731760e+06   2.4414062e+01
   4.5732020e+06   2.5024414e+01
   4.5732190e+06   2.7526855e+01
   4.5732500e+06   3.2653809e+01
   4.5733740e+06   2.4780273e+01
   4.5735670e+06   2.6306152e+01
   4.5742060e+06   3.0090332e+01
   4.7442220e+06   8.8745117e+01
   4.7443720e+06   4.1442871e+01
   4.7445340e+06   8.9538574e+01
   4.7447960e+06   1.0150146e+02
   4.7448290e+06   4.1198730e+01
   4.7448430e+06   2.7221680e+01
   4.7449000e+06   2.4902344e+01
   4.7449410e+06   1.1437988e+02
   4.7449780e+06   4.8339844e+01
   4.7450070e+06   2.9602051e+01
   4.7450290e+06   4.2480469e+01
   4.7450440e+06   7.0678711e+01
   4.7450770e+06   3.1005859e+01
   4.7451090e+06   2.7465820e+01
   4.7451270e+06   2.7770996e+01
   4.7451390e+06   3.2531738e+01
   4.7451560e+06   3.0883789e+01
   4.7451900e+06   2.5756836e+01
   4.7452110e+06   2.8381348e+01
   4.7452550e+06   3.2165527e+01
   4.7452670e+06   3.1616211e+01
   4.7453300e+06   3.3447266e+01
   4.7454130e+06   3.1005859e+01
   4.7454360e+06   2.8930664e+01
   4.7456620e+06   2.9357910e+01
   4.7459090e+06   2.4475098e+01
   4.7459760e+06   2.5268555e+01
   4.7468650e+06   2.4536133e+01
   5.8137490e+06   4.7241211e+01
   5.8137700e+06   2.5329590e+01
   5.8137840e+06   1.1309814e+02
   5.8138080e+06   4.8828125e+01
   5.8138400e+06   5.3771973e+01
   5.8138550e+06   4.3884277e+01
   5.8138670e+06   4.6569824e+01
   5.8138910e+06   5.1696777e+01
   5.8139300e+06   3.5827637e+01
   5.8139420e+06   2.8442383e+01
   5.8139730e+06   2.7770996e+01
   5.8139830e+06   2.6733398e+01
   5.8140290e+06   2.6977539e+01
   5.8140680e+06   2.5390625e+01
   5.8142830e+06   2.4841309e+01
   5.8143910e+06   3.1494141e+01
   5.8145380e+06   2.8381348e+01
   5.8156960e+06   2.9357910e+01
   5.9144580e+06   8.1726074e+01
   5.9144730e+06   3.8940430e+01
   5.9145100e+06   2.6306152e+01
   5.9145360e+06   2.6367188e+01
   5.9145520e+06   1.3177490e+02
   5.9145780e+06   2.7038574e+01
   5.9146110e+06   3.3508301e+01
   5.9146380e+06   7.5073242e+01
   5.9146480e+06   3.9855957e+01
   5.9146690e+06   5.7495117e+01
   5.9146830e+06   3.2470703e+01
   5.9147130e+06   5.5908203e+01
   5.9147270e+06   2.4291992e+01
   5.9147460e+06   5.2795410e+01
   5.9147690e+06   3.3325195e+01
   5.9147980e+06   2.6123047e+01
   5.9148220e+06   3.3203125e+01
   5.9148520e+06   3.2958984e+01
   5.9149280e+06   3.0456543e+01
   5.9149620e+06   2.5451660e+01
   5.9150160e+06   2.7404785e+01
   5.9150420e+06   2.4597168e+01
   5.9153090e+06   2.7282715e+01
   5.9153490e+06   2.5878906e+01
   5.9155370e+06   2.4536133e+01
   5.9155600e+06   2.6550293e+01
   5.9157620e+06   2.4597168e+01
   5.9158500e+06   2.5756836e+01
   5.9158910e+06   2.4780273e+01
