   5.9990000e+06   0.0000000e+00
   8.9080000e+04   2.0874023e+01
   8.9681000e+04   2.0812988e+01
   8.9699000e+04   2.4780273e+01
   8.9733000e+04   2.1789551e+01
   8.9760000e+04   2.5024414e+01
   8.9786000e+04   2.0080566e+01
   8.9872000e+04   2.0751953e+01
   8.9883000e+04   2.2827148e+01
   8.9896000e+04   3.7170410e+01
   8.9920000e+04   3.4484863e+01
   8.9974000e+04   2.8625488e+01
   9.0002000e+04   2.6672363e+01
   9.0029000e+04   2.0080566e+01
   9.0045000e+04   2.4536133e+01
   9.0067000e+04   2.2949219e+01
   9.0099000e+04   2.2460938e+01
   9.0120000e+04   2.0202637e+01
   9.0143000e+04   1.9897461e+01
   9.0158000e+04   2.2949219e+01
   9.0182000e+04   2.0507812e+01
   9.0194000e+04   2.7832031e+01
   9.0223000e+04   2.6428223e+01
   9.0233000e+04   3.2470703e+01
   9.0286000e+04   3.2775879e+01
   9.0307000e+04   2.5329590e+01
   9.0328000e+04   2.5024414e+01
   9.0375000e+04   2.0019531e+01
   9.0393000e+04   2.1789551e+01
   9.0413000e+04   2.0751953e+01
   9.0459000e+04   2.2949219e+01
   9.0498000e+04   2.2338867e+01
   9.0528000e+04   2.0812988e+01
   9.0659000e+04   2.2094727e+01
   9.0728000e+04   2.5939941e+01
   9.0933000e+04   2.0629883e+01
   9.1071000e+04   1.9775391e+01
   9.1479000e+04   2.1118164e+01
   9.1535000e+04   2.0263672e+01
   9.1640000e+04   2.1606445e+01
   9.1838000e+04   2.0935059e+01
   9.2006000e+04   1.9897461e+01
   1.1087100e+05   2.3498535e+01
   1.4443800e+05   2.0935059e+01
   1.4518800e+05   2.3132324e+01
   1.4615800e+05   2.3559570e+01
   1.6539300e+05   2.0751953e+01
   1.8984400e+05   2.2521973e+01
   1.9003500e+05   2.7221680e+01
   1.9013200e+05   2.0385742e+01
   1.9015600e+05   2.1362305e+01
   1.9018600e+05   3.0761719e+01
   1.9026400e+05   2.0812988e+01
   1.9027900e+05   2.0568848e+01
   1.9029500e+05   2.5634766e+01
   1.9035300e+05   3.9245605e+01
   1.9038800e+05   1.9836426e+01
   1.9041100e+05   2.7709961e+01
   1.9042700e+05   2.0202637e+01
   1.9046700e+05   2.4780273e+01
   1.9054200e+05   2.9296875e+01
   1.9062300e+05   2.2705078e+01
   1.9063600e+05   2.8198242e+01
   1.9066500e+05   1.9775391e+01
   1.9069400e+05   2.8930664e+01
   1.9072100e+05   3.3752441e+01
   1.9075800e+05   2.3803711e+01
   1.9077300e+05   3.1372070e+01
   1.9082100e+05   2.5024414e+01
   1.9084200e+05   2.2277832e+01
   1.9086500e+05   2.4169922e+01
   1.9089800e+05   2.4536133e+01
   1.9091600e+05   2.0324707e+01
   1.9094900e+05   2.5085449e+01
   1.9096100e+05   2.7099609e+01
   1.9098000e+05   2.3193359e+01
   1.9099100e+05   2.4047852e+01
   1.9101300e+05   2.1667480e+01
   1.9105200e+05   2.3010254e+01
   1.9107400e+05   1.9775391e+01
   1.9112300e+05   2.0751953e+01
   1.9115700e+05   3.2165527e+01
   1.9118000e+05   2.3559570e+01
   1.9124400e+05   2.0874023e+01
   1.9138400e+05   2.4597168e+01
   1.9141300e+05   2.2155762e+01
   1.9157200e+05   2.0812988e+01
   1.9159800e+05   2.0629883e+01
   1.9169600e+05   2.3376465e+01
   1.9189100e+05   2.2644043e+01
   1.9190600e+05   2.1850586e+01
   1.9206100e+05   2.0568848e+01
   1.9212500e+05   2.0263672e+01
   1.9228100e+05   2.0812988e+01
   1.9249300e+05   2.0690918e+01
   1.9257000e+05   2.0568848e+01
   1.9259000e+05   2.0446777e+01
   1.9267700e+05   2.3010254e+01
   1.9343000e+05   2.0507812e+01
   2.2410100e+05   2.0996094e+01
   2.3821700e+05   2.2399902e+01
   2.3824500e+05   2.0874023e+01
   2.3825700e+05   2.3010254e+01
   2.3834600e+05   2.0080566e+01
   2.3836800e+05   2.6794434e+01
   2.3845100e+05   2.9357910e+01
   2.3848000e+05   2.2460938e+01
   2.3849900e+05   2.6367188e+01
   2.3854200e+05   2.6794434e+01
   2.3855600e+05   2.0202637e+01
   2.3857500e+05   2.4108887e+01
   2.3861000e+05   2.2644043e+01
   2.3863700e+05   2.2583008e+01
   2.3866200e+05   2.2033691e+01
   2.3867400e+05   2.1179199e+01
   2.3870200e+05   2.3986816e+01
   2.3873500e+05   2.1301270e+01
   2.3875900e+05   2.0690918e+01
   2.3879700e+05   2.7160645e+01
   2.3886200e+05   2.0019531e+01
   2.3889500e+05   2.5268555e+01
   2.3899600e+05   4.1259766e+01
   2.3901800e+05   2.5207520e+01
   2.3905200e+05   2.6916504e+01
   2.3908000e+05   2.0629883e+01
   2.3911900e+05   2.4963379e+01
   2.3913000e+05   3.0273438e+01
   2.3917400e+05   2.4169922e+01
   2.3931900e+05   2.1606445e+01
   2.3934100e+05   2.1240234e+01
   2.3937700e+05   2.1423340e+01
   2.3939400e+05   2.9296875e+01
   2.3949400e+05   2.3986816e+01
   2.3953200e+05   2.1362305e+01
   2.3956300e+05   2.0202637e+01
   2.3962700e+05   2.2094727e+01
   2.3966700e+05   2.1118164e+01
   2.3973500e+05   2.3132324e+01
   2.3987600e+05   2.0263672e+01
   2.3992800e+05   2.1301270e+01
   2.4032500e+05   2.0996094e+01
   2.4053000e+05   2.0324707e+01
   2.4073800e+05   2.3742676e+01
   2.4082600e+05   2.0935059e+01
   2.4300000e+05   2.2216797e+01
   2.7412000e+05   2.0385742e+01
   2.8449200e+05   2.1057129e+01
   2.8484000e+05   2.2705078e+01
   2.8490100e+05   2.1301270e+01
   2.8497100e+05   2.3742676e+01
   2.8503200e+05   2.0996094e+01
   2.8506100e+05   2.4841309e+01
   2.8509100e+05   2.1240234e+01
   2.8516700e+05   2.4169922e+01
   2.8520300e+05   2.0874023e+01
   2.8522000e+05   2.3498535e+01
   2.8523600e+05   2.0019531e+01
   2.8526900e+05   2.2399902e+01
   2.8535700e+05   2.3376465e+01
   2.8540900e+05   2.0202637e+01
   2.8543800e+05   3.3020020e+01
   2.8547200e+05   2.5146484e+01
   2.8548700e+05   1.9897461e+01
   2.8550900e+05   2.0751953e+01
   2.8554500e+05   2.5268555e+01
   2.8558600e+05   2.2949219e+01
   2.8562900e+05   2.4719238e+01
   2.8568900e+05   2.0141602e+01
   2.8570500e+05   2.2827148e+01
   2.8572700e+05   2.2277832e+01
   2.8575300e+05   2.2705078e+01
   2.8576600e+05   2.2155762e+01
   2.8579500e+05   2.3315430e+01
   2.8583600e+05   2.2033691e+01
   2.8591400e+05   2.0996094e+01
   2.8593900e+05   2.7526855e+01
   2.8600700e+05   2.0507812e+01
   2.8608400e+05   2.3071289e+01
   2.8620800e+05   2.1484375e+01
   2.8622700e+05   2.2583008e+01
   2.8624900e+05   2.4353027e+01
   2.8633300e+05   2.0263672e+01
   2.8648200e+05   2.0263672e+01
   2.8660700e+05   2.0385742e+01
   2.8679800e+05   2.2094727e+01
   2.8780000e+05   2.0568848e+01
   3.5359100e+05   1.9775391e+01
   3.5365200e+05   2.9663086e+01
   3.5367400e+05   2.0324707e+01
   3.5379100e+05   2.0080566e+01
   3.5395700e+05   2.0874023e+01
   3.5399400e+05   2.1606445e+01
   3.5404800e+05   2.9479980e+01
   3.5406100e+05   2.1118164e+01
   3.5416300e+05   2.2705078e+01
   3.5421300e+05   2.0263672e+01
   3.5423400e+05   2.7343750e+01
   3.5425900e+05   2.1667480e+01
   3.5429800e+05   2.5878906e+01
   3.5431400e+05   2.4230957e+01
   3.5433500e+05   2.4475098e+01
   3.5434900e+05   2.9602051e+01
   3.5437400e+05   2.2460938e+01
   3.5438800e+05   3.0578613e+01
   3.5441300e+05   2.0629883e+01
   3.5446100e+05   2.7954102e+01
   3.5448800e+05   2.4291992e+01
   3.5450100e+05   2.2766113e+01
   3.5453800e+05   2.1118164e+01
   3.5456000e+05   2.0568848e+01
   3.5458700e+05   2.8015137e+01
   3.5462900e+05   2.2338867e+01
   3.5466400e+05   2.4353027e+01
   3.5476900e+05   2.0935059e+01
   3.5478200e+05   2.7221680e+01
   3.5483300e+05   2.2644043e+01
   3.5486200e+05   1.9775391e+01
   3.5490800e+05   2.9174805e+01
   3.5495600e+05   2.2888184e+01
   3.5500800e+05   2.2033691e+01
   3.5504600e+05   2.3742676e+01
   3.5509900e+05   2.2644043e+01
   3.5517200e+05   2.0568848e+01
   3.5521800e+05   2.0751953e+01
   3.5541400e+05   1.9897461e+01
   3.5560900e+05   2.1240234e+01
   3.5629700e+05   2.0202637e+01
   4.0651500e+05   2.0263672e+01
   4.0658400e+05   2.1850586e+01
   4.0691900e+05   2.0568848e+01
   4.0716800e+05   2.1240234e+01
   4.0720600e+05   2.1850586e+01
   4.0738200e+05   2.2521973e+01
   4.0754900e+05   2.0935059e+01
   4.0765800e+05   2.0202637e+01
   4.0781400e+05   2.4902344e+01
   4.0782600e+05   2.6550293e+01
   4.0811800e+05   2.5878906e+01
   4.0847100e+05   2.0385742e+01
   4.0890200e+05   2.2155762e+01
   4.3207100e+05   2.0385742e+01
   1.0463860e+06   2.0385742e+01
   1.2302290e+06   1.9897461e+01
   1.2305260e+06   2.1179199e+01
   1.2305640e+06   2.3986816e+01
   1.2306040e+06   2.2644043e+01
   1.2306660e+06   2.0935059e+01
   1.2306800e+06   3.4118652e+01
   1.2307280e+06   2.0568848e+01
   1.2307410e+06   2.4108887e+01
   1.2307810e+06   3.7353516e+01
   1.2307980e+06   2.3193359e+01
   1.2308240e+06   2.5512695e+01
   1.2308530e+06   2.3559570e+01
   1.2308690e+06   3.1982422e+01
   1.2309130e+06   3.2958984e+01
   1.2309350e+06   2.1118164e+01
   1.2309510e+06   2.1484375e+01
   1.2309750e+06   3.1677246e+01
   1.2309970e+06   2.5634766e+01
   1.2310340e+06   2.0996094e+01
   1.2310600e+06   1.9958496e+01
   1.2310890e+06   3.3935547e+01
   1.2311000e+06   2.9357910e+01
   1.2311350e+06   2.2033691e+01
   1.2311720e+06   3.2409668e+01
   1.2311890e+06   2.0202637e+01
   1.2312050e+06   2.7282715e+01
   1.2312430e+06   3.3752441e+01
   1.2312530e+06   3.0212402e+01
   1.2312900e+06   2.1789551e+01
   1.2313040e+06   2.0141602e+01
   1.2313470e+06   2.9602051e+01
   1.2313610e+06   2.2583008e+01
   1.2314410e+06   2.6428223e+01
   1.2314810e+06   2.7465820e+01
   1.2315170e+06   2.4902344e+01
   1.2315440e+06   2.9357910e+01
   1.2316680e+06   2.1789551e+01
   1.2316900e+06   2.0935059e+01
   1.2317710e+06   2.5085449e+01
   1.2319270e+06   2.1362305e+01
   1.2320420e+06   2.2521973e+01
   1.2320520e+06   2.0629883e+01
   1.2321050e+06   2.0019531e+01
   1.2323640e+06   2.0507812e+01
   1.2324420e+06   2.3498535e+01
   1.7079910e+06   2.2033691e+01
   1.7080670e+06   1.9775391e+01
   1.7080900e+06   2.0263672e+01
   1.7081200e+06   2.1728516e+01
   1.7081490e+06   2.7954102e+01
   1.7081590e+06   2.2705078e+01
   1.7081730e+06   2.1240234e+01
   1.7081970e+06   3.1616211e+01
   1.7082080e+06   2.9357910e+01
   1.7082240e+06   3.1066895e+01
   1.7082440e+06   2.4230957e+01
   1.7082720e+06   3.1066895e+01
   1.7083000e+06   2.1362305e+01
   1.7083230e+06   3.0395508e+01
   1.7083550e+06   2.2338867e+01
   1.7083760e+06   2.3254395e+01
   1.7084030e+06   2.2766113e+01
   1.7084450e+06   2.7282715e+01
   1.7084620e+06   2.1606445e+01
   1.7084780e+06   2.5817871e+01
   1.7085210e+06   2.0446777e+01
   1.7085370e+06   2.8198242e+01
   1.7085610e+06   3.7536621e+01
   1.7085910e+06   2.1179199e+01
   1.7086210e+06   2.2644043e+01
   1.7086360e+06   2.0385742e+01
   1.7086660e+06   3.0761719e+01
   1.7086950e+06   3.5705566e+01
   1.7087200e+06   2.0751953e+01
   1.7087520e+06   2.7770996e+01
   1.7088090e+06   2.2705078e+01
   1.7088210e+06   1.9836426e+01
   1.7088580e+06   2.2644043e+01
   1.7089010e+06   2.3864746e+01
   1.7090100e+06   1.9836426e+01
   1.7091400e+06   2.0996094e+01
   1.7091510e+06   2.9663086e+01
   1.7092480e+06   3.0700684e+01
   1.7093150e+06   2.1667480e+01
   1.7094090e+06   2.6062012e+01
   1.7095200e+06   2.0202637e+01
   1.7095450e+06   2.1850586e+01
   1.7095740e+06   2.3437500e+01
   1.7096920e+06   2.1240234e+01
   1.7097080e+06   2.0935059e+01
   1.7098650e+06   2.1789551e+01
   1.7100070e+06   2.0324707e+01
   1.7104200e+06   2.0690918e+01
   1.7105330e+06   2.0446777e+01
   1.7316490e+06   1.9775391e+01
   1.7571030e+06   2.0080566e+01
   1.7693860e+06   2.9602051e+01
   1.7694020e+06   2.3376465e+01
   1.7694980e+06   2.2583008e+01
   1.7695350e+06   2.3559570e+01
   1.7695890e+06   2.5024414e+01
   1.7696020e+06   2.2033691e+01
   1.7696130e+06   3.2531738e+01
   1.7696290e+06   2.1972656e+01
   1.7696660e+06   2.2583008e+01
   1.7697170e+06   2.4047852e+01
   1.7697930e+06   2.0385742e+01
   1.7698270e+06   2.0324707e+01
   1.7698680e+06   2.3925781e+01
   1.7699000e+06   2.4169922e+01
   1.7699260e+06   2.7770996e+01
   1.7699460e+06   3.9245605e+01
   1.7699700e+06   2.3742676e+01
   1.7700010e+06   2.1118164e+01
   1.7700160e+06   2.2521973e+01
   1.7700430e+06   2.4536133e+01
   1.7700730e+06   3.3264160e+01
   1.7701000e+06   3.5339355e+01
   1.7701230e+06   2.9418945e+01
   1.7701540e+06   2.2827148e+01
   1.7701750e+06   3.2958984e+01
   1.7701920e+06   5.6823730e+01
   1.7702240e+06   2.0812988e+01
   1.7702560e+06   2.5085449e+01
   1.7702770e+06   2.5939941e+01
   1.7702960e+06   2.5817871e+01
   1.7703320e+06   1.9775391e+01
   1.7704110e+06   2.0935059e+01
   1.7704220e+06   3.3020020e+01
   1.7704520e+06   3.0761719e+01
   1.7704820e+06   2.0629883e+01
   1.7705080e+06   2.7221680e+01
   1.7705730e+06   2.6611328e+01
   1.7706480e+06   2.4780273e+01
   1.7706680e+06   2.0202637e+01
   1.7707370e+06   1.9897461e+01
   1.7707660e+06   2.4108887e+01
   1.7708280e+06   2.1057129e+01
   1.7709230e+06   2.0629883e+01
   1.7709690e+06   2.0935059e+01
   1.7710870e+06   2.0385742e+01
   1.7711380e+06   2.1057129e+01
   1.7711690e+06   2.2338867e+01
   1.7712990e+06   2.2460938e+01
   1.7713990e+06   2.5146484e+01
   1.7717360e+06   2.2949219e+01
   1.8234500e+06   2.2827148e+01
   1.8236480e+06   3.3569336e+01
   1.8236870e+06   2.4658203e+01
   1.8237010e+06   2.3559570e+01
   1.8237800e+06   2.0019531e+01
   1.8238010e+06   2.2521973e+01
   1.8238330e+06   2.2399902e+01
   1.8238660e+06   2.1118164e+01
   1.8238880e+06   2.7404785e+01
   1.8239150e+06   3.3447266e+01
   1.8239470e+06   2.3620605e+01
   1.8239720e+06   3.2531738e+01
   1.8239890e+06   2.3620605e+01
   1.8240160e+06   2.0385742e+01
   1.8240430e+06   2.3681641e+01
   1.8240610e+06   4.1625977e+01
   1.8240870e+06   2.2827148e+01
   1.8241050e+06   3.9001465e+01
   1.8241250e+06   2.0141602e+01
   1.8241470e+06   2.5573730e+01
   1.8241620e+06   2.3864746e+01
   1.8241860e+06   2.6245117e+01
   1.8242390e+06   2.6062012e+01
   1.8242860e+06   3.4851074e+01
   1.8243180e+06   2.1606445e+01
   1.8243350e+06   2.1179199e+01
   1.8244220e+06   3.2348633e+01
   1.8244470e+06   2.7282715e+01
   1.8244910e+06   2.2277832e+01
   1.8245360e+06   2.4414062e+01
   1.8245640e+06   2.4902344e+01
   1.8245750e+06   3.5278320e+01
   1.8246530e+06   2.1240234e+01
   1.8246760e+06   2.0507812e+01
   1.8247040e+06   2.1606445e+01
   1.8247620e+06   2.2766113e+01
   1.8248290e+06   2.6672363e+01
   1.8249430e+06   2.1545410e+01
   1.8250190e+06   2.0812988e+01
   1.8250720e+06   2.3010254e+01
   1.8254140e+06   2.3071289e+01
   1.8259240e+06   2.0935059e+01
   1.9048550e+06   2.7893066e+01
   1.9048920e+06   2.2216797e+01
   1.9050300e+06   2.0996094e+01
   1.9051400e+06   2.0690918e+01
   1.9051520e+06   2.6855469e+01
   1.9051770e+06   3.3325195e+01
   1.9052080e+06   2.0507812e+01
   1.9052270e+06   2.7282715e+01
   1.9052460e+06   2.5512695e+01
   1.9052740e+06   2.2216797e+01
   1.9053080e+06   2.8930664e+01
   1.9053290e+06   2.3925781e+01
   1.9053670e+06   2.5268555e+01
   1.9054080e+06   2.7038574e+01
   1.9054450e+06   2.9968262e+01
   1.9054650e+06   3.0822754e+01
   1.9054960e+06   2.8991699e+01
   1.9055190e+06   3.1616211e+01
   1.9055660e+06   3.0517578e+01
   1.9056340e+06   2.1728516e+01
   1.9056750e+06   2.0812988e+01
   1.9056850e+06   2.1484375e+01
   1.9057080e+06   2.7404785e+01
   1.9057440e+06   2.2766113e+01
   1.9057810e+06   2.4169922e+01
   1.9057910e+06   1.9775391e+01
   1.9058140e+06   2.0324707e+01
   1.9059180e+06   2.2033691e+01
   1.9059390e+06   2.3132324e+01
   1.9060940e+06   2.0141602e+01
   1.9061630e+06   2.2399902e+01
   1.9061930e+06   2.0202637e+01
   1.9063000e+06   2.1484375e+01
   1.9064190e+06   1.9775391e+01
   1.9073600e+06   2.0324707e+01
   2.5353410e+06   1.9958496e+01
   2.5963820e+06   2.2705078e+01
   2.5965460e+06   2.5146484e+01
   2.5965610e+06   2.2949219e+01
   2.5966040e+06   2.2644043e+01
   2.5966340e+06   3.0822754e+01
   2.5966500e+06   2.7404785e+01
   2.5966900e+06   2.5024414e+01
   2.5967080e+06   2.5085449e+01
   2.5967500e+06   3.2287598e+01
   2.5967710e+06   3.7841797e+01
   2.5968100e+06   2.2094727e+01
   2.5968380e+06   2.9479980e+01
   2.5968610e+06   3.2897949e+01
   2.5968740e+06   2.2766113e+01
   2.5968940e+06   2.9479980e+01
   2.5969280e+06   3.9794922e+01
   2.5969460e+06   3.1188965e+01
   2.5969760e+06   3.3081055e+01
   2.5969980e+06   2.4108887e+01
   2.5970250e+06   2.2827148e+01
   2.5970400e+06   2.2766113e+01
   2.5970820e+06   2.5329590e+01
   2.5970970e+06   3.5888672e+01
   2.5971680e+06   2.4841309e+01
   2.5971970e+06   3.2165527e+01
   2.5972090e+06   2.9663086e+01
   2.5972890e+06   3.9367676e+01
   2.5973970e+06   2.0080566e+01
   2.5974440e+06   2.7648926e+01
   2.5974550e+06   3.4362793e+01
   2.5975210e+06   2.2094727e+01
   2.5975900e+06   2.5939941e+01
   2.5976220e+06   2.2888184e+01
   2.5976880e+06   2.0141602e+01
   2.5977480e+06   2.4658203e+01
   2.5977910e+06   2.0996094e+01
   2.5979460e+06   2.0812988e+01
   2.5979640e+06   2.2399902e+01
   2.5980630e+06   2.4108887e+01
   2.5984450e+06   2.1545410e+01
   2.5985610e+06   2.0141602e+01
   2.5986520e+06   2.1423340e+01
   2.5987140e+06   2.4536133e+01
   2.5988450e+06   2.0935059e+01
   2.9743850e+06   2.2155762e+01
   3.2565590e+06   1.9897461e+01
   3.2565710e+06   2.0568848e+01
   3.2566000e+06   3.2470703e+01
   3.2566120e+06   3.0334473e+01
   3.2566360e+06   2.0141602e+01
   3.2566680e+06   2.1484375e+01
   3.2566910e+06   2.3193359e+01
   3.2567280e+06   1.9958496e+01
   3.2567400e+06   2.7893066e+01
   3.2567670e+06   3.1616211e+01
   3.2567940e+06   2.3742676e+01
   3.2568050e+06   2.3193359e+01
   3.2568230e+06   2.9968262e+01
   3.2568530e+06   3.7170410e+01
   3.2568770e+06   2.5085449e+01
   3.2568950e+06   4.3945312e+01
   3.2569130e+06   4.6325684e+01
   3.2569270e+06   2.5756836e+01
   3.2569580e+06   2.5268555e+01
   3.2569760e+06   3.0883789e+01
   3.2569930e+06   3.7597656e+01
   3.2570220e+06   3.0090332e+01
   3.2570940e+06   3.4545898e+01
   3.2571670e+06   2.5817871e+01
   3.2571860e+06   2.9113770e+01
   3.2572240e+06   2.3071289e+01
   3.2572370e+06   2.2827148e+01
   3.2572910e+06   3.3020020e+01
   3.2573580e+06   2.2216797e+01
   3.2573700e+06   2.1606445e+01
   3.2574190e+06   2.1179199e+01
   3.2574810e+06   2.0324707e+01
   3.2574920e+06   2.9785156e+01
   3.2575430e+06   2.4475098e+01
   3.2575570e+06   2.4902344e+01
   3.2576670e+06   2.4108887e+01
   3.2577590e+06   2.1850586e+01
   3.2577970e+06   2.0141602e+01
   3.2581680e+06   2.4353027e+01
   3.2582310e+06   2.6550293e+01
   3.2583460e+06   2.0507812e+01
   3.2584710e+06   3.2409668e+01
   3.2586440e+06   2.0568848e+01
   3.2588560e+06   2.0385742e+01
   3.3387300e+06   2.8503418e+01
   3.3387830e+06   2.2583008e+01
   3.3388300e+06   2.2277832e+01
   3.3388510e+06   2.1179199e+01
   3.3388680e+06   2.9357910e+01
   3.3388910e+06   3.3386230e+01
   3.3389280e+06   2.3925781e+01
   3.3389490e+06   3.1066895e+01
   3.3389890e+06   2.0629883e+01
   3.3390090e+06   2.1728516e+01
   3.3390200e+06   2.6977539e+01
   3.3390400e+06   2.0141602e+01
   3.3390520e+06   2.1423340e+01
   3.3390820e+06   2.2033691e+01
   3.3390940e+06   3.0334473e+01
   3.3391160e+06   2.2277832e+01
   3.3391290e+06   2.5329590e+01
   3.3391450e+06   3.2958984e+01
   3.3391730e+06   2.8503418e+01
   3.3391980e+06   3.3874512e+01
   3.3392130e+06   2.4414062e+01
   3.3392380e+06   4.5959473e+01
   3.3392590e+06   4.1320801e+01
   3.3392810e+06   2.6367188e+01
   3.3392970e+06   2.0324707e+01
   3.3393130e+06   1.9836426e+01
   3.3393620e+06   2.1301270e+01
   3.3393780e+06   2.8564453e+01
   3.3394200e+06   4.2480469e+01
   3.3394530e+06   2.3986816e+01
   3.3394760e+06   2.0935059e+01
   3.3394860e+06   2.0141602e+01
   3.3395200e+06   2.1179199e+01
   3.3395640e+06   3.9428711e+01
   3.3396080e+06   2.0324707e+01
   3.3396450e+06   1.9775391e+01
   3.3397230e+06   2.2460938e+01
   3.3397620e+06   3.1127930e+01
   3.3398340e+06   2.6489258e+01
   3.3399080e+06   2.2766113e+01
   3.3400060e+06   2.1545410e+01
   3.3400450e+06   2.4230957e+01
   3.3400620e+06   2.5329590e+01
   3.3401230e+06   2.2888184e+01
   3.3401360e+06   2.7465820e+01
   3.3401590e+06   2.0568848e+01
   3.3402270e+06   2.2338867e+01
   3.3404720e+06   1.9836426e+01
   3.3409080e+06   1.9958496e+01
   3.3414410e+06   2.1667480e+01
   3.3424330e+06   2.0019531e+01
   3.4007290e+06   2.1667480e+01
   3.4007770e+06   2.4291992e+01
   3.4008150e+06   2.3742676e+01
   3.4008250e+06   2.5024414e+01
   3.4008400e+06   2.9907227e+01
   3.4008920e+06   4.1076660e+01
   3.4009120e+06   2.3010254e+01
   3.4009240e+06   3.7536621e+01
   3.4009390e+06   3.2104492e+01
   3.4009730e+06   2.5451660e+01
   3.4010210e+06   2.4353027e+01
   3.4010330e+06   5.0964355e+01
   3.4010630e+06   2.5329590e+01
   3.4010740e+06   2.4169922e+01
   3.4011010e+06   2.4230957e+01
   3.4011240e+06   2.0202637e+01
   3.4011390e+06   2.2155762e+01
   3.4011810e+06   2.4230957e+01
   3.4012060e+06   2.8991699e+01
   3.4012420e+06   3.1616211e+01
   3.4012520e+06   2.8442383e+01
   3.4012780e+06   2.7832031e+01
   3.4012920e+06   2.3742676e+01
   3.4013170e+06   2.1484375e+01
   3.4013380e+06   2.1606445e+01
   3.4013690e+06   4.1076660e+01
   3.4013990e+06   2.1789551e+01
   3.4014230e+06   2.8076172e+01
   3.4014460e+06   3.3996582e+01
   3.4014610e+06   2.3010254e+01
   3.4014960e+06   2.3071289e+01
   3.4015240e+06   1.9958496e+01
   3.4015500e+06   2.0263672e+01
   3.4015950e+06   2.1057129e+01
   3.4016830e+06   2.0080566e+01
   3.4017450e+06   2.3315430e+01
   3.4017620e+06   2.0141602e+01
   3.4017980e+06   1.9775391e+01
   3.4018520e+06   2.2216797e+01
   3.4018780e+06   2.0202637e+01
   3.4018920e+06   2.5939941e+01
   3.4019210e+06   2.0019531e+01
   3.4020490e+06   2.1606445e+01
   3.4020590e+06   2.3071289e+01
   3.4021340e+06   2.5878906e+01
   3.4021690e+06   2.1545410e+01
   3.4022060e+06   2.1545410e+01
   3.4024250e+06   2.4108887e+01
   3.4052080e+06   1.9897461e+01
   3.4785340e+06   2.6611328e+01
   3.4786700e+06   2.1667480e+01
   3.4787010e+06   2.3437500e+01
   3.4788610e+06   2.6123047e+01
   3.4789510e+06   2.4597168e+01
   3.4789620e+06   2.9541016e+01
   3.4789930e+06   3.3020020e+01
   3.4790120e+06   2.4047852e+01
   3.4790260e+06   2.3071289e+01
   3.4790570e+06   3.4118652e+01
   3.4790880e+06   2.8625488e+01
   3.4791150e+06   2.1606445e+01
   3.4791410e+06   2.7465820e+01
   3.4791750e+06   2.4780273e+01
   3.4791980e+06   2.8991699e+01
   3.4792460e+06   2.7648926e+01
   3.4792740e+06   2.2033691e+01
   3.4792960e+06   2.7221680e+01
   3.4793290e+06   2.4353027e+01
   3.4793670e+06   2.8076172e+01
   3.4793860e+06   2.3071289e+01
   3.4793970e+06   2.8808594e+01
   3.4794100e+06   2.0080566e+01
   3.4794350e+06   3.0944824e+01
   3.4794620e+06   2.5390625e+01
   3.4794800e+06   2.2888184e+01
   3.4795340e+06   2.6000977e+01
   3.4795710e+06   2.0690918e+01
   3.4796140e+06   2.4719238e+01
   3.4796270e+06   1.9958496e+01
   3.4796540e+06   2.4414062e+01
   3.4797040e+06   2.2155762e+01
   3.4797350e+06   2.5451660e+01
   3.4798030e+06   1.9897461e+01
   3.4798650e+06   1.9836426e+01
   3.4799330e+06   2.2033691e+01
   3.4800110e+06   2.1606445e+01
   3.4801190e+06   2.0141602e+01
   3.4801770e+06   2.5329590e+01
   3.4802130e+06   2.3864746e+01
   3.4802770e+06   2.1789551e+01
   3.4802890e+06   1.9836426e+01
   3.4804530e+06   2.0507812e+01
   3.4807820e+06   2.1240234e+01
   4.4631930e+06   2.2094727e+01
   4.4632990e+06   3.1372070e+01
   4.4633090e+06   2.5146484e+01
   4.4633540e+06   2.1362305e+01
   4.4633740e+06   2.6062012e+01
   4.4633880e+06   2.5512695e+01
   4.4634300e+06   2.8747559e+01
   4.4634700e+06   2.4230957e+01
   4.4634870e+06   2.7893066e+01
   4.4635070e+06   2.2827148e+01
   4.4635230e+06   2.4597168e+01
   4.4635340e+06   2.6306152e+01
   4.4635660e+06   3.8269043e+01
   4.4635820e+06   2.7160645e+01
   4.4636020e+06   3.0395508e+01
   4.4636360e+06   2.1240234e+01
   4.4636540e+06   3.3691406e+01
   4.4636800e+06   2.2216797e+01
   4.4637000e+06   2.7893066e+01
   4.4637350e+06   2.4414062e+01
   4.4637810e+06   2.5878906e+01
   4.4638140e+06   2.8198242e+01
   4.4638240e+06   2.6184082e+01
   4.4638660e+06   2.6611328e+01
   4.4638800e+06   2.0080566e+01
   4.4639350e+06   3.0456543e+01
   4.4639930e+06   2.3132324e+01
   4.4640280e+06   2.8564453e+01
   4.4640900e+06   2.4597168e+01
   4.4641040e+06   2.3071289e+01
   4.4641400e+06   2.4291992e+01
   4.4642090e+06   2.0141602e+01
   4.4642970e+06   2.0080566e+01
   4.4643130e+06   2.2094727e+01
   4.4643660e+06   2.0996094e+01
   4.4644420e+06   1.9775391e+01
   4.4646730e+06   2.1179199e+01
   4.4649740e+06   2.2277832e+01
   4.4653530e+06   2.9479980e+01
   4.5725020e+06   2.1301270e+01
   4.5725310e+06   2.2460938e+01
   4.5725560e+06   3.1555176e+01
   4.5725930e+06   2.5085449e+01
   4.5726060e+06   2.6550293e+01
   4.5726320e+06   2.4658203e+01
   4.5726450e+06   3.1188965e+01
   4.5726710e+06   2.6062012e+01
   4.5726840e+06   2.1240234e+01
   4.5727010e+06   2.4597168e+01
   4.5727360e+06   2.1118164e+01
   4.5727560e+06   2.0935059e+01
   4.5727930e+06   2.2583008e+01
   4.5728200e+06   2.3620605e+01
   4.5728300e+06   2.0996094e+01
   4.5728550e+06   2.6733398e+01
   4.5728770e+06   2.1484375e+01
   4.5728910e+06   4.2907715e+01
   4.5729170e+06   2.8869629e+01
   4.5729380e+06   2.4230957e+01
   4.5729640e+06   3.3081055e+01
   4.5729920e+06   3.3081055e+01
   4.5730070e+06   2.3254395e+01
   4.5730190e+06   2.6123047e+01
   4.5730420e+06   2.6245117e+01
   4.5730790e+06   3.0517578e+01
   4.5731230e+06   4.1198730e+01
   4.5731750e+06   2.0874023e+01
   4.5731910e+06   4.3029785e+01
   4.5732030e+06   2.0874023e+01
   4.5732210e+06   1.9775391e+01
   4.5732410e+06   2.0629883e+01
   4.5732560e+06   2.6123047e+01
   4.5732850e+06   2.3437500e+01
   4.5733400e+06   2.8198242e+01
   4.5733690e+06   2.0507812e+01
   4.5734220e+06   2.1057129e+01
   4.5734540e+06   2.1972656e+01
   4.5734850e+06   2.2338867e+01
   4.5735290e+06   2.2399902e+01
   4.5735600e+06   2.0996094e+01
   4.5735930e+06   2.0507812e+01
   4.5736380e+06   2.0141602e+01
   4.5738660e+06   2.0080566e+01
   4.5739110e+06   2.5085449e+01
   4.5739430e+06   2.5207520e+01
   4.5740240e+06   2.4597168e+01
   4.5742670e+06   2.3437500e+01
   4.5743330e+06   2.1972656e+01
   4.5744670e+06   2.0141602e+01
   4.5745360e+06   2.1545410e+01
   4.5745840e+06   2.2155762e+01
   4.7437970e+06   2.0507812e+01
   4.7438890e+06   2.3315430e+01
   4.7448470e+06   2.2521973e+01
   4.7448930e+06   2.0568848e+01
   4.7449210e+06   2.0385742e+01
   4.7449590e+06   2.8625488e+01
   4.7449900e+06   2.4658203e+01
   4.7450390e+06   2.9907227e+01
   4.7450640e+06   2.5329590e+01
   4.7450870e+06   2.5695801e+01
   4.7451050e+06   1.9958496e+01
   4.7451320e+06   2.6672363e+01
   4.7451660e+06   3.3020020e+01
   4.7451870e+06   2.6184082e+01
   4.7452180e+06   2.5695801e+01
   4.7452590e+06   3.0639648e+01
   4.7452730e+06   2.6245117e+01
   4.7452970e+06   3.2775879e+01
   4.7453170e+06   2.0874023e+01
   4.7453370e+06   4.8217773e+01
   4.7453500e+06   2.7099609e+01
   4.7453850e+06   2.1728516e+01
   4.7454030e+06   3.0090332e+01
   4.7455040e+06   2.9296875e+01
   4.7455440e+06   2.0629883e+01
   4.7455650e+06   2.5451660e+01
   4.7456020e+06   2.5451660e+01
   4.7456200e+06   2.4108887e+01
   4.7456730e+06   2.9113770e+01
   4.7457360e+06   2.4169922e+01
   4.7458160e+06   2.0629883e+01
   4.7458430e+06   2.5756836e+01
   4.7459060e+06   2.3315430e+01
   4.7459240e+06   2.0996094e+01
   4.7460520e+06   1.9775391e+01
   4.7461430e+06   2.3986816e+01
   4.7461550e+06   2.3193359e+01
   4.7462280e+06   2.0996094e+01
   4.7463120e+06   2.0874023e+01
   4.7463740e+06   2.0446777e+01
   4.7464790e+06   2.0629883e+01
   4.7466560e+06   2.5207520e+01
   4.7468600e+06   2.5207520e+01
   4.7470860e+06   2.1911621e+01
   5.4085220e+06   2.0019531e+01
   5.4439120e+06   2.0141602e+01
   5.8137480e+06   2.2277832e+01
   5.8137740e+06   2.8564453e+01
   5.8137980e+06   4.0161133e+01
   5.8138100e+06   2.6428223e+01
   5.8138440e+06   3.0334473e+01
   5.8138670e+06   3.0273437e+01
   5.8138910e+06   2.3376465e+01
   5.8139240e+06   3.4057617e+01
   5.8139410e+06   3.2836914e+01
   5.8139740e+06   3.0151367e+01
   5.8139920e+06   2.0507812e+01
   5.8140190e+06   5.1330566e+01
   5.8140400e+06   3.4179688e+01
   5.8140720e+06   2.0202637e+01
   5.8141020e+06   2.6489258e+01
   5.8141230e+06   2.3925781e+01
   5.8141420e+06   2.6184082e+01
   5.8142040e+06   2.0446777e+01
   5.8143140e+06   2.1362305e+01
   5.8143320e+06   3.3630371e+01
   5.8144010e+06   2.2644043e+01
   5.8144580e+06   2.3620605e+01
   5.8146270e+06   2.7099609e+01
   5.8146370e+06   1.9836426e+01
   5.8146980e+06   2.8259277e+01
   5.8147440e+06   2.1118164e+01
   5.8147610e+06   1.9775391e+01
   5.8147970e+06   2.3254395e+01
   5.8149480e+06   2.1728516e+01
   5.8149940e+06   2.3193359e+01
   5.8150230e+06   1.9958496e+01
   5.8153000e+06   2.3498535e+01
   5.8153570e+06   2.1423340e+01
   5.8156380e+06   2.2277832e+01
   5.8156700e+06   2.0263672e+01
   5.8163510e+06   2.0263672e+01
   5.8466410e+06   2.0019531e+01
   5.9143500e+06   2.2277832e+01
   5.9144430e+06   2.0812988e+01
   5.9145410e+06   2.1118164e+01
   5.9145540e+06   2.3803711e+01
   5.9145850e+06   2.3498535e+01
   5.9146270e+06   2.1850586e+01
   5.9146500e+06   2.3193359e+01
   5.9146620e+06   3.3264160e+01
   5.9146900e+06   3.3386230e+01
   5.9147150e+06   2.2949219e+01
   5.9147360e+06   3.2348633e+01
   5.9147580e+06   2.6123047e+01
   5.9147770e+06   2.4902344e+01
   5.9147930e+06   2.7465820e+01
   5.9148320e+06   2.5878906e+01
   5.9148560e+06   2.2460938e+01
   5.9148980e+06   2.3803711e+01
   5.9149370e+06   2.5329590e+01
   5.9149590e+06   2.7954102e+01
   5.9150160e+06   3.3203125e+01
   5.9150260e+06   2.5817871e+01
   5.9150510e+06   2.2949219e+01
   5.9150890e+06   2.1667480e+01
   5.9151050e+06   2.1362305e+01
   5.9151380e+06   2.5756836e+01
   5.9151780e+06   2.0629883e+01
   5.9151960e+06   2.4230957e+01
   5.9152370e+06   2.8808594e+01
   5.9152610e+06   2.6916504e+01
   5.9152870e+06   2.1728516e+01
   5.9153060e+06   2.0202637e+01
   5.9153230e+06   2.2277832e+01
   5.9153590e+06   2.2338867e+01
   5.9154080e+06   2.1484375e+01
   5.9155960e+06   2.5085449e+01
   5.9156530e+06   2.3742676e+01
   5.9157170e+06   2.1850586e+01
   5.9157870e+06   2.0935059e+01
   5.9158630e+06   2.3132324e+01
   5.9158850e+06   2.1179199e+01
   5.9161490e+06   2.2705078e+01
   5.9162350e+06   2.1911621e+01
   5.9163060e+06   2.1118164e+01
   5.9169220e+06   2.1240234e+01
   5.9170570e+06   2.0874023e+01
   5.9182760e+06   2.3254395e+01
