   5.9990000e+06   0.0000000e+00
   8.0908000e+04   1.9287109e+01
   8.9452000e+04   1.8371582e+01
   8.9805000e+04   2.2644043e+01
   8.9842000e+04   2.3559570e+01
   8.9865000e+04   2.2460938e+01
   8.9938000e+04   1.9042969e+01
   8.9978000e+04   2.1179199e+01
   9.0000000e+04   2.1728516e+01
   9.0022000e+04   1.9592285e+01
   9.0041000e+04   1.9104004e+01
   9.0100000e+04   1.9531250e+01
   9.0111000e+04   2.1606445e+01
   9.0170000e+04   2.0202637e+01
   9.0215000e+04   2.1667480e+01
   9.0275000e+04   2.2033691e+01
   9.0301000e+04   1.7944336e+01
   9.0921000e+04   2.0446777e+01
   9.2394000e+04   1.8554688e+01
   9.4256000e+04   1.7761230e+01
   9.6742000e+04   1.8371582e+01
   9.7477000e+04   1.7761230e+01
   9.7725000e+04   2.0202637e+01
   1.5047100e+05   2.0935059e+01
   1.9035600e+05   2.0996094e+01
   1.9037500e+05   2.3986816e+01
   1.9052500e+05   2.5085449e+01
   1.9060300e+05   1.8371582e+01
   1.9062600e+05   1.8676758e+01
   1.9065100e+05   2.7770996e+01
   1.9066700e+05   1.8188477e+01
   1.9069200e+05   1.7639160e+01
   1.9072300e+05   2.0202637e+01
   1.9079800e+05   2.1057129e+01
   1.9088200e+05   2.7404785e+01
   1.9098100e+05   1.7761230e+01
   1.9102300e+05   1.7578125e+01
   1.9110200e+05   1.8005371e+01
   1.9133000e+05   1.7761230e+01
   1.9217100e+05   1.7639160e+01
   1.9306200e+05   1.7700195e+01
   1.9437100e+05   1.9836426e+01
   1.9622200e+05   1.9042969e+01
   1.9648600e+05   1.8432617e+01
   2.3822000e+05   2.2033691e+01
   2.3824400e+05   2.3559570e+01
   2.3846200e+05   2.4353027e+01
   2.3847800e+05   1.7639160e+01
   2.3853100e+05   1.8554688e+01
   2.3861400e+05   2.0385742e+01
   2.3864300e+05   2.5268555e+01
   2.3872700e+05   1.7639160e+01
   2.3873800e+05   2.6245117e+01
   2.3886200e+05   2.1118164e+01
   2.3897300e+05   1.8188477e+01
   2.3899700e+05   2.0019531e+01
   2.3964200e+05   1.7578125e+01
   2.4089500e+05   1.7761230e+01
   2.4135000e+05   1.8554688e+01
   2.4179500e+05   2.0446777e+01
   2.4202300e+05   1.8188477e+01
   2.4249100e+05   1.8432617e+01
   2.4271700e+05   1.7761230e+01
   2.4377200e+05   1.8920898e+01
   2.4428200e+05   1.7822266e+01
   2.4546100e+05   1.8005371e+01
   2.8506700e+05   2.2277832e+01
   2.8522800e+05   2.0751953e+01
   2.8529000e+05   2.0263672e+01
   2.8537100e+05   1.8127441e+01
   2.8540600e+05   2.2766113e+01
   2.8546300e+05   1.9531250e+01
   2.8558600e+05   2.2155762e+01
   2.8560600e+05   1.9531250e+01
   2.8570300e+05   2.3864746e+01
   2.8578100e+05   1.7761230e+01
   2.8583900e+05   2.1545410e+01
   2.8596600e+05   2.0812988e+01
   2.8605200e+05   2.1789551e+01
   2.8617100e+05   1.9409180e+01
   2.8887000e+05   1.7883301e+01
   2.9084700e+05   1.8432617e+01
   2.9207500e+05   1.8066406e+01
   2.9235400e+05   1.8493652e+01
   2.9329000e+05   1.8310547e+01
   3.5388700e+05   1.8493652e+01
   3.5403200e+05   1.8249512e+01
   3.5404700e+05   2.0690918e+01
   3.5414100e+05   1.7700195e+01
   3.5420100e+05   2.5085449e+01
   3.5423500e+05   2.1972656e+01
   3.5432300e+05   1.7883301e+01
   3.5434600e+05   2.1789551e+01
   3.5437900e+05   1.9958496e+01
   3.5444000e+05   1.9592285e+01
   3.5461900e+05   1.7639160e+01
   3.5478000e+05   2.1606445e+01
   3.5494700e+05   1.8432617e+01
   3.5690300e+05   1.9531250e+01
   3.5760300e+05   2.0324707e+01
   3.5806700e+05   1.7700195e+01
   3.5881800e+05   1.7639160e+01
   4.0735400e+05   2.0568848e+01
   4.0761700e+05   2.0385742e+01
   4.0797400e+05   2.1301270e+01
   5.3452300e+05   1.7822266e+01
   1.2306590e+06   1.8066406e+01
   1.2307220e+06   2.0263672e+01
   1.2307400e+06   3.5095215e+01
   1.2307800e+06   1.9104004e+01
   1.2308160e+06   4.2602539e+01
   1.2308330e+06   2.1545410e+01
   1.2308840e+06   1.9348145e+01
   1.2309050e+06   2.8198242e+01
   1.2309510e+06   2.3071289e+01
   1.2322680e+06   1.9104004e+01
   1.2341220e+06   1.8310547e+01
   1.2346090e+06   2.0080566e+01
   1.2698630e+06   1.9653320e+01
   1.2716430e+06   1.8066406e+01
   1.2846360e+06   1.7944336e+01
   1.6142150e+06   2.0202637e+01
   1.6551770e+06   2.0324707e+01
   1.7073880e+06   1.7883301e+01
   1.7080330e+06   2.5329590e+01
   1.7081380e+06   2.6489258e+01
   1.7081720e+06   2.4108887e+01
   1.7082040e+06   2.0996094e+01
   1.7082210e+06   2.2583008e+01
   1.7082710e+06   2.0385742e+01
   1.7082830e+06   2.4841309e+01
   1.7083380e+06   1.9836426e+01
   1.7083880e+06   2.1057129e+01
   1.7084640e+06   2.0385742e+01
   1.7087410e+06   1.9165039e+01
   1.7099170e+06   2.3681641e+01
   1.7111190e+06   1.9409180e+01
   1.7158460e+06   1.8981934e+01
   1.7289490e+06   1.7883301e+01
   1.7406390e+06   1.9104004e+01
   1.7413710e+06   2.0385742e+01
   1.7434200e+06   1.8249512e+01
   1.7448310e+06   2.4536133e+01
   1.7449280e+06   2.1484375e+01
   1.7450330e+06   2.3620605e+01
   1.7476660e+06   1.7578125e+01
   1.7486580e+06   1.7761230e+01
   1.7527390e+06   1.8493652e+01
   1.7551990e+06   1.7883301e+01
   1.7563450e+06   1.7761230e+01
   1.7577550e+06   1.8188477e+01
   1.7610460e+06   1.8981934e+01
   1.7694580e+06   1.9042969e+01
   1.7695340e+06   2.8869629e+01
   1.7696330e+06   2.3193359e+01
   1.7696820e+06   2.8686523e+01
   1.7697230e+06   1.8615723e+01
   1.7697640e+06   1.8310547e+01
   1.7698000e+06   2.3193359e+01
   1.7698140e+06   2.7099609e+01
   1.7698360e+06   2.2766113e+01
   1.7698910e+06   1.8859863e+01
   1.7699130e+06   1.8188477e+01
   1.7699590e+06   2.6855469e+01
   1.7699930e+06   1.9042969e+01
   1.7700570e+06   2.8320313e+01
   1.7701200e+06   1.8432617e+01
   1.7701370e+06   2.2277832e+01
   1.7701700e+06   2.1057129e+01
   1.7701900e+06   1.7700195e+01
   1.7705450e+06   1.8005371e+01
   1.7706560e+06   2.0874023e+01
   1.7717100e+06   1.7700195e+01
   1.7720470e+06   1.9592285e+01
   1.7723970e+06   1.8554688e+01
   1.7725960e+06   1.7883301e+01
   1.7727780e+06   1.8066406e+01
   1.7735710e+06   1.8188477e+01
   1.7743960e+06   1.8737793e+01
   1.7753270e+06   1.7700195e+01
   1.8140100e+06   1.7883301e+01
   1.8203800e+06   2.1911621e+01
   1.8234660e+06   2.9541016e+01
   1.8236090e+06   2.8198242e+01
   1.8236920e+06   2.0446777e+01
   1.8237370e+06   2.2094727e+01
   1.8237610e+06   2.0446777e+01
   1.8238220e+06   2.0141602e+01
   1.8238390e+06   1.9836426e+01
   1.8238710e+06   1.9836426e+01
   1.8239160e+06   2.1118164e+01
   1.8239430e+06   2.0141602e+01
   1.8239800e+06   2.0446777e+01
   1.8239960e+06   1.9592285e+01
   1.8240700e+06   1.8005371e+01
   1.8241560e+06   2.0507813e+01
   1.8242480e+06   2.6306152e+01
   1.8246320e+06   1.8493652e+01
   1.8249210e+06   1.7639160e+01
   1.8253870e+06   1.8066406e+01
   1.8256840e+06   1.7578125e+01
   1.8258460e+06   1.8310547e+01
   1.8264000e+06   1.9470215e+01
   1.8270740e+06   1.7700195e+01
   1.8279000e+06   1.8005371e+01
   1.9036160e+06   1.8310547e+01
   1.9047380e+06   2.7404785e+01
   1.9048250e+06   1.8310547e+01
   1.9049270e+06   2.0751953e+01
   1.9049920e+06   1.9409180e+01
   1.9050650e+06   2.3010254e+01
   1.9050760e+06   1.8981934e+01
   1.9051470e+06   2.7832031e+01
   1.9051860e+06   1.8066406e+01
   1.9052090e+06   1.8554688e+01
   1.9052740e+06   2.2155762e+01
   1.9053360e+06   1.8859863e+01
   1.9053730e+06   1.9775391e+01
   1.9055380e+06   1.9470215e+01
   1.9055950e+06   2.0263672e+01
   1.9056320e+06   1.8249512e+01
   1.9056770e+06   1.9653320e+01
   1.9057800e+06   1.7639160e+01
   1.9059950e+06   1.8676758e+01
   1.9061820e+06   1.8432617e+01
   1.9066130e+06   1.7944336e+01
   1.9071170e+06   1.9348145e+01
   1.9076220e+06   1.7883301e+01
   1.9079890e+06   1.7822266e+01
   1.9083810e+06   1.8066406e+01
   1.9085600e+06   1.8615723e+01
   1.9158080e+06   1.8249512e+01
   1.9835220e+06   1.8554688e+01
   1.9929870e+06   1.8432617e+01
   1.9952710e+06   1.8737793e+01
   1.9980110e+06   1.7700195e+01
   2.0107600e+06   2.0141602e+01
   2.0134390e+06   1.9653320e+01
   2.5957400e+06   1.9897461e+01
   2.5965180e+06   1.7639160e+01
   2.5965850e+06   1.8615723e+01
   2.5966140e+06   2.5451660e+01
   2.5966540e+06   1.8005371e+01
   2.5966900e+06   2.8808594e+01
   2.5967040e+06   3.2226562e+01
   2.5967380e+06   2.1911621e+01
   2.5967730e+06   1.9409180e+01
   2.5967860e+06   1.8249512e+01
   2.5968300e+06   2.4230957e+01
   2.5968490e+06   1.7700195e+01
   2.5969790e+06   1.9836426e+01
   2.5971560e+06   1.7639160e+01
   2.5980510e+06   1.8371582e+01
   2.5989090e+06   1.9165039e+01
   2.6000560e+06   1.8188477e+01
   2.6003350e+06   1.9592285e+01
   2.6005160e+06   1.8798828e+01
   2.6474540e+06   1.8920898e+01
   3.1718420e+06   1.8066406e+01
   3.2472200e+06   2.1728516e+01
   3.2563140e+06   1.9775391e+01
   3.2563660e+06   2.4780273e+01
   3.2563810e+06   1.7578125e+01
   3.2564700e+06   2.0446777e+01
   3.2565190e+06   1.8615723e+01
   3.2565740e+06   2.5085449e+01
   3.2565970e+06   2.6428223e+01
   3.2566100e+06   1.8737793e+01
   3.2566440e+06   2.0751953e+01
   3.2566590e+06   2.2155762e+01
   3.2566860e+06   1.9165039e+01
   3.2567370e+06   1.9653320e+01
   3.2567500e+06   1.9897461e+01
   3.2568180e+06   2.1057129e+01
   3.2569610e+06   1.8188477e+01
   3.2570240e+06   1.7883301e+01
   3.2570820e+06   2.7648926e+01
   3.2572180e+06   1.8554688e+01
   3.2580430e+06   1.7578125e+01
   3.2591530e+06   1.8066406e+01
   3.2594860e+06   1.7700195e+01
   3.2597670e+06   1.8737793e+01
   3.2602180e+06   1.7883301e+01
   3.2627260e+06   1.8371582e+01
   3.2632510e+06   1.7700195e+01
   3.2636500e+06   1.9042969e+01
   3.2644260e+06   1.8432617e+01
   3.3086470e+06   1.8249512e+01
   3.3108960e+06   1.9592285e+01
   3.3124030e+06   1.9409180e+01
   3.3230560e+06   2.3315430e+01
   3.3272820e+06   1.9348145e+01
   3.3386600e+06   2.1057129e+01
   3.3387870e+06   3.3752441e+01
   3.3389290e+06   2.6306152e+01
   3.3389880e+06   1.8066406e+01
   3.3390000e+06   2.3498535e+01
   3.3390390e+06   2.1789551e+01
   3.3390540e+06   1.9592285e+01
   3.3390730e+06   1.8249512e+01
   3.3391010e+06   2.1057129e+01
   3.3391300e+06   2.2583008e+01
   3.3391400e+06   1.9897461e+01
   3.3391520e+06   2.1850586e+01
   3.3392050e+06   2.3193359e+01
   3.3392210e+06   2.2705078e+01
   3.3392320e+06   1.7822266e+01
   3.3393000e+06   1.8249512e+01
   3.3393470e+06   2.1667480e+01
   3.3393850e+06   1.7578125e+01
   3.3394560e+06   1.7700195e+01
   3.3395030e+06   2.0263672e+01
   3.3395320e+06   1.8798828e+01
   3.3396070e+06   1.7822266e+01
   3.3396930e+06   1.9653320e+01
   3.3404770e+06   1.8066406e+01
   3.3414090e+06   1.7578125e+01
   3.3415760e+06   1.8676758e+01
   3.3417340e+06   1.7761230e+01
   3.3436640e+06   2.2399902e+01
   3.3440440e+06   1.9042969e+01
   3.3445180e+06   1.7700195e+01
   3.3453560e+06   2.1850586e+01
   3.3464580e+06   1.8371582e+01
   3.3466690e+06   1.8432617e+01
   3.4005670e+06   1.9714355e+01
   3.4007480e+06   2.2460938e+01
   3.4007810e+06   2.2338867e+01
   3.4008050e+06   1.8310547e+01
   3.4009090e+06   2.4353027e+01
   3.4010140e+06   2.7648926e+01
   3.4010830e+06   1.9531250e+01
   3.4010940e+06   1.8005371e+01
   3.4011040e+06   2.7893066e+01
   3.4011280e+06   1.9592285e+01
   3.4011940e+06   1.8188477e+01
   3.4012040e+06   1.9775391e+01
   3.4012870e+06   1.9592285e+01
   3.4013250e+06   1.7700195e+01
   3.4013960e+06   2.0385742e+01
   3.4014660e+06   2.5329590e+01
   3.4014930e+06   2.4169922e+01
   3.4015960e+06   1.9531250e+01
   3.4019370e+06   1.8066406e+01
   3.4021840e+06   1.8005371e+01
   3.4034290e+06   2.1057129e+01
   3.4054960e+06   1.7761230e+01
   3.4061910e+06   2.0324707e+01
   3.4063990e+06   1.7944336e+01
   3.4066060e+06   1.9958496e+01
   3.4079370e+06   1.9653320e+01
   3.4088060e+06   1.7700195e+01
   3.4090720e+06   1.9226074e+01
   3.4093080e+06   1.8615723e+01
   3.4095880e+06   1.9409180e+01
   3.4777910e+06   2.0080566e+01
   3.4782000e+06   2.0751953e+01
   3.4783140e+06   1.7822266e+01
   3.4784120e+06   1.8798828e+01
   3.4784240e+06   1.8249512e+01
   3.4784680e+06   1.8371582e+01
   3.4784890e+06   2.5268555e+01
   3.4785930e+06   2.0080566e+01
   3.4787030e+06   2.3620605e+01
   3.4787230e+06   1.8676758e+01
   3.4787930e+06   1.7761230e+01
   3.4788640e+06   2.4230957e+01
   3.4788830e+06   2.5024414e+01
   3.4789520e+06   2.1972656e+01
   3.4789740e+06   2.0996094e+01
   3.4790210e+06   2.0996094e+01
   3.4790910e+06   2.1972656e+01
   3.4791720e+06   2.0080566e+01
   3.4791930e+06   2.2216797e+01
   3.4793430e+06   1.9531250e+01
   3.4793730e+06   2.1057129e+01
   3.4794140e+06   2.1911621e+01
   3.4795530e+06   1.8798828e+01
   3.4796410e+06   2.0141602e+01
   3.4797520e+06   2.0996094e+01
   3.4805710e+06   1.8676758e+01
   3.4807600e+06   1.9165039e+01
   3.4809080e+06   1.9104004e+01
   3.4816790e+06   1.8798828e+01
   3.4818860e+06   1.7822266e+01
   3.4861640e+06   1.9409180e+01
   3.5009840e+06   2.5024414e+01
   3.5466620e+06   2.4536133e+01
   3.5822380e+06   1.8249512e+01
   3.6082960e+06   1.8005371e+01
   3.6102980e+06   1.7761230e+01
   3.6183290e+06   1.9287109e+01
   4.4617520e+06   1.8737793e+01
   4.4626500e+06   1.8005371e+01
   4.4631910e+06   1.7700195e+01
   4.4632400e+06   2.0019531e+01
   4.4633300e+06   2.7770996e+01
   4.4633770e+06   1.8859863e+01
   4.4634040e+06   2.4536133e+01
   4.4634170e+06   2.6489258e+01
   4.4634410e+06   2.7587891e+01
   4.4634700e+06   2.3071289e+01
   4.4634940e+06   2.4230957e+01
   4.4635240e+06   2.2216797e+01
   4.4635380e+06   1.7578125e+01
   4.4635840e+06   1.7822266e+01
   4.4636000e+06   2.1850586e+01
   4.4636240e+06   1.9714355e+01
   4.4636430e+06   1.9226074e+01
   4.4660850e+06   1.8676758e+01
   4.4678970e+06   1.9958496e+01
   4.4688470e+06   1.7700195e+01
   4.4690050e+06   1.8493652e+01
   4.4693740e+06   2.0874023e+01
   4.4700730e+06   1.8188477e+01
   4.4702250e+06   2.0263672e+01
   4.5122990e+06   1.9409180e+01
   4.5132240e+06   2.0141602e+01
   4.5140670e+06   1.8127441e+01
   4.5170850e+06   1.9104004e+01
   4.5219300e+06   1.9287109e+01
   4.5309790e+06   1.9958496e+01
   4.5465990e+06   1.8066406e+01
   4.5476770e+06   1.8310547e+01
   4.5594140e+06   1.9348145e+01
   4.5714540e+06   1.7578125e+01
   4.5723410e+06   1.9042969e+01
   4.5726330e+06   2.6123047e+01
   4.5727160e+06   2.6428223e+01
   4.5727630e+06   2.0812988e+01
   4.5727960e+06   2.7587891e+01
   4.5728070e+06   2.1484375e+01
   4.5728560e+06   2.8259277e+01
   4.5728790e+06   2.2827148e+01
   4.5729150e+06   2.0324707e+01
   4.5729520e+06   2.3132324e+01
   4.5729830e+06   1.8493652e+01
   4.5730050e+06   2.1118164e+01
   4.5730190e+06   2.1911621e+01
   4.5730470e+06   2.2705078e+01
   4.5730770e+06   2.3254395e+01
   4.5731970e+06   2.5695801e+01
   4.5732410e+06   2.1667480e+01
   4.5734960e+06   1.9348145e+01
   4.5738110e+06   1.8249512e+01
   4.5753890e+06   2.0507813e+01
   4.5772570e+06   1.8188477e+01
   4.5775850e+06   1.8310547e+01
   4.5789490e+06   2.0141602e+01
   4.5791940e+06   1.8676758e+01
   4.5794200e+06   1.9958496e+01
   4.5800640e+06   1.7883301e+01
   4.5805310e+06   1.7883301e+01
   4.5809510e+06   1.8737793e+01
   4.6270870e+06   1.7822266e+01
   4.6341580e+06   1.7578125e+01
   4.6354900e+06   1.8005371e+01
   4.6383960e+06   1.7883301e+01
   4.6497780e+06   1.8310547e+01
   4.6554960e+06   1.9531250e+01
   4.6753760e+06   1.7822266e+01
   4.6788690e+06   1.8432617e+01
   4.7433120e+06   2.7709961e+01
   4.7435520e+06   2.1606445e+01
   4.7449640e+06   2.3864746e+01
   4.7449820e+06   2.4780273e+01
   4.7449930e+06   1.9714355e+01
   4.7450550e+06   1.9897461e+01
   4.7450890e+06   1.9165039e+01
   4.7451260e+06   2.3315430e+01
   4.7451420e+06   1.7883301e+01
   4.7451960e+06   2.2460938e+01
   4.7453250e+06   2.0385742e+01
   4.7454470e+06   2.0263672e+01
   4.7455000e+06   1.8676758e+01
   4.7455280e+06   1.8554688e+01
   4.7456260e+06   1.7822266e+01
   4.7479990e+06   1.8310547e+01
   4.7484810e+06   1.8310547e+01
   4.7486440e+06   1.7944336e+01
   4.7501730e+06   1.9042969e+01
   4.7505330e+06   1.8676758e+01
   4.8010420e+06   1.9897461e+01
   4.8135750e+06   1.8249512e+01
   4.8179600e+06   1.7822266e+01
   4.8311990e+06   2.0874023e+01
   5.3303500e+06   1.9226074e+01
   5.3642670e+06   2.3315430e+01
   5.5823240e+06   1.8676758e+01
   5.5924600e+06   1.8127441e+01
   5.6669760e+06   1.9104004e+01
   5.7093550e+06   2.1118164e+01
   5.8019070e+06   2.0141602e+01
   5.8136050e+06   1.8981934e+01
   5.8137140e+06   1.8920898e+01
   5.8137560e+06   2.2155762e+01
   5.8137750e+06   2.5695801e+01
   5.8138290e+06   1.8005371e+01
   5.8138470e+06   2.4597168e+01
   5.8138650e+06   1.8127441e+01
   5.8138910e+06   1.8188477e+01
   5.8139240e+06   3.2897949e+01
   5.8139420e+06   2.2460937e+01
   5.8140730e+06   1.9958496e+01
   5.8147910e+06   1.7883301e+01
   5.8153960e+06   1.8798828e+01
   5.8156680e+06   1.8371582e+01
   5.8159830e+06   1.8615723e+01
   5.8161400e+06   1.8920898e+01
   5.8164430e+06   1.9042969e+01
   5.8166160e+06   1.9104004e+01
   5.8178790e+06   1.8371582e+01
   5.8195830e+06   1.8249512e+01
   5.8280490e+06   1.7822266e+01
   5.8769670e+06   1.7761230e+01
   5.8875190e+06   1.8615723e+01
   5.9093340e+06   1.9775391e+01
   5.9142730e+06   1.8859863e+01
   5.9143330e+06   1.9653320e+01
   5.9144130e+06   1.8188477e+01
   5.9144370e+06   2.0202637e+01
   5.9145360e+06   2.0812988e+01
   5.9145660e+06   2.0202637e+01
   5.9145960e+06   2.6733398e+01
   5.9146110e+06   3.3447266e+01
   5.9146450e+06   2.9724121e+01
   5.9146680e+06   2.1301270e+01
   5.9146970e+06   1.8188477e+01
   5.9147210e+06   1.8432617e+01
   5.9147750e+06   1.9653320e+01
   5.9148080e+06   2.6611328e+01
   5.9148350e+06   1.8432617e+01
   5.9148670e+06   2.0019531e+01
   5.9150800e+06   1.9348145e+01
   5.9151870e+06   1.8981934e+01
   5.9163160e+06   1.7822266e+01
   5.9164820e+06   1.8310547e+01
   5.9168010e+06   2.2155762e+01
   5.9179310e+06   1.7822266e+01
   5.9184540e+06   1.7578125e+01
   5.9191380e+06   1.7761230e+01
   5.9225870e+06   1.9653320e+01
