   5.9990000e+06   0.0000000e+00
   9.0268000e+04   1.9592285e+01
   9.0349000e+04   2.4353027e+01
   1.8917600e+05   2.2338867e+01
   1.8938700e+05   2.8625488e+01
   1.9143500e+05   2.0202637e+01
   2.2619700e+05   2.0751953e+01
   2.2651900e+05   2.1240234e+01
   2.3813000e+05   1.9653320e+01
   2.3825100e+05   2.2338867e+01
   2.3906800e+05   2.2888184e+01
   2.3917600e+05   1.9470215e+01
   2.8469100e+05   2.3681641e+01
   3.5366900e+05   2.2888184e+01
   3.5387000e+05   2.1728516e+01
   3.5430300e+05   1.9531250e+01
   3.5458700e+05   1.9897461e+01
   3.9239700e+05   1.9653320e+01
   4.0623200e+05   2.0446777e+01
   4.0644900e+05   2.1789551e+01
   4.0798700e+05   2.1606445e+01
   1.2308720e+06   1.9348145e+01
   1.2311390e+06   2.3986816e+01
   1.2313010e+06   2.1057129e+01
   1.6139900e+06   2.0446777e+01
   1.6141210e+06   1.9409180e+01
   1.7072240e+06   2.0080566e+01
   1.7073610e+06   2.2338867e+01
   1.7074710e+06   1.9531250e+01
   1.7082540e+06   1.9714355e+01
   1.7084640e+06   2.1667480e+01
   1.7084920e+06   2.0812988e+01
   1.7681740e+06   2.0690918e+01
   1.7685200e+06   2.5024414e+01
   1.7689590e+06   1.9653320e+01
   1.7693470e+06   2.3193359e+01
   1.7700140e+06   2.0446777e+01
   1.7701930e+06   2.1118164e+01
   1.7702530e+06   2.2155762e+01
   1.8048290e+06   2.0141602e+01
   1.8229580e+06   2.0263672e+01
   1.8238240e+06   1.9897461e+01
   1.8238720e+06   2.0568848e+01
   1.8241280e+06   2.2094727e+01
   1.8857140e+06   2.0874023e+01
   1.8860610e+06   2.2460938e+01
   1.8940780e+06   2.1972656e+01
   1.9038490e+06   2.3010254e+01
   1.9053130e+06   2.2888184e+01
   1.9056010e+06   1.9592285e+01
   2.3263870e+06   1.9409180e+01
   2.5955720e+06   1.9470215e+01
   2.5967020e+06   2.1972656e+01
   2.5969620e+06   2.4230957e+01
   2.5970080e+06   2.3010254e+01
   2.5972680e+06   2.0019531e+01
   3.2562340e+06   2.0019531e+01
   3.2565080e+06   2.1850586e+01
   3.2566840e+06   1.9470215e+01
   3.2568630e+06   2.1545410e+01
   3.2569370e+06   2.4658203e+01
   3.2989990e+06   2.0629883e+01
   3.3218270e+06   2.0324707e+01
   3.3383040e+06   2.1240234e+01
   3.3383590e+06   2.1728516e+01
   3.3387700e+06   1.9531250e+01
   3.3388900e+06   2.2766113e+01
   3.3389650e+06   2.0996094e+01
   3.4007260e+06   2.0874023e+01
   3.4013200e+06   2.0141602e+01
   3.4020410e+06   1.9409180e+01
   3.4407960e+06   2.0812988e+01
   3.4780040e+06   2.0019531e+01
   3.4781840e+06   2.1179199e+01
   3.4792750e+06   2.1484375e+01
   3.4792860e+06   2.1423340e+01
   3.4793430e+06   2.0751953e+01
   4.4631240e+06   2.2094727e+01
   4.4632390e+06   2.4780273e+01
   4.4632650e+06   2.0507812e+01
   4.4636290e+06   2.6916504e+01
   4.4636610e+06   1.9531250e+01
   4.4637010e+06   2.2216797e+01
   4.4637900e+06   1.9470215e+01
   4.4640050e+06   2.1667480e+01
   4.5593940e+06   2.2460937e+01
   4.5721300e+06   1.9775391e+01
   4.5728140e+06   1.9348145e+01
   4.5730230e+06   2.6733398e+01
   4.5732450e+06   2.0568848e+01
   4.6599110e+06   2.0385742e+01
   4.6603520e+06   1.9592285e+01
   4.6791850e+06   2.3620605e+01
   4.6793120e+06   2.0385742e+01
   4.7428780e+06   2.3315430e+01
   4.7430660e+06   2.1301270e+01
   4.7451620e+06   2.0385742e+01
   4.7453070e+06   3.0334473e+01
   5.8135330e+06   2.6855469e+01
   5.8138970e+06   2.0812988e+01
   5.8139150e+06   2.0507812e+01
   5.8139750e+06   3.3325195e+01
   5.8140000e+06   2.1423340e+01
   5.8140510e+06   2.3559570e+01
   5.9137450e+06   1.9470215e+01
   5.9989760e+06   2.2460938e+01
