   5.9990000e+06   0.0000000e+00
   6.3860000e+03   1.9958496e+01
   1.4563000e+04   2.1179199e+01
   1.8994000e+04   2.0019531e+01
   2.2169000e+04   1.9470215e+01
   2.7121000e+04   1.8981934e+01
   2.7927000e+04   2.0690918e+01
   3.8812000e+04   1.9042969e+01
   4.4461000e+04   2.1362305e+01
   5.0111000e+04   2.1301270e+01
   5.0505000e+04   2.0507812e+01
   5.8814000e+04   1.8981934e+01
   7.0059000e+04   2.2888184e+01
   7.2786000e+04   2.4597168e+01
   7.5217000e+04   1.9775391e+01
   7.6100000e+04   2.7526855e+01
   7.8496000e+04   1.9592285e+01
   8.1765000e+04   1.9775391e+01
   8.4048000e+04   2.3498535e+01
   8.6310000e+04   1.9897461e+01
   8.8420000e+04   2.0812988e+01
   8.8434000e+04   2.4291992e+01
   8.8497000e+04   4.7180176e+01
   8.8534000e+04   2.1301270e+01
   8.8600000e+04   2.0202637e+01
   8.9205000e+04   2.4047852e+01
   8.9510000e+04   2.4475098e+01
   8.9634000e+04   3.5949707e+01
   8.9684000e+04   2.1118164e+01
   8.9750000e+04   2.1423340e+01
   8.9765000e+04   2.3010254e+01
   8.9813000e+04   3.4545898e+01
   8.9829000e+04   2.0202637e+01
   8.9856000e+04   2.3803711e+01
   8.9866000e+04   2.5939941e+01
   8.9889000e+04   3.7231445e+01
   8.9908000e+04   2.5878906e+01
   8.9951000e+04   2.2155762e+01
   8.9997000e+04   2.7404785e+01
   9.0067000e+04   2.6245117e+01
   9.0083000e+04   2.5024414e+01
   9.0095000e+04   2.1728516e+01
   9.0128000e+04   2.6611328e+01
   9.0155000e+04   2.1179199e+01
   9.0181000e+04   2.1179199e+01
   9.0241000e+04   2.0874023e+01
   9.0300000e+04   2.3010254e+01
   9.0338000e+04   2.0812988e+01
   9.0399000e+04   2.7770996e+01
   9.0554000e+04   2.0324707e+01
   9.0633000e+04   1.9775391e+01
   9.0773000e+04   2.1240234e+01
   9.0963000e+04   1.9226074e+01
   9.1111000e+04   1.9226074e+01
   9.1448000e+04   2.1545410e+01
   1.0891800e+05   2.2766113e+01
   1.0907100e+05   1.9104004e+01
   1.0914100e+05   2.4719238e+01
   1.0917300e+05   2.2949219e+01
   1.0918500e+05   2.8564453e+01
   1.0925800e+05   1.8981934e+01
   1.0928700e+05   2.1362305e+01
   1.0937100e+05   2.1911621e+01
   1.0940200e+05   2.3132324e+01
   1.0948700e+05   2.4963379e+01
   1.0951400e+05   2.7648926e+01
   1.0957700e+05   2.0446777e+01
   1.0959500e+05   2.1301270e+01
   1.0961200e+05   2.2216797e+01
   1.0976200e+05   3.3020020e+01
   1.0977900e+05   3.0517578e+01
   1.0988400e+05   2.3010254e+01
   1.0992500e+05   2.2521973e+01
   1.0995500e+05   2.1301270e+01
   1.1001000e+05   3.3691406e+01
   1.1016100e+05   2.1179199e+01
   1.1026100e+05   2.8991699e+01
   1.1030200e+05   2.0019531e+01
   1.1033400e+05   2.0690918e+01
   1.1045500e+05   1.9165039e+01
   1.1047000e+05   2.1240234e+01
   1.1049300e+05   2.4475098e+01
   1.1078600e+05   2.5207520e+01
   1.1099400e+05   2.0324707e+01
   1.1113200e+05   2.1240234e+01
   1.1120400e+05   2.3254395e+01
   1.1154400e+05   2.1423340e+01
   1.1173900e+05   1.9165039e+01
   1.1200400e+05   1.9042969e+01
   1.2364300e+05   2.1545410e+01
   1.2445300e+05   2.1118164e+01
   1.3178200e+05   2.1911621e+01
   1.3317600e+05   1.9104004e+01
   1.3425100e+05   1.9104004e+01
   1.3531600e+05   2.0996094e+01
   1.3651000e+05   2.1484375e+01
   1.3734500e+05   1.9226074e+01
   1.4351800e+05   2.3864746e+01
   1.4675500e+05   2.3620605e+01
   1.5167300e+05   2.0568848e+01
   1.5185400e+05   1.9104004e+01
   1.5340000e+05   2.0263672e+01
   1.6548100e+05   2.1911621e+01
   1.6753500e+05   2.1606445e+01
   1.6938300e+05   2.2583008e+01
   1.8232200e+05   1.9348145e+01
   1.9017100e+05   2.0568848e+01
   1.9026900e+05   2.3315430e+01
   1.9031100e+05   3.5766602e+01
   1.9032500e+05   2.4230957e+01
   1.9034300e+05   2.8930664e+01
   1.9036300e+05   1.8981934e+01
   1.9038900e+05   2.6794434e+01
   1.9041400e+05   2.6550293e+01
   1.9043600e+05   2.6245117e+01
   1.9044700e+05   4.6813965e+01
   1.9050000e+05   1.8981934e+01
   1.9053700e+05   2.4597168e+01
   1.9055800e+05   2.3681641e+01
   1.9057600e+05   2.0812988e+01
   1.9060500e+05   2.1606445e+01
   1.9062800e+05   3.3508301e+01
   1.9064700e+05   2.4047852e+01
   1.9068400e+05   3.7536621e+01
   1.9070400e+05   2.4658203e+01
   1.9072200e+05   2.2827148e+01
   1.9076300e+05   2.1240234e+01
   1.9080300e+05   2.4536133e+01
   1.9085200e+05   1.9042969e+01
   1.9089100e+05   2.5878906e+01
   1.9095600e+05   1.9348145e+01
   1.9101900e+05   2.3864746e+01
   1.9104500e+05   2.2521973e+01
   1.9112800e+05   2.0385742e+01
   1.9126200e+05   2.0690918e+01
   1.9131900e+05   1.9287109e+01
   1.9141200e+05   1.9165039e+01
   1.9169100e+05   2.0629883e+01
   1.9175300e+05   2.2338867e+01
   1.9189000e+05   2.2277832e+01
   2.0751800e+05   2.1850586e+01
   2.0763800e+05   1.9409180e+01
   2.0769100e+05   3.0639648e+01
   2.0771600e+05   2.3071289e+01
   2.2579500e+05   2.3681641e+01
   2.2582900e+05   3.3752441e+01
   2.2587800e+05   2.5878906e+01
   2.2594700e+05   3.2897949e+01
   2.2601400e+05   2.4536133e+01
   2.2609400e+05   3.5095215e+01
   2.2613900e+05   2.1362305e+01
   2.2629500e+05   3.2531738e+01
   2.2638700e+05   2.5756836e+01
   2.2654300e+05   1.9775391e+01
   2.2661600e+05   2.0935059e+01
   2.2664900e+05   2.6000977e+01
   2.2691500e+05   2.3620605e+01
   2.3757500e+05   1.9897461e+01
   2.3762500e+05   2.0202637e+01
   2.3765500e+05   3.5705566e+01
   2.3784500e+05   2.3071289e+01
   2.3799200e+05   2.4475098e+01
   2.3801600e+05   3.0700684e+01
   2.3806800e+05   2.3742676e+01
   2.3811000e+05   3.5156250e+01
   2.3816300e+05   2.0874023e+01
   2.3819900e+05   3.6499023e+01
   2.3827400e+05   1.8920898e+01
   2.3828500e+05   2.6306152e+01
   2.3836500e+05   2.7465820e+01
   2.3843200e+05   2.9174805e+01
   2.3845800e+05   1.9836426e+01
   2.3850400e+05   2.6611328e+01
   2.3853100e+05   3.1494141e+01
   2.3856900e+05   2.3742676e+01
   2.3859700e+05   3.0456543e+01
   2.3861200e+05   2.0935059e+01
   2.3863600e+05   2.2705078e+01
   2.3869000e+05   3.0212402e+01
   2.3873400e+05   3.2592773e+01
   2.3875300e+05   2.1850586e+01
   2.3877600e+05   2.0690918e+01
   2.3878700e+05   2.4963379e+01
   2.3881500e+05   2.0751953e+01
   2.3884600e+05   2.0324707e+01
   2.3889200e+05   2.0141602e+01
   2.3892900e+05   2.6611328e+01
   2.3894800e+05   2.2277832e+01
   2.3902600e+05   3.0151367e+01
   2.3905700e+05   2.1118164e+01
   2.3908100e+05   2.5146484e+01
   2.3910600e+05   2.7282715e+01
   2.3916800e+05   2.2583008e+01
   2.3926000e+05   2.5512695e+01
   2.3932000e+05   2.9052734e+01
   2.3943800e+05   1.9287109e+01
   2.3951100e+05   2.5024414e+01
   2.3961300e+05   2.1850586e+01
   2.3976700e+05   2.1850586e+01
   2.8450300e+05   2.3193359e+01
   2.8461900e+05   2.5817871e+01
   2.8501500e+05   3.1372070e+01
   2.8508700e+05   2.0263672e+01
   2.8510400e+05   2.3376465e+01
   2.8513400e+05   2.1179199e+01
   2.8514500e+05   2.1545410e+01
   2.8519100e+05   4.1381836e+01
   2.8526800e+05   1.9104004e+01
   2.8529000e+05   2.0019531e+01
   2.8530300e+05   2.3620605e+01
   2.8532400e+05   3.5949707e+01
   2.8535000e+05   2.0263672e+01
   2.8540300e+05   2.6306152e+01
   2.8544500e+05   1.9653320e+01
   2.8545500e+05   4.0283203e+01
   2.8548500e+05   3.3447266e+01
   2.8549500e+05   2.1911621e+01
   2.8557000e+05   1.9836426e+01
   2.8558100e+05   3.2531738e+01
   2.8564800e+05   2.2644043e+01
   2.8566700e+05   2.7343750e+01
   2.8568500e+05   2.1057129e+01
   2.8575600e+05   2.1301270e+01
   2.8576600e+05   2.3986816e+01
   2.8579400e+05   1.8981934e+01
   2.8585800e+05   2.2399902e+01
   2.8618300e+05   3.1005859e+01
   2.8648300e+05   2.0202637e+01
   3.5392400e+05   2.6123047e+01
   3.5395000e+05   3.2165527e+01
   3.5399600e+05   2.3498535e+01
   3.5401300e+05   2.8381348e+01
   3.5404000e+05   2.1606445e+01
   3.5409800e+05   3.7658691e+01
   3.5413700e+05   2.5634766e+01
   3.5415100e+05   1.9348145e+01
   3.5417800e+05   3.6315918e+01
   3.5420600e+05   2.9418945e+01
   3.5422800e+05   3.1616211e+01
   3.5425100e+05   2.7038574e+01
   3.5428300e+05   1.9226074e+01
   3.5432200e+05   3.4973145e+01
   3.5434800e+05   2.5024414e+01
   3.5436100e+05   2.1850586e+01
   3.5438900e+05   1.9775391e+01
   3.5443600e+05   2.3864746e+01
   3.5449800e+05   3.1555176e+01
   3.5454000e+05   2.1423340e+01
   3.5457200e+05   1.9165039e+01
   3.5459800e+05   2.1667480e+01
   3.5462800e+05   2.0751953e+01
   3.5467500e+05   2.7404785e+01
   3.5471100e+05   2.0629883e+01
   3.5473300e+05   2.0935059e+01
   3.5476400e+05   2.1484375e+01
   3.5477800e+05   2.1240234e+01
   3.5484700e+05   1.9592285e+01
   3.5520300e+05   1.9042969e+01
   3.5536400e+05   2.1423340e+01
   4.0646700e+05   2.0935059e+01
   4.0661700e+05   1.9226074e+01
   4.0664800e+05   3.1494141e+01
   4.0685000e+05   2.4169922e+01
   4.0694700e+05   3.3142090e+01
   4.0712100e+05   2.9846191e+01
   4.0714200e+05   3.2714844e+01
   4.0718200e+05   2.2460938e+01
   4.0733000e+05   2.7038574e+01
   4.0738900e+05   2.6428223e+01
   4.0742100e+05   2.1240234e+01
   4.0747500e+05   2.4108887e+01
   4.0749300e+05   1.9897461e+01
   4.0762100e+05   2.0385742e+01
   4.0765600e+05   3.5705566e+01
   4.0769300e+05   2.9602051e+01
   4.0793600e+05   2.5024414e+01
   5.0689500e+05   2.1972656e+01
   9.0827200e+05   2.1545410e+01
   9.3461100e+05   2.0996094e+01
   9.7475500e+05   2.0263672e+01
   1.0527190e+06   1.9775391e+01
   1.0779130e+06   1.9042969e+01
   1.0783810e+06   1.9897461e+01
   1.0945260e+06   2.3437500e+01
   1.1165630e+06   2.4108887e+01
   1.1269030e+06   2.3071289e+01
   1.1533490e+06   2.0568848e+01
   1.1624410e+06   2.3376465e+01
   1.1772000e+06   2.3132324e+01
   1.2112380e+06   2.4047852e+01
   1.2293540e+06   2.0812988e+01
   1.2294190e+06   2.8198242e+01
   1.2294370e+06   2.0263672e+01
   1.2294710e+06   2.7343750e+01
   1.2295020e+06   2.2460938e+01
   1.2295150e+06   4.4006348e+01
   1.2295410e+06   2.3315430e+01
   1.2298610e+06   1.9409180e+01
   1.2303570e+06   1.9775391e+01
   1.2304290e+06   2.1301270e+01
   1.2305340e+06   2.2949219e+01
   1.2305480e+06   4.1320801e+01
   1.2305760e+06   2.2888184e+01
   1.2306090e+06   2.0324707e+01
   1.2306320e+06   2.6184082e+01
   1.2306770e+06   1.9042969e+01
   1.2306890e+06   2.9479980e+01
   1.2307160e+06   2.6672363e+01
   1.2307430e+06   2.6794434e+01
   1.2307980e+06   2.6855469e+01
   1.2308290e+06   2.6062012e+01
   1.2308420e+06   2.4597168e+01
   1.2308750e+06   2.0202637e+01
   1.2308990e+06   2.4536133e+01
   1.2309300e+06   2.6977539e+01
   1.2309670e+06   1.9226074e+01
   1.2310210e+06   1.9226074e+01
   1.2310570e+06   2.0446777e+01
   1.2310790e+06   2.4169922e+01
   1.2311180e+06   2.2705078e+01
   1.2311780e+06   2.2460938e+01
   1.2311900e+06   2.4353027e+01
   1.2312790e+06   1.9958496e+01
   1.2313270e+06   2.4963379e+01
   1.2314310e+06   2.4780273e+01
   1.2314720e+06   2.2827148e+01
   1.2315480e+06   2.1118164e+01
   1.2316090e+06   2.1423340e+01
   1.2316710e+06   2.7282715e+01
   1.2317580e+06   1.8981934e+01
   1.2319100e+06   1.9897461e+01
   1.2333870e+06   1.9470215e+01
   1.2495430e+06   1.8981934e+01
   1.2497120e+06   2.7648926e+01
   1.2498480e+06   3.1860352e+01
   1.2501180e+06   1.8981934e+01
   1.2503120e+06   3.0395508e+01
   1.2504240e+06   2.4291992e+01
   1.2505020e+06   2.4047852e+01
   1.2506430e+06   1.9775391e+01
   1.2506910e+06   1.9714355e+01
   1.2508100e+06   2.3864746e+01
   1.2508810e+06   2.4597168e+01
   1.2512700e+06   2.7648926e+01
   1.2513470e+06   2.7587891e+01
   1.2514370e+06   2.1972656e+01
   1.2515950e+06   1.9165039e+01
   1.2517280e+06   2.0202637e+01
   1.2521060e+06   3.4729004e+01
   1.2526000e+06   2.1728516e+01
   1.3254330e+06   1.9226074e+01
   1.3547850e+06   2.0324707e+01
   1.4132670e+06   2.3437500e+01
   1.4303140e+06   2.1057129e+01
   1.5072910e+06   2.1545410e+01
   1.5603010e+06   2.6123047e+01
   1.5684850e+06   2.5756836e+01
   1.5933630e+06   2.1728516e+01
   1.6097450e+06   2.3071289e+01
   1.6141270e+06   2.4658203e+01
   1.6148160e+06   1.9897461e+01
   1.6345580e+06   2.2583008e+01
   1.6346390e+06   1.9409180e+01
   1.6601980e+06   2.0507812e+01
   1.6738780e+06   2.2033691e+01
   1.6777490e+06   1.9470215e+01
   1.6810440e+06   2.1545410e+01
   1.7057340e+06   2.4780273e+01
   1.7073940e+06   3.0334473e+01
   1.7074740e+06   2.4780273e+01
   1.7075130e+06   2.7832031e+01
   1.7075720e+06   3.3996582e+01
   1.7076000e+06   4.0344238e+01
   1.7076330e+06   2.2338867e+01
   1.7078840e+06   2.3376465e+01
   1.7079340e+06   2.3803711e+01
   1.7079450e+06   5.7373047e+01
   1.7079820e+06   2.2399902e+01
   1.7080200e+06   1.9287109e+01
   1.7080470e+06   1.9958496e+01
   1.7080700e+06   2.8869629e+01
   1.7080940e+06   2.4353027e+01
   1.7081100e+06   2.0751953e+01
   1.7081220e+06   3.5827637e+01
   1.7081540e+06   2.3559570e+01
   1.7081750e+06   1.9958496e+01
   1.7082020e+06   2.3803711e+01
   1.7082280e+06   3.0639648e+01
   1.7082470e+06   3.3569336e+01
   1.7082960e+06   2.1118164e+01
   1.7083110e+06   2.8320312e+01
   1.7083420e+06   2.7893066e+01
   1.7083600e+06   2.2521973e+01
   1.7083820e+06   1.9348145e+01
   1.7084640e+06   2.1789551e+01
   1.7085050e+06   1.8981934e+01
   1.7085650e+06   2.8076172e+01
   1.7086210e+06   2.6184082e+01
   1.7087790e+06   2.2583008e+01
   1.7088700e+06   2.0690918e+01
   1.7091700e+06   1.9287109e+01
   1.7094430e+06   2.0568848e+01
   1.7099540e+06   2.2827148e+01
   1.7104190e+06   2.2094727e+01
   1.7106290e+06   2.1362305e+01
   1.7251330e+06   2.0141602e+01
   1.7253690e+06   2.1789551e+01
   1.7254310e+06   2.0874023e+01
   1.7255630e+06   1.9287109e+01
   1.7256010e+06   2.1118164e+01
   1.7256950e+06   1.9409180e+01
   1.7259430e+06   2.0812988e+01
   1.7259910e+06   2.6184082e+01
   1.7260160e+06   2.2888184e+01
   1.7261360e+06   1.8920898e+01
   1.7261750e+06   2.1667480e+01
   1.7262770e+06   2.2644043e+01
   1.7263500e+06   2.3071289e+01
   1.7264540e+06   2.2216797e+01
   1.7264870e+06   2.8869629e+01
   1.7265010e+06   1.9226074e+01
   1.7265680e+06   2.1118164e+01
   1.7266310e+06   2.3620605e+01
   1.7268140e+06   2.5146484e+01
   1.7269150e+06   2.5756836e+01
   1.7270640e+06   2.1423340e+01
   1.7270770e+06   2.7038574e+01
   1.7273510e+06   2.8015137e+01
   1.7275000e+06   2.0080566e+01
   1.7277020e+06   1.9104004e+01
   1.7295720e+06   1.9897461e+01
   1.7376310e+06   2.1850586e+01
   1.7379030e+06   1.8981934e+01
   1.7380550e+06   1.8920898e+01
   1.7460030e+06   2.1911621e+01
   1.7543860e+06   2.0996094e+01
   1.7602000e+06   2.0324707e+01
   1.7691310e+06   1.9470215e+01
   1.7692000e+06   2.7893066e+01
   1.7692200e+06   1.9348145e+01
   1.7693280e+06   2.7343750e+01
   1.7693450e+06   3.6926270e+01
   1.7693700e+06   1.9104004e+01
   1.7694830e+06   2.4169922e+01
   1.7695100e+06   2.1667480e+01
   1.7695300e+06   2.5207520e+01
   1.7695630e+06   2.0690918e+01
   1.7695870e+06   2.6062012e+01
   1.7696490e+06   2.6733398e+01
   1.7696740e+06   2.8076172e+01
   1.7697030e+06   3.3691406e+01
   1.7697210e+06   2.1911621e+01
   1.7697390e+06   3.9428711e+01
   1.7697560e+06   2.9907227e+01
   1.7697870e+06   3.3935547e+01
   1.7698050e+06   2.1240234e+01
   1.7698270e+06   2.2705078e+01
   1.7698630e+06   3.1616211e+01
   1.7699210e+06   1.9042969e+01
   1.7699420e+06   2.6794434e+01
   1.7699770e+06   3.5217285e+01
   1.7700070e+06   3.3691406e+01
   1.7700480e+06   2.4597168e+01
   1.7700680e+06   1.9226074e+01
   1.7700900e+06   2.5634766e+01
   1.7701300e+06   2.9907227e+01
   1.7701510e+06   2.9602051e+01
   1.7701940e+06   2.8930664e+01
   1.7702310e+06   2.6733398e+01
   1.7702470e+06   2.0202637e+01
   1.7705210e+06   2.8198242e+01
   1.7705820e+06   1.9958496e+01
   1.7706220e+06   2.4658203e+01
   1.7706770e+06   2.0080566e+01
   1.7707280e+06   1.9897461e+01
   1.7710000e+06   1.9226074e+01
   1.7711610e+06   1.9104004e+01
   1.7718140e+06   2.5085449e+01
   1.8234110e+06   2.3254395e+01
   1.8234450e+06   2.4169922e+01
   1.8234770e+06   2.6245117e+01
   1.8235080e+06   3.4423828e+01
   1.8235340e+06   2.4047852e+01
   1.8235600e+06   2.9785156e+01
   1.8236000e+06   2.6611328e+01
   1.8236200e+06   5.2734375e+01
   1.8236450e+06   2.5756836e+01
   1.8236740e+06   2.1362305e+01
   1.8236870e+06   2.5268555e+01
   1.8237300e+06   2.0874023e+01
   1.8237650e+06   3.5949707e+01
   1.8237960e+06   3.3691406e+01
   1.8238130e+06   2.3376465e+01
   1.8238340e+06   2.3864746e+01
   1.8238510e+06   2.5817871e+01
   1.8238870e+06   2.3254395e+01
   1.8239140e+06   3.3386230e+01
   1.8239250e+06   2.5695801e+01
   1.8239510e+06   2.0690918e+01
   1.8239670e+06   3.0273437e+01
   1.8239910e+06   2.1362305e+01
   1.8240030e+06   1.9897461e+01
   1.8240200e+06   1.9287109e+01
   1.8240610e+06   2.6733398e+01
   1.8240820e+06   2.1606445e+01
   1.8241310e+06   2.2399902e+01
   1.8241650e+06   2.0996094e+01
   1.8242200e+06   2.8625488e+01
   1.8242440e+06   2.0446777e+01
   1.8243120e+06   2.2888184e+01
   1.8243670e+06   2.2216797e+01
   1.8244780e+06   1.9409180e+01
   1.8245640e+06   2.7343750e+01
   1.8246590e+06   2.2460938e+01
   1.8247210e+06   2.0690918e+01
   1.8248310e+06   2.0935059e+01
   1.8250580e+06   2.2338867e+01
   1.8251280e+06   1.9165039e+01
   1.8253320e+06   2.2033691e+01
   1.8256580e+06   2.4475098e+01
   1.9047320e+06   2.0446777e+01
   1.9047900e+06   2.2338867e+01
   1.9048170e+06   4.1564941e+01
   1.9048340e+06   4.9133301e+01
   1.9049230e+06   2.1301270e+01
   1.9049800e+06   2.4291992e+01
   1.9050020e+06   3.4729004e+01
   1.9050210e+06   2.1545410e+01
   1.9050440e+06   3.6437988e+01
   1.9050650e+06   2.2277832e+01
   1.9050810e+06   1.9409180e+01
   1.9051100e+06   3.1616211e+01
   1.9051360e+06   2.8503418e+01
   1.9051530e+06   3.0090332e+01
   1.9051670e+06   2.7038574e+01
   1.9051980e+06   2.8808594e+01
   1.9052100e+06   2.1240234e+01
   1.9052540e+06   1.9592285e+01
   1.9052670e+06   2.0629883e+01
   1.9052950e+06   3.7780762e+01
   1.9053350e+06   2.2094727e+01
   1.9053660e+06   2.6184082e+01
   1.9053880e+06   2.7038574e+01
   1.9054060e+06   2.0874023e+01
   1.9054440e+06   2.3803711e+01
   1.9054580e+06   3.3569336e+01
   1.9055350e+06   2.2705078e+01
   1.9056010e+06   2.5329590e+01
   1.9056360e+06   3.4606934e+01
   1.9056710e+06   2.0080566e+01
   1.9056920e+06   2.3925781e+01
   1.9057840e+06   2.0751953e+01
   1.9058830e+06   2.0202637e+01
   1.9059770e+06   1.9470215e+01
   1.9060360e+06   2.7526855e+01
   1.9061060e+06   2.3010254e+01
   1.9062740e+06   1.9775391e+01
   1.9070630e+06   2.1667480e+01
   1.9135760e+06   2.1057129e+01
   2.1311030e+06   1.9165039e+01
   2.4290710e+06   2.1545410e+01
   2.5235430e+06   2.5024414e+01
   2.5954230e+06   2.5146484e+01
   2.5955180e+06   3.5278320e+01
   2.5955480e+06   2.1240234e+01
   2.5955700e+06   1.9592285e+01
   2.5956040e+06   3.4973145e+01
   2.5956300e+06   2.3681641e+01
   2.5956640e+06   2.1484375e+01
   2.5960150e+06   2.1972656e+01
   2.5963180e+06   2.2033691e+01
   2.5964010e+06   3.6743164e+01
   2.5964350e+06   2.3803711e+01
   2.5964500e+06   2.1362305e+01
   2.5964970e+06   2.1301270e+01
   2.5965070e+06   4.4006348e+01
   2.5965420e+06   1.9042969e+01
   2.5966040e+06   4.4921875e+01
   2.5966390e+06   2.2521973e+01
   2.5966660e+06   4.5715332e+01
   2.5966850e+06   2.7404785e+01
   2.5967050e+06   2.7648926e+01
   2.5967200e+06   2.0874023e+01
   2.5967380e+06   3.2836914e+01
   2.5967800e+06   3.1250000e+01
   2.5968200e+06   1.9042969e+01
   2.5968400e+06   3.0700684e+01
   2.5968680e+06   2.0141602e+01
   2.5969770e+06   2.0812988e+01
   2.5970710e+06   1.9836426e+01
   2.5971130e+06   2.2155762e+01
   2.5971230e+06   2.0751953e+01
   2.5971710e+06   2.0446777e+01
   2.5972870e+06   2.2216797e+01
   2.5974170e+06   2.5268555e+01
   2.5974830e+06   1.9592285e+01
   2.5975590e+06   2.0751953e+01
   2.5978450e+06   1.9714355e+01
   2.5980170e+06   2.0324707e+01
   2.6129180e+06   2.0812988e+01
   2.6130750e+06   2.2583008e+01
   2.6133210e+06   1.8920898e+01
   2.6135200e+06   1.8981934e+01
   2.6139900e+06   2.2338867e+01
   2.6141250e+06   2.4719238e+01
   2.6143440e+06   2.2644043e+01
   2.6144780e+06   2.9785156e+01
   2.6147180e+06   1.9714355e+01
   2.6175070e+06   1.9104004e+01
   3.2561310e+06   2.6245117e+01
   3.2562140e+06   2.3376465e+01
   3.2562530e+06   2.8381348e+01
   3.2562660e+06   2.9052734e+01
   3.2562900e+06   4.2358398e+01
   3.2563110e+06   2.2216797e+01
   3.2563390e+06   3.2043457e+01
   3.2563610e+06   2.7770996e+01
   3.2563850e+06   2.1728516e+01
   3.2564230e+06   3.5583496e+01
   3.2565190e+06   2.1545410e+01
   3.2565360e+06   3.4240723e+01
   3.2565470e+06   3.3752441e+01
   3.2565890e+06   4.9621582e+01
   3.2566080e+06   2.7038574e+01
   3.2566230e+06   2.6977539e+01
   3.2566480e+06   3.4240723e+01
   3.2566720e+06   3.0944824e+01
   3.2566940e+06   3.3386230e+01
   3.2567250e+06   2.2644043e+01
   3.2567530e+06   3.0517578e+01
   3.2567740e+06   2.3010254e+01
   3.2568280e+06   3.1250000e+01
   3.2568790e+06   2.1606445e+01
   3.2569420e+06   2.2216797e+01
   3.2569560e+06   2.0202637e+01
   3.2570210e+06   2.1057129e+01
   3.2570630e+06   1.9226074e+01
   3.2571150e+06   1.9348145e+01
   3.2571900e+06   2.0996094e+01
   3.2575060e+06   2.5207520e+01
   3.2577690e+06   2.0690918e+01
   3.2579180e+06   2.2155762e+01
   3.2715230e+06   2.0080566e+01
   3.2717170e+06   2.4291992e+01
   3.2719230e+06   2.7770996e+01
   3.2720790e+06   2.6306152e+01
   3.2721850e+06   2.7221680e+01
   3.2722330e+06   2.2277832e+01
   3.2722910e+06   1.9104004e+01
   3.2723710e+06   1.9958496e+01
   3.2724090e+06   1.9653320e+01
   3.2724800e+06   2.0690918e+01
   3.2725090e+06   3.3203125e+01
   3.2725540e+06   1.9348145e+01
   3.2725810e+06   1.9592285e+01
   3.2728450e+06   2.0202637e+01
   3.2729470e+06   3.1494141e+01
   3.2733980e+06   2.5207520e+01
   3.2739360e+06   2.0629883e+01
   3.2748560e+06   1.9348145e+01
   3.2842510e+06   2.0629883e+01
   3.2848010e+06   2.0446777e+01
   3.3385430e+06   2.1911621e+01
   3.3388180e+06   2.1911621e+01
   3.3388360e+06   3.8635254e+01
   3.3388580e+06   4.9560547e+01
   3.3388820e+06   2.2766113e+01
   3.3389240e+06   2.5512695e+01
   3.3389540e+06   2.7099609e+01
   3.3389700e+06   4.1137695e+01
   3.3389930e+06   2.6733398e+01
   3.3390240e+06   4.0100098e+01
   3.3390410e+06   2.2705078e+01
   3.3390660e+06   2.6916504e+01
   3.3390840e+06   2.7465820e+01
   3.3391130e+06   2.1301270e+01
   3.3391230e+06   3.0395508e+01
   3.3391400e+06   2.2277832e+01
   3.3391560e+06   2.0446777e+01
   3.3391720e+06   2.0568848e+01
   3.3392210e+06   2.6977539e+01
   3.3392330e+06   2.0568848e+01
   3.3392490e+06   2.0812988e+01
   3.3392910e+06   2.5329590e+01
   3.3393220e+06   2.6855469e+01
   3.3393390e+06   1.9348145e+01
   3.3393720e+06   2.7770996e+01
   3.3394150e+06   3.0395508e+01
   3.3394550e+06   2.1911621e+01
   3.3395180e+06   2.1362305e+01
   3.3395630e+06   2.1240234e+01
   3.3396070e+06   2.5939941e+01
   3.3396280e+06   2.0080566e+01
   3.3396580e+06   2.3010254e+01
   3.3397350e+06   2.3254395e+01
   3.3397820e+06   2.1728516e+01
   3.3399290e+06   2.4353027e+01
   3.3400550e+06   2.1606445e+01
   3.4007310e+06   2.1423340e+01
   3.4008260e+06   4.5410156e+01
   3.4008800e+06   2.3925781e+01
   3.4009060e+06   2.3803711e+01
   3.4009200e+06   2.6306152e+01
   3.4009490e+06   3.1311035e+01
   3.4009900e+06   2.4902344e+01
   3.4010200e+06   2.3254395e+01
   3.4010380e+06   2.0202637e+01
   3.4010720e+06   3.4729004e+01
   3.4010950e+06   2.9846191e+01
   3.4011210e+06   3.6315918e+01
   3.4011610e+06   2.5939941e+01
   3.4011790e+06   2.1484375e+01
   3.4012040e+06   2.0446777e+01
   3.4012200e+06   1.9226074e+01
   3.4012520e+06   3.2714844e+01
   3.4012910e+06   2.2521973e+01
   3.4013120e+06   3.1005859e+01
   3.4013480e+06   1.9775391e+01
   3.4013750e+06   2.0629883e+01
   3.4014010e+06   2.3620605e+01
   3.4014420e+06   2.9357910e+01
   3.4014780e+06   2.1179199e+01
   3.4014900e+06   2.1240234e+01
   3.4015100e+06   1.9409180e+01
   3.4015870e+06   2.1789551e+01
   3.4017110e+06   1.9714355e+01
   3.4017930e+06   1.9226074e+01
   3.4018450e+06   1.9836426e+01
   3.4019050e+06   1.9226074e+01
   3.4020470e+06   2.2338867e+01
   3.4783470e+06   1.9897461e+01
   3.4785300e+06   2.8625488e+01
   3.4785510e+06   3.0761719e+01
   3.4785810e+06   1.9470215e+01
   3.4786170e+06   1.9287109e+01
   3.4786860e+06   2.1240234e+01
   3.4786970e+06   4.0161133e+01
   3.4787250e+06   2.0202637e+01
   3.4787750e+06   3.5583496e+01
   3.4787870e+06   2.6000977e+01
   3.4788100e+06   2.8747559e+01
   3.4788370e+06   2.3071289e+01
   3.4788690e+06   2.4414062e+01
   3.4789060e+06   2.0568848e+01
   3.4789710e+06   3.1738281e+01
   3.4790240e+06   1.9836426e+01
   3.4790370e+06   2.3742676e+01
   3.4790690e+06   3.0029297e+01
   3.4790880e+06   2.3925781e+01
   3.4791010e+06   1.9226074e+01
   3.4791190e+06   1.9042969e+01
   3.4791460e+06   3.2958984e+01
   3.4791770e+06   2.3986816e+01
   3.4792760e+06   2.9235840e+01
   3.4793240e+06   3.2226563e+01
   3.4793580e+06   2.2033691e+01
   3.4794010e+06   1.9775391e+01
   3.4794560e+06   2.0080566e+01
   3.4794710e+06   1.9653320e+01
   3.4795120e+06   3.2470703e+01
   3.4798090e+06   1.9042969e+01
   4.2302160e+06   2.0446777e+01
   4.3289700e+06   2.7465820e+01
   4.4619580e+06   2.0324707e+01
   4.4622210e+06   1.9470215e+01
   4.4627880e+06   2.1118164e+01
   4.4629240e+06   2.1362305e+01
   4.4630710e+06   2.6611328e+01
   4.4630830e+06   4.1320801e+01
   4.4631210e+06   2.3986816e+01
   4.4631850e+06   2.3742676e+01
   4.4632180e+06   2.7221680e+01
   4.4632420e+06   2.1301270e+01
   4.4632590e+06   2.1911621e+01
   4.4632990e+06   2.5512695e+01
   4.4633120e+06   4.5471191e+01
   4.4633560e+06   2.5817871e+01
   4.4633710e+06   2.3498535e+01
   4.4634010e+06   2.9541016e+01
   4.4634290e+06   2.2338867e+01
   4.4634600e+06   2.2216797e+01
   4.4634870e+06   2.9907227e+01
   4.4635400e+06   2.0385742e+01
   4.4635840e+06   2.5512695e+01
   4.4636120e+06   2.3132324e+01
   4.4636470e+06   2.1057129e+01
   4.4637090e+06   2.3071289e+01
   4.4637580e+06   2.6489258e+01
   4.4638090e+06   1.9104004e+01
   4.4639680e+06   2.1240234e+01
   4.4640120e+06   1.9165039e+01
   4.4640430e+06   2.1789551e+01
   4.4641300e+06   1.9104004e+01
   4.4642280e+06   2.6855469e+01
   4.4643430e+06   1.9714355e+01
   4.4644270e+06   1.8981934e+01
   4.4645940e+06   2.2155762e+01
   4.4649810e+06   1.9348145e+01
   4.4651870e+06   2.7709961e+01
   4.4655290e+06   2.0324707e+01
   4.4802920e+06   2.5268555e+01
   4.4805700e+06   2.2888184e+01
   4.4807690e+06   1.9226074e+01
   4.4807790e+06   2.3376465e+01
   4.4809290e+06   3.0944824e+01
   4.4811740e+06   2.6184082e+01
   4.4812700e+06   2.7465820e+01
   4.4813200e+06   2.0019531e+01
   4.4814090e+06   2.2460938e+01
   4.4815760e+06   1.9104004e+01
   4.4816900e+06   1.9042969e+01
   4.4820020e+06   2.2766113e+01
   4.4820530e+06   3.1372070e+01
   4.4823140e+06   2.6123047e+01
   4.4825300e+06   2.5939941e+01
   4.4827820e+06   1.9958496e+01
   4.4838560e+06   1.8920898e+01
   4.5723170e+06   2.1606445e+01
   4.5724630e+06   2.2216797e+01
   4.5724980e+06   2.5939941e+01
   4.5725330e+06   2.7099609e+01
   4.5725470e+06   3.8696289e+01
   4.5725900e+06   2.5634766e+01
   4.5726190e+06   3.1311035e+01
   4.5726440e+06   2.7343750e+01
   4.5726590e+06   2.8076172e+01
   4.5726760e+06   2.2827148e+01
   4.5727120e+06   2.2583008e+01
   4.5727450e+06   2.9724121e+01
   4.5727590e+06   3.2653809e+01
   4.5727980e+06   3.0761719e+01
   4.5728170e+06   2.5268555e+01
   4.5728400e+06   3.8269043e+01
   4.5728540e+06   4.0588379e+01
   4.5728830e+06   2.5451660e+01
   4.5729070e+06   2.9357910e+01
   4.5729380e+06   2.7954102e+01
   4.5729480e+06   2.8869629e+01
   4.5729700e+06   1.9042969e+01
   4.5729970e+06   2.2705078e+01
   4.5730390e+06   2.5451660e+01
   4.5730830e+06   1.9165039e+01
   4.5731100e+06   2.3010254e+01
   4.5731490e+06   3.3752441e+01
   4.5731800e+06   2.0385742e+01
   4.5731990e+06   2.4963379e+01
   4.5732930e+06   2.2888184e+01
   4.5733410e+06   2.1850586e+01
   4.5734450e+06   2.3620605e+01
   4.5734990e+06   2.1179199e+01
   4.5735580e+06   2.3010254e+01
   4.5736110e+06   1.8981934e+01
   4.5736820e+06   1.9531250e+01
   4.5738000e+06   2.3132324e+01
   4.5738760e+06   1.9042969e+01
   4.5740590e+06   2.6550293e+01
   4.5741690e+06   2.0568848e+01
   4.5742830e+06   2.2521973e+01
   4.5812830e+06   1.9958496e+01
   4.6598380e+06   2.1667480e+01
   4.7362300e+06   1.9348145e+01
   4.7433690e+06   2.1911621e+01
   4.7434860e+06   2.3620605e+01
   4.7435480e+06   3.6926270e+01
   4.7435690e+06   2.1484375e+01
   4.7436970e+06   3.5034180e+01
   4.7441260e+06   2.1606445e+01
   4.7446650e+06   4.3762207e+01
   4.7447070e+06   2.1850586e+01
   4.7447850e+06   3.3691406e+01
   4.7448110e+06   2.8503418e+01
   4.7448410e+06   2.0935059e+01
   4.7448550e+06   2.1545410e+01
   4.7448720e+06   2.1911621e+01
   4.7449030e+06   2.6306152e+01
   4.7449130e+06   4.3090820e+01
   4.7449530e+06   3.0151367e+01
   4.7449750e+06   2.1667480e+01
   4.7449860e+06   2.9052734e+01
   4.7450180e+06   2.7648926e+01
   4.7450430e+06   2.2094727e+01
   4.7450620e+06   3.0273438e+01
   4.7450880e+06   3.2470703e+01
   4.7451010e+06   1.9958496e+01
   4.7451260e+06   2.2705078e+01
   4.7451380e+06   2.7343750e+01
   4.7451670e+06   2.6306152e+01
   4.7451800e+06   3.2836914e+01
   4.7452210e+06   2.3986816e+01
   4.7452490e+06   2.1240234e+01
   4.7452770e+06   1.9714355e+01
   4.7453340e+06   2.9724121e+01
   4.7454430e+06   1.9836426e+01
   4.7455190e+06   2.9479980e+01
   4.7455610e+06   2.0019531e+01
   4.7456360e+06   3.0578613e+01
   4.7456810e+06   1.9531250e+01
   4.7457080e+06   2.0629883e+01
   4.7457760e+06   2.9968262e+01
   4.7458630e+06   2.1728516e+01
   4.7459990e+06   2.3559570e+01
   4.7460830e+06   2.1850586e+01
   4.7461430e+06   1.9409180e+01
   4.7466560e+06   1.9226074e+01
   5.0496030e+06   1.9897461e+01
   5.3136170e+06   2.1301270e+01
   5.4130630e+06   1.9470215e+01
   5.5637500e+06   2.3071289e+01
   5.5950210e+06   2.5024414e+01
   5.5950840e+06   2.0263672e+01
   5.7274140e+06   2.2460938e+01
   5.7736460e+06   1.8981934e+01
   5.8133620e+06   2.0690918e+01
   5.8134030e+06   2.0874023e+01
   5.8134590e+06   2.4475098e+01
   5.8134800e+06   6.0180664e+01
   5.8135150e+06   2.5146484e+01
   5.8135360e+06   1.9897461e+01
   5.8135720e+06   4.1748047e+01
   5.8135860e+06   3.3508301e+01
   5.8136050e+06   2.7282715e+01
   5.8136380e+06   2.5695801e+01
   5.8136480e+06   2.5878906e+01
   5.8136820e+06   2.9174805e+01
   5.8137010e+06   3.8818359e+01
   5.8137240e+06   3.3386230e+01
   5.8137480e+06   3.7780762e+01
   5.8137580e+06   2.5756836e+01
   5.8138090e+06   2.4841309e+01
   5.8138190e+06   1.9348145e+01
   5.8138360e+06   3.6987305e+01
   5.8138730e+06   3.6437988e+01
   5.8138910e+06   2.4047852e+01
   5.8139050e+06   3.0517578e+01
   5.8139210e+06   2.4414062e+01
   5.8139390e+06   2.3132324e+01
   5.8139630e+06   2.2399902e+01
   5.8140020e+06   2.2338867e+01
   5.8140180e+06   2.1972656e+01
   5.8140590e+06   1.9470215e+01
   5.8141270e+06   3.1738281e+01
   5.8141630e+06   2.3376465e+01
   5.8142030e+06   2.8625488e+01
   5.8142390e+06   2.0812988e+01
   5.8143700e+06   2.0385742e+01
   5.8144110e+06   2.5939941e+01
   5.8144970e+06   2.2277832e+01
   5.8145490e+06   1.9714355e+01
   5.8146080e+06   1.9653320e+01
   5.8146750e+06   2.0935059e+01
   5.8147190e+06   1.9836426e+01
   5.8147620e+06   1.9714355e+01
   5.8148980e+06   1.9775391e+01
   5.8149740e+06   1.9531250e+01
   5.8150720e+06   1.8981934e+01
   5.8151080e+06   2.6855469e+01
   5.8151710e+06   1.9897461e+01
   5.8152210e+06   1.9592285e+01
   5.8153140e+06   2.2094727e+01
   5.8155840e+06   1.9348145e+01
   5.8159300e+06   2.1301270e+01
   5.8480280e+06   1.9042969e+01
   5.9138710e+06   1.9897461e+01
   5.9141850e+06   2.1545410e+01
   5.9142380e+06   2.2033691e+01
   5.9142570e+06   2.1850586e+01
   5.9142890e+06   4.5715332e+01
   5.9143090e+06   3.6376953e+01
   5.9143290e+06   2.9418945e+01
   5.9143550e+06   1.9165039e+01
   5.9143890e+06   4.0405273e+01
   5.9144030e+06   3.1555176e+01
   5.9144190e+06   3.6499023e+01
   5.9144530e+06   2.9113770e+01
   5.9144680e+06   2.6733398e+01
   5.9144910e+06   2.5268555e+01
   5.9145050e+06   4.7729492e+01
   5.9145550e+06   2.9724121e+01
   5.9145670e+06   2.8076172e+01
   5.9145960e+06   2.8198242e+01
   5.9146240e+06   2.1423340e+01
   5.9146340e+06   2.7343750e+01
   5.9146480e+06   2.8137207e+01
   5.9146740e+06   2.1911621e+01
   5.9146950e+06   1.8920898e+01
   5.9147050e+06   3.2775879e+01
   5.9147360e+06   2.0446777e+01
   5.9147630e+06   1.9409180e+01
   5.9147950e+06   2.8320313e+01
   5.9148350e+06   1.9653320e+01
   5.9148620e+06   1.9531250e+01
   5.9148900e+06   2.0080566e+01
   5.9149260e+06   2.6794434e+01
   5.9149720e+06   2.3864746e+01
   5.9150050e+06   2.8198242e+01
   5.9150360e+06   2.2766113e+01
   5.9151070e+06   2.9785156e+01
   5.9151950e+06   1.8981934e+01
   5.9152290e+06   2.0629883e+01
   5.9152670e+06   2.0202637e+01
   5.9153130e+06   2.0629883e+01
   5.9153760e+06   2.0446777e+01
   5.9154710e+06   2.5695801e+01
   5.9155610e+06   2.0690918e+01
   5.9156530e+06   2.4169922e+01
   5.9157110e+06   2.1240234e+01
   5.9158880e+06   2.0874023e+01
   5.9160380e+06   2.0202637e+01
   5.9163650e+06   2.4414062e+01
   5.9170440e+06   2.0446777e+01
