   5.9990000e+06   0.0000000e+00
   8.9695000e+04   2.7648926e+01
   8.9782000e+04   2.5268555e+01
   8.9855000e+04   2.4597168e+01
   8.9900000e+04   3.0395508e+01
   8.9954000e+04   2.4353027e+01
   8.9979000e+04   3.1066895e+01
   9.0064000e+04   2.6611328e+01
   9.0101000e+04   2.4902344e+01
   1.9035900e+05   3.3203125e+01
   1.9040300e+05   2.5268555e+01
   1.9046600e+05   2.7343750e+01
   1.9049600e+05   2.6367188e+01
   1.9055300e+05   3.0822754e+01
   1.9056300e+05   2.8503418e+01
   1.9058400e+05   2.5695801e+01
   1.9061400e+05   3.3935547e+01
   1.9065100e+05   2.4902344e+01
   1.9068200e+05   2.8015137e+01
   1.9071400e+05   2.6489258e+01
   1.9073100e+05   2.5024414e+01
   1.9093500e+05   2.7954102e+01
   2.2601400e+05   3.0700684e+01
   2.3839500e+05   2.6733398e+01
   2.3859800e+05   2.7893066e+01
   2.3869900e+05   3.7170410e+01
   2.3877500e+05   2.7160645e+01
   2.3886200e+05   2.4963379e+01
   2.3889300e+05   2.5207520e+01
   2.3895200e+05   2.4902344e+01
   2.3902800e+05   2.4536133e+01
   2.3906200e+05   2.8015137e+01
   2.3910900e+05   2.5817871e+01
   2.3912900e+05   2.4230957e+01
   2.3928600e+05   2.4353027e+01
   2.8506000e+05   2.5268555e+01
   2.8507000e+05   2.7282715e+01
   2.8524600e+05   2.5207520e+01
   2.8527900e+05   2.6123047e+01
   2.8534500e+05   2.5939941e+01
   2.8538100e+05   2.5329590e+01
   2.8543800e+05   2.5268555e+01
   2.8545400e+05   2.4230957e+01
   2.8548200e+05   2.8442383e+01
   2.8549600e+05   2.4719238e+01
   2.8556000e+05   2.4353027e+01
   2.8567200e+05   2.4597168e+01
   2.8578600e+05   2.4841309e+01
   2.8584000e+05   2.5085449e+01
   2.8587700e+05   2.5756836e+01
   2.8603600e+05   2.5573730e+01
   3.5390200e+05   3.3996582e+01
   3.5418500e+05   2.6672363e+01
   3.5446700e+05   2.7709961e+01
   3.5456900e+05   2.7282715e+01
   4.0673100e+05   2.4780273e+01
   4.0703500e+05   3.2958984e+01
   4.0711200e+05   2.5390625e+01
   4.0743300e+05   2.6489258e+01
   1.2304720e+06   2.5573730e+01
   1.2305130e+06   2.9663086e+01
   1.2306400e+06   3.7170410e+01
   1.2306510e+06   2.4963379e+01
   1.2307570e+06   2.4902344e+01
   1.2307670e+06   3.2348633e+01
   1.2307950e+06   2.6184082e+01
   1.2308120e+06   2.4780273e+01
   1.2308550e+06   2.8930664e+01
   1.2308670e+06   3.5827637e+01
   1.2309170e+06   3.2226562e+01
   1.2309610e+06   2.5695801e+01
   1.7080960e+06   2.6794434e+01
   1.7081160e+06   2.7526855e+01
   1.7081710e+06   3.1921387e+01
   1.7081860e+06   3.4118652e+01
   1.7082060e+06   2.5329590e+01
   1.7082400e+06   2.5512695e+01
   1.7082560e+06   3.4118652e+01
   1.7082700e+06   2.4169922e+01
   1.7083010e+06   3.1799316e+01
   1.7084410e+06   2.5268555e+01
   1.7084780e+06   2.4475098e+01
   1.7695190e+06   2.4536133e+01
   1.7695690e+06   2.4169922e+01
   1.7695820e+06   2.5146484e+01
   1.7696400e+06   2.5024414e+01
   1.7696710e+06   3.0273438e+01
   1.7697190e+06   2.4291992e+01
   1.7697590e+06   3.5644531e+01
   1.7697940e+06   2.9235840e+01
   1.7698270e+06   3.2775879e+01
   1.7698850e+06   4.1931152e+01
   1.7698950e+06   3.8696289e+01
   1.7699780e+06   2.8503418e+01
   1.7700990e+06   2.6733398e+01
   1.7701420e+06   2.7038574e+01
   1.7701710e+06   2.6184082e+01
   1.7702030e+06   2.4047852e+01
   1.7703090e+06   2.8198242e+01
   1.8236250e+06   2.9418945e+01
   1.8236500e+06   2.6794434e+01
   1.8236910e+06   2.5207520e+01
   1.8237010e+06   2.8503418e+01
   1.8237410e+06   3.3996582e+01
   1.8237830e+06   3.5034180e+01
   1.8238230e+06   2.5085449e+01
   1.8238800e+06   2.6489258e+01
   1.8239230e+06   2.7832031e+01
   1.8239850e+06   3.1921387e+01
   1.8240490e+06   2.4291992e+01
   1.8241260e+06   2.6123047e+01
   1.8241610e+06   3.2836914e+01
   1.9048950e+06   2.4902344e+01
   1.9049500e+06   2.6794434e+01
   1.9049730e+06   2.5329590e+01
   1.9050940e+06   3.6499023e+01
   1.9051340e+06   2.6184082e+01
   1.9051640e+06   2.6855469e+01
   1.9052130e+06   2.5573730e+01
   1.9052400e+06   2.4963379e+01
   1.9052510e+06   3.5766602e+01
   1.9052980e+06   2.5207520e+01
   1.9053240e+06   3.7292480e+01
   1.9053340e+06   3.8452148e+01
   1.9053860e+06   2.9541016e+01
   1.9054240e+06   2.4780273e+01
   1.9055390e+06   2.4719238e+01
   1.9055850e+06   2.4169922e+01
   1.9056830e+06   2.6245117e+01
   2.5964400e+06   2.6855469e+01
   2.5965200e+06   4.0222168e+01
   2.5965480e+06   2.5207520e+01
   2.5965990e+06   2.9602051e+01
   2.5966170e+06   3.2165527e+01
   2.5966430e+06   3.3813477e+01
   2.5966670e+06   2.9724121e+01
   2.5966780e+06   2.6733398e+01
   2.5966940e+06   2.8015137e+01
   2.5967170e+06   2.7709961e+01
   2.5967320e+06   2.5817871e+01
   2.5967460e+06   2.7099609e+01
   2.5968080e+06   3.1677246e+01
   2.5968450e+06   2.5207520e+01
   2.5968850e+06   2.9479980e+01
   2.5969600e+06   2.4108887e+01
   2.5971630e+06   2.5390625e+01
   2.5976440e+06   2.4597168e+01
   2.5980790e+06   2.5085449e+01
   3.2565530e+06   3.2775879e+01
   3.2565900e+06   3.7780762e+01
   3.2566030e+06   2.6733398e+01
   3.2566250e+06   3.3691406e+01
   3.2566530e+06   3.4667969e+01
   3.2566700e+06   2.4536133e+01
   3.2566940e+06   2.8808594e+01
   3.2567230e+06   2.7893066e+01
   3.2567340e+06   3.8574219e+01
   3.2567800e+06   2.6184082e+01
   3.2568160e+06   2.6245117e+01
   3.2568630e+06   2.5878906e+01
   3.2568930e+06   2.6123047e+01
   3.2570460e+06   2.5085449e+01
   3.2572000e+06   2.4658203e+01
   3.3389350e+06   3.0151367e+01
   3.3389620e+06   2.7648926e+01
   3.3389860e+06   2.9235840e+01
   3.3390180e+06   3.1005859e+01
   3.3390390e+06   2.5207520e+01
   3.3390740e+06   3.4301758e+01
   3.3390850e+06   4.3518066e+01
   3.3391390e+06   2.6428223e+01
   3.3391530e+06   2.5146484e+01
   3.3391680e+06   3.7597656e+01
   3.3392080e+06   3.7597656e+01
   3.3392200e+06   2.4291992e+01
   3.3392450e+06   2.6489258e+01
   3.3392650e+06   3.1250000e+01
   3.3393010e+06   2.6000977e+01
   3.3411100e+06   2.4475098e+01
   3.4009130e+06   2.9052734e+01
   3.4009460e+06   3.9916992e+01
   3.4010150e+06   2.6855469e+01
   3.4010440e+06   3.1860352e+01
   3.4010670e+06   3.0822754e+01
   3.4010940e+06   3.2104492e+01
   3.4011370e+06   2.9296875e+01
   3.4011490e+06   4.0832520e+01
   3.4011780e+06   2.9663086e+01
   3.4012260e+06   2.8381348e+01
   3.4012710e+06   2.9235840e+01
   3.4013410e+06   2.4047852e+01
   3.4014190e+06   2.4047852e+01
   3.4016010e+06   2.5329590e+01
   3.4786290e+06   2.5939941e+01
   3.4787860e+06   2.6306152e+01
   3.4788510e+06   2.4475098e+01
   3.4788950e+06   2.7587891e+01
   3.4789350e+06   3.5461426e+01
   3.4789520e+06   3.4240723e+01
   3.4789830e+06   2.6367188e+01
   3.4790020e+06   2.9174805e+01
   3.4790340e+06   2.6611328e+01
   3.4790480e+06   3.0212402e+01
   3.4790840e+06   2.4291992e+01
   3.4791580e+06   3.0029297e+01
   3.4792760e+06   2.8015137e+01
   3.4798800e+06   2.4841309e+01
   3.9609470e+06   2.6184082e+01
   4.4632710e+06   3.0212402e+01
   4.4632860e+06   3.1555176e+01
   4.4633040e+06   2.5817871e+01
   4.4633340e+06   2.9663086e+01
   4.4633610e+06   3.2470703e+01
   4.4633860e+06   2.5451660e+01
   4.4634130e+06   2.6367188e+01
   4.4634320e+06   2.7038574e+01
   4.4634850e+06   2.9418945e+01
   4.4635250e+06   3.0029297e+01
   4.4635640e+06   2.7832031e+01
   4.4635980e+06   2.6000977e+01
   4.4636510e+06   3.0334473e+01
   4.4644780e+06   2.4230957e+01
   4.4645140e+06   2.5573730e+01
   4.5726210e+06   2.8808594e+01
   4.5727290e+06   2.5756836e+01
   4.5727470e+06   2.8076172e+01
   4.5727820e+06   2.5939941e+01
   4.5728110e+06   5.4931641e+01
   4.5728270e+06   3.0273438e+01
   4.5728540e+06   2.6794434e+01
   4.5728720e+06   2.5268555e+01
   4.5728920e+06   3.2958984e+01
   4.5729170e+06   2.5207520e+01
   4.5729610e+06   2.4169922e+01
   4.5729720e+06   3.3935547e+01
   4.5729990e+06   2.4963379e+01
   4.5730550e+06   2.5451660e+01
   4.5731190e+06   2.5817871e+01
   4.5731330e+06   2.5268555e+01
   4.5739770e+06   2.6367188e+01
   4.7447490e+06   2.4047852e+01
   4.7449360e+06   2.4536133e+01
   4.7449520e+06   2.8198242e+01
   4.7449800e+06   2.6672363e+01
   4.7449990e+06   2.7832031e+01
   4.7450310e+06   2.7526855e+01
   4.7450560e+06   2.8442383e+01
   4.7450730e+06   3.6743164e+01
   4.7450940e+06   2.4291992e+01
   4.7451180e+06   2.6000977e+01
   4.7451320e+06   2.5451660e+01
   4.7451850e+06   3.0273438e+01
   4.7452010e+06   2.6794434e+01
   4.7452610e+06   2.5878906e+01
   4.7455770e+06   2.9907227e+01
   5.8137210e+06   2.4414063e+01
   5.8137360e+06   4.0283203e+01
   5.8137490e+06   3.1311035e+01
   5.8137930e+06   2.8991699e+01
   5.8138250e+06   3.0029297e+01
   5.8138430e+06   3.6499023e+01
   5.8138820e+06   2.9785156e+01
   5.8138980e+06   2.6428223e+01
   5.8139490e+06   3.7658691e+01
   5.8140450e+06   2.4047852e+01
   5.8140790e+06   2.5390625e+01
   5.8141660e+06   2.5634766e+01
   5.9145500e+06   3.1677246e+01
   5.9145600e+06   3.2470703e+01
   5.9145760e+06   2.4291992e+01
   5.9146070e+06   2.4414062e+01
   5.9146380e+06   2.7404785e+01
   5.9146670e+06   2.5573730e+01
   5.9146910e+06   3.1860352e+01
   5.9147090e+06   2.4291992e+01
   5.9147350e+06   3.0212402e+01
   5.9147470e+06   3.9428711e+01
   5.9147930e+06   3.8330078e+01
   5.9148410e+06   2.9418945e+01
   5.9148540e+06   2.6245117e+01
   5.9149050e+06   2.6855469e+01
   5.9150150e+06   2.6672363e+01
   5.9150660e+06   2.7954102e+01
   5.9151010e+06   2.6672363e+01
   5.9153080e+06   2.7526855e+01
   5.9154720e+06   2.5268555e+01
   5.9156230e+06   2.4719238e+01
