   5.9990000e+06   0.0000000e+00
   3.1280000e+03   2.4780273e+01
   7.9480000e+03   2.7954102e+01
   8.0550000e+03   2.5207520e+01
   8.0720000e+03   2.7954102e+01
   8.2730000e+03   2.3559570e+01
   8.3190000e+03   2.6489258e+01
   8.3510000e+03   2.3193359e+01
   8.4050000e+03   2.7343750e+01
   8.4270000e+03   2.3803711e+01
   8.4780000e+03   2.4353027e+01
   8.5220000e+03   3.1677246e+01
   8.5500000e+03   2.3803711e+01
   8.5720000e+03   2.7282715e+01
   8.6960000e+03   2.3864746e+01
   8.8570000e+03   2.7709961e+01
   8.9610000e+03   3.0334473e+01
   8.9930000e+03   2.9541016e+01
   1.9089000e+04   2.4597168e+01
   1.9155000e+04   2.5268555e+01
   2.5111000e+04   2.3071289e+01
   2.5212000e+04   2.3132324e+01
   2.5229000e+04   3.0273438e+01
   2.5304000e+04   2.5085449e+01
   2.5351000e+04   2.7832031e+01
   2.5412000e+04   2.6611328e+01
   2.5457000e+04   2.6062012e+01
   2.5505000e+04   2.7099609e+01
   2.5549000e+04   2.4291992e+01
   2.5602000e+04   2.3376465e+01
   2.5696000e+04   2.7404785e+01
   2.5813000e+04   2.7038574e+01
   2.5869000e+04   2.3254395e+01
   2.6029000e+04   2.4658203e+01
   3.7540000e+04   2.8381348e+01
   3.7769000e+04   2.5146484e+01
   3.7801000e+04   2.3132324e+01
   3.7871000e+04   2.3742676e+01
   3.8010000e+04   2.4353027e+01
   3.8041000e+04   3.9306641e+01
   3.8184000e+04   2.4047852e+01
   3.8452000e+04   2.5695801e+01
   4.6845000e+04   2.4902344e+01
   4.6888000e+04   2.4475098e+01
   4.6993000e+04   2.9663086e+01
   4.7139000e+04   2.3986816e+01
   4.7208000e+04   2.4963379e+01
   4.7226000e+04   2.9052734e+01
   4.7239000e+04   3.1860352e+01
   4.7274000e+04   3.0456543e+01
   4.7353000e+04   2.5451660e+01
   4.7405000e+04   2.9968262e+01
   4.7464000e+04   2.8381348e+01
   4.7515000e+04   2.4291992e+01
   4.7528000e+04   2.3071289e+01
   4.7650000e+04   2.4536133e+01
   4.7834000e+04   2.5634766e+01
   5.8501000e+04   2.2949219e+01
   6.3665000e+04   2.5146484e+01
   6.3684000e+04   2.6855469e+01
   6.3823000e+04   2.4902344e+01
   6.3842000e+04   2.4047852e+01
   6.3913000e+04   3.2653809e+01
   6.4001000e+04   2.3010254e+01
   6.4093000e+04   2.5329590e+01
   6.4154000e+04   2.8503418e+01
   6.4181000e+04   2.3803711e+01
   6.4197000e+04   3.4606934e+01
   6.4281000e+04   2.3437500e+01
   6.4300000e+04   2.3376465e+01
   6.4364000e+04   2.4291992e+01
   6.4449000e+04   2.4353027e+01
   6.4518000e+04   2.6855469e+01
   6.4629000e+04   2.3498535e+01
   7.8506000e+04   2.4597168e+01
   7.8615000e+04   3.3081055e+01
   7.8633000e+04   2.3254395e+01
   7.8726000e+04   2.7770996e+01
   7.8780000e+04   2.4353027e+01
   7.8819000e+04   2.4475098e+01
   7.8921000e+04   2.4108887e+01
   7.8939000e+04   2.7832031e+01
   7.8987000e+04   2.5756836e+01
   7.9204000e+04   2.3315430e+01
   7.9285000e+04   2.8625488e+01
   9.1208000e+04   2.4597168e+01
   9.1220000e+04   2.3925781e+01
   9.1259000e+04   2.7160645e+01
   9.1483000e+04   2.4108887e+01
   9.1579000e+04   2.2949219e+01
   9.1609000e+04   2.3010254e+01
   9.7027000e+04   2.3437500e+01
   9.7634000e+04   2.3864746e+01
   1.0281500e+05   2.7832031e+01
   1.0299600e+05   2.3742676e+01
   1.0301400e+05   2.7954102e+01
   1.0318300e+05   2.4902344e+01
   1.0325100e+05   2.5817871e+01
   1.0327000e+05   2.8564453e+01
   1.0329700e+05   2.7587891e+01
   1.0338700e+05   3.1921387e+01
   1.0344600e+05   2.4658203e+01
   1.0350000e+05   3.4484863e+01
   1.0368100e+05   2.7404785e+01
   1.0373500e+05   2.9968262e+01
   1.0384700e+05   2.4597168e+01
   1.1803000e+05   2.6550293e+01
   1.1811900e+05   2.5878906e+01
   1.1812900e+05   2.9663086e+01
   1.1820000e+05   2.7893066e+01
   1.1821900e+05   3.0700684e+01
   1.1830400e+05   2.3742676e+01
   1.1833400e+05   2.3315430e+01
   1.1836000e+05   2.4169922e+01
   1.1841100e+05   2.3986816e+01
   1.1845400e+05   2.5939941e+01
   1.1854600e+05   2.8503418e+01
   1.1868400e+05   2.7648926e+01
   1.3449200e+05   2.5756836e+01
   1.3458000e+05   4.9011230e+01
   1.3471000e+05   3.1311035e+01
   1.3474200e+05   2.3010254e+01
   1.3476800e+05   2.4780273e+01
   1.3479000e+05   2.7282715e+01
   1.3507200e+05   2.5817871e+01
   1.3513100e+05   2.9113770e+01
   1.3519700e+05   2.4414063e+01
   1.5951600e+05   2.4047852e+01
   1.5958100e+05   2.4902344e+01
   1.5964300e+05   2.3559570e+01
   1.5967300e+05   2.8808594e+01
   1.5968800e+05   2.4230957e+01
   1.5973400e+05   2.8381348e+01
   1.5978200e+05   2.4169922e+01
   1.5981500e+05   2.3620605e+01
   1.5991100e+05   2.2949219e+01
   1.5993500e+05   2.5573730e+01
   1.8709100e+05   2.5024414e+01
   1.8716300e+05   3.1127930e+01
   1.8719200e+05   3.2226562e+01
   1.8723400e+05   2.3010254e+01
   1.8726200e+05   2.5573730e+01
   1.8731600e+05   2.5573730e+01
   1.8733300e+05   2.9602051e+01
   1.8736900e+05   2.4597168e+01
   1.8740900e+05   2.4536133e+01
   1.8744200e+05   2.3010254e+01
   1.8749800e+05   2.9663086e+01
   1.8769900e+05   2.6672363e+01
   1.8801000e+05   2.5329590e+01
   1.8819100e+05   2.3925781e+01
   3.4844700e+05   2.5512695e+01
   3.9433900e+05   2.4108887e+01
   3.9569500e+05   2.4658203e+01
   4.4801400e+05   2.3010254e+01
   5.7985900e+05   2.3437500e+01
   6.1724400e+05   2.4414063e+01
   6.1729300e+05   2.5207520e+01
   6.1731400e+05   2.3193359e+01
   6.1732700e+05   3.7841797e+01
   6.1734100e+05   2.9113770e+01
   6.1738500e+05   3.0029297e+01
   6.1741800e+05   2.5756836e+01
   6.1744500e+05   2.4353027e+01
   6.1747800e+05   2.7038574e+01
   6.1753500e+05   2.5512695e+01
   6.1755100e+05   2.6733398e+01
   6.1800500e+05   2.3681641e+01
   6.1804000e+05   2.3803711e+01
   6.1813600e+05   2.4475098e+01
   6.1814600e+05   2.4597168e+01
   6.1827500e+05   2.8564453e+01
   6.1835000e+05   2.6672363e+01
   6.1848800e+05   2.5390625e+01
   6.1868100e+05   2.2949219e+01
   6.1881300e+05   2.3681641e+01
   6.8368600e+05   2.4169922e+01
   7.8363400e+05   2.4353027e+01
   7.9661000e+05   3.1250000e+01
   7.9664900e+05   2.5024414e+01
   7.9666400e+05   3.1677246e+01
   7.9670400e+05   2.5085449e+01
   7.9673300e+05   3.3569336e+01
   7.9676300e+05   2.6672363e+01
   7.9694600e+05   2.3132324e+01
   7.9698000e+05   2.3437500e+01
   7.9721000e+05   2.6184082e+01
   7.9733400e+05   2.3315430e+01
   7.9740200e+05   3.0395508e+01
   7.9747300e+05   2.3742676e+01
   7.9755500e+05   2.8564453e+01
   7.9768200e+05   2.4963379e+01
   7.9776600e+05   2.7221680e+01
   7.9801200e+05   2.6550293e+01
   8.1122800e+05   2.3864746e+01
   8.1127000e+05   2.8625488e+01
   8.1129000e+05   2.3559570e+01
   8.1131100e+05   2.3742676e+01
   8.1134300e+05   2.4047852e+01
   8.1144200e+05   2.4108887e+01
   8.1148400e+05   2.6184082e+01
   8.1150000e+05   2.9968262e+01
   8.1152200e+05   2.3193359e+01
   8.1172900e+05   2.3437500e+01
   8.1179100e+05   2.6855469e+01
   8.1190100e+05   2.4597168e+01
   8.1199200e+05   2.5878906e+01
   8.1208800e+05   3.1433105e+01
   8.1217400e+05   2.5451660e+01
   8.1239200e+05   2.3254395e+01
   8.1253400e+05   2.6672363e+01
   8.1268500e+05   2.6184082e+01
   8.2109100e+05   2.4719238e+01
   8.2117000e+05   2.4475098e+01
   8.2129700e+05   2.4780273e+01
   8.2135300e+05   2.3681641e+01
   8.2139200e+05   2.9541016e+01
   8.2143400e+05   2.3132324e+01
   8.2148200e+05   2.6916504e+01
   8.2150200e+05   2.3254395e+01
   8.2155700e+05   2.8137207e+01
   8.2162400e+05   2.9785156e+01
   8.2171400e+05   2.7954102e+01
   8.2176800e+05   2.3376465e+01
   8.2184500e+05   2.6123047e+01
   8.2217900e+05   2.2949219e+01
   8.2227200e+05   3.5461426e+01
   8.2228600e+05   2.8259277e+01
   8.2247700e+05   2.3803711e+01
   8.3639400e+05   2.8686523e+01
   8.3645600e+05   2.3132324e+01
   8.3647700e+05   2.3498535e+01
   8.3662600e+05   2.5939941e+01
   8.3669400e+05   2.9052734e+01
   8.3672400e+05   2.3620605e+01
   8.3674600e+05   2.3620605e+01
   8.3678500e+05   2.8137207e+01
   8.3681400e+05   2.4475098e+01
   8.3683100e+05   2.5878906e+01
   8.3688800e+05   2.6306152e+01
   8.3691200e+05   2.6977539e+01
   8.3699700e+05   2.8198242e+01
   8.3723800e+05   2.8076172e+01
   8.3728600e+05   2.3193359e+01
   8.3731300e+05   2.4169922e+01
   8.3735600e+05   2.2949219e+01
   8.3755900e+05   2.6672363e+01
   8.3757300e+05   2.4108887e+01
   8.4880200e+05   3.7841797e+01
   8.4884800e+05   2.7587891e+01
   8.4892200e+05   2.3498535e+01
   8.4894500e+05   4.2663574e+01
   8.4907800e+05   3.5217285e+01
   8.4910700e+05   2.6000977e+01
   8.4916000e+05   2.3803711e+01
   8.4920300e+05   2.9479980e+01
   8.4925700e+05   3.2958984e+01
   8.4932600e+05   2.5512695e+01
   8.4934500e+05   2.7404785e+01
   8.4937800e+05   2.4169922e+01
   8.4942600e+05   3.1005859e+01
   8.4953500e+05   2.7954102e+01
   8.4968200e+05   2.4597168e+01
   8.4972800e+05   2.5024414e+01
   8.6072100e+05   2.3620605e+01
   8.6080700e+05   2.5634766e+01
   8.6087300e+05   2.5451660e+01
   8.6089700e+05   2.6367188e+01
   8.6099100e+05   2.5573730e+01
   8.6110000e+05   2.6672363e+01
   8.6114000e+05   3.2104492e+01
   8.6120400e+05   2.5878906e+01
   8.6121700e+05   2.6184082e+01
   8.6129300e+05   2.6733398e+01
   8.6132400e+05   2.5390625e+01
   8.6138200e+05   2.5817871e+01
   8.6141200e+05   2.6794434e+01
   8.6144000e+05   2.6794434e+01
   8.6150000e+05   3.2348633e+01
   8.6159600e+05   2.3803711e+01
   8.6170400e+05   2.7404785e+01
   8.7236600e+05   2.7465820e+01
   8.7245400e+05   2.3315430e+01
   8.7248400e+05   2.4536133e+01
   8.7251400e+05   2.6977539e+01
   8.7257700e+05   2.6000977e+01
   8.7261000e+05   2.5817871e+01
   8.7264800e+05   2.3437500e+01
   8.7279100e+05   2.3376465e+01
   8.7281200e+05   2.3437500e+01
   8.7282900e+05   2.5268555e+01
   8.7299700e+05   2.2949219e+01
   8.7308300e+05   2.4230957e+01
   8.7315000e+05   2.3437500e+01
   8.7320000e+05   2.8198242e+01
   8.7330900e+05   2.8381348e+01
   8.8503900e+05   2.5573730e+01
   8.8515800e+05   2.5817871e+01
   8.8518000e+05   2.3925781e+01
   8.8524900e+05   3.0822754e+01
   8.8527200e+05   2.8442383e+01
   8.8538700e+05   2.4169922e+01
   8.8542100e+05   2.7038574e+01
   8.8550400e+05   2.6123047e+01
   8.8555600e+05   2.7038574e+01
   8.8561600e+05   2.7404785e+01
   8.8567600e+05   2.8564453e+01
   8.8573700e+05   2.3193359e+01
   8.8574700e+05   2.4230957e+01
   8.8581200e+05   2.3010254e+01
   8.8586800e+05   2.8442383e+01
   8.8597000e+05   2.4658203e+01
   8.8606900e+05   3.2165527e+01
   8.9694800e+05   2.8442383e+01
   8.9700000e+05   3.1127930e+01
   8.9707600e+05   2.3071289e+01
   8.9710400e+05   3.6865234e+01
   8.9718300e+05   2.3437500e+01
   8.9720600e+05   4.4860840e+01
   8.9729200e+05   2.4414062e+01
   8.9734500e+05   2.6672363e+01
   8.9740600e+05   2.5329590e+01
   8.9743900e+05   2.7282715e+01
   8.9746800e+05   2.7160645e+01
   8.9749300e+05   2.3559570e+01
   8.9758900e+05   2.5146484e+01
   8.9774600e+05   2.5817871e+01
   8.9777500e+05   2.3864746e+01
   8.9783200e+05   2.5512695e+01
   9.0908800e+05   2.7832031e+01
   9.0911600e+05   3.9306641e+01
   9.0915200e+05   2.7709961e+01
   9.0919100e+05   2.9479980e+01
   9.0922000e+05   2.3315430e+01
   9.0928300e+05   2.4108887e+01
   9.0929900e+05   2.3986816e+01
   9.0934100e+05   2.7221680e+01
   9.0939900e+05   2.6123047e+01
   9.0944600e+05   3.1921387e+01
   9.0950600e+05   3.0029297e+01
   9.0976500e+05   3.1860352e+01
   9.0994800e+05   2.3925781e+01
   9.2072600e+05   2.5207520e+01
   9.2074400e+05   3.3081055e+01
   9.2079800e+05   3.1555176e+01
   9.2087400e+05   2.5817871e+01
   9.2099700e+05   2.4353027e+01
   9.2103300e+05   2.5939941e+01
   9.2107600e+05   2.9785156e+01
   9.2109400e+05   2.3864746e+01
   9.2117600e+05   2.8015137e+01
   9.2132100e+05   2.2949219e+01
   9.2140400e+05   2.4291992e+01
   9.2151500e+05   2.3742676e+01
   9.2157500e+05   2.4597168e+01
   9.2196400e+05   2.4475098e+01
   9.3110800e+05   2.5634766e+01
   9.3117500e+05   4.1809082e+01
   9.3136000e+05   2.6245117e+01
   9.3140500e+05   2.5207520e+01
   9.3147600e+05   2.4475098e+01
   9.3171400e+05   2.5085449e+01
   9.3176000e+05   2.6977539e+01
   9.3952800e+05   2.6000977e+01
   9.3961400e+05   2.5329590e+01
   9.3967800e+05   2.9235840e+01
   9.3974200e+05   2.6916504e+01
   9.3979600e+05   2.4780273e+01
   9.3987900e+05   2.3742676e+01
   9.3994000e+05   2.8076172e+01
   9.4000000e+05   2.5146484e+01
   9.4013400e+05   2.5329590e+01
   9.4857800e+05   2.9418945e+01
   9.4866300e+05   2.7038574e+01
   9.4868700e+05   2.5878906e+01
   9.4876800e+05   2.7709961e+01
   9.4878600e+05   2.6611328e+01
   9.4881900e+05   3.1433105e+01
   9.4888100e+05   2.7099609e+01
   9.4897500e+05   2.9235840e+01
   9.4915400e+05   2.3681641e+01
   9.4927200e+05   2.4475098e+01
   9.4940200e+05   2.6184082e+01
   9.4942400e+05   2.3986816e+01
   9.5832000e+05   2.2949219e+01
   9.5837400e+05   2.6550293e+01
   9.5839000e+05   2.7038574e+01
   9.5845300e+05   2.4658203e+01
   9.5851200e+05   2.5756836e+01
   9.5857700e+05   3.1005859e+01
   9.5859200e+05   2.4353027e+01
   9.5873500e+05   3.1066895e+01
   9.6730100e+05   2.4902344e+01
   9.6734100e+05   3.0029297e+01
   9.6741200e+05   2.7648926e+01
   9.6746400e+05   2.6306152e+01
   9.6756100e+05   2.5817871e+01
   9.6758800e+05   2.6184082e+01
   9.6761600e+05   2.3986816e+01
   9.6768300e+05   2.8198242e+01
   9.6773900e+05   2.3376465e+01
   9.6788900e+05   2.4291992e+01
   9.6793900e+05   2.6062012e+01
   9.6800100e+05   2.2949219e+01
   9.6804400e+05   2.6000977e+01
   9.7924400e+05   2.3742676e+01
   9.7928700e+05   3.5034180e+01
   9.7935000e+05   2.4108887e+01
   9.7939400e+05   2.4353027e+01
   9.7949300e+05   2.6123047e+01
   9.7952200e+05   2.6062012e+01
   9.7967400e+05   2.2949219e+01
   9.8896200e+05   2.6000977e+01
   9.8900000e+05   3.2043457e+01
   9.8907100e+05   2.6245117e+01
   9.8911900e+05   3.0517578e+01
   9.8917800e+05   2.3132324e+01
   9.8924900e+05   2.7221680e+01
   9.8931200e+05   2.7770996e+01
   9.8941100e+05   2.3498535e+01
   1.0010130e+06   2.8320312e+01
   1.0011260e+06   2.5268555e+01
   1.0011790e+06   2.7221680e+01
   1.0012470e+06   2.8076172e+01
   1.0013050e+06   2.6184082e+01
   1.0016060e+06   2.7832031e+01
   1.0016970e+06   2.4475098e+01
   1.0186480e+06   3.4057617e+01
   1.0186780e+06   3.5034180e+01
   1.0187120e+06   2.5695801e+01
   1.0187580e+06   2.6733398e+01
   1.0188930e+06   3.1005859e+01
   1.0189250e+06   2.6428223e+01
   1.0189470e+06   2.4475098e+01
   1.0189990e+06   2.7709961e+01
   1.0190600e+06   2.5512695e+01
   1.0191170e+06   2.5146484e+01
   1.0191980e+06   2.3742676e+01
   1.0194000e+06   2.4169922e+01
   1.0194780e+06   2.3254395e+01
   1.0432780e+06   2.4597168e+01
   1.0433120e+06   2.8686523e+01
   1.0433810e+06   3.1005859e+01
   1.0434290e+06   2.7282715e+01
   1.0434440e+06   2.3315430e+01
   1.0434790e+06   3.2043457e+01
   1.0435240e+06   2.4780273e+01
   1.0435710e+06   2.3681641e+01
   1.0436300e+06   2.3803711e+01
   1.0436810e+06   2.3193359e+01
   1.0437420e+06   2.4291992e+01
   1.0437860e+06   2.3925781e+01
   1.0439200e+06   2.9724121e+01
   1.0778880e+06   2.4841309e+01
   1.0779080e+06   3.4973145e+01
   1.0779630e+06   2.5695801e+01
   1.0780200e+06   2.7282715e+01
   1.0780440e+06   2.4841309e+01
   1.0780800e+06   2.8564453e+01
   1.0781410e+06   3.0334473e+01
   1.0782070e+06   2.3437500e+01
   1.0782480e+06   2.8991699e+01
   1.0784200e+06   2.4108887e+01
   1.0784600e+06   2.3742676e+01
   1.0785270e+06   2.3498535e+01
   1.0786500e+06   2.8991699e+01
   1.0787350e+06   2.5817871e+01
   1.0787920e+06   2.7099609e+01
   1.0788420e+06   2.4475098e+01
   1.1345880e+06   2.4780273e+01
   1.2239650e+06   2.3315430e+01
   1.2866790e+06   2.4291992e+01
   1.3103690e+06   2.5085449e+01
   1.3308100e+06   2.3315430e+01
   1.3497460e+06   2.3315430e+01
   1.5301020e+06   2.3498535e+01
   1.5301520e+06   2.9296875e+01
   1.5301830e+06   2.4230957e+01
   1.5302060e+06   2.4597168e+01
   1.5302560e+06   2.5573730e+01
   1.5304440e+06   2.3681641e+01
   1.5309490e+06   2.3559570e+01
   1.5310470e+06   2.5390625e+01
   1.5311460e+06   2.3742676e+01
   1.5312280e+06   3.4118652e+01
   1.5316580e+06   2.5268555e+01
   1.7200890e+06   2.6062012e+01
   1.7201320e+06   2.9846191e+01
   1.7201570e+06   2.4353027e+01
   1.7202300e+06   3.0456543e+01
   1.7202940e+06   2.5329590e+01
   1.7203470e+06   2.5451660e+01
   1.7204710e+06   2.3559570e+01
   1.7205030e+06   2.5268555e+01
   1.7205930e+06   2.5573730e+01
   1.7207550e+06   2.2949219e+01
   1.7209630e+06   2.6245117e+01
   1.7211620e+06   2.6611328e+01
   1.7218590e+06   2.3254395e+01
   1.7311030e+06   3.0639648e+01
   1.7311410e+06   2.3254395e+01
   1.7311970e+06   2.4658203e+01
   1.7312230e+06   2.3010254e+01
   1.7312490e+06   2.4963379e+01
   1.7312730e+06   3.1250000e+01
   1.7317610e+06   2.2949219e+01
   1.7318270e+06   3.0395508e+01
   1.7319450e+06   2.7221680e+01
   1.7321080e+06   2.3864746e+01
   1.7323390e+06   2.4414062e+01
   1.7412050e+06   2.4780273e+01
   1.7447140e+06   2.3620605e+01
   1.7513170e+06   2.3925781e+01
   1.7514330e+06   2.6062012e+01
   1.7514930e+06   2.4902344e+01
   1.7515130e+06   2.4841309e+01
   1.7516320e+06   3.1127930e+01
   1.7517010e+06   2.4291992e+01
   1.7517680e+06   2.4414063e+01
   1.7518040e+06   2.5634766e+01
   1.7518290e+06   2.8564453e+01
   1.7518760e+06   3.1066895e+01
   1.7519110e+06   2.5024414e+01
   1.7519370e+06   2.3254395e+01
   1.7520090e+06   2.6916504e+01
   1.7520430e+06   2.9541016e+01
   1.7521920e+06   2.9235840e+01
   1.7522250e+06   2.3498535e+01
   1.7522860e+06   3.2836914e+01
   1.7524110e+06   2.7648926e+01
   1.7695900e+06   2.3193359e+01
   1.7760060e+06   3.4118652e+01
   1.7761290e+06   2.7160645e+01
   1.7762740e+06   2.5268555e+01
   1.7763430e+06   2.4963379e+01
   1.7764030e+06   2.5695801e+01
   1.7764470e+06   2.3010254e+01
   1.7764990e+06   2.4047852e+01
   1.7765460e+06   2.3010254e+01
   1.7765960e+06   2.8625488e+01
   1.7766570e+06   2.4291992e+01
   1.7766950e+06   2.8930664e+01
   1.7767190e+06   2.6855469e+01
   1.7767500e+06   3.0456543e+01
   1.7767630e+06   2.3803711e+01
   1.7768730e+06   2.4169922e+01
   1.7768980e+06   2.3559570e+01
   1.7773090e+06   2.2949219e+01
   1.7775110e+06   2.3132324e+01
   1.7938050e+06   2.8320313e+01
   1.7938570e+06   3.3203125e+01
   1.7940610e+06   2.3559570e+01
   1.7940930e+06   2.6245117e+01
   1.7941030e+06   2.7526855e+01
   1.7941380e+06   2.7526855e+01
   1.7941780e+06   3.0700684e+01
   1.7941880e+06   2.8137207e+01
   1.7942350e+06   2.4536133e+01
   1.7942640e+06   2.8747559e+01
   1.7942980e+06   2.4658203e+01
   1.7943110e+06   2.5146484e+01
   1.7943760e+06   2.4841309e+01
   1.7946170e+06   2.4780273e+01
   1.7947150e+06   2.6855469e+01
   1.7948140e+06   2.8137207e+01
   1.7950610e+06   2.2949219e+01
   1.7951570e+06   2.3254395e+01
   1.8121940e+06   2.4780273e+01
   1.8208230e+06   2.2949219e+01
   1.8211460e+06   2.6000977e+01
   1.8213300e+06   2.3193359e+01
   1.8213570e+06   2.3925781e+01
   1.8215190e+06   2.5634766e+01
   1.8353330e+06   2.6000977e+01
   1.8356090e+06   2.4414062e+01
   1.8450630e+06   2.4047852e+01
   1.8587940e+06   2.8381348e+01
   1.8588880e+06   2.3071289e+01
   1.8591160e+06   2.5329590e+01
   1.8592320e+06   3.1066895e+01
   1.8592740e+06   2.5329590e+01
   1.8593220e+06   2.7221680e+01
   1.8593670e+06   2.5024414e+01
   1.8593800e+06   2.3803711e+01
   1.8594100e+06   3.1494141e+01
   1.8594650e+06   2.3498535e+01
   1.8598460e+06   2.7954102e+01
   1.8599140e+06   2.7709961e+01
   1.8816510e+06   2.6977539e+01
   1.8823050e+06   2.3498535e+01
   1.8964280e+06   2.7038574e+01
   1.8966790e+06   2.5695801e+01
   1.8968440e+06   2.4230957e+01
   1.8969310e+06   2.5695801e+01
   1.8969790e+06   2.3437500e+01
   1.8970190e+06   2.4536133e+01
   1.8971000e+06   2.3071289e+01
   1.8971250e+06   3.3020020e+01
   1.8971880e+06   2.6306152e+01
   1.8972110e+06   2.3132324e+01
   1.8973400e+06   2.6733398e+01
   1.8978600e+06   2.8747559e+01
   1.9134440e+06   2.4841309e+01
   1.9214200e+06   2.5512695e+01
   1.9216140e+06   2.3498535e+01
   1.9217360e+06   2.6672363e+01
   1.9217770e+06   2.6550293e+01
   1.9218910e+06   2.3315430e+01
   1.9219690e+06   2.7038574e+01
   1.9220800e+06   2.9846191e+01
   1.9220930e+06   2.2949219e+01
   1.9221360e+06   3.6682129e+01
   1.9221730e+06   2.8808594e+01
   1.9223000e+06   2.4291992e+01
   1.9224490e+06   2.6000977e+01
   1.9225110e+06   2.3498535e+01
   1.9226690e+06   2.4658203e+01
   1.9500440e+06   2.6062012e+01
   1.9500690e+06   2.8259277e+01
   1.9501760e+06   2.4353027e+01
   1.9501960e+06   2.6550293e+01
   1.9502930e+06   2.9785156e+01
   1.9503520e+06   2.5207520e+01
   1.9503760e+06   2.7587891e+01
   1.9504380e+06   3.3508301e+01
   1.9505140e+06   2.4658203e+01
   1.9508200e+06   3.2104492e+01
   1.9508470e+06   2.4780273e+01
   1.9509600e+06   2.3315430e+01
   1.9510030e+06   2.8991699e+01
   1.9511230e+06   2.6489258e+01
   1.9512730e+06   2.3193359e+01
   1.9711080e+06   2.4902344e+01
   1.9713640e+06   2.5451660e+01
   1.9714930e+06   2.9296875e+01
   1.9715360e+06   2.9174805e+01
   1.9715790e+06   2.5634766e+01
   1.9716740e+06   2.4414062e+01
   1.9717090e+06   2.4963379e+01
   1.9717440e+06   2.3132324e+01
   1.9718570e+06   2.5146484e+01
   1.9719130e+06   2.3742676e+01
   1.9720090e+06   2.6367188e+01
   1.9722080e+06   2.8259277e+01
   1.9723030e+06   2.3559570e+01
   1.9723560e+06   2.3254395e+01
   1.9922590e+06   2.4658203e+01
   2.1930160e+06   2.4353027e+01
   2.2185390e+06   2.3193359e+01
   2.8100120e+06   2.3315430e+01
   2.8551400e+06   2.5085449e+01
   2.8552240e+06   2.4719238e+01
   2.8552800e+06   3.0273438e+01
   2.8558180e+06   3.1188965e+01
   2.8558500e+06   2.3193359e+01
   2.8558790e+06   3.7048340e+01
   2.8559370e+06   3.6193848e+01
   2.8560000e+06   2.7404785e+01
   2.8560600e+06   2.5451660e+01
   2.8562730e+06   2.7648926e+01
   2.8563430e+06   2.7160645e+01
   2.8564360e+06   2.8015137e+01
   2.8655410e+06   2.6489258e+01
   2.8656030e+06   3.1555176e+01
   2.8656940e+06   3.2165527e+01
   2.8658580e+06   2.5756836e+01
   2.8658700e+06   3.0883789e+01
   2.8658930e+06   2.3559570e+01
   2.8659740e+06   2.4169922e+01
   2.8659930e+06   2.6000977e+01
   2.8660610e+06   2.4169922e+01
   2.8663900e+06   2.4353027e+01
   2.8666460e+06   2.7221680e+01
   2.8669670e+06   2.4108887e+01
   2.8810770e+06   2.7099609e+01
   2.8811110e+06   2.4536133e+01
   2.8812690e+06   2.9418945e+01
   2.8813090e+06   2.4963379e+01
   2.8814020e+06   2.7465820e+01
   2.8814550e+06   2.3193359e+01
   2.8815010e+06   2.3986816e+01
   2.8815180e+06   2.3010254e+01
   2.8815480e+06   2.5878906e+01
   2.8816230e+06   3.3020020e+01
   2.8816550e+06   2.6245117e+01
   2.8817120e+06   2.4108887e+01
   2.8817320e+06   3.0334473e+01
   2.8817550e+06   2.8076172e+01
   2.8817990e+06   2.5817871e+01
   2.8818200e+06   2.6306152e+01
   2.8818640e+06   2.4169922e+01
   2.8819660e+06   2.5634766e+01
   2.8820820e+06   2.6062012e+01
   2.8822470e+06   2.5573730e+01
   2.8823760e+06   2.6367188e+01
   2.8824510e+06   2.4291992e+01
   2.8966910e+06   2.6672363e+01
   2.8968280e+06   2.7404785e+01
   2.8968520e+06   3.4851074e+01
   2.8970970e+06   3.7597656e+01
   2.8971690e+06   2.4902344e+01
   2.8972350e+06   2.3559570e+01
   2.8972910e+06   2.9724121e+01
   2.8973410e+06   2.6672363e+01
   2.8974210e+06   2.7770996e+01
   2.8975100e+06   3.4362793e+01
   2.9119610e+06   2.8503418e+01
   2.9120940e+06   3.6071777e+01
   2.9121390e+06   2.3254395e+01
   2.9122230e+06   2.9968262e+01
   2.9124260e+06   2.9541016e+01
   2.9125580e+06   3.2287598e+01
   2.9126170e+06   3.2836914e+01
   2.9126550e+06   2.6611328e+01
   2.9127290e+06   3.8146973e+01
   2.9127830e+06   2.3132324e+01
   2.9129360e+06   2.7099609e+01
   2.9282440e+06   2.4719238e+01
   2.9282650e+06   2.5512695e+01
   2.9283680e+06   2.9235840e+01
   2.9284450e+06   2.5024414e+01
   2.9285800e+06   2.6245117e+01
   2.9286520e+06   2.5207520e+01
   2.9286730e+06   2.5146484e+01
   2.9287690e+06   2.8076172e+01
   2.9288090e+06   2.3742676e+01
   2.9288190e+06   2.6794434e+01
   2.9288880e+06   2.4230957e+01
   2.9289410e+06   2.6367188e+01
   2.9289980e+06   2.4902344e+01
   2.9291910e+06   2.3315430e+01
   2.9427740e+06   2.3132324e+01
   2.9429310e+06   2.8869629e+01
   2.9431580e+06   2.7038574e+01
   2.9515890e+06   2.4414063e+01
   2.9517300e+06   2.4353027e+01
   2.9517900e+06   2.5634766e+01
   2.9518390e+06   2.4230957e+01
   2.9518900e+06   2.4047852e+01
   2.9519530e+06   2.5329590e+01
   2.9519870e+06   3.0456543e+01
   2.9520090e+06   2.3437500e+01
   2.9520580e+06   2.4658203e+01
   2.9520750e+06   2.3132324e+01
   2.9521570e+06   2.3010254e+01
   2.9521990e+06   2.4597168e+01
   2.9523160e+06   2.8991699e+01
   2.9523600e+06   2.5268555e+01
   2.9524750e+06   2.3742676e+01
   2.9710310e+06   2.6000977e+01
   2.9711930e+06   2.4658203e+01
   2.9713350e+06   2.4841309e+01
   2.9715540e+06   2.2949219e+01
   2.9716390e+06   2.3193359e+01
   2.9717620e+06   2.4597168e+01
   2.9717950e+06   2.3376465e+01
   2.9718330e+06   3.3691406e+01
   2.9720280e+06   2.3071289e+01
   2.9721000e+06   2.6550293e+01
   2.9721740e+06   2.3864746e+01
   2.9883980e+06   2.4414063e+01
   2.9885840e+06   2.5939941e+01
   2.9886490e+06   2.4108887e+01
   2.9886960e+06   2.3071289e+01
   2.9887160e+06   2.3376465e+01
   2.9887970e+06   2.5024414e+01
   2.9888860e+06   3.0395508e+01
   2.9889660e+06   2.6062012e+01
   2.9889930e+06   2.3986816e+01
   2.9890610e+06   2.4230957e+01
   2.9891210e+06   2.5878906e+01
   2.9892150e+06   3.3325195e+01
   2.9892720e+06   2.5268555e+01
   2.9896840e+06   2.7282715e+01
   3.0068590e+06   2.8747559e+01
   3.0069830e+06   2.9296875e+01
   3.0070620e+06   2.6855469e+01
   3.0071300e+06   2.7832031e+01
   3.0072230e+06   2.5207520e+01
   3.0072480e+06   2.7160645e+01
   3.0073010e+06   2.6306152e+01
   3.0073340e+06   2.6428223e+01
   3.0074100e+06   2.3193359e+01
   3.0075450e+06   2.4230957e+01
   3.0076860e+06   2.3803711e+01
   3.0077780e+06   2.7893066e+01
   3.0301320e+06   2.5268555e+01
   3.0302200e+06   2.6062012e+01
   3.0302770e+06   2.3620605e+01
   3.0303970e+06   2.5390625e+01
   3.0304280e+06   2.4169922e+01
   3.0305530e+06   2.4536133e+01
   3.0306210e+06   2.4475098e+01
   3.0306530e+06   3.1066895e+01
   3.0309070e+06   2.9968262e+01
   3.0309670e+06   2.2949219e+01
   3.0310400e+06   2.3559570e+01
   3.0310570e+06   2.4719238e+01
   3.0582210e+06   2.3681641e+01
   3.0582920e+06   2.5146484e+01
   3.0583060e+06   2.5695801e+01
   3.0583710e+06   2.4169922e+01
   3.0583890e+06   2.6306152e+01
   3.0584180e+06   2.3315430e+01
   3.0584610e+06   3.4240723e+01
   3.0584920e+06   2.6794434e+01
   3.0585550e+06   2.4963379e+01
   3.0585800e+06   2.3193359e+01
   3.0588490e+06   2.3071289e+01
   3.0590900e+06   2.9357910e+01
   3.0594140e+06   2.9968262e+01
   3.0882230e+06   2.6855469e+01
   3.0884750e+06   2.5817871e+01
   3.1370730e+06   2.3071289e+01
   3.1652920e+06   2.4047852e+01
   3.1959150e+06   2.3986816e+01
   3.2443930e+06   2.4475098e+01
   3.2537480e+06   2.7954102e+01
   3.2699130e+06   2.6000977e+01
   3.2700120e+06   2.3925781e+01
   3.2782430e+06   2.6184082e+01
   3.2796910e+06   2.3925781e+01
   3.2874400e+06   2.5024414e+01
   3.2959490e+06   2.4291992e+01
   3.3042860e+06   2.3559570e+01
   3.3043510e+06   2.3925781e+01
   3.3051660e+06   2.4291992e+01
   3.3052870e+06   2.3132324e+01
   3.3144900e+06   2.3315430e+01
   3.3145740e+06   2.2949219e+01
   3.3147210e+06   2.7404785e+01
   3.3148140e+06   2.5634766e+01
   3.3239260e+06   2.3254395e+01
   3.3240340e+06   2.7160645e+01
   3.3241710e+06   2.6550293e+01
   3.3428480e+06   2.4597168e+01
   3.3429750e+06   2.9724121e+01
   3.3551850e+06   2.6062012e+01
   3.3552980e+06   2.5329590e+01
   3.3553290e+06   2.5756836e+01
   3.3656400e+06   2.3803711e+01
   3.3658990e+06   2.6428223e+01
   3.3712260e+06   2.8503418e+01
   3.3754340e+06   2.3071289e+01
   3.3755400e+06   2.4353027e+01
   3.3949210e+06   2.4047852e+01
   3.4055180e+06   2.3986816e+01
   3.4058460e+06   2.7160645e+01
   3.4194180e+06   3.0395508e+01
   3.4194910e+06   2.4169922e+01
   3.4195400e+06   2.6855469e+01
   3.4195840e+06   2.4414062e+01
   3.4198050e+06   2.3803711e+01
   3.4198170e+06   2.8747559e+01
   3.4198850e+06   2.3071289e+01
   3.4200170e+06   3.4545898e+01
   3.4200420e+06   2.4108887e+01
   3.4200680e+06   2.2949219e+01
   3.4201160e+06   3.7658691e+01
   3.4202820e+06   2.3437500e+01
   3.4204490e+06   2.4780273e+01
   3.4205760e+06   2.8991699e+01
   3.5346380e+06   2.3681641e+01
   3.6022200e+06   2.3620605e+01
   3.9428430e+06   2.4291992e+01
   4.2192270e+06   2.3010254e+01
   4.5291530e+06   2.9113770e+01
   4.5291650e+06   2.6489258e+01
   4.5291910e+06   3.2775879e+01
   4.5292160e+06   3.3203125e+01
   4.5292350e+06   2.3803711e+01
   4.5292600e+06   2.4597168e+01
   4.5293070e+06   2.4597168e+01
   4.5293490e+06   2.3010254e+01
   4.5295650e+06   2.3742676e+01
   4.5296020e+06   2.3132324e+01
   4.5297570e+06   2.7282715e+01
   4.5298380e+06   2.3559570e+01
   4.5299240e+06   2.2949219e+01
   4.5300170e+06   2.5024414e+01
   4.5300910e+06   2.5939941e+01
   4.5301860e+06   2.3010254e+01
   4.5303720e+06   3.4118652e+01
   4.5305110e+06   2.6367188e+01
   4.5307610e+06   2.5573730e+01
   4.5312980e+06   2.3132324e+01
   4.5399840e+06   2.6367188e+01
   4.5401250e+06   2.3315430e+01
   4.5401520e+06   2.3376465e+01
   4.5403080e+06   2.7221680e+01
   4.5403310e+06   2.4291992e+01
   4.5404120e+06   2.5512695e+01
   4.5404360e+06   2.9479980e+01
   4.5404940e+06   2.4414062e+01
   4.5408130e+06   2.4475098e+01
   4.5408910e+06   2.3498535e+01
   4.5410240e+06   2.4719238e+01
   4.5416360e+06   2.9418945e+01
   4.5417140e+06   2.4353027e+01
   4.5418130e+06   2.3254395e+01
   4.5581140e+06   2.6916504e+01
   4.5581860e+06   2.9479980e+01
   4.5582440e+06   2.5085449e+01
   4.5582710e+06   2.7587891e+01
   4.5583490e+06   2.4780273e+01
   4.5583650e+06   2.5512695e+01
   4.5583980e+06   2.4963379e+01
   4.5584230e+06   3.5644531e+01
   4.5584660e+06   2.5207520e+01
   4.5584800e+06   2.7709961e+01
   4.5585070e+06   2.9846191e+01
   4.5585390e+06   3.1860352e+01
   4.5585720e+06   2.5634766e+01
   4.5586780e+06   2.3681641e+01
   4.5587290e+06   2.3864746e+01
   4.5587810e+06   3.0334473e+01
   4.5589730e+06   2.9052734e+01
   4.5590430e+06   3.8330078e+01
   4.5592350e+06   2.6977539e+01
   4.5770710e+06   2.5878906e+01
   4.5772200e+06   3.0883789e+01
   4.5772640e+06   2.3498535e+01
   4.5773720e+06   3.3203125e+01
   4.5774930e+06   2.4414062e+01
   4.5775520e+06   2.4658203e+01
   4.5776100e+06   3.0578613e+01
   4.5776310e+06   2.3498535e+01
   4.5776560e+06   3.2653809e+01
   4.5777010e+06   2.5756836e+01
   4.5777350e+06   2.3132324e+01
   4.5777600e+06   3.5583496e+01
   4.5778020e+06   2.5024414e+01
   4.5779940e+06   2.5817871e+01
   4.5780550e+06   2.7038574e+01
   4.5781360e+06   2.6855469e+01
   4.5782310e+06   2.9174805e+01
   4.5783810e+06   2.5024414e+01
   4.5948080e+06   2.7893066e+01
   4.5950340e+06   2.6794434e+01
   4.5950850e+06   2.4963379e+01
   4.5951270e+06   2.4230957e+01
   4.5951930e+06   2.5451660e+01
   4.5952370e+06   2.4353027e+01
   4.5953150e+06   2.6367188e+01
   4.5953560e+06   2.7893066e+01
   4.5954240e+06   2.5756836e+01
   4.5954590e+06   2.5207520e+01
   4.5955100e+06   2.3559570e+01
   4.5956130e+06   2.3254395e+01
   4.5957920e+06   2.3559570e+01
   4.6134870e+06   2.3559570e+01
   4.6135100e+06   2.2949219e+01
   4.6135780e+06   2.5207520e+01
   4.6136240e+06   2.6062012e+01
   4.6136680e+06   2.3681641e+01
   4.6136980e+06   2.3132324e+01
   4.6137570e+06   2.7526855e+01
   4.6138460e+06   2.4169922e+01
   4.6138770e+06   2.4353027e+01
   4.6139520e+06   2.4841309e+01
   4.6141140e+06   2.3681641e+01
   4.6141680e+06   2.5451660e+01
   4.6142050e+06   2.4658203e+01
   4.6142720e+06   2.6184082e+01
   4.6143450e+06   2.4902344e+01
   4.6144240e+06   2.4475098e+01
   4.6347470e+06   3.1005859e+01
   4.6348450e+06   2.3071289e+01
   4.6350090e+06   2.4108887e+01
   4.6350450e+06   2.5024414e+01
   4.6350860e+06   2.2949219e+01
   4.6351410e+06   2.5573730e+01
   4.6351980e+06   2.4902344e+01
   4.6352310e+06   2.3071289e+01
   4.6352920e+06   2.4841309e+01
   4.6353390e+06   2.8747559e+01
   4.6353780e+06   2.5024414e+01
   4.6354590e+06   2.4475098e+01
   4.6354780e+06   2.4780273e+01
   4.6355060e+06   2.7282715e+01
   4.6357670e+06   2.8991699e+01
   4.6359720e+06   2.6855469e+01
   4.6526570e+06   2.3559570e+01
   4.6598170e+06   2.3315430e+01
   4.6653590e+06   2.3132324e+01
   4.6657190e+06   2.3071289e+01
   4.6658640e+06   2.6000977e+01
   4.6659240e+06   2.4108887e+01
   4.6659750e+06   2.3864746e+01
   4.6660980e+06   2.3498535e+01
   4.6661190e+06   2.9785156e+01
   4.6662010e+06   2.4353027e+01
   4.6662130e+06   2.3193359e+01
   4.6662870e+06   2.4658203e+01
   4.6664180e+06   2.6916504e+01
   4.6664740e+06   2.8564453e+01
   4.6666130e+06   3.1066895e+01
   4.6876710e+06   2.6184082e+01
   4.6877700e+06   2.4597168e+01
   4.6878070e+06   2.6062012e+01
   4.6878790e+06   2.4475098e+01
   4.6879020e+06   2.2949219e+01
   4.6879610e+06   2.7404785e+01
   4.6879840e+06   2.3620605e+01
   4.6880410e+06   2.6611328e+01
   4.6881230e+06   2.3254395e+01
   4.6881370e+06   3.3691406e+01
   4.6884660e+06   2.4536133e+01
   4.6886000e+06   2.4169922e+01
   4.6887350e+06   2.4658203e+01
   4.6889090e+06   2.7221680e+01
   4.7143940e+06   2.5329590e+01
   4.7144210e+06   2.6489258e+01
   4.7144830e+06   2.3803711e+01
   4.7145030e+06   2.7404785e+01
   4.7145680e+06   2.6428223e+01
   4.7146850e+06   2.5146484e+01
   4.7148900e+06   2.3071289e+01
   4.7152950e+06   2.3925781e+01
   4.7153680e+06   2.8137207e+01
   4.7154970e+06   2.2949219e+01
   4.7485730e+06   2.3742676e+01
   4.7486690e+06   2.3681641e+01
   4.7487300e+06   2.5207520e+01
   4.7487500e+06   2.3498535e+01
   4.7487750e+06   3.3569336e+01
   4.7488250e+06   2.4230957e+01
   4.7488480e+06   2.3986816e+01
   4.7489230e+06   2.7587891e+01
   4.7492970e+06   2.3315430e+01
   4.7498160e+06   2.4902344e+01
   4.7501540e+06   2.3071289e+01
   4.7882850e+06   2.4780273e+01
   4.7883190e+06   2.7343750e+01
   4.7884130e+06   3.1494141e+01
   4.7886430e+06   2.3681641e+01
   4.7886580e+06   3.4851074e+01
   4.7890840e+06   3.0883789e+01
   4.7891800e+06   2.3925781e+01
   4.7897000e+06   2.4169922e+01
   4.9514710e+06   2.4169922e+01
   5.1684620e+06   2.4475098e+01
   5.1685430e+06   2.4414062e+01
   5.1685830e+06   2.4414062e+01
   5.1686170e+06   2.8930664e+01
   5.1686570e+06   2.3315430e+01
   5.1686740e+06   3.0456543e+01
   5.1686870e+06   2.6916504e+01
   5.1687200e+06   2.6184082e+01
   5.1687590e+06   2.3071289e+01
   5.1687930e+06   2.3925781e+01
   5.1688130e+06   2.5024414e+01
   5.1690010e+06   2.4475098e+01
   5.1694870e+06   2.7343750e+01
   5.1696220e+06   2.8198242e+01
   5.1697260e+06   2.3620605e+01
   5.1698400e+06   2.4597168e+01
   5.1698720e+06   2.3010254e+01
   5.1699000e+06   2.3132324e+01
   5.1700700e+06   2.3376465e+01
   5.1819070e+06   2.3742676e+01
   5.1820060e+06   2.4108887e+01
   5.1820270e+06   2.9357910e+01
   5.1820860e+06   2.4658203e+01
   5.1821350e+06   2.6306152e+01
   5.1821520e+06   2.5512695e+01
   5.1822400e+06   3.1555176e+01
   5.1823020e+06   2.3559570e+01
   5.1823200e+06   2.3620605e+01
   5.1824390e+06   2.3498535e+01
   5.1825610e+06   2.5329590e+01
   5.1828790e+06   2.3620605e+01
   5.1828920e+06   2.3071289e+01
   5.1830690e+06   2.3437500e+01
   5.1833310e+06   2.9663086e+01
   5.1834610e+06   2.2949219e+01
   5.1835530e+06   2.4047852e+01
   5.1979170e+06   2.5451660e+01
   5.2112140e+06   2.5695801e+01
   5.2113330e+06   2.7160645e+01
   5.2114350e+06   2.6062012e+01
   5.2115020e+06   2.9052734e+01
   5.2115900e+06   2.5451660e+01
   5.2119340e+06   2.6977539e+01
   5.2356010e+06   2.3864746e+01
   5.3505040e+06   2.3010254e+01
   5.4687270e+06   2.3437500e+01
   5.4688850e+06   2.3132324e+01
   5.4692030e+06   2.7832031e+01
   5.4692330e+06   2.5695801e+01
   5.4692920e+06   2.5207520e+01
   5.4693150e+06   2.4230957e+01
   5.4695260e+06   3.2592773e+01
   5.4696320e+06   2.3071289e+01
   5.4696750e+06   2.8808594e+01
   5.4699530e+06   2.4291992e+01
   5.4700080e+06   2.6550293e+01
   5.4700840e+06   2.3193359e+01
   5.4706400e+06   2.6611328e+01
   5.5495960e+06   2.6489258e+01
   5.6016920e+06   2.4963379e+01
   5.6017450e+06   2.4353027e+01
   5.6018040e+06   2.4108887e+01
   5.6018450e+06   2.3193359e+01
   5.6019110e+06   2.8686523e+01
   5.6019210e+06   2.7893066e+01
   5.6019670e+06   2.3803711e+01
   5.6020060e+06   2.6123047e+01
   5.6021130e+06   2.5695801e+01
   5.6028750e+06   2.3681641e+01
   5.6031020e+06   2.6794434e+01
   5.6031580e+06   2.5817871e+01
   5.6706380e+06   2.5451660e+01
