   5.9990000e+06   0.0000000e+00
   7.5930000e+03   2.1545410e+01
   8.0930000e+03   2.1667480e+01
   8.2770000e+03   2.3803711e+01
   8.4000000e+03   2.2216797e+01
   1.9187000e+04   2.1545410e+01
   2.4833000e+04   2.2399902e+01
   2.5023000e+04   2.3132324e+01
   2.5082000e+04   2.1484375e+01
   2.5252000e+04   2.2949219e+01
   2.5366000e+04   2.2888184e+01
   2.5470000e+04   2.2094727e+01
   4.3593000e+04   2.3925781e+01
   4.6921000e+04   2.2399902e+01
   4.7086000e+04   2.2033691e+01
   4.7214000e+04   2.3254395e+01
   4.7492000e+04   2.2338867e+01
   5.8469000e+04   2.2033691e+01
   6.3651000e+04   2.4047852e+01
   6.3846000e+04   2.4108887e+01
   6.3890000e+04   2.1667480e+01
   7.8686000e+04   2.5024414e+01
   7.8869000e+04   2.3376465e+01
   9.1475000e+04   2.2583008e+01
   9.1587000e+04   2.7099609e+01
   1.0310200e+05   2.3071289e+01
   1.0347000e+05   2.1667480e+01
   1.1820400e+05   2.1484375e+01
   1.1831600e+05   2.3620605e+01
   1.3473700e+05   2.6367188e+01
   1.5944300e+05   2.9541016e+01
   1.5972500e+05   3.3996582e+01
   1.8699500e+05   2.4536133e+01
   1.8711400e+05   2.7343750e+01
   6.1714100e+05   2.3620605e+01
   6.1718000e+05   2.3620605e+01
   6.1728000e+05   2.3498535e+01
   6.1735500e+05   2.6855469e+01
   6.1740900e+05   2.3437500e+01
   6.2082800e+05   2.1545410e+01
   7.9649800e+05   2.2949219e+01
   7.9666000e+05   2.3620605e+01
   7.9672000e+05   2.5390625e+01
   7.9674300e+05   2.1972656e+01
   7.9677400e+05   2.3559570e+01
   7.9683500e+05   2.1850586e+01
   7.9686600e+05   2.1789551e+01
   8.1104200e+05   2.2399902e+01
   8.1131900e+05   2.2399902e+01
   8.1136900e+05   2.4658203e+01
   8.1142100e+05   2.3498535e+01
   8.1519600e+05   2.2888184e+01
   8.2089900e+05   2.2155762e+01
   8.2106900e+05   2.3010254e+01
   8.2137300e+05   2.4169922e+01
   8.2150400e+05   2.2033691e+01
   8.2160800e+05   2.5024414e+01
   8.2184800e+05   2.1667480e+01
   8.3149600e+05   2.3681641e+01
   8.3618900e+05   2.6123047e+01
   8.3638700e+05   2.3376465e+01
   8.3672100e+05   2.1850586e+01
   8.3679400e+05   2.3376465e+01
   8.3689700e+05   2.2399902e+01
   8.3693600e+05   2.2399902e+01
   8.4919900e+05   2.5146484e+01
   8.4928900e+05   2.3071289e+01
   8.6075300e+05   2.2094727e+01
   8.6088000e+05   2.2338867e+01
   8.6099200e+05   2.6306152e+01
   8.6120900e+05   2.4902344e+01
   8.6129900e+05   2.3498535e+01
   8.7122800e+05   2.5329590e+01
   8.7229300e+05   2.2766113e+01
   8.7244900e+05   2.2399902e+01
   8.7301300e+05   2.2399902e+01
   8.8493000e+05   3.1494141e+01
   8.8505000e+05   2.1789551e+01
   8.8516200e+05   2.2399902e+01
   8.8535700e+05   2.5573730e+01
   8.9691100e+05   2.4963379e+01
   8.9733000e+05   2.3437500e+01
   9.0902700e+05   2.2399902e+01
   9.0912900e+05   2.3315430e+01
   9.0933000e+05   2.1545410e+01
   9.2066400e+05   2.5024414e+01
   9.2139600e+05   2.3010254e+01
   9.3112400e+05   2.3864746e+01
   9.3125900e+05   2.4169922e+01
   9.3951300e+05   2.1484375e+01
   9.4851600e+05   2.1728516e+01
   9.4859800e+05   2.4902344e+01
   9.4871700e+05   2.1606445e+01
   9.5885000e+05   2.1545410e+01
   9.6727800e+05   2.1606445e+01
   9.6749000e+05   2.6123047e+01
   9.6771700e+05   2.1484375e+01
   9.6781500e+05   2.2216797e+01
   9.7930600e+05   2.2399902e+01
   9.7953600e+05   2.2094727e+01
   1.0009180e+06   2.8991699e+01
   1.0011280e+06   2.2644043e+01
   1.0012190e+06   2.2277832e+01
   1.0185460e+06   2.3620605e+01
   1.0186350e+06   2.5329590e+01
   1.0189850e+06   2.2216797e+01
   1.0431630e+06   2.3132324e+01
   1.0432550e+06   2.2338867e+01
   1.0435710e+06   2.2155762e+01
   1.0778520e+06   2.2094727e+01
   1.0779610e+06   2.4169922e+01
   1.0780530e+06   2.4902344e+01
   1.0781350e+06   2.2094727e+01
   1.0782090e+06   2.7526855e+01
   1.5300440e+06   2.2094727e+01
   1.5301080e+06   2.8564453e+01
   1.5301770e+06   2.2216797e+01
   1.7200590e+06   2.2460938e+01
   1.7201060e+06   2.3254395e+01
   1.7201790e+06   2.5146484e+01
   1.7202170e+06   2.2521973e+01
   1.7202620e+06   2.5329590e+01
   1.7311850e+06   2.4902344e+01
   1.7312820e+06   2.4597168e+01
   1.7368000e+06   2.3376465e+01
   1.7406910e+06   2.2155762e+01
   1.7443080e+06   2.2338867e+01
   1.7481260e+06   2.2705078e+01
   1.7513730e+06   2.3986816e+01
   1.7515290e+06   2.3681641e+01
   1.7517650e+06   2.9418945e+01
   1.7520040e+06   2.2338867e+01
   1.7564220e+06   2.1850586e+01
   1.7612930e+06   2.1667480e+01
   1.7665250e+06   2.1667480e+01
   1.7756110e+06   2.3925781e+01
   1.7758480e+06   2.5085449e+01
   1.7760520e+06   2.2583008e+01
   1.7766340e+06   2.1667480e+01
   1.7933890e+06   2.2277832e+01
   1.7937330e+06   2.1789551e+01
   1.7938080e+06   2.8137207e+01
   1.7939390e+06   2.4230957e+01
   1.8087680e+06   2.2094727e+01
   1.8118670e+06   2.2766113e+01
   1.8159990e+06   2.5817871e+01
   1.8202830e+06   2.1728516e+01
   1.8212980e+06   2.4353027e+01
   1.8301120e+06   2.7282715e+01
   1.8309630e+06   2.1789551e+01
   1.8399950e+06   2.1911621e+01
   1.8447570e+06   2.2644043e+01
   1.8448610e+06   2.3620605e+01
   1.8452360e+06   2.1911621e+01
   1.8492560e+06   2.3010254e+01
   1.8532720e+06   2.2155762e+01
   1.8585220e+06   2.2460938e+01
   1.8588060e+06   2.1545410e+01
   1.8591410e+06   3.1127930e+01
   1.8592380e+06   2.4169922e+01
   1.8593350e+06   2.3437500e+01
   1.8593770e+06   2.2277832e+01
   1.8594120e+06   2.3925781e+01
   1.8814600e+06   2.3498535e+01
   1.8818440e+06   2.2277832e+01
   1.8891520e+06   2.4108887e+01
   1.8892610e+06   2.3071289e+01
   1.8962330e+06   2.4597168e+01
   1.8962540e+06   2.4047852e+01
   1.8970960e+06   2.2277832e+01
   1.8971450e+06   2.1911621e+01
   1.9213830e+06   2.2033691e+01
   1.9216690e+06   2.1484375e+01
   1.9220850e+06   2.1972656e+01
   1.9221730e+06   2.2460938e+01
   1.9222420e+06   2.2949219e+01
   1.9223070e+06   2.1667480e+01
   1.9499120e+06   2.4291992e+01
   1.9500290e+06   2.2521973e+01
   1.9501810e+06   2.1789551e+01
   1.9503350e+06   2.5634766e+01
   1.9504200e+06   2.2521973e+01
   1.9504940e+06   2.3681641e+01
   1.9709950e+06   2.2033691e+01
   1.9713130e+06   2.3742676e+01
   1.9717590e+06   2.4353027e+01
   2.8550710e+06   2.1911621e+01
   2.8551970e+06   3.2104492e+01
   2.8552400e+06   2.5268555e+01
   2.8553510e+06   2.2460938e+01
   2.8656610e+06   2.3925781e+01
   2.8659050e+06   2.4658203e+01
   2.8659720e+06   2.4963379e+01
   2.8792740e+06   2.6367188e+01
   2.8810740e+06   2.3742676e+01
   2.8815270e+06   2.3010254e+01
   2.8817990e+06   2.3315430e+01
   2.8967640e+06   2.7893066e+01
   2.8971870e+06   2.4230957e+01
   2.8973660e+06   2.5634766e+01
   2.9119220e+06   2.1484375e+01
   2.9120810e+06   2.2155762e+01
   2.9124500e+06   2.5573730e+01
   2.9282570e+06   2.8442383e+01
   2.9286920e+06   2.1972656e+01
   2.9288240e+06   2.3071289e+01
   2.9432080e+06   2.2216797e+01
   2.9515970e+06   2.2583008e+01
   2.9519700e+06   2.1911621e+01
   2.9520420e+06   2.1728516e+01
   2.9708540e+06   2.2216797e+01
   2.9716570e+06   2.3010254e+01
   2.9885940e+06   2.1972656e+01
   2.9887420e+06   2.1972656e+01
   3.0072590e+06   2.2766113e+01
   3.0233540e+06   2.8076172e+01
   3.0299350e+06   2.1972656e+01
   3.0304000e+06   2.2827148e+01
   3.0582080e+06   2.1728516e+01
   3.0584670e+06   2.5512695e+01
   3.0879160e+06   2.1789551e+01
   3.1011790e+06   2.2338867e+01
   3.1306620e+06   2.4841309e+01
   3.1365450e+06   2.3864746e+01
   3.1416620e+06   2.3620605e+01
   3.1531760e+06   2.1789551e+01
   3.1956410e+06   2.1911621e+01
   3.2024000e+06   2.1789551e+01
   3.2216830e+06   2.2766113e+01
   3.2288430e+06   2.3376465e+01
   3.2443630e+06   2.2460938e+01
   3.2445190e+06   2.4291992e+01
   3.2450830e+06   2.1484375e+01
   3.2534780e+06   2.6428223e+01
   3.2536480e+06   2.2277832e+01
   3.2538220e+06   2.2277832e+01
   3.2612780e+06   2.3986816e+01
   3.2614190e+06   3.2043457e+01
   3.2615600e+06   2.2644043e+01
   3.2616520e+06   2.2521973e+01
   3.2617800e+06   2.1545410e+01
   3.2700230e+06   2.3803711e+01
   3.2703190e+06   2.2277832e+01
   3.2782470e+06   2.3559570e+01
   3.2871720e+06   2.1911621e+01
   3.2874080e+06   2.3681641e+01
   3.2876510e+06   2.4108887e+01
   3.2958090e+06   2.2949219e+01
   3.3040960e+06   2.1728516e+01
   3.3041860e+06   2.9235840e+01
   3.3045400e+06   2.5817871e+01
   3.3046720e+06   2.5939941e+01
   3.3145880e+06   2.2399902e+01
   3.3238380e+06   2.1545410e+01
   3.3239210e+06   2.2338867e+01
   3.3239940e+06   2.1484375e+01
   3.3244550e+06   2.6611328e+01
   3.3328340e+06   2.7282715e+01
   3.3329180e+06   2.3132324e+01
   3.3428740e+06   2.4597168e+01
   3.3431120e+06   2.1911621e+01
   3.3432720e+06   2.3071289e+01
   3.3551020e+06   2.1850586e+01
   3.3554340e+06   2.5817871e+01
   3.3555410e+06   2.3193359e+01
   3.3558600e+06   2.3986816e+01
   3.3656360e+06   2.2766113e+01
   3.3657280e+06   2.6000977e+01
   3.3658330e+06   2.1728516e+01
   3.3658500e+06   2.1606445e+01
   3.3659800e+06   2.1850586e+01
   3.3664750e+06   2.5878906e+01
   3.3751350e+06   2.1728516e+01
   3.3751830e+06   2.2338867e+01
   3.3752260e+06   2.1728516e+01
   3.3846530e+06   2.1850586e+01
   3.3847590e+06   2.3742676e+01
   3.3949630e+06   2.2888184e+01
   3.3969690e+06   2.2460938e+01
   3.4057040e+06   2.2827148e+01
   3.4192890e+06   2.2766113e+01
   3.4193280e+06   2.7832031e+01
   3.4193880e+06   2.5634766e+01
   3.4194230e+06   2.1728516e+01
   3.4195870e+06   2.4414062e+01
   3.4201710e+06   2.3803711e+01
   4.5291730e+06   2.9296875e+01
   4.5292720e+06   2.5756836e+01
   4.5401560e+06   2.6062012e+01
   4.5403360e+06   2.1911621e+01
   4.5550710e+06   2.2338867e+01
   4.5581820e+06   2.2155762e+01
   4.5584010e+06   2.3071289e+01
   4.5772120e+06   2.3193359e+01
   4.5772290e+06   2.2033691e+01
   4.5775090e+06   2.8320312e+01
   4.5952570e+06   2.4597168e+01
   4.5953810e+06   2.1728516e+01
   4.6134860e+06   2.2033691e+01
   4.6135940e+06   2.1728516e+01
   4.6138780e+06   2.4047852e+01
   4.6347220e+06   2.2033691e+01
   4.6348700e+06   2.3925781e+01
   4.6352140e+06   2.7526855e+01
   4.6523580e+06   2.7038574e+01
   4.6653600e+06   2.3376465e+01
   4.6659860e+06   2.6000977e+01
   4.6660850e+06   2.1911621e+01
   4.6875990e+06   2.1545410e+01
   4.6880010e+06   2.1545410e+01
   4.7143700e+06   2.2521973e+01
   4.7146310e+06   2.3742676e+01
   4.7484520e+06   3.2714844e+01
   4.7486040e+06   2.1606445e+01
   4.7486640e+06   2.2521973e+01
   4.7489120e+06   2.2827148e+01
   4.7883680e+06   2.1667480e+01
   4.7885580e+06   2.1850586e+01
   4.7886620e+06   2.5329590e+01
   5.1681800e+06   2.1545410e+01
   5.1685800e+06   2.3010254e+01
   5.1687520e+06   2.1545410e+01
   5.1687910e+06   2.6916504e+01
   5.1689530e+06   2.3498535e+01
   5.1757160e+06   2.1972656e+01
   5.1817170e+06   2.1728516e+01
   5.1823640e+06   2.8320312e+01
   5.1824160e+06   2.2094727e+01
   5.1972330e+06   2.3498535e+01
   5.1974210e+06   2.4963379e+01
   5.2030300e+06   2.4536133e+01
   5.2033040e+06   2.1606445e+01
   5.2038380e+06   2.4047852e+01
   5.2105570e+06   2.3254395e+01
   5.2107940e+06   2.1911621e+01
   5.2110610e+06   2.5634766e+01
   5.2113340e+06   2.6977539e+01
   5.2117990e+06   2.1789551e+01
   5.2220110e+06   2.6000977e+01
   5.2222410e+06   2.2766113e+01
   5.2265670e+06   2.1911621e+01
   5.2268940e+06   2.6550293e+01
   5.2352340e+06   2.2888184e+01
   5.2353830e+06   2.4536133e+01
   5.2447100e+06   2.1728516e+01
   5.2449100e+06   2.4536133e+01
   5.2538850e+06   2.2521973e+01
   5.2543960e+06   2.4841309e+01
   5.2582890e+06   2.2033691e+01
   5.2620510e+06   2.3986816e+01
   5.2658190e+06   2.1545410e+01
   5.2699800e+06   2.2521973e+01
   5.2737190e+06   2.6000977e+01
   5.2740270e+06   2.2521973e+01
   5.2942520e+06   2.1972656e+01
   5.2945100e+06   2.3193359e+01
   5.2947740e+06   2.1850586e+01
   5.2992090e+06   2.5512695e+01
   5.3046990e+06   2.1728516e+01
   5.3050370e+06   2.1850586e+01
   5.3100950e+06   2.1606445e+01
   5.3153900e+06   2.4353027e+01
   5.3205980e+06   2.3498535e+01
   5.3267570e+06   2.1484375e+01
   5.3330040e+06   2.2094727e+01
   5.3333120e+06   2.2277832e+01
   5.3335930e+06   2.2338867e+01
   5.3445690e+06   2.2277832e+01
   5.3504790e+06   3.5156250e+01
   5.3507540e+06   2.1911621e+01
   5.3574000e+06   2.2644043e+01
   5.3577590e+06   2.1911621e+01
   5.3578050e+06   2.2888184e+01
   5.3581140e+06   2.4230957e+01
   5.3710050e+06   2.5878906e+01
   5.3714350e+06   2.1850586e+01
   5.3783150e+06   2.4658203e+01
   5.3785020e+06   2.1850586e+01
   5.3785120e+06   2.1606445e+01
   5.3787700e+06   2.3559570e+01
   5.3858770e+06   2.2338867e+01
   5.3860840e+06   2.2460938e+01
   5.3865600e+06   2.2033691e+01
   5.3943650e+06   3.2836914e+01
   5.3948940e+06   2.3803711e+01
   5.4014730e+06   2.2399902e+01
   5.4097450e+06   2.3071289e+01
   5.4098440e+06   2.5512695e+01
   5.4103470e+06   2.7221680e+01
   5.4183410e+06   2.4963379e+01
   5.4361260e+06   2.6428223e+01
   5.4365910e+06   2.2705078e+01
   5.4453830e+06   2.8320312e+01
   5.4455540e+06   2.2338867e+01
   5.4457480e+06   2.2583008e+01
   5.4556840e+06   2.1545410e+01
   5.4557310e+06   2.2155762e+01
   5.4559650e+06   2.5024414e+01
   5.4561390e+06   2.2094727e+01
   5.4563770e+06   2.1911621e+01
   5.4686460e+06   2.4536133e+01
   5.4690040e+06   2.3437500e+01
   5.4691050e+06   2.3071289e+01
   5.4693040e+06   2.6916504e+01
   5.4694670e+06   2.1545410e+01
   5.5061450e+06   2.3498535e+01
   5.5290280e+06   2.1789551e+01
   5.5494530e+06   2.7221680e+01
   5.5598520e+06   2.6123047e+01
   5.5714300e+06   2.1789551e+01
   5.6015960e+06   2.2644043e+01
   5.6017730e+06   2.1606445e+01
