   5.9990000e+06   0.0000000e+00
   8.3980000e+03   3.2226562e+01
   8.4640000e+03   2.2216797e+01
   8.5710000e+03   2.0629883e+01
   8.6270000e+03   2.0019531e+01
   8.6740000e+03   2.0263672e+01
   8.7750000e+03   2.0751953e+01
   9.1200000e+03   2.1118164e+01
   9.2430000e+03   2.0202637e+01
   2.5461000e+04   2.5695801e+01
   2.5516000e+04   2.4353027e+01
   2.5570000e+04   1.9348145e+01
   2.5612000e+04   2.1484375e+01
   2.5675000e+04   1.9531250e+01
   2.5811000e+04   2.0263672e+01
   2.5884000e+04   2.2094727e+01
   2.5903000e+04   2.0996094e+01
   2.6225000e+04   2.1362305e+01
   4.7348000e+04   2.5634766e+01
   4.7391000e+04   2.2094727e+01
   4.7904000e+04   2.0141602e+01
   6.3980000e+04   2.1545410e+01
   6.4032000e+04   1.9287109e+01
   6.4079000e+04   2.4597168e+01
   6.4091000e+04   2.1240234e+01
   6.4241000e+04   2.0141602e+01
   6.4413000e+04   2.4047852e+01
   6.4478000e+04   2.2888184e+01
   7.8771000e+04   2.3254395e+01
   7.8851000e+04   2.0690918e+01
   7.8927000e+04   2.1240234e+01
   7.8979000e+04   1.9836426e+01
   7.9036000e+04   1.9775391e+01
   7.9224000e+04   1.9409180e+01
   7.9485000e+04   2.2338867e+01
   1.0332700e+05   2.2888184e+01
   1.0398500e+05   1.9775391e+01
   1.1845800e+05   2.8808594e+01
   1.1865800e+05   1.9592285e+01
   1.3476800e+05   2.3254395e+01
   1.3482200e+05   1.9958496e+01
   1.3487200e+05   2.2155762e+01
   1.3492900e+05   2.3742676e+01
   1.3496900e+05   2.0507812e+01
   1.3503700e+05   2.1850586e+01
   1.3516100e+05   2.0019531e+01
   1.3604400e+05   1.9714355e+01
   1.5967500e+05   1.9958496e+01
   1.5970100e+05   2.4902344e+01
   1.5980100e+05   2.0507812e+01
   1.5984300e+05   2.0019531e+01
   1.5998800e+05   2.0080566e+01
   1.6051600e+05   2.2705078e+01
   1.8720000e+05   2.0812988e+01
   1.8729100e+05   2.5817871e+01
   1.8738000e+05   2.0019531e+01
   1.8742000e+05   1.9714355e+01
   1.8755300e+05   2.4353027e+01
   1.8805400e+05   2.0080566e+01
   1.8810200e+05   2.1484375e+01
   6.1730800e+05   2.1057129e+01
   6.1734100e+05   2.1118164e+01
   6.1737800e+05   2.7465820e+01
   6.1743200e+05   1.9409180e+01
   6.1747700e+05   2.0080566e+01
   6.1783200e+05   2.0996094e+01
   6.1860800e+05   2.5085449e+01
   6.5468300e+05   2.4291992e+01
   7.9672200e+05   2.3010254e+01
   7.9675800e+05   1.9836426e+01
   7.9676900e+05   2.0874023e+01
   7.9679500e+05   1.9714355e+01
   7.9682500e+05   2.1850586e+01
   7.9685100e+05   2.0446777e+01
   7.9779100e+05   2.0751953e+01
   8.1139800e+05   3.1677246e+01
   8.1144200e+05   2.0874023e+01
   8.1148300e+05   2.1301270e+01
   8.1159500e+05   2.0141602e+01
   8.1162800e+05   2.0874023e+01
   8.1240900e+05   2.4597168e+01
   8.2169000e+05   2.4902344e+01
   8.2176000e+05   2.5573730e+01
   8.2181400e+05   2.1972656e+01
   8.2182800e+05   2.3620605e+01
   8.2190100e+05   1.9592285e+01
   8.2195900e+05   2.0324707e+01
   8.2201900e+05   2.0935059e+01
   8.2207900e+05   2.1057129e+01
   8.2250500e+05   2.3132324e+01
   8.3667700e+05   1.9470215e+01
   8.3675100e+05   2.4230957e+01
   8.3676100e+05   2.5573730e+01
   8.3680100e+05   2.1179199e+01
   8.3682100e+05   2.3010254e+01
   8.3687100e+05   2.2216797e+01
   8.3692200e+05   2.8625488e+01
   8.3718400e+05   2.1850586e+01
   8.3726000e+05   2.0874023e+01
   8.4930000e+05   2.8381348e+01
   8.4945300e+05   2.5024414e+01
   8.4952600e+05   2.4230957e+01
   8.4959300e+05   2.2216797e+01
   8.4967200e+05   1.9653320e+01
   8.4976100e+05   1.9470215e+01
   8.4984600e+05   2.0690918e+01
   8.4993700e+05   2.1423340e+01
   8.6125900e+05   2.2399902e+01
   8.6135300e+05   2.3498535e+01
   8.6150400e+05   2.1911621e+01
   8.6196100e+05   2.0629883e+01
   8.7295400e+05   2.4902344e+01
   8.7320300e+05   2.7038574e+01
   8.7328600e+05   1.9836426e+01
   8.8540700e+05   1.9897461e+01
   8.8551100e+05   2.0019531e+01
   8.8560700e+05   2.0629883e+01
   8.8583400e+05   2.1667480e+01
   8.8591300e+05   1.9958496e+01
   8.8598300e+05   2.2399902e+01
   8.8602900e+05   1.9592285e+01
   8.8612200e+05   1.9592285e+01
   8.9756200e+05   2.1423340e+01
   8.9768200e+05   2.3559570e+01
   8.9785700e+05   2.3193359e+01
   9.0943800e+05   1.9897461e+01
   9.0954100e+05   2.3803711e+01
   9.0963700e+05   1.9958496e+01
   9.0971400e+05   2.2094727e+01
   9.0977900e+05   2.0568848e+01
   9.0980300e+05   1.9836426e+01
   9.0992200e+05   2.1850586e+01
   9.1002300e+05   2.0690918e+01
   9.2100100e+05   1.9653320e+01
   9.2141100e+05   1.9592285e+01
   9.6789400e+05   2.2583008e+01
   9.6791800e+05   1.9714355e+01
   9.6799500e+05   2.0690918e+01
   9.7965700e+05   1.9775391e+01
   1.0016140e+06   2.1240234e+01
   1.0190250e+06   2.1240234e+01
   1.0191180e+06   2.1606445e+01
   1.0192230e+06   1.9531250e+01
   1.0192770e+06   2.1240234e+01
   1.0193590e+06   3.4545898e+01
   1.0194240e+06   2.0996094e+01
   1.0195180e+06   1.9592285e+01
   1.0433280e+06   2.5451660e+01
   1.0435060e+06   2.0446777e+01
   1.0435780e+06   2.4047852e+01
   1.0436290e+06   2.1606445e+01
   1.0436620e+06   1.9897461e+01
   1.0437180e+06   2.2094727e+01
   1.0444850e+06   1.9470215e+01
   1.0446600e+06   1.9592285e+01
   1.0781950e+06   2.1423340e+01
   1.0782470e+06   1.9958496e+01
   1.0782830e+06   2.3925781e+01
   1.5301530e+06   2.0019531e+01
   1.5301940e+06   2.3742676e+01
   1.5303350e+06   2.0080566e+01
   1.5316250e+06   2.1667480e+01
   1.5316790e+06   1.9348145e+01
   1.5317870e+06   1.9348145e+01
   1.7201220e+06   2.4414062e+01
   1.7201480e+06   2.5207520e+01
   1.7201610e+06   2.2094727e+01
   1.7202910e+06   2.0629883e+01
   1.7203400e+06   2.3803711e+01
   1.7204160e+06   2.0996094e+01
   1.7219170e+06   2.0446777e+01
   1.7312300e+06   2.3010254e+01
   1.7312810e+06   2.0507812e+01
   1.7313110e+06   2.0263672e+01
   1.7314450e+06   2.1789551e+01
   1.7323520e+06   1.9287109e+01
   1.7516940e+06   1.9531250e+01
   1.7518710e+06   2.8137207e+01
   1.7519150e+06   2.4108887e+01
   1.7523010e+06   2.0874023e+01
   1.7526970e+06   2.0446777e+01
   1.7530170e+06   1.9897461e+01
   1.7662940e+06   1.9531250e+01
   1.7766960e+06   2.1057129e+01
   1.7767510e+06   1.9714355e+01
   1.7768060e+06   2.2033691e+01
   1.7773710e+06   2.0263672e+01
   1.7938640e+06   2.2216797e+01
   1.7942050e+06   2.4108887e+01
   1.7943190e+06   1.9348145e+01
   1.7945470e+06   2.1240234e+01
   1.7949390e+06   1.9531250e+01
   1.8594000e+06   1.9287109e+01
   1.8594520e+06   1.9470215e+01
   1.8597730e+06   2.1728516e+01
   1.8602780e+06   1.9287109e+01
   1.8750880e+06   2.0324707e+01
   1.8972940e+06   3.0090332e+01
   1.8973530e+06   2.8015137e+01
   1.8974080e+06   2.1484375e+01
   1.8979830e+06   2.1789551e+01
   1.8982580e+06   2.0324707e+01
   1.9221440e+06   2.2949219e+01
   1.9222040e+06   2.0507813e+01
   1.9223360e+06   2.3925781e+01
   1.9224220e+06   2.0751953e+01
   1.9224330e+06   1.9287109e+01
   1.9226930e+06   2.0324707e+01
   1.9231910e+06   1.9409180e+01
   1.9503980e+06   1.9409180e+01
   1.9505010e+06   2.1301270e+01
   1.9505470e+06   1.9531250e+01
   1.9505570e+06   1.9958496e+01
   1.9507410e+06   2.2583008e+01
   1.9508530e+06   2.2644043e+01
   1.9512440e+06   2.0019531e+01
   1.9514610e+06   2.0202637e+01
   1.9716780e+06   2.2766113e+01
   1.9717770e+06   1.9775391e+01
   1.9719310e+06   2.1789551e+01
   2.8550860e+06   1.9714355e+01
   2.8551460e+06   1.9409180e+01
   2.8551910e+06   3.3447266e+01
   2.8569210e+06   2.1423340e+01
   2.8570020e+06   1.9409180e+01
   2.8655530e+06   2.1362305e+01
   2.8658570e+06   2.6062012e+01
   2.8659130e+06   2.1667480e+01
   2.8659610e+06   2.2216797e+01
   2.8660030e+06   1.9409180e+01
   2.8661320e+06   1.9714355e+01
   2.8673980e+06   2.3315430e+01
   2.8810300e+06   2.0935059e+01
   2.8815510e+06   2.8320312e+01
   2.8815630e+06   2.3864746e+01
   2.8816010e+06   2.1362305e+01
   2.8826770e+06   2.1911621e+01
   2.8972920e+06   2.2521973e+01
   2.8974170e+06   2.4780273e+01
   2.8974750e+06   2.0996094e+01
   2.8976370e+06   2.3193359e+01
   2.8977390e+06   2.0446777e+01
   2.8981390e+06   2.3498535e+01
   2.9125030e+06   2.3681641e+01
   2.9125240e+06   2.0263672e+01
   2.9125650e+06   2.5451660e+01
   2.9125860e+06   1.9592285e+01
   2.9130880e+06   2.1057129e+01
   2.9131660e+06   2.1179199e+01
   2.9133330e+06   1.9836426e+01
   2.9135720e+06   2.0141602e+01
   2.9286230e+06   2.1179199e+01
   2.9286740e+06   2.0751953e+01
   2.9286870e+06   1.9592285e+01
   2.9287470e+06   2.0507812e+01
   2.9290300e+06   2.0019531e+01
   2.9292530e+06   2.1057129e+01
   2.9294120e+06   2.0751953e+01
   2.9520360e+06   2.1606445e+01
   2.9521020e+06   2.3132324e+01
   2.9522550e+06   2.0202637e+01
   2.9523680e+06   2.0629883e+01
   2.9716970e+06   2.3986816e+01
   2.9717910e+06   2.4169922e+01
   2.9718590e+06   2.0874023e+01
   2.9719330e+06   2.6977539e+01
   2.9720100e+06   2.1789551e+01
   2.9723810e+06   2.0202637e+01
   2.9727350e+06   2.0874023e+01
   2.9889920e+06   2.1667480e+01
   2.9890550e+06   2.2216797e+01
   2.9891310e+06   2.3742676e+01
   2.9893140e+06   2.3681641e+01
   2.9893750e+06   2.0812988e+01
   2.9898010e+06   2.2583008e+01
   3.0072050e+06   1.9897461e+01
   3.0072850e+06   2.2399902e+01
   3.0073960e+06   2.0324707e+01
   3.0075730e+06   1.9653320e+01
   3.0076460e+06   2.0935059e+01
   3.0080560e+06   2.3925781e+01
   3.0305670e+06   2.1240234e+01
   3.0306260e+06   2.0996094e+01
   3.0306750e+06   2.1911621e+01
   3.0312170e+06   1.9287109e+01
   3.0312890e+06   2.0202637e+01
   3.0313720e+06   2.1545410e+01
   3.0317020e+06   2.0507812e+01
   3.0584780e+06   1.9836426e+01
   3.0585340e+06   1.9348145e+01
   3.0585620e+06   1.9958496e+01
   3.0586300e+06   2.0812988e+01
   3.0590850e+06   1.9348145e+01
   3.0593920e+06   1.9287109e+01
   3.0879990e+06   2.0019531e+01
   3.4199030e+06   2.0385742e+01
   3.4200850e+06   2.0446777e+01
   3.4201100e+06   2.3315430e+01
   3.4201410e+06   3.0090332e+01
   3.4203530e+06   1.9531250e+01
   3.4209880e+06   2.1423340e+01
   4.5291160e+06   1.9958496e+01
   4.5292230e+06   2.2216797e+01
   4.5292510e+06   1.9714355e+01
   4.5293840e+06   2.0446777e+01
   4.5295760e+06   2.0446777e+01
   4.5296460e+06   2.0080566e+01
   4.5303360e+06   2.2338867e+01
   4.5310220e+06   1.9348145e+01
   4.5402310e+06   1.9348145e+01
   4.5404090e+06   2.0019531e+01
   4.5404650e+06   1.9714355e+01
   4.5404840e+06   2.2155762e+01
   4.5405370e+06   2.1911621e+01
   4.5406230e+06   1.9775391e+01
   4.5406920e+06   2.1545410e+01
   4.5414810e+06   2.0935059e+01
   4.5416930e+06   1.9836426e+01
   4.5421050e+06   1.9409180e+01
   4.5581990e+06   1.9409180e+01
   4.5582500e+06   2.0996094e+01
   4.5583790e+06   2.3071289e+01
   4.5584430e+06   2.3559570e+01
   4.5584910e+06   2.1789551e+01
   4.5586840e+06   2.2399902e+01
   4.5588870e+06   2.0141602e+01
   4.5774780e+06   1.9958496e+01
   4.5776180e+06   1.9287109e+01
   4.5776830e+06   1.9897461e+01
   4.5777410e+06   2.4047852e+01
   4.5777840e+06   2.1667480e+01
   4.5778450e+06   2.3315430e+01
   4.5782900e+06   1.9958496e+01
   4.5787360e+06   1.9836426e+01
   4.5789320e+06   1.9409180e+01
   4.5952710e+06   2.3132324e+01
   4.5953400e+06   2.2827148e+01
   4.5955710e+06   1.9897461e+01
   4.5961120e+06   2.0141602e+01
   4.6135390e+06   1.9836426e+01
   4.6138820e+06   2.0263672e+01
   4.6139560e+06   2.0690918e+01
   4.6139850e+06   2.0263672e+01
   4.6140190e+06   2.7160645e+01
   4.6147060e+06   2.1423340e+01
   4.6149560e+06   1.9592285e+01
   4.6350460e+06   1.9836426e+01
   4.6350890e+06   2.1240234e+01
   4.6351560e+06   2.4597168e+01
   4.6352270e+06   2.7038574e+01
   4.6353730e+06   2.5939941e+01
   4.6356600e+06   2.0263672e+01
   4.6658170e+06   2.1179199e+01
   4.6660570e+06   2.1484375e+01
   4.6660830e+06   1.9470215e+01
   4.6662220e+06   2.0446777e+01
   4.6665420e+06   1.9287109e+01
   4.6880470e+06   2.5329590e+01
   4.6881160e+06   1.9531250e+01
   4.6882080e+06   1.9287109e+01
   4.7143880e+06   2.0080566e+01
   4.7146780e+06   2.8137207e+01
   4.7147310e+06   2.0874023e+01
   4.7147830e+06   2.6184082e+01
   4.7148390e+06   2.0202637e+01
   4.7148730e+06   2.1972656e+01
   4.7487000e+06   1.9714355e+01
   4.7488370e+06   2.0690918e+01
   4.7488830e+06   1.9714355e+01
   4.7489060e+06   2.0690918e+01
   4.7489800e+06   2.0568848e+01
   4.7494860e+06   1.9409180e+01
   4.7498860e+06   1.9287109e+01
   4.7500500e+06   2.0263672e+01
   4.7887330e+06   2.0935059e+01
   4.7896660e+06   2.0874023e+01
   5.1687210e+06   1.9897461e+01
   5.1687540e+06   3.0578613e+01
   5.1687900e+06   2.0324707e+01
   5.1688310e+06   2.7221680e+01
   5.1688660e+06   1.9470215e+01
   5.1689090e+06   1.9409180e+01
   5.1700740e+06   2.0324707e+01
   5.1821600e+06   1.9531250e+01
   5.1822440e+06   2.3986816e+01
   5.1823160e+06   1.9653320e+01
   5.1824520e+06   1.9287109e+01
   5.4559410e+06   1.9409180e+01
   5.4688620e+06   1.9287109e+01
   5.4693940e+06   1.9653320e+01
   5.4694180e+06   2.0690918e+01
   5.4694930e+06   2.1179199e+01
   5.4698610e+06   2.0935059e+01
   5.6019750e+06   1.9653320e+01
   5.6019990e+06   2.4658203e+01
   5.6020430e+06   2.0690918e+01
   5.6020950e+06   2.1301270e+01
