   5.9990000e+06   0.0000000e+00
   2.7400000e+03   2.0690918e+01
   3.1110000e+03   2.0141602e+01
   5.5530000e+03   1.9775391e+01
   8.0630000e+03   2.4841309e+01
   8.4140000e+03   2.3376465e+01
   8.4400000e+03   1.9775391e+01
   8.4580000e+03   1.9714355e+01
   8.4850000e+03   1.9775391e+01
   2.1682000e+04   1.9714355e+01
   2.5494000e+04   2.0019531e+01
   2.5709000e+04   2.5695801e+01
   3.6962000e+04   2.0568848e+01
   4.7323000e+04   2.0690918e+01
   4.7343000e+04   2.1240234e+01
   4.7533000e+04   2.0202637e+01
   6.3821000e+04   2.0019531e+01
   7.8722000e+04   1.9775391e+01
   7.8811000e+04   2.1667480e+01
   7.8822000e+04   2.1118164e+01
   7.9015000e+04   2.0080566e+01
   9.6951000e+04   2.0996094e+01
   9.7139000e+04   2.0019531e+01
   1.0365500e+05   1.9714355e+01
   1.0387700e+05   1.9592285e+01
   1.1778600e+05   2.1240234e+01
   1.1852200e+05   2.0507812e+01
   1.1875000e+05   1.9714355e+01
   1.1892700e+05   2.0141602e+01
   1.3477100e+05   2.0996094e+01
   1.5976400e+05   1.9714355e+01
   1.5979900e+05   1.9775391e+01
   1.5992600e+05   2.4658203e+01
   1.6013500e+05   2.4475098e+01
   1.8707800e+05   2.0568848e+01
   1.8716900e+05   2.0080566e+01
   1.8732700e+05   2.4169922e+01
   1.8734500e+05   2.0385742e+01
   1.8740700e+05   2.1057129e+01
   6.1713800e+05   2.1362305e+01
   6.1720900e+05   2.3010254e+01
   6.1734600e+05   1.9775391e+01
   6.1737200e+05   2.2399902e+01
   6.1742500e+05   2.1972656e+01
   6.1749200e+05   2.2277832e+01
   6.1769900e+05   1.9897461e+01
   7.9635600e+05   2.0019531e+01
   7.9647800e+05   2.0690918e+01
   7.9648800e+05   2.0141602e+01
   7.9653600e+05   2.1118164e+01
   7.9658400e+05   2.4047852e+01
   7.9666200e+05   2.0141602e+01
   7.9669000e+05   2.1179199e+01
   7.9671400e+05   2.1972656e+01
   7.9675200e+05   2.8747559e+01
   7.9693000e+05   1.9836426e+01
   7.9719600e+05   1.9714355e+01
   7.9742700e+05   2.0507812e+01
   8.1104200e+05   2.2888184e+01
   8.1108500e+05   2.1301270e+01
   8.1114300e+05   2.1667480e+01
   8.1115300e+05   2.2460938e+01
   8.1143100e+05   2.1179199e+01
   8.1149400e+05   1.9714355e+01
   8.1160000e+05   1.9592285e+01
   8.1169200e+05   1.9958496e+01
   8.1200900e+05   2.1057129e+01
   8.1707900e+05   2.0019531e+01
   8.2063400e+05   3.0029297e+01
   8.2098100e+05   2.1362305e+01
   8.2147100e+05   2.0812988e+01
   8.2175900e+05   2.0324707e+01
   8.3118900e+05   2.5146484e+01
   8.3159700e+05   1.9653320e+01
   8.3514700e+05   1.9897461e+01
   8.3656700e+05   2.2644043e+01
   8.3669200e+05   2.3132324e+01
   8.3675400e+05   2.0263672e+01
   8.3687300e+05   2.1911621e+01
   8.4901600e+05   2.0874023e+01
   8.4928100e+05   2.0629883e+01
   8.4940500e+05   2.0446777e+01
   8.4964100e+05   1.9897461e+01
   8.6088600e+05   2.0874023e+01
   8.6100300e+05   2.0690918e+01
   8.6130500e+05   1.9958496e+01
   8.7305000e+05   1.9958496e+01
   8.7326400e+05   2.1850586e+01
   8.8503900e+05   1.9653320e+01
   8.8507900e+05   2.2277832e+01
   8.8520300e+05   2.3132324e+01
   8.8525700e+05   2.1484375e+01
   8.8546300e+05   2.2216797e+01
   8.8564900e+05   2.1606445e+01
   9.0929200e+05   2.2155762e+01
   9.2112500e+05   1.9958496e+01
   9.3124400e+05   2.1301270e+01
   9.4855800e+05   2.0874023e+01
   9.4948500e+05   2.0690918e+01
   9.6729800e+05   2.0141602e+01
   9.6753400e+05   1.9714355e+01
   9.6772300e+05   2.0690918e+01
   9.6792900e+05   2.3498535e+01
   9.6864000e+05   1.9958496e+01
   9.7935400e+05   2.1911621e+01
   9.7967100e+05   1.9775391e+01
   1.0009300e+06   1.9836426e+01
   1.0013320e+06   2.2827148e+01
   1.0015100e+06   1.9775391e+01
   1.0017910e+06   2.0324707e+01
   1.0187060e+06   2.1057129e+01
   1.0188160e+06   1.9897461e+01
   1.0188330e+06   1.9897461e+01
   1.0189440e+06   2.3071289e+01
   1.0431030e+06   2.0629883e+01
   1.0433190e+06   2.3681641e+01
   1.0434940e+06   2.0141602e+01
   1.0435950e+06   2.0202637e+01
   1.0437240e+06   2.2644043e+01
   1.0777870e+06   2.1179199e+01
   1.0778260e+06   2.0385742e+01
   1.0782100e+06   2.0874023e+01
   1.0783030e+06   2.0202637e+01
   1.0783390e+06   2.3315430e+01
   1.0783700e+06   1.9836426e+01
   1.0784130e+06   2.0263672e+01
   1.0790060e+06   2.1423340e+01
   1.5298610e+06   2.2094727e+01
   1.5298920e+06   2.3620605e+01
   1.5299340e+06   2.0507812e+01
   1.5300560e+06   1.9653320e+01
   1.5300910e+06   2.1606445e+01
   1.5301690e+06   2.2155762e+01
   1.5301950e+06   2.0629883e+01
   1.5302200e+06   2.6428223e+01
   1.5303640e+06   2.5695801e+01
   1.5304080e+06   2.4902344e+01
   1.5304690e+06   1.9836426e+01
   1.5307290e+06   2.0751953e+01
   1.5318740e+06   2.0202637e+01
   1.7200620e+06   2.2827148e+01
   1.7200970e+06   1.9714355e+01
   1.7201280e+06   2.2705078e+01
   1.7201680e+06   2.5939941e+01
   1.7201780e+06   2.1545410e+01
   1.7202940e+06   2.0874023e+01
   1.7204260e+06   1.9592285e+01
   1.7204390e+06   2.1850586e+01
   1.7204870e+06   2.0507812e+01
   1.7206410e+06   1.9775391e+01
   1.7312880e+06   1.9714355e+01
   1.7314320e+06   2.1423340e+01
   1.7315050e+06   2.0202637e+01
   1.7315880e+06   2.1606445e+01
   1.7440300e+06   1.9897461e+01
   1.7458980e+06   2.1118164e+01
   1.7515640e+06   2.0568848e+01
   1.7600280e+06   2.3071289e+01
   1.7625610e+06   1.9714355e+01
   1.7680170e+06   2.0446777e+01
   1.7699220e+06   2.0507812e+01
   1.7754720e+06   2.1240234e+01
   1.7765300e+06   1.9592285e+01
   1.7765900e+06   2.0690918e+01
   1.7766900e+06   2.0690918e+01
   1.7767910e+06   2.0019531e+01
   1.7872110e+06   2.2888184e+01
   1.7940310e+06   1.9958496e+01
   1.7940700e+06   2.0263672e+01
   1.7942100e+06   1.9897461e+01
   1.8056180e+06   2.2644043e+01
   1.8299510e+06   2.1606445e+01
   1.8348850e+06   1.9775391e+01
   1.8350010e+06   1.9653320e+01
   1.8352550e+06   2.0202637e+01
   1.8492080e+06   2.5634766e+01
   1.8584480e+06   2.0385742e+01
   1.8590740e+06   2.5939941e+01
   1.8594260e+06   2.0935059e+01
   1.8596730e+06   2.1484375e+01
   1.8759360e+06   1.9592285e+01
   1.8887810e+06   1.9958496e+01
   1.8960640e+06   2.0019531e+01
   1.8971880e+06   1.9836426e+01
   1.8972520e+06   2.3803711e+01
   1.8973300e+06   2.1484375e+01
   1.8973620e+06   2.5146484e+01
   1.9135320e+06   1.9897461e+01
   1.9136020e+06   2.0751953e+01
   1.9209570e+06   2.0324707e+01
   1.9210420e+06   2.1789551e+01
   1.9217630e+06   2.0324707e+01
   1.9218660e+06   2.0019531e+01
   1.9222240e+06   2.6733398e+01
   1.9222900e+06   2.0324707e+01
   1.9224310e+06   1.9653320e+01
   1.9225240e+06   2.0385742e+01
   1.9394740e+06   2.3559570e+01
   1.9497000e+06   2.0935059e+01
   1.9503660e+06   2.2338867e+01
   1.9504410e+06   2.2888184e+01
   1.9504920e+06   1.9775391e+01
   1.9506000e+06   1.9592285e+01
   1.9506290e+06   2.0263672e+01
   1.9708760e+06   2.0019531e+01
   1.9712050e+06   2.2521973e+01
   1.9920890e+06   2.1484375e+01
   1.9922320e+06   2.0385742e+01
   2.8550230e+06   2.1484375e+01
   2.8550740e+06   2.1789551e+01
   2.8551030e+06   2.0629883e+01
   2.8551510e+06   2.2338867e+01
   2.8552040e+06   2.6245117e+01
   2.8552540e+06   2.1423340e+01
   2.8553350e+06   2.3864746e+01
   2.8553660e+06   2.6733398e+01
   2.8563910e+06   1.9714355e+01
   2.8585040e+06   2.2888184e+01
   2.8653870e+06   2.2277832e+01
   2.8657380e+06   2.2521973e+01
   2.8658840e+06   2.0874023e+01
   2.8661060e+06   2.2521973e+01
   2.8662670e+06   2.1362305e+01
   2.8761120e+06   2.0935059e+01
   2.8807360e+06   2.2155762e+01
   2.8815170e+06   2.1789551e+01
   2.8889130e+06   2.1423340e+01
   2.8971340e+06   2.5085449e+01
   2.9124560e+06   2.1240234e+01
   2.9127120e+06   2.1545410e+01
   2.9287090e+06   2.0019531e+01
   2.9288690e+06   2.0446777e+01
   2.9289280e+06   1.9653320e+01
   2.9517080e+06   1.9592285e+01
   2.9521270e+06   2.0202637e+01
   2.9521670e+06   2.0202637e+01
   2.9523530e+06   2.0996094e+01
   2.9720950e+06   1.9836426e+01
   2.9721570e+06   1.9714355e+01
   2.9724260e+06   2.0690918e+01
   2.9888420e+06   2.0263672e+01
   2.9890590e+06   1.9775391e+01
   2.9890950e+06   2.0019531e+01
   2.9892190e+06   2.0080566e+01
   3.0071560e+06   2.0751953e+01
   3.0072530e+06   2.0751953e+01
   3.0072810e+06   2.2705078e+01
   3.0076540e+06   1.9775391e+01
   3.0307200e+06   2.1423340e+01
   3.1066200e+06   1.9897461e+01
   3.1123710e+06   2.0324707e+01
   3.1184060e+06   2.2949219e+01
   3.1239670e+06   2.5024414e+01
   3.1241750e+06   2.0263672e+01
   3.1303470e+06   2.1118164e+01
   3.1470510e+06   2.0996094e+01
   3.1471450e+06   2.0263672e+01
   3.1471580e+06   2.1179199e+01
   3.1473920e+06   1.9958496e+01
   3.1527610e+06   1.9775391e+01
   3.1530980e+06   2.2827148e+01
   3.1648720e+06   2.0874023e+01
   3.1701710e+06   2.0080566e+01
   3.1763710e+06   1.9897461e+01
   3.1764890e+06   2.0507812e+01
   3.1765190e+06   2.2094727e+01
   3.1767570e+06   2.3376465e+01
   3.1830800e+06   2.0263672e+01
   3.1888480e+06   2.0812988e+01
   3.1890180e+06   2.0507812e+01
   3.1957180e+06   2.3010254e+01
   3.2024020e+06   2.4597168e+01
   3.2026460e+06   2.4169922e+01
   3.2080680e+06   2.2094727e+01
   3.2082470e+06   2.0996094e+01
   3.2084920e+06   2.0263672e+01
   3.2149300e+06   2.8869629e+01
   3.2213050e+06   2.3498535e+01
   3.2287870e+06   2.0080566e+01
   3.2290450e+06   1.9775391e+01
   3.2292880e+06   2.0019531e+01
   3.2358960e+06   2.0202637e+01
   3.2443680e+06   1.9592285e+01
   3.2534990e+06   2.4169922e+01
   3.2613000e+06   2.0385742e+01
   3.2615660e+06   2.2705078e+01
   3.2696460e+06   2.0385742e+01
   3.2696650e+06   2.6123047e+01
   3.2702810e+06   2.1179199e+01
   3.2778780e+06   2.2644043e+01
   3.2782480e+06   2.0446777e+01
   3.2870350e+06   2.0996094e+01
   3.2874210e+06   2.0812988e+01
   3.2882190e+06   2.0385742e+01
   3.2958260e+06   2.0874023e+01
   3.3043700e+06   1.9653320e+01
   3.3045880e+06   2.5695801e+01
   3.3144730e+06   2.2094727e+01
   3.3145440e+06   1.9592285e+01
   3.3149000e+06   2.4414062e+01
   3.3150490e+06   1.9775391e+01
   3.3241680e+06   2.1301270e+01
   3.3242490e+06   1.9897461e+01
   3.3328100e+06   2.4108887e+01
   3.3329760e+06   2.0812988e+01
   3.3331490e+06   2.3986816e+01
   3.3427050e+06   2.0568848e+01
   3.3429030e+06   2.0996094e+01
   3.3430390e+06   2.4536133e+01
   3.3431200e+06   1.9714355e+01
   3.3549710e+06   2.1484375e+01
   3.3656280e+06   2.1362305e+01
   3.3750910e+06   2.3864746e+01
   3.3756600e+06   2.3132324e+01
   3.3759050e+06   2.2399902e+01
   3.3846490e+06   2.0141602e+01
   3.3948510e+06   2.1057129e+01
   3.3949350e+06   2.0263672e+01
   3.3950510e+06   1.9775391e+01
   3.3952340e+06   2.3132324e+01
   3.3955830e+06   2.0446777e+01
   3.4054470e+06   2.0141602e+01
   3.4057970e+06   2.3925781e+01
   3.4060270e+06   2.1728516e+01
   3.4191960e+06   2.5939941e+01
   3.4193110e+06   2.1179199e+01
   3.4193680e+06   2.1423340e+01
   3.4199630e+06   1.9836426e+01
   3.4201980e+06   2.4475098e+01
   3.4217090e+06   2.0751953e+01
   4.3551750e+06   2.0385742e+01
   4.4350700e+06   1.9592285e+01
   4.5290020e+06   2.1606445e+01
   4.5290160e+06   2.1301270e+01
   4.5291320e+06   2.0324707e+01
   4.5291550e+06   2.0812988e+01
   4.5291780e+06   1.9836426e+01
   4.5292100e+06   2.0996094e+01
   4.5292280e+06   2.3925781e+01
   4.5293720e+06   2.2644043e+01
   4.5401610e+06   2.0446777e+01
   4.5423490e+06   2.0019531e+01
   4.5573230e+06   2.0202637e+01
   4.5578750e+06   2.1545410e+01
   4.5580190e+06   2.4963379e+01
   4.5583840e+06   1.9775391e+01
   4.5590960e+06   2.3193359e+01
   4.5731400e+06   1.9592285e+01
   4.5768890e+06   2.0629883e+01
   4.5773690e+06   2.0385742e+01
   4.5774870e+06   2.1911621e+01
   4.5776420e+06   2.4169922e+01
   4.5952640e+06   2.1484375e+01
   4.5955330e+06   2.0141602e+01
   4.6138680e+06   2.5146484e+01
   4.6352500e+06   2.0690918e+01
   4.6654480e+06   2.2155762e+01
   4.6658660e+06   2.1301270e+01
   4.6659050e+06   2.0935059e+01
   4.6660150e+06   2.0263672e+01
   4.6661400e+06   2.2338867e+01
   4.6664300e+06   2.0446777e+01
   4.6885520e+06   2.0568848e+01
   4.6889510e+06   2.0935059e+01
   4.7148910e+06   2.1545410e+01
   4.7150860e+06   2.0629883e+01
   4.7483120e+06   2.0080566e+01
   4.7487530e+06   1.9775391e+01
   4.7488710e+06   2.4169922e+01
   4.7489160e+06   2.0385742e+01
   4.7489380e+06   1.9653320e+01
   4.7489590e+06   1.9836426e+01
   4.7492080e+06   2.1972656e+01
   4.7884350e+06   2.0080566e+01
   4.7885800e+06   2.2094727e+01
   4.7887440e+06   2.0080566e+01
   4.7890150e+06   1.9592285e+01
   4.8206330e+06   2.1484375e+01
   5.1685500e+06   2.0080566e+01
   5.1685650e+06   3.0944824e+01
   5.1686020e+06   2.0690918e+01
   5.1686530e+06   2.6550293e+01
   5.1687030e+06   1.9897461e+01
   5.1688500e+06   2.2888184e+01
   5.1689030e+06   2.1606445e+01
   5.1689610e+06   2.0324707e+01
   5.1816170e+06   2.2521973e+01
   5.1817450e+06   2.1362305e+01
   5.1820880e+06   2.1057129e+01
   5.1822040e+06   2.0385742e+01
   5.1822530e+06   2.0019531e+01
   5.1823360e+06   2.0446777e+01
   5.1824360e+06   2.0202637e+01
   5.1972530e+06   2.0507812e+01
   5.1982580e+06   2.0935059e+01
   5.2028410e+06   2.1911621e+01
   5.2039530e+06   1.9958496e+01
   5.2181780e+06   2.7465820e+01
   5.2186120e+06   2.1057129e+01
   5.2264960e+06   2.1423340e+01
   5.2452150e+06   2.0080566e+01
   5.2539790e+06   2.1850586e+01
   5.2620750e+06   1.9897461e+01
   5.2739580e+06   1.9592285e+01
   5.2900590e+06   1.9958496e+01
   5.2940570e+06   2.0202637e+01
   5.3048010e+06   2.1423340e+01
   5.3049970e+06   2.6062012e+01
   5.3099540e+06   2.1240234e+01
   5.3155730e+06   2.3254395e+01
   5.3160970e+06   2.0751953e+01
   5.3264140e+06   1.9958496e+01
   5.3266110e+06   2.0874023e+01
   5.3273950e+06   2.2888184e+01
   5.3330830e+06   1.9653320e+01
   5.3392730e+06   2.2888184e+01
   5.3444070e+06   2.3986816e+01
   5.3446410e+06   2.7954102e+01
   5.3501430e+06   2.4047852e+01
   5.3501770e+06   1.9592285e+01
   5.3572820e+06   2.5878906e+01
   5.3574960e+06   2.0263672e+01
   5.3575880e+06   2.2888184e+01
   5.3636920e+06   1.9592285e+01
   5.3707000e+06   2.4841309e+01
   5.3708930e+06   2.1545410e+01
   5.3781960e+06   2.1179199e+01
   5.3793020e+06   2.1850586e+01
   5.3857450e+06   2.0507812e+01
   5.3864620e+06   1.9653320e+01
   5.3941790e+06   2.1301270e+01
   5.3942930e+06   2.3193359e+01
   5.3944230e+06   2.0263672e+01
   5.3952870e+06   2.2766113e+01
   5.4011970e+06   2.0019531e+01
   5.4097610e+06   2.2216797e+01
   5.4100300e+06   1.9836426e+01
   5.4184160e+06   1.9714355e+01
   5.4268670e+06   2.4169922e+01
   5.4273030e+06   2.1057129e+01
   5.4358520e+06   2.1972656e+01
   5.4362260e+06   2.2216797e+01
   5.4455890e+06   2.0324707e+01
   5.4456120e+06   2.0385742e+01
   5.4555570e+06   2.0202637e+01
   5.4557610e+06   2.4719238e+01
   5.4560090e+06   2.0935059e+01
   5.4561010e+06   2.3193359e+01
   5.4686900e+06   2.3010254e+01
   5.4688630e+06   2.3193359e+01
   5.4691270e+06   2.0202637e+01
   5.4693460e+06   2.0080566e+01
   5.4694120e+06   2.1911621e+01
   5.4694470e+06   2.3132324e+01
   5.4695450e+06   2.2766113e+01
   5.4882110e+06   1.9897461e+01
   5.4975340e+06   2.0629883e+01
   5.5057810e+06   2.3681641e+01
   5.5061500e+06   2.0385742e+01
   5.5158260e+06   2.0446777e+01
   5.5160020e+06   2.0935059e+01
   5.5289380e+06   2.1118164e+01
   5.5291780e+06   2.0507812e+01
   5.5292700e+06   2.2644043e+01
   5.5383260e+06   2.0507812e+01
   5.5596660e+06   2.2460938e+01
   5.5603610e+06   1.9592285e+01
   5.5712540e+06   2.2216797e+01
   5.5833570e+06   2.0690918e+01
   5.6008840e+06   2.3437500e+01
   5.6011090e+06   1.9836426e+01
   5.6018900e+06   2.4841309e+01
   5.6019400e+06   2.5817871e+01
   5.6020040e+06   2.1606445e+01
   5.6020540e+06   2.2216797e+01
   5.6020760e+06   2.2277832e+01
