   5.9990000e+06   0.0000000e+00
   8.0470000e+03   2.5390625e+01
   8.2930000e+03   2.5878906e+01
   8.3110000e+03   5.2673340e+01
   8.3650000e+03   3.5705566e+01
   8.3900000e+03   3.7475586e+01
   8.4070000e+03   2.7893066e+01
   8.4710000e+03   2.5146484e+01
   8.5010000e+03   2.6428223e+01
   8.5200000e+03   2.5939941e+01
   8.5440000e+03   2.7587891e+01
   8.5610000e+03   3.7292480e+01
   8.6450000e+03   3.0151367e+01
   8.6930000e+03   2.5695801e+01
   8.7140000e+03   2.7038574e+01
   8.7640000e+03   2.9174805e+01
   8.7880000e+03   2.4536133e+01
   8.8210000e+03   2.4719238e+01
   8.8690000e+03   3.0395508e+01
   8.9200000e+03   3.0273438e+01
   9.2530000e+03   2.4230957e+01
   9.3970000e+03   2.5817871e+01
   2.5147000e+04   2.6367188e+01
   2.5316000e+04   2.4047852e+01
   2.5345000e+04   3.9916992e+01
   2.5410000e+04   3.3447266e+01
   2.5429000e+04   3.1127930e+01
   2.5478000e+04   3.8146973e+01
   2.5491000e+04   3.1555176e+01
   2.5510000e+04   2.6428223e+01
   2.5526000e+04   3.3325195e+01
   2.5547000e+04   2.6367188e+01
   2.5587000e+04   3.1005859e+01
   2.5603000e+04   2.9846191e+01
   2.5701000e+04   2.4536133e+01
   2.5799000e+04   2.4414062e+01
   2.5903000e+04   2.4475098e+01
   2.6147000e+04   2.4230957e+01
   2.6223000e+04   2.5878906e+01
   2.6378000e+04   2.4475098e+01
   3.7991000e+04   2.6916504e+01
   3.8181000e+04   2.7221680e+01
   4.6643000e+04   2.5634766e+01
   4.6965000e+04   2.5268555e+01
   4.7003000e+04   2.5329590e+01
   4.7222000e+04   2.4108887e+01
   4.7238000e+04   3.7841797e+01
   4.7299000e+04   2.5817871e+01
   4.7318000e+04   4.1015625e+01
   4.7339000e+04   2.7221680e+01
   4.7362000e+04   2.5573730e+01
   4.7389000e+04   3.0212402e+01
   4.7399000e+04   3.0639648e+01
   4.7421000e+04   2.5817871e+01
   4.7432000e+04   2.6733398e+01
   4.7471000e+04   2.8137207e+01
   4.7508000e+04   2.6000977e+01
   4.7520000e+04   2.6977539e+01
   4.7560000e+04   2.5756836e+01
   4.7595000e+04   2.3803711e+01
   4.7629000e+04   2.6245117e+01
   4.7666000e+04   2.5207520e+01
   4.7786000e+04   2.9541016e+01
   5.8495000e+04   2.5085449e+01
   6.3564000e+04   2.5573730e+01
   6.3746000e+04   2.4353027e+01
   6.3849000e+04   2.6672363e+01
   6.3917000e+04   3.6315918e+01
   6.3927000e+04   3.1738281e+01
   6.3957000e+04   2.9174805e+01
   6.3989000e+04   2.9907227e+01
   6.4012000e+04   2.6306152e+01
   6.4027000e+04   2.4780273e+01
   6.4056000e+04   3.5156250e+01
   6.4108000e+04   3.3569336e+01
   6.4178000e+04   2.5878906e+01
   6.4253000e+04   2.6306152e+01
   6.4453000e+04   2.6000977e+01
   6.4664000e+04   2.8930664e+01
   6.4829000e+04   2.3986816e+01
   6.4986000e+04   2.6184082e+01
   7.8473000e+04   2.4047852e+01
   7.8581000e+04   2.6184082e+01
   7.8695000e+04   2.7526855e+01
   7.8738000e+04   2.9541016e+01
   7.8772000e+04   2.6855469e+01
   7.8806000e+04   2.9907227e+01
   7.8833000e+04   2.4780273e+01
   7.8851000e+04   3.1616211e+01
   7.8885000e+04   3.6315918e+01
   7.8943000e+04   2.4841309e+01
   7.8968000e+04   2.7099609e+01
   7.8992000e+04   2.9418945e+01
   7.9101000e+04   2.4108887e+01
   7.9163000e+04   2.3742676e+01
   7.9338000e+04   2.4108887e+01
   7.9548000e+04   2.6000977e+01
   1.0295900e+05   2.8930664e+01
   1.0323700e+05   2.7404785e+01
   1.0326600e+05   2.5756836e+01
   1.0329800e+05   3.9978027e+01
   1.0334000e+05   3.2104492e+01
   1.0338900e+05   2.3742676e+01
   1.0340800e+05   2.5268555e+01
   1.0343700e+05   2.7099609e+01
   1.0344700e+05   2.5451660e+01
   1.0356600e+05   2.5695801e+01
   1.0372700e+05   2.8137207e+01
   1.0388200e+05   2.5939941e+01
   1.1807600e+05   2.4597168e+01
   1.1822700e+05   2.6184082e+01
   1.1831300e+05   2.5207520e+01
   1.1837900e+05   3.9611816e+01
   1.1841000e+05   2.6977539e+01
   1.1845600e+05   2.5085449e+01
   1.1852400e+05   2.7954102e+01
   1.1855900e+05   2.5695801e+01
   1.1858400e+05   2.5024414e+01
   1.1877100e+05   2.5146484e+01
   1.1898700e+05   3.1677246e+01
   1.1910000e+05   2.6123047e+01
   1.1919300e+05   2.5146484e+01
   1.1921600e+05   2.4169922e+01
   1.3466100e+05   3.1677246e+01
   1.3468400e+05   2.8259277e+01
   1.3471400e+05   2.7099609e+01
   1.3473600e+05   2.7221680e+01
   1.3476400e+05   2.5817871e+01
   1.3479700e+05   2.9418945e+01
   1.3482100e+05   2.6733398e+01
   1.3486900e+05   2.4841309e+01
   1.3508600e+05   2.4475098e+01
   1.3515100e+05   2.3986816e+01
   1.3516300e+05   2.6794434e+01
   1.3524000e+05   2.4169922e+01
   1.3536700e+05   2.5451660e+01
   1.5962300e+05   2.7770996e+01
   1.5966600e+05   3.0517578e+01
   1.5969900e+05   2.5634766e+01
   1.5971700e+05   2.7465820e+01
   1.5976300e+05   2.6000977e+01
   1.5982200e+05   2.5939941e+01
   1.5986700e+05   3.1616211e+01
   1.5993600e+05   2.5451660e+01
   1.5995700e+05   2.3803711e+01
   1.5998900e+05   2.7709961e+01
   1.8722800e+05   3.3874512e+01
   1.8723900e+05   3.2165527e+01
   1.8726300e+05   3.0456543e+01
   1.8728600e+05   3.6743164e+01
   1.8732700e+05   2.3986816e+01
   1.8734500e+05   2.9663086e+01
   1.8737700e+05   4.0100098e+01
   1.8739700e+05   3.5766602e+01
   1.8752600e+05   2.3742676e+01
   1.8754700e+05   2.5329590e+01
   1.8765800e+05   2.6367188e+01
   1.8769800e+05   2.5634766e+01
   6.1714000e+05   2.3925781e+01
   6.1727500e+05   2.4353027e+01
   6.1729800e+05   3.5461426e+01
   6.1731400e+05   4.8217773e+01
   6.1732600e+05   4.7424316e+01
   6.1734800e+05   3.6926270e+01
   6.1741200e+05   2.5634766e+01
   6.1743000e+05   2.4841309e+01
   6.1745100e+05   2.6245117e+01
   6.1747300e+05   2.9846191e+01
   6.1755200e+05   2.9541016e+01
   6.1758100e+05   3.0395508e+01
   6.1818100e+05   2.4353027e+01
   6.1842600e+05   2.4353027e+01
   6.1871200e+05   2.4291992e+01
   6.1877200e+05   2.3986816e+01
   6.1928400e+05   2.5817871e+01
   7.9666500e+05   2.4108887e+01
   7.9668500e+05   3.2043457e+01
   7.9670000e+05   4.6691895e+01
   7.9673300e+05   4.6447754e+01
   7.9676000e+05   3.3203125e+01
   7.9678400e+05   3.1127930e+01
   7.9680100e+05   2.5634766e+01
   7.9682600e+05   2.4108887e+01
   7.9684400e+05   2.5390625e+01
   7.9690600e+05   2.4597168e+01
   7.9696900e+05   2.5878906e+01
   7.9707400e+05   2.7282715e+01
   7.9718800e+05   2.5024414e+01
   7.9723200e+05   2.7893066e+01
   7.9760500e+05   2.7709961e+01
   7.9782700e+05   2.5207520e+01
   7.9796900e+05   2.4414062e+01
   7.9932900e+05   2.4414062e+01
   8.1127700e+05   2.4536133e+01
   8.1135500e+05   2.9479980e+01
   8.1136900e+05   4.7485352e+01
   8.1138200e+05   2.8259277e+01
   8.1140300e+05   3.4790039e+01
   8.1143400e+05   4.5715332e+01
   8.1146100e+05   4.2724609e+01
   8.1147900e+05   3.2287598e+01
   8.1150700e+05   4.2480469e+01
   8.1151800e+05   2.4963379e+01
   8.1153800e+05   3.0578613e+01
   8.1160200e+05   2.6245117e+01
   8.1166900e+05   2.3864746e+01
   8.1169800e+05   2.4291992e+01
   8.1182100e+05   2.5756836e+01
   8.1200700e+05   3.0883789e+01
   8.1223300e+05   2.4963379e+01
   8.2138700e+05   2.6000977e+01
   8.2151900e+05   2.9479980e+01
   8.2157900e+05   2.5878906e+01
   8.2164300e+05   2.7587891e+01
   8.2166800e+05   2.3742676e+01
   8.2169800e+05   4.0527344e+01
   8.2172800e+05   2.5451660e+01
   8.2175200e+05   2.9296875e+01
   8.2176800e+05   2.8991699e+01
   8.2182900e+05   2.7465820e+01
   8.2188400e+05   2.4475098e+01
   8.2190600e+05   2.5634766e+01
   8.2196600e+05   2.4169922e+01
   8.2213000e+05   2.6123047e+01
   8.2219100e+05   2.4719238e+01
   8.2244600e+05   2.3864746e+01
   8.2256900e+05   2.7099609e+01
   8.2265700e+05   2.6000977e+01
   8.2275300e+05   2.3803711e+01
   8.3644800e+05   2.4963379e+01
   8.3663600e+05   3.0334473e+01
   8.3668700e+05   2.7038574e+01
   8.3674200e+05   2.3986816e+01
   8.3675200e+05   3.1066895e+01
   8.3678500e+05   3.5705566e+01
   8.3681600e+05   2.9968262e+01
   8.3685300e+05   2.4108887e+01
   8.3687600e+05   2.6916504e+01
   8.3688700e+05   3.3142090e+01
   8.3692300e+05   2.6062012e+01
   8.3696200e+05   3.1555176e+01
   8.3698400e+05   3.3142090e+01
   8.3704000e+05   2.5573730e+01
   8.3707300e+05   2.3742676e+01
   8.3709100e+05   2.7099609e+01
   8.3715200e+05   2.5695801e+01
   8.3719400e+05   2.4108887e+01
   8.3723500e+05   2.4291992e+01
   8.3728000e+05   2.3742676e+01
   8.3730300e+05   2.4230957e+01
   8.3739400e+05   2.8381348e+01
   8.3779400e+05   2.7099609e+01
   8.3789600e+05   2.6550293e+01
   8.4916100e+05   3.0395508e+01
   8.4922200e+05   3.0944824e+01
   8.4924700e+05   3.5400391e+01
   8.4927100e+05   2.3742676e+01
   8.4932900e+05   2.4291992e+01
   8.4935400e+05   3.9611816e+01
   8.4945400e+05   2.7038574e+01
   8.4947800e+05   2.4108887e+01
   8.4962600e+05   2.5451660e+01
   8.4967500e+05   3.2775879e+01
   8.4971300e+05   2.5512695e+01
   8.4976400e+05   3.0517578e+01
   8.4982800e+05   2.4719238e+01
   8.4984400e+05   2.5817871e+01
   8.5006500e+05   2.4169922e+01
   8.5024400e+05   2.4597168e+01
   8.5031700e+05   2.5390625e+01
   8.5044800e+05   2.6977539e+01
   8.6093900e+05   2.3742676e+01
   8.6112500e+05   3.5095215e+01
   8.6116000e+05   2.5268555e+01
   8.6126500e+05   2.7709961e+01
   8.6130200e+05   3.6437988e+01
   8.6131700e+05   2.6550293e+01
   8.6134100e+05   3.5583496e+01
   8.6140800e+05   2.3925781e+01
   8.6147300e+05   2.5939941e+01
   8.6163300e+05   2.7221680e+01
   8.6169000e+05   2.8015137e+01
   8.6173800e+05   2.4780273e+01
   8.6176400e+05   2.5146484e+01
   8.6181400e+05   2.4414062e+01
   8.7277700e+05   2.7038574e+01
   8.7283900e+05   2.4475098e+01
   8.7287600e+05   2.7770996e+01
   8.7293800e+05   3.0883789e+01
   8.7295400e+05   3.3752441e+01
   8.7298200e+05   2.5695801e+01
   8.7300400e+05   2.4230957e+01
   8.7306400e+05   2.5939941e+01
   8.7316600e+05   2.9663086e+01
   8.7320900e+05   2.9174805e+01
   8.7322500e+05   2.3742676e+01
   8.7374400e+05   2.4902344e+01
   8.8528300e+05   2.6245117e+01
   8.8529900e+05   2.6733398e+01
   8.8537100e+05   2.8930664e+01
   8.8542900e+05   2.6306152e+01
   8.8545900e+05   2.8259277e+01
   8.8551100e+05   2.4536133e+01
   8.8559800e+05   2.9357910e+01
   8.8571200e+05   3.0700684e+01
   8.8577900e+05   2.5451660e+01
   8.8581100e+05   2.3986816e+01
   8.8595600e+05   2.4780273e+01
   8.8604500e+05   2.7282715e+01
   8.9725600e+05   3.0395508e+01
   8.9731400e+05   2.4414062e+01
   8.9734900e+05   2.6184082e+01
   8.9742600e+05   2.3925781e+01
   8.9744400e+05   2.4536133e+01
   8.9747800e+05   2.5329590e+01
   8.9757700e+05   2.7465820e+01
   8.9762800e+05   2.5268555e+01
   8.9764800e+05   2.5573730e+01
   8.9767300e+05   2.7160645e+01
   8.9771900e+05   2.6977539e+01
   8.9775900e+05   2.4047852e+01
   8.9788800e+05   2.5451660e+01
   8.9793200e+05   2.6550293e+01
   9.0928100e+05   3.0029297e+01
   9.0931200e+05   2.5085449e+01
   9.0937700e+05   2.7160645e+01
   9.0945700e+05   2.3864746e+01
   9.0951500e+05   3.5705566e+01
   9.0953400e+05   2.9235840e+01
   9.0962100e+05   2.6916504e+01
   9.0963800e+05   2.8076172e+01
   9.0982900e+05   2.6794434e+01
   9.1004700e+05   2.4597168e+01
   9.1021700e+05   2.4230957e+01
   9.2104300e+05   2.4841309e+01
   9.2106100e+05   2.5024414e+01
   9.2112100e+05   2.8991699e+01
   9.2117700e+05   2.8137207e+01
   9.2129600e+05   2.4475098e+01
   9.2137200e+05   2.3864746e+01
   9.2139600e+05   2.8625488e+01
   9.3126400e+05   2.7160645e+01
   9.3147600e+05   2.6855469e+01
   9.3155600e+05   2.3864746e+01
   9.3161000e+05   2.3864746e+01
   9.3178900e+05   2.7954102e+01
   9.3187600e+05   2.8259277e+01
   9.3192100e+05   2.3925781e+01
   9.3989600e+05   2.4963379e+01
   9.4001700e+05   3.1616211e+01
   9.4026300e+05   3.1494141e+01
   9.4030300e+05   2.3742676e+01
   9.4872100e+05   2.4475098e+01
   9.4895600e+05   3.0944824e+01
   9.4901200e+05   2.6123047e+01
   9.4905800e+05   2.6794434e+01
   9.4908400e+05   2.3925781e+01
   9.4912800e+05   2.4719238e+01
   9.4918300e+05   2.7770996e+01
   9.4929700e+05   3.4057617e+01
   9.4939400e+05   2.4353027e+01
   9.4946100e+05   2.6245117e+01
   9.4953900e+05   2.5146484e+01
   9.4956200e+05   2.4841309e+01
   9.5846500e+05   2.4169922e+01
   9.6763400e+05   3.6865234e+01
   9.6771400e+05   2.5695801e+01
   9.6780700e+05   2.6794434e+01
   9.6781800e+05   2.4597168e+01
   9.6786200e+05   3.1433105e+01
   9.6789100e+05   3.0334473e+01
   9.6797100e+05   2.4780273e+01
   9.6802200e+05   2.3742676e+01
   9.6813000e+05   2.9357910e+01
   9.6819900e+05   3.0822754e+01
   9.6839000e+05   2.4658203e+01
   9.6845600e+05   2.5146484e+01
   9.7972400e+05   3.4362793e+01
   9.8937600e+05   2.9052734e+01
   9.8943200e+05   2.6855469e+01
   9.8947400e+05   2.7465820e+01
   9.8950700e+05   3.0639648e+01
   9.8959700e+05   2.7832031e+01
   9.8969100e+05   2.5878906e+01
   9.8976300e+05   2.8991699e+01
   9.8979900e+05   2.4169922e+01
   1.0010720e+06   2.7770996e+01
   1.0011480e+06   2.6855469e+01
   1.0012580e+06   2.6550293e+01
   1.0013700e+06   3.7048340e+01
   1.0014230e+06   2.5146484e+01
   1.0014490e+06   3.0395508e+01
   1.0015210e+06   2.4291992e+01
   1.0015350e+06   2.7709961e+01
   1.0015460e+06   2.5390625e+01
   1.0015760e+06   2.4658203e+01
   1.0016040e+06   2.7587891e+01
   1.0016240e+06   2.5573730e+01
   1.0016540e+06   2.4719238e+01
   1.0017300e+06   2.5451660e+01
   1.0018700e+06   3.1738281e+01
   1.0020630e+06   2.4841309e+01
   1.0187680e+06   2.5634766e+01
   1.0188410e+06   3.9672852e+01
   1.0188690e+06   2.5268555e+01
   1.0188840e+06   2.7221680e+01
   1.0189050e+06   3.0334473e+01
   1.0189360e+06   2.4414062e+01
   1.0189720e+06   3.8024902e+01
   1.0190220e+06   2.7954102e+01
   1.0190450e+06   3.1188965e+01
   1.0190900e+06   2.7587891e+01
   1.0191790e+06   2.4963379e+01
   1.0193580e+06   2.4047852e+01
   1.0194840e+06   2.4597168e+01
   1.0198070e+06   2.4414062e+01
   1.0434280e+06   3.1738281e+01
   1.0434560e+06   2.6794434e+01
   1.0434770e+06   2.5390625e+01
   1.0435460e+06   3.0822754e+01
   1.0436340e+06   3.7780762e+01
   1.0438130e+06   2.5024414e+01
   1.0438400e+06   2.6367188e+01
   1.0438660e+06   2.7221680e+01
   1.0439570e+06   2.7893066e+01
   1.0778630e+06   2.4108887e+01
   1.0779840e+06   2.5939941e+01
   1.0780830e+06   3.0212402e+01
   1.0781290e+06   3.3935547e+01
   1.0781550e+06   3.6437988e+01
   1.0781780e+06   3.2165527e+01
   1.0781940e+06   2.7587891e+01
   1.0782150e+06   2.5024414e+01
   1.0782620e+06   2.5451660e+01
   1.0782860e+06   2.7587891e+01
   1.0783190e+06   2.9907227e+01
   1.0784220e+06   2.9052734e+01
   1.0790390e+06   2.6855469e+01
   1.5299170e+06   2.4780273e+01
   1.5300280e+06   2.3864746e+01
   1.5300870e+06   2.3742676e+01
   1.5301030e+06   2.5146484e+01
   1.5301290e+06   3.6193848e+01
   1.5301590e+06   5.1391602e+01
   1.5301710e+06   3.1921387e+01
   1.5302080e+06   3.0578613e+01
   1.5302250e+06   2.6794434e+01
   1.5302620e+06   2.9479980e+01
   1.5302850e+06   2.3803711e+01
   1.5303430e+06   2.5939941e+01
   1.5303610e+06   2.7893066e+01
   1.5304210e+06   2.4230957e+01
   1.5305690e+06   2.3803711e+01
   1.5307510e+06   2.4169922e+01
   1.5312510e+06   2.7282715e+01
   1.7199580e+06   2.3864746e+01
   1.7200940e+06   2.6062012e+01
   1.7201050e+06   2.7038574e+01
   1.7201350e+06   4.4616699e+01
   1.7201510e+06   2.8320312e+01
   1.7201740e+06   3.2287598e+01
   1.7201970e+06   2.5451660e+01
   1.7202230e+06   3.5644531e+01
   1.7202630e+06   2.4658203e+01
   1.7202950e+06   2.4536133e+01
   1.7203210e+06   3.5888672e+01
   1.7204410e+06   2.5268555e+01
   1.7206100e+06   2.4719238e+01
   1.7206370e+06   2.4780273e+01
   1.7207060e+06   2.3803711e+01
   1.7223440e+06   2.6733398e+01
   1.7310250e+06   2.6184082e+01
   1.7310910e+06   2.9846191e+01
   1.7312010e+06   3.0090332e+01
   1.7312220e+06   3.4118652e+01
   1.7312540e+06   3.7597656e+01
   1.7312710e+06   3.6437988e+01
   1.7312910e+06   3.0822754e+01
   1.7313280e+06   2.8259277e+01
   1.7313860e+06   3.6682129e+01
   1.7314450e+06   3.0029297e+01
   1.7314790e+06   2.8564453e+01
   1.7315030e+06   2.9663086e+01
   1.7316570e+06   3.1494141e+01
   1.7510940e+06   2.4169922e+01
   1.7516690e+06   2.5939941e+01
   1.7517630e+06   2.4902344e+01
   1.7517750e+06   4.5837402e+01
   1.7518150e+06   3.3935547e+01
   1.7518340e+06   3.0273438e+01
   1.7518480e+06   2.4230957e+01
   1.7519450e+06   2.5634766e+01
   1.7519690e+06   2.7526855e+01
   1.7519940e+06   2.7770996e+01
   1.7520270e+06   3.9550781e+01
   1.7520630e+06   2.5207520e+01
   1.7521010e+06   2.6794434e+01
   1.7521380e+06   3.0578613e+01
   1.7522660e+06   2.9113770e+01
   1.7523020e+06   2.7954102e+01
   1.7523930e+06   2.6000977e+01
   1.7525930e+06   2.4230957e+01
   1.7531000e+06   2.5756836e+01
   1.7664220e+06   2.3925781e+01
   1.7765760e+06   2.5695801e+01
   1.7766110e+06   2.6306152e+01
   1.7766230e+06   3.5827637e+01
   1.7766440e+06   2.5817871e+01
   1.7766610e+06   3.5522461e+01
   1.7766920e+06   2.4719238e+01
   1.7767070e+06   2.7587891e+01
   1.7767730e+06   2.6977539e+01
   1.7768190e+06   2.7465820e+01
   1.7769040e+06   2.4291992e+01
   1.7769230e+06   2.4780273e+01
   1.7769370e+06   3.5156250e+01
   1.7769860e+06   2.5268555e+01
   1.7770260e+06   2.4536133e+01
   1.7771460e+06   3.5522461e+01
   1.7771710e+06   2.4291992e+01
   1.7772030e+06   2.6245117e+01
   1.7772320e+06   2.4475098e+01
   1.7774180e+06   2.4047852e+01
   1.7776030e+06   2.6245117e+01
   1.7779840e+06   2.3803711e+01
   1.7940760e+06   2.9968262e+01
   1.7940950e+06   2.4719238e+01
   1.7941910e+06   2.9602051e+01
   1.7942160e+06   2.4719238e+01
   1.7942670e+06   2.4719238e+01
   1.7942960e+06   3.2531738e+01
   1.7943310e+06   2.4658203e+01
   1.7943470e+06   3.4240723e+01
   1.7943890e+06   2.4353027e+01
   1.7944110e+06   2.4475098e+01
   1.7944420e+06   2.5634766e+01
   1.7945270e+06   2.9052734e+01
   1.7946070e+06   2.5817871e+01
   1.7949060e+06   2.5634766e+01
   1.7951180e+06   2.5573730e+01
   1.7958870e+06   2.6550293e+01
   1.8088110e+06   2.4780273e+01
   1.8162260e+06   2.3925781e+01
   1.8206770e+06   2.3742676e+01
   1.8213030e+06   2.6184082e+01
   1.8213800e+06   2.4108887e+01
   1.8492540e+06   2.6367188e+01
   1.8537220e+06   2.5451660e+01
   1.8539640e+06   2.6000977e+01
   1.8587620e+06   2.6367188e+01
   1.8591990e+06   2.4353027e+01
   1.8593150e+06   2.7587891e+01
   1.8593280e+06   2.9052734e+01
   1.8593540e+06   3.3264160e+01
   1.8593850e+06   2.9907227e+01
   1.8594220e+06   2.4902344e+01
   1.8594380e+06   3.0822754e+01
   1.8594590e+06   2.8564453e+01
   1.8595060e+06   2.4841309e+01
   1.8595280e+06   2.4719238e+01
   1.8595900e+06   3.2775879e+01
   1.8596090e+06   2.8564453e+01
   1.8597050e+06   2.6672363e+01
   1.8598760e+06   2.4719238e+01
   1.8606340e+06   2.9846191e+01
   1.8812220e+06   2.3986816e+01
   1.8894000e+06   2.5024414e+01
   1.8961120e+06   2.6367188e+01
   1.8970520e+06   2.3864746e+01
   1.8971650e+06   3.9428711e+01
   1.8971930e+06   2.8930664e+01
   1.8972260e+06   3.4301758e+01
   1.8972570e+06   2.9113770e+01
   1.8972680e+06   3.1494141e+01
   1.8972990e+06   3.7170410e+01
   1.8973200e+06   2.6794434e+01
   1.8973890e+06   2.9113770e+01
   1.8974380e+06   2.4169922e+01
   1.8975150e+06   2.9846191e+01
   1.8975370e+06   2.8625488e+01
   1.8975910e+06   2.4719238e+01
   1.8976120e+06   2.4169922e+01
   1.8976810e+06   2.4047852e+01
   1.8977580e+06   2.4353027e+01
   1.8978440e+06   3.0456543e+01
   1.8978710e+06   2.4536133e+01
   1.8996160e+06   2.7282715e+01
   1.9210650e+06   2.5634766e+01
   1.9219660e+06   3.2531738e+01
   1.9219940e+06   3.3325195e+01
   1.9220600e+06   3.0944824e+01
   1.9220700e+06   2.8137207e+01
   1.9221260e+06   5.7617188e+01
   1.9221360e+06   2.6184082e+01
   1.9221670e+06   2.4902344e+01
   1.9221890e+06   2.5695801e+01
   1.9222170e+06   2.6306152e+01
   1.9222430e+06   2.3986816e+01
   1.9222720e+06   2.6306152e+01
   1.9223170e+06   2.6367188e+01
   1.9223930e+06   2.8076172e+01
   1.9224600e+06   2.8015137e+01
   1.9229000e+06   2.4108887e+01
   1.9230880e+06   2.6489258e+01
   1.9232850e+06   2.5024414e+01
   1.9242270e+06   2.5512695e+01
   1.9503590e+06   4.2663574e+01
   1.9503730e+06   2.4291992e+01
   1.9504000e+06   2.3864746e+01
   1.9504220e+06   3.5766602e+01
   1.9504510e+06   4.9072266e+01
   1.9504630e+06   4.4921875e+01
   1.9504930e+06   2.6672363e+01
   1.9505660e+06   2.5817871e+01
   1.9505920e+06   3.4667969e+01
   1.9506140e+06   2.5024414e+01
   1.9507730e+06   2.7465820e+01
   1.9510200e+06   2.7099609e+01
   1.9512040e+06   2.3925781e+01
   1.9512860e+06   2.5634766e+01
   1.9514690e+06   2.4658203e+01
   1.9707910e+06   2.6489258e+01
   1.9715060e+06   2.5268555e+01
   1.9715220e+06   2.6794434e+01
   1.9715400e+06   3.0639648e+01
   1.9715870e+06   2.7770996e+01
   1.9716000e+06   2.6062012e+01
   1.9716230e+06   2.6367188e+01
   1.9716480e+06   2.7160645e+01
   1.9716630e+06   3.0273438e+01
   1.9717050e+06   2.4414062e+01
   1.9717260e+06   2.4414062e+01
   1.9717690e+06   3.0456543e+01
   1.9717990e+06   3.0517578e+01
   1.9718420e+06   2.3803711e+01
   1.9719100e+06   2.9602051e+01
   1.9725270e+06   2.4230957e+01
   2.8551360e+06   4.2724609e+01
   2.8551570e+06   2.5573730e+01
   2.8551870e+06   3.1738281e+01
   2.8552080e+06   3.8696289e+01
   2.8552320e+06   2.6733398e+01
   2.8552490e+06   3.6071777e+01
   2.8552930e+06   2.7221680e+01
   2.8554730e+06   2.4536133e+01
   2.8555600e+06   2.3803711e+01
   2.8566040e+06   2.5329590e+01
   2.8570140e+06   2.4108887e+01
   2.8657680e+06   2.5207520e+01
   2.8657990e+06   2.8503418e+01
   2.8658240e+06   3.2531738e+01
   2.8658390e+06   3.0822754e+01
   2.8658850e+06   5.1879883e+01
   2.8659240e+06   3.3081055e+01
   2.8659520e+06   3.9978027e+01
   2.8659690e+06   2.7038574e+01
   2.8659870e+06   2.9541016e+01
   2.8660190e+06   2.3925781e+01
   2.8660730e+06   2.5573730e+01
   2.8660920e+06   3.2348633e+01
   2.8661380e+06   2.6245117e+01
   2.8663760e+06   2.4597168e+01
   2.8674020e+06   2.4475098e+01
   2.8811540e+06   2.6794434e+01
   2.8812020e+06   2.8320312e+01
   2.8812750e+06   2.5451660e+01
   2.8813580e+06   2.7465820e+01
   2.8814320e+06   2.3803711e+01
   2.8814560e+06   2.7832031e+01
   2.8814710e+06   3.1616211e+01
   2.8815080e+06   2.9113770e+01
   2.8815200e+06   2.6733398e+01
   2.8815720e+06   2.4597168e+01
   2.8815960e+06   2.8808594e+01
   2.8816190e+06   2.6306152e+01
   2.8816300e+06   3.9428711e+01
   2.8816740e+06   2.4414062e+01
   2.8817000e+06   2.8686523e+01
   2.8817570e+06   2.5512695e+01
   2.8817770e+06   3.8269043e+01
   2.8818140e+06   2.4414062e+01
   2.8821840e+06   2.5512695e+01
   2.8822360e+06   2.4169922e+01
   2.8822550e+06   2.4108887e+01
   2.8829580e+06   2.4169922e+01
   2.8959300e+06   2.5939941e+01
   2.8971120e+06   2.5024414e+01
   2.8971610e+06   2.6062012e+01
   2.8971820e+06   2.4047852e+01
   2.8972310e+06   2.6062012e+01
   2.8972430e+06   2.6245117e+01
   2.8972580e+06   2.6611328e+01
   2.8972800e+06   2.4291992e+01
   2.8973010e+06   2.4719238e+01
   2.8973770e+06   4.2785645e+01
   2.8974000e+06   3.0578613e+01
   2.8974690e+06   3.0334473e+01
   2.8975180e+06   2.8198242e+01
   2.8975320e+06   2.9052734e+01
   2.8975830e+06   2.8991699e+01
   2.8976030e+06   2.4108887e+01
   2.8978390e+06   2.4658203e+01
   2.8979730e+06   2.4963379e+01
   2.9007050e+06   2.5329590e+01
   2.9121330e+06   2.4902344e+01
   2.9123510e+06   2.8808594e+01
   2.9123640e+06   2.5146484e+01
   2.9124400e+06   2.4108887e+01
   2.9124610e+06   2.7282715e+01
   2.9124890e+06   2.8320312e+01
   2.9125260e+06   3.0151367e+01
   2.9125530e+06   3.1066895e+01
   2.9125810e+06   2.5573730e+01
   2.9126280e+06   2.6733398e+01
   2.9126520e+06   2.3986816e+01
   2.9126650e+06   2.9052734e+01
   2.9127110e+06   2.9541016e+01
   2.9127300e+06   2.6184082e+01
   2.9127730e+06   3.1921387e+01
   2.9128240e+06   2.3925781e+01
   2.9129870e+06   2.6367188e+01
   2.9130020e+06   2.5939941e+01
   2.9131680e+06   2.9541016e+01
   2.9137050e+06   2.4047852e+01
   2.9284320e+06   2.4230957e+01
   2.9284850e+06   2.6062012e+01
   2.9285070e+06   2.6000977e+01
   2.9285700e+06   2.4536133e+01
   2.9285810e+06   2.9602051e+01
   2.9285990e+06   2.3864746e+01
   2.9286190e+06   2.6977539e+01
   2.9286680e+06   2.3803711e+01
   2.9287160e+06   2.6794434e+01
   2.9287380e+06   2.5207520e+01
   2.9287690e+06   2.3803711e+01
   2.9288060e+06   2.6550293e+01
   2.9288610e+06   2.4353027e+01
   2.9291040e+06   2.5756836e+01
   2.9292910e+06   2.4719238e+01
   2.9294570e+06   2.8015137e+01
   2.9296830e+06   2.4475098e+01
   2.9431130e+06   2.3986816e+01
   2.9516650e+06   2.4475098e+01
   2.9519420e+06   2.4536133e+01
   2.9519760e+06   3.5095215e+01
   2.9520090e+06   2.3803711e+01
   2.9521000e+06   3.6621094e+01
   2.9521110e+06   3.6865234e+01
   2.9521380e+06   2.7404785e+01
   2.9521710e+06   3.8085938e+01
   2.9521860e+06   2.3864746e+01
   2.9523170e+06   2.4230957e+01
   2.9523320e+06   3.7353516e+01
   2.9523580e+06   2.5695801e+01
   2.9524000e+06   2.5329590e+01
   2.9524420e+06   2.4719238e+01
   2.9525020e+06   2.6611328e+01
   2.9526150e+06   2.4475098e+01
   2.9528250e+06   2.4658203e+01
   2.9529210e+06   2.4353027e+01
   2.9706430e+06   2.3986816e+01
   2.9714440e+06   2.4291992e+01
   2.9714640e+06   2.7099609e+01
   2.9714920e+06   2.5634766e+01
   2.9715850e+06   2.5085449e+01
   2.9716010e+06   3.4912109e+01
   2.9716770e+06   3.2897949e+01
   2.9716870e+06   3.3142090e+01
   2.9717030e+06   2.3986816e+01
   2.9717320e+06   3.2165527e+01
   2.9717620e+06   2.4719238e+01
   2.9718370e+06   2.4414062e+01
   2.9718750e+06   2.6977539e+01
   2.9719280e+06   2.6977539e+01
   2.9719470e+06   3.1555176e+01
   2.9720400e+06   2.4414062e+01
   2.9720710e+06   2.4169922e+01
   2.9721660e+06   2.4108887e+01
   2.9722120e+06   2.8503418e+01
   2.9722520e+06   2.6611328e+01
   2.9726000e+06   2.5878906e+01
   2.9888190e+06   2.9174805e+01
   2.9889140e+06   3.8452148e+01
   2.9889340e+06   3.7841797e+01
   2.9889730e+06   2.9052734e+01
   2.9889900e+06   2.7282715e+01
   2.9890150e+06   3.7292480e+01
   2.9890540e+06   3.3874512e+01
   2.9890840e+06   2.8015137e+01
   2.9891140e+06   3.3813477e+01
   2.9891700e+06   2.4230957e+01
   2.9892310e+06   2.6733398e+01
   2.9892630e+06   2.6672363e+01
   2.9893550e+06   3.7841797e+01
   2.9894440e+06   2.5573730e+01
   2.9895840e+06   2.4902344e+01
   2.9896290e+06   2.4963379e+01
   3.0069980e+06   2.4353027e+01
   3.0070480e+06   2.4841309e+01
   3.0070770e+06   3.4240723e+01
   3.0071510e+06   3.0151367e+01
   3.0071930e+06   2.8137207e+01
   3.0072470e+06   3.5644531e+01
   3.0072780e+06   2.7709961e+01
   3.0073190e+06   2.3803711e+01
   3.0073360e+06   2.6367188e+01
   3.0073810e+06   2.6916504e+01
   3.0073960e+06   2.5329590e+01
   3.0074380e+06   2.5695801e+01
   3.0074670e+06   2.7526855e+01
   3.0075500e+06   2.4658203e+01
   3.0078190e+06   2.3742676e+01
   3.0079390e+06   2.5207520e+01
   3.0083680e+06   2.6611328e+01
   3.0303490e+06   2.3742676e+01
   3.0304490e+06   3.3935547e+01
   3.0304860e+06   2.5451660e+01
   3.0305140e+06   2.4230957e+01
   3.0305600e+06   3.5461426e+01
   3.0305870e+06   2.7526855e+01
   3.0306040e+06   3.0822754e+01
   3.0306590e+06   2.3986816e+01
   3.0306800e+06   2.5817871e+01
   3.0307090e+06   2.4414062e+01
   3.0307890e+06   3.6926270e+01
   3.0309210e+06   2.5512695e+01
   3.0312610e+06   2.5817871e+01
   3.0583720e+06   2.4353027e+01
   3.0584040e+06   3.4545898e+01
   3.0584450e+06   2.8442383e+01
   3.0585010e+06   2.8930664e+01
   3.0585330e+06   2.6550293e+01
   3.0586040e+06   2.7099609e+01
   3.0586870e+06   2.8564453e+01
   3.0589760e+06   2.3742676e+01
   3.0591170e+06   2.6184082e+01
   3.0598310e+06   2.8381348e+01
   3.1184250e+06   2.4780273e+01
   3.1311110e+06   2.5634766e+01
   3.1703960e+06   2.6000977e+01
   3.2151020e+06   2.4353027e+01
   3.2153980e+06   2.5573730e+01
   3.2292120e+06   2.4414062e+01
   3.2443540e+06   2.4780273e+01
   3.2445530e+06   2.5451660e+01
   3.2702670e+06   2.5390625e+01
   3.2790120e+06   2.3925781e+01
   3.2958220e+06   2.5817871e+01
   3.3041570e+06   2.3864746e+01
   3.3045770e+06   2.6550293e+01
   3.3048640e+06   2.4169922e+01
   3.3145500e+06   2.8686523e+01
   3.3335200e+06   2.3742676e+01
   3.3428640e+06   2.5573730e+01
   3.3558830e+06   2.4536133e+01
   3.3649420e+06   2.3803711e+01
   3.3657160e+06   2.3864746e+01
   3.3663290e+06   2.4047852e+01
   3.3951010e+06   2.4597168e+01
   3.4066140e+06   2.3864746e+01
   3.4197410e+06   2.3925781e+01
   3.4198440e+06   2.4902344e+01
   3.4198630e+06   2.4169922e+01
   3.4199970e+06   3.2226562e+01
   3.4200270e+06   2.9174805e+01
   3.4200450e+06   2.8381348e+01
   3.4200610e+06   2.4841309e+01
   3.4200960e+06   2.6489258e+01
   3.4201190e+06   2.5146484e+01
   3.4201620e+06   3.0517578e+01
   3.4201900e+06   3.1555176e+01
   3.4202570e+06   2.8137207e+01
   3.4204080e+06   2.4902344e+01
   3.4204510e+06   2.3864746e+01
   3.4205340e+06   2.5207520e+01
   3.4205530e+06   2.4902344e+01
   3.4208530e+06   2.9052734e+01
   4.5291060e+06   2.4597168e+01
   4.5291600e+06   3.4545898e+01
   4.5291860e+06   3.7414551e+01
   4.5292030e+06   4.1992188e+01
   4.5292280e+06   5.3771973e+01
   4.5292420e+06   2.4291992e+01
   4.5292580e+06   2.6977539e+01
   4.5292740e+06   2.5512695e+01
   4.5293190e+06   2.3803711e+01
   4.5293660e+06   2.4169922e+01
   4.5294270e+06   2.6977539e+01
   4.5294770e+06   2.4291992e+01
   4.5295380e+06   2.8137207e+01
   4.5297290e+06   2.5817871e+01
   4.5300910e+06   2.4047852e+01
   4.5302880e+06   2.6855469e+01
   4.5306440e+06   2.4414062e+01
   4.5311650e+06   2.3925781e+01
   4.5316550e+06   2.4597168e+01
   4.5400850e+06   2.5451660e+01
   4.5402770e+06   2.8320313e+01
   4.5403370e+06   2.4475098e+01
   4.5403790e+06   2.4475098e+01
   4.5404230e+06   2.7221680e+01
   4.5404390e+06   2.7709961e+01
   4.5405050e+06   2.5390625e+01
   4.5405300e+06   2.5939941e+01
   4.5405770e+06   2.9296875e+01
   4.5406490e+06   2.9785156e+01
   4.5406690e+06   2.8686523e+01
   4.5407230e+06   2.5817871e+01
   4.5410180e+06   2.4047852e+01
   4.5411770e+06   2.4230957e+01
   4.5416150e+06   2.5329590e+01
   4.5425480e+06   2.3986816e+01
   4.5579860e+06   2.3742676e+01
   4.5581340e+06   2.5512695e+01
   4.5581890e+06   2.4536133e+01
   4.5582880e+06   3.1555176e+01
   4.5583120e+06   3.5705566e+01
   4.5583420e+06   3.7841797e+01
   4.5583910e+06   2.6794434e+01
   4.5584210e+06   4.8645020e+01
   4.5584740e+06   2.5756836e+01
   4.5584970e+06   3.3752441e+01
   4.5585360e+06   2.4475098e+01
   4.5585700e+06   3.0395508e+01
   4.5585910e+06   2.3986816e+01
   4.5587770e+06   3.1494141e+01
   4.5595100e+06   2.4902344e+01
   4.5774940e+06   2.9296875e+01
   4.5775530e+06   2.8381348e+01
   4.5775770e+06   2.6367188e+01
   4.5775930e+06   2.4047852e+01
   4.5776260e+06   3.9672852e+01
   4.5776600e+06   3.0639648e+01
   4.5776730e+06   2.8625488e+01
   4.5776880e+06   2.4902344e+01
   4.5777110e+06   2.5390625e+01
   4.5777240e+06   3.2165527e+01
   4.5777500e+06   2.4353027e+01
   4.5778230e+06   2.6672363e+01
   4.5778690e+06   2.3925781e+01
   4.5779590e+06   2.3864746e+01
   4.5780490e+06   2.3864746e+01
   4.5782160e+06   2.4047852e+01
   4.5786160e+06   2.4475098e+01
   4.5795280e+06   2.3803711e+01
   4.5819630e+06   2.5512695e+01
   4.5946910e+06   2.4047852e+01
   4.5951270e+06   2.6794434e+01
   4.5951700e+06   3.0700684e+01
   4.5951810e+06   3.1127930e+01
   4.5952110e+06   2.5024414e+01
   4.5952380e+06   4.5410156e+01
   4.5952850e+06   3.0944824e+01
   4.5953030e+06   2.9724121e+01
   4.5953130e+06   2.7709961e+01
   4.5953270e+06   2.9296875e+01
   4.5953560e+06   2.9357910e+01
   4.5954110e+06   2.5573730e+01
   4.5954730e+06   2.4658203e+01
   4.5955020e+06   2.6000977e+01
   4.5955310e+06   2.8076172e+01
   4.5955550e+06   2.4780273e+01
   4.5956720e+06   2.5207520e+01
   4.5958250e+06   2.4291992e+01
   4.5959150e+06   3.0273438e+01
   4.5959920e+06   2.4414062e+01
   4.5960340e+06   2.4841309e+01
   4.6134090e+06   2.4963379e+01
   4.6138030e+06   2.4108887e+01
   4.6138570e+06   2.3986816e+01
   4.6138840e+06   3.1799316e+01
   4.6139120e+06   2.4841309e+01
   4.6139400e+06   2.5573730e+01
   4.6139800e+06   2.8442383e+01
   4.6139960e+06   3.1188965e+01
   4.6140530e+06   2.8808594e+01
   4.6141770e+06   2.9663086e+01
   4.6142000e+06   2.4780273e+01
   4.6142910e+06   2.4475098e+01
   4.6143670e+06   2.4963379e+01
   4.6144110e+06   2.5695801e+01
   4.6146080e+06   2.4536133e+01
   4.6349570e+06   2.5695801e+01
   4.6350390e+06   3.5827637e+01
   4.6350960e+06   2.9235840e+01
   4.6351200e+06   3.9550781e+01
   4.6351590e+06   3.0944824e+01
   4.6351770e+06   2.5756836e+01
   4.6352040e+06   3.4545898e+01
   4.6352930e+06   2.5573730e+01
   4.6353590e+06   2.7893066e+01
   4.6353780e+06   3.2653809e+01
   4.6354010e+06   2.3864746e+01
   4.6354930e+06   2.8442383e+01
   4.6355340e+06   2.5085449e+01
   4.6356840e+06   2.4902344e+01
   4.6357710e+06   2.3986816e+01
   4.6361490e+06   2.3803711e+01
   4.6657980e+06   2.4719238e+01
   4.6659560e+06   2.6794434e+01
   4.6660460e+06   2.6184082e+01
   4.6660850e+06   3.2958984e+01
   4.6661350e+06   3.2287598e+01
   4.6661640e+06   2.9235840e+01
   4.6661880e+06   2.7526855e+01
   4.6663060e+06   2.5146484e+01
   4.6663360e+06   2.5512695e+01
   4.6663760e+06   2.4047852e+01
   4.6664080e+06   2.5878906e+01
   4.6664940e+06   2.6794434e+01
   4.6665820e+06   2.9357910e+01
   4.6879480e+06   3.4912109e+01
   4.6879580e+06   2.9663086e+01
   4.6880070e+06   2.7343750e+01
   4.6880310e+06   2.4902344e+01
   4.6880520e+06   2.5024414e+01
   4.6881070e+06   3.2592773e+01
   4.6881380e+06   3.6437988e+01
   4.6881740e+06   2.5024414e+01
   4.6882460e+06   2.5451660e+01
   4.6883540e+06   2.5573730e+01
   4.6884810e+06   2.3803711e+01
   4.6886300e+06   2.6306152e+01
   4.6888300e+06   2.4597168e+01
   4.6891210e+06   2.5085449e+01
   4.7142300e+06   2.6794434e+01
   4.7144450e+06   2.6977539e+01
   4.7145780e+06   2.8442383e+01
   4.7146170e+06   2.5329590e+01
   4.7146480e+06   3.7597656e+01
   4.7146870e+06   3.2836914e+01
   4.7147160e+06   2.5329590e+01
   4.7147550e+06   2.4291992e+01
   4.7147840e+06   3.8879395e+01
   4.7148400e+06   2.6855469e+01
   4.7148780e+06   2.4658203e+01
   4.7148920e+06   2.6550293e+01
   4.7150490e+06   2.6062012e+01
   4.7151370e+06   2.3742676e+01
   4.7155120e+06   2.3986816e+01
   4.7487570e+06   3.0334473e+01
   4.7487720e+06   2.4169922e+01
   4.7488210e+06   3.0212402e+01
   4.7488380e+06   2.4169922e+01
   4.7488630e+06   2.8564453e+01
   4.7489220e+06   2.6367188e+01
   4.7489440e+06   2.5329590e+01
   4.7490940e+06   2.3925781e+01
   4.7491390e+06   2.8259277e+01
   4.7491700e+06   2.7526855e+01
   4.7493840e+06   2.4169922e+01
   4.7885060e+06   3.3630371e+01
   4.7885270e+06   3.0212402e+01
   4.7885800e+06   2.3742676e+01
   4.7885950e+06   3.3447266e+01
   4.7886060e+06   3.3142090e+01
   4.7886460e+06   2.3986816e+01
   4.7886950e+06   2.6123047e+01
   4.7887110e+06   2.9479980e+01
   4.7887260e+06   2.4536133e+01
   4.7891500e+06   2.4353027e+01
   4.7901020e+06   2.4597168e+01
   4.7903700e+06   2.5451660e+01
   5.1686470e+06   2.5878906e+01
   5.1686740e+06   2.4291992e+01
   5.1686980e+06   3.0883789e+01
   5.1687210e+06   3.8818359e+01
   5.1687500e+06   4.4555664e+01
   5.1687730e+06   2.8137207e+01
   5.1688000e+06   3.1066895e+01
   5.1688350e+06   2.4230957e+01
   5.1688570e+06   2.8137207e+01
   5.1688930e+06   2.8686523e+01
   5.1689080e+06   2.8198242e+01
   5.1689770e+06   2.4780273e+01
   5.1690500e+06   3.0944824e+01
   5.1693780e+06   2.5390625e+01
   5.1704340e+06   2.3803711e+01
   5.1819080e+06   2.5756836e+01
   5.1820460e+06   3.0517578e+01
   5.1821050e+06   2.3864746e+01
   5.1821260e+06   2.5634766e+01
   5.1821580e+06   3.6071777e+01
   5.1821910e+06   3.2653809e+01
   5.1822080e+06   3.5461426e+01
   5.1822300e+06   2.7587891e+01
   5.1822680e+06   2.8381348e+01
   5.1822950e+06   3.1677246e+01
   5.1823250e+06   2.6000977e+01
   5.1823490e+06   2.6367188e+01
   5.1823850e+06   2.4475098e+01
   5.1824510e+06   2.4963379e+01
   5.1824860e+06   2.6245117e+01
   5.1826100e+06   2.5695801e+01
   5.1834500e+06   2.5390625e+01
   5.2118940e+06   2.4597168e+01
   5.3106500e+06   2.6489258e+01
   5.3942890e+06   2.8015137e+01
   5.4359720e+06   2.4047852e+01
   5.4458100e+06   2.6733398e+01
   5.4692810e+06   2.7465820e+01
   5.4693090e+06   2.7221680e+01
   5.4693450e+06   4.3395996e+01
   5.4693930e+06   3.0334473e+01
   5.4694220e+06   3.3752441e+01
   5.4694330e+06   2.4780273e+01
   5.4694710e+06   3.0029297e+01
   5.4694850e+06   3.1799316e+01
   5.4695240e+06   2.4841309e+01
   5.4695420e+06   2.5695801e+01
   5.4695720e+06   2.4353027e+01
   5.4695850e+06   2.7099609e+01
   5.4696230e+06   2.7709961e+01
   5.4696370e+06   2.4841309e+01
   5.4697170e+06   2.4963379e+01
   5.4697580e+06   2.4841309e+01
   5.4705610e+06   2.4902344e+01
   5.6019280e+06   3.6926270e+01
   5.6019390e+06   3.1005859e+01
   5.6019510e+06   2.8564453e+01
   5.6019900e+06   3.1433105e+01
   5.6020200e+06   2.9724121e+01
   5.6020450e+06   3.9428711e+01
   5.6020810e+06   2.9113770e+01
   5.6021000e+06   2.5390625e+01
   5.6021320e+06   3.1616211e+01
   5.6023030e+06   2.3742676e+01
   5.6023490e+06   2.7770996e+01
   5.6033950e+06   2.8076172e+01
   5.8395380e+06   3.4118652e+01
