   5.9990000e+06   0.0000000e+00
   8.3000000e+02   2.9357910e+01
   2.5950000e+03   3.4362793e+01
   2.7990000e+03   3.2470703e+01
   2.9850000e+03   2.7648926e+01
   3.0520000e+03   2.3742676e+01
   3.2450000e+03   3.1005859e+01
   5.4260000e+03   3.9306641e+01
   5.6660000e+03   3.2104492e+01
   6.0060000e+03   2.3864746e+01
   7.6000000e+03   2.3803711e+01
   7.6400000e+03   3.4973145e+01
   7.8110000e+03   2.5817871e+01
   7.9380000e+03   2.3681641e+01
   7.9690000e+03   3.3569336e+01
   8.1060000e+03   2.8076172e+01
   8.2160000e+03   2.8747559e+01
   8.2560000e+03   2.8381348e+01
   8.3160000e+03   2.5390625e+01
   8.3660000e+03   2.5573730e+01
   8.3980000e+03   4.1137695e+01
   8.4180000e+03   2.5878906e+01
   8.4700000e+03   2.5390625e+01
   8.5000000e+03   3.3752441e+01
   8.5190000e+03   3.0639648e+01
   8.5830000e+03   3.3935547e+01
   8.5950000e+03   2.4963379e+01
   8.7270000e+03   2.4475098e+01
   8.7910000e+03   2.9907227e+01
   8.8470000e+03   2.9113770e+01
   8.8730000e+03   2.6245117e+01
   8.9000000e+03   3.2470703e+01
   9.0080000e+03   2.4353027e+01
   9.2790000e+03   2.5695801e+01
   1.6815000e+04   2.5268555e+01
   1.7199000e+04   3.0273438e+01
   1.8728000e+04   3.0517578e+01
   1.8956000e+04   3.1250000e+01
   1.9153000e+04   2.7221680e+01
   1.9380000e+04   3.1860352e+01
   1.9652000e+04   2.4169922e+01
   2.1735000e+04   3.4729004e+01
   2.1938000e+04   3.7597656e+01
   2.2224000e+04   3.4301758e+01
   2.4800000e+04   3.4118652e+01
   2.4957000e+04   3.0883789e+01
   2.5082000e+04   2.3864746e+01
   2.5100000e+04   2.6672363e+01
   2.5229000e+04   3.0334473e+01
   2.5340000e+04   2.5634766e+01
   2.5361000e+04   2.7221680e+01
   2.5397000e+04   3.2714844e+01
   2.5429000e+04   3.4423828e+01
   2.5443000e+04   2.5085449e+01
   2.5475000e+04   2.5512695e+01
   2.5513000e+04   2.4047852e+01
   2.5588000e+04   2.4658203e+01
   2.5617000e+04   2.5573730e+01
   2.5635000e+04   2.8076172e+01
   2.5656000e+04   2.7648926e+01
   2.5666000e+04   2.7770996e+01
   2.5684000e+04   2.5268555e+01
   2.5759000e+04   3.0822754e+01
   2.5788000e+04   2.6794434e+01
   2.5817000e+04   2.4047852e+01
   2.5875000e+04   2.6123047e+01
   2.5952000e+04   2.6733398e+01
   2.6348000e+04   2.9602051e+01
   2.7000000e+04   2.3254395e+01
   3.4748000e+04   2.9174805e+01
   3.5016000e+04   3.1494141e+01
   3.6980000e+04   3.1127930e+01
   3.7173000e+04   2.4841309e+01
   3.7363000e+04   3.7475586e+01
   3.7523000e+04   2.6977539e+01
   3.7664000e+04   2.3925781e+01
   3.7804000e+04   2.4536133e+01
   3.7855000e+04   2.5695801e+01
   3.7928000e+04   2.5146484e+01
   3.8046000e+04   2.3498535e+01
   3.8157000e+04   2.5634766e+01
   3.8275000e+04   2.4230957e+01
   3.8525000e+04   2.3437500e+01
   3.8551000e+04   2.3681641e+01
   4.3284000e+04   2.8747559e+01
   4.3477000e+04   3.2226562e+01
   4.3708000e+04   2.9663086e+01
   4.6548000e+04   2.3437500e+01
   4.6637000e+04   2.3925781e+01
   4.6710000e+04   2.5756836e+01
   4.6881000e+04   3.6621094e+01
   4.7021000e+04   2.6428223e+01
   4.7213000e+04   2.4536133e+01
   4.7235000e+04   3.3691406e+01
   4.7282000e+04   2.5817871e+01
   4.7325000e+04   2.9907227e+01
   4.7431000e+04   3.3142090e+01
   4.7503000e+04   3.1616211e+01
   4.7542000e+04   2.7282715e+01
   4.7611000e+04   2.3437500e+01
   4.7651000e+04   2.5390625e+01
   4.7708000e+04   2.6733398e+01
   4.7728000e+04   2.5024414e+01
   4.7789000e+04   2.6000977e+01
   4.7991000e+04   2.4841309e+01
   5.8170000e+04   2.9602051e+01
   5.8357000e+04   3.2897949e+01
   5.8571000e+04   2.8198242e+01
   5.8810000e+04   3.0517578e+01
   5.9080000e+04   2.7465820e+01
   6.3398000e+04   2.9479980e+01
   6.3565000e+04   3.4973145e+01
   6.3691000e+04   3.4790039e+01
   6.3796000e+04   2.5939941e+01
   6.3836000e+04   2.8137207e+01
   6.3863000e+04   2.3498535e+01
   6.3891000e+04   2.7832031e+01
   6.3931000e+04   2.9541016e+01
   6.3949000e+04   2.6367188e+01
   6.3970000e+04   2.3315430e+01
   6.4067000e+04   2.6306152e+01
   6.4089000e+04   2.3559570e+01
   6.4110000e+04   2.4230957e+01
   6.4152000e+04   2.6245117e+01
   6.4179000e+04   2.4108887e+01
   6.4214000e+04   2.6184082e+01
   6.4251000e+04   3.2958984e+01
   6.4308000e+04   2.3742676e+01
   6.4330000e+04   2.4108887e+01
   6.4456000e+04   2.3620605e+01
   6.4474000e+04   2.4291992e+01
   6.4524000e+04   2.5817871e+01
   6.4563000e+04   2.7221680e+01
   6.4614000e+04   2.6916504e+01
   6.4731000e+04   2.5329590e+01
   6.4862000e+04   2.4230957e+01
   7.4582000e+04   2.5573730e+01
   7.8222000e+04   3.0761719e+01
   7.8375000e+04   2.4353027e+01
   7.8396000e+04   2.4230957e+01
   7.8417000e+04   2.6367188e+01
   7.8480000e+04   2.7160645e+01
   7.8522000e+04   2.3742676e+01
   7.8629000e+04   3.2409668e+01
   7.8657000e+04   2.5817871e+01
   7.8719000e+04   2.4658203e+01
   7.8741000e+04   2.4230957e+01
   7.8757000e+04   2.4169922e+01
   7.8806000e+04   3.2531738e+01
   7.8868000e+04   2.4108887e+01
   7.8928000e+04   2.6184082e+01
   7.8991000e+04   3.2104492e+01
   7.9001000e+04   2.9785156e+01
   7.9055000e+04   2.4047852e+01
   7.9088000e+04   2.5268555e+01
   7.9131000e+04   2.3376465e+01
   7.9143000e+04   2.6977539e+01
   7.9244000e+04   3.1921387e+01
   7.9360000e+04   2.7343750e+01
   7.9442000e+04   2.6245117e+01
   7.9533000e+04   2.4047852e+01
   9.0612000e+04   2.4291992e+01
   9.0797000e+04   2.4291992e+01
   9.0957000e+04   3.1921387e+01
   9.1096000e+04   2.7282715e+01
   9.1193000e+04   2.7954102e+01
   9.1229000e+04   2.6428223e+01
   9.1350000e+04   3.0639648e+01
   9.1474000e+04   2.4780273e+01
   9.1597000e+04   2.5878906e+01
   9.1871000e+04   2.4414062e+01
   9.6590000e+04   2.4780273e+01
   9.6768000e+04   2.5878906e+01
   9.6992000e+04   2.7038574e+01
   9.7164000e+04   2.7526855e+01
   9.7316000e+04   2.8747559e+01
   9.7483000e+04   3.2348633e+01
   9.7680000e+04   2.6489258e+01
   1.0276000e+05   2.4108887e+01
   1.0289600e+05   3.5034180e+01
   1.0291100e+05   2.6489258e+01
   1.0302200e+05   3.1555176e+01
   1.0304400e+05   3.1005859e+01
   1.0312000e+05   3.3752441e+01
   1.0328900e+05   2.5695801e+01
   1.0330500e+05   2.5024414e+01
   1.0333100e+05   2.7465820e+01
   1.0339700e+05   3.2165527e+01
   1.0341800e+05   2.3620605e+01
   1.0345700e+05   2.9479980e+01
   1.0346800e+05   2.7893066e+01
   1.0354600e+05   2.4536133e+01
   1.0378700e+05   2.3315430e+01
   1.0396600e+05   3.2104492e+01
   1.0403600e+05   2.5146484e+01
   1.0477200e+05   2.4597168e+01
   1.0488000e+05   2.6611328e+01
   1.0514800e+05   2.3620605e+01
   1.1778900e+05   2.8198242e+01
   1.1789300e+05   2.3437500e+01
   1.1792800e+05   3.3691406e+01
   1.1801900e+05   2.5573730e+01
   1.1804700e+05   2.8259277e+01
   1.1814800e+05   2.8991699e+01
   1.1817300e+05   2.4108887e+01
   1.1824300e+05   2.8076172e+01
   1.1834800e+05   2.8442383e+01
   1.1838000e+05   2.4841309e+01
   1.1840400e+05   2.9663086e+01
   1.1843700e+05   2.6855469e+01
   1.1846800e+05   2.5390625e+01
   1.1850400e+05   2.3925781e+01
   1.1858700e+05   2.7160645e+01
   1.1864100e+05   2.6794434e+01
   1.1868000e+05   2.4108887e+01
   1.1884800e+05   2.3254395e+01
   1.1905300e+05   2.7770996e+01
   1.3426900e+05   2.6123047e+01
   1.3435600e+05   2.3742676e+01
   1.3441900e+05   2.4536133e+01
   1.3444500e+05   2.3437500e+01
   1.3448300e+05   2.3742676e+01
   1.3452300e+05   2.6306152e+01
   1.3455100e+05   2.3376465e+01
   1.3461800e+05   2.8137207e+01
   1.3464600e+05   2.5573730e+01
   1.3465900e+05   2.3620605e+01
   1.3469100e+05   2.7221680e+01
   1.3476300e+05   3.3386230e+01
   1.3478000e+05   2.7099609e+01
   1.3480100e+05   2.5207520e+01
   1.3482900e+05   3.5949707e+01
   1.3485300e+05   2.6367188e+01
   1.3491000e+05   2.4780273e+01
   1.3493400e+05   2.7038574e+01
   1.3497700e+05   2.3864746e+01
   1.3502700e+05   2.8442383e+01
   1.3505000e+05   2.4658203e+01
   1.5935300e+05   2.9113770e+01
   1.5940900e+05   2.3925781e+01
   1.5947500e+05   3.2958984e+01
   1.5949000e+05   2.8320312e+01
   1.5954200e+05   2.7832031e+01
   1.5957000e+05   3.7658691e+01
   1.5965200e+05   2.8076172e+01
   1.5973000e+05   3.9306641e+01
   1.5978100e+05   2.8076172e+01
   1.5981300e+05   3.1677246e+01
   1.5984000e+05   2.3742676e+01
   1.5985400e+05   2.3437500e+01
   1.5991200e+05   2.6733398e+01
   1.6000300e+05   2.3559570e+01
   1.6002500e+05   2.6184082e+01
   1.6005900e+05   2.4475098e+01
   1.6022100e+05   2.5451660e+01
   1.6025100e+05   2.4230957e+01
   1.6035800e+05   2.6123047e+01
   1.6047100e+05   2.3254395e+01
   1.6147300e+05   2.3437500e+01
   1.8693800e+05   3.4118652e+01
   1.8706000e+05   2.8991699e+01
   1.8708100e+05   2.3315430e+01
   1.8715600e+05   3.4423828e+01
   1.8717100e+05   3.2958984e+01
   1.8718400e+05   2.5451660e+01
   1.8719600e+05   3.1250000e+01
   1.8723000e+05   2.9418945e+01
   1.8727600e+05   2.9418945e+01
   1.8729700e+05   2.5268555e+01
   1.8731400e+05   2.5207520e+01
   1.8733600e+05   3.3386230e+01
   1.8735700e+05   2.4047852e+01
   1.8740900e+05   2.4902344e+01
   1.8746200e+05   2.7038574e+01
   1.8757800e+05   2.3803711e+01
   1.8759600e+05   2.4108887e+01
   1.8771100e+05   2.3315430e+01
   1.8775400e+05   2.4230957e+01
   1.8788500e+05   2.4597168e+01
   1.8794900e+05   2.4230957e+01
   1.8838300e+05   2.3437500e+01
   1.8848100e+05   2.4047852e+01
   6.1717400e+05   3.4851074e+01
   6.1722500e+05   2.3315430e+01
   6.1726300e+05   2.5695801e+01
   6.1728200e+05   4.3395996e+01
   6.1730200e+05   2.5878906e+01
   6.1732600e+05   2.5817871e+01
   6.1734000e+05   4.3640137e+01
   6.1735900e+05   2.3681641e+01
   6.1738200e+05   2.4414062e+01
   6.1739700e+05   2.5024414e+01
   6.1741200e+05   3.0029297e+01
   6.1742200e+05   2.3803711e+01
   6.1743300e+05   3.5217285e+01
   6.1745600e+05   3.4667969e+01
   6.1750000e+05   2.5939941e+01
   6.1752400e+05   2.4536133e+01
   6.1761900e+05   2.3681641e+01
   6.1765500e+05   2.5939941e+01
   6.1771600e+05   2.5207520e+01
   6.1785000e+05   2.3620605e+01
   6.1790500e+05   2.3803711e+01
   6.1826200e+05   2.7099609e+01
   6.1829400e+05   2.4719238e+01
   6.1836000e+05   2.5268555e+01
   6.1851400e+05   2.3254395e+01
   6.1858800e+05   2.3986816e+01
   6.1870000e+05   2.4475098e+01
   6.1873400e+05   2.4230957e+01
   6.1877600e+05   2.4536133e+01
   6.1921600e+05   2.3620605e+01
   7.9657900e+05   3.6193848e+01
   7.9663000e+05   2.6428223e+01
   7.9664900e+05   2.5817871e+01
   7.9666800e+05   5.3100586e+01
   7.9671300e+05   3.4423828e+01
   7.9672400e+05   2.9724121e+01
   7.9675300e+05   2.6855469e+01
   7.9676700e+05   4.1198730e+01
   7.9679800e+05   3.0517578e+01
   7.9682000e+05   3.3630371e+01
   7.9686200e+05   3.4545898e+01
   7.9689700e+05   2.4291992e+01
   7.9695000e+05   2.9357910e+01
   7.9698800e+05   2.4353027e+01
   7.9700400e+05   2.6367188e+01
   7.9704600e+05   3.3386230e+01
   7.9707800e+05   2.4047852e+01
   7.9712000e+05   3.1921387e+01
   7.9716600e+05   2.4780273e+01
   7.9719800e+05   2.4414062e+01
   7.9724000e+05   2.7954102e+01
   7.9734800e+05   2.8686523e+01
   7.9750900e+05   2.4841309e+01
   7.9764900e+05   2.4597168e+01
   7.9773300e+05   2.5878906e+01
   7.9809700e+05   2.3986816e+01
   7.9839700e+05   2.4597168e+01
   7.9841200e+05   2.7282715e+01
   7.9843300e+05   2.9113770e+01
   7.9854200e+05   2.5390625e+01
   7.9864500e+05   2.3498535e+01
   7.9877900e+05   2.3315430e+01
   8.1110600e+05   4.0344238e+01
   8.1112200e+05   2.7587891e+01
   8.1119800e+05   2.6062012e+01
   8.1122200e+05   4.5715332e+01
   8.1128900e+05   2.6550293e+01
   8.1131000e+05   2.9846191e+01
   8.1134200e+05   2.6672363e+01
   8.1137200e+05   2.9907227e+01
   8.1138400e+05   2.8564453e+01
   8.1142500e+05   2.4536133e+01
   8.1144900e+05   2.8503418e+01
   8.1146200e+05   2.5939941e+01
   8.1149700e+05   2.9541016e+01
   8.1152700e+05   2.3559570e+01
   8.1155300e+05   3.1982422e+01
   8.1161200e+05   3.0822754e+01
   8.1165100e+05   2.4047852e+01
   8.1167600e+05   2.5756836e+01
   8.1170300e+05   2.7465820e+01
   8.1183000e+05   2.3681641e+01
   8.1191600e+05   2.7465820e+01
   8.1194900e+05   2.4414062e+01
   8.1225400e+05   2.3498535e+01
   8.1238800e+05   2.3986816e+01
   8.1262500e+05   2.5573730e+01
   8.1305600e+05   2.4108887e+01
   8.1345800e+05   2.5939941e+01
   8.1820100e+05   2.3559570e+01
   8.1906900e+05   2.4719238e+01
   8.2079200e+05   2.7893066e+01
   8.2086700e+05   2.3986816e+01
   8.2097200e+05   3.3203125e+01
   8.2110300e+05   2.5024414e+01
   8.2112600e+05   3.8696289e+01
   8.2125900e+05   2.8625488e+01
   8.2128200e+05   2.3986816e+01
   8.2130500e+05   2.4963379e+01
   8.2136400e+05   2.8869629e+01
   8.2145300e+05   2.9174805e+01
   8.2154200e+05   2.4719238e+01
   8.2155400e+05   2.3315430e+01
   8.2158700e+05   3.0578613e+01
   8.2161800e+05   3.8696289e+01
   8.2164200e+05   2.3376465e+01
   8.2166900e+05   2.7648926e+01
   8.2169100e+05   3.5339355e+01
   8.2172900e+05   2.4841309e+01
   8.2180400e+05   3.0822754e+01
   8.2182700e+05   2.4108887e+01
   8.2185300e+05   2.9785156e+01
   8.2186600e+05   2.3376465e+01
   8.2189500e+05   2.8869629e+01
   8.2191900e+05   2.7709961e+01
   8.2197600e+05   3.0578613e+01
   8.2206300e+05   2.3315430e+01
   8.2209800e+05   2.4353027e+01
   8.2213700e+05   2.6000977e+01
   8.2216000e+05   2.3376465e+01
   8.2217900e+05   2.3376465e+01
   8.2228200e+05   3.0334473e+01
   8.2230500e+05   2.4353027e+01
   8.2258800e+05   2.3254395e+01
   8.2923600e+05   2.7832031e+01
   8.2970000e+05   2.7465820e+01
   8.3116200e+05   3.6315918e+01
   8.3138000e+05   3.4545898e+01
   8.3160400e+05   3.0883789e+01
   8.3182800e+05   2.6611328e+01
   8.3207800e+05   3.3325195e+01
   8.3242300e+05   3.1005859e+01
   8.3617100e+05   3.3325195e+01
   8.3623300e+05   2.3986816e+01
   8.3632600e+05   3.2836914e+01
   8.3646100e+05   2.5085449e+01
   8.3647600e+05   2.3986816e+01
   8.3649300e+05   2.3254395e+01
   8.3652700e+05   2.3986816e+01
   8.3657400e+05   2.7526855e+01
   8.3667200e+05   2.4902344e+01
   8.3671900e+05   2.5329590e+01
   8.3672900e+05   2.7404785e+01
   8.3675300e+05   2.5085449e+01
   8.3679600e+05   2.7832031e+01
   8.3685400e+05   2.5451660e+01
   8.3689100e+05   2.6794434e+01
   8.3691800e+05   2.3986816e+01
   8.3698700e+05   3.0700684e+01
   8.3704300e+05   2.5756836e+01
   8.3709500e+05   2.9357910e+01
   8.3717200e+05   2.5024414e+01
   8.3722800e+05   2.3803711e+01
   8.3725400e+05   2.4414062e+01
   8.3739600e+05   2.7221680e+01
   8.3758300e+05   2.4291992e+01
   8.3767500e+05   2.3681641e+01
   8.3785000e+05   2.3681641e+01
   8.3837700e+05   2.6611328e+01
   8.4480700e+05   3.5888672e+01
   8.4513000e+05   3.1372070e+01
   8.4787300e+05   2.5939941e+01
   8.4827500e+05   2.7893066e+01
   8.4853600e+05   3.3203125e+01
   8.4870500e+05   2.7709961e+01
   8.4886100e+05   4.1015625e+01
   8.4889500e+05   2.5451660e+01
   8.4897400e+05   3.1982422e+01
   8.4903600e+05   2.3437500e+01
   8.4905800e+05   2.7526855e+01
   8.4910300e+05   2.7465820e+01
   8.4913300e+05   2.4841309e+01
   8.4916800e+05   3.0700684e+01
   8.4923200e+05   2.4047852e+01
   8.4925200e+05   2.8381348e+01
   8.4938500e+05   2.7160645e+01
   8.4940900e+05   2.7099609e+01
   8.4945200e+05   2.6245117e+01
   8.4948600e+05   2.6794434e+01
   8.4952600e+05   2.7404785e+01
   8.4958800e+05   2.3864746e+01
   8.4969000e+05   3.0212402e+01
   8.4978400e+05   2.3559570e+01
   8.4979500e+05   2.4841309e+01
   8.4994400e+05   2.3559570e+01
   8.4999700e+05   2.4047852e+01
   8.5006500e+05   2.7893066e+01
   8.5015100e+05   2.6184082e+01
   8.5060200e+05   2.4169922e+01
   8.5658800e+05   2.9785156e+01
   8.5766200e+05   3.3386230e+01
   8.5997900e+05   2.9052734e+01
   8.6030600e+05   2.6489258e+01
   8.6052000e+05   3.7597656e+01
   8.6065200e+05   2.7465820e+01
   8.6069200e+05   4.1870117e+01
   8.6081300e+05   2.8686523e+01
   8.6088600e+05   3.1127930e+01
   8.6092100e+05   3.0883789e+01
   8.6102800e+05   2.7282715e+01
   8.6109100e+05   2.6489258e+01
   8.6112700e+05   2.7526855e+01
   8.6118300e+05   2.4841309e+01
   8.6119300e+05   3.7231445e+01
   8.6127300e+05   2.3925781e+01
   8.6135200e+05   2.4047852e+01
   8.6141000e+05   2.3315430e+01
   8.6154400e+05   2.6489258e+01
   8.6159000e+05   2.7038574e+01
   8.6174300e+05   2.5024414e+01
   8.6175900e+05   3.0700684e+01
   8.6179900e+05   2.4230957e+01
   8.6187100e+05   2.5451660e+01
   8.6196400e+05   2.3986816e+01
   8.6217800e+05   2.5451660e+01
   8.6871700e+05   2.9235840e+01
   8.7204100e+05   2.3315430e+01
   8.7224900e+05   2.9296875e+01
   8.7240300e+05   3.2775879e+01
   8.7242300e+05   2.3376465e+01
   8.7251300e+05   2.6000977e+01
   8.7255800e+05   2.9724121e+01
   8.7262400e+05   3.2836914e+01
   8.7272100e+05   3.2836914e+01
   8.7285700e+05   2.5939941e+01
   8.7294100e+05   3.1372070e+01
   8.7298000e+05   2.4902344e+01
   8.7299700e+05   2.8381348e+01
   8.7307500e+05   2.3559570e+01
   8.7311400e+05   2.5451660e+01
   8.7323700e+05   3.5461426e+01
   8.7330100e+05   2.5329590e+01
   8.7333400e+05   2.4047852e+01
   8.7343500e+05   2.9174805e+01
   8.7360000e+05   2.4230957e+01
   8.7377000e+05   2.4963379e+01
   8.7386700e+05   2.4597168e+01
   8.7419100e+05   2.3681641e+01
   8.8227800e+05   3.0944824e+01
   8.8456900e+05   2.8869629e+01
   8.8485200e+05   2.7282715e+01
   8.8494600e+05   2.3986816e+01
   8.8499400e+05   2.6794434e+01
   8.8500600e+05   2.5146484e+01
   8.8508800e+05   3.1494141e+01
   8.8510100e+05   3.2653809e+01
   8.8515200e+05   2.4658203e+01
   8.8520400e+05   3.0822754e+01
   8.8529200e+05   2.5329590e+01
   8.8534700e+05   3.9123535e+01
   8.8538500e+05   2.5390625e+01
   8.8543600e+05   2.6123047e+01
   8.8545700e+05   2.6062012e+01
   8.8549400e+05   2.7343750e+01
   8.8551800e+05   2.3742676e+01
   8.8553700e+05   2.4475098e+01
   8.8558800e+05   2.4841309e+01
   8.8561100e+05   2.3925781e+01
   8.8566400e+05   2.7404785e+01
   8.8574700e+05   2.3498535e+01
   8.8598700e+05   2.4597168e+01
   8.9665500e+05   2.8259277e+01
   8.9682100e+05   2.5817871e+01
   8.9683700e+05   3.3142090e+01
   8.9698400e+05   2.5146484e+01
   8.9705500e+05   2.6550293e+01
   8.9707700e+05   2.5451660e+01
   8.9717200e+05   2.3620605e+01
   8.9720100e+05   2.6367188e+01
   8.9723500e+05   2.5390625e+01
   8.9724900e+05   2.4230957e+01
   8.9727700e+05   2.3864746e+01
   8.9729800e+05   2.8625488e+01
   8.9738600e+05   2.8381348e+01
   8.9746500e+05   2.4780273e+01
   8.9749700e+05   2.3559570e+01
   8.9756200e+05   2.6245117e+01
   8.9767200e+05   2.7709961e+01
   8.9810800e+05   2.3620605e+01
   9.0870400e+05   2.9357910e+01
   9.0893200e+05   3.5217285e+01
   9.0906400e+05   2.8198242e+01
   9.0908800e+05   2.4536133e+01
   9.0916000e+05   2.4963379e+01
   9.0917800e+05   4.5288086e+01
   9.0926200e+05   2.4597168e+01
   9.0927600e+05   2.6062012e+01
   9.0931900e+05   2.3864746e+01
   9.0935900e+05   2.5146484e+01
   9.0938900e+05   2.7526855e+01
   9.0941700e+05   2.3986816e+01
   9.0946200e+05   2.3803711e+01
   9.0950400e+05   2.8137207e+01
   9.0954400e+05   2.3437500e+01
   9.0963000e+05   2.6611328e+01
   9.0981200e+05   2.3376465e+01
   9.0993300e+05   2.7832031e+01
   9.2044800e+05   2.8564453e+01
   9.2062200e+05   2.7404785e+01
   9.2069600e+05   2.3254395e+01
   9.2074000e+05   2.3437500e+01
   9.2075000e+05   2.7587891e+01
   9.2084800e+05   2.5268555e+01
   9.2090600e+05   2.4414062e+01
   9.2094300e+05   2.3864746e+01
   9.2102500e+05   2.5817871e+01
   9.2109300e+05   2.5329590e+01
   9.2113400e+05   2.3925781e+01
   9.2119600e+05   2.8259277e+01
   9.2124500e+05   2.3376465e+01
   9.2129000e+05   2.6794434e+01
   9.2139600e+05   2.6306152e+01
   9.2145800e+05   2.4780273e+01
   9.2148500e+05   2.5329590e+01
   9.2152000e+05   2.3742676e+01
   9.3083800e+05   3.5095215e+01
   9.3101600e+05   2.9785156e+01
   9.3112900e+05   3.4973145e+01
   9.3124100e+05   2.3742676e+01
   9.3130200e+05   2.4902344e+01
   9.3144400e+05   2.5939941e+01
   9.3160700e+05   2.7038574e+01
   9.3168300e+05   2.7282715e+01
   9.3172500e+05   2.3315430e+01
   9.3939000e+05   3.0151367e+01
   9.3953700e+05   3.1982422e+01
   9.3961400e+05   2.4108887e+01
   9.3964600e+05   4.0283203e+01
   9.3970100e+05   2.6855469e+01
   9.3974200e+05   2.3620605e+01
   9.3989300e+05   2.4475098e+01
   9.3997400e+05   2.4353027e+01
   9.4001200e+05   2.3620605e+01
   9.4003600e+05   2.4902344e+01
   9.4022600e+05   2.4475098e+01
   9.4836900e+05   2.3742676e+01
   9.4851800e+05   3.0029297e+01
   9.4862000e+05   3.1921387e+01
   9.4864800e+05   2.5085449e+01
   9.4868100e+05   2.4291992e+01
   9.4870400e+05   2.3803711e+01
   9.4871700e+05   3.2775879e+01
   9.4889100e+05   2.6977539e+01
   9.4899500e+05   2.5878906e+01
   9.4903000e+05   2.4414062e+01
   9.4908300e+05   2.5939941e+01
   9.4920300e+05   2.5573730e+01
   9.4925100e+05   3.3935547e+01
   9.4935200e+05   2.4108887e+01
   9.4938200e+05   2.9418945e+01
   9.4952300e+05   2.6855469e+01
   9.5821000e+05   3.6132812e+01
   9.5834800e+05   2.8015137e+01
   9.5838400e+05   3.3874512e+01
   9.5842100e+05   2.5207520e+01
   9.5846000e+05   2.9602051e+01
   9.5847200e+05   2.3498535e+01
   9.5857100e+05   2.4658203e+01
   9.5864200e+05   2.7770996e+01
   9.5867100e+05   3.9733887e+01
   9.5898300e+05   2.4047852e+01
   9.5925200e+05   2.6306152e+01
   9.5942700e+05   2.4963379e+01
   9.6716600e+05   3.5705566e+01
   9.6725800e+05   2.8137207e+01
   9.6729600e+05   3.8330078e+01
   9.6734800e+05   2.5512695e+01
   9.6740400e+05   2.9785156e+01
   9.6747800e+05   2.6123047e+01
   9.6750400e+05   3.0700684e+01
   9.6759300e+05   2.7770996e+01
   9.6767000e+05   3.3508301e+01
   9.6774900e+05   2.8137207e+01
   9.6785900e+05   2.5085449e+01
   9.6789600e+05   3.3447266e+01
   9.6792100e+05   2.4475098e+01
   9.6797700e+05   2.4536133e+01
   9.6808300e+05   2.3376465e+01
   9.6813500e+05   2.7282715e+01
   9.6818600e+05   2.4414062e+01
   9.6844600e+05   2.4597168e+01
   9.7917000e+05   2.5878906e+01
   9.7927500e+05   2.9418945e+01
   9.7937300e+05   2.4353027e+01
   9.7939200e+05   2.6306152e+01
   9.7947200e+05   2.4414062e+01
   9.7968900e+05   2.4963379e+01
   9.7973400e+05   2.3437500e+01
   9.7976000e+05   2.3742676e+01
   9.7984500e+05   2.4108887e+01
   9.7997400e+05   2.6550293e+01
   9.8006700e+05   2.3620605e+01
   9.8885600e+05   2.9785156e+01
   9.8896800e+05   2.6977539e+01
   9.8907100e+05   3.1250000e+01
   9.8908400e+05   2.4291992e+01
   9.8911800e+05   2.3254395e+01
   9.8917900e+05   2.5024414e+01
   9.8925600e+05   2.4780273e+01
   9.8928400e+05   2.5512695e+01
   9.8934300e+05   2.4414062e+01
   9.8940100e+05   2.4230957e+01
   9.8941200e+05   2.4780273e+01
   9.8943200e+05   2.7954102e+01
   9.8951300e+05   2.7648926e+01
   9.8957400e+05   2.8991699e+01
   9.8973100e+05   2.7221680e+01
   9.8975300e+05   2.6306152e+01
   9.8996500e+05   2.3376465e+01
   1.0008410e+06   2.5512695e+01
   1.0008660e+06   4.3518066e+01
   1.0009500e+06   2.6062012e+01
   1.0009760e+06   4.1931152e+01
   1.0010770e+06   3.0578613e+01
   1.0011120e+06   2.3559570e+01
   1.0011400e+06   2.3498535e+01
   1.0011780e+06   2.5878906e+01
   1.0013220e+06   2.3254395e+01
   1.0013830e+06   2.8015137e+01
   1.0014710e+06   2.8442383e+01
   1.0015010e+06   2.4841309e+01
   1.0017090e+06   2.3864746e+01
   1.0018410e+06   2.6123047e+01
   1.0018880e+06   2.4719238e+01
   1.0020870e+06   3.0639648e+01
   1.0185120e+06   2.8930664e+01
   1.0185750e+06   2.3681641e+01
   1.0186150e+06   2.6855469e+01
   1.0186400e+06   2.4169922e+01
   1.0186840e+06   2.3315430e+01
   1.0187000e+06   2.4963379e+01
   1.0187340e+06   2.5634766e+01
   1.0187840e+06   2.4414062e+01
   1.0188040e+06   2.4719238e+01
   1.0188940e+06   2.5024414e+01
   1.0189110e+06   2.4475098e+01
   1.0189940e+06   3.0395508e+01
   1.0190220e+06   2.5573730e+01
   1.0190710e+06   2.7221680e+01
   1.0191140e+06   2.3559570e+01
   1.0192600e+06   2.3986816e+01
   1.0193140e+06   2.5085449e+01
   1.0201870e+06   2.6062012e+01
   1.0431060e+06   3.4240723e+01
   1.0431880e+06   2.3437500e+01
   1.0432250e+06   3.1677246e+01
   1.0432800e+06   3.0761719e+01
   1.0433170e+06   2.7038574e+01
   1.0433430e+06   2.3803711e+01
   1.0433870e+06   2.4169922e+01
   1.0434080e+06   2.4536133e+01
   1.0434570e+06   3.4729004e+01
   1.0435160e+06   2.4291992e+01
   1.0435360e+06   2.3376465e+01
   1.0435600e+06   3.1860352e+01
   1.0435700e+06   3.2226562e+01
   1.0436040e+06   2.5756836e+01
   1.0436310e+06   2.3315430e+01
   1.0436730e+06   2.3437500e+01
   1.0437820e+06   2.4230957e+01
   1.0438300e+06   2.6550293e+01
   1.0439360e+06   2.5207520e+01
   1.0439940e+06   2.4047852e+01
   1.0440490e+06   2.3742676e+01
   1.0440800e+06   2.4536133e+01
   1.0442680e+06   2.4658203e+01
   1.0444240e+06   2.4291992e+01
   1.0447370e+06   2.4353027e+01
   1.0453490e+06   2.4841309e+01
   1.0777840e+06   3.6621094e+01
   1.0778770e+06   2.3376465e+01
   1.0779040e+06   2.7770996e+01
   1.0779200e+06   2.4841309e+01
   1.0779720e+06   2.8198242e+01
   1.0779920e+06   3.1005859e+01
   1.0780090e+06   3.5339355e+01
   1.0780420e+06   2.3376465e+01
   1.0780630e+06   2.7770996e+01
   1.0781010e+06   2.4536133e+01
   1.0781170e+06   2.5512695e+01
   1.0781490e+06   3.4118652e+01
   1.0781700e+06   2.3315430e+01
   1.0781970e+06   2.8747559e+01
   1.0782270e+06   2.9785156e+01
   1.0782730e+06   2.6672363e+01
   1.0782880e+06   2.4780273e+01
   1.0783300e+06   2.4291992e+01
   1.0784170e+06   2.8015137e+01
   1.0784510e+06   2.4902344e+01
   1.0784870e+06   2.5085449e+01
   1.0788740e+06   3.2104492e+01
   1.0790390e+06   2.4780273e+01
   1.0790720e+06   2.5207520e+01
   1.0795410e+06   2.3620605e+01
   1.0800020e+06   2.8625488e+01
   1.5300120e+06   2.9418945e+01
   1.5300420e+06   2.3315430e+01
   1.5300740e+06   3.4423828e+01
   1.5300960e+06   2.6489258e+01
   1.5301130e+06   3.8330078e+01
   1.5301330e+06   2.8747559e+01
   1.5301940e+06   2.3742676e+01
   1.5302110e+06   2.8381348e+01
   1.5302250e+06   3.6621094e+01
   1.5302560e+06   3.0029297e+01
   1.5302980e+06   2.5878906e+01
   1.5303280e+06   2.7282715e+01
   1.5303770e+06   2.5512695e+01
   1.5304000e+06   2.8503418e+01
   1.5305340e+06   2.6245117e+01
   1.5305950e+06   2.6367188e+01
   1.5310030e+06   2.6550293e+01
   1.5310650e+06   2.6306152e+01
   1.5312630e+06   2.6306152e+01
   1.5321170e+06   2.3254395e+01
   1.5323680e+06   2.6550293e+01
   1.5325080e+06   2.6428223e+01
   1.7200330e+06   3.4606934e+01
   1.7200970e+06   2.7709961e+01
   1.7201100e+06   2.5329590e+01
   1.7201400e+06   3.2104492e+01
   1.7201670e+06   2.5207520e+01
   1.7201960e+06   3.5339355e+01
   1.7202070e+06   3.0517578e+01
   1.7202500e+06   2.6977539e+01
   1.7202650e+06   2.6123047e+01
   1.7202900e+06   4.0161133e+01
   1.7203080e+06   2.9602051e+01
   1.7203320e+06   2.4475098e+01
   1.7203560e+06   3.6193848e+01
   1.7204050e+06   2.5878906e+01
   1.7204490e+06   3.1555176e+01
   1.7204960e+06   2.3681641e+01
   1.7208220e+06   2.3864746e+01
   1.7209020e+06   2.3742676e+01
   1.7211610e+06   2.4353027e+01
   1.7215990e+06   2.3986816e+01
   1.7216210e+06   2.6428223e+01
   1.7217820e+06   2.3864746e+01
   1.7220670e+06   3.0456543e+01
   1.7309620e+06   2.5695801e+01
   1.7309730e+06   4.1992188e+01
   1.7310370e+06   2.4597168e+01
   1.7310990e+06   4.1076660e+01
   1.7311300e+06   2.6428223e+01
   1.7311670e+06   2.7465820e+01
   1.7311940e+06   4.3884277e+01
   1.7312420e+06   2.9846191e+01
   1.7312620e+06   2.7648926e+01
   1.7312780e+06   3.0761719e+01
   1.7312960e+06   2.4108887e+01
   1.7313200e+06   2.5024414e+01
   1.7313450e+06   2.6672363e+01
   1.7313710e+06   2.9968262e+01
   1.7313900e+06   2.4291992e+01
   1.7314200e+06   2.4719238e+01
   1.7314560e+06   3.2287598e+01
   1.7315020e+06   2.6916504e+01
   1.7316080e+06   2.3437500e+01
   1.7318770e+06   2.7038574e+01
   1.7319400e+06   2.4291992e+01
   1.7320700e+06   2.4108887e+01
   1.7321610e+06   2.3254395e+01
   1.7322730e+06   2.4353027e+01
   1.7323200e+06   2.4291992e+01
   1.7323690e+06   2.6916504e+01
   1.7328790e+06   2.3376465e+01
   1.7329070e+06   2.3620605e+01
   1.7334230e+06   3.1494141e+01
   1.7405000e+06   3.3691406e+01
   1.7407590e+06   3.0944824e+01
   1.7410630e+06   3.0151367e+01
   1.7413370e+06   3.1677246e+01
   1.7415950e+06   3.0761719e+01
   1.7442230e+06   2.9174805e+01
   1.7443460e+06   2.6855469e+01
   1.7444220e+06   2.6550293e+01
   1.7444400e+06   2.4841309e+01
   1.7445920e+06   2.7160645e+01
   1.7446060e+06   3.4973145e+01
   1.7447870e+06   3.2897949e+01
   1.7448270e+06   2.3742676e+01
   1.7449770e+06   3.5278320e+01
   1.7451320e+06   2.3803711e+01
   1.7451750e+06   2.7526855e+01
   1.7453790e+06   2.4719238e+01
   1.7480520e+06   2.8625488e+01
   1.7509650e+06   3.0090332e+01
   1.7510130e+06   2.3620605e+01
   1.7511380e+06   2.3437500e+01
   1.7511790e+06   2.7587891e+01
   1.7513550e+06   3.2165527e+01
   1.7513660e+06   2.4047852e+01
   1.7515120e+06   2.8015137e+01
   1.7515280e+06   2.5390625e+01
   1.7516390e+06   2.6306152e+01
   1.7517370e+06   2.3803711e+01
   1.7517540e+06   2.9907227e+01
   1.7517860e+06   2.8137207e+01
   1.7518260e+06   3.3386230e+01
   1.7518650e+06   2.7954102e+01
   1.7518990e+06   3.1188965e+01
   1.7519260e+06   2.3925781e+01
   1.7519610e+06   3.1677246e+01
   1.7519870e+06   4.0588379e+01
   1.7521040e+06   2.6367188e+01
   1.7521560e+06   2.7404785e+01
   1.7521830e+06   3.8818359e+01
   1.7522780e+06   2.8503418e+01
   1.7523110e+06   2.3559570e+01
   1.7526010e+06   2.7770996e+01
   1.7529380e+06   2.3437500e+01
   1.7535270e+06   2.3254395e+01
   1.7601380e+06   3.5949707e+01
   1.7603760e+06   2.4597168e+01
   1.7624820e+06   2.7832031e+01
   1.7627510e+06   3.1677246e+01
   1.7629850e+06   3.7048340e+01
   1.7633410e+06   3.0700684e+01
   1.7660930e+06   2.6123047e+01
   1.7662910e+06   3.3630371e+01
   1.7665240e+06   2.9052734e+01
   1.7668040e+06   3.6315918e+01
   1.7694910e+06   3.3752441e+01
   1.7697410e+06   3.2348633e+01
   1.7700900e+06   2.8564453e+01
   1.7705480e+06   2.7954102e+01
   1.7730840e+06   3.6560059e+01
   1.7756160e+06   3.0212402e+01
   1.7758160e+06   3.2165527e+01
   1.7759990e+06   3.2409668e+01
   1.7761600e+06   2.4597168e+01
   1.7763120e+06   3.2531738e+01
   1.7763690e+06   2.4536133e+01
   1.7764320e+06   2.9479980e+01
   1.7764510e+06   2.4414062e+01
   1.7764720e+06   2.3559570e+01
   1.7765210e+06   2.9968262e+01
   1.7765740e+06   2.4414062e+01
   1.7766270e+06   2.3315430e+01
   1.7767170e+06   2.3376465e+01
   1.7767480e+06   3.2043457e+01
   1.7767620e+06   2.5817871e+01
   1.7767890e+06   2.6489258e+01
   1.7768020e+06   2.7893066e+01
   1.7768320e+06   2.6000977e+01
   1.7768610e+06   2.8869629e+01
   1.7769100e+06   3.2897949e+01
   1.7769430e+06   2.4841309e+01
   1.7769650e+06   2.5146484e+01
   1.7770230e+06   2.5268555e+01
   1.7770510e+06   2.7832031e+01
   1.7771550e+06   2.7465820e+01
   1.7772260e+06   2.3559570e+01
   1.7772360e+06   2.3620605e+01
   1.7773540e+06   2.5512695e+01
   1.7774460e+06   2.8259277e+01
   1.7776080e+06   2.5024414e+01
   1.7777000e+06   2.6611328e+01
   1.7777880e+06   2.3437500e+01
   1.7784670e+06   2.3559570e+01
   1.7872070e+06   3.5583496e+01
   1.7874740e+06   3.1982422e+01
   1.7896790e+06   3.5583496e+01
   1.7897590e+06   2.5573730e+01
   1.7899130e+06   3.2104492e+01
   1.7932600e+06   2.3803711e+01
   1.7932930e+06   2.3254395e+01
   1.7934480e+06   3.8635254e+01
   1.7936300e+06   3.7597656e+01
   1.7937830e+06   2.7954102e+01
   1.7938670e+06   2.5024414e+01
   1.7939100e+06   2.5390625e+01
   1.7939920e+06   2.5451660e+01
   1.7941050e+06   2.9602051e+01
   1.7941490e+06   2.3803711e+01
   1.7941680e+06   2.4475098e+01
   1.7941930e+06   3.7048340e+01
   1.7942400e+06   2.3315430e+01
   1.7942650e+06   2.6489258e+01
   1.7943250e+06   3.1555176e+01
   1.7943630e+06   2.6977539e+01
   1.7944020e+06   2.4536133e+01
   1.7944350e+06   3.2470703e+01
   1.7944770e+06   2.4414063e+01
   1.7945340e+06   2.4658203e+01
   1.7948060e+06   3.0029297e+01
   1.7949480e+06   2.3681641e+01
   1.7950190e+06   3.2226563e+01
   1.7952580e+06   2.4475098e+01
   1.7958080e+06   2.8259277e+01
   1.7960260e+06   2.4719238e+01
   1.8057180e+06   3.1921387e+01
   1.8085080e+06   3.0822754e+01
   1.8087420e+06   3.4973145e+01
   1.8089910e+06   3.1555176e+01
   1.8117210e+06   2.7526855e+01
   1.8118030e+06   2.4841309e+01
   1.8119440e+06   2.5695801e+01
   1.8121810e+06   3.4606934e+01
   1.8123930e+06   3.1616211e+01
   1.8126860e+06   2.3681641e+01
   1.8158980e+06   2.5634766e+01
   1.8159830e+06   2.4780273e+01
   1.8160840e+06   3.2470703e+01
   1.8163780e+06   2.7038574e+01
   1.8203150e+06   2.4047852e+01
   1.8203280e+06   3.1799316e+01
   1.8204980e+06   3.9611816e+01
   1.8206920e+06   3.0883789e+01
   1.8208770e+06   3.0578613e+01
   1.8210480e+06   2.9113770e+01
   1.8212000e+06   2.8625488e+01
   1.8213520e+06   3.1250000e+01
   1.8214800e+06   2.7770996e+01
   1.8215170e+06   2.5451660e+01
   1.8215930e+06   2.5390625e+01
   1.8216120e+06   3.2531738e+01
   1.8217510e+06   2.9052734e+01
   1.8219610e+06   2.7709961e+01
   1.8259630e+06   2.8320312e+01
   1.8300410e+06   3.0334473e+01
   1.8302590e+06   2.9113770e+01
   1.8305660e+06   3.1127930e+01
   1.8350550e+06   2.7221680e+01
   1.8351030e+06   2.6367188e+01
   1.8352630e+06   3.9855957e+01
   1.8354440e+06   3.3020020e+01
   1.8356350e+06   2.7587891e+01
   1.8358220e+06   2.9052734e+01
   1.8400460e+06   3.9123535e+01
   1.8400830e+06   2.8869629e+01
   1.8401720e+06   2.5146484e+01
   1.8405520e+06   3.6865234e+01
   1.8447980e+06   2.5146484e+01
   1.8448350e+06   3.3203125e+01
   1.8449820e+06   2.7648926e+01
   1.8450240e+06   3.0151367e+01
   1.8452350e+06   2.9907227e+01
   1.8492060e+06   3.8757324e+01
   1.8494280e+06   3.0395508e+01
   1.8532970e+06   2.7038574e+01
   1.8533340e+06   2.3376465e+01
   1.8585610e+06   2.8869629e+01
   1.8585760e+06   4.0283203e+01
   1.8587030e+06   2.3864746e+01
   1.8587660e+06   3.5400391e+01
   1.8589330e+06   3.2104492e+01
   1.8590920e+06   3.0212402e+01
   1.8592060e+06   3.2470703e+01
   1.8592660e+06   2.7709961e+01
   1.8593010e+06   2.7160645e+01
   1.8593280e+06   2.4291992e+01
   1.8593580e+06   2.6489258e+01
   1.8593730e+06   2.6733398e+01
   1.8593980e+06   2.5817871e+01
   1.8594260e+06   3.2470703e+01
   1.8594570e+06   2.3986816e+01
   1.8594870e+06   2.9968262e+01
   1.8595100e+06   3.4423828e+01
   1.8595960e+06   2.5512695e+01
   1.8596280e+06   2.3254395e+01
   1.8596650e+06   2.9174805e+01
   1.8597040e+06   2.3315430e+01
   1.8597490e+06   2.9235840e+01
   1.8597850e+06   2.4475098e+01
   1.8598510e+06   2.6306152e+01
   1.8599950e+06   2.5878906e+01
   1.8600190e+06   2.4841309e+01
   1.8600870e+06   2.7282715e+01
   1.8601180e+06   2.4658203e+01
   1.8601350e+06   2.5451660e+01
   1.8602150e+06   2.4475098e+01
   1.8603530e+06   2.3803711e+01
   1.8604160e+06   2.8564453e+01
   1.8606600e+06   2.5085449e+01
   1.8612910e+06   2.3559570e+01
   1.8749200e+06   2.3559570e+01
   1.8750100e+06   3.3691406e+01
   1.8752220e+06   2.4597168e+01
   1.8754270e+06   2.3742676e+01
   1.8754410e+06   3.4973145e+01
   1.8757410e+06   3.0029297e+01
   1.8812840e+06   3.2775879e+01
   1.8814680e+06   3.1677246e+01
   1.8816880e+06   4.0893555e+01
   1.8818880e+06   3.1799316e+01
   1.8820610e+06   3.3081055e+01
   1.8822280e+06   3.7658691e+01
   1.8824100e+06   2.7832031e+01
   1.8826080e+06   2.7282715e+01
   1.8890180e+06   4.7119141e+01
   1.8892130e+06   2.5085449e+01
   1.8894830e+06   3.6865234e+01
   1.8962050e+06   3.1005859e+01
   1.8964190e+06   3.0517578e+01
   1.8965200e+06   2.5390625e+01
   1.8966140e+06   3.9733887e+01
   1.8967780e+06   3.2348633e+01
   1.8967890e+06   2.4597168e+01
   1.8969200e+06   3.4179688e+01
   1.8970370e+06   4.0527344e+01
   1.8970630e+06   2.5146484e+01
   1.8971190e+06   2.5756836e+01
   1.8972170e+06   4.4555664e+01
   1.8972550e+06   2.5146484e+01
   1.8973010e+06   2.5756836e+01
   1.8973220e+06   2.8442383e+01
   1.8973640e+06   2.9052734e+01
   1.8973840e+06   2.5512695e+01
   1.8974850e+06   2.6000977e+01
   1.8975140e+06   2.5207520e+01
   1.8976600e+06   2.4658203e+01
   1.8978990e+06   2.6794434e+01
   1.8983400e+06   2.6428223e+01
   1.8987060e+06   2.3681641e+01
   1.8987510e+06   2.5695801e+01
   1.9132110e+06   2.6062012e+01
   1.9134430e+06   2.9235840e+01
   1.9136890e+06   2.5878906e+01
   1.9211720e+06   2.9541016e+01
   1.9213580e+06   2.8686523e+01
   1.9213760e+06   2.5756836e+01
   1.9215380e+06   2.7465820e+01
   1.9215990e+06   2.5146484e+01
   1.9217070e+06   3.6743164e+01
   1.9217190e+06   2.6000977e+01
   1.9218330e+06   3.5034180e+01
   1.9219490e+06   2.5573730e+01
   1.9220000e+06   2.3925781e+01
   1.9220360e+06   2.4475098e+01
   1.9220680e+06   2.4230957e+01
   1.9221100e+06   3.0700684e+01
   1.9221470e+06   2.4291992e+01
   1.9221770e+06   3.5339355e+01
   1.9222490e+06   2.7526855e+01
   1.9222900e+06   2.4597168e+01
   1.9223060e+06   2.3498535e+01
   1.9223630e+06   2.5329590e+01
   1.9223800e+06   2.7893066e+01
   1.9225380e+06   3.1616211e+01
   1.9225890e+06   2.3986816e+01
   1.9226540e+06   2.6672363e+01
   1.9229620e+06   2.6428223e+01
   1.9231540e+06   3.1921387e+01
   1.9236970e+06   2.8076172e+01
   1.9388460e+06   2.8686523e+01
   1.9390610e+06   2.8381348e+01
   1.9390910e+06   2.3925781e+01
   1.9392860e+06   2.6611328e+01
   1.9498160e+06   3.5461426e+01
   1.9499490e+06   2.5024414e+01
   1.9499880e+06   3.0700684e+01
   1.9501410e+06   2.9357910e+01
   1.9502610e+06   3.1555176e+01
   1.9503040e+06   2.4414062e+01
   1.9503260e+06   2.4902344e+01
   1.9503510e+06   2.9174805e+01
   1.9503620e+06   2.9418945e+01
   1.9503860e+06   2.5024414e+01
   1.9504190e+06   2.8808594e+01
   1.9504930e+06   4.1381836e+01
   1.9505210e+06   2.3864746e+01
   1.9505410e+06   2.4047852e+01
   1.9505600e+06   2.5634766e+01
   1.9505870e+06   2.4475098e+01
   1.9506120e+06   3.5156250e+01
   1.9506790e+06   2.4291992e+01
   1.9507460e+06   2.3803711e+01
   1.9507590e+06   2.5939941e+01
   1.9508570e+06   2.4902344e+01
   1.9509360e+06   2.5268555e+01
   1.9509850e+06   2.4291992e+01
   1.9510010e+06   2.7404785e+01
   1.9510730e+06   2.7832031e+01
   1.9511850e+06   2.4353027e+01
   1.9513060e+06   2.6428223e+01
   1.9513870e+06   2.4108887e+01
   1.9518630e+06   2.3803711e+01
   1.9520790e+06   2.4353027e+01
   1.9708580e+06   3.2104492e+01
   1.9710520e+06   2.8320312e+01
   1.9712170e+06   2.9418945e+01
   1.9713660e+06   3.3142090e+01
   1.9713790e+06   2.8259277e+01
   1.9714720e+06   2.4902344e+01
   1.9715410e+06   2.6611328e+01
   1.9715590e+06   2.9296875e+01
   1.9715810e+06   2.4780273e+01
   1.9716160e+06   2.3437500e+01
   1.9716530e+06   2.5573730e+01
   1.9716830e+06   2.8991699e+01
   1.9717000e+06   2.7465820e+01
   1.9717320e+06   2.7404785e+01
   1.9717620e+06   3.2592773e+01
   1.9717720e+06   2.7526855e+01
   1.9718320e+06   2.8686523e+01
   1.9719130e+06   2.3742676e+01
   1.9719280e+06   2.7038574e+01
   1.9720580e+06   2.4230957e+01
   1.9721010e+06   2.3437500e+01
   1.9721460e+06   2.6428223e+01
   1.9722020e+06   2.3315430e+01
   1.9722950e+06   2.6916504e+01
   1.9728350e+06   2.3681641e+01
   1.9915330e+06   4.0588379e+01
   1.9917410e+06   3.3142090e+01
   1.9919530e+06   2.6367188e+01
   1.9921360e+06   2.8747559e+01
   1.9923800e+06   2.9174805e+01
   2.1398830e+06   2.3925781e+01
   2.8550850e+06   3.1127930e+01
   2.8551050e+06   2.6062012e+01
   2.8551300e+06   2.7954102e+01
   2.8551560e+06   5.3955078e+01
   2.8551660e+06   2.6489258e+01
   2.8551760e+06   3.9794922e+01
   2.8552050e+06   2.5878906e+01
   2.8552310e+06   2.5268555e+01
   2.8552430e+06   2.6855469e+01
   2.8552730e+06   3.4851074e+01
   2.8552950e+06   2.8381348e+01
   2.8553190e+06   4.0649414e+01
   2.8553320e+06   2.5024414e+01
   2.8553630e+06   2.9357910e+01
   2.8553790e+06   3.4423828e+01
   2.8554060e+06   2.3620605e+01
   2.8554360e+06   3.2470703e+01
   2.8555580e+06   2.6794434e+01
   2.8556140e+06   2.3559570e+01
   2.8557330e+06   2.4414062e+01
   2.8557610e+06   2.4536133e+01
   2.8561130e+06   2.4536133e+01
   2.8561350e+06   2.7160645e+01
   2.8561990e+06   3.1677246e+01
   2.8564030e+06   2.7038574e+01
   2.8566310e+06   2.5512695e+01
   2.8566650e+06   2.5207520e+01
   2.8567780e+06   2.5390625e+01
   2.8578220e+06   2.6489258e+01
   2.8645750e+06   2.3742676e+01
   2.8652550e+06   3.1738281e+01
   2.8653890e+06   2.7343750e+01
   2.8654200e+06   4.0649414e+01
   2.8655760e+06   3.6193848e+01
   2.8656270e+06   2.3986816e+01
   2.8656730e+06   2.5024414e+01
   2.8656970e+06   3.0334473e+01
   2.8657100e+06   3.2287598e+01
   2.8657490e+06   3.2653809e+01
   2.8657890e+06   2.7893066e+01
   2.8658420e+06   2.9296875e+01
   2.8658630e+06   2.9785156e+01
   2.8659070e+06   2.8747559e+01
   2.8659320e+06   2.3315430e+01
   2.8659430e+06   2.3315430e+01
   2.8659670e+06   2.4780273e+01
   2.8660120e+06   2.4108887e+01
   2.8661110e+06   2.8503418e+01
   2.8661980e+06   2.3437500e+01
   2.8662560e+06   2.6306152e+01
   2.8664580e+06   2.3864746e+01
   2.8665660e+06   2.6062012e+01
   2.8666250e+06   2.3681641e+01
   2.8667030e+06   2.7770996e+01
   2.8761150e+06   2.7648926e+01
   2.8764290e+06   2.9907227e+01
   2.8767700e+06   2.7648926e+01
   2.8789470e+06   2.6428223e+01
   2.8807330e+06   2.7893066e+01
   2.8809710e+06   2.7038574e+01
   2.8811390e+06   3.4057617e+01
   2.8812600e+06   2.4597168e+01
   2.8812900e+06   2.5939941e+01
   2.8814060e+06   3.5888672e+01
   2.8814240e+06   3.2165527e+01
   2.8814930e+06   2.6367188e+01
   2.8815120e+06   2.7465820e+01
   2.8815350e+06   3.9428711e+01
   2.8815780e+06   2.8137207e+01
   2.8816050e+06   2.6794434e+01
   2.8816670e+06   2.6062012e+01
   2.8816930e+06   3.1188965e+01
   2.8817140e+06   2.5756836e+01
   2.8817450e+06   2.5939941e+01
   2.8817620e+06   2.6733398e+01
   2.8817880e+06   2.5451660e+01
   2.8818430e+06   2.3864746e+01
   2.8818960e+06   2.8076172e+01
   2.8819390e+06   2.5756836e+01
   2.8819800e+06   2.3315430e+01
   2.8820380e+06   2.3254395e+01
   2.8820630e+06   2.3559570e+01
   2.8821320e+06   2.5817871e+01
   2.8821640e+06   2.4291992e+01
   2.8824670e+06   2.5512695e+01
   2.8825930e+06   2.3559570e+01
   2.8826060e+06   2.6489258e+01
   2.8831440e+06   2.5878906e+01
   2.8840000e+06   2.6000977e+01
   2.8859460e+06   2.4780273e+01
   2.8889590e+06   2.5634766e+01
   2.8908770e+06   2.8808594e+01
   2.8919300e+06   2.6550293e+01
   2.8922850e+06   2.5329590e+01
   2.8931630e+06   2.9846191e+01
   2.8946840e+06   3.1860352e+01
   2.8960210e+06   3.2409668e+01
   2.8962640e+06   3.0578613e+01
   2.8965210e+06   2.9541016e+01
   2.8965720e+06   2.4719238e+01
   2.8967080e+06   3.5217285e+01
   2.8967960e+06   2.5451660e+01
   2.8968610e+06   3.5400391e+01
   2.8969990e+06   2.4963379e+01
   2.8970780e+06   2.6184082e+01
   2.8971550e+06   2.3437500e+01
   2.8972100e+06   3.6743164e+01
   2.8972990e+06   2.9602051e+01
   2.8973320e+06   2.5939941e+01
   2.8973580e+06   2.8930664e+01
   2.8973840e+06   2.8015137e+01
   2.8974380e+06   2.6306152e+01
   2.8974560e+06   2.7832031e+01
   2.8974970e+06   2.7954102e+01
   2.8975790e+06   2.7038574e+01
   2.8976260e+06   2.9052734e+01
   2.8976530e+06   2.5817871e+01
   2.8977070e+06   2.7038574e+01
   2.8977410e+06   2.3925781e+01
   2.8980100e+06   2.8137207e+01
   2.8980800e+06   2.3803711e+01
   2.8984900e+06   2.3681641e+01
   2.9024290e+06   2.4047852e+01
   2.9045640e+06   2.4230957e+01
   2.9049610e+06   2.4658203e+01
   2.9077020e+06   2.9846191e+01
   2.9086880e+06   2.9968262e+01
   2.9099800e+06   2.4536133e+01
   2.9103550e+06   3.5339355e+01
   2.9113790e+06   2.7465820e+01
   2.9117230e+06   2.7832031e+01
   2.9118270e+06   2.7770996e+01
   2.9119270e+06   2.8259277e+01
   2.9120080e+06   2.3864746e+01
   2.9120740e+06   2.4719238e+01
   2.9121000e+06   2.5451660e+01
   2.9121470e+06   2.5817871e+01
   2.9121970e+06   2.5756836e+01
   2.9122780e+06   2.3986816e+01
   2.9123050e+06   2.6184082e+01
   2.9124050e+06   2.5329590e+01
   2.9124220e+06   2.8747559e+01
   2.9124890e+06   2.4963379e+01
   2.9125140e+06   2.7832031e+01
   2.9125600e+06   2.4536133e+01
   2.9125920e+06   3.2104492e+01
   2.9126180e+06   2.5207520e+01
   2.9126490e+06   2.3864746e+01
   2.9127380e+06   2.3254395e+01
   2.9128250e+06   2.9907227e+01
   2.9129030e+06   2.5878906e+01
   2.9129960e+06   3.2897949e+01
   2.9130340e+06   2.3742676e+01
   2.9130930e+06   2.3376465e+01
   2.9132270e+06   2.6306152e+01
   2.9134190e+06   2.6184082e+01
   2.9174620e+06   2.4536133e+01
   2.9223150e+06   2.3986816e+01
   2.9242540e+06   3.0090332e+01
   2.9245800e+06   2.4291992e+01
   2.9251230e+06   3.2836914e+01
   2.9277490e+06   2.8747559e+01
   2.9280300e+06   2.7954102e+01
   2.9281220e+06   2.4414062e+01
   2.9281910e+06   2.6794434e+01
   2.9283320e+06   2.5695801e+01
   2.9285010e+06   2.4047852e+01
   2.9285360e+06   2.5268555e+01
   2.9286000e+06   2.4536133e+01
   2.9286310e+06   2.7954102e+01
   2.9286520e+06   2.3315430e+01
   2.9286770e+06   2.4963379e+01
   2.9288050e+06   3.2714844e+01
   2.9288310e+06   2.7221680e+01
   2.9288970e+06   2.8686523e+01
   2.9289310e+06   3.3630371e+01
   2.9290090e+06   2.7709961e+01
   2.9290270e+06   2.3864746e+01
   2.9292300e+06   2.3925781e+01
   2.9293530e+06   2.3864746e+01
   2.9296300e+06   2.3559570e+01
   2.9300180e+06   2.5573730e+01
   2.9396830e+06   2.5085449e+01
   2.9419890e+06   2.4780273e+01
   2.9421470e+06   2.3254395e+01
   2.9422900e+06   2.3803711e+01
   2.9425130e+06   2.6367188e+01
   2.9427030e+06   3.0090332e+01
   2.9428690e+06   2.5390625e+01
   2.9430110e+06   2.6977539e+01
   2.9430800e+06   2.6367188e+01
   2.9431400e+06   2.3437500e+01
   2.9433440e+06   2.8869629e+01
   2.9437060e+06   2.4230957e+01
   2.9482860e+06   3.0212402e+01
   2.9512470e+06   2.8442383e+01
   2.9514550e+06   3.0883789e+01
   2.9515970e+06   2.4780273e+01
   2.9517290e+06   3.4606934e+01
   2.9518310e+06   3.2470703e+01
   2.9518430e+06   2.3620605e+01
   2.9518990e+06   2.3437500e+01
   2.9519130e+06   2.3376465e+01
   2.9520400e+06   2.4353027e+01
   2.9520840e+06   2.6000977e+01
   2.9521310e+06   2.5939941e+01
   2.9521650e+06   3.9123535e+01
   2.9521970e+06   2.3681641e+01
   2.9522250e+06   2.4169922e+01
   2.9522400e+06   3.2043457e+01
   2.9522980e+06   2.6489258e+01
   2.9523560e+06   3.0212402e+01
   2.9525470e+06   3.0212402e+01
   2.9526490e+06   2.9846191e+01
   2.9528500e+06   2.6184082e+01
   2.9530570e+06   2.9296875e+01
   2.9655840e+06   2.7587891e+01
   2.9658530e+06   3.1127930e+01
   2.9660940e+06   2.3742676e+01
   2.9665990e+06   2.4841309e+01
   2.9704550e+06   2.9968262e+01
   2.9707040e+06   2.4169922e+01
   2.9709090e+06   2.6733398e+01
   2.9710470e+06   2.5390625e+01
   2.9710590e+06   2.6672363e+01
   2.9711440e+06   2.8686523e+01
   2.9712050e+06   3.3630371e+01
   2.9714420e+06   2.5390625e+01
   2.9714540e+06   2.6062012e+01
   2.9714870e+06   2.5451660e+01
   2.9715370e+06   2.4658203e+01
   2.9715870e+06   2.7648926e+01
   2.9716720e+06   2.9052734e+01
   2.9717230e+06   2.4719238e+01
   2.9717350e+06   2.7282715e+01
   2.9717730e+06   2.3986816e+01
   2.9718070e+06   3.2958984e+01
   2.9718210e+06   3.1066895e+01
   2.9718610e+06   2.6000977e+01
   2.9719350e+06   2.4902344e+01
   2.9719750e+06   2.4414062e+01
   2.9723670e+06   2.5634766e+01
   2.9727240e+06   2.4536133e+01
   2.9730560e+06   2.3254395e+01
   2.9883270e+06   3.0883789e+01
   2.9884880e+06   2.6794434e+01
   2.9886170e+06   4.0771484e+01
   2.9887180e+06   2.4658203e+01
   2.9888380e+06   3.0639648e+01
   2.9889470e+06   2.3559570e+01
   2.9890010e+06   2.7099609e+01
   2.9890260e+06   2.4108887e+01
   2.9891040e+06   3.2775879e+01
   2.9891420e+06   2.3254395e+01
   2.9891850e+06   2.6123047e+01
   2.9892720e+06   2.6977539e+01
   2.9893360e+06   2.3376465e+01
   2.9893750e+06   2.8198242e+01
   2.9894440e+06   2.3315430e+01
   2.9894820e+06   2.5451660e+01
   2.9895740e+06   2.3803711e+01
   2.9896640e+06   2.3742676e+01
   2.9899110e+06   2.6794434e+01
   2.9905060e+06   2.5573730e+01
   3.0063040e+06   2.6367188e+01
   3.0064900e+06   2.4475098e+01
   3.0066470e+06   2.5512695e+01
   3.0067850e+06   2.5451660e+01
   3.0068370e+06   2.6306152e+01
   3.0068490e+06   2.8564453e+01
   3.0069120e+06   2.3925781e+01
   3.0069260e+06   2.3986816e+01
   3.0070280e+06   2.4169922e+01
   3.0071070e+06   2.6062012e+01
   3.0071340e+06   2.6062012e+01
   3.0071560e+06   2.6123047e+01
   3.0072530e+06   2.4108887e+01
   3.0073750e+06   2.8930664e+01
   3.0076000e+06   2.7893066e+01
   3.0076880e+06   2.3864746e+01
   3.0078900e+06   2.4902344e+01
   3.0079240e+06   2.4108887e+01
   3.0230240e+06   2.4841309e+01
   3.0232510e+06   2.6611328e+01
   3.0234740e+06   2.6245117e+01
   3.0239850e+06   2.3986816e+01
   3.0297960e+06   3.0700684e+01
   3.0299880e+06   2.9235840e+01
   3.0301460e+06   3.4667969e+01
   3.0301710e+06   2.5268555e+01
   3.0302700e+06   2.5817871e+01
   3.0303990e+06   2.6794434e+01
   3.0304700e+06   3.0578613e+01
   3.0304850e+06   2.6916504e+01
   3.0305940e+06   2.4230957e+01
   3.0306080e+06   2.6611328e+01
   3.0306630e+06   3.0883789e+01
   3.0307000e+06   2.7893066e+01
   3.0307780e+06   2.3986816e+01
   3.0308100e+06   3.3691406e+01
   3.0308870e+06   2.8869629e+01
   3.0310180e+06   2.8503418e+01
   3.0311920e+06   2.8564453e+01
   3.0312470e+06   3.1066895e+01
   3.0578810e+06   2.9663086e+01
   3.0580450e+06   3.4240723e+01
   3.0581820e+06   3.0944824e+01
   3.0582990e+06   3.3752441e+01
   3.0583960e+06   2.6123047e+01
   3.0584480e+06   2.3437500e+01
   3.0584650e+06   3.6010742e+01
   3.0584960e+06   2.3803711e+01
   3.0585440e+06   2.3498535e+01
   3.0585870e+06   2.6000977e+01
   3.0586090e+06   2.4169922e+01
   3.0586770e+06   2.9235840e+01
   3.0587350e+06   2.8076172e+01
   3.0587940e+06   2.7770996e+01
   3.0588450e+06   2.6855469e+01
   3.0589830e+06   2.3864746e+01
   3.0591720e+06   2.4414062e+01
   3.0794020e+06   3.0212402e+01
   3.0796570e+06   3.4423828e+01
   3.0798810e+06   2.7893066e+01
   3.0801350e+06   3.3874512e+01
   3.0878020e+06   2.7404785e+01
   3.0879020e+06   2.6428223e+01
   3.0880100e+06   3.3691406e+01
   3.0881950e+06   3.6071777e+01
   3.0883750e+06   2.5024414e+01
   3.0885510e+06   3.0639648e+01
   3.0887280e+06   2.6550293e+01
   3.0945540e+06   2.6611328e+01
   3.1007770e+06   2.5268555e+01
   3.1011920e+06   2.5268555e+01
   3.1012270e+06   2.3803711e+01
   3.1064190e+06   3.3386230e+01
   3.1068100e+06   2.8015137e+01
   3.1120090e+06   2.4291992e+01
   3.1120270e+06   3.7841797e+01
   3.1124240e+06   2.5573730e+01
   3.1124430e+06   2.5451660e+01
   3.1182070e+06   3.1921387e+01
   3.1183910e+06   2.5939941e+01
   3.1184510e+06   2.8076172e+01
   3.1185160e+06   2.4475098e+01
   3.1239380e+06   2.6550293e+01
   3.1239590e+06   3.0029297e+01
   3.1304650e+06   2.4841309e+01
   3.1304880e+06   3.6193848e+01
   3.1307630e+06   2.3803711e+01
   3.1310430e+06   2.4780273e+01
   3.1364620e+06   2.5207520e+01
   3.1411830e+06   2.8747559e+01
   3.1411990e+06   2.5085449e+01
   3.1471720e+06   3.7414551e+01
   3.1472940e+06   2.5817871e+01
   3.1474840e+06   2.6977539e+01
   3.1476100e+06   2.6184082e+01
   3.1527240e+06   2.5817871e+01
   3.1587720e+06   3.0700684e+01
   3.1588330e+06   2.8991699e+01
   3.1591160e+06   2.5756836e+01
   3.1592230e+06   2.3803711e+01
   3.1648550e+06   2.5390625e+01
   3.1702780e+06   2.6245117e+01
   3.1764770e+06   2.6123047e+01
   3.1765890e+06   3.5339355e+01
   3.1767290e+06   2.7587891e+01
   3.1832300e+06   2.4353027e+01
   3.1832500e+06   2.6062012e+01
   3.1890130e+06   2.6611328e+01
   3.1892100e+06   2.3498535e+01
   3.1957200e+06   2.6611328e+01
   3.1957840e+06   3.3508301e+01
   3.1958620e+06   2.8320312e+01
   3.2024300e+06   3.8391113e+01
   3.2025850e+06   2.7038574e+01
   3.2082310e+06   2.8625488e+01
   3.2082470e+06   2.3864746e+01
   3.2083600e+06   2.8930664e+01
   3.2150720e+06   2.4780273e+01
   3.2151630e+06   2.7526855e+01
   3.2153320e+06   2.3803711e+01
   3.2215160e+06   2.3864746e+01
   3.2289610e+06   4.3334961e+01
   3.2290440e+06   2.8991699e+01
   3.2292280e+06   3.0761719e+01
   3.2360520e+06   2.5329590e+01
   3.2360940e+06   2.3559570e+01
   3.2362870e+06   2.3315430e+01
   3.2364050e+06   2.9479980e+01
   3.2444290e+06   3.5217285e+01
   3.2445660e+06   2.6733398e+01
   3.2446110e+06   2.6916504e+01
   3.2447170e+06   2.4047852e+01
   3.2447650e+06   2.3254395e+01
   3.2449570e+06   3.1433105e+01
   3.2534600e+06   2.4719238e+01
   3.2535060e+06   2.8442383e+01
   3.2535740e+06   2.3864746e+01
   3.2536490e+06   2.4047852e+01
   3.2536770e+06   2.8442383e+01
   3.2536870e+06   2.3925781e+01
   3.2537820e+06   2.8015137e+01
   3.2538320e+06   2.5573730e+01
   3.2538540e+06   4.0832520e+01
   3.2539370e+06   2.8137207e+01
   3.2540590e+06   2.9479980e+01
   3.2613190e+06   3.3020020e+01
   3.2613320e+06   3.3996582e+01
   3.2614640e+06   2.8503418e+01
   3.2615250e+06   2.6550293e+01
   3.2616200e+06   2.8320312e+01
   3.2617380e+06   2.5512695e+01
   3.2698210e+06   3.5705566e+01
   3.2698510e+06   2.9357910e+01
   3.2699990e+06   2.6672363e+01
   3.2700490e+06   2.5268555e+01
   3.2703180e+06   2.9602051e+01
   3.2780530e+06   3.3752441e+01
   3.2780770e+06   2.3681641e+01
   3.2782660e+06   2.7648926e+01
   3.2783420e+06   3.2287598e+01
   3.2783580e+06   2.3376465e+01
   3.2785440e+06   2.8503418e+01
   3.2872540e+06   3.2775879e+01
   3.2872700e+06   3.0700684e+01
   3.2873970e+06   2.6550293e+01
   3.2874430e+06   2.5451660e+01
   3.2876270e+06   3.0456543e+01
   3.2876460e+06   2.5634766e+01
   3.2956150e+06   4.2785645e+01
   3.2958390e+06   3.7048340e+01
   3.3041680e+06   2.4902344e+01
   3.3042330e+06   3.7658691e+01
   3.3042740e+06   2.4230957e+01
   3.3042860e+06   2.5085449e+01
   3.3043070e+06   2.4230957e+01
   3.3044190e+06   3.7719727e+01
   3.3044990e+06   2.4536133e+01
   3.3046100e+06   3.5461426e+01
   3.3145380e+06   2.5329590e+01
   3.3145720e+06   3.5156250e+01
   3.3146720e+06   2.6733398e+01
   3.3147380e+06   3.2409668e+01
   3.3147550e+06   2.7404785e+01
   3.3148770e+06   2.3498535e+01
   3.3149510e+06   3.1005859e+01
   3.3150680e+06   2.7587891e+01
   3.3239410e+06   3.5522461e+01
   3.3239860e+06   2.4291992e+01
   3.3241350e+06   2.8076172e+01
   3.3241770e+06   2.8930664e+01
   3.3243830e+06   2.3986816e+01
   3.3327790e+06   2.3986816e+01
   3.3328690e+06   3.1555176e+01
   3.3328860e+06   2.6733398e+01
   3.3329050e+06   2.8076172e+01
   3.3331360e+06   3.7475586e+01
   3.3331730e+06   2.5878906e+01
   3.3427590e+06   2.8869629e+01
   3.3428160e+06   2.6245117e+01
   3.3428300e+06   3.7963867e+01
   3.3428600e+06   2.5024414e+01
   3.3429080e+06   2.9479980e+01
   3.3430050e+06   3.2714844e+01
   3.3430510e+06   2.4475098e+01
   3.3432500e+06   2.9113770e+01
   3.3551560e+06   4.3151855e+01
   3.3552310e+06   2.7404785e+01
   3.3553380e+06   2.6672363e+01
   3.3555990e+06   3.1555176e+01
   3.3556670e+06   2.3925781e+01
   3.3656870e+06   2.8442383e+01
   3.3752110e+06   2.3315430e+01
   3.3752470e+06   3.1127930e+01
   3.3752950e+06   2.4230957e+01
   3.3753210e+06   2.3864746e+01
   3.3756120e+06   3.0029297e+01
   3.3847150e+06   3.6071777e+01
   3.3848510e+06   2.6916504e+01
   3.3850750e+06   3.1494141e+01
   3.3948250e+06   2.5329590e+01
   3.3949070e+06   5.0964355e+01
   3.3954220e+06   2.4780273e+01
   3.4055220e+06   2.3498535e+01
   3.4056550e+06   2.4108887e+01
   3.4057740e+06   2.4353027e+01
   3.4058590e+06   2.4230957e+01
   3.4192710e+06   2.4597168e+01
   3.4193510e+06   3.5461426e+01
   3.4194010e+06   2.7587891e+01
   3.4194880e+06   3.0944824e+01
   3.4195210e+06   2.4291992e+01
   3.4195420e+06   2.4414062e+01
   3.4196910e+06   4.3457031e+01
   3.4197170e+06   2.3681641e+01
   3.4198180e+06   3.4973145e+01
   3.4199250e+06   3.0822754e+01
   3.4199660e+06   2.7587891e+01
   3.4199910e+06   2.5573730e+01
   3.4200090e+06   3.3142090e+01
   3.4200900e+06   2.4963379e+01
   3.4201340e+06   2.3986816e+01
   3.4201630e+06   2.7282715e+01
   3.4201880e+06   3.6193848e+01
   3.4202260e+06   2.5817871e+01
   3.4202650e+06   2.5695801e+01
   3.4203040e+06   2.9907227e+01
   3.4203470e+06   2.5512695e+01
   3.4203820e+06   2.6000977e+01
   3.4204130e+06   2.8381348e+01
   3.4204800e+06   2.8320312e+01
   3.4205760e+06   3.2348633e+01
   3.4208200e+06   2.5207520e+01
   3.4210020e+06   2.4963379e+01
   3.4210870e+06   2.6489258e+01
   3.4216870e+06   3.1005859e+01
   3.4218450e+06   2.5207520e+01
   3.4219690e+06   2.3315430e+01
   4.5291190e+06   4.8095703e+01
   4.5291320e+06   3.3935547e+01
   4.5291500e+06   2.4658203e+01
   4.5291750e+06   3.6193848e+01
   4.5292040e+06   3.1494141e+01
   4.5292250e+06   2.9357910e+01
   4.5292610e+06   3.1005859e+01
   4.5292850e+06   3.2226562e+01
   4.5293030e+06   2.7099609e+01
   4.5293220e+06   3.0151367e+01
   4.5293330e+06   2.3864746e+01
   4.5294270e+06   2.6367188e+01
   4.5294750e+06   2.4719238e+01
   4.5295220e+06   2.5939941e+01
   4.5296060e+06   2.3315430e+01
   4.5297820e+06   2.8259277e+01
   4.5298810e+06   2.6428223e+01
   4.5299390e+06   2.6000977e+01
   4.5300910e+06   2.3742676e+01
   4.5301610e+06   2.6123047e+01
   4.5304320e+06   2.3681641e+01
   4.5305260e+06   2.4841309e+01
   4.5306780e+06   2.4780273e+01
   4.5309180e+06   2.4658203e+01
   4.5309490e+06   2.5390625e+01
   4.5316590e+06   2.3803711e+01
   4.5317440e+06   2.3620605e+01
   4.5318230e+06   2.5939941e+01
   4.5394270e+06   3.1860352e+01
   4.5396910e+06   3.4545898e+01
   4.5397070e+06   2.5207520e+01
   4.5398790e+06   2.4719238e+01
   4.5399010e+06   2.8381348e+01
   4.5400310e+06   2.6550293e+01
   4.5400660e+06   2.6611328e+01
   4.5401420e+06   2.7404785e+01
   4.5401980e+06   2.7160645e+01
   4.5402960e+06   3.1066895e+01
   4.5403470e+06   2.3254395e+01
   4.5403720e+06   2.3986816e+01
   4.5404050e+06   2.3437500e+01
   4.5404430e+06   3.3020020e+01
   4.5404570e+06   2.9235840e+01
   4.5405000e+06   2.7832031e+01
   4.5405330e+06   2.9357910e+01
   4.5405450e+06   2.4658203e+01
   4.5405670e+06   2.5390625e+01
   4.5405830e+06   2.3559570e+01
   4.5405950e+06   2.5695801e+01
   4.5406980e+06   2.3315430e+01
   4.5407570e+06   2.7160645e+01
   4.5409360e+06   2.3620605e+01
   4.5410190e+06   2.4963379e+01
   4.5411850e+06   2.4230957e+01
   4.5412880e+06   2.6306152e+01
   4.5425340e+06   2.5146484e+01
   4.5426840e+06   2.5329590e+01
   4.5446390e+06   2.8808594e+01
   4.5450350e+06   2.5268555e+01
   4.5452290e+06   2.4902344e+01
   4.5454280e+06   2.3559570e+01
   4.5467940e+06   2.5512695e+01
   4.5470510e+06   2.7038574e+01
   4.5476220e+06   2.5817871e+01
   4.5478940e+06   2.4536133e+01
   4.5481720e+06   3.0029297e+01
   4.5490340e+06   3.4179688e+01
   4.5492920e+06   2.8076172e+01
   4.5496600e+06   2.3315430e+01
   4.5499560e+06   2.8320312e+01
   4.5502490e+06   2.3742676e+01
   4.5505670e+06   3.0822754e+01
   4.5514350e+06   2.6306152e+01
   4.5519000e+06   2.7709961e+01
   4.5523030e+06   3.3264160e+01
   4.5526320e+06   2.9968262e+01
   4.5529670e+06   2.3254395e+01
   4.5533100e+06   2.6611328e+01
   4.5536300e+06   2.5939941e+01
   4.5550770e+06   2.3803711e+01
   4.5560520e+06   2.8259277e+01
   4.5572870e+06   2.5573730e+01
   4.5577740e+06   2.4658203e+01
   4.5579620e+06   3.4423828e+01
   4.5581110e+06   2.5817871e+01
   4.5582370e+06   3.0578613e+01
   4.5582930e+06   3.0334473e+01
   4.5583070e+06   2.4108887e+01
   4.5583260e+06   2.8442383e+01
   4.5583500e+06   2.4414062e+01
   4.5583790e+06   2.5268555e+01
   4.5584110e+06   2.4353027e+01
   4.5584460e+06   3.0029297e+01
   4.5584920e+06   2.4475098e+01
   4.5585110e+06   2.9479980e+01
   4.5585310e+06   2.9907227e+01
   4.5585810e+06   2.9235840e+01
   4.5585960e+06   2.7038574e+01
   4.5586730e+06   2.5329590e+01
   4.5586880e+06   3.1799316e+01
   4.5587040e+06   2.6916504e+01
   4.5587240e+06   2.3803711e+01
   4.5588580e+06   3.1127930e+01
   4.5589800e+06   2.9357910e+01
   4.5591940e+06   2.6245117e+01
   4.5594720e+06   2.5085449e+01
   4.5630630e+06   2.4780273e+01
   4.5632630e+06   2.5512695e+01
   4.5640680e+06   2.4047852e+01
   4.5642720e+06   2.4353027e+01
   4.5645140e+06   2.3742676e+01
   4.5650760e+06   2.4780273e+01
   4.5655410e+06   2.5024414e+01
   4.5657500e+06   2.5268555e+01
   4.5668440e+06   2.3437500e+01
   4.5673330e+06   2.8198242e+01
   4.5676620e+06   2.5085449e+01
   4.5691960e+06   3.1372070e+01
   4.5698080e+06   2.4230957e+01
   4.5709380e+06   2.3803711e+01
   4.5712640e+06   2.3315430e+01
   4.5718650e+06   2.6000977e+01
   4.5731420e+06   2.3437500e+01
   4.5734410e+06   2.7282715e+01
   4.5745640e+06   2.3986816e+01
   4.5754620e+06   2.5512695e+01
   4.5758520e+06   2.6000977e+01
   4.5764810e+06   2.8991699e+01
   4.5767250e+06   2.9846191e+01
   4.5770040e+06   2.8137207e+01
   4.5771330e+06   2.7221680e+01
   4.5771940e+06   2.7709961e+01
   4.5772500e+06   2.4047852e+01
   4.5773690e+06   2.9479980e+01
   4.5774910e+06   2.5207520e+01
   4.5775040e+06   3.1250000e+01
   4.5775550e+06   2.6184082e+01
   4.5775810e+06   2.4108887e+01
   4.5776570e+06   3.4729004e+01
   4.5776720e+06   2.5939941e+01
   4.5776960e+06   2.4291992e+01
   4.5777320e+06   2.3376465e+01
   4.5777560e+06   2.3559570e+01
   4.5777790e+06   2.3376465e+01
   4.5778210e+06   2.5756836e+01
   4.5778780e+06   2.3498535e+01
   4.5779900e+06   2.4719238e+01
   4.5780360e+06   2.6000977e+01
   4.5780710e+06   2.4780273e+01
   4.5781280e+06   2.6428223e+01
   4.5781580e+06   2.5878906e+01
   4.5782200e+06   2.3559570e+01
   4.5784010e+06   2.5329590e+01
   4.5784150e+06   2.4108887e+01
   4.5785000e+06   2.5329590e+01
   4.5788080e+06   2.5756836e+01
   4.5789570e+06   2.5024414e+01
   4.5848930e+06   2.9602051e+01
   4.5865820e+06   2.5756836e+01
   4.5868710e+06   2.3925781e+01
   4.5882430e+06   2.3437500e+01
   4.5893090e+06   2.4108887e+01
   4.5925250e+06   2.4353027e+01
   4.5930230e+06   2.3315430e+01
   4.5941660e+06   2.4902344e+01
   4.5944280e+06   2.7526855e+01
   4.5946590e+06   2.6733398e+01
   4.5948300e+06   2.6428223e+01
   4.5949820e+06   2.6062012e+01
   4.5951040e+06   2.3254395e+01
   4.5951930e+06   3.0151367e+01
   4.5952550e+06   3.1738281e+01
   4.5953110e+06   2.3742676e+01
   4.5953410e+06   2.6611328e+01
   4.5953750e+06   2.5451660e+01
   4.5954660e+06   2.8381348e+01
   4.5955020e+06   2.5085449e+01
   4.5955410e+06   2.6550293e+01
   4.5955610e+06   2.4414062e+01
   4.5955830e+06   2.4536133e+01
   4.5956620e+06   2.3681641e+01
   4.5957010e+06   2.8198242e+01
   4.5957530e+06   2.3925781e+01
   4.5957860e+06   2.6550293e+01
   4.5958170e+06   2.3681641e+01
   4.5958680e+06   2.4291992e+01
   4.5959480e+06   2.9907227e+01
   4.5959770e+06   2.4230957e+01
   4.5962990e+06   2.3803711e+01
   4.5964510e+06   2.3315430e+01
   4.6066800e+06   2.4353027e+01
   4.6098990e+06   2.3864746e+01
   4.6108690e+06   2.4963379e+01
   4.6112260e+06   2.4475098e+01
   4.6129220e+06   2.3559570e+01
   4.6132190e+06   2.4475098e+01
   4.6134580e+06   2.6123047e+01
   4.6136020e+06   2.4414062e+01
   4.6136630e+06   2.4169922e+01
   4.6136860e+06   2.3742676e+01
   4.6137280e+06   2.9663086e+01
   4.6137670e+06   3.0456543e+01
   4.6138000e+06   2.8808594e+01
   4.6138200e+06   3.5644531e+01
   4.6138840e+06   2.5695801e+01
   4.6139340e+06   2.4169922e+01
   4.6139490e+06   2.7526855e+01
   4.6139900e+06   3.5827637e+01
   4.6140040e+06   2.5695801e+01
   4.6141450e+06   2.4291992e+01
   4.6142770e+06   2.3742676e+01
   4.6143420e+06   2.4902344e+01
   4.6143790e+06   2.3925781e+01
   4.6144040e+06   2.9174805e+01
   4.6145520e+06   2.4902344e+01
   4.6146150e+06   2.3620605e+01
   4.6148500e+06   2.6306152e+01
   4.6154840e+06   2.4963379e+01
   4.6160310e+06   2.3315430e+01
   4.6286490e+06   2.4536133e+01
   4.6289140e+06   2.3620605e+01
   4.6326790e+06   2.5573730e+01
   4.6341400e+06   2.8076172e+01
   4.6344300e+06   2.6672363e+01
   4.6346440e+06   2.5878906e+01
   4.6348080e+06   2.9052734e+01
   4.6349240e+06   2.3376465e+01
   4.6350450e+06   2.4047852e+01
   4.6350560e+06   2.5085449e+01
   4.6351070e+06   2.8320312e+01
   4.6351430e+06   2.4414062e+01
   4.6351660e+06   2.4414062e+01
   4.6352470e+06   2.4475098e+01
   4.6353200e+06   2.7832031e+01
   4.6353380e+06   3.0090332e+01
   4.6353620e+06   2.4719238e+01
   4.6354000e+06   2.4963379e+01
   4.6354170e+06   2.9541016e+01
   4.6354450e+06   2.7221680e+01
   4.6354660e+06   2.9235840e+01
   4.6355420e+06   2.5451660e+01
   4.6357530e+06   2.4230957e+01
   4.6359020e+06   3.1311035e+01
   4.6361200e+06   2.3498535e+01
   4.6362460e+06   2.5451660e+01
   4.6363880e+06   2.4597168e+01
   4.6364940e+06   2.7221680e+01
   4.6366720e+06   2.5024414e+01
   4.6517070e+06   3.1188965e+01
   4.6519320e+06   2.3376465e+01
   4.6521780e+06   2.4597168e+01
   4.6525040e+06   2.3437500e+01
   4.6526330e+06   2.4108887e+01
   4.6527730e+06   2.9785156e+01
   4.6529060e+06   2.5390625e+01
   4.6529650e+06   2.7465820e+01
   4.6591180e+06   2.6367188e+01
   4.6594970e+06   2.4169922e+01
   4.6599480e+06   3.1372070e+01
   4.6601640e+06   2.3925781e+01
   4.6603540e+06   2.7893066e+01
   4.6651080e+06   2.3681641e+01
   4.6652180e+06   2.5146484e+01
   4.6653450e+06   2.6123047e+01
   4.6655210e+06   2.4169922e+01
   4.6656280e+06   2.5207520e+01
   4.6656490e+06   2.5695801e+01
   4.6657730e+06   3.2897949e+01
   4.6658830e+06   2.3498535e+01
   4.6659470e+06   2.4597168e+01
   4.6659900e+06   2.6855469e+01
   4.6660400e+06   2.3925781e+01
   4.6661310e+06   3.2653809e+01
   4.6662190e+06   3.2775879e+01
   4.6662650e+06   2.3681641e+01
   4.6662870e+06   2.7160645e+01
   4.6663310e+06   2.3925781e+01
   4.6664970e+06   2.4108887e+01
   4.6665270e+06   2.7770996e+01
   4.6665670e+06   3.3142090e+01
   4.6666720e+06   2.3925781e+01
   4.6667420e+06   2.6611328e+01
   4.6670390e+06   2.4353027e+01
   4.6872120e+06   2.8808594e+01
   4.6874770e+06   2.4108887e+01
   4.6876440e+06   2.7465820e+01
   4.6877150e+06   2.5329590e+01
   4.6877780e+06   2.6855469e+01
   4.6878800e+06   2.3925781e+01
   4.6878910e+06   2.4047852e+01
   4.6879450e+06   3.0029297e+01
   4.6879800e+06   2.5573730e+01
   4.6881560e+06   2.3925781e+01
   4.6882030e+06   2.4414062e+01
   4.6882720e+06   2.5146484e+01
   4.6883130e+06   2.5634766e+01
   4.6883580e+06   2.7648926e+01
   4.6883850e+06   2.4902344e+01
   4.6884240e+06   2.4658203e+01
   4.6887920e+06   2.5146484e+01
   4.6890200e+06   2.6245117e+01
   4.7139750e+06   4.0771484e+01
   4.7140840e+06   2.7526855e+01
   4.7141850e+06   2.3925781e+01
   4.7142310e+06   2.3681641e+01
   4.7143350e+06   2.9418945e+01
   4.7144600e+06   2.9052734e+01
   4.7144920e+06   2.3986816e+01
   4.7145370e+06   2.3559570e+01
   4.7145790e+06   2.4719238e+01
   4.7146080e+06   2.3559570e+01
   4.7146350e+06   2.5939941e+01
   4.7146550e+06   2.9541016e+01
   4.7146790e+06   3.3081055e+01
   4.7146970e+06   2.4719238e+01
   4.7147440e+06   2.6489258e+01
   4.7148330e+06   3.4912109e+01
   4.7148590e+06   2.5268555e+01
   4.7148890e+06   2.4902344e+01
   4.7149800e+06   2.6611328e+01
   4.7149920e+06   2.8259277e+01
   4.7150360e+06   2.3742676e+01
   4.7150980e+06   2.4230957e+01
   4.7151540e+06   2.4597168e+01
   4.7151900e+06   2.3803711e+01
   4.7152370e+06   2.3498535e+01
   4.7483370e+06   3.1311035e+01
   4.7484760e+06   2.3315430e+01
   4.7485020e+06   2.5085449e+01
   4.7486420e+06   2.7526855e+01
   4.7486770e+06   2.3437500e+01
   4.7487400e+06   2.9541016e+01
   4.7487930e+06   3.0639648e+01
   4.7488120e+06   2.6306152e+01
   4.7488610e+06   2.9846191e+01
   4.7488890e+06   2.5207520e+01
   4.7488990e+06   2.4414062e+01
   4.7489340e+06   2.3498535e+01
   4.7489670e+06   2.4719238e+01
   4.7490110e+06   2.4536133e+01
   4.7491130e+06   2.5512695e+01
   4.7491430e+06   3.3569336e+01
   4.7492040e+06   2.7587891e+01
   4.7492610e+06   2.9602051e+01
   4.7492710e+06   3.1860352e+01
   4.7495140e+06   2.5024414e+01
   4.7496360e+06   2.3620605e+01
   4.7880850e+06   3.6132812e+01
   4.7882630e+06   3.3691406e+01
   4.7882830e+06   2.4353027e+01
   4.7884000e+06   4.3762207e+01
   4.7884570e+06   2.6000977e+01
   4.7884910e+06   3.2165527e+01
   4.7885110e+06   2.3742676e+01
   4.7885390e+06   2.4291992e+01
   4.7885950e+06   2.4169922e+01
   4.7886110e+06   3.2470703e+01
   4.7886450e+06   2.3742676e+01
   4.7886710e+06   2.6733398e+01
   4.7887180e+06   2.5756836e+01
   4.7887680e+06   2.7648926e+01
   4.7887890e+06   2.4841309e+01
   4.7888450e+06   3.1799316e+01
   4.7889540e+06   2.6000977e+01
   4.7890530e+06   2.3254395e+01
   4.7891350e+06   2.5024414e+01
   4.7891710e+06   2.9907227e+01
   4.7893100e+06   2.3437500e+01
   4.7898190e+06   2.3498535e+01
   5.1685120e+06   3.3020020e+01
   5.1685380e+06   3.0090332e+01
   5.1686040e+06   2.5634766e+01
   5.1686210e+06   3.7841797e+01
   5.1686370e+06   2.4169922e+01
   5.1686860e+06   3.4667969e+01
   5.1686980e+06   3.0517578e+01
   5.1687260e+06   3.0090332e+01
   5.1687390e+06   2.6672363e+01
   5.1687740e+06   3.0700684e+01
   5.1687980e+06   2.6428223e+01
   5.1688230e+06   2.9113770e+01
   5.1688370e+06   3.6437988e+01
   5.1688650e+06   2.5756836e+01
   5.1688960e+06   2.7832031e+01
   5.1689440e+06   2.9846191e+01
   5.1689790e+06   2.4169922e+01
   5.1690290e+06   2.6062012e+01
   5.1691410e+06   2.3925781e+01
   5.1692350e+06   2.4902344e+01
   5.1693720e+06   2.6428223e+01
   5.1695730e+06   2.7099609e+01
   5.1696180e+06   2.5695801e+01
   5.1698720e+06   2.6123047e+01
   5.1699440e+06   2.3864746e+01
   5.1703030e+06   2.3803711e+01
   5.1707970e+06   2.5268555e+01
   5.1816500e+06   3.0944824e+01
   5.1817800e+06   2.5146484e+01
   5.1818080e+06   4.1625977e+01
   5.1818910e+06   2.7770996e+01
   5.1819300e+06   2.3620605e+01
   5.1819970e+06   2.7160645e+01
   5.1820320e+06   3.5156250e+01
   5.1820810e+06   2.3803711e+01
   5.1821200e+06   2.7343750e+01
   5.1821840e+06   2.7465820e+01
   5.1822270e+06   2.9602051e+01
   5.1822440e+06   2.7343750e+01
   5.1822790e+06   2.9785156e+01
   5.1823030e+06   3.8452148e+01
   5.1823610e+06   2.5756836e+01
   5.1823790e+06   2.8686523e+01
   5.1824400e+06   2.6855469e+01
   5.1824540e+06   2.3742676e+01
   5.1825100e+06   2.3437500e+01
   5.1825360e+06   2.3925781e+01
   5.1825750e+06   2.5512695e+01
   5.1826840e+06   2.5268555e+01
   5.1827780e+06   2.4658203e+01
   5.1828420e+06   2.4230957e+01
   5.1830520e+06   2.7099609e+01
   5.1845030e+06   2.5390625e+01
   5.1928760e+06   2.7404785e+01
   5.1970890e+06   2.8381348e+01
   5.1972360e+06   2.3803711e+01
   5.1973120e+06   3.6132812e+01
   5.1975120e+06   2.7770996e+01
   5.1976930e+06   2.7648926e+01
   5.1978690e+06   3.0090332e+01
   5.1980390e+06   3.5522461e+01
   5.1982350e+06   2.8686523e+01
   5.2028390e+06   3.1005859e+01
   5.2028810e+06   2.4597168e+01
   5.2030770e+06   3.8208008e+01
   5.2033080e+06   2.9235840e+01
   5.2035300e+06   3.4362793e+01
   5.2037390e+06   2.3315430e+01
   5.2073180e+06   3.3264160e+01
   5.2106110e+06   4.3090820e+01
   5.2108250e+06   3.6193848e+01
   5.2110010e+06   2.5390625e+01
   5.2110730e+06   2.4963379e+01
   5.2111570e+06   3.2104492e+01
   5.2111910e+06   2.3315430e+01
   5.2113020e+06   3.1799316e+01
   5.2113370e+06   2.7465820e+01
   5.2114520e+06   2.4414062e+01
   5.2115650e+06   2.6916504e+01
   5.2115820e+06   2.3986816e+01
   5.2116850e+06   2.9541016e+01
   5.2117880e+06   2.5695801e+01
   5.2118060e+06   2.4963379e+01
   5.2119310e+06   2.6611328e+01
   5.2120560e+06   2.9296875e+01
   5.2121890e+06   2.5695801e+01
   5.2123310e+06   2.4353027e+01
   5.2125130e+06   2.3437500e+01
   5.2180000e+06   2.8808594e+01
   5.2216650e+06   3.1250000e+01
   5.2217590e+06   2.6916504e+01
   5.2220470e+06   2.9968262e+01
   5.2222830e+06   3.3813477e+01
   5.2266910e+06   3.1005859e+01
   5.2270060e+06   3.1799316e+01
   5.2305900e+06   3.3691406e+01
   5.2306820e+06   2.5390625e+01
   5.2351970e+06   3.8269043e+01
   5.2354410e+06   3.2836914e+01
   5.2355180e+06   2.4963379e+01
   5.2356380e+06   2.9968262e+01
   5.2357010e+06   2.4841309e+01
   5.2358290e+06   3.3264160e+01
   5.2360210e+06   3.4973145e+01
   5.2400680e+06   2.9296875e+01
   5.2445650e+06   2.8564453e+01
   5.2448280e+06   2.9174805e+01
   5.2493060e+06   3.5095215e+01
   5.2539030e+06   3.2287598e+01
   5.2543890e+06   3.0151367e+01
   5.2582270e+06   2.5878906e+01
   5.2582950e+06   2.9785156e+01
   5.2620270e+06   4.5837402e+01
   5.2620430e+06   2.3986816e+01
   5.2621490e+06   2.4536133e+01
   5.2658280e+06   2.6733398e+01
   5.2658470e+06   2.3315430e+01
   5.2699570e+06   3.6865234e+01
   5.2699900e+06   2.3376465e+01
   5.2737380e+06   2.3803711e+01
   5.2738270e+06   3.2653809e+01
   5.2778370e+06   2.3315430e+01
   5.2778490e+06   4.0161133e+01
   5.2779070e+06   2.4475098e+01
   5.2823070e+06   3.2653809e+01
   5.2897600e+06   3.1494141e+01
   5.2897990e+06   2.8137207e+01
   5.2940470e+06   4.8950195e+01
   5.2940610e+06   2.8259277e+01
   5.2943600e+06   3.0395508e+01
   5.2943890e+06   2.4230957e+01
   5.2992170e+06   3.8513184e+01
   5.2992440e+06   2.3437500e+01
   5.2992820e+06   2.8381348e+01
   5.3047420e+06   2.4597168e+01
   5.3047520e+06   3.8574219e+01
   5.3049160e+06   2.6550293e+01
   5.3101630e+06   4.7424316e+01
   5.3155040e+06   2.6428223e+01
   5.3206510e+06   3.0517578e+01
   5.3265800e+06   2.4780273e+01
   5.3269860e+06   2.3254395e+01
   5.3330050e+06   2.3864746e+01
   5.3330390e+06   2.6794434e+01
   5.3330650e+06   3.2775879e+01
   5.3332020e+06   2.4841309e+01
   5.3395360e+06   4.0222168e+01
   5.3450290e+06   2.3681641e+01
   5.3503330e+06   3.6376953e+01
   5.3512800e+06   2.3437500e+01
   5.3574640e+06   3.4790039e+01
   5.3575590e+06   2.3681641e+01
   5.3639300e+06   3.5522461e+01
   5.3709020e+06   3.0639648e+01
   5.3710460e+06   2.4597168e+01
   5.3711690e+06   2.8198242e+01
   5.3784540e+06   3.0578613e+01
   5.3786270e+06   2.5390625e+01
   5.3788640e+06   2.4902344e+01
   5.3788990e+06   3.1677246e+01
   5.3859180e+06   3.5339355e+01
   5.3860460e+06   2.5634766e+01
   5.3942380e+06   3.2043457e+01
   5.3943660e+06   3.1616211e+01
   5.3944910e+06   2.4291992e+01
   5.3945830e+06   2.3437500e+01
   5.3947110e+06   2.9785156e+01
   5.4097410e+06   2.5939941e+01
   5.4098100e+06   3.6621094e+01
   5.4098720e+06   2.5024414e+01
   5.4100080e+06   2.7282715e+01
   5.4102370e+06   3.3935547e+01
   5.4183890e+06   3.3386230e+01
   5.4185730e+06   2.5695801e+01
   5.4187270e+06   2.9052734e+01
   5.4270310e+06   2.8381348e+01
   5.4270930e+06   2.8076172e+01
   5.4271330e+06   2.4169922e+01
   5.4274590e+06   3.2836914e+01
   5.4360370e+06   3.3691406e+01
   5.4360590e+06   2.4291992e+01
   5.4361640e+06   2.4353027e+01
   5.4363580e+06   3.2958984e+01
   5.4453860e+06   2.6428223e+01
   5.4454260e+06   3.6621094e+01
   5.4455460e+06   2.6672363e+01
   5.4455850e+06   2.3254395e+01
   5.4456590e+06   2.6855469e+01
   5.4458090e+06   2.5451660e+01
   5.4557200e+06   2.4353027e+01
   5.4557760e+06   2.8869629e+01
   5.4557950e+06   2.8625488e+01
   5.4558740e+06   2.8381348e+01
   5.4560270e+06   2.9968262e+01
   5.4562850e+06   3.1738281e+01
   5.4686530e+06   2.9541016e+01
   5.4688680e+06   2.7282715e+01
   5.4689810e+06   2.5695801e+01
   5.4690210e+06   2.8808594e+01
   5.4691250e+06   3.0761719e+01
   5.4691570e+06   3.3752441e+01
   5.4691790e+06   2.6306152e+01
   5.4692140e+06   2.7893066e+01
   5.4692500e+06   4.8217773e+01
   5.4692810e+06   2.7404785e+01
   5.4693220e+06   3.2226562e+01
   5.4694590e+06   2.5817871e+01
   5.4694930e+06   2.3742676e+01
   5.4695240e+06   2.3376465e+01
   5.4695630e+06   2.4536133e+01
   5.4695950e+06   2.3742676e+01
   5.4696330e+06   2.9418945e+01
   5.4696670e+06   2.5390625e+01
   5.4697090e+06   2.5756836e+01
   5.4697580e+06   2.7465820e+01
   5.4697910e+06   2.3986816e+01
   5.4698310e+06   2.3315430e+01
   5.4699530e+06   2.4780273e+01
   5.4700370e+06   3.3630371e+01
   5.4701060e+06   2.4108887e+01
   5.4702890e+06   2.4047852e+01
   5.4704800e+06   2.7221680e+01
   5.4709380e+06   2.7038574e+01
   5.4714290e+06   2.9296875e+01
   5.4974050e+06   2.5085449e+01
   5.4975910e+06   3.0639648e+01
   5.5060920e+06   2.7221680e+01
   5.5061520e+06   5.1879883e+01
   5.5062680e+06   2.3925781e+01
   5.5065070e+06   3.5644531e+01
   5.5160300e+06   2.5146484e+01
   5.5160700e+06   2.5146484e+01
   5.5160820e+06   2.8198242e+01
   5.5164420e+06   2.9663086e+01
   5.5289610e+06   2.6794434e+01
   5.5292780e+06   2.5878906e+01
   5.5385220e+06   2.9357910e+01
   5.5388150e+06   2.4108887e+01
   5.5495050e+06   3.3020020e+01
   5.5495600e+06   2.4780273e+01
   5.5598970e+06   3.3508301e+01
   5.5599820e+06   2.6489258e+01
   5.5715400e+06   3.0456543e+01
   5.5716230e+06   2.5207520e+01
   5.5716430e+06   2.5085449e+01
   5.5834660e+06   3.1433105e+01
   5.6012330e+06   3.1005859e+01
   5.6012750e+06   2.9663086e+01
   5.6014890e+06   2.6855469e+01
   5.6016940e+06   3.3935547e+01
   5.6018160e+06   2.7954102e+01
   5.6018310e+06   2.8686523e+01
   5.6018980e+06   2.5817871e+01
   5.6019190e+06   2.7160645e+01
   5.6019470e+06   2.5451660e+01
   5.6019670e+06   2.4536133e+01
   5.6019890e+06   2.8381348e+01
   5.6020170e+06   2.6184082e+01
   5.6020340e+06   2.3986816e+01
   5.6020700e+06   3.1982422e+01
   5.6021150e+06   2.6062012e+01
   5.6021450e+06   3.1188965e+01
   5.6022290e+06   2.6672363e+01
   5.6023220e+06   2.4597168e+01
   5.6023560e+06   2.4353027e+01
   5.6023800e+06   2.3742676e+01
   5.6025330e+06   2.3620605e+01
   5.6026230e+06   2.3681641e+01
   5.6026870e+06   2.3742676e+01
   5.6030350e+06   2.5573730e+01
   5.6031540e+06   2.3315430e+01
   5.6038120e+06   2.3620605e+01
   5.6040010e+06   2.3559570e+01
   5.6041300e+06   2.3437500e+01
