   5.9990000e+06   0.0000000e+00
   8.1720000e+03   2.0202637e+01
   8.3100000e+03   2.1423340e+01
   8.4090000e+03   2.0812988e+01
   8.5250000e+03   2.0874023e+01
   8.8480000e+03   2.0202637e+01
   2.5271000e+04   2.0202637e+01
   2.5457000e+04   2.1728516e+01
   4.6975000e+04   2.0141602e+01
   4.7238000e+04   2.1850586e+01
   4.8078000e+04   2.3315430e+01
   6.4149000e+04   2.1911621e+01
   6.4177000e+04   2.0629883e+01
   7.8833000e+04   2.2155762e+01
   7.8908000e+04   2.5146484e+01
   7.9145000e+04   2.0446777e+01
   7.9284000e+04   2.0507812e+01
   1.0305000e+05   2.0568848e+01
   1.0323400e+05   2.2338867e+01
   1.0331100e+05   2.1240234e+01
   1.0339100e+05   2.0263672e+01
   1.0348900e+05   2.3254395e+01
   1.1849400e+05   2.1667480e+01
   1.3460400e+05   2.1240234e+01
   1.3471200e+05   2.0446777e+01
   1.3501900e+05   2.1423340e+01
   1.5948500e+05   2.0568848e+01
   1.5959800e+05   2.1728516e+01
   1.6090200e+05   2.0996094e+01
   1.8722500e+05   2.0507812e+01
   1.8733100e+05   2.0568848e+01
   1.8739500e+05   2.0812988e+01
   1.8778200e+05   2.0324707e+01
   6.1722500e+05   2.1301270e+01
   6.1730500e+05   2.8869629e+01
   6.1735400e+05   2.1789551e+01
   6.1737600e+05   2.2888184e+01
   6.1748600e+05   2.6794434e+01
   6.1756900e+05   2.2094727e+01
   6.1777700e+05   2.0690918e+01
   6.1829100e+05   2.0202637e+01
   7.9662100e+05   2.3742676e+01
   7.9671300e+05   2.0141602e+01
   7.9672800e+05   2.4291992e+01
   7.9694600e+05   2.1057129e+01
   7.9760900e+05   2.1423340e+01
   7.9819200e+05   2.0996094e+01
   8.1137700e+05   2.0935059e+01
   8.1153700e+05   2.0324707e+01
   8.1159000e+05   2.0935059e+01
   8.1185900e+05   2.1118164e+01
   8.2130700e+05   2.0080566e+01
   8.2148000e+05   2.2094727e+01
   8.2225500e+05   2.3315430e+01
   8.2255700e+05   2.2460938e+01
   8.3664700e+05   2.6428223e+01
   8.3678500e+05   2.1240234e+01
   8.3709000e+05   2.0568848e+01
   8.6124800e+05   2.3315430e+01
   8.6126000e+05   2.0996094e+01
   8.7286300e+05   2.0812988e+01
   8.7303200e+05   2.0812988e+01
   8.8534500e+05   2.0324707e+01
   8.9729100e+05   2.1301270e+01
   8.9751500e+05   2.1972656e+01
   9.0935100e+05   2.3132324e+01
   9.0955100e+05   2.0507812e+01
   9.2159900e+05   2.1240234e+01
   9.3160100e+05   2.0019531e+01
   9.3967400e+05   2.0019531e+01
   9.4879900e+05   2.2216797e+01
   9.6770500e+05   2.0629883e+01
   1.0014810e+06   2.1179199e+01
   1.0191180e+06   2.0263672e+01
   1.0192330e+06   2.0202637e+01
   1.0195220e+06   2.0080566e+01
   1.0433900e+06   2.2644043e+01
   1.0435250e+06   2.3986816e+01
   1.0780240e+06   2.2094727e+01
   1.0782500e+06   2.3315430e+01
   1.0783080e+06   2.0568848e+01
   1.0786420e+06   2.1362305e+01
   1.0790000e+06   2.3498535e+01
   1.5300520e+06   2.4047852e+01
   1.5301150e+06   2.0324707e+01
   1.5301320e+06   2.6062012e+01
   1.5302320e+06   2.0019531e+01
   1.5302720e+06   2.0324707e+01
   1.5302850e+06   2.0141602e+01
   1.5303520e+06   2.2155762e+01
   1.5305540e+06   2.0080566e+01
   1.5309210e+06   2.0141602e+01
   1.5310140e+06   2.1240234e+01
   1.7200550e+06   2.0935059e+01
   1.7201750e+06   2.0812988e+01
   1.7202150e+06   2.1667480e+01
   1.7202370e+06   2.0263672e+01
   1.7203170e+06   2.0202637e+01
   1.7206780e+06   2.0507812e+01
   1.7311360e+06   2.0568848e+01
   1.7312270e+06   2.4719238e+01
   1.7312730e+06   2.1240234e+01
   1.7315720e+06   2.5268555e+01
   1.7519650e+06   2.0874023e+01
   1.7519930e+06   2.0690918e+01
   1.7760440e+06   2.1484375e+01
   1.7766110e+06   2.2033691e+01
   1.7766660e+06   2.3681641e+01
   1.7767970e+06   2.0141602e+01
   1.7940330e+06   2.1728516e+01
   1.7941620e+06   2.3559570e+01
   1.7942020e+06   2.0019531e+01
   1.8356470e+06   2.2644043e+01
   1.8592090e+06   2.1545410e+01
   1.8893800e+06   2.0263672e+01
   1.8972890e+06   2.3498535e+01
   1.8973740e+06   2.2827148e+01
   1.9221600e+06   2.1423340e+01
   1.9221720e+06   2.1606445e+01
   1.9504440e+06   2.0629883e+01
   1.9505050e+06   2.3803711e+01
   1.9506100e+06   2.0141602e+01
   1.9506900e+06   2.1118164e+01
   1.9715690e+06   2.6000977e+01
   2.8551320e+06   2.0141602e+01
   2.8551980e+06   2.2033691e+01
   2.8552640e+06   2.0507812e+01
   2.8552840e+06   2.0629883e+01
   2.8553450e+06   2.0385742e+01
   2.8554010e+06   2.0385742e+01
   2.8560720e+06   2.0507812e+01
   2.8659730e+06   2.1667480e+01
   2.8665780e+06   2.0263672e+01
   2.8817910e+06   2.1240234e+01
   2.8973040e+06   2.2644043e+01
   2.8976600e+06   2.3681641e+01
   2.9126420e+06   2.0874023e+01
   2.9286080e+06   2.2888184e+01
   2.9286220e+06   2.0019531e+01
   2.9286530e+06   2.0385742e+01
   2.9287670e+06   2.0996094e+01
   2.9287810e+06   2.7160645e+01
   2.9294860e+06   2.1606445e+01
   2.9519360e+06   2.1301270e+01
   2.9521070e+06   2.2216797e+01
   2.9525000e+06   2.2155762e+01
   2.9718190e+06   2.1057129e+01
   2.9722050e+06   2.0751953e+01
   2.9898310e+06   2.0690918e+01
   3.0072490e+06   2.1606445e+01
   3.0079550e+06   2.0263672e+01
   3.0303020e+06   2.1179199e+01
   3.0304320e+06   2.1728516e+01
   3.0304670e+06   2.0874023e+01
   3.0305400e+06   3.1433105e+01
   3.0306390e+06   2.0996094e+01
   3.0306730e+06   2.0507812e+01
   3.0309180e+06   2.1057129e+01
   3.0309830e+06   2.1545410e+01
   3.0581530e+06   2.1301270e+01
   3.3340400e+06   2.0080566e+01
   3.4200180e+06   2.6916504e+01
   3.4201230e+06   2.0507812e+01
   4.5291410e+06   2.1728516e+01
   4.5292090e+06   2.3193359e+01
   4.5292700e+06   2.4291992e+01
   4.5293470e+06   2.3254395e+01
   4.5404770e+06   2.4230957e+01
   4.5405670e+06   2.3376465e+01
   4.5582960e+06   2.5268555e+01
   4.5583340e+06   2.0202637e+01
   4.5584510e+06   2.1362305e+01
   4.5585920e+06   2.0568848e+01
   4.5586170e+06   2.1789551e+01
   4.5589060e+06   2.0690918e+01
   4.5775240e+06   2.0019531e+01
   4.5778110e+06   2.1423340e+01
   4.5780560e+06   2.0324707e+01
   4.5953490e+06   2.0935059e+01
   4.5954790e+06   2.5390625e+01
   4.5958770e+06   2.1118164e+01
   4.6138660e+06   2.2521973e+01
   4.6139110e+06   2.3559570e+01
   4.6142120e+06   2.2460938e+01
   4.6143170e+06   2.0874023e+01
   4.6352330e+06   2.1179199e+01
   4.6659150e+06   2.4780273e+01
   4.6661340e+06   2.2766113e+01
   4.7146900e+06   2.2277832e+01
   4.7147340e+06   2.1606445e+01
   4.7148050e+06   2.3803711e+01
   4.7149710e+06   2.2155762e+01
   4.7488070e+06   2.2949219e+01
   4.7489990e+06   2.1789551e+01
   4.7491970e+06   2.3254395e+01
   4.7885140e+06   2.0751953e+01
   4.7887100e+06   2.4169922e+01
   5.1686540e+06   2.0874023e+01
   5.1686730e+06   2.0019531e+01
   5.1687700e+06   2.0263672e+01
   5.1688070e+06   2.0874023e+01
   5.1688580e+06   2.1667480e+01
   5.1688890e+06   2.0080566e+01
   5.1689450e+06   2.2033691e+01
   5.1690120e+06   2.3498535e+01
   5.1691730e+06   2.5024414e+01
   5.1820810e+06   2.0202637e+01
   5.1823740e+06   2.0751953e+01
   5.1831550e+06   2.0019531e+01
   5.2115870e+06   2.1667480e+01
   5.3865750e+06   2.2644043e+01
   5.4694170e+06   2.7221680e+01
   5.4694840e+06   2.0629883e+01
   5.4695290e+06   2.0202637e+01
   5.4696430e+06   2.0812988e+01
   5.4697700e+06   2.3498535e+01
   5.6019850e+06   2.0751953e+01
   5.6021180e+06   2.2399902e+01
