   5.9990000e+06   0.0000000e+00
   8.1960000e+03   3.0212402e+01
   8.2990000e+03   4.9621582e+01
   8.3600000e+03   3.2043457e+01
   8.3810000e+03   3.8513184e+01
   8.4250000e+03   2.3559570e+01
   8.4670000e+03   4.8828125e+01
   8.4870000e+03   2.4841309e+01
   8.5030000e+03   2.5634766e+01
   8.5360000e+03   2.8930664e+01
   8.5980000e+03   3.4545898e+01
   8.6090000e+03   2.3986816e+01
   8.6390000e+03   2.4353027e+01
   8.6600000e+03   2.4902344e+01
   8.7280000e+03   2.9296875e+01
   8.7670000e+03   2.4963379e+01
   8.8320000e+03   2.6855469e+01
   8.9610000e+03   2.2399902e+01
   9.0250000e+03   2.7404785e+01
   9.1060000e+03   2.2583008e+01
   9.1850000e+03   2.2644043e+01
   9.2750000e+03   2.3071289e+01
   9.3950000e+03   2.3620605e+01
   2.5300000e+04   2.4658203e+01
   2.5373000e+04   3.8391113e+01
   2.5426000e+04   2.2949219e+01
   2.5445000e+04   3.5583496e+01
   2.5512000e+04   3.9489746e+01
   2.5556000e+04   4.0405273e+01
   2.5570000e+04   4.8950195e+01
   2.5623000e+04   3.0090332e+01
   2.5654000e+04   2.9724121e+01
   2.5680000e+04   2.3193359e+01
   2.5736000e+04   2.4169922e+01
   2.5785000e+04   2.3071289e+01
   2.5855000e+04   2.5268555e+01
   2.6007000e+04   2.2949219e+01
   2.6276000e+04   2.6428223e+01
   2.6316000e+04   2.4658203e+01
   2.6344000e+04   2.6000977e+01
   2.6541000e+04   2.3437500e+01
   3.7870000e+04   2.3437500e+01
   3.8084000e+04   3.9916992e+01
   4.6634000e+04   2.2766113e+01
   4.7164000e+04   2.3315430e+01
   4.7198000e+04   3.1127930e+01
   4.7308000e+04   3.2165527e+01
   4.7322000e+04   3.1311035e+01
   4.7377000e+04   4.2053223e+01
   4.7420000e+04   2.4841309e+01
   4.7452000e+04   4.3151855e+01
   4.7474000e+04   2.8503418e+01
   4.7500000e+04   3.2897949e+01
   4.7518000e+04   2.7038574e+01
   4.7549000e+04   2.2644043e+01
   4.7572000e+04   3.3996582e+01
   4.7633000e+04   2.9541016e+01
   4.7659000e+04   2.5146484e+01
   4.7685000e+04   2.7221680e+01
   4.7748000e+04   2.5207520e+01
   4.7813000e+04   2.7404785e+01
   4.8003000e+04   2.9968262e+01
   4.8085000e+04   2.3681641e+01
   4.8152000e+04   2.5146484e+01
   4.8241000e+04   2.4353027e+01
   6.3843000e+04   3.2897949e+01
   6.3918000e+04   5.3588867e+01
   6.3981000e+04   3.7658691e+01
   6.3992000e+04   3.5949707e+01
   6.4040000e+04   3.4240723e+01
   6.4095000e+04   4.1015625e+01
   6.4129000e+04   2.4902344e+01
   6.4158000e+04   2.7954102e+01
   6.4212000e+04   2.2705078e+01
   6.4283000e+04   2.5939941e+01
   6.4348000e+04   2.8503418e+01
   6.4423000e+04   2.5451660e+01
   6.4485000e+04   2.2827148e+01
   6.4598000e+04   2.7221680e+01
   6.4864000e+04   2.3132324e+01
   6.5143000e+04   2.3254395e+01
   7.8391000e+04   2.3315430e+01
   7.8641000e+04   3.4362793e+01
   7.8669000e+04   2.6306152e+01
   7.8721000e+04   2.5939941e+01
   7.8741000e+04   3.6682129e+01
   7.8805000e+04   3.4790039e+01
   7.8851000e+04   2.4169922e+01
   7.8874000e+04   2.6977539e+01
   7.8931000e+04   2.3498535e+01
   7.8943000e+04   2.7832031e+01
   7.8977000e+04   2.7465820e+01
   7.8989000e+04   2.6367188e+01
   7.9028000e+04   2.6489258e+01
   7.9166000e+04   2.6306152e+01
   7.9179000e+04   2.5817871e+01
   7.9293000e+04   2.3315430e+01
   7.9328000e+04   2.2827148e+01
   7.9483000e+04   2.5268555e+01
   9.1422000e+04   2.7099609e+01
   1.0286200e+05   2.2888184e+01
   1.0321100e+05   3.0090332e+01
   1.0329200e+05   4.3640137e+01
   1.0335600e+05   3.8269043e+01
   1.0337200e+05   2.3010254e+01
   1.0339800e+05   2.4597168e+01
   1.0343400e+05   2.4780273e+01
   1.0346800e+05   3.9245605e+01
   1.0352400e+05   2.4719238e+01
   1.0360300e+05   3.2470703e+01
   1.0362600e+05   2.3254395e+01
   1.0364100e+05   2.5329590e+01
   1.0368800e+05   2.5756836e+01
   1.0380200e+05   2.3986816e+01
   1.0387200e+05   2.6977539e+01
   1.0395200e+05   2.3254395e+01
   1.0403800e+05   2.3132324e+01
   1.0418100e+05   2.2460938e+01
   1.0419700e+05   2.2949219e+01
   1.1817400e+05   3.8696289e+01
   1.1819600e+05   2.4841309e+01
   1.1823200e+05   2.4353027e+01
   1.1827500e+05   3.1005859e+01
   1.1834200e+05   2.9724121e+01
   1.1836300e+05   2.3254395e+01
   1.1838500e+05   2.5817871e+01
   1.1840200e+05   2.3193359e+01
   1.1842100e+05   2.3010254e+01
   1.1846100e+05   2.9479980e+01
   1.1847900e+05   3.3813477e+01
   1.1853700e+05   3.2348633e+01
   1.1855900e+05   2.5451660e+01
   1.1860300e+05   2.6367188e+01
   1.1865500e+05   2.9724121e+01
   1.1872000e+05   2.4536133e+01
   1.1873400e+05   2.2583008e+01
   1.1880100e+05   2.6062012e+01
   1.1885900e+05   2.3193359e+01
   1.1888200e+05   2.4414062e+01
   1.1896400e+05   2.3498535e+01
   1.1904300e+05   2.2888184e+01
   1.3441100e+05   2.3071289e+01
   1.3458400e+05   2.3986816e+01
   1.3461600e+05   3.3142090e+01
   1.3467200e+05   2.9113770e+01
   1.3470200e+05   3.1188965e+01
   1.3477800e+05   2.8015137e+01
   1.3480900e+05   2.7465820e+01
   1.3483100e+05   2.8259277e+01
   1.3488500e+05   2.4414063e+01
   1.3492400e+05   3.1188965e+01
   1.3493900e+05   2.5634766e+01
   1.3496900e+05   2.3864746e+01
   1.3500200e+05   2.5817871e+01
   1.3505000e+05   2.3742676e+01
   1.3516600e+05   2.8808594e+01
   1.3533600e+05   2.5573730e+01
   1.3558000e+05   2.7526855e+01
   1.3567400e+05   2.4169922e+01
   1.5957900e+05   2.6611328e+01
   1.5960200e+05   2.3071289e+01
   1.5963300e+05   3.8696289e+01
   1.5967200e+05   3.0090332e+01
   1.5970300e+05   3.8696289e+01
   1.5972900e+05   2.3559570e+01
   1.5975900e+05   4.0832520e+01
   1.5978200e+05   2.4169922e+01
   1.5980500e+05   3.8757324e+01
   1.5985400e+05   2.2827148e+01
   1.5992800e+05   2.3986816e+01
   1.5995800e+05   2.2888184e+01
   1.6000300e+05   2.4108887e+01
   1.6055400e+05   2.2460938e+01
   1.8706300e+05   2.3193359e+01
   1.8720700e+05   3.8940430e+01
   1.8725200e+05   2.6123047e+01
   1.8726900e+05   2.8198242e+01
   1.8728100e+05   2.5512695e+01
   1.8730500e+05   3.0395508e+01
   1.8733500e+05   2.3864746e+01
   1.8735800e+05   3.1982422e+01
   1.8741800e+05   3.3569336e+01
   1.8743500e+05   2.4414062e+01
   1.8747100e+05   2.3742676e+01
   1.8749400e+05   2.3071289e+01
   1.8752000e+05   2.4841309e+01
   1.8754700e+05   2.6367188e+01
   1.8757800e+05   2.4108887e+01
   1.8758800e+05   2.4536133e+01
   1.8763100e+05   2.3376465e+01
   1.8770400e+05   2.2949219e+01
   1.8775100e+05   2.5390625e+01
   1.8777500e+05   2.3925781e+01
   1.8824000e+05   2.8564453e+01
   6.1733000e+05   4.7119141e+01
   6.1737500e+05   3.2104492e+01
   6.1739300e+05   2.4353027e+01
   6.1742400e+05   2.5451660e+01
   6.1745200e+05   2.4353027e+01
   6.1750000e+05   2.7770996e+01
   6.1754100e+05   2.5329590e+01
   6.1757600e+05   2.3010254e+01
   6.1762300e+05   2.4169922e+01
   6.1766100e+05   2.2827148e+01
   6.1792800e+05   2.2705078e+01
   6.1795700e+05   2.3620605e+01
   6.1810200e+05   2.3376465e+01
   6.1811600e+05   2.2705078e+01
   6.1815200e+05   2.2644043e+01
   6.1818700e+05   2.5939941e+01
   6.1841800e+05   2.3742676e+01
   6.1849000e+05   2.7221680e+01
   6.1854700e+05   2.4597168e+01
   6.1859200e+05   2.3498535e+01
   6.1866800e+05   2.5085449e+01
   6.1876300e+05   2.8747559e+01
   6.1887100e+05   2.6489258e+01
   6.1902900e+05   2.6062012e+01
   7.9670600e+05   3.1066895e+01
   7.9671800e+05   3.0700684e+01
   7.9674900e+05   3.2348633e+01
   7.9677400e+05   2.5634766e+01
   7.9679400e+05   3.1311035e+01
   7.9682700e+05   2.2460938e+01
   7.9684000e+05   2.5329590e+01
   7.9692200e+05   2.5573730e+01
   7.9703700e+05   2.7282715e+01
   7.9721200e+05   2.4414062e+01
   7.9740400e+05   2.2583008e+01
   7.9742700e+05   3.0883789e+01
   7.9757000e+05   2.2583008e+01
   7.9760000e+05   2.4902344e+01
   7.9771500e+05   3.0395508e+01
   7.9779500e+05   2.6611328e+01
   7.9785900e+05   2.7893066e+01
   7.9795700e+05   2.2766113e+01
   7.9808100e+05   3.2226562e+01
   7.9818400e+05   3.0151367e+01
   7.9834900e+05   2.5146484e+01
   7.9891300e+05   2.3132324e+01
   8.1136700e+05   2.2399902e+01
   8.1138200e+05   2.4108887e+01
   8.1140500e+05   3.7719727e+01
   8.1146500e+05   4.6264648e+01
   8.1149100e+05   2.7282715e+01
   8.1150800e+05   3.4729004e+01
   8.1154700e+05   4.6508789e+01
   8.1155700e+05   2.2888184e+01
   8.1159300e+05   3.0334473e+01
   8.1162700e+05   2.5512695e+01
   8.1164000e+05   2.7526855e+01
   8.1168300e+05   3.1677246e+01
   8.1174700e+05   2.3437500e+01
   8.1186600e+05   2.4169922e+01
   8.1212100e+05   2.8625488e+01
   8.1227000e+05   2.3681641e+01
   8.1233800e+05   2.5451660e+01
   8.2158000e+05   2.3925781e+01
   8.2160900e+05   2.5268555e+01
   8.2163300e+05   2.2766113e+01
   8.2166700e+05   2.5085449e+01
   8.2170900e+05   3.7292480e+01
   8.2174000e+05   2.5512695e+01
   8.2177700e+05   3.0639648e+01
   8.2179100e+05   2.5878906e+01
   8.2183800e+05   4.2175293e+01
   8.2187000e+05   2.4108887e+01
   8.2188200e+05   2.2583008e+01
   8.2189900e+05   2.4291992e+01
   8.2195300e+05   2.4414062e+01
   8.2198200e+05   3.0883789e+01
   8.2200100e+05   2.4475098e+01
   8.2204400e+05   2.8869629e+01
   8.2211200e+05   3.1127930e+01
   8.2217800e+05   2.4902344e+01
   8.2224800e+05   3.4912109e+01
   8.2226900e+05   2.4108887e+01
   8.2229300e+05   2.5756836e+01
   8.2243100e+05   2.8198242e+01
   8.2254000e+05   2.8442383e+01
   8.2276300e+05   2.5878906e+01
   8.3664200e+05   2.3620605e+01
   8.3671000e+05   2.9479980e+01
   8.3672000e+05   2.9235840e+01
   8.3674800e+05   2.2827148e+01
   8.3677700e+05   4.1625977e+01
   8.3684800e+05   2.6550293e+01
   8.3690500e+05   3.1616211e+01
   8.3695400e+05   3.1799316e+01
   8.3696700e+05   3.1494141e+01
   8.3700500e+05   2.7404785e+01
   8.3706600e+05   2.6245117e+01
   8.3719000e+05   2.6428223e+01
   8.3751800e+05   2.8381348e+01
   8.3760000e+05   2.5573730e+01
   8.3768500e+05   2.4597168e+01
   8.4904000e+05   2.3681641e+01
   8.4912000e+05   2.4902344e+01
   8.4916400e+05   3.1494141e+01
   8.4927000e+05   3.1494141e+01
   8.4936200e+05   3.7963867e+01
   8.4942900e+05   4.0832520e+01
   8.4946500e+05   2.8198242e+01
   8.4956800e+05   2.6855469e+01
   8.4962900e+05   2.3559570e+01
   8.4969000e+05   2.3559570e+01
   8.4973800e+05   2.8259277e+01
   8.4975100e+05   3.6804199e+01
   8.4983500e+05   3.2104492e+01
   8.4991300e+05   2.9235840e+01
   8.5000900e+05   2.5695801e+01
   8.5002700e+05   2.5024414e+01
   8.5009500e+05   2.4353027e+01
   8.5028100e+05   2.8625488e+01
   8.6100400e+05   2.8564453e+01
   8.6103900e+05   3.5400391e+01
   8.6116400e+05   2.4414062e+01
   8.6119800e+05   2.2766113e+01
   8.6125300e+05   2.7465820e+01
   8.6127900e+05   2.7465820e+01
   8.6134300e+05   4.1137695e+01
   8.6141800e+05   3.1005859e+01
   8.6149000e+05   2.8503418e+01
   8.6154400e+05   2.3254395e+01
   8.6157100e+05   2.4475098e+01
   8.6164200e+05   2.3559570e+01
   8.6171900e+05   2.5573730e+01
   8.6181200e+05   2.7709961e+01
   8.6201500e+05   2.2827148e+01
   8.6211700e+05   2.9052734e+01
   8.7261100e+05   2.5085449e+01
   8.7274000e+05   3.5766602e+01
   8.7278400e+05   2.6550293e+01
   8.7286100e+05   3.4179688e+01
   8.7290400e+05   2.5878906e+01
   8.7295300e+05   4.2602539e+01
   8.7303200e+05   3.5644531e+01
   8.7306600e+05   2.3986816e+01
   8.7308200e+05   2.9174805e+01
   8.7311000e+05   2.8442383e+01
   8.7314800e+05   2.4291992e+01
   8.7318500e+05   2.3132324e+01
   8.7324100e+05   2.4108887e+01
   8.7326300e+05   2.7770996e+01
   8.7329400e+05   2.2644043e+01
   8.7333500e+05   2.5329590e+01
   8.7337400e+05   2.3620605e+01
   8.7340900e+05   2.3254395e+01
   8.7355100e+05   2.5268555e+01
   8.7360700e+05   2.3803711e+01
   8.8521800e+05   2.8198242e+01
   8.8524400e+05   2.3071289e+01
   8.8527500e+05   2.2460938e+01
   8.8530900e+05   2.4291992e+01
   8.8532700e+05   3.4484863e+01
   8.8539200e+05   2.6123047e+01
   8.8540900e+05   3.6437988e+01
   8.8544900e+05   2.4108887e+01
   8.8548400e+05   3.8208008e+01
   8.8554500e+05   3.4423828e+01
   8.8562500e+05   2.7099609e+01
   8.8564200e+05   2.4169922e+01
   8.8567600e+05   2.6428223e+01
   8.8570900e+05   2.3193359e+01
   8.8584000e+05   2.8015137e+01
   8.8590500e+05   2.5451660e+01
   8.8608000e+05   2.5451660e+01
   8.8616100e+05   2.2644043e+01
   8.8625700e+05   2.8320313e+01
   8.9713800e+05   3.2226562e+01
   8.9715900e+05   2.8930664e+01
   8.9726600e+05   4.9194336e+01
   8.9730800e+05   2.3437500e+01
   8.9737400e+05   3.6254883e+01
   8.9747600e+05   3.6071777e+01
   8.9750200e+05   2.8686523e+01
   8.9752400e+05   2.3010254e+01
   8.9757100e+05   4.0039062e+01
   8.9762900e+05   2.6855469e+01
   8.9765300e+05   2.5329590e+01
   8.9772800e+05   2.8442383e+01
   8.9776700e+05   2.3864746e+01
   8.9781500e+05   2.9418945e+01
   8.9796500e+05   3.0761719e+01
   8.9807300e+05   2.5390625e+01
   9.0917700e+05   2.6245117e+01
   9.0922500e+05   2.4841309e+01
   9.0924500e+05   3.4790039e+01
   9.0929000e+05   2.5024414e+01
   9.0937500e+05   4.0710449e+01
   9.0939900e+05   2.3437500e+01
   9.0946900e+05   3.1677246e+01
   9.0948200e+05   2.2644043e+01
   9.0955800e+05   2.8137207e+01
   9.0960400e+05   2.5695801e+01
   9.0963600e+05   2.5146484e+01
   9.0968900e+05   2.4291992e+01
   9.0971300e+05   3.3508301e+01
   9.0976200e+05   3.1066895e+01
   9.0979600e+05   3.0822754e+01
   9.0989600e+05   2.7099609e+01
   9.0997300e+05   3.0151367e+01
   9.1006400e+05   2.6306152e+01
   9.2063200e+05   2.2644043e+01
   9.2094100e+05   2.2766113e+01
   9.2101600e+05   3.1005859e+01
   9.2111700e+05   2.3986816e+01
   9.2114800e+05   2.3010254e+01
   9.2120300e+05   2.3498535e+01
   9.2121500e+05   3.1921387e+01
   9.2131500e+05   3.0334473e+01
   9.2139900e+05   3.2592773e+01
   9.2183700e+05   2.2644043e+01
   9.3116900e+05   2.6489258e+01
   9.3128200e+05   2.3498535e+01
   9.3980400e+05   2.6123047e+01
   9.3991500e+05   2.8015137e+01
   9.4009300e+05   2.4780273e+01
   9.4881700e+05   2.3071289e+01
   9.4899800e+05   2.8747559e+01
   9.4903400e+05   2.5451660e+01
   9.4908900e+05   3.9550781e+01
   9.4911900e+05   2.4047852e+01
   9.4927200e+05   2.3864746e+01
   9.4935100e+05   2.4902344e+01
   9.5883300e+05   2.3803711e+01
   9.6747700e+05   2.4719238e+01
   9.6764100e+05   2.7770996e+01
   9.6779500e+05   2.9907227e+01
   9.6783200e+05   2.9907227e+01
   9.6790000e+05   2.5146484e+01
   9.6794800e+05   3.5827637e+01
   9.6806400e+05   3.5217285e+01
   9.6839700e+05   2.4658203e+01
   9.8937600e+05   2.6855469e+01
   9.9017000e+05   2.2949219e+01
   1.0015320e+06   2.3864746e+01
   1.0188160e+06   2.2888184e+01
   1.0188720e+06   2.4658203e+01
   1.0189360e+06   2.6977539e+01
   1.0189610e+06   4.0954590e+01
   1.0189860e+06   3.1555176e+01
   1.0190460e+06   3.9306641e+01
   1.0190700e+06   2.3925781e+01
   1.0191270e+06   3.4545898e+01
   1.0192250e+06   3.2592773e+01
   1.0192480e+06   2.2644043e+01
   1.0192980e+06   3.5278320e+01
   1.0193790e+06   2.5939941e+01
   1.0194080e+06   2.6489258e+01
   1.0194880e+06   2.7587891e+01
   1.0196490e+06   2.3986816e+01
   1.0433970e+06   2.3620605e+01
   1.0434450e+06   2.6367188e+01
   1.0434840e+06   4.1870117e+01
   1.0435560e+06   4.5043945e+01
   1.0435780e+06   2.3193359e+01
   1.0436140e+06   2.4597168e+01
   1.0436370e+06   2.4353027e+01
   1.0436680e+06   3.3203125e+01
   1.0437220e+06   3.4912109e+01
   1.0437860e+06   2.7832031e+01
   1.0438400e+06   3.5461426e+01
   1.0438960e+06   3.0578613e+01
   1.0439440e+06   2.6550293e+01
   1.0439540e+06   2.9479980e+01
   1.0440200e+06   2.3742676e+01
   1.0440760e+06   2.4963379e+01
   1.0440880e+06   2.3742676e+01
   1.0442290e+06   2.3498535e+01
   1.0442990e+06   2.5695801e+01
   1.0444240e+06   2.3864746e+01
   1.0781400e+06   3.5888672e+01
   1.0781630e+06   4.3884277e+01
   1.0782260e+06   3.3630371e+01
   1.0782630e+06   2.7404785e+01
   1.0782810e+06   3.7292480e+01
   1.0783020e+06   2.4536133e+01
   1.0783260e+06   2.9846191e+01
   1.0784180e+06   3.1250000e+01
   1.0784290e+06   2.4047852e+01
   1.0786170e+06   2.3071289e+01
   1.0786770e+06   2.9724121e+01
   1.0789940e+06   2.4414062e+01
   1.0791710e+06   2.3681641e+01
   1.5301360e+06   2.4353027e+01
   1.5301520e+06   4.1015625e+01
   1.5301910e+06   4.1992188e+01
   1.5302160e+06   2.6245117e+01
   1.5302370e+06   2.5939941e+01
   1.5302880e+06   2.3864746e+01
   1.5303300e+06   2.7099609e+01
   1.5304070e+06   2.3010254e+01
   1.5304500e+06   2.4658203e+01
   1.5305780e+06   2.2766113e+01
   1.5306540e+06   3.1005859e+01
   1.5308080e+06   2.8747559e+01
   1.5308780e+06   2.2644043e+01
   1.5309890e+06   2.5756836e+01
   1.5311690e+06   2.9541016e+01
   1.5311980e+06   2.2705078e+01
   1.5313530e+06   2.5390625e+01
   1.5315810e+06   2.5207520e+01
   1.5317680e+06   2.8076172e+01
   1.7201100e+06   2.7648926e+01
   1.7201600e+06   4.1442871e+01
   1.7202000e+06   5.2124023e+01
   1.7202200e+06   2.5390625e+01
   1.7202310e+06   3.3203125e+01
   1.7202500e+06   2.4230957e+01
   1.7202690e+06   2.2521973e+01
   1.7203120e+06   2.3193359e+01
   1.7203610e+06   2.2460938e+01
   1.7203870e+06   2.6306152e+01
   1.7205730e+06   2.2460938e+01
   1.7206810e+06   2.5451660e+01
   1.7209220e+06   2.3071289e+01
   1.7209690e+06   2.4047852e+01
   1.7210320e+06   2.3437500e+01
   1.7210530e+06   2.5146484e+01
   1.7212960e+06   2.6184082e+01
   1.7214220e+06   3.3264160e+01
   1.7214890e+06   3.0761719e+01
   1.7215810e+06   2.3315430e+01
   1.7216930e+06   2.5268555e+01
   1.7217860e+06   2.3559570e+01
   1.7217970e+06   2.4536133e+01
   1.7219300e+06   2.6916504e+01
   1.7312280e+06   2.6367188e+01
   1.7312410e+06   2.6000977e+01
   1.7312590e+06   3.7170410e+01
   1.7313160e+06   4.1564941e+01
   1.7313670e+06   3.5461426e+01
   1.7313950e+06   2.4902344e+01
   1.7314160e+06   3.4545898e+01
   1.7314600e+06   2.6062012e+01
   1.7315060e+06   2.3864746e+01
   1.7315240e+06   2.4047852e+01
   1.7315570e+06   2.7770996e+01
   1.7316160e+06   2.4597168e+01
   1.7316750e+06   2.3193359e+01
   1.7318240e+06   2.7038574e+01
   1.7318810e+06   3.1677246e+01
   1.7322720e+06   2.6733398e+01
   1.7323500e+06   2.4291992e+01
   1.7323640e+06   2.2399902e+01
   1.7324950e+06   2.5695801e+01
   1.7325940e+06   3.7170410e+01
   1.7515960e+06   2.4353027e+01
   1.7516940e+06   4.7241211e+01
   1.7517560e+06   2.6062012e+01
   1.7517740e+06   2.6977539e+01
   1.7518140e+06   3.2836914e+01
   1.7518590e+06   3.5766602e+01
   1.7518870e+06   4.4433594e+01
   1.7519440e+06   3.2714844e+01
   1.7519700e+06   2.3193359e+01
   1.7520150e+06   2.7770996e+01
   1.7520410e+06   3.6193848e+01
   1.7520900e+06   3.0395508e+01
   1.7521510e+06   2.3986816e+01
   1.7522000e+06   3.1188965e+01
   1.7522490e+06   2.6489258e+01
   1.7523160e+06   2.6245117e+01
   1.7524640e+06   3.2836914e+01
   1.7525260e+06   2.5329590e+01
   1.7526660e+06   2.3925781e+01
   1.7531370e+06   2.3681641e+01
   1.7758010e+06   2.2399902e+01
   1.7764860e+06   3.4729004e+01
   1.7766090e+06   3.6926270e+01
   1.7766590e+06   2.4291992e+01
   1.7766850e+06   2.3437500e+01
   1.7767350e+06   3.7658691e+01
   1.7767570e+06   2.2399902e+01
   1.7767850e+06   2.8076172e+01
   1.7768130e+06   2.6733398e+01
   1.7768440e+06   2.8747559e+01
   1.7768950e+06   2.9541016e+01
   1.7769110e+06   2.5146484e+01
   1.7769350e+06   2.5268555e+01
   1.7769780e+06   2.7709961e+01
   1.7770230e+06   3.0029297e+01
   1.7770780e+06   2.5695801e+01
   1.7772060e+06   2.2583008e+01
   1.7775920e+06   2.4230957e+01
   1.7778190e+06   2.6794434e+01
   1.7779200e+06   2.5085449e+01
   1.7780050e+06   2.4414062e+01
   1.7938270e+06   2.7832031e+01
   1.7939480e+06   2.5268555e+01
   1.7940070e+06   2.2949219e+01
   1.7940700e+06   2.4780273e+01
   1.7941070e+06   2.6916504e+01
   1.7941430e+06   3.1799316e+01
   1.7941680e+06   2.5024414e+01
   1.7941890e+06   2.7404785e+01
   1.7942140e+06   3.4851074e+01
   1.7942750e+06   3.4545898e+01
   1.7943160e+06   2.9052734e+01
   1.7943310e+06   2.5024414e+01
   1.7943910e+06   2.9968262e+01
   1.7944540e+06   2.5512695e+01
   1.7944960e+06   2.2644043e+01
   1.7945150e+06   2.3864746e+01
   1.7946430e+06   3.0273438e+01
   1.7947640e+06   2.3864746e+01
   1.7948730e+06   2.4291992e+01
   1.7953840e+06   2.4536133e+01
   1.8211760e+06   2.7770996e+01
   1.8213620e+06   2.2399902e+01
   1.8590490e+06   2.5573730e+01
   1.8591690e+06   2.4291992e+01
   1.8592430e+06   2.6733398e+01
   1.8593100e+06   2.5207520e+01
   1.8593470e+06   4.4128418e+01
   1.8593620e+06   2.6000977e+01
   1.8593760e+06   2.5756836e+01
   1.8594160e+06   3.6865234e+01
   1.8594470e+06   2.8564453e+01
   1.8594710e+06   2.6855469e+01
   1.8594850e+06   2.2583008e+01
   1.8594950e+06   2.3681641e+01
   1.8595610e+06   2.6245117e+01
   1.8596070e+06   2.3010254e+01
   1.8596350e+06   2.3559570e+01
   1.8596450e+06   2.3681641e+01
   1.8605200e+06   2.8320313e+01
   1.8968330e+06   2.4902344e+01
   1.8970060e+06   2.9296875e+01
   1.8971340e+06   4.3212891e+01
   1.8971500e+06   2.2644043e+01
   1.8972060e+06   2.7343750e+01
   1.8972350e+06   3.6865234e+01
   1.8972660e+06   2.3132324e+01
   1.8973030e+06   2.8808594e+01
   1.8973300e+06   2.8625488e+01
   1.8973570e+06   3.9916992e+01
   1.8973760e+06   3.0395508e+01
   1.8974110e+06   3.1494141e+01
   1.8974590e+06   2.8015137e+01
   1.8975120e+06   2.6794434e+01
   1.8975430e+06   3.4973145e+01
   1.8975700e+06   2.9907227e+01
   1.8977260e+06   2.3376465e+01
   1.8977660e+06   2.3986816e+01
   1.8978710e+06   2.4353027e+01
   1.8979900e+06   2.4841309e+01
   1.8982310e+06   2.3132324e+01
   1.8984060e+06   3.0090332e+01
   1.8984960e+06   2.6977539e+01
   1.9219360e+06   3.3569336e+01
   1.9220170e+06   2.6672363e+01
   1.9220500e+06   3.3142090e+01
   1.9221320e+06   3.8452148e+01
   1.9221910e+06   4.6020508e+01
   1.9222280e+06   2.3803711e+01
   1.9222470e+06   2.2460938e+01
   1.9222970e+06   3.1372070e+01
   1.9223130e+06   2.2583008e+01
   1.9223470e+06   2.9724121e+01
   1.9223910e+06   3.1738281e+01
   1.9225140e+06   2.4658203e+01
   1.9225740e+06   2.2888184e+01
   1.9227690e+06   2.2644043e+01
   1.9229450e+06   2.5756836e+01
   1.9232280e+06   2.3498535e+01
   1.9233400e+06   2.3132324e+01
   1.9502500e+06   2.9235840e+01
   1.9503000e+06   3.2165527e+01
   1.9503280e+06   2.3193359e+01
   1.9503630e+06   2.6428223e+01
   1.9503900e+06   3.2714844e+01
   1.9504570e+06   3.2287598e+01
   1.9504860e+06   2.4536133e+01
   1.9505090e+06   3.1799316e+01
   1.9505550e+06   2.4841309e+01
   1.9505840e+06   2.8076172e+01
   1.9505980e+06   3.7048340e+01
   1.9506490e+06   2.8503418e+01
   1.9506620e+06   2.4902344e+01
   1.9507160e+06   2.3010254e+01
   1.9508970e+06   2.3010254e+01
   1.9512150e+06   2.4353027e+01
   1.9514450e+06   2.3254395e+01
   1.9517660e+06   2.6672363e+01
   1.9713740e+06   2.7465820e+01
   1.9714890e+06   2.3132324e+01
   1.9715060e+06   3.2958984e+01
   1.9715910e+06   4.2663574e+01
   1.9716470e+06   2.6062012e+01
   1.9716720e+06   2.9357910e+01
   1.9717230e+06   3.0334473e+01
   1.9717460e+06   2.7893066e+01
   1.9717820e+06   3.0883789e+01
   1.9719210e+06   3.1677246e+01
   1.9719730e+06   2.3437500e+01
   1.9721580e+06   2.2521973e+01
   1.9722190e+06   3.0883789e+01
   1.9723490e+06   2.2766113e+01
   1.9727020e+06   2.4230957e+01
   1.9727850e+06   2.4353027e+01
   2.3109980e+06   2.2460938e+01
   2.8552060e+06   4.0893555e+01
   2.8552400e+06   4.0466309e+01
   2.8552520e+06   3.2897949e+01
   2.8552720e+06   2.5268555e+01
   2.8552850e+06   2.4230957e+01
   2.8553170e+06   2.2949219e+01
   2.8553350e+06   2.8442383e+01
   2.8553500e+06   2.4597168e+01
   2.8557610e+06   2.3986816e+01
   2.8565730e+06   2.9052734e+01
   2.8566290e+06   2.4902344e+01
   2.8567290e+06   2.4963379e+01
   2.8569190e+06   3.0822754e+01
   2.8570140e+06   2.5329590e+01
   2.8572000e+06   3.4179688e+01
   2.8656390e+06   2.2888184e+01
   2.8657660e+06   2.2888184e+01
   2.8658410e+06   3.9062500e+01
   2.8658770e+06   2.3437500e+01
   2.8659100e+06   3.9978027e+01
   2.8659480e+06   2.3986816e+01
   2.8659670e+06   3.1005859e+01
   2.8660190e+06   2.5756836e+01
   2.8660290e+06   2.4780273e+01
   2.8660680e+06   3.2287598e+01
   2.8660970e+06   2.9602051e+01
   2.8661110e+06   2.5024414e+01
   2.8661630e+06   2.3681641e+01
   2.8661960e+06   2.3498535e+01
   2.8662570e+06   2.3498535e+01
   2.8662710e+06   2.3132324e+01
   2.8663070e+06   3.0578613e+01
   2.8664280e+06   2.9907227e+01
   2.8664840e+06   2.3986816e+01
   2.8665520e+06   2.7526855e+01
   2.8667800e+06   2.7832031e+01
   2.8668510e+06   2.3193359e+01
   2.8672220e+06   2.4719238e+01
   2.8814180e+06   2.3071289e+01
   2.8814610e+06   3.5156250e+01
   2.8815400e+06   2.8747559e+01
   2.8815890e+06   3.0151367e+01
   2.8816060e+06   3.0273438e+01
   2.8816670e+06   2.9357910e+01
   2.8817240e+06   2.8625488e+01
   2.8817460e+06   2.3986816e+01
   2.8817760e+06   2.8259277e+01
   2.8818250e+06   2.6062012e+01
   2.8818850e+06   2.5085449e+01
   2.8819800e+06   2.5817871e+01
   2.8820060e+06   2.3010254e+01
   2.8821790e+06   2.3071289e+01
   2.8822090e+06   2.3315430e+01
   2.8823620e+06   2.3010254e+01
   2.8828620e+06   2.6428223e+01
   2.8831090e+06   2.4841309e+01
   2.8970010e+06   2.4597168e+01
   2.8971080e+06   5.0842285e+01
   2.8972090e+06   2.3315430e+01
   2.8972350e+06   3.2836914e+01
   2.8973150e+06   2.7709961e+01
   2.8973680e+06   2.7954102e+01
   2.8973810e+06   4.3823242e+01
   2.8974420e+06   2.9785156e+01
   2.8974970e+06   2.6977539e+01
   2.8975590e+06   2.5085449e+01
   2.8976420e+06   2.7587891e+01
   2.8976960e+06   2.2705078e+01
   2.8978190e+06   2.9357910e+01
   2.8979860e+06   2.4291992e+01
   2.8981050e+06   2.4414062e+01
   2.8982080e+06   2.3803711e+01
   2.8983540e+06   2.2888184e+01
   2.8986520e+06   2.3620605e+01
   2.9121810e+06   2.4414063e+01
   2.9122090e+06   2.2888184e+01
   2.9122990e+06   2.9418945e+01
   2.9124030e+06   2.8625488e+01
   2.9124840e+06   3.9245605e+01
   2.9125600e+06   3.3813477e+01
   2.9125780e+06   2.4230957e+01
   2.9126250e+06   3.6315918e+01
   2.9126660e+06   2.4719238e+01
   2.9126900e+06   2.6245117e+01
   2.9127140e+06   2.5634766e+01
   2.9127460e+06   2.9968262e+01
   2.9128000e+06   3.5949707e+01
   2.9128480e+06   3.3508301e+01
   2.9129130e+06   2.3254395e+01
   2.9129450e+06   2.6916504e+01
   2.9129850e+06   2.5146484e+01
   2.9132550e+06   2.4475098e+01
   2.9134290e+06   2.2827148e+01
   2.9135390e+06   2.3071289e+01
   2.9281200e+06   2.2949219e+01
   2.9283180e+06   2.2644043e+01
   2.9283680e+06   3.7292480e+01
   2.9284440e+06   2.5878906e+01
   2.9284770e+06   2.7221680e+01
   2.9284940e+06   3.5583496e+01
   2.9285790e+06   4.2480469e+01
   2.9286410e+06   4.7424316e+01
   2.9287020e+06   2.8869629e+01
   2.9287290e+06   2.3437500e+01
   2.9287590e+06   3.3935547e+01
   2.9287850e+06   2.3742676e+01
   2.9288180e+06   3.1127930e+01
   2.9288910e+06   2.2949219e+01
   2.9289270e+06   2.5451660e+01
   2.9289440e+06   2.3010254e+01
   2.9289860e+06   2.2766113e+01
   2.9293760e+06   2.5085449e+01
   2.9297510e+06   2.2949219e+01
   2.9432990e+06   3.1982422e+01
   2.9518640e+06   3.7902832e+01
   2.9518810e+06   2.4597168e+01
   2.9519570e+06   3.3264160e+01
   2.9520380e+06   4.0283203e+01
   2.9521010e+06   3.7353516e+01
   2.9521250e+06   2.4963379e+01
   2.9521590e+06   3.6315918e+01
   2.9521770e+06   2.5207520e+01
   2.9522110e+06   2.8991699e+01
   2.9522670e+06   2.6611328e+01
   2.9522910e+06   2.4963379e+01
   2.9524510e+06   2.6977539e+01
   2.9524920e+06   2.2827148e+01
   2.9526490e+06   2.4841309e+01
   2.9710940e+06   2.4658203e+01
   2.9713210e+06   3.2348633e+01
   2.9713530e+06   2.4780273e+01
   2.9714660e+06   4.1809082e+01
   2.9715620e+06   2.3010254e+01
   2.9715930e+06   3.3752441e+01
   2.9716830e+06   3.6010742e+01
   2.9717170e+06   2.3376465e+01
   2.9717320e+06   2.7282715e+01
   2.9717500e+06   3.1799316e+01
   2.9718190e+06   3.2714844e+01
   2.9718490e+06   2.3498535e+01
   2.9718800e+06   2.6489258e+01
   2.9718900e+06   3.4667969e+01
   2.9719180e+06   2.3681641e+01
   2.9719380e+06   2.5878906e+01
   2.9720230e+06   2.4414062e+01
   2.9720330e+06   2.6306152e+01
   2.9720770e+06   2.4719238e+01
   2.9721770e+06   2.3254395e+01
   2.9721870e+06   2.2399902e+01
   2.9726130e+06   2.2460938e+01
   2.9886880e+06   3.4301758e+01
   2.9887830e+06   3.1250000e+01
   2.9888110e+06   3.4729004e+01
   2.9889080e+06   2.9235840e+01
   2.9889240e+06   2.3193359e+01
   2.9889750e+06   2.3742676e+01
   2.9890170e+06   2.2399902e+01
   2.9890430e+06   2.3803711e+01
   2.9890730e+06   2.7099609e+01
   2.9890990e+06   2.7832031e+01
   2.9891580e+06   2.4108887e+01
   2.9891890e+06   2.4475098e+01
   2.9892220e+06   2.8198242e+01
   2.9893160e+06   2.2888184e+01
   2.9893620e+06   2.3010254e+01
   2.9895030e+06   2.5878906e+01
   2.9896700e+06   2.2705078e+01
   3.0067770e+06   3.1311035e+01
   3.0069350e+06   5.6213379e+01
   3.0069890e+06   2.3254395e+01
   3.0070740e+06   3.5217285e+01
   3.0071440e+06   2.8747559e+01
   3.0072260e+06   2.4108887e+01
   3.0072400e+06   2.4230957e+01
   3.0072970e+06   2.7404785e+01
   3.0073510e+06   2.3193359e+01
   3.0074050e+06   2.4169922e+01
   3.0075130e+06   2.4658203e+01
   3.0075940e+06   2.3925781e+01
   3.0084230e+06   2.3071289e+01
   3.0085350e+06   2.2399902e+01
   3.0302510e+06   2.9724121e+01
   3.0303930e+06   3.6926270e+01
   3.0304030e+06   2.5390625e+01
   3.0304790e+06   2.9785156e+01
   3.0305550e+06   4.5959473e+01
   3.0305930e+06   2.6489258e+01
   3.0306200e+06   2.4658203e+01
   3.0306750e+06   2.6367188e+01
   3.0307330e+06   3.2226562e+01
   3.0307930e+06   2.5756836e+01
   3.0309430e+06   2.2460938e+01
   3.0310220e+06   2.4719238e+01
   3.0310780e+06   2.4597168e+01
   3.0312010e+06   2.3986816e+01
   3.0315560e+06   2.7954102e+01
   3.0583190e+06   4.3579102e+01
   3.0583780e+06   2.6306152e+01
   3.0584050e+06   3.2226562e+01
   3.0584550e+06   2.3864746e+01
   3.0584740e+06   4.6569824e+01
   3.0585080e+06   3.4729004e+01
   3.0585330e+06   3.1433105e+01
   3.0585830e+06   3.5095215e+01
   3.0586410e+06   2.7038574e+01
   3.0586710e+06   3.6010742e+01
   3.0587120e+06   2.7893066e+01
   3.0589920e+06   2.4841309e+01
   3.2373880e+06   2.3498535e+01
   3.2538930e+06   2.2949219e+01
   3.3240760e+06   2.2521973e+01
   3.3439210e+06   2.2460938e+01
   3.3856660e+06   2.4414062e+01
   3.4199650e+06   2.5207520e+01
   3.4200590e+06   4.2907715e+01
   3.4200940e+06   2.6306152e+01
   3.4201360e+06   2.7160645e+01
   3.4201620e+06   2.3742676e+01
   3.4201890e+06   4.1259766e+01
   3.4202300e+06   2.6916504e+01
   3.4202530e+06   2.7526855e+01
   3.4202860e+06   2.4475098e+01
   3.4203030e+06   3.1250000e+01
   3.4203470e+06   2.9235840e+01
   3.4204450e+06   2.5695801e+01
   3.4205510e+06   2.2827148e+01
   3.4205740e+06   2.4536133e+01
   3.4206760e+06   2.7038574e+01
   3.4207430e+06   3.3386230e+01
   3.4211090e+06   2.5878906e+01
   3.4211530e+06   2.2766113e+01
   3.4212250e+06   2.4169922e+01
   3.4212980e+06   2.7465820e+01
   3.4213410e+06   2.5390625e+01
   3.4213710e+06   2.2521973e+01
   3.4214440e+06   2.8137207e+01
   3.4215230e+06   2.4719238e+01
   3.4216330e+06   2.4108887e+01
   3.4218290e+06   2.7954102e+01
   4.5291940e+06   2.4230957e+01
   4.5292250e+06   5.4687500e+01
   4.5292590e+06   3.3813477e+01
   4.5292900e+06   2.8381348e+01
   4.5293180e+06   4.1625977e+01
   4.5293360e+06   2.7954102e+01
   4.5293670e+06   2.2766113e+01
   4.5294110e+06   2.3193359e+01
   4.5302370e+06   2.4353027e+01
   4.5303340e+06   2.4108887e+01
   4.5303760e+06   2.2827148e+01
   4.5304280e+06   2.5817871e+01
   4.5305440e+06   2.2827148e+01
   4.5307590e+06   2.6611328e+01
   4.5309030e+06   2.4291992e+01
   4.5310050e+06   2.5085449e+01
   4.5402020e+06   2.2460938e+01
   4.5402800e+06   2.5207520e+01
   4.5403530e+06   3.1555176e+01
   4.5403830e+06   2.3559570e+01
   4.5404370e+06   4.5776367e+01
   4.5404610e+06   2.7160645e+01
   4.5404740e+06   2.2460938e+01
   4.5405030e+06   4.1442871e+01
   4.5405140e+06   2.7099609e+01
   4.5405540e+06   2.9663086e+01
   4.5406020e+06   2.8503418e+01
   4.5406300e+06   2.2705078e+01
   4.5406510e+06   2.6000977e+01
   4.5407040e+06   3.2348633e+01
   4.5407590e+06   2.3376465e+01
   4.5408940e+06   2.2583008e+01
   4.5415260e+06   2.4414062e+01
   4.5415930e+06   2.4597168e+01
   4.5416670e+06   2.5085449e+01
   4.5418110e+06   2.3925781e+01
   4.5582540e+06   2.6184082e+01
   4.5583020e+06   2.3010254e+01
   4.5583410e+06   4.4128418e+01
   4.5583590e+06   2.6245117e+01
   4.5583910e+06   2.6123047e+01
   4.5584090e+06   3.6499023e+01
   4.5584690e+06   3.3386230e+01
   4.5585230e+06   2.9663086e+01
   4.5585410e+06   2.7038574e+01
   4.5585740e+06   2.5268555e+01
   4.5585910e+06   2.5939941e+01
   4.5586230e+06   2.7954102e+01
   4.5586670e+06   2.8869629e+01
   4.5587050e+06   2.2583008e+01
   4.5587210e+06   2.5085449e+01
   4.5591480e+06   2.4108887e+01
   4.5597610e+06   2.3925781e+01
   4.5774100e+06   2.7038574e+01
   4.5774260e+06   2.2705078e+01
   4.5774560e+06   4.4189453e+01
   4.5775640e+06   3.1127930e+01
   4.5776350e+06   3.7658691e+01
   4.5776660e+06   2.2766113e+01
   4.5776970e+06   2.5451660e+01
   4.5777130e+06   2.4414063e+01
   4.5777470e+06   2.8930664e+01
   4.5778000e+06   2.9785156e+01
   4.5778490e+06   2.7832031e+01
   4.5778730e+06   2.9724121e+01
   4.5779420e+06   2.8137207e+01
   4.5779580e+06   2.4169922e+01
   4.5950330e+06   3.1127930e+01
   4.5950960e+06   3.4362793e+01
   4.5951850e+06   4.8828125e+01
   4.5951980e+06   2.2766113e+01
   4.5952620e+06   3.4423828e+01
   4.5952940e+06   2.7160645e+01
   4.5953270e+06   3.5278320e+01
   4.5953490e+06   2.6062012e+01
   4.5953830e+06   2.2949219e+01
   4.5954410e+06   2.4230957e+01
   4.5955370e+06   2.4353027e+01
   4.5955990e+06   2.5085449e+01
   4.5958590e+06   2.5024414e+01
   4.5962830e+06   2.2460938e+01
   4.6136600e+06   3.9062500e+01
   4.6137700e+06   2.3864746e+01
   4.6137920e+06   2.3071289e+01
   4.6138520e+06   3.4851074e+01
   4.6139180e+06   2.2827148e+01
   4.6139710e+06   3.5278320e+01
   4.6140050e+06   2.3864746e+01
   4.6140330e+06   2.2399902e+01
   4.6140470e+06   2.2644043e+01
   4.6140960e+06   2.8808594e+01
   4.6141410e+06   2.3803711e+01
   4.6144240e+06   2.7526855e+01
   4.6150100e+06   2.4597168e+01
   4.6349220e+06   3.2348633e+01
   4.6350340e+06   3.6987305e+01
   4.6351060e+06   2.6062012e+01
   4.6351270e+06   2.5878906e+01
   4.6351460e+06   3.0578613e+01
   4.6351750e+06   2.8137207e+01
   4.6351950e+06   2.3620605e+01
   4.6352350e+06   3.1799316e+01
   4.6352650e+06   2.4719238e+01
   4.6352860e+06   2.7404785e+01
   4.6353630e+06   2.7526855e+01
   4.6355060e+06   2.5451660e+01
   4.6355790e+06   2.2827148e+01
   4.6358800e+06   2.6245117e+01
   4.6526700e+06   2.8320313e+01
   4.6528550e+06   3.1555176e+01
   4.6658140e+06   3.4973145e+01
   4.6658300e+06   2.5817871e+01
   4.6659370e+06   2.9663086e+01
   4.6660020e+06   3.3752441e+01
   4.6660200e+06   4.0466309e+01
   4.6660810e+06   3.5156250e+01
   4.6661370e+06   4.5043945e+01
   4.6661590e+06   3.1127930e+01
   4.6661880e+06   2.6428223e+01
   4.6662190e+06   2.5695801e+01
   4.6662440e+06   2.9724121e+01
   4.6662820e+06   2.6123047e+01
   4.6666490e+06   2.4230957e+01
   4.6877740e+06   4.0222168e+01
   4.6878960e+06   2.3132324e+01
   4.6879090e+06   3.4912109e+01
   4.6879880e+06   2.8808594e+01
   4.6880270e+06   2.4230957e+01
   4.6880480e+06   2.4658203e+01
   4.6881020e+06   3.2470703e+01
   4.6881550e+06   2.6550293e+01
   4.6884070e+06   2.2460938e+01
   4.7144440e+06   3.7719727e+01
   4.7145300e+06   2.3620605e+01
   4.7145530e+06   2.8320312e+01
   4.7146310e+06   3.9489746e+01
   4.7146790e+06   2.7404785e+01
   4.7147110e+06   3.4179688e+01
   4.7147350e+06   2.5939941e+01
   4.7147520e+06   2.3620605e+01
   4.7147870e+06   2.7893066e+01
   4.7148280e+06   2.3803711e+01
   4.7148560e+06   2.2399902e+01
   4.7149210e+06   2.4353027e+01
   4.7150170e+06   2.4353027e+01
   4.7151250e+06   2.4963379e+01
   4.7152170e+06   2.4169922e+01
   4.7152400e+06   2.7832031e+01
   4.7154990e+06   2.5695801e+01
   4.7155350e+06   2.3437500e+01
   4.7159670e+06   2.3498535e+01
   4.7486860e+06   3.2287598e+01
   4.7487450e+06   2.3254395e+01
   4.7487720e+06   3.2714844e+01
   4.7488320e+06   2.6977539e+01
   4.7488690e+06   3.1188965e+01
   4.7488880e+06   2.9541016e+01
   4.7489340e+06   2.9235840e+01
   4.7489560e+06   2.5573730e+01
   4.7489660e+06   3.1738281e+01
   4.7491620e+06   2.7648926e+01
   4.7492780e+06   2.2521973e+01
   4.7884630e+06   3.1372070e+01
   4.7885260e+06   3.0944824e+01
   4.7885420e+06   2.9541016e+01
   4.7885820e+06   2.2705078e+01
   4.7885980e+06   2.8869629e+01
   4.7886330e+06   2.8442383e+01
   4.7886520e+06   2.5878906e+01
   4.7886720e+06   2.2644043e+01
   4.7886870e+06   2.8015137e+01
   4.7887260e+06   2.8442383e+01
   4.7887650e+06   2.5024414e+01
   4.7888180e+06   2.4597168e+01
   4.7890290e+06   2.4047852e+01
   4.7891380e+06   2.2521973e+01
   4.7893250e+06   2.5390625e+01
   4.7894350e+06   2.2399902e+01
   5.1685920e+06   2.2949219e+01
   5.1686990e+06   4.7973633e+01
   5.1687450e+06   3.4973145e+01
   5.1687750e+06   2.3315430e+01
   5.1688110e+06   3.0212402e+01
   5.1688330e+06   2.6489258e+01
   5.1688590e+06   3.0090332e+01
   5.1689490e+06   2.5878906e+01
   5.1689850e+06   3.7048340e+01
   5.1695050e+06   2.5329590e+01
   5.1698710e+06   2.6672363e+01
   5.1699800e+06   2.3254395e+01
   5.1700500e+06   2.7648926e+01
   5.1701450e+06   2.2460938e+01
   5.1702320e+06   2.6916504e+01
   5.1704650e+06   2.5451660e+01
   5.1705650e+06   2.2644043e+01
   5.1820920e+06   3.0700684e+01
   5.1821900e+06   2.7404785e+01
   5.1822010e+06   4.4677734e+01
   5.1822580e+06   4.4738770e+01
   5.1822750e+06   2.5146484e+01
   5.1823170e+06   2.8442383e+01
   5.1823560e+06   2.6306152e+01
   5.1824200e+06   2.9296875e+01
   5.1824610e+06   2.4780273e+01
   5.1825250e+06   2.5024414e+01
   5.1825600e+06   2.2583008e+01
   5.1826500e+06   2.2766113e+01
   5.1827400e+06   2.3864746e+01
   5.1828020e+06   2.6794434e+01
   5.1829100e+06   2.7709961e+01
   5.1832870e+06   2.3803711e+01
   5.1833530e+06   2.3620605e+01
   5.1833840e+06   2.8686523e+01
   5.1834740e+06   2.3559570e+01
   5.1835610e+06   2.3437500e+01
   5.1973450e+06   2.3010254e+01
   5.2118820e+06   2.9541016e+01
   5.2123770e+06   2.5817871e+01
   5.2220670e+06   2.2705078e+01
   5.2542060e+06   2.3498535e+01
   5.3050690e+06   2.2827148e+01
   5.4692080e+06   2.7282715e+01
   5.4693060e+06   2.9724121e+01
   5.4693380e+06   4.0832520e+01
   5.4693640e+06   2.6123047e+01
   5.4693770e+06   3.0700684e+01
   5.4694030e+06   2.5085449e+01
   5.4694200e+06   2.4719238e+01
   5.4694530e+06   2.9479980e+01
   5.4694910e+06   2.8686523e+01
   5.4695170e+06   2.5878906e+01
   5.4695560e+06   2.2583008e+01
   5.4695830e+06   2.3071289e+01
   5.4696010e+06   2.6428223e+01
   5.4696180e+06   2.3437500e+01
   5.4699390e+06   2.8991699e+01
   5.4704240e+06   2.3315430e+01
   5.4707290e+06   2.6855469e+01
   5.4708250e+06   2.3742676e+01
   5.4708950e+06   2.3071289e+01
   5.4709770e+06   2.4658203e+01
   5.6017720e+06   2.4902344e+01
   5.6018840e+06   3.7475586e+01
   5.6019190e+06   2.9724121e+01
   5.6019750e+06   4.5715332e+01
   5.6019900e+06   2.2521973e+01
   5.6020240e+06   3.0883789e+01
   5.6020580e+06   3.3447266e+01
   5.6020930e+06   2.2583008e+01
   5.6021730e+06   2.3864746e+01
   5.6022120e+06   2.2583008e+01
   5.6022240e+06   2.5146484e+01
   5.6026880e+06   2.3803711e+01
   5.6027620e+06   2.3437500e+01
   5.6031130e+06   2.4291992e+01
   5.6031490e+06   2.2399902e+01
   5.6031720e+06   2.7465820e+01
   5.6033370e+06   2.6367188e+01
   5.6034780e+06   2.6306152e+01
   5.6035780e+06   2.4963379e+01
