   3.0000000e+06   0.0000000e+00
   2.0700000e+03   1.6357422e+01
   3.8230000e+03   1.6235352e+01
   5.1590000e+03   1.7150879e+01
   5.1880000e+03   1.8554688e+01
   6.9090000e+03   1.9226074e+01
   6.9390000e+03   1.7883301e+01
   8.3540000e+03   2.0446777e+01
   8.3830000e+03   1.7578125e+01
   9.8980000e+03   1.6174316e+01
   1.1358000e+04   1.6601562e+01
   1.2746000e+04   1.8005371e+01
   1.2777000e+04   1.8188477e+01
   1.4178000e+04   1.8432617e+01
   1.5182000e+04   2.6550293e+01
   1.9124000e+04   1.8493652e+01
   1.9154000e+04   1.7272949e+01
   2.0733000e+04   1.7944336e+01
   2.0762000e+04   1.5991211e+01
   2.3490000e+04   1.7883301e+01
   2.3519000e+04   1.6357422e+01
   2.4961000e+04   1.6113281e+01
   2.4996000e+04   1.5686035e+01
   2.6436000e+04   1.6418457e+01
   3.2877000e+04   1.7089844e+01
   3.2905000e+04   1.6723633e+01
   3.4464000e+04   2.0629883e+01
   3.4494000e+04   1.6113281e+01
   3.5834000e+04   1.7700195e+01
   3.5899000e+04   1.6296387e+01
   3.7483000e+04   1.6479492e+01
   3.7513000e+04   1.6906738e+01
   3.9073000e+04   1.7211914e+01
   3.9103000e+04   1.6357422e+01
   4.0398000e+04   1.5930176e+01
   4.0428000e+04   2.1484375e+01
   4.1646000e+04   1.7150879e+01
   4.4582000e+04   1.5869141e+01
   4.6103000e+04   1.9775391e+01
   4.6130000e+04   1.9348145e+01
   4.8335000e+04   1.6235352e+01
   4.8362000e+04   1.8310547e+01
   4.9790000e+04   2.7404785e+01
   4.9866000e+04   2.4658203e+01
   4.9896000e+04   1.5869141e+01
   5.2700000e+04   1.8737793e+01
   5.2728000e+04   1.6662598e+01
   5.4182000e+04   2.0446777e+01
   5.5512000e+04   1.5686035e+01
   5.5543000e+04   1.6418457e+01
   5.7200000e+04   2.0080566e+01
   5.7230000e+04   1.7395020e+01
   5.8749000e+04   1.9409180e+01
   6.0297000e+04   1.6784668e+01
   6.0326000e+04   1.6662598e+01
   6.1457000e+04   1.6418457e+01
   6.1488000e+04   1.6723633e+01
   6.2769000e+04   1.5991211e+01
   6.2802000e+04   1.7639160e+01
   6.4198000e+04   1.5686035e+01
   6.5688000e+04   1.7272949e+01
   6.5719000e+04   1.6540527e+01
   6.7048000e+04   1.6906738e+01
   6.9121000e+04   1.6723633e+01
   7.2275000e+04   1.8432617e+01
   7.2304000e+04   2.0751953e+01
   7.4501000e+04   1.8310547e+01
   7.6632000e+04   1.7883301e+01
   7.6663000e+04   1.9104004e+01
   7.7972000e+04   1.6479492e+01
   7.8001000e+04   1.6662598e+01
   7.9583000e+04   1.6418457e+01
   7.9612000e+04   1.9165039e+01
   8.1081000e+04   1.9470215e+01
   8.2760000e+04   2.4291992e+01
   8.2800000e+04   2.2033691e+01
   8.4015000e+04   1.6601562e+01
   8.4045000e+04   1.5808105e+01
   8.5630000e+04   1.7700195e+01
   8.6941000e+04   1.7028809e+01
   8.8616000e+04   1.8554688e+01
   8.8650000e+04   1.8127441e+01
   8.9974000e+04   1.5686035e+01
   9.0005000e+04   1.8127441e+01
   9.1239000e+04   2.0385742e+01
   9.1282000e+04   2.1179199e+01
   9.2628000e+04   1.9042969e+01
   9.4020000e+04   1.7700195e+01
   9.4050000e+04   1.7761230e+01
   9.5354000e+04   1.5991211e+01
   9.5394000e+04   2.0385742e+01
   9.7008000e+04   1.5625000e+01
   9.7038000e+04   1.7822266e+01
   9.9211000e+04   1.7578125e+01
   9.9242000e+04   2.0141602e+01
   1.0412000e+05   1.5625000e+01
   1.0598100e+05   1.7272949e+01
   1.0601000e+05   1.6174316e+01
   1.0797700e+05   1.9409180e+01
   1.0930000e+05   1.8676758e+01
   1.0932900e+05   1.8249512e+01
   1.1057500e+05   2.0507812e+01
   1.1177200e+05   1.6967773e+01
   1.1180700e+05   1.8798828e+01
   1.1532000e+05   1.7517090e+01
   1.1534800e+05   1.9104004e+01
   1.1681000e+05   1.6418457e+01
   1.1683900e+05   1.6845703e+01
   1.1803400e+05   1.7272949e+01
   1.2094000e+05   1.5747070e+01
   1.2096900e+05   1.9409180e+01
   1.2221700e+05   1.7883301e+01
   1.3045800e+05   1.8737793e+01
   1.3048800e+05   1.7150879e+01
   1.6296800e+05   1.7395020e+01
   2.0525600e+05   1.7578125e+01
   2.2875400e+05   1.7333984e+01
   2.9995300e+05   1.7700195e+01
   2.9998300e+05   1.8127441e+01
   3.0161600e+05   1.9042969e+01
   3.0164900e+05   1.8493652e+01
   3.0171600e+05   1.9531250e+01
   3.0276600e+05   1.9042969e+01
   3.0511700e+05   1.8737793e+01
   3.0639900e+05   1.6845703e+01
   3.0643800e+05   2.0141602e+01
   3.0776600e+05   1.5625000e+01
   3.1136700e+05   1.9470215e+01
   3.1270800e+05   1.7028809e+01
   3.1274000e+05   1.5625000e+01
   3.1280900e+05   1.7700195e+01
   3.1285000e+05   2.0568848e+01
   3.1419900e+05   1.5869141e+01
   3.1423300e+05   1.7211914e+01
   3.1598900e+05   1.5625000e+01
   3.1708500e+05   2.2155762e+01
   3.1712800e+05   2.0446777e+01
   3.1820500e+05   1.5686035e+01
   3.1936200e+05   2.0507812e+01
   3.2024700e+05   1.9958496e+01
   3.2029100e+05   1.8432617e+01
   3.2126000e+05   2.0080566e+01
   3.2128800e+05   1.7517090e+01
   3.2231800e+05   2.1911621e+01
   3.2235200e+05   2.3071289e+01
   3.2338800e+05   1.7089844e+01
   3.2435500e+05   1.5930176e+01
   3.2529400e+05   1.7883301e+01
   3.2624700e+05   2.1057129e+01
   3.2868600e+05   1.9714355e+01
   3.2981600e+05   1.9775391e+01
   3.2986700e+05   1.6113281e+01
   3.3120900e+05   1.8127441e+01
   3.3125400e+05   1.8737793e+01
   3.3236300e+05   1.8798828e+01
   3.3239400e+05   2.0629883e+01
   3.3355100e+05   1.8981934e+01
   3.3470300e+05   1.9348145e+01
   3.3473700e+05   2.0324707e+01
   3.3587900e+05   1.8798828e+01
   3.3666300e+05   1.6601562e+01
   3.3669600e+05   1.7883301e+01
   3.3776900e+05   1.8127441e+01
   3.3868000e+05   1.6479492e+01
   3.3872200e+05   1.6601562e+01
   3.3879100e+05   1.6784668e+01
   3.3883100e+05   2.1728516e+01
   3.4089300e+05   2.0263672e+01
   3.4092700e+05   1.7028809e+01
   3.4252200e+05   1.6967773e+01
   3.4255200e+05   1.7883301e+01
   3.4430400e+05   1.9165039e+01
   3.4545000e+05   1.6601562e+01
   3.4548100e+05   1.8493652e+01
   3.4659700e+05   1.8859863e+01
   3.4663500e+05   1.7822266e+01
   3.4772000e+05   1.6296387e+01
   3.4859200e+05   1.8676758e+01
   3.4863700e+05   1.7395020e+01
   3.4952700e+05   1.9287109e+01
   3.5213000e+05   2.0385742e+01
   3.5343000e+05   2.0385742e+01
   3.5346200e+05   1.8615723e+01
   3.5475400e+05   1.9409180e+01
   3.5478600e+05   1.8066406e+01
   3.5593100e+05   1.9409180e+01
   3.5596100e+05   2.1606445e+01
   3.5716900e+05   1.8127441e+01
   3.5720500e+05   1.9409180e+01
   3.5727400e+05   1.9836426e+01
   3.5731700e+05   1.7517090e+01
   3.5854500e+05   1.7822266e+01
   3.5941800e+05   1.9531250e+01
   3.5946700e+05   1.8554688e+01
   3.6164700e+05   1.8493652e+01
   3.6268800e+05   2.0202637e+01
   3.6366600e+05   2.0141602e+01
   3.6467400e+05   1.7639160e+01
   3.6604900e+05   1.8432617e+01
   3.6608000e+05   1.6601562e+01
   3.6736900e+05   1.7639160e+01
   3.6740000e+05   1.5747070e+01
   3.6838100e+05   1.6601562e+01
   3.6841600e+05   1.8554688e+01
   3.6960000e+05   1.5991211e+01
   3.6962900e+05   1.6418457e+01
   3.7055100e+05   2.0812988e+01
   3.7177900e+05   1.6418457e+01
   3.7567000e+05   1.7333984e+01
   3.7716200e+05   1.8859863e+01
   3.7719500e+05   2.1179199e+01
   3.7726400e+05   1.6113281e+01
   3.7730600e+05   1.8920898e+01
   3.7854900e+05   1.6418457e+01
   3.7954900e+05   1.6662598e+01
   3.7957900e+05   1.6784668e+01
   3.8068300e+05   1.7272949e+01
   3.8071300e+05   1.9104004e+01
   3.8175900e+05   2.0202637e+01
   3.8178800e+05   1.7456055e+01
   3.8294100e+05   1.7883301e+01
   3.8298000e+05   2.0385742e+01
   3.8442500e+05   1.6296387e+01
   3.8638600e+05   1.6723633e+01
   3.9047600e+05   1.8615723e+01
   3.9050700e+05   1.8859863e+01
   3.9182700e+05   1.8798828e+01
   3.9185400e+05   1.6845703e+01
   3.9333800e+05   1.6784668e+01
   3.9336800e+05   1.7211914e+01
   3.9461000e+05   2.1728516e+01
   3.9463900e+05   1.6479492e+01
   3.9590000e+05   1.8493652e+01
   3.9593000e+05   1.5625000e+01
   3.9762000e+05   1.6601562e+01
   3.9891300e+05   1.6540527e+01
   3.9894400e+05   1.9714355e+01
   4.0029800e+05   1.8127441e+01
   4.0033900e+05   1.9104004e+01
   4.0151400e+05   2.0263672e+01
   4.0154300e+05   1.8371582e+01
   4.0293700e+05   1.6174316e+01
   4.0296700e+05   1.6662598e+01
   4.0550200e+05   1.8310547e+01
   4.0553100e+05   1.8859863e+01
   4.0675200e+05   1.8554688e+01
   4.0678600e+05   1.9775391e+01
   4.0790600e+05   1.7028809e+01
   4.0795900e+05   1.8920898e+01
   4.0914900e+05   1.8737793e+01
   4.0918000e+05   1.8127441e+01
   4.1039600e+05   1.7761230e+01
   4.1042600e+05   1.7456055e+01
   4.1150600e+05   1.6906738e+01
   4.1153900e+05   1.6052246e+01
   4.1279900e+05   1.6174316e+01
   4.1399500e+05   1.7761230e+01
   4.1467700e+05   1.8066406e+01
   4.1470900e+05   1.6662598e+01
   4.1527000e+05   1.5808105e+01
   4.1530000e+05   1.5747070e+01
   4.1674100e+05   1.6845703e+01
   4.1792200e+05   1.6601562e+01
   4.1795400e+05   1.5930176e+01
   4.1924200e+05   1.8493652e+01
   4.2073200e+05   1.9042969e+01
   4.2076300e+05   1.6784668e+01
   4.2201600e+05   2.0263672e+01
   4.2204800e+05   1.5747070e+01
   4.2607700e+05   1.8066406e+01
   4.2610500e+05   1.6479492e+01
   4.2749800e+05   1.7944336e+01
   4.2752600e+05   1.7150879e+01
   4.2909800e+05   1.6235352e+01
   4.3050400e+05   1.6052246e+01
   4.3183300e+05   1.6967773e+01
   4.3186300e+05   1.6296387e+01
   4.3315800e+05   1.9287109e+01
   4.3319400e+05   1.8676758e+01
   4.3434000e+05   2.1972656e+01
   4.3437000e+05   1.6113281e+01
   4.3574700e+05   1.6052246e+01
   4.3578800e+05   1.8066406e+01
   4.3732900e+05   1.7089844e+01
   4.3870800e+05   1.6967773e+01
   4.3900600e+05   2.3864746e+01
   4.3905300e+05   2.3315430e+01
   4.4335700e+05   1.7395020e+01
   4.4338500e+05   1.8798828e+01
   4.4472800e+05   1.6357422e+01
   4.4598100e+05   1.7517090e+01
   4.4751500e+05   1.8066406e+01
   4.4754400e+05   1.6967773e+01
   4.4904500e+05   1.5869141e+01
   4.4907700e+05   2.0019531e+01
   4.5027700e+05   1.5625000e+01
   4.5030700e+05   1.7822266e+01
   4.5255300e+05   2.2216797e+01
   4.5258000e+05   1.8920898e+01
   4.5378300e+05   1.7822266e+01
   4.5502400e+05   1.9592285e+01
   4.5505300e+05   1.9592285e+01
   4.5712200e+05   1.7944336e+01
   4.5715000e+05   1.8798828e+01
   4.5861300e+05   1.6601562e+01
   4.5864400e+05   1.6540527e+01
   4.5986500e+05   1.7944336e+01
   4.5989400e+05   1.6418457e+01
   4.6127300e+05   2.0019531e+01
   4.6130800e+05   1.6052246e+01
   4.6251700e+05   1.8066406e+01
   4.6363900e+05   1.7028809e+01
   4.6367300e+05   1.7944336e+01
   4.6485600e+05   1.5808105e+01
   4.6714900e+05   1.6296387e+01
   4.6717700e+05   1.6967773e+01
   4.6870300e+05   1.9836426e+01
   4.6874200e+05   1.6723633e+01
   4.7022800e+05   1.7517090e+01
   4.7025700e+05   1.8005371e+01
   4.7152600e+05   1.6601562e+01
   4.7155500e+05   1.7944336e+01
   4.7202800e+05   2.7648926e+01
   4.7517200e+05   1.6418457e+01
   4.7520000e+05   1.7822266e+01
   4.7681200e+05   1.9226074e+01
   4.7820800e+05   1.7211914e+01
   4.7823800e+05   1.9836426e+01
   4.7953500e+05   1.9042969e+01
   4.8091600e+05   1.6601562e+01
   4.8094800e+05   1.5991211e+01
   4.8228500e+05   1.8188477e+01
   4.8231600e+05   1.6967773e+01
   4.8381300e+05   1.9287109e+01
   4.8384400e+05   1.7761230e+01
   4.8522900e+05   1.8249512e+01
   4.8526000e+05   2.2827148e+01
   4.8688400e+05   1.5930176e+01
   4.8831300e+05   1.8188477e+01
   4.8834400e+05   1.7944336e+01
   4.8950100e+05   1.6235352e+01
   4.8953000e+05   1.6662598e+01
   4.9064400e+05   1.9409180e+01
   4.9067500e+05   2.0996094e+01
   4.9182000e+05   1.5991211e+01
   4.9185300e+05   1.8859863e+01
   4.9298100e+05   1.9165039e+01
   4.9300900e+05   1.7211914e+01
   4.9416800e+05   1.5991211e+01
   4.9582700e+05   1.7333984e+01
   4.9585800e+05   1.7395020e+01
   4.9884600e+05   1.8554688e+01
   4.9887900e+05   1.8798828e+01
   5.0034500e+05   1.6601562e+01
   5.0151300e+05   1.7150879e+01
   5.0155900e+05   1.6906738e+01
   5.0293000e+05   1.5991211e+01
   5.0418400e+05   1.7456055e+01
   5.0421500e+05   1.7456055e+01
   5.0533600e+05   1.5991211e+01
   5.0536500e+05   1.7272949e+01
   5.0658800e+05   1.9592285e+01
   5.0787500e+05   1.5991211e+01
   5.0790500e+05   1.8798828e+01
   5.0942900e+05   1.5869141e+01
   5.0946000e+05   1.6662598e+01
   5.1076900e+05   1.9958496e+01
   5.1081000e+05   1.9104004e+01
   5.1221800e+05   1.5930176e+01
   5.1341500e+05   1.5991211e+01
   5.1344500e+05   1.5625000e+01
   5.1456800e+05   2.0141602e+01
   5.1460300e+05   1.9775391e+01
   5.1592000e+05   1.7639160e+01
   5.1595200e+05   1.5747070e+01
   5.1716100e+05   1.8432617e+01
   5.1720000e+05   1.6174316e+01
   5.1868500e+05   1.8493652e+01
   5.1871300e+05   1.8249512e+01
   5.1991700e+05   1.6052246e+01
   5.1994700e+05   1.9104004e+01
   5.2118500e+05   1.5686035e+01
   5.2121300e+05   1.6540527e+01
   5.2253400e+05   1.6052246e+01
   5.2455000e+05   2.6977539e+01
   5.2458800e+05   2.3742676e+01
   5.2485900e+05   1.6540527e+01
   5.2648300e+05   1.7456055e+01
   5.2651200e+05   1.9348145e+01
   5.2932000e+05   1.7639160e+01
   5.2936000e+05   1.9165039e+01
   5.3248500e+05   1.7517090e+01
   5.3437100e+05   3.0822754e+01
   5.3440400e+05   2.0874023e+01
   5.3537100e+05   2.0874023e+01
   5.3540400e+05   1.8127441e+01
   5.3840800e+05   1.9226074e+01
   5.3843600e+05   1.5930176e+01
   5.3846800e+05   1.5625000e+01
   5.3995400e+05   1.8005371e+01
   5.3998200e+05   2.1240234e+01
   5.4132000e+05   1.8371582e+01
   5.4275000e+05   1.9897461e+01
   5.4277900e+05   1.8554688e+01
   5.4413400e+05   1.6296387e+01
   5.4416400e+05   1.6357422e+01
   5.4541500e+05   1.6723633e+01
   5.4544400e+05   1.8615723e+01
   5.4661800e+05   1.8005371e+01
   5.4664700e+05   1.6357422e+01
   5.4791900e+05   2.0874023e+01
   5.4797900e+05   2.2277832e+01
   5.4801400e+05   1.5686035e+01
   5.5106100e+05   1.6418457e+01
   5.5108900e+05   2.0812988e+01
   5.5274200e+05   1.6540527e+01
   5.5277100e+05   1.7639160e+01
   5.5402800e+05   1.7395020e+01
   5.5525400e+05   1.7944336e+01
   5.5528200e+05   1.7822266e+01
   5.5672000e+05   1.9165039e+01
   5.5807000e+05   1.6845703e+01
   5.5809900e+05   1.6296387e+01
   5.5935600e+05   1.6296387e+01
   5.5938400e+05   1.5747070e+01
   5.6113800e+05   2.0385742e+01
   5.6117200e+05   2.1484375e+01
   5.6228400e+05   1.7517090e+01
   5.7157800e+05   1.7028809e+01
   5.7160500e+05   1.5869141e+01
   5.7315900e+05   2.0996094e+01
   5.7318600e+05   1.8676758e+01
   5.7441900e+05   1.6906738e+01
   5.7444700e+05   1.7150879e+01
   5.7842500e+05   1.5747070e+01
   5.7845300e+05   1.8310547e+01
   5.7848500e+05   1.8493652e+01
   5.7995400e+05   1.7700195e+01
   5.8147800e+05   1.6540527e+01
   5.8150800e+05   1.5625000e+01
   5.8271800e+05   1.5930176e+01
   5.8274700e+05   1.8188477e+01
   5.8421700e+05   1.6906738e+01
   5.8546800e+05   1.8920898e+01
   5.8550100e+05   1.6784668e+01
   5.8683200e+05   1.7761230e+01
   5.8939100e+05   1.6784668e+01
   5.8942500e+05   1.5625000e+01
   5.8946100e+05   1.8005371e+01
   5.9122900e+05   1.7761230e+01
   5.9125800e+05   1.7883301e+01
   5.9283800e+05   1.6540527e+01
   5.9287200e+05   1.6418457e+01
   5.9429300e+05   2.0812988e+01
   5.9433000e+05   1.6235352e+01
   5.9567500e+05   2.0263672e+01
   5.9570500e+05   1.5808105e+01
   5.9725600e+05   1.7883301e+01
   5.9729200e+05   1.6113281e+01
   5.9948000e+05   1.8249512e+01
   5.9951000e+05   1.6418457e+01
   6.0109400e+05   1.5930176e+01
   6.0302800e+05   1.7883301e+01
   6.0305800e+05   1.9104004e+01
   6.0438500e+05   1.5747070e+01
   6.0588800e+05   1.8310547e+01
   6.0591800e+05   1.9287109e+01
   6.0735500e+05   1.7395020e+01
   6.0885800e+05   2.0141602e+01
   6.1020700e+05   1.5991211e+01
   6.1023600e+05   1.6357422e+01
   6.1156400e+05   1.7333984e+01
   6.1159300e+05   1.9104004e+01
   6.1282900e+05   1.7456055e+01
   6.1285800e+05   1.5747070e+01
   6.1404600e+05   2.3498535e+01
   6.1409800e+05   2.0019531e+01
   6.2170400e+05   1.8371582e+01
   6.2173000e+05   1.6052246e+01
   6.2373100e+05   1.6113281e+01
   6.2375800e+05   2.0080566e+01
   6.2529000e+05   1.7639160e+01
   6.2532000e+05   1.8615723e+01
   6.2668500e+05   1.6845703e+01
   6.2671500e+05   1.7822266e+01
   6.2789900e+05   1.7700195e+01
   6.2792900e+05   2.3132324e+01
   6.2905800e+05   1.7517090e+01
   6.2908900e+05   1.7517090e+01
   6.3037400e+05   1.7333984e+01
   6.3041100e+05   1.6235352e+01
   6.3228700e+05   1.8981934e+01
   6.3231800e+05   1.5808105e+01
   6.3418800e+05   1.8798828e+01
   6.3421700e+05   1.7272949e+01
   6.3463100e+05   2.3864746e+01
   6.3468800e+05   1.6845703e+01
   6.3473100e+05   1.5930176e+01
   6.3516400e+05   1.6723633e+01
   6.3519400e+05   1.8005371e+01
   6.4122800e+05   1.6113281e+01
   6.4125700e+05   1.7395020e+01
   6.4291300e+05   1.8615723e+01
   6.4294200e+05   1.7333984e+01
   6.4489100e+05   1.8066406e+01
   6.4638200e+05   1.8676758e+01
   6.4641000e+05   1.5869141e+01
   6.4759500e+05   1.9958496e+01
   6.4762800e+05   1.7089844e+01
   6.4881400e+05   1.9653320e+01
   6.5035900e+05   1.8188477e+01
   6.5038700e+05   1.8859863e+01
   6.5169600e+05   1.7456055e+01
   6.5172700e+05   1.6845703e+01
   6.5320200e+05   1.7028809e+01
   6.5323400e+05   1.8249512e+01
   6.5455600e+05   1.6723633e+01
   6.5458900e+05   1.5930176e+01
   6.5583100e+05   1.7761230e+01
   6.5586700e+05   1.7333984e+01
   6.5698100e+05   2.2094727e+01
   6.5815400e+05   1.7578125e+01
   6.5928100e+05   1.9042969e+01
   6.6050300e+05   1.7272949e+01
   6.6053400e+05   1.7272949e+01
   6.6283600e+05   1.7456055e+01
   6.6287000e+05   1.8066406e+01
   6.6412600e+05   1.9714355e+01
   6.6415700e+05   1.8859863e+01
   6.6554100e+05   1.6174316e+01
   6.6697700e+05   1.8798828e+01
   6.6700600e+05   1.8432617e+01
   6.6824200e+05   1.5869141e+01
   6.6827200e+05   1.6357422e+01
   6.6980500e+05   2.9235840e+01
   6.7376400e+05   1.7639160e+01
   6.7379400e+05   2.0690918e+01
   6.7549900e+05   2.0202637e+01
   6.7552800e+05   1.8615723e+01
   6.7841600e+05   2.1667480e+01
   6.7844500e+05   1.6540527e+01
   6.7963500e+05   1.6601562e+01
   6.7966400e+05   1.7333984e+01
   6.8099700e+05   1.9531250e+01
   6.8251600e+05   2.0385742e+01
   6.8254400e+05   1.9714355e+01
   6.8409100e+05   1.5747070e+01
   6.8412100e+05   1.5686035e+01
   6.8624700e+05   2.2399902e+01
   6.8627800e+05   1.6601562e+01
   6.8789200e+05   1.6235352e+01
   6.8792400e+05   1.5930176e+01
   6.8931700e+05   1.6174316e+01
   6.8935000e+05   2.1057129e+01
   6.9051500e+05   1.9592285e+01
   6.9222600e+05   1.7089844e+01
   6.9225400e+05   1.7944336e+01
   6.9413400e+05   2.0812988e+01
   6.9416400e+05   1.6418457e+01
   6.9570800e+05   1.8859863e+01
   6.9573700e+05   2.1423340e+01
   6.9696800e+05   1.6662598e+01
   6.9700600e+05   2.1240234e+01
   6.9845200e+05   1.8432617e+01
   6.9848100e+05   1.7395020e+01
   6.9970100e+05   1.8066406e+01
   6.9973200e+05   1.6113281e+01
   7.0113000e+05   1.8249512e+01
   7.0116400e+05   1.6052246e+01
   7.0279400e+05   1.6906738e+01
   7.0424500e+05   1.6540527e+01
   7.0558600e+05   1.7272949e+01
   7.0561400e+05   1.9592285e+01
   7.0702200e+05   1.7089844e+01
   7.1091700e+05   1.8310547e+01
   7.1094500e+05   1.5747070e+01
   7.1434000e+05   1.7150879e+01
   7.1588000e+05   1.5930176e+01
   7.1721900e+05   1.5686035e+01
   7.1725100e+05   1.7578125e+01
   7.1875900e+05   1.5747070e+01
   7.1879100e+05   1.9226074e+01
   7.2000200e+05   1.6540527e+01
   7.2127300e+05   2.0996094e+01
   7.2130200e+05   2.0568848e+01
   7.2256300e+05   1.7639160e+01
   7.2259300e+05   1.9470215e+01
   7.2447500e+05   1.5991211e+01
   7.2450600e+05   1.5625000e+01
   7.2592900e+05   1.6784668e+01
   7.2596000e+05   1.7089844e+01
   7.3100700e+05   1.6845703e+01
   7.3103800e+05   2.2338867e+01
   7.3242800e+05   1.5625000e+01
   7.3245600e+05   2.0263672e+01
   7.3386100e+05   1.7089844e+01
   7.3522000e+05   1.7822266e+01
   7.3655700e+05   1.8676758e+01
   7.3658800e+05   1.8127441e+01
   7.3803800e+05   1.6601562e+01
   7.3806500e+05   1.9897461e+01
   7.3990400e+05   1.8859863e+01
   7.8163600e+05   1.6174316e+01
   7.8166300e+05   2.1118164e+01
   7.8168800e+05   1.9226074e+01
   7.8356200e+05   1.6784668e+01
   7.8359000e+05   2.3864746e+01
   7.8472700e+05   1.8676758e+01
   7.8475500e+05   1.6784668e+01
   7.8605700e+05   1.8981934e+01
   7.9412800e+05   1.7639160e+01
   7.9416400e+05   1.6357422e+01
   7.9778800e+05   1.7700195e+01
   7.9919700e+05   1.7028809e+01
   7.9922700e+05   1.6662598e+01
   8.0269300e+05   1.9836426e+01
   8.0272500e+05   1.7333984e+01
   8.0435300e+05   1.8432617e+01
   8.0608200e+05   1.5686035e+01
   8.0816200e+05   1.7456055e+01
   8.0819200e+05   1.6723633e+01
   8.0996100e+05   1.7028809e+01
   8.0999200e+05   1.6174316e+01
   8.1146900e+05   2.0812988e+01
   8.1150200e+05   1.8737793e+01
   8.1484200e+05   1.8188477e+01
   8.1487100e+05   1.9836426e+01
   8.1642400e+05   2.1545410e+01
   8.1645400e+05   1.6967773e+01
   8.1938300e+05   2.0202637e+01
   8.1941700e+05   1.8981934e+01
   8.1952600e+05   1.5686035e+01
   8.2278900e+05   1.8493652e+01
   8.2281700e+05   1.9836426e+01
   8.2460000e+05   1.6235352e+01
   8.2462800e+05   1.7456055e+01
   8.2871500e+05   2.1240234e+01
   8.2874300e+05   1.7883301e+01
   8.3005900e+05   1.8615723e+01
   8.3185000e+05   1.7639160e+01
   8.3188000e+05   1.5930176e+01
   8.3317400e+05   1.9836426e+01
   8.3446700e+05   1.6174316e+01
   8.3564700e+05   1.7150879e+01
   8.3568900e+05   1.9653320e+01
   8.3696300e+05   1.6784668e+01
   8.3699500e+05   1.9226074e+01
   8.3851700e+05   1.6296387e+01
   8.3990200e+05   1.6296387e+01
   8.4147000e+05   1.5869141e+01
   8.4150200e+05   1.7272949e+01
   8.4279000e+05   1.6235352e+01
   8.4406700e+05   1.5808105e+01
   8.4410000e+05   1.8005371e+01
   8.4594600e+05   2.0385742e+01
   8.4597600e+05   1.9409180e+01
   8.4751100e+05   1.5808105e+01
   8.4886200e+05   1.7272949e+01
   8.4889200e+05   1.6357422e+01
   8.5003900e+05   1.9409180e+01
   8.5007000e+05   1.7456055e+01
   8.5142700e+05   1.6113281e+01
   8.5146800e+05   1.7211914e+01
   8.5276700e+05   1.9958496e+01
   8.5517300e+05   1.9409180e+01
   8.5521100e+05   1.5991211e+01
   8.5675400e+05   1.6601562e+01
   8.5678400e+05   1.6906738e+01
   8.5858500e+05   1.6662598e+01
   8.5862100e+05   1.7089844e+01
   8.5997500e+05   1.7395020e+01
   8.6000700e+05   1.7700195e+01
   8.6163800e+05   1.5808105e+01
   8.6313000e+05   1.6723633e+01
   8.6711000e+05   2.0080566e+01
   8.6883100e+05   1.9592285e+01
   8.6885800e+05   1.6113281e+01
   8.7016400e+05   1.6723633e+01
   8.7144000e+05   1.8920898e+01
   8.7147200e+05   1.7028809e+01
   8.7263300e+05   1.8493652e+01
   8.7395300e+05   1.7944336e+01
   8.7399000e+05   1.8676758e+01
   8.7520000e+05   1.6113281e+01
   8.7643300e+05   1.6906738e+01
   8.7751800e+05   1.7944336e+01
   8.7895100e+05   1.6479492e+01
   8.8012700e+05   1.7883301e+01
   8.8016900e+05   2.0629883e+01
   8.8280400e+05   1.8493652e+01
   8.8283700e+05   1.6967773e+01
   8.8452500e+05   1.9348145e+01
   8.8455300e+05   1.5991211e+01
   8.8592700e+05   1.7517090e+01
   8.8596000e+05   1.7883301e+01
   8.8984000e+05   1.9165039e+01
   8.9120200e+05   1.7028809e+01
   8.9123400e+05   1.8554688e+01
   8.9287400e+05   1.5686035e+01
   8.9290300e+05   1.7517090e+01
   8.9396800e+05   1.6540527e+01
   8.9399900e+05   2.0019531e+01
   8.9636900e+05   1.5747070e+01
   8.9640400e+05   1.6784668e+01
   8.9787300e+05   1.7333984e+01
   8.9791100e+05   1.5991211e+01
   8.9907500e+05   1.7333984e+01
   8.9910500e+05   1.5869141e+01
   9.0036400e+05   1.6906738e+01
   9.0199000e+05   1.5869141e+01
   9.0201900e+05   1.5747070e+01
   9.0327900e+05   1.6296387e+01
   9.0470400e+05   1.6357422e+01
   9.0569600e+05   1.7211914e+01
   9.0684100e+05   1.8310547e+01
   9.0895100e+05   1.5930176e+01
   9.1029000e+05   1.8310547e+01
   9.1031800e+05   1.8188477e+01
   9.1160300e+05   1.8493652e+01
   9.1163300e+05   1.8005371e+01
   9.1308400e+05   1.6540527e+01
   9.1429400e+05   1.9958496e+01
   9.1553600e+05   1.6967773e+01
   9.1556400e+05   1.8310547e+01
   9.1693200e+05   1.7761230e+01
   9.2171200e+05   1.6662598e+01
   9.2174000e+05   1.8859863e+01
   9.2344500e+05   1.7822266e+01
   9.2347400e+05   1.8249512e+01
   9.2526900e+05   2.2644043e+01
   9.2530000e+05   1.9287109e+01
   9.2670300e+05   1.9348145e+01
   9.2806500e+05   1.9409180e+01
   9.2935800e+05   1.8676758e+01
   9.2938900e+05   1.5930176e+01
   9.3129500e+05   1.6174316e+01
   9.3132900e+05   1.5930176e+01
   9.3277100e+05   2.0263672e+01
   9.3397500e+05   1.6174316e+01
   9.3401500e+05   1.7883301e+01
   9.3408500e+05   2.1057129e+01
   9.3413100e+05   1.7517090e+01
   9.3582200e+05   1.8127441e+01
   9.3701600e+05   2.0996094e+01
   9.3704600e+05   1.6784668e+01
   9.3824800e+05   1.9897461e+01
   9.3924100e+05   1.7089844e+01
   9.3927300e+05   1.6235352e+01
   9.4045500e+05   1.9287109e+01
   9.4048500e+05   1.6113281e+01
   9.4172900e+05   1.6845703e+01
   9.4433500e+05   1.7089844e+01
   9.4436900e+05   1.9409180e+01
   9.4603400e+05   1.6296387e+01
   9.4606100e+05   1.8859863e+01
   9.4756900e+05   1.6052246e+01
   9.4901700e+05   1.7456055e+01
   9.5031100e+05   2.0202637e+01
   9.5171800e+05   2.0874023e+01
   9.5174800e+05   1.6845703e+01
   9.5306000e+05   1.7089844e+01
   9.5433200e+05   1.6845703e+01
   9.5435900e+05   1.7517090e+01
   9.6107400e+05   1.9897461e+01
   9.6110300e+05   1.6967773e+01
   9.6291500e+05   1.5869141e+01
   9.6294300e+05   1.6479492e+01
   9.6478900e+05   1.6601562e+01
   9.6482000e+05   1.8066406e+01
   9.6653800e+05   1.5869141e+01
   9.6801200e+05   1.6784668e+01
   9.6804400e+05   1.7333984e+01
   9.6951500e+05   1.5747070e+01
   9.6954200e+05   1.7272949e+01
   9.7096000e+05   1.7028809e+01
   9.7238500e+05   1.5747070e+01
   9.7241300e+05   1.6174316e+01
   9.7373400e+05   1.9714355e+01
   9.7502600e+05   1.7639160e+01
   9.7628200e+05   1.6174316e+01
   9.7915700e+05   1.7272949e+01
   9.7918500e+05   1.5869141e+01
   9.8074200e+05   1.6845703e+01
   9.8077200e+05   1.9348145e+01
   9.8420300e+05   1.9470215e+01
   9.8423000e+05   1.6357422e+01
   9.8570800e+05   1.5747070e+01
   9.8574000e+05   1.6113281e+01
   9.8735800e+05   1.7700195e+01
   9.8738800e+05   2.0019531e+01
   9.8889900e+05   1.8493652e+01
   9.8893200e+05   1.6113281e+01
   9.9028800e+05   1.8554688e+01
   9.9031700e+05   1.6052246e+01
   9.9166700e+05   1.6418457e+01
   9.9301700e+05   1.6540527e+01
   9.9304600e+05   1.6113281e+01
   9.9419500e+05   1.9104004e+01
   9.9578800e+05   1.6357422e+01
   9.9581500e+05   1.6296387e+01
   9.9713500e+05   1.7028809e+01
   9.9716400e+05   1.6479492e+01
   9.9862500e+05   1.8798828e+01
   9.9990000e+05   1.6662598e+01
   9.9993200e+05   2.0385742e+01
   1.0011140e+06   1.7333984e+01
   1.0011440e+06   1.9287109e+01
   1.0024010e+06   1.7883301e+01
   1.0024300e+06   1.6174316e+01
   1.0038650e+06   1.9653320e+01
   1.0039020e+06   1.7089844e+01
   1.0058730e+06   2.1484375e+01
   1.0072540e+06   1.5747070e+01
   1.0150290e+06   1.5930176e+01
   1.0169560e+06   1.6845703e+01
   1.0169840e+06   1.8981934e+01
   1.0185730e+06   1.5808105e+01
   1.0186010e+06   1.9226074e+01
   1.0203450e+06   1.9775391e+01
   1.0203730e+06   1.9226074e+01
   1.0219800e+06   1.8066406e+01
   1.0220120e+06   1.7822266e+01
   1.0233260e+06   1.7150879e+01
   1.0233550e+06   1.7639160e+01
   1.0247560e+06   1.7822266e+01
   1.0261390e+06   1.6479492e+01
   1.0261710e+06   2.1362305e+01
   1.0289030e+06   1.5991211e+01
   1.0307430e+06   1.7578125e+01
   1.0307700e+06   1.8493652e+01
   1.0308050e+06   2.0141602e+01
   1.0326320e+06   1.6418457e+01
   1.0326640e+06   1.8981934e+01
   1.0343590e+06   1.5991211e+01
   1.0359900e+06   1.7822266e+01
   1.0373750e+06   1.8554688e+01
   1.0387910e+06   1.6052246e+01
   1.0402420e+06   1.6113281e+01
   1.0421780e+06   1.5747070e+01
   1.0442010e+06   1.7517090e+01
   1.0442260e+06   1.6418457e+01
   1.0456440e+06   2.1606445e+01
   1.0456720e+06   1.8981934e+01
   1.0474860e+06   1.7639160e+01
   1.0475160e+06   1.9104004e+01
   1.0490170e+06   1.8798828e+01
   1.0490440e+06   1.5930176e+01
   1.0504680e+06   1.6906738e+01
   1.0519180e+06   1.7211914e+01
   1.0533360e+06   1.6723633e+01
   1.0533650e+06   1.6906738e+01
   1.0561440e+06   1.5808105e+01
   1.0561750e+06   1.8615723e+01
   1.0575470e+06   1.8859863e+01
   1.0589920e+06   1.5625000e+01
   1.0590200e+06   1.5686035e+01
   1.0670780e+06   1.6601562e+01
   1.0671060e+06   1.6174316e+01
   1.0671380e+06   1.8676758e+01
   1.0701180e+06   1.8310547e+01
   1.0715670e+06   1.9042969e+01
   1.0716000e+06   2.1362305e+01
   1.0732480e+06   1.7578125e+01
   1.0746970e+06   1.8981934e+01
   1.0762700e+06   1.6784668e+01
   1.0780290e+06   1.7578125e+01
   1.0780560e+06   1.9287109e+01
   1.0793180e+06   1.9165039e+01
   1.0793510e+06   1.6540527e+01
   1.0806330e+06   1.7028809e+01
   1.0806620e+06   1.8676758e+01
   1.0819850e+06   1.6662598e+01
   1.0831950e+06   1.7211914e+01
   1.0832390e+06   1.9897461e+01
   1.0850510e+06   1.7883301e+01
   1.0865720e+06   1.6967773e+01
   1.0866020e+06   1.6967773e+01
   1.0879800e+06   1.5991211e+01
   1.0880100e+06   1.8615723e+01
   1.0895540e+06   1.6540527e+01
   1.0908460e+06   1.6052246e+01
   1.0908750e+06   1.8920898e+01
   1.0923260e+06   1.6479492e+01
   1.0935730e+06   1.7211914e+01
   1.0936040e+06   1.6296387e+01
   1.0948720e+06   1.5930176e+01
   1.0966490e+06   1.7578125e+01
   1.0966770e+06   1.6906738e+01
   1.0979190e+06   1.5930176e+01
   1.0993380e+06   1.8859863e+01
   1.0993680e+06   1.6601562e+01
   1.1007600e+06   1.7089844e+01
   1.1007880e+06   1.6418457e+01
   1.1022170e+06   1.8310547e+01
   1.1022550e+06   1.6052246e+01
   1.1039570e+06   1.8554688e+01
   1.1067640e+06   1.6540527e+01
   1.1067930e+06   1.6723633e+01
   1.1186960e+06   1.5747070e+01
   1.1204550e+06   1.6723633e+01
   1.1221320e+06   1.5747070e+01
   1.1243580e+06   1.9592285e+01
   1.1288300e+06   1.7883301e+01
   1.1288670e+06   1.5930176e+01
   1.1303040e+06   1.5625000e+01
   1.1328340e+06   1.6174316e+01
   1.1342030e+06   2.0019531e+01
   1.1417840e+06   1.7883301e+01
   1.1418150e+06   1.6540527e+01
   1.1436410e+06   1.6784668e+01
   1.1436680e+06   1.9104004e+01
   1.1451430e+06   1.6052246e+01
   1.1451740e+06   1.5930176e+01
   1.1465130e+06   1.6479492e+01
   1.1482500e+06   1.7395020e+01
   1.1482770e+06   1.8676758e+01
   1.1502440e+06   1.6052246e+01
   1.1502710e+06   1.6601562e+01
   1.1525410e+06   2.0751953e+01
   1.1525700e+06   1.6113281e+01
   1.1538480e+06   1.8615723e+01
   1.1538780e+06   1.7517090e+01
   1.1554170e+06   1.7150879e+01
   1.1554480e+06   1.6662598e+01
   1.1572550e+06   1.6296387e+01
   1.1572830e+06   1.6418457e+01
   1.1585080e+06   1.7150879e+01
   1.1585400e+06   1.5625000e+01
   1.1597390e+06   1.8371582e+01
   1.1692430e+06   1.7639160e+01
   1.1692720e+06   1.7333984e+01
   1.1716650e+06   1.7944336e+01
   1.1731150e+06   1.6418457e+01
   1.1731430e+06   1.9653320e+01
   1.1765610e+06   1.8676758e+01
   1.1765930e+06   2.0446777e+01
   1.1779080e+06   2.0568848e+01
   1.1793080e+06   2.1728516e+01
   1.1793400e+06   1.6723633e+01
   1.1834730e+06   1.7517090e+01
   1.1860280e+06   1.6357422e+01
   1.1872670e+06   1.6723633e+01
   1.1885440e+06   1.8310547e+01
   1.1912560e+06   1.5686035e+01
   1.1916950e+06   1.7761230e+01
   1.1917230e+06   1.6357422e+01
   1.1939630e+06   1.6540527e+01
   1.1940250e+06   1.6235352e+01
   1.1955410e+06   1.5747070e+01
   1.1955740e+06   1.5686035e+01
   1.1969630e+06   1.7028809e+01
   1.1969940e+06   2.0629883e+01
   1.1981300e+06   1.6113281e+01
   1.1981590e+06   1.5686035e+01
   1.1993920e+06   1.5930176e+01
   1.2006030e+06   1.7395020e+01
   1.2020160e+06   1.5747070e+01
   1.2020440e+06   1.7028809e+01
   1.2036570e+06   1.5747070e+01
   1.2059050e+06   1.5930176e+01
   1.2073940e+06   1.8554688e+01
   1.2088150e+06   1.7944336e+01
   1.2088500e+06   2.2033691e+01
   1.2097660e+06   1.7456055e+01
   1.2107240e+06   1.9714355e+01
   1.2107580e+06   1.9836426e+01
   1.2134550e+06   1.8371582e+01
   1.2149430e+06   1.8859863e+01
   1.2149700e+06   1.8981934e+01
   1.2161580e+06   1.6723633e+01
   1.2161880e+06   1.7578125e+01
   1.2174480e+06   2.0996094e+01
   1.2174770e+06   1.7456055e+01
   1.2187180e+06   1.5686035e+01
   1.2187500e+06   1.9592285e+01
   1.2246360e+06   2.1850586e+01
   1.2261300e+06   2.1240234e+01
   1.2276240e+06   1.6418457e+01
   1.2276530e+06   1.8371582e+01
   1.2287410e+06   1.7272949e+01
   1.2300910e+06   1.5808105e+01
   1.2301290e+06   1.5625000e+01
   1.2312600e+06   1.7761230e+01
   1.2312900e+06   1.7333984e+01
   1.2325730e+06   1.8127441e+01
   1.2337450e+06   1.6235352e+01
   1.2337760e+06   1.7211914e+01
   1.2385390e+06   1.5991211e+01
   1.2385700e+06   1.6357422e+01
   1.2401130e+06   1.8066406e+01
   1.2414730e+06   1.5991211e+01
   1.2415050e+06   1.9287109e+01
   1.2426910e+06   2.0324707e+01
   1.2427270e+06   1.7089844e+01
   1.2440400e+06   1.5747070e+01
   1.2449710e+06   1.9775391e+01
   1.2450060e+06   1.6357422e+01
   1.2462990e+06   1.5869141e+01
   1.2463300e+06   1.6296387e+01
   1.2475020e+06   1.6845703e+01
   1.2475360e+06   1.5808105e+01
   1.2502910e+06   1.7089844e+01
   1.2503220e+06   1.6235352e+01
   1.2515570e+06   1.8554688e+01
   1.2515870e+06   1.6113281e+01
   1.2527000e+06   1.9104004e+01
   1.2527310e+06   1.7578125e+01
   1.2539790e+06   1.7150879e+01
   1.2540150e+06   1.9287109e+01
   1.2552120e+06   1.9104004e+01
   1.2565620e+06   1.7761230e+01
   1.2576830e+06   1.8371582e+01
   1.2577130e+06   1.9226074e+01
   1.2589510e+06   1.7333984e+01
   1.2589870e+06   1.7639160e+01
   1.2603370e+06   1.5747070e+01
   1.2603660e+06   1.6723633e+01
   1.2622390e+06   1.5625000e+01
   1.2622720e+06   1.5869141e+01
   1.2636580e+06   2.0019531e+01
   1.2677540e+06   2.0446777e+01
   1.2677840e+06   1.6845703e+01
   1.2692110e+06   1.5686035e+01
   1.2692420e+06   2.1301270e+01
   1.2709330e+06   1.6174316e+01
   1.2709680e+06   1.7944336e+01
   1.2721730e+06   1.6967773e+01
   1.2722020e+06   1.8493652e+01
   1.2729590e+06   2.3986816e+01
   1.2730820e+06   1.8005371e+01
   1.2791340e+06   1.8615723e+01
   1.2811700e+06   1.8127441e+01
   1.2826750e+06   1.7395020e+01
   1.2827070e+06   2.1667480e+01
   1.2840720e+06   1.8493652e+01
   1.2853130e+06   1.5686035e+01
   1.2866130e+06   1.9226074e+01
   1.2879000e+06   1.7272949e+01
   1.2891150e+06   1.7578125e+01
   1.2904540e+06   1.9958496e+01
   1.2904850e+06   1.6601562e+01
   1.2916840e+06   1.9958496e+01
   1.2917160e+06   1.7089844e+01
   1.2930290e+06   1.8615723e+01
   1.2930650e+06   2.1667480e+01
   1.2931360e+06   1.8737793e+01
   1.2931810e+06   1.8127441e+01
   1.2947490e+06   1.7517090e+01
   1.2947830e+06   2.0019531e+01
   1.3003150e+06   1.6479492e+01
   1.3019790e+06   1.7944336e+01
   1.3035070e+06   1.6235352e+01
   1.3035380e+06   1.8615723e+01
   1.3049110e+06   1.8066406e+01
   1.3060880e+06   2.1118164e+01
   1.3061200e+06   1.6662598e+01
   1.3073080e+06   1.8005371e+01
   1.3073370e+06   1.5625000e+01
   1.3085780e+06   1.5991211e+01
   1.3100880e+06   1.7456055e+01
   1.3114680e+06   1.8432617e+01
   1.3114980e+06   1.6235352e+01
   1.3140460e+06   1.7822266e+01
   1.3154290e+06   2.1911621e+01
   1.3154620e+06   1.7089844e+01
   1.3168380e+06   1.6174316e+01
   1.3168720e+06   1.6601562e+01
   1.3182680e+06   1.8188477e+01
   1.3182980e+06   1.8249512e+01
   1.3196180e+06   1.6601562e+01
   1.3196500e+06   1.6906738e+01
   1.3232980e+06   1.5930176e+01
   1.3233280e+06   1.6418457e+01
   1.3248520e+06   1.7211914e+01
   1.3248810e+06   1.8798828e+01
   1.3274390e+06   1.9409180e+01
   1.3287300e+06   1.5869141e+01
   1.3287630e+06   1.5869141e+01
   1.3300630e+06   1.7456055e+01
   1.3300970e+06   1.6723633e+01
   1.3314830e+06   2.0874023e+01
   1.3339430e+06   1.5625000e+01
   1.3339750e+06   2.0996094e+01
   1.3350850e+06   1.6052246e+01
   1.3364270e+06   2.4475098e+01
   1.3364620e+06   2.2033691e+01
   1.3388540e+06   1.7761230e+01
   1.3388830e+06   1.9165039e+01
   1.3402650e+06   2.0080566e+01
   1.3402970e+06   2.2277832e+01
   1.3417220e+06   1.7333984e+01
   1.3417510e+06   1.7761230e+01
   1.3429920e+06   1.7944336e+01
   1.3446710e+06   1.6845703e+01
   1.3458650e+06   1.7395020e+01
   1.3458970e+06   2.0507812e+01
   1.3500590e+06   1.6357422e+01
   1.3517850e+06   1.7761230e+01
   1.3531700e+06   1.7150879e+01
   1.3532010e+06   1.9104004e+01
   1.3548880e+06   1.8371582e+01
   1.3549180e+06   1.6723633e+01
   1.3564700e+06   1.6845703e+01
   1.3579090e+06   1.6235352e+01
   1.3579420e+06   1.8554688e+01
   1.3593660e+06   1.5991211e+01
   1.3607640e+06   1.8432617e+01
   1.3607920e+06   1.8249512e+01
   1.3621460e+06   1.7211914e+01
   1.3621760e+06   1.8371582e+01
   1.3692100e+06   1.9409180e+01
   1.3706690e+06   1.7456055e+01
   1.3721610e+06   1.7028809e+01
   1.3743700e+06   1.5808105e+01
   1.3743980e+06   1.7517090e+01
   1.3760360e+06   1.5991211e+01
   1.3760650e+06   1.7944336e+01
   1.3774000e+06   1.5625000e+01
   1.3801410e+06   1.6296387e+01
   1.3801700e+06   1.7211914e+01
   1.3814450e+06   1.6235352e+01
   1.3842910e+06   1.8920898e+01
   1.3843210e+06   1.6662598e+01
   1.3878050e+06   1.6357422e+01
   1.3878360e+06   1.8310547e+01
   1.3893190e+06   1.6052246e+01
   1.3907510e+06   1.7028809e+01
   1.3907780e+06   1.6052246e+01
   1.3921010e+06   1.6906738e+01
   1.3921320e+06   1.8737793e+01
   1.3948690e+06   1.7395020e+01
   1.3949010e+06   1.6479492e+01
   1.3972120e+06   1.7333984e+01
   1.4002490e+06   1.7639160e+01
   1.4002760e+06   2.1972656e+01
   1.4026100e+06   1.5869141e+01
   1.4026400e+06   1.6784668e+01
   1.4042160e+06   2.2094727e+01
   1.4042440e+06   2.0996094e+01
   1.4057670e+06   1.6052246e+01
   1.4057980e+06   1.6052246e+01
   1.4072890e+06   1.8066406e+01
   1.4073190e+06   1.6662598e+01
   1.4087720e+06   1.9287109e+01
   1.4088030e+06   1.9104004e+01
   1.4105110e+06   2.1057129e+01
   1.4105420e+06   1.7150879e+01
   1.4118950e+06   1.7028809e+01
   1.4132830e+06   1.7761230e+01
   1.4148210e+06   1.6906738e+01
   1.4148480e+06   1.5991211e+01
   1.4161100e+06   1.7944336e+01
   1.4161370e+06   1.8493652e+01
   1.4178270e+06   1.9287109e+01
   1.4266030e+06   1.7028809e+01
   1.4266310e+06   1.5747070e+01
   1.4266650e+06   1.7211914e+01
   1.4283200e+06   1.7089844e+01
   1.4283490e+06   1.9165039e+01
   1.4312880e+06   1.8249512e+01
   1.4326620e+06   2.0080566e+01
   1.4340430e+06   1.7883301e+01
   1.4354430e+06   1.8188477e+01
   1.4354720e+06   1.6235352e+01
   1.4382880e+06   1.6967773e+01
   1.4421150e+06   1.6662598e+01
   1.4434650e+06   1.6479492e+01
   1.4465580e+06   1.7089844e+01
   1.4479570e+06   1.6662598e+01
   1.4491920e+06   1.7211914e+01
   1.4492250e+06   1.6479492e+01
   1.4504920e+06   1.7578125e+01
   1.4518950e+06   1.5991211e+01
   1.4519250e+06   1.8676758e+01
   1.4535360e+06   1.6052246e+01
   1.4535660e+06   1.6296387e+01
   1.4551970e+06   1.7333984e+01
   1.4552250e+06   1.7822266e+01
   1.4564120e+06   1.6723633e+01
   1.4564420e+06   1.7639160e+01
   1.4578490e+06   1.6174316e+01
   1.4591210e+06   1.8859863e+01
   1.4591510e+06   1.7700195e+01
   1.4603270e+06   1.8371582e+01
   1.4603540e+06   1.9042969e+01
   1.4617560e+06   1.5747070e+01
   1.4617870e+06   1.7333984e+01
   1.4633270e+06   1.5686035e+01
   1.4633550e+06   1.8798828e+01
   1.4647380e+06   1.6418457e+01
   1.4647670e+06   1.7944336e+01
   1.4660550e+06   1.6357422e+01
   1.4671450e+06   1.8798828e+01
   1.4671730e+06   1.6540527e+01
   1.4684520e+06   1.8127441e+01
   1.4684830e+06   1.6845703e+01
   1.4697370e+06   1.6174316e+01
   1.4713440e+06   1.7028809e+01
   1.4725810e+06   1.7028809e+01
   1.4726110e+06   1.8798828e+01
   1.4741480e+06   1.6418457e+01
   1.4768550e+06   1.8371582e+01
   1.4768840e+06   1.7639160e+01
   1.4781910e+06   1.6174316e+01
   1.4793430e+06   1.5930176e+01
   1.4810670e+06   1.9226074e+01
   1.4822980e+06   1.6479492e+01
   1.4823310e+06   1.6052246e+01
   1.4834920e+06   1.6296387e+01
   1.4859540e+06   1.5930176e+01
   1.4859870e+06   1.5625000e+01
   1.4874680e+06   1.6235352e+01
   1.4888210e+06   2.0080566e+01
   1.4898300e+06   2.1423340e+01
   1.4898600e+06   1.8676758e+01
   1.4900900e+06   1.5991211e+01
   1.4952840e+06   1.7150879e+01
   1.4953150e+06   1.8920898e+01
   1.4970670e+06   1.5930176e+01
   1.4970950e+06   1.8432617e+01
   1.4988000e+06   1.6601562e+01
   1.4988300e+06   1.9836426e+01
   1.5004810e+06   1.5930176e+01
   1.5005090e+06   1.6357422e+01
   1.5017900e+06   1.7395020e+01
   1.5018210e+06   1.6784668e+01
   1.5031540e+06   1.9226074e+01
   1.5031830e+06   1.5869141e+01
   1.5045830e+06   1.8920898e+01
   1.5058250e+06   1.5869141e+01
   1.5071140e+06   1.7517090e+01
   1.5071430e+06   1.8005371e+01
   1.5084860e+06   1.7333984e+01
   1.5099530e+06   1.9287109e+01
   1.5099820e+06   2.0019531e+01
   1.5113830e+06   1.9226074e+01
   1.5114130e+06   1.6479492e+01
   1.5129570e+06   2.2338867e+01
   1.5164720e+06   1.7333984e+01
   1.5165040e+06   1.9409180e+01
   1.5183500e+06   1.7150879e+01
   1.5198650e+06   1.8371582e+01
   1.5198940e+06   1.6906738e+01
   1.5215760e+06   1.7822266e+01
   1.5231160e+06   1.8615723e+01
   1.5244870e+06   1.7333984e+01
   1.5245180e+06   1.5991211e+01
   1.5261660e+06   2.0568848e+01
   1.5261960e+06   2.0690918e+01
   1.5274380e+06   1.6174316e+01
   1.5274690e+06   1.8127441e+01
   1.5287650e+06   1.6662598e+01
   1.5300680e+06   1.6479492e+01
   1.5314540e+06   2.0568848e+01
   1.5327790e+06   1.6967773e+01
   1.5342790e+06   1.6296387e+01
   1.5358740e+06   1.8615723e+01
   1.5359060e+06   1.6967773e+01
   1.5374650e+06   1.9897461e+01
   1.5407570e+06   1.7395020e+01
   1.5481020e+06   1.5625000e+01
   1.5481290e+06   1.7700195e+01
   1.5528690e+06   1.5686035e+01
   1.5528960e+06   1.8371582e+01
   1.5546390e+06   1.5930176e+01
   1.5546660e+06   2.0629883e+01
   1.5547060e+06   1.6479492e+01
   1.5564080e+06   1.5930176e+01
   1.5564360e+06   1.6967773e+01
   1.5580850e+06   1.6540527e+01
   1.5581140e+06   1.6967773e+01
   1.5597210e+06   1.6784668e+01
   1.5597490e+06   1.9714355e+01
   1.5614650e+06   1.7333984e+01
   1.5630070e+06   1.6967773e+01
   1.5630410e+06   1.9958496e+01
   1.5643220e+06   1.6784668e+01
   1.5643600e+06   1.7517090e+01
   1.5658370e+06   1.6479492e+01
   1.5658670e+06   1.5625000e+01
   1.5673220e+06   2.0019531e+01
   1.5673620e+06   1.7456055e+01
   1.5685700e+06   1.6967773e+01
   1.5686030e+06   1.8920898e+01
   1.5694840e+06   1.7272949e+01
   1.5735520e+06   1.6052246e+01
   1.5735820e+06   1.7150879e+01
   1.5759510e+06   1.8005371e+01
   1.5759790e+06   1.6784668e+01
   1.5775760e+06   1.7089844e+01
   1.5776060e+06   1.6235352e+01
   1.5800090e+06   1.6662598e+01
   1.5814180e+06   1.5869141e+01
   1.5814460e+06   1.7639160e+01
   1.5829240e+06   1.5991211e+01
   1.5844730e+06   1.6540527e+01
   1.5845110e+06   1.6662598e+01
   1.5859910e+06   1.8737793e+01
   1.5860210e+06   1.9104004e+01
   1.5873670e+06   1.6113281e+01
   1.5874010e+06   1.7700195e+01
   1.5886810e+06   1.8493652e+01
   1.5898960e+06   1.5869141e+01
   1.5899280e+06   1.6235352e+01
   1.5911390e+06   1.6113281e+01
   1.5926140e+06   1.8859863e+01
   1.5926460e+06   1.6052246e+01
   1.5938520e+06   1.7211914e+01
   1.5938850e+06   1.6540527e+01
   1.5951570e+06   1.7456055e+01
   1.5951860e+06   1.7333984e+01
   1.5964910e+06   1.9958496e+01
   1.5965240e+06   1.8920898e+01
   1.5991380e+06   1.6723633e+01
   1.5991740e+06   1.6113281e+01
   1.6021240e+06   1.9042969e+01
   1.6021580e+06   1.6052246e+01
   1.6051690e+06   1.9775391e+01
   1.6064600e+06   1.9714355e+01
   1.6064890e+06   1.7517090e+01
   1.6080450e+06   2.2399902e+01
   1.6093650e+06   1.6357422e+01
   1.6093960e+06   2.1240234e+01
   1.6107220e+06   1.8066406e+01
   1.6107540e+06   1.7639160e+01
   1.6121560e+06   1.6662598e+01
   1.6121850e+06   1.7944336e+01
   1.6137130e+06   1.7883301e+01
   1.6137430e+06   1.7150879e+01
   1.6153430e+06   1.7150879e+01
   1.6153710e+06   1.5625000e+01
   1.6165420e+06   2.0751953e+01
   1.6165750e+06   1.8859863e+01
   1.6176430e+06   1.7883301e+01
   1.6191140e+06   1.6784668e+01
   1.6191460e+06   1.6113281e+01
   1.6203730e+06   1.7578125e+01
   1.6204070e+06   1.5808105e+01
   1.6217630e+06   1.9287109e+01
   1.6242810e+06   1.8859863e+01
   1.6243120e+06   1.5625000e+01
   1.6254500e+06   2.1057129e+01
   1.6254800e+06   1.7517090e+01
   1.6269970e+06   1.8493652e+01
   1.6270240e+06   2.0080566e+01
   1.6283630e+06   1.6113281e+01
   1.6283960e+06   1.6479492e+01
   1.6289810e+06   2.4108887e+01
   1.6291500e+06   1.6174316e+01
   1.6352950e+06   1.5686035e+01
   1.6353230e+06   1.5747070e+01
   1.6367030e+06   1.7700195e+01
   1.6385280e+06   1.9836426e+01
   1.6385570e+06   1.6845703e+01
   1.6399230e+06   1.9287109e+01
   1.6412920e+06   1.7578125e+01
   1.6425650e+06   1.5930176e+01
   1.6425940e+06   1.7517090e+01
   1.6439900e+06   1.7028809e+01
   1.6440190e+06   1.6845703e+01
   1.6453550e+06   1.6601562e+01
   1.6453860e+06   1.8432617e+01
   1.6465920e+06   1.6540527e+01
   1.6466280e+06   1.6540527e+01
   1.6477760e+06   1.5869141e+01
   1.6478170e+06   1.5991211e+01
   1.6490500e+06   1.5747070e+01
   1.6503740e+06   1.5808105e+01
   1.6504060e+06   1.5686035e+01
   1.6515510e+06   1.5930176e+01
   1.6515800e+06   1.5747070e+01
   1.6529230e+06   2.0019531e+01
   1.6529510e+06   1.6601562e+01
   1.6542460e+06   1.7333984e+01
   1.6542790e+06   1.7150879e+01
   1.6546510e+06   3.1555176e+01
   1.6635960e+06   1.6357422e+01
   1.6813960e+06   2.5329590e+01
   1.7435470e+06   2.5878906e+01
   1.7435800e+06   2.0996094e+01
   1.7436180e+06   1.9836426e+01
   1.7436600e+06   1.6418457e+01
   1.7821030e+06   2.1057129e+01
   1.8062560e+06   2.0629883e+01
   1.8184210e+06   2.2216797e+01
   1.8184560e+06   1.5747070e+01
   1.8185250e+06   1.7822266e+01
   1.8204340e+06   1.9836426e+01
   1.8204620e+06   2.0507812e+01
   1.8220450e+06   1.8066406e+01
   1.8220760e+06   1.6235352e+01
   1.8232980e+06   1.8432617e+01
   1.8233480e+06   1.7639160e+01
   1.8260280e+06   1.7089844e+01
   1.8277050e+06   1.5991211e+01
   1.8290690e+06   1.7944336e+01
   1.8312100e+06   1.7089844e+01
   1.8312570e+06   1.6601562e+01
   1.8324630e+06   2.1728516e+01
   1.8325660e+06   2.0385742e+01
   1.8340100e+06   1.5808105e+01
   1.8349200e+06   1.6174316e+01
   1.8349500e+06   1.9226074e+01
   1.8361850e+06   1.5808105e+01
   1.8362190e+06   1.7639160e+01
   1.8373980e+06   2.1057129e+01
   1.8374280e+06   1.6540527e+01
   1.8384550e+06   1.7578125e+01
   1.8393900e+06   1.5808105e+01
   1.8394320e+06   1.6845703e+01
   1.8405070e+06   1.7578125e+01
   1.8405440e+06   1.6540527e+01
   1.8416650e+06   1.6906738e+01
   1.8427260e+06   1.6113281e+01
   1.8427590e+06   1.5930176e+01
   1.8438120e+06   1.6418457e+01
   1.8447860e+06   1.8249512e+01
   1.8458320e+06   1.9714355e+01
   1.8469060e+06   1.6052246e+01
   1.8477910e+06   1.5747070e+01
   1.8478300e+06   1.5808105e+01
   1.8495790e+06   2.1423340e+01
   1.8517730e+06   1.6906738e+01
   1.8518040e+06   1.5686035e+01
   1.8541960e+06   1.5686035e+01
   1.8554120e+06   1.8127441e+01
   1.8554450e+06   2.0385742e+01
   1.8565660e+06   1.8127441e+01
   1.8565980e+06   2.2521973e+01
   1.8589040e+06   1.9775391e+01
   1.8599530e+06   1.9836426e+01
   1.8599860e+06   1.8859863e+01
   1.8612370e+06   2.0507812e+01
   1.8612780e+06   1.6906738e+01
   1.8618900e+06   2.1057129e+01
   1.8658300e+06   1.8249512e+01
   1.8658590e+06   1.7944336e+01
   1.8676680e+06   2.3559570e+01
   1.8687980e+06   1.6235352e+01
   1.8699210e+06   1.8615723e+01
   1.8699510e+06   2.0324707e+01
   1.8712860e+06   1.5930176e+01
   1.8723920e+06   1.6967773e+01
   1.8724330e+06   1.7761230e+01
   1.8730830e+06   1.7700195e+01
   1.8764190e+06   1.8432617e+01
   1.8777920e+06   1.7333984e+01
   1.8778190e+06   2.2277832e+01
   1.8789960e+06   2.0080566e+01
   1.8801560e+06   1.6418457e+01
   1.8801850e+06   1.7272949e+01
   1.8814840e+06   1.7333984e+01
   1.8827510e+06   1.9348145e+01
   1.8827820e+06   1.6906738e+01
   1.8839610e+06   1.7883301e+01
   1.8840060e+06   1.7578125e+01
   1.8852790e+06   1.5930176e+01
   1.8853160e+06   1.9042969e+01
   1.8863880e+06   1.6967773e+01
   1.8864170e+06   1.6967773e+01
   1.8875750e+06   1.8371582e+01
   1.8876040e+06   1.7517090e+01
   1.8888650e+06   1.6784668e+01
   1.8899390e+06   1.6479492e+01
   1.8924480e+06   1.5747070e+01
   1.8924830e+06   1.6784668e+01
   1.8947940e+06   1.7456055e+01
   1.8957760e+06   1.5869141e+01
   1.8970610e+06   1.8249512e+01
   1.8990990e+06   1.7578125e+01
   1.8991350e+06   1.9958496e+01
   1.9002110e+06   1.8249512e+01
   1.9002420e+06   1.5869141e+01
   1.9025220e+06   1.6113281e+01
   1.9035190e+06   1.7822266e+01
   1.9035540e+06   1.9531250e+01
   1.9047480e+06   1.9042969e+01
   1.9047820e+06   1.8371582e+01
   1.9058740e+06   1.5747070e+01
   1.9068720e+06   1.7639160e+01
   1.9079450e+06   1.8310547e+01
   1.9089920e+06   1.8066406e+01
   1.9090230e+06   1.6113281e+01
   1.9103070e+06   1.6479492e+01
   1.9103370e+06   1.7150879e+01
   1.9115580e+06   1.5686035e+01
   1.9127190e+06   1.7333984e+01
   1.9141770e+06   2.0751953e+01
   1.9153220e+06   1.8005371e+01
   1.9153500e+06   1.7150879e+01
   1.9167510e+06   1.5625000e+01
   1.9167800e+06   1.6479492e+01
   1.9179990e+06   1.5930176e+01
   1.9180330e+06   1.6784668e+01
   1.9191780e+06   1.5869141e+01
   1.9192100e+06   1.6418457e+01
   1.9205000e+06   1.9226074e+01
   1.9220940e+06   1.8066406e+01
   1.9231870e+06   1.6418457e+01
   1.9232150e+06   1.6052246e+01
   1.9238640e+06   1.5686035e+01
   1.9279220e+06   1.5625000e+01
   1.9319370e+06   1.7761230e+01
   1.9355510e+06   2.1240234e+01
   1.9355860e+06   1.7578125e+01
   1.9371840e+06   1.7150879e+01
   1.9372140e+06   1.8432617e+01
   1.9385590e+06   1.6845703e+01
   1.9385940e+06   1.6906738e+01
   1.9400200e+06   1.6601562e+01
   1.9400520e+06   2.2827148e+01
   1.9419110e+06   1.7700195e+01
   1.9432490e+06   1.5625000e+01
   1.9432800e+06   1.7578125e+01
   1.9446580e+06   1.8066406e+01
   1.9446880e+06   1.8432617e+01
   1.9459040e+06   1.8249512e+01
   1.9473640e+06   1.6235352e+01
   1.9474010e+06   2.0812988e+01
   1.9486210e+06   1.7944336e+01
   1.9486540e+06   1.8615723e+01
   1.9549710e+06   1.6113281e+01
   1.9549990e+06   1.7822266e+01
   2.0838570e+06   1.6418457e+01
   2.0838940e+06   1.6906738e+01
   2.0855910e+06   1.7578125e+01
   2.0856220e+06   1.9897461e+01
   2.0871680e+06   2.0019531e+01
   2.0871970e+06   1.9348145e+01
   2.0886370e+06   1.9958496e+01
   2.0897990e+06   1.8066406e+01
   2.0898320e+06   1.8493652e+01
   2.0908510e+06   1.7211914e+01
   2.0918120e+06   1.6052246e+01
   2.0940910e+06   1.6723633e+01
   2.0954720e+06   1.9653320e+01
   2.0955060e+06   1.8310547e+01
   2.0966540e+06   1.5625000e+01
   2.0966890e+06   1.5808105e+01
   2.0990510e+06   1.5686035e+01
   2.1005340e+06   1.8981934e+01
   2.1005700e+06   2.0507812e+01
   2.1016370e+06   1.6662598e+01
   2.1027440e+06   1.6357422e+01
   2.1038320e+06   1.8432617e+01
   2.1048750e+06   1.7517090e+01
   2.1057920e+06   1.6235352e+01
   2.1068430e+06   1.9165039e+01
   2.1099250e+06   1.9348145e+01
   2.1111400e+06   1.6540527e+01
   2.1111700e+06   1.8310547e+01
   2.1124050e+06   1.7456055e+01
   2.1135960e+06   1.8676758e+01
   2.1144720e+06   2.0141602e+01
   2.1154460e+06   1.6235352e+01
   2.1175200e+06   1.7211914e+01
   2.1186040e+06   1.6113281e+01
   2.1186350e+06   1.7150879e+01
   2.1196850e+06   1.6601562e+01
   2.1197180e+06   2.0019531e+01
   2.1208080e+06   1.6357422e+01
   2.1223130e+06   2.0202637e+01
   2.1240090e+06   1.8615723e+01
   2.1240410e+06   1.8737793e+01
   2.1252230e+06   2.0080566e+01
   2.1261110e+06   2.2705078e+01
   2.1312080e+06   1.9592285e+01
   2.1325150e+06   1.8005371e+01
   2.1338050e+06   1.8554688e+01
   2.1338400e+06   1.6967773e+01
   2.1349950e+06   2.0568848e+01
   2.1370180e+06   1.5930176e+01
   2.1370480e+06   1.8920898e+01
   2.1381420e+06   1.7333984e+01
   2.1381780e+06   1.6784668e+01
   2.1393230e+06   2.0202637e+01
   2.1403560e+06   1.8188477e+01
   2.1413670e+06   1.6357422e+01
   2.1413960e+06   1.6052246e+01
   2.1425660e+06   1.7456055e+01
   2.1426000e+06   1.7333984e+01
   2.1436210e+06   2.0385742e+01
   2.1447070e+06   1.6601562e+01
   2.1458540e+06   1.6723633e+01
   2.1472030e+06   1.6052246e+01
   2.1472330e+06   1.6845703e+01
   2.1483470e+06   1.9409180e+01
   2.1483740e+06   2.3864746e+01
   2.1495090e+06   1.8066406e+01
   2.1507570e+06   1.6967773e+01
   2.1519680e+06   2.0324707e+01
   2.1520080e+06   1.9531250e+01
   2.1531750e+06   1.7883301e+01
   2.1532120e+06   1.9653320e+01
   2.1543180e+06   1.8249512e+01
   2.1543570e+06   1.9470215e+01
   2.1554530e+06   1.8127441e+01
   2.1564510e+06   1.8066406e+01
   2.1589870e+06   2.6123047e+01
   2.1590320e+06   1.9592285e+01
   2.1595470e+06   1.9531250e+01
   2.1631610e+06   1.8249512e+01
   2.1632000e+06   2.1362305e+01
   2.1648380e+06   1.5991211e+01
   2.1661230e+06   1.8005371e+01
   2.1661530e+06   2.0080566e+01
   2.1674750e+06   2.1423340e+01
   2.1675050e+06   1.8554688e+01
   2.1686970e+06   1.8798828e+01
   2.1687250e+06   1.6906738e+01
   2.1697800e+06   1.9470215e+01
   2.1698140e+06   1.6479492e+01
   2.1730340e+06   1.5808105e+01
   2.1741970e+06   1.9165039e+01
   2.1742320e+06   1.8249512e+01
   2.1753150e+06   1.9592285e+01
   2.1753520e+06   1.5930176e+01
   2.1764160e+06   1.7639160e+01
   2.1764440e+06   1.5808105e+01
   2.1786650e+06   1.6540527e+01
   2.1786980e+06   2.2827148e+01
   2.1799760e+06   1.5991211e+01
   2.1800150e+06   1.7272949e+01
   2.1810980e+06   1.9531250e+01
   2.1811390e+06   1.6479492e+01
   2.1833970e+06   1.6906738e+01
   2.1847700e+06   1.6845703e+01
   2.1848090e+06   2.0568848e+01
   2.1860270e+06   2.1667480e+01
   2.1860610e+06   1.8310547e+01
   2.1871610e+06   1.6357422e+01
   2.1871910e+06   2.0324707e+01
   2.1885180e+06   2.0324707e+01
   2.1886210e+06   1.9714355e+01
   2.1886700e+06   2.0629883e+01
   2.1887020e+06   1.8005371e+01
   2.1909390e+06   1.8737793e+01
   2.1920980e+06   1.6418457e+01
   2.1921300e+06   1.6357422e+01
   2.1933460e+06   1.6479492e+01
   2.1933720e+06   1.8798828e+01
   2.1945290e+06   1.7700195e+01
   2.1967860e+06   1.6845703e+01
   2.1968190e+06   1.9653320e+01
   2.1980360e+06   1.7150879e+01
   2.1992640e+06   1.7944336e+01
   2.2004800e+06   1.5869141e+01
   2.2005080e+06   2.0019531e+01
   2.2018180e+06   1.8920898e+01
   2.2029630e+06   1.5808105e+01
   2.2035880e+06   2.4169922e+01
   2.2036330e+06   1.9042969e+01
   2.2036670e+06   1.5808105e+01
   2.2044410e+06   1.7395020e+01
   2.2049690e+06   1.8005371e+01
   2.2050050e+06   1.5686035e+01
   2.2065340e+06   1.7944336e+01
   2.2070270e+06   1.5625000e+01
   2.2083990e+06   1.8615723e+01
   2.2084280e+06   2.0080566e+01
   2.2095410e+06   1.8066406e+01
   2.2095710e+06   1.8554688e+01
   2.2107170e+06   1.5808105e+01
   2.2107510e+06   1.6723633e+01
   2.2128970e+06   1.6052246e+01
   2.2139990e+06   1.6906738e+01
   2.2154070e+06   1.6113281e+01
   2.2154430e+06   1.8005371e+01
   2.2167470e+06   1.7272949e+01
   2.2167790e+06   1.6113281e+01
   2.2192470e+06   1.5747070e+01
   2.2192830e+06   1.6784668e+01
   2.2205400e+06   1.8310547e+01
   2.2217050e+06   1.8066406e+01
   2.2230820e+06   2.0874023e+01
   2.2247670e+06   2.1179199e+01
   2.2248010e+06   1.6296387e+01
   2.2260730e+06   1.8920898e+01
   2.2261110e+06   1.5869141e+01
   2.2273000e+06   1.8371582e+01
   2.2310250e+06   1.8432617e+01
   2.2310550e+06   1.8005371e+01
   2.2326410e+06   1.6052246e+01
   2.2341250e+06   2.1240234e+01
   2.2341540e+06   1.7150879e+01
   2.2351060e+06   2.2705078e+01
   2.2351400e+06   1.7028809e+01
   2.2364520e+06   1.6357422e+01
   2.2364840e+06   1.8005371e+01
   2.2385700e+06   1.7517090e+01
   2.2404790e+06   1.7272949e+01
   2.2418840e+06   1.6662598e+01
   2.2419130e+06   1.6113281e+01
   2.2431840e+06   1.6479492e+01
   2.2458170e+06   1.6723633e+01
   2.2458460e+06   1.6418457e+01
   2.2470970e+06   1.6784668e+01
   2.2482660e+06   2.0446777e+01
   2.2494710e+06   1.6967773e+01
   2.2508210e+06   1.9165039e+01
   2.2520610e+06   1.8249512e+01
   2.2520920e+06   1.6296387e+01
   2.2532110e+06   1.7639160e+01
   2.2532410e+06   1.7395020e+01
   2.2547590e+06   1.6906738e+01
   2.2547870e+06   1.8493652e+01
   2.2621150e+06   1.8066406e+01
   2.2635670e+06   1.5869141e+01
   2.2636320e+06   1.8615723e+01
   2.2651670e+06   1.7700195e+01
   2.2651940e+06   1.8188477e+01
   2.2665800e+06   1.9348145e+01
   2.2666080e+06   1.9470215e+01
   2.2679010e+06   1.6052246e+01
   2.2679300e+06   1.9042969e+01
   2.2691140e+06   1.5930176e+01
   2.2691430e+06   1.7333984e+01
   2.2704430e+06   1.5991211e+01
   2.2720080e+06   1.7456055e+01
   2.2720460e+06   1.6235352e+01
   2.2733530e+06   1.6418457e+01
   2.2733880e+06   1.9287109e+01
   2.2734600e+06   1.8127441e+01
   2.2792800e+06   1.8981934e+01
   2.2793110e+06   1.8859863e+01
   2.2814170e+06   1.6479492e+01
   2.2836360e+06   1.9042969e+01
   2.2855010e+06   1.8676758e+01
   2.2855340e+06   1.6723633e+01
   2.2869990e+06   1.6967773e+01
   2.2870290e+06   1.6418457e+01
   2.2936840e+06   1.9348145e+01
   2.2937140e+06   1.8615723e+01
   2.2950910e+06   2.0446777e+01
   2.2987660e+06   1.7028809e+01
   2.2987980e+06   1.7028809e+01
   2.3006810e+06   1.6967773e+01
   2.3022040e+06   1.7761230e+01
   2.3022340e+06   1.8737793e+01
   2.3038730e+06   1.7089844e+01
   2.3039090e+06   1.9042969e+01
   2.3054240e+06   2.0874023e+01
   2.3066730e+06   1.7456055e+01
   2.3067030e+06   1.6113281e+01
   2.3096640e+06   1.8615723e+01
   2.3110330e+06   1.6540527e+01
   2.3110650e+06   1.9165039e+01
   2.3125570e+06   1.7395020e+01
   2.3125880e+06   1.7822266e+01
   2.3141180e+06   1.8798828e+01
   2.3141470e+06   1.5991211e+01
   2.3154600e+06   1.6479492e+01
   2.3168960e+06   1.6357422e+01
   2.3169370e+06   1.5625000e+01
   2.3182970e+06   1.5747070e+01
   2.3183400e+06   1.6296387e+01
   2.3193070e+06   1.6113281e+01
   2.3237450e+06   1.9226074e+01
   2.3237760e+06   1.7517090e+01
   2.3255130e+06   1.9775391e+01
   2.3268470e+06   2.0324707e+01
   2.3268750e+06   1.7944336e+01
   2.3283710e+06   1.8249512e+01
   2.3284020e+06   1.6784668e+01
   2.3300150e+06   1.7211914e+01
   2.3300440e+06   1.8676758e+01
   2.3318630e+06   1.7456055e+01
   2.3318910e+06   1.6296387e+01
   2.3327950e+06   2.2094727e+01
   2.3396630e+06   1.8798828e+01
   2.3396920e+06   1.8127441e+01
   2.3421220e+06   1.6540527e+01
   2.3421500e+06   1.6601562e+01
   2.3439490e+06   1.5991211e+01
   2.3439780e+06   1.6052246e+01
   2.3454290e+06   1.5930176e+01
   2.3481460e+06   1.6113281e+01
   2.3481720e+06   1.5808105e+01
   2.3499170e+06   1.6784668e+01
   2.3499470e+06   1.7639160e+01
   2.3512910e+06   1.5869141e+01
   2.3526810e+06   1.6540527e+01
   2.3538800e+06   1.9409180e+01
   2.3554040e+06   2.0751953e+01
   2.3554340e+06   1.6052246e+01
   2.3567510e+06   1.7578125e+01
   2.3567850e+06   1.5930176e+01
   2.3581590e+06   2.0141602e+01
   2.3581920e+06   1.5930176e+01
   2.3582620e+06   1.5686035e+01
   2.3583040e+06   1.8615723e+01
   2.3598290e+06   1.5625000e+01
   2.3609930e+06   1.6662598e+01
   2.3622920e+06   2.1484375e+01
   2.3638340e+06   1.9653320e+01
   2.3638620e+06   1.6235352e+01
   2.3679080e+06   1.6784668e+01
   2.3679350e+06   1.7395020e+01
   2.3696230e+06   1.6906738e+01
   2.3696520e+06   1.6113281e+01
   2.3711780e+06   1.6174316e+01
   2.3725160e+06   1.5808105e+01
   2.3737550e+06   1.7700195e+01
   2.3737830e+06   1.6174316e+01
   2.3750260e+06   1.5625000e+01
   2.3750530e+06   1.9775391e+01
   2.3765890e+06   1.9775391e+01
   2.3778920e+06   1.6296387e+01
   2.3793590e+06   1.9104004e+01
   2.3793980e+06   1.6540527e+01
   2.3809490e+06   1.7578125e+01
   2.3809850e+06   2.0141602e+01
   2.3822390e+06   1.6113281e+01
   2.3822760e+06   1.7333984e+01
   2.3835940e+06   1.6113281e+01
   2.3836270e+06   1.7822266e+01
   2.3850160e+06   1.6540527e+01
   2.3864050e+06   1.7028809e+01
   2.3878520e+06   1.9653320e+01
   2.3878820e+06   1.7272949e+01
   2.3891570e+06   1.7150879e+01
   2.3891900e+06   1.6418457e+01
   2.3903150e+06   1.5808105e+01
   2.3903460e+06   1.6357422e+01
   2.3915340e+06   1.5747070e+01
   2.3915700e+06   1.7028809e+01
   2.3927820e+06   1.6540527e+01
   2.3928160e+06   1.6723633e+01
   2.3941220e+06   1.7272949e+01
   2.3953540e+06   1.7578125e+01
   2.3953840e+06   1.6479492e+01
   2.3967790e+06   1.9104004e+01
   2.3980710e+06   1.5686035e+01
   2.3981180e+06   1.7822266e+01
   2.3994220e+06   1.7578125e+01
   2.4018290e+06   2.0568848e+01
   2.4034960e+06   2.0690918e+01
   2.4050120e+06   1.7517090e+01
   2.4050410e+06   1.6418457e+01
   2.4063650e+06   1.6662598e+01
   2.4076110e+06   2.0263672e+01
   2.4076430e+06   1.8432617e+01
   2.4090110e+06   1.6357422e+01
   2.4090430e+06   2.0751953e+01
   2.4102570e+06   1.7150879e+01
   2.4102860e+06   1.9653320e+01
   2.4117360e+06   1.5747070e+01
   2.4117670e+06   2.0996094e+01
   2.4130630e+06   1.5869141e+01
   2.4130900e+06   1.6113281e+01
   2.4143510e+06   1.9348145e+01
   2.4155410e+06   1.7822266e+01
   2.4170190e+06   1.8859863e+01
   2.4170550e+06   1.5808105e+01
   2.4186610e+06   1.7150879e+01
   2.4212440e+06   1.7517090e+01
   2.4225740e+06   1.6174316e+01
   2.4226030e+06   1.7272949e+01
   2.4296890e+06   1.7272949e+01
   2.4297190e+06   1.8432617e+01
   2.4332340e+06   1.7822266e+01
   2.4332640e+06   1.6479492e+01
   2.4353590e+06   1.5869141e+01
   2.4367930e+06   1.5625000e+01
   2.4368230e+06   1.6479492e+01
   2.4382020e+06   2.0751953e+01
   2.4468950e+06   1.7517090e+01
   2.4482860e+06   1.8432617e+01
   2.4483160e+06   1.9897461e+01
   2.4506760e+06   1.6113281e+01
   2.4507050e+06   2.0812988e+01
   2.4520830e+06   1.7700195e+01
   2.4521120e+06   1.5930176e+01
   2.4535280e+06   1.6296387e+01
   2.4535570e+06   1.5625000e+01
   2.4550780e+06   1.6113281e+01
   2.4564090e+06   1.8005371e+01
   2.4564430e+06   1.6479492e+01
   2.4565140e+06   1.6540527e+01
   2.4565550e+06   1.7333984e+01
   2.4581590e+06   1.6479492e+01
   2.4597370e+06   1.6174316e+01
   2.4597670e+06   1.7211914e+01
   2.4611740e+06   1.8432617e+01
   2.4612020e+06   1.7700195e+01
   2.4671280e+06   1.7761230e+01
   2.4671600e+06   1.5747070e+01
   2.4692260e+06   1.6479492e+01
   2.4692550e+06   1.5991211e+01
   2.4713050e+06   1.6845703e+01
   2.4713370e+06   2.0935059e+01
   2.4735630e+06   1.7578125e+01
   2.4735920e+06   2.2094727e+01
   2.4750260e+06   1.8737793e+01
   2.4750550e+06   1.8798828e+01
   2.4783600e+06   1.6296387e+01
   2.4920530e+06   1.6479492e+01
   2.4920780e+06   1.7944336e+01
   2.6041500e+06   1.8310547e+01
   2.6041870e+06   1.7272949e+01
   2.6727460e+06   1.8127441e+01
   2.6814070e+06   1.7822266e+01
   2.6815040e+06   1.5625000e+01
   2.6826110e+06   1.6967773e+01
   2.6826430e+06   2.0874023e+01
   2.6835910e+06   1.9104004e+01
   2.6844570e+06   1.9348145e+01
   2.6844890e+06   1.8920898e+01
   2.6853560e+06   1.6357422e+01
   2.6868040e+06   2.0202637e+01
   2.6879080e+06   1.7333984e+01
   2.6879430e+06   1.5808105e+01
   2.6891210e+06   1.9653320e+01
   2.6903870e+06   1.8127441e+01
   2.6915210e+06   1.6052246e+01
   2.6939360e+06   2.0080566e+01
   2.6949940e+06   1.9653320e+01
   2.6950350e+06   1.8432617e+01
   2.6962250e+06   1.8676758e+01
   2.6975580e+06   1.5686035e+01
   2.6985850e+06   1.6113281e+01
   2.6986260e+06   2.0385742e+01
   2.6996930e+06   1.8798828e+01
   2.6997280e+06   1.5930176e+01
   2.7010060e+06   1.7150879e+01
   2.7021000e+06   1.9653320e+01
   2.7030980e+06   1.7395020e+01
   2.7041090e+06   1.7211914e+01
   2.7041440e+06   1.5747070e+01
   2.7051670e+06   1.7639160e+01
   2.7051970e+06   1.7700195e+01
   2.7062140e+06   1.8920898e+01
   2.7073350e+06   2.0874023e+01
   2.7083790e+06   1.9409180e+01
   2.7093150e+06   1.5625000e+01
   2.7103140e+06   1.5808105e+01
   2.7113680e+06   1.7150879e+01
   2.7114060e+06   1.9714355e+01
   2.7123570e+06   2.0385742e+01
   2.7123900e+06   2.0202637e+01
   2.7135330e+06   1.8249512e+01
   2.7144480e+06   1.9714355e+01
   2.7144860e+06   1.7272949e+01
   2.7155510e+06   1.8859863e+01
   2.7155840e+06   1.8493652e+01
   2.7166770e+06   1.8188477e+01
   2.7175900e+06   1.6662598e+01
   2.7186210e+06   1.6845703e+01
   2.7190450e+06   1.7761230e+01
   2.7231630e+06   1.9287109e+01
   2.7231990e+06   1.8188477e+01
   2.7245190e+06   1.7883301e+01
   2.7245470e+06   1.8554688e+01
   2.7270570e+06   1.8798828e+01
   2.7280370e+06   1.8371582e+01
   2.7280660e+06   1.6235352e+01
   2.7293280e+06   2.2033691e+01
   2.7293550e+06   1.7761230e+01
   2.7304810e+06   1.6784668e+01
   2.7316570e+06   1.9714355e+01
   2.7337920e+06   1.6967773e+01
   2.7349280e+06   2.0263672e+01
   2.7349630e+06   1.7272949e+01
   2.7359490e+06   1.9470215e+01
   2.7359780e+06   1.6784668e+01
   2.7371660e+06   1.8554688e+01
   2.7381410e+06   1.9165039e+01
   2.7391290e+06   2.2827148e+01
   2.7401160e+06   2.2521973e+01
   2.7401490e+06   1.6052246e+01
   2.7412730e+06   2.1789551e+01
   2.7423250e+06   1.7822266e+01
   2.7423660e+06   1.7822266e+01
   2.7433920e+06   1.8737793e+01
   2.7434240e+06   1.7211914e+01
   2.7445490e+06   1.8615723e+01
   2.7455840e+06   1.8432617e+01
   2.7476840e+06   1.9042969e+01
   2.7477160e+06   2.0935059e+01
   2.7487780e+06   1.8249512e+01
   2.7488080e+06   1.5869141e+01
   2.7510330e+06   1.8798828e+01
   2.7522350e+06   1.8493652e+01
   2.7522720e+06   2.0202637e+01
   2.7533930e+06   1.7761230e+01
   2.7534280e+06   1.6845703e+01
   2.7546230e+06   1.6967773e+01
   2.7546550e+06   1.7761230e+01
   2.7557660e+06   1.8371582e+01
   2.7566840e+06   1.8676758e+01
   2.7579820e+06   1.7395020e+01
   2.7580110e+06   1.5625000e+01
   2.7593390e+06   2.2033691e+01
   2.7603080e+06   1.7395020e+01
   2.7603420e+06   1.9897461e+01
   2.7615630e+06   1.9653320e+01
   2.7615940e+06   1.7822266e+01
   2.7627560e+06   1.6540527e+01
   2.7637640e+06   1.6479492e+01
   2.7649160e+06   1.8554688e+01
   2.7656010e+06   2.0019531e+01
   2.7690490e+06   1.7028809e+01
   2.7690760e+06   1.9958496e+01
   2.7703960e+06   2.0385742e+01
   2.7704270e+06   1.7272949e+01
   2.7716980e+06   1.9653320e+01
   2.7733890e+06   1.7028809e+01
   2.7734200e+06   1.6174316e+01
   2.7745150e+06   1.8005371e+01
   2.7745500e+06   1.7333984e+01
   2.7758940e+06   1.5808105e+01
   2.7759260e+06   1.7944336e+01
   2.7773480e+06   1.7395020e+01
   2.7786110e+06   1.6662598e+01
   2.7786440e+06   1.6540527e+01
   2.7802910e+06   1.7028809e+01
   2.7803200e+06   1.8432617e+01
   2.7816430e+06   1.8737793e+01
   2.7830710e+06   1.8554688e+01
   2.7831050e+06   1.8615723e+01
   2.7851380e+06   2.1179199e+01
   2.7851710e+06   1.5686035e+01
   2.7865920e+06   1.8310547e+01
   2.7879780e+06   1.6723633e+01
   2.7891430e+06   1.6479492e+01
   2.7891840e+06   1.8005371e+01
   2.7903730e+06   1.7517090e+01
   2.7904060e+06   1.9287109e+01
   2.7917230e+06   1.8310547e+01
   2.7917500e+06   1.7089844e+01
   2.7929670e+06   1.7944336e+01
   2.7930040e+06   1.8493652e+01
   2.7943510e+06   1.6235352e+01
   2.7943800e+06   1.7822266e+01
   2.7957560e+06   1.8188477e+01
   2.7968720e+06   1.7517090e+01
   2.7981170e+06   1.6174316e+01
   2.7993210e+06   1.7028809e+01
   2.7993610e+06   1.8615723e+01
   2.8009990e+06   2.2705078e+01
   2.8010280e+06   1.5930176e+01
   2.8022540e+06   1.8066406e+01
   2.8022830e+06   1.7150879e+01
   2.8033270e+06   1.5930176e+01
   2.8033640e+06   2.0141602e+01
   2.8045110e+06   1.6357422e+01
   2.8045520e+06   1.6479492e+01
   2.8059070e+06   1.5869141e+01
   2.8070840e+06   1.5930176e+01
   2.8071140e+06   1.6540527e+01
   2.8084520e+06   1.6113281e+01
   2.8084880e+06   1.6357422e+01
   2.8097440e+06   1.5991211e+01
   2.8110340e+06   1.6052246e+01
   2.8110690e+06   1.8554688e+01
   2.8122990e+06   1.7333984e+01
   2.8123360e+06   1.9714355e+01
   2.8134770e+06   1.7456055e+01
   2.8135170e+06   1.6052246e+01
   2.8148060e+06   2.1057129e+01
   2.8159650e+06   1.8981934e+01
   2.8160040e+06   1.7578125e+01
   2.8172810e+06   1.8005371e+01
   2.8187450e+06   2.0874023e+01
   2.8187750e+06   2.1728516e+01
   2.8260630e+06   1.6784668e+01
   2.8260910e+06   1.7517090e+01
   2.8274610e+06   1.7578125e+01
   2.8274950e+06   1.8737793e+01
   2.8293290e+06   1.6052246e+01
   2.8293570e+06   1.6418457e+01
   2.8328560e+06   1.7333984e+01
   2.8342330e+06   1.6540527e+01
   2.8356330e+06   1.8798828e+01
   2.8356640e+06   1.9287109e+01
   2.8372360e+06   1.6357422e+01
   2.8372710e+06   1.6052246e+01
   2.8384400e+06   2.0080566e+01
   2.8396110e+06   1.5747070e+01
   2.8396390e+06   2.1301270e+01
   2.8408480e+06   1.7944336e+01
   2.8427540e+06   1.8493652e+01
   2.8442380e+06   1.6601562e+01
   2.8442720e+06   1.6601562e+01
   2.8457120e+06   1.8737793e+01
   2.8470910e+06   1.7028809e+01
   2.8471200e+06   1.7578125e+01
   2.8485070e+06   1.7944336e+01
   2.8485470e+06   1.7944336e+01
   2.8497840e+06   1.6967773e+01
   2.8498160e+06   1.8920898e+01
   2.8511820e+06   1.9165039e+01
   2.8512140e+06   1.6662598e+01
   2.8521720e+06   1.6662598e+01
   2.8530950e+06   1.6540527e+01
   2.8544190e+06   1.7700195e+01
   2.8544520e+06   2.0812988e+01
   2.8556330e+06   1.7639160e+01
   2.8556640e+06   1.7883301e+01
   2.8568880e+06   1.5991211e+01
   2.8569230e+06   1.8798828e+01
   2.8585430e+06   1.9409180e+01
   2.8599720e+06   1.6845703e+01
   2.8611370e+06   1.6113281e+01
   2.8625910e+06   1.6113281e+01
   2.8626260e+06   1.8371582e+01
   2.8640210e+06   1.7639160e+01
   2.8640500e+06   2.0263672e+01
   2.8679480e+06   1.9897461e+01
   2.8679800e+06   1.6967773e+01
   2.8694390e+06   1.6784668e+01
   2.8694700e+06   1.5869141e+01
   2.8707780e+06   1.7272949e+01
   2.8721530e+06   1.6662598e+01
   2.8734600e+06   1.6357422e+01
   2.8734960e+06   1.7395020e+01
   2.8747860e+06   1.8615723e+01
   2.8748190e+06   1.8615723e+01
   2.8772780e+06   1.7089844e+01
   2.8787780e+06   1.7761230e+01
   2.8843360e+06   1.6662598e+01
   2.8843630e+06   1.8066406e+01
   2.8860450e+06   1.7517090e+01
   2.8860740e+06   2.1545410e+01
   2.8876910e+06   1.6296387e+01
   2.8877190e+06   1.7456055e+01
   2.8892130e+06   1.7028809e+01
   2.8892400e+06   1.7456055e+01
   2.8909300e+06   1.6845703e+01
   2.8923310e+06   1.6357422e+01
   2.8923630e+06   1.5747070e+01
   2.8937030e+06   1.9714355e+01
   2.8949920e+06   1.7150879e+01
   2.8950240e+06   1.6052246e+01
   2.8964520e+06   1.7700195e+01
   2.8976720e+06   1.6052246e+01
   2.8989820e+06   1.7089844e+01
   2.8990150e+06   1.6052246e+01
   2.9005370e+06   1.8371582e+01
   2.9021900e+06   1.6906738e+01
   2.9022210e+06   1.6418457e+01
   2.9053930e+06   1.6235352e+01
   2.9054310e+06   2.0446777e+01
   2.9073710e+06   1.5991211e+01
   2.9074010e+06   1.9470215e+01
   2.9089150e+06   1.8127441e+01
   2.9089450e+06   1.7761230e+01
   2.9105740e+06   1.8798828e+01
   2.9118870e+06   1.6052246e+01
   2.9131280e+06   1.7822266e+01
   2.9131660e+06   1.5625000e+01
   2.9147030e+06   2.1545410e+01
   2.9147350e+06   1.5808105e+01
   2.9165230e+06   2.0507812e+01
   2.9180400e+06   2.0080566e+01
   2.9195050e+06   1.6845703e+01
   2.9195340e+06   1.6235352e+01
   2.9210470e+06   1.6052246e+01
   2.9210890e+06   1.7150879e+01
   2.9224310e+06   1.6540527e+01
   2.9245180e+06   2.0385742e+01
   2.9245470e+06   1.9409180e+01
   2.9268680e+06   1.7639160e+01
   2.9268990e+06   1.7822266e+01
   2.9282220e+06   1.7272949e+01
   2.9294980e+06   1.7883301e+01
   2.9295280e+06   1.9287109e+01
   2.9308160e+06   1.6723633e+01
   2.9308460e+06   1.9104004e+01
   2.9320770e+06   1.6967773e+01
   2.9321220e+06   1.6174316e+01
   2.9337430e+06   1.8859863e+01
   2.9337760e+06   1.7333984e+01
   2.9351980e+06   1.8676758e+01
   2.9352310e+06   1.6723633e+01
   2.9365370e+06   1.5625000e+01
   2.9365670e+06   1.8615723e+01
   2.9379080e+06   1.9592285e+01
   2.9379390e+06   1.9714355e+01
   2.9393200e+06   1.6540527e+01
   2.9408810e+06   1.7944336e+01
   2.9409130e+06   1.5686035e+01
   2.9413460e+06   1.5747070e+01
   2.9455560e+06   1.9775391e+01
   2.9455840e+06   1.9409180e+01
   2.9475010e+06   1.5686035e+01
   2.9495660e+06   1.7883301e+01
   2.9496070e+06   1.7639160e+01
   2.9512170e+06   1.7028809e+01
   2.9512470e+06   1.8981934e+01
   2.9528880e+06   1.6601562e+01
   2.9529160e+06   1.9226074e+01
   2.9545350e+06   1.5686035e+01
   2.9545640e+06   1.7517090e+01
   2.9559610e+06   1.5991211e+01
   2.9559940e+06   1.5808105e+01
   2.9573290e+06   1.6296387e+01
   2.9586440e+06   1.7089844e+01
   2.9586770e+06   1.9531250e+01
   2.9602970e+06   1.7700195e+01
   2.9603300e+06   1.6296387e+01
   2.9621040e+06   1.6601562e+01
   2.9636450e+06   1.5625000e+01
   2.9636740e+06   1.9592285e+01
   2.9680210e+06   1.6845703e+01
   2.9680540e+06   1.6967773e+01
   2.9698840e+06   1.7761230e+01
   2.9699120e+06   1.5686035e+01
   2.9713870e+06   1.7700195e+01
   2.9714140e+06   1.9592285e+01
   2.9731720e+06   1.7150879e+01
   2.9732010e+06   2.0019531e+01
   2.9747390e+06   1.6418457e+01
   2.9747690e+06   1.8676758e+01
   2.9763080e+06   2.2888184e+01
   2.9763380e+06   1.8859863e+01
   2.9775830e+06   2.1484375e+01
   2.9776110e+06   1.9042969e+01
   2.9791750e+06   1.8310547e+01
   2.9792060e+06   1.9042969e+01
   2.9805440e+06   1.7333984e+01
   2.9805730e+06   1.8249512e+01
   2.9820980e+06   1.5625000e+01
   2.9821310e+06   1.6296387e+01
   2.9822440e+06   1.9226074e+01
   2.9839110e+06   1.6052246e+01
   2.9854900e+06   1.6235352e+01
   2.9869670e+06   1.6784668e+01
   2.9869950e+06   1.9592285e+01
   2.9921330e+06   1.8005371e+01
   2.9921620e+06   1.7272949e+01
   2.9936470e+06   1.6784668e+01
   2.9936750e+06   1.7272949e+01
   2.9953630e+06   1.9409180e+01
   2.9967270e+06   1.9226074e+01
   2.9967600e+06   1.7456055e+01
   2.9982100e+06   1.6845703e+01
   2.9982390e+06   1.7517090e+01
   2.9999380e+06   1.7333984e+01
   2.9999720e+06   1.6723633e+01
