   3.0000000e+06   0.0000000e+00
   2.0380000e+03   1.5197754e+01
   5.1820000e+03   1.5136719e+01
   6.9030000e+03   1.6479492e+01
   1.2771000e+04   1.6540527e+01
   2.2186000e+04   1.4892578e+01
   2.3484000e+04   1.5563965e+01
   3.4459000e+04   1.5075684e+01
   3.4488000e+04   1.8066406e+01
   3.7507000e+04   1.4953613e+01
   4.8338000e+04   1.7150879e+01
   5.4149000e+04   2.1240234e+01
   6.1482000e+04   1.5441895e+01
   7.9614000e+04   1.8554688e+01
   8.4010000e+04   1.5075684e+01
   8.8644000e+04   1.4831543e+01
   9.1233000e+04   1.5502930e+01
   9.5348000e+04   1.5747070e+01
   1.0797200e+05   1.5686035e+01
   1.1799400e+05   1.7517090e+01
   1.2093500e+05   1.5136719e+01
   1.2096300e+05   1.5869141e+01
   2.9997600e+05   1.5625000e+01
   3.0639200e+05   1.5869141e+01
   3.1598300e+05   1.5380859e+01
   3.2231200e+05   1.6113281e+01
   3.3120300e+05   1.4648438e+01
   3.4426900e+05   1.5014648e+01
   3.5595400e+05   1.4892578e+01
   3.5716300e+05   1.4648438e+01
   3.6607400e+05   1.5380859e+01
   3.9589400e+05   1.6235352e+01
   3.9890700e+05   1.4831543e+01
   4.1467000e+05   1.5258789e+01
   4.1794700e+05   1.4648438e+01
   4.3318800e+05   1.6113281e+01
   4.3729600e+05   1.5380859e+01
   4.5504700e+05   1.6174316e+01
   4.6714300e+05   1.4648438e+01
   4.6869700e+05   1.4770508e+01
   4.7680600e+05   1.5930176e+01
   4.7820200e+05   1.4953613e+01
   4.9063800e+05   1.5014648e+01
   4.9412900e+05   1.4770508e+01
   5.0292400e+05   1.5136719e+01
   5.0786900e+05   1.7272949e+01
   5.0942300e+05   1.5319824e+01
   5.1870700e+05   1.4709473e+01
   5.2798700e+05   1.4831543e+01
   5.3065700e+05   1.5136719e+01
   5.4415800e+05   1.5991211e+01
   5.5273600e+05   1.4831543e+01
   5.5806400e+05   1.5625000e+01
   5.5937800e+05   1.6357422e+01
   5.7157200e+05   1.4648438e+01
   5.7997500e+05   1.6174316e+01
   5.8147200e+05   1.4770508e+01
   5.8274100e+05   1.5319824e+01
   5.8417700e+05   1.5563965e+01
   6.0105400e+05   1.6479492e+01
   6.0117200e+05   1.4648438e+01
   6.0732100e+05   1.5380859e+01
   6.2528400e+05   1.4831543e+01
   6.2789300e+05   1.4648438e+01
   6.4880800e+05   1.5869141e+01
   6.5035300e+05   1.7639160e+01
   6.5319600e+05   1.5991211e+01
   6.5586100e+05   1.5197754e+01
   6.6823600e+05   1.6174316e+01
   6.6826500e+05   1.4770508e+01
   6.8791800e+05   1.5014648e+01
   6.9412800e+05   1.4648438e+01
   6.9972600e+05   1.5625000e+01
   7.0423900e+05   1.5014648e+01
   7.1590600e+05   1.6357422e+01
   7.2258700e+05   1.5014648e+01
   7.3103200e+05   1.5197754e+01
   7.3242200e+05   1.5075684e+01
   7.3385500e+05   1.4831543e+01
   7.3655100e+05   1.5075684e+01
   7.8163000e+05   1.4892578e+01
   7.9415800e+05   1.4648438e+01
   7.9626100e+05   1.4770508e+01
   7.9922100e+05   1.7150879e+01
   8.0268700e+05   1.6296387e+01
   8.0434600e+05   1.5197754e+01
   8.0610200e+05   1.4648438e+01
   8.0815700e+05   1.4648438e+01
   8.1949400e+05   1.4648438e+01
   8.2597100e+05   1.4648438e+01
   8.2870900e+05   1.5075684e+01
   8.3851100e+05   1.7211914e+01
   8.3993000e+05   1.5136719e+01
   8.4001300e+05   1.5075684e+01
   8.4885600e+05   1.5441895e+01
   8.4888600e+05   1.5441895e+01
   8.5003300e+05   1.5258789e+01
   8.5146200e+05   1.4953613e+01
   8.5520500e+05   1.5380859e+01
   8.6710400e+05   1.5136719e+01
   8.8983400e+05   1.5380859e+01
   8.9399300e+05   1.7333984e+01
   8.9907000e+05   1.4892578e+01
   9.0033000e+05   1.5380859e+01
   9.0201300e+05   1.5563965e+01
   9.1031200e+05   1.4892578e+01
   9.1555800e+05   1.5075684e+01
   9.2935200e+05   1.7761230e+01
   9.4432900e+05   1.5319824e+01
   9.4898400e+05   1.4892578e+01
   9.5030500e+05   1.5075684e+01
   9.6800600e+05   1.4953613e+01
   9.6803900e+05   1.4892578e+01
   9.7504900e+05   1.5441895e+01
   9.8073600e+05   1.5747070e+01
   9.8289700e+05   1.5441895e+01
   9.8889300e+05   1.6296387e+01
   9.8892500e+05   1.5319824e+01
   9.9031100e+05   1.4953613e+01
   9.9580900e+05   1.6601562e+01
   1.0024030e+06   1.5930176e+01
   1.0024240e+06   1.6906738e+01
   1.0038960e+06   1.5502930e+01
   1.0150490e+06   1.5991211e+01
   1.0275240e+06   1.5197754e+01
   1.0326580e+06   1.5197754e+01
   1.0343530e+06   1.5686035e+01
   1.0504320e+06   1.4831543e+01
   1.0671000e+06   1.7700195e+01
   1.0715940e+06   1.4770508e+01
   1.0762940e+06   1.5991211e+01
   1.0780500e+06   1.5625000e+01
   1.0819510e+06   1.5136719e+01
   1.0966430e+06   1.4892578e+01
   1.0979140e+06   1.5441895e+01
   1.1022490e+06   1.5258789e+01
   1.1187160e+06   1.6540527e+01
   1.1221260e+06   1.5991211e+01
   1.1327990e+06   1.4648438e+01
   1.1341970e+06   1.4648438e+01
   1.1451370e+06   1.5808105e+01
   1.1465340e+06   1.4709473e+01
   1.1597330e+06   1.5136719e+01
   1.1731370e+06   1.5258789e+01
   1.1765550e+06   1.5197754e+01
   1.1818540e+06   1.5319824e+01
   1.1916890e+06   1.6235352e+01
   1.1981520e+06   1.5014648e+01
   1.2036510e+06   1.6601562e+01
   1.2058670e+06   1.4953613e+01
   1.2073880e+06   1.4709473e+01
   1.2088090e+06   1.5625000e+01
   1.2134800e+06   1.4770508e+01
   1.2161810e+06   1.5014648e+01
   1.2246030e+06   1.6418457e+01
   1.2300850e+06   1.4648438e+01
   1.2337470e+06   1.7822266e+01
   1.2385640e+06   1.5808105e+01
   1.2526940e+06   1.5930176e+01
   1.2565850e+06   1.6174316e+01
   1.2577070e+06   1.5563965e+01
   1.2722040e+06   1.5319824e+01
   1.2730760e+06   1.5808105e+01
   1.2827010e+06   1.4648438e+01
   1.2840650e+06   1.5502930e+01
   1.2866070e+06   1.5930176e+01
   1.2878940e+06   1.5258789e+01
   1.2879240e+06   1.7761230e+01
   1.3073020e+06   1.5136719e+01
   1.3085400e+06   1.7822266e+01
   1.3140400e+06   1.5380859e+01
   1.3232920e+06   1.4709473e+01
   1.3263180e+06   1.5258789e+01
   1.3339370e+06   1.4770508e+01
   1.3402910e+06   1.5563965e+01
   1.3417160e+06   1.6784668e+01
   1.3517790e+06   1.5686035e+01
   1.3531720e+06   1.6174316e+01
   1.3548820e+06   1.6906738e+01
   1.3593320e+06   1.6418457e+01
   1.3692030e+06   1.4831543e+01
   1.3760580e+06   1.5686035e+01
   1.3774230e+06   1.5258789e+01
   1.3814160e+06   1.4770508e+01
   1.3864250e+06   1.5563965e+01
   1.4132420e+06   1.5380859e+01
   1.4265970e+06   1.6174316e+01
   1.4312810e+06   1.4831543e+01
   1.4326560e+06   1.5075684e+01
   1.4340370e+06   1.4770508e+01
   1.4354660e+06   1.6052246e+01
   1.4421380e+06   1.6235352e+01
   1.4535600e+06   1.5441895e+01
   1.4684460e+06   1.4831543e+01
   1.4696910e+06   1.7700195e+01
   1.4726050e+06   1.4709473e+01
   1.4768790e+06   1.5625000e+01
   1.4810320e+06   1.6540527e+01
   1.5045480e+06   1.4709473e+01
   1.5057970e+06   1.5747070e+01
   1.5183140e+06   1.5075684e+01
   1.5528630e+06   1.5625000e+01
   1.5614900e+06   1.8981934e+01
   1.5630010e+06   1.4892578e+01
   1.5759730e+06   1.6540527e+01
   1.5775700e+06   1.5441895e+01
   1.5951800e+06   1.4709473e+01
   1.5978050e+06   1.5319824e+01
   1.6021180e+06   1.6296387e+01
   1.6107160e+06   1.4648438e+01
   1.6153370e+06   1.5747070e+01
   1.6243060e+06   1.5197754e+01
   1.6291440e+06   1.5197754e+01
   1.6367310e+06   1.5075684e+01
   1.6439840e+06   1.6235352e+01
   1.6542400e+06   1.5808105e+01
   1.8312510e+06   1.5136719e+01
   1.8416590e+06   1.5563965e+01
   1.8699450e+06   1.5319824e+01
   1.8814780e+06   1.5258789e+01
   1.9002360e+06   1.4709473e+01
   1.9047420e+06   1.5930176e+01
   1.9068660e+06   1.5686035e+01
   1.9069010e+06   1.4831543e+01
   1.9090170e+06   1.5380859e+01
   1.9103310e+06   1.6418457e+01
   1.9153160e+06   1.4953613e+01
   1.9220880e+06   1.5014648e+01
   1.9231810e+06   1.7944336e+01
   1.9279170e+06   1.5747070e+01
   1.9337990e+06   1.4831543e+01
   1.9372080e+06   1.6540527e+01
   1.9400140e+06   1.6418457e+01
   1.9486150e+06   1.5380859e+01
   1.9549650e+06   1.5563965e+01
   2.0838510e+06   1.6296387e+01
   2.0856150e+06   1.5258789e+01
   2.0898260e+06   1.4892578e+01
   2.1027720e+06   1.5808105e+01
   2.1099190e+06   1.5869141e+01
   2.1252170e+06   1.7333984e+01
   2.1370120e+06   1.4770508e+01
   2.1381710e+06   1.4709473e+01
   2.1425600e+06   1.5136719e+01
   2.1507510e+06   1.6296387e+01
   2.1885120e+06   1.6174316e+01
   2.1945230e+06   1.5625000e+01
   2.2095650e+06   1.5319824e+01
   2.2119190e+06   1.4892578e+01
   2.2139930e+06   1.4953613e+01
   2.2154360e+06   1.4892578e+01
   2.2167720e+06   1.5258789e+01
   2.2261050e+06   1.8920898e+01
   2.2272940e+06   1.7761230e+01
   2.2364780e+06   1.4648438e+01
   2.2404730e+06   1.4709473e+01
   2.2444990e+06   1.4770508e+01
   2.2666010e+06   1.5441895e+01
   2.2734670e+06   1.5197754e+01
   2.2793050e+06   1.5014648e+01
   2.2814110e+06   1.6296387e+01
   2.2836300e+06   1.4770508e+01
   2.2893420e+06   1.6967773e+01
   2.2973830e+06   1.4953613e+01
   2.3168900e+06   1.5136719e+01
   2.3182910e+06   1.5014648e+01
   2.3300090e+06   1.5563965e+01
   2.3481400e+06   1.4831543e+01
   2.3512850e+06   1.4770508e+01
   2.3609870e+06   1.5197754e+01
   2.3765540e+06   1.5380859e+01
   2.3779170e+06   1.5625000e+01
   2.3822330e+06   1.4648438e+01
   2.3891840e+06   1.4648438e+01
   2.3915290e+06   1.4648438e+01
   2.3927760e+06   1.4770508e+01
   2.3968040e+06   1.4648438e+01
   2.4017930e+06   1.4770508e+01
   2.4034600e+06   1.5075684e+01
   2.4155060e+06   1.7944336e+01
   2.4170490e+06   1.6662598e+01
   2.4186270e+06   1.4892578e+01
   2.4297130e+06   1.4953613e+01
   2.4506700e+06   1.4892578e+01
   2.4581250e+06   1.5441895e+01
   2.4692490e+06   1.5441895e+01
   2.4783540e+06   1.4709473e+01
   2.4920460e+06   1.5380859e+01
   2.6041810e+06   1.5563965e+01
   2.6835840e+06   1.4770508e+01
   2.6867980e+06   1.5625000e+01
   2.6915150e+06   1.5014648e+01
   2.7245410e+06   1.5014648e+01
   2.7280310e+06   1.4770508e+01
   2.7316510e+06   1.4770508e+01
   2.7337850e+06   1.7761230e+01
   2.7433860e+06   1.5686035e+01
   2.7434180e+06   1.5747070e+01
   2.7579770e+06   1.5808105e+01
   2.7637890e+06   1.6845703e+01
   2.7655950e+06   1.6479492e+01
   2.7716550e+06   1.4709473e+01
   2.7716910e+06   1.4953613e+01
   2.7802850e+06   1.5319824e+01
   2.7851650e+06   1.6113281e+01
   2.7917170e+06   1.4709473e+01
   2.8045040e+06   1.6540527e+01
   2.8187690e+06   1.6662598e+01
   2.8260850e+06   1.5930176e+01
   2.8274890e+06   1.4709473e+01
   2.8356570e+06   1.6662598e+01
   2.8512080e+06   1.5014648e+01
   2.8530880e+06   1.5014648e+01
   2.8625850e+06   1.7272949e+01
   2.8626200e+06   1.4648438e+01
   2.8707720e+06   1.6052246e+01
   2.8787770e+06   1.6113281e+01
   2.8843560e+06   1.4892578e+01
   2.8876860e+06   1.4709473e+01
   2.9073660e+06   1.5869141e+01
   2.9496010e+06   1.5502930e+01
   2.9512400e+06   1.5502930e+01
   2.9528820e+06   1.4770508e+01
   2.9731950e+06   1.5869141e+01
   2.9791690e+06   1.4648438e+01
   2.9936410e+06   1.4770508e+01
   2.9953890e+06   1.4892578e+01
