   3.0000000e+06   0.0000000e+00
   5.2140000e+03   1.5808105e+01
   6.6800000e+03   1.8310547e+01
   8.5170000e+03   1.9958496e+01
   1.1691000e+04   1.6357422e+01
   1.2704000e+04   1.6723633e+01
   1.3463000e+04   1.6052246e+01
   1.4773000e+04   1.5869141e+01
   1.5200000e+04   2.4475098e+01
   2.0857000e+04   1.6113281e+01
   2.2983000e+04   1.7150879e+01
   2.3661000e+04   1.5747070e+01
   2.5517000e+04   1.8554688e+01
   2.5943000e+04   2.4108887e+01
   2.5973000e+04   2.1118164e+01
   2.6034000e+04   1.5991211e+01
   2.6116000e+04   1.5014648e+01
   2.6151000e+04   2.7099609e+01
   2.6191000e+04   2.2094727e+01
   2.6215000e+04   2.4353027e+01
   2.6226000e+04   1.7822266e+01
   2.6288000e+04   1.6174316e+01
   2.6326000e+04   1.8310547e+01
   2.6353000e+04   1.6357422e+01
   2.6421000e+04   1.5563965e+01
   3.0052000e+04   1.6967773e+01
   3.1217000e+04   2.0690918e+01
   3.2089000e+04   1.8127441e+01
   3.4099000e+04   1.5869141e+01
   3.5615000e+04   1.7944336e+01
   3.7308000e+04   1.5258789e+01
   3.8919000e+04   1.9653320e+01
   3.9358000e+04   1.7211914e+01
   4.1646000e+04   1.8432617e+01
   4.2358000e+04   1.7639160e+01
   4.3590000e+04   1.6906738e+01
   4.9271000e+04   1.5014648e+01
   4.9299000e+04   1.7333984e+01
   4.9680000e+04   2.5085449e+01
   4.9788000e+04   1.7761230e+01
   4.9837000e+04   1.5319824e+01
   5.1188000e+04   1.5380859e+01
   5.8721000e+04   1.9287109e+01
   6.1774000e+04   2.0568848e+01
   6.9220000e+04   1.5319824e+01
   8.0912000e+04   1.7517090e+01
   8.2031000e+04   1.9958496e+01
   8.2069000e+04   2.5695801e+01
   8.2551000e+04   1.6418457e+01
   8.2676000e+04   2.4108887e+01
   8.2750000e+04   2.1850586e+01
   8.2780000e+04   1.6784668e+01
   8.2818000e+04   1.6113281e+01
   8.8730000e+04   1.5563965e+01
   9.2001000e+04   1.7456055e+01
   9.3877000e+04   1.6784668e+01
   1.0795600e+05   1.7883301e+01
   1.1259900e+05   1.5197754e+01
   1.1613200e+05   1.7456055e+01
   1.1830300e+05   1.5869141e+01
   1.2020700e+05   1.6845703e+01
   1.2206800e+05   2.2155762e+01
   1.2208600e+05   4.0222168e+01
   1.2222100e+05   2.0812988e+01
   1.2266500e+05   1.5075684e+01
   1.2614400e+05   1.7883301e+01
   1.2987600e+05   1.7089844e+01
   1.3138300e+05   1.6540527e+01
   1.3224400e+05   1.8981934e+01
   1.4562800e+05   1.6479492e+01
   1.6263000e+05   1.7028809e+01
   1.6269600e+05   1.8432617e+01
   1.6278900e+05   1.7089844e+01
   1.6283500e+05   1.4953613e+01
   1.6285300e+05   2.8686523e+01
   1.6342200e+05   1.5930176e+01
   1.7232300e+05   1.8981934e+01
   1.7250100e+05   1.7089844e+01
   1.7438400e+05   1.5258789e+01
   1.7549700e+05   1.8066406e+01
   1.8057400e+05   1.5502930e+01
   1.8059700e+05   1.5014648e+01
   1.8063800e+05   1.8554688e+01
   1.8066400e+05   3.1921387e+01
   1.8069600e+05   2.4902344e+01
   1.8072900e+05   1.5136719e+01
   1.8090500e+05   1.8981934e+01
   1.9021200e+05   2.3193359e+01
   1.9025300e+05   1.6052246e+01
   1.9027700e+05   1.6723633e+01
   1.9029000e+05   2.1423340e+01
   1.9035200e+05   2.0568848e+01
   1.9036800e+05   1.6601562e+01
   1.9940800e+05   1.5686035e+01
   1.9992600e+05   2.0874023e+01
   2.0492300e+05   1.9897461e+01
   2.0500300e+05   1.5319824e+01
   2.0502900e+05   2.4169922e+01
   2.0512100e+05   1.6967773e+01
   2.0516000e+05   1.9531250e+01
   2.0518300e+05   2.3620605e+01
   2.0522800e+05   1.5625000e+01
   2.0526200e+05   2.1789551e+01
   2.0575600e+05   2.5329590e+01
   2.1864500e+05   1.7883301e+01
   2.2634200e+05   2.2216797e+01
   2.2857800e+05   1.5686035e+01
   2.2862500e+05   1.9531250e+01
   2.2866400e+05   2.2705078e+01
   2.2869600e+05   1.6845703e+01
   2.2871900e+05   1.9042969e+01
   2.2877000e+05   1.7395020e+01
   2.2878400e+05   2.0751953e+01
   2.2879400e+05   1.9470215e+01
   2.3798900e+05   1.7456055e+01
   2.3804000e+05   1.6174316e+01
   2.3806400e+05   1.7700195e+01
   2.3807800e+05   2.1728516e+01
   2.4242100e+05   1.5075684e+01
   2.5039800e+05   1.5136719e+01
   2.5159200e+05   1.6113281e+01
   2.5297900e+05   1.5686035e+01
   2.5372000e+05   1.5502930e+01
   2.5376000e+05   1.5258789e+01
   2.5386600e+05   1.6662598e+01
   2.5392400e+05   2.1057129e+01
   2.5394800e+05   1.6967773e+01
   2.5398900e+05   1.6906738e+01
   2.6096700e+05   1.8554688e+01
   2.6193500e+05   1.8127441e+01
   2.6354400e+05   1.8493652e+01
   2.6393800e+05   1.7150879e+01
   2.7273400e+05   1.5136719e+01
   2.7309200e+05   1.6418457e+01
   2.7456300e+05   1.5197754e+01
   2.8585400e+05   1.7089844e+01
   2.8586500e+05   1.4953613e+01
   2.8589700e+05   2.1789551e+01
   2.8593500e+05   1.7700195e+01
   2.8603400e+05   1.5625000e+01
   2.9995600e+05   2.3071289e+01
   3.0324500e+05   1.6418457e+01
   3.0349500e+05   1.6052246e+01
   3.0803000e+05   2.0141602e+01
   3.0823200e+05   1.5075684e+01
   3.0826600e+05   1.6113281e+01
   3.0829200e+05   1.5991211e+01
   3.0830600e+05   1.6967773e+01
   3.0832700e+05   1.7028809e+01
   3.0834300e+05   2.3437500e+01
   3.1350300e+05   1.7700195e+01
   3.2321000e+05   1.5747070e+01
   3.2683600e+05   2.2155762e+01
   3.2725100e+05   1.6479492e+01
   3.2729200e+05   1.8188477e+01
   3.2744100e+05   1.8432617e+01
   3.2746100e+05   2.1850586e+01
   3.3095500e+05   1.5380859e+01
   3.4636300e+05   1.5747070e+01
   3.4812000e+05   2.0935059e+01
   3.4930000e+05   1.6357422e+01
   3.4934500e+05   4.3701172e+01
   3.4940500e+05   1.5991211e+01
   3.4942200e+05   3.2592773e+01
   3.4945400e+05   3.5827637e+01
   3.4950100e+05   1.9836426e+01
   3.6203700e+05   1.4953613e+01
   3.6515100e+05   1.5869141e+01
   3.6901800e+05   1.7395020e+01
   3.7418100e+05   1.5747070e+01
   3.7513800e+05   1.5563965e+01
   3.7788900e+05   1.7150879e+01
   3.8158500e+05   1.8432617e+01
   3.8341300e+05   1.5380859e+01
   3.8445000e+05   2.0690918e+01
   3.8511000e+05   1.6723633e+01
   3.8515600e+05   1.7395020e+01
   3.8517600e+05   1.8249512e+01
   3.8523200e+05   1.9836426e+01
   3.8562700e+05   2.2094727e+01
   3.8565800e+05   2.0263672e+01
   3.8567100e+05   3.0517578e+01
   3.8582300e+05   1.8920898e+01
   3.9349900e+05   1.7089844e+01
   3.9684000e+05   1.5991211e+01
   3.9882000e+05   1.5625000e+01
   4.1072900e+05   1.6052246e+01
   4.1313200e+05   1.7333984e+01
   4.1965600e+05   1.7272949e+01
   4.2033100e+05   1.5014648e+01
   4.2224500e+05   1.5808105e+01
   4.2232700e+05   2.6000977e+01
   4.2234400e+05   1.8127441e+01
   4.2238500e+05   1.5991211e+01
   4.2240800e+05   5.1574707e+01
   4.2243300e+05   2.4902344e+01
   4.2245700e+05   2.5695801e+01
   4.2254400e+05   1.5747070e+01
   4.3346800e+05   1.6174316e+01
   4.3474400e+05   1.6723633e+01
   4.3884300e+05   1.6601562e+01
   4.3893800e+05   1.9042969e+01
   4.4857900e+05   1.5319824e+01
   4.4907900e+05   1.8981934e+01
   4.5941500e+05   1.7150879e+01
   4.6102100e+05   1.8310547e+01
   4.6207700e+05   1.5991211e+01
   4.6362700e+05   1.8981934e+01
   4.6467100e+05   1.8371582e+01
   4.7811800e+05   2.0141602e+01
   4.8090800e+05   1.7395020e+01
   4.8766700e+05   1.7272949e+01
   4.9097000e+05   1.7578125e+01
   4.9151500e+05   1.5869141e+01
   5.1175100e+05   1.8981934e+01
   5.1545200e+05   1.7517090e+01
   5.1736900e+05   1.7272949e+01
   5.2096700e+05   2.1118164e+01
   5.2373900e+05   1.8981934e+01
   5.2449000e+05   1.4953613e+01
   5.2450500e+05   1.9958496e+01
   5.2452200e+05   3.4362793e+01
   5.2454100e+05   2.0996094e+01
   5.2455100e+05   2.0935059e+01
   5.2458100e+05   3.0578613e+01
   5.2465700e+05   2.7709961e+01
   5.2467300e+05   2.4780273e+01
   5.2469600e+05   1.5014648e+01
   5.2950000e+05   1.5380859e+01
   5.3145100e+05   2.3559570e+01
   5.3148000e+05   1.8493652e+01
   5.3151200e+05   1.8066406e+01
   5.3155700e+05   1.6357422e+01
   5.3485100e+05   1.5319824e+01
   5.3495500e+05   1.7456055e+01
   5.3499300e+05   2.6062012e+01
   5.3548400e+05   1.8127441e+01
   5.3552300e+05   1.5808105e+01
   5.3556200e+05   1.5197754e+01
   5.3801200e+05   1.4953613e+01
   5.4083100e+05   1.8615723e+01
   5.4280300e+05   1.9592285e+01
   5.4403000e+05   1.9470215e+01
   5.4583500e+05   1.8676758e+01
   5.4622400e+05   1.6174316e+01
   5.4795200e+05   1.5380859e+01
   5.4814900e+05   1.9104004e+01
   5.4817000e+05   2.0385742e+01
   5.4820900e+05   1.8310547e+01
   5.5476400e+05   1.5869141e+01
   5.5808000e+05   1.8737793e+01
   5.6225100e+05   1.5075684e+01
   5.6304600e+05   1.5441895e+01
   5.7071700e+05   1.9714355e+01
   5.7306500e+05   1.6906738e+01
   5.7640800e+05   1.6906738e+01
   5.8075200e+05   1.6662598e+01
   5.8459500e+05   1.5197754e+01
   5.8626100e+05   1.7395020e+01
   5.8630700e+05   1.8981934e+01
   5.8641600e+05   2.0263672e+01
   5.8656500e+05   1.5136719e+01
   5.9680300e+05   1.7211914e+01
   5.9761700e+05   1.7150879e+01
   6.0881300e+05   1.5319824e+01
   6.0983400e+05   1.6601562e+01
   6.1048300e+05   1.7089844e+01
   6.1284500e+05   1.9836426e+01
   6.1291800e+05   1.5319824e+01
   6.1391000e+05   2.0446777e+01
   6.1416100e+05   1.9897461e+01
   6.1418500e+05   4.7424316e+01
   6.1421600e+05   3.3813477e+01
   6.1423200e+05   1.5686035e+01
   6.1426100e+05   1.9226074e+01
   6.1428000e+05   2.2277832e+01
   6.1429900e+05   2.1362305e+01
   6.1965000e+05   1.8310547e+01
   6.3434600e+05   2.3132324e+01
   6.3594600e+05   1.8615723e+01
   6.3598700e+05   1.5258789e+01
   6.3618000e+05   1.5563965e+01
   6.4914800e+05   1.8066406e+01
   6.5340900e+05   1.6357422e+01
   6.5635400e+05   1.9531250e+01
   6.5848400e+05   1.5991211e+01
   6.6082400e+05   1.9348145e+01
   6.6123300e+05   2.0507812e+01
   6.6126800e+05   1.8493652e+01
   6.6129900e+05   1.6174316e+01
   6.6140200e+05   1.7639160e+01
   6.6141700e+05   1.5502930e+01
   6.6630300e+05   1.5869141e+01
   6.6666600e+05   1.7395020e+01
   6.6989600e+05   1.9287109e+01
   6.6992200e+05   1.9470215e+01
   6.6993800e+05   2.5390625e+01
   6.6996800e+05   1.5441895e+01
   6.7295600e+05   1.5258789e+01
   6.7875800e+05   1.8798828e+01
   6.7962900e+05   1.8371582e+01
   6.9172300e+05   1.7517090e+01
   6.9854400e+05   2.0629883e+01
   7.0242700e+05   1.5197754e+01
   7.0826700e+05   1.6113281e+01
   7.0860800e+05   1.5930176e+01
   7.2145300e+05   1.6784668e+01
   7.2269000e+05   1.9470215e+01
   7.2657400e+05   1.7456055e+01
   7.2796200e+05   1.8920898e+01
   7.3736200e+05   1.5808105e+01
   7.4013800e+05   1.6723633e+01
   7.4941500e+05   1.9592285e+01
   7.5570200e+05   1.7639160e+01
   7.5572400e+05   2.5939941e+01
   7.5576500e+05   1.8005371e+01
   7.5579800e+05   1.7761230e+01
   7.5586700e+05   1.5991211e+01
   7.5738500e+05   1.5808105e+01
   7.5904400e+05   1.7822266e+01
   7.6331700e+05   1.7272949e+01
   7.6493200e+05   2.1118164e+01
   7.6527100e+05   1.5441895e+01
   7.8104800e+05   1.6296387e+01
   7.8231800e+05   1.5197754e+01
   7.8621800e+05   1.8188477e+01
   7.8624700e+05   1.8249512e+01
   7.8636300e+05   1.9897461e+01
   7.8638600e+05   1.9958496e+01
   7.8640100e+05   1.9836426e+01
   7.8643900e+05   1.9165039e+01
   7.8666300e+05   1.7395020e+01
   8.0017200e+05   1.5380859e+01
   8.1120300e+05   1.6845703e+01
   8.1953600e+05   1.5441895e+01
   8.1959500e+05   1.6540527e+01
   8.1960700e+05   1.6052246e+01
   8.1966300e+05   3.4790039e+01
   8.1969300e+05   1.5136719e+01
   8.1971700e+05   1.5869141e+01
   8.2398600e+05   2.0568848e+01
   8.2506400e+05   2.1057129e+01
   8.2965600e+05   1.7761230e+01
   8.3418400e+05   1.7700195e+01
   8.4107100e+05   1.4953613e+01
   8.4182200e+05   1.8737793e+01
   8.4345300e+05   1.5930176e+01
   8.4361900e+05   1.7578125e+01
   8.4533800e+05   2.2033691e+01
   8.4564200e+05   1.6601562e+01
   8.5630800e+05   1.5563965e+01
   8.6296700e+05   1.7089844e+01
   8.6824700e+05   1.5197754e+01
   8.7108100e+05   1.9531250e+01
   8.7988600e+05   1.5075684e+01
   8.8012700e+05   1.5258789e+01
   8.8027700e+05   2.0263672e+01
   8.8029200e+05   1.6845703e+01
   8.8030700e+05   1.6052246e+01
   8.8880600e+05   1.7272949e+01
   8.9020400e+05   1.5747070e+01
   8.9301600e+05   1.7822266e+01
   8.9373700e+05   1.5563965e+01
   8.9397900e+05   1.9653320e+01
   8.9469500e+05   1.6052246e+01
   8.9827700e+05   1.6723633e+01
   9.0370000e+05   1.6967773e+01
   9.0616200e+05   1.8737793e+01
   9.0756400e+05   1.9470215e+01
   9.0827400e+05   1.5747070e+01
   9.1649100e+05   2.0202637e+01
   9.1708800e+05   1.5747070e+01
   9.1718500e+05   1.7517090e+01
   9.1721900e+05   2.3254395e+01
   9.1723000e+05   2.5146484e+01
   9.1732600e+05   1.5319824e+01
   9.1925100e+05   1.5319824e+01
   9.2511500e+05   1.9470215e+01
   9.2980400e+05   1.5747070e+01
   9.3055000e+05   1.8371582e+01
   9.3452000e+05   1.7822266e+01
   9.3850700e+05   1.5014648e+01
   9.4404500e+05   1.8249512e+01
   9.4525600e+05   1.8066406e+01
   9.4534300e+05   1.4953613e+01
   9.4589800e+05   1.6906738e+01
   9.5471900e+05   2.1667480e+01
   9.5473600e+05   2.1606445e+01
   9.5477000e+05   1.7822266e+01
   9.5478300e+05   1.6052246e+01
   9.5481500e+05   3.3569336e+01
   9.5483400e+05   1.8005371e+01
   9.5502600e+05   1.7517090e+01
   9.5994100e+05   1.7089844e+01
   9.6537500e+05   1.7028809e+01
   9.6839000e+05   1.6174316e+01
   9.6982900e+05   1.5502930e+01
   9.7068200e+05   1.8615723e+01
   9.7162500e+05   2.4841309e+01
   9.7167800e+05   1.9531250e+01
   9.7177300e+05   2.4963379e+01
   9.7180900e+05   2.2216797e+01
   9.7302300e+05   2.0629883e+01
   9.7569400e+05   1.5014648e+01
   9.7583200e+05   1.4953613e+01
   9.7598700e+05   1.7517090e+01
   9.7604700e+05   1.4953613e+01
   9.7624000e+05   1.6235352e+01
   9.8472500e+05   2.2460938e+01
   9.8474000e+05   1.5197754e+01
   9.8500800e+05   1.7456055e+01
   9.8923600e+05   1.8981934e+01
   9.9046300e+05   1.6662598e+01
   9.9195300e+05   1.7211914e+01
   9.9311700e+05   1.7028809e+01
   9.9428400e+05   1.8493652e+01
   1.0007710e+06   2.3498535e+01
   1.0008010e+06   3.3508301e+01
   1.0009000e+06   1.7517090e+01
   1.0009180e+06   1.6540527e+01
   1.0010170e+06   2.2399902e+01
   1.0083380e+06   1.7822266e+01
   1.0083700e+06   1.6845703e+01
   1.0084160e+06   2.3132324e+01
   1.0084630e+06   4.3701172e+01
   1.0084820e+06   2.0141602e+01
   1.0085130e+06   2.6062012e+01
   1.0085520e+06   1.6235352e+01
   1.0094520e+06   1.5197754e+01
   1.0184190e+06   1.5136719e+01
   1.0201420e+06   1.7333984e+01
   1.0210080e+06   1.8798828e+01
   1.0216510e+06   1.5625000e+01
   1.0240130e+06   1.7883301e+01
   1.0263310e+06   2.1179199e+01
   1.0274070e+06   1.7395020e+01
   1.0306680e+06   1.8981934e+01
   1.0306880e+06   1.5319824e+01
   1.0383160e+06   1.9775391e+01
   1.0393180e+06   1.7211914e+01
   1.0403080e+06   1.6235352e+01
   1.0503090e+06   2.1606445e+01
   1.0538620e+06   1.6113281e+01
   1.0550730e+06   1.7761230e+01
   1.0573820e+06   1.5869141e+01
   1.0583290e+06   1.6113281e+01
   1.0597610e+06   1.5808105e+01
   1.0597840e+06   2.6306152e+01
   1.0597940e+06   1.5808105e+01
   1.0598290e+06   2.0874023e+01
   1.0598400e+06   1.6418457e+01
   1.0598770e+06   2.7160645e+01
   1.0598950e+06   1.5930176e+01
   1.0601690e+06   1.6418457e+01
   1.0609930e+06   1.6357422e+01
   1.0655430e+06   1.5747070e+01
   1.0695720e+06   1.6418457e+01
   1.0705770e+06   1.8615723e+01
   1.0732710e+06   2.2338867e+01
   1.0810790e+06   1.6113281e+01
   1.0820340e+06   1.5991211e+01
   1.0858970e+06   2.2155762e+01
   1.0898350e+06   1.7761230e+01
   1.0945680e+06   1.6662598e+01
   1.0986890e+06   1.8737793e+01
   1.1015810e+06   1.5808105e+01
   1.1034510e+06   1.5747070e+01
   1.1075270e+06   2.1179199e+01
   1.1077490e+06   2.0263672e+01
   1.1077590e+06   2.0568848e+01
   1.1078160e+06   1.9226074e+01
   1.1083290e+06   1.6357422e+01
   1.1239270e+06   2.1606445e+01
   1.1241220e+06   1.6723633e+01
   1.1243040e+06   2.6245117e+01
   1.1243360e+06   1.6906738e+01
   1.1244930e+06   2.1972656e+01
   1.1391150e+06   3.0212402e+01
   1.1391490e+06   2.0385742e+01
   1.1391870e+06   1.8249512e+01
   1.1443410e+06   1.9409180e+01
   1.1488000e+06   1.7456055e+01
   1.1490210e+06   1.8066406e+01
   1.1603600e+06   1.6052246e+01
   1.1614530e+06   1.5075684e+01
   1.1615500e+06   1.9714355e+01
   1.1615810e+06   3.5766602e+01
   1.1615990e+06   1.8127441e+01
   1.1629150e+06   1.6296387e+01
   1.1702090e+06   1.5563965e+01
   1.1707180e+06   1.7761230e+01
   1.1799700e+06   1.9653320e+01
   1.1800000e+06   1.6845703e+01
   1.1800260e+06   2.2949219e+01
   1.1800400e+06   2.1850586e+01
   1.1800530e+06   3.6560059e+01
   1.1800770e+06   1.7578125e+01
   1.1890080e+06   1.6357422e+01
   1.1898930e+06   1.5136719e+01
   1.1934950e+06   1.6479492e+01
   1.1958740e+06   1.7578125e+01
   1.1986090e+06   2.3254395e+01
   1.2009920e+06   1.6845703e+01
   1.2162120e+06   2.1850586e+01
   1.2191100e+06   1.4953613e+01
   1.2217060e+06   1.7944336e+01
   1.2275780e+06   1.8981934e+01
   1.2359940e+06   1.6601562e+01
   1.2363730e+06   1.8127441e+01
   1.2491800e+06   1.8188477e+01
   1.2530710e+06   1.5808105e+01
   1.2558630e+06   1.5380859e+01
   1.2560360e+06   1.5991211e+01
   1.2563340e+06   1.8127441e+01
   1.2570670e+06   1.7639160e+01
   1.2581070e+06   1.7395020e+01
   1.2602050e+06   2.0812988e+01
   1.2619760e+06   1.8615723e+01
   1.2640220e+06   2.0690918e+01
   1.2730070e+06   1.7761230e+01
   1.2730430e+06   3.1127930e+01
   1.2730570e+06   4.7119141e+01
   1.2730920e+06   2.2277832e+01
   1.2792120e+06   1.9348145e+01
   1.2833840e+06   1.6540527e+01
   1.2839420e+06   1.8981934e+01
   1.2887490e+06   1.7761230e+01
   1.2934890e+06   1.8798828e+01
   1.2949010e+06   1.7272949e+01
   1.2949540e+06   1.5808105e+01
   1.2950250e+06   3.4179688e+01
   1.2950440e+06   2.6123047e+01
   1.2950730e+06   1.7395020e+01
   1.2950860e+06   2.7587891e+01
   1.2951190e+06   1.6235352e+01
   1.2951330e+06   1.7089844e+01
   1.2952750e+06   1.5380859e+01
   1.2958100e+06   1.5075684e+01
   1.3021540e+06   1.5014648e+01
   1.3033310e+06   1.5686035e+01
   1.3100830e+06   1.7822266e+01
   1.3104820e+06   1.7639160e+01
   1.3118550e+06   1.7395020e+01
   1.3135750e+06   1.6357422e+01
   1.3153070e+06   2.0507812e+01
   1.3167600e+06   1.6723633e+01
   1.3182310e+06   1.9836426e+01
   1.3193310e+06   1.8981934e+01
   1.3195660e+06   1.8066406e+01
   1.3200360e+06   2.2277832e+01
   1.3200500e+06   1.8005371e+01
   1.3200720e+06   1.5930176e+01
   1.3200930e+06   1.7150879e+01
   1.3201070e+06   2.2583008e+01
   1.3202400e+06   1.5747070e+01
   1.3329710e+06   1.5319824e+01
   1.3345160e+06   1.6479492e+01
   1.3366370e+06   2.2766113e+01
   1.3366730e+06   2.1789551e+01
   1.3461430e+06   1.5075684e+01
   1.3461600e+06   2.1240234e+01
   1.3461820e+06   4.5288086e+01
   1.3462220e+06   1.6052246e+01
   1.3462470e+06   1.5075684e+01
   1.3463090e+06   1.5075684e+01
   1.3531280e+06   1.5747070e+01
   1.3573940e+06   1.9897461e+01
   1.3578670e+06   1.7089844e+01
   1.3629210e+06   2.0080566e+01
   1.3629310e+06   1.5197754e+01
   1.3629970e+06   1.5502930e+01
   1.3630500e+06   1.7211914e+01
   1.3630860e+06   1.6601562e+01
   1.3630960e+06   1.5991211e+01
   1.3631350e+06   1.6845703e+01
   1.3631480e+06   2.0996094e+01
   1.3631730e+06   1.6662598e+01
   1.3631840e+06   1.5075684e+01
   1.3632930e+06   1.5747070e+01
   1.3633270e+06   1.4953613e+01
   1.3633560e+06   1.6174316e+01
   1.3723850e+06   2.6062012e+01
   1.3724220e+06   1.6479492e+01
   1.3726050e+06   1.9409180e+01
   1.3726370e+06   1.5197754e+01
   1.3726640e+06   4.3395996e+01
   1.3727870e+06   1.8493652e+01
   1.3781350e+06   1.5014648e+01
   1.3825300e+06   1.6113281e+01
   1.3898500e+06   2.1118164e+01
   1.3905830e+06   1.8615723e+01
   1.3919280e+06   1.6540527e+01
   1.3929870e+06   1.7822266e+01
   1.3937320e+06   2.1911621e+01
   1.3943970e+06   1.5319824e+01
   1.3947830e+06   2.1545410e+01
   1.3954700e+06   1.5075684e+01
   1.3965260e+06   1.7272949e+01
   1.3969280e+06   2.0874023e+01
   1.3969630e+06   1.8798828e+01
   1.3969840e+06   1.6967773e+01
   1.3970130e+06   6.6467285e+01
   1.3970420e+06   4.3823242e+01
   1.3971280e+06   1.8493652e+01
   1.4017450e+06   1.5136719e+01
   1.4161370e+06   2.0507812e+01
   1.4186110e+06   2.0690918e+01
   1.4186560e+06   1.6784668e+01
   1.4186790e+06   1.8920898e+01
   1.4187330e+06   1.8493652e+01
   1.4187740e+06   1.5502930e+01
   1.4188750e+06   1.6052246e+01
   1.4189110e+06   3.3569336e+01
   1.4236770e+06   1.8859863e+01
   1.4303550e+06   1.8127441e+01
   1.4363250e+06   2.1118164e+01
   1.4377730e+06   2.2277832e+01
   1.4378050e+06   2.1362305e+01
   1.4378360e+06   1.6174316e+01
   1.4378960e+06   1.6845703e+01
   1.4379120e+06   1.4953613e+01
   1.4379300e+06   1.5991211e+01
   1.4379600e+06   1.5441895e+01
   1.4380620e+06   1.6418457e+01
   1.4381020e+06   2.5939941e+01
   1.4381320e+06   2.5939941e+01
   1.4381500e+06   2.3315430e+01
   1.4381700e+06   1.6601562e+01
   1.4382090e+06   1.5625000e+01
   1.4482990e+06   2.0080566e+01
   1.4524300e+06   2.2338867e+01
   1.4524640e+06   2.0935059e+01
   1.4524970e+06   1.5563965e+01
   1.4532740e+06   1.5075684e+01
   1.4553240e+06   1.9775391e+01
   1.4604580e+06   2.0019531e+01
   1.4620490e+06   1.6540527e+01
   1.4666750e+06   1.7761230e+01
   1.4893730e+06   1.8554688e+01
   1.4894020e+06   1.6052246e+01
   1.4897990e+06   2.4475098e+01
   1.4898910e+06   1.9592285e+01
   1.4899010e+06   2.3010254e+01
   1.4899350e+06   2.0141602e+01
   1.4899570e+06   4.4555664e+01
   1.4899870e+06   2.2705078e+01
   1.4900350e+06   1.5930176e+01
   1.4988050e+06   1.7089844e+01
   1.5021010e+06   1.8249512e+01
   1.5046470e+06   1.6845703e+01
   1.5049970e+06   1.7211914e+01
   1.5064330e+06   1.5930176e+01
   1.5126290e+06   2.5817871e+01
   1.5126820e+06   2.8503418e+01
   1.5127280e+06   1.5991211e+01
   1.5127490e+06   2.2277832e+01
   1.5127730e+06   1.5258789e+01
   1.5128010e+06   4.4189453e+01
   1.5128250e+06   4.4738770e+01
   1.5128480e+06   2.3803711e+01
   1.5128770e+06   1.9714355e+01
   1.5130050e+06   1.6723633e+01
   1.5260830e+06   1.9775391e+01
   1.5337860e+06   1.5991211e+01
   1.5410590e+06   1.5502930e+01
   1.5410830e+06   2.8991699e+01
   1.5411130e+06   1.8310547e+01
   1.5411480e+06   1.5197754e+01
   1.5411920e+06   2.6184082e+01
   1.5412090e+06   1.8737793e+01
   1.5412370e+06   4.3151855e+01
   1.5412470e+06   2.2766113e+01
   1.5412780e+06   3.3142090e+01
   1.5412950e+06   1.5075684e+01
   1.5413430e+06   1.4953613e+01
   1.5414200e+06   1.6052246e+01
   1.5472190e+06   1.6113281e+01
   1.5544440e+06   1.5869141e+01
   1.5571820e+06   2.2338867e+01
   1.5599000e+06   1.7944336e+01
   1.5630170e+06   1.9653320e+01
   1.5663240e+06   1.6174316e+01
   1.5677180e+06   1.7517090e+01
   1.5678580e+06   2.1972656e+01
   1.5691980e+06   2.6977539e+01
   1.5692230e+06   1.9470215e+01
   1.5692600e+06   3.0639648e+01
   1.5693070e+06   1.8310547e+01
   1.5693410e+06   2.7343750e+01
   1.5693710e+06   2.6306152e+01
   1.5693970e+06   1.6296387e+01
   1.5694140e+06   1.6967773e+01
   1.5694350e+06   2.7832031e+01
   1.5694470e+06   1.7272949e+01
   1.5778340e+06   1.9531250e+01
   1.5853280e+06   1.8676758e+01
   1.5894540e+06   1.9653320e+01
   1.5950510e+06   1.7028809e+01
   1.5959550e+06   2.2094727e+01
   1.5978240e+06   1.5441895e+01
   1.6045050e+06   2.4597168e+01
   1.6045460e+06   1.7700195e+01
   1.6146460e+06   2.2277832e+01
   1.6169610e+06   1.8615723e+01
   1.6178580e+06   1.5380859e+01
   1.6182230e+06   1.9226074e+01
   1.6198240e+06   1.5441895e+01
   1.6259830e+06   1.7272949e+01
   1.6280230e+06   2.2583008e+01
   1.6290100e+06   1.7089844e+01
   1.6290300e+06   1.5930176e+01
   1.6290460e+06   2.0141602e+01
   1.6290700e+06   3.9367676e+01
   1.6291170e+06   1.7822266e+01
   1.6291400e+06   1.7761230e+01
   1.6291860e+06   2.2888184e+01
   1.6295490e+06   1.5747070e+01
   1.6295720e+06   4.0100098e+01
   1.6295920e+06   3.7658691e+01
   1.6296070e+06   2.5024414e+01
   1.6296230e+06   2.4414063e+01
   1.6296490e+06   1.6479492e+01
   1.6296820e+06   2.2155762e+01
   1.6384030e+06   1.8981934e+01
   1.6418230e+06   2.0874023e+01
   1.6457140e+06   1.8005371e+01
   1.6474290e+06   1.5625000e+01
   1.6487100e+06   1.8493652e+01
   1.6504050e+06   2.1362305e+01
   1.6546820e+06   2.6245117e+01
   1.6547190e+06   2.4169922e+01
   1.6548240e+06   1.5625000e+01
   1.6548510e+06   4.3884277e+01
   1.6548650e+06   1.6662598e+01
   1.6548870e+06   6.8298340e+01
   1.6549720e+06   1.8554688e+01
   1.6633780e+06   2.2338867e+01
   1.6633980e+06   2.5085449e+01
   1.6634170e+06   2.8259277e+01
   1.6634350e+06   5.6213379e+01
   1.6634490e+06   1.7395020e+01
   1.6634990e+06   1.6357422e+01
   1.6712530e+06   1.7272949e+01
   1.6722300e+06   1.7700195e+01
   1.6732190e+06   1.5197754e+01
   1.6754450e+06   2.1850586e+01
   1.6763260e+06   1.8371582e+01
   1.6800130e+06   2.0263672e+01
   1.6815010e+06   1.4953613e+01
   1.6815440e+06   2.0080566e+01
   1.6816630e+06   2.2094727e+01
   1.6888820e+06   2.0690918e+01
   1.6912590e+06   1.5014648e+01
   1.6923770e+06   1.8310547e+01
   1.6931760e+06   1.9958496e+01
   1.6938810e+06   1.7578125e+01
   1.6969720e+06   1.9592285e+01
   1.6994600e+06   1.6418457e+01
   1.7027630e+06   1.6357422e+01
   1.7055620e+06   1.9592285e+01
   1.7066640e+06   1.6113281e+01
   1.7160390e+06   1.8493652e+01
   1.7208440e+06   1.7089844e+01
   1.7234290e+06   1.9470215e+01
   1.7252130e+06   1.8066406e+01
   1.7288500e+06   1.7944336e+01
   1.7353190e+06   1.5747070e+01
   1.7378160e+06   2.2094727e+01
   1.7382060e+06   1.5991211e+01
   1.7426690e+06   1.5136719e+01
   1.7429230e+06   1.6662598e+01
   1.7488950e+06   1.7456055e+01
   1.7565220e+06   1.7944336e+01
   1.7565470e+06   1.9287109e+01
   1.7565580e+06   3.7536621e+01
   1.7565800e+06   2.2644043e+01
   1.7566030e+06   2.1545410e+01
   1.7566280e+06   1.6784668e+01
   1.7566460e+06   1.9165039e+01
   1.7566560e+06   2.1057129e+01
   1.7566700e+06   1.6174316e+01
   1.7643170e+06   1.7333984e+01
   1.7722560e+06   1.6723633e+01
   1.7731320e+06   2.0690918e+01
   1.7731990e+06   1.4953613e+01
   1.7732090e+06   1.9714355e+01
   1.7787740e+06   1.5197754e+01
   1.7811940e+06   2.1362305e+01
   1.7815650e+06   2.0385742e+01
   1.7817640e+06   1.5502930e+01
   1.7818400e+06   3.1555176e+01
   1.7818580e+06   2.7343750e+01
   1.7818870e+06   1.5869141e+01
   1.7819120e+06   5.3833008e+01
   1.7819350e+06   2.5146484e+01
   1.7819520e+06   2.8076172e+01
   1.7819800e+06   1.8981934e+01
   1.7895000e+06   1.6113281e+01
   1.7900000e+06   1.6357422e+01
   1.7900650e+06   1.7333984e+01
   1.8035350e+06   1.6479492e+01
   1.8038320e+06   1.5319824e+01
   1.8060710e+06   2.3925781e+01
   1.8060820e+06   3.6010742e+01
   1.8061170e+06   3.4118652e+01
   1.8061440e+06   4.6203613e+01
   1.8061820e+06   2.0141602e+01
   1.8062210e+06   1.5502930e+01
   1.8123560e+06   1.7028809e+01
   1.8164420e+06   1.7761230e+01
   1.8183490e+06   1.5014648e+01
   1.8184470e+06   1.8615723e+01
   1.8185830e+06   1.6601562e+01
   1.8220490e+06   1.7272949e+01
   1.8234750e+06   2.9907227e+01
   1.8235520e+06   1.8066406e+01
   1.8235620e+06   4.6203613e+01
   1.8235940e+06   4.1931152e+01
   1.8236330e+06   2.6794434e+01
   1.8236860e+06   2.5817871e+01
   1.8253790e+06   1.5136719e+01
   1.8424280e+06   1.7456055e+01
   1.8515780e+06   1.6845703e+01
   1.8616430e+06   1.5808105e+01
   1.8616800e+06   1.5319824e+01
   1.8616980e+06   3.6804199e+01
   1.8617220e+06   3.4362793e+01
   1.8617500e+06   3.0456543e+01
   1.8617720e+06   1.8127441e+01
   1.8617910e+06   1.6174316e+01
   1.8618110e+06   1.5686035e+01
   1.8618830e+06   1.7578125e+01
   1.8729380e+06   2.0507812e+01
   1.8729670e+06   1.7578125e+01
   1.8730110e+06   2.1545410e+01
   1.8730410e+06   1.6906738e+01
   1.8731890e+06   1.4953613e+01
   1.8732270e+06   3.4423828e+01
   1.8732560e+06   3.4606934e+01
   1.8739100e+06   1.5197754e+01
   1.8889400e+06   2.4169922e+01
   1.8892980e+06   2.3254395e+01
   1.8896570e+06   2.5512695e+01
   1.8897590e+06   1.4953613e+01
   1.9040660e+06   1.5991211e+01
   1.9042660e+06   1.6845703e+01
   1.9078160e+06   1.5136719e+01
   1.9109830e+06   1.8188477e+01
   1.9137550e+06   1.6052246e+01
   1.9139160e+06   1.6845703e+01
   1.9183060e+06   1.5075684e+01
   1.9214670e+06   1.6174316e+01
   1.9216230e+06   1.6235352e+01
   1.9237680e+06   2.5756836e+01
   1.9237980e+06   4.0649414e+01
   1.9238310e+06   2.2521973e+01
   1.9238540e+06   1.7333984e+01
   1.9238770e+06   3.0456543e+01
   1.9239080e+06   1.7028809e+01
   1.9239260e+06   2.1850586e+01
   1.9292070e+06   1.8920898e+01
   1.9424470e+06   1.5930176e+01
   1.9447770e+06   2.1057129e+01
   1.9486510e+06   1.8127441e+01
   1.9486830e+06   1.5869141e+01
   1.9487510e+06   2.8198242e+01
   1.9488640e+06   1.9409180e+01
   1.9488770e+06   2.1606445e+01
   1.9489040e+06   1.5502930e+01
   1.9489360e+06   2.2277832e+01
   1.9495080e+06   1.9531250e+01
   1.9495470e+06   1.6662598e+01
   1.9638780e+06   1.7883301e+01
   1.9690230e+06   1.5502930e+01
   1.9703640e+06   1.7517090e+01
   1.9725430e+06   1.6052246e+01
   1.9732330e+06   1.7822266e+01
   1.9741820e+06   2.4108887e+01
   1.9742100e+06   2.0874023e+01
   1.9742210e+06   2.6123047e+01
   1.9742540e+06   3.0395508e+01
   1.9742750e+06   2.8015137e+01
   1.9786290e+06   1.6357422e+01
   1.9821860e+06   1.8371582e+01
   1.9856070e+06   1.6784668e+01
   1.9879720e+06   2.2277832e+01
   1.9916310e+06   1.6967773e+01
   1.9957250e+06   1.8371582e+01
   1.9957790e+06   2.1789551e+01
   1.9957970e+06   1.5014648e+01
   1.9961420e+06   1.5014648e+01
   2.0025320e+06   1.7211914e+01
   2.0067340e+06   1.6967773e+01
   2.0088330e+06   2.0263672e+01
   2.0103970e+06   1.6235352e+01
   2.0109260e+06   2.0263672e+01
   2.0109620e+06   2.1118164e+01
   2.0110260e+06   2.0202637e+01
   2.0120720e+06   1.5930176e+01
   2.0127920e+06   1.6418457e+01
   2.0130980e+06   1.5502930e+01
   2.0131920e+06   1.6784668e+01
   2.0132250e+06   2.8869629e+01
   2.0132490e+06   2.5695801e+01
   2.0132630e+06   2.9113770e+01
   2.0132840e+06   2.2766113e+01
   2.0133010e+06   3.4301758e+01
   2.0133180e+06   2.6977539e+01
   2.0133530e+06   1.6662598e+01
   2.0227050e+06   1.5014648e+01
   2.0319970e+06   1.6845703e+01
   2.0320160e+06   2.1484375e+01
   2.0320970e+06   1.9653320e+01
   2.0321780e+06   1.4953613e+01
   2.0346120e+06   1.6418457e+01
   2.0355800e+06   1.8981934e+01
   2.0356610e+06   1.8798828e+01
   2.0360350e+06   1.5258789e+01
   2.0360690e+06   1.8066406e+01
   2.0361210e+06   1.5014648e+01
   2.0362190e+06   3.4851074e+01
   2.0362450e+06   1.7944336e+01
   2.0363890e+06   1.6357422e+01
   2.0364540e+06   1.5319824e+01
   2.0455140e+06   1.6296387e+01
   2.0490260e+06   1.5441895e+01
   2.0501810e+06   1.6113281e+01
   2.0504480e+06   1.8554688e+01
   2.0654760e+06   2.0019531e+01
   2.0655520e+06   2.4475098e+01
   2.0656030e+06   1.6418457e+01
   2.0675550e+06   1.5808105e+01
   2.0686540e+06   1.5136719e+01
   2.0778980e+06   2.0812988e+01
   2.0840860e+06   1.6113281e+01
   2.0863630e+06   1.6845703e+01
   2.0954620e+06   1.8249512e+01
   2.1072570e+06   1.8310547e+01
   2.1149430e+06   2.0629883e+01
   2.1260460e+06   1.5991211e+01
   2.1260780e+06   4.6142578e+01
   2.1261050e+06   1.4953613e+01
   2.1261180e+06   2.8869629e+01
   2.1261340e+06   1.7700195e+01
   2.1261470e+06   2.2583008e+01
   2.1261800e+06   1.5075684e+01
   2.1323300e+06   1.5747070e+01
   2.1387510e+06   1.6784668e+01
   2.1409480e+06   1.8310547e+01
   2.1450880e+06   1.6723633e+01
   2.1465260e+06   1.5075684e+01
   2.1466120e+06   1.4953613e+01
   2.1514890e+06   1.7028809e+01
   2.1518050e+06   1.5686035e+01
   2.1588270e+06   1.5014648e+01
   2.1593640e+06   2.2705078e+01
   2.1594040e+06   1.9348145e+01
   2.1594380e+06   1.5808105e+01
   2.1594550e+06   1.7395020e+01
   2.1594840e+06   1.8554688e+01
   2.1672240e+06   1.5380859e+01
   2.1819730e+06   1.7883301e+01
   2.1853920e+06   1.9348145e+01
   2.1867510e+06   1.5197754e+01
   2.1926170e+06   2.6062012e+01
   2.1926400e+06   1.6967773e+01
   2.1926680e+06   1.7395020e+01
   2.1927040e+06   1.7395020e+01
   2.1927250e+06   1.9958496e+01
   2.1929530e+06   2.7526855e+01
   2.1929870e+06   1.7883301e+01
   2.1930300e+06   2.1423340e+01
   2.1969870e+06   2.0568848e+01
   2.1970200e+06   2.0080566e+01
   2.1970510e+06   1.6601562e+01
   2.2002040e+06   1.5991211e+01
   2.2005590e+06   2.0507812e+01
   2.2043200e+06   2.2155762e+01
   2.2043550e+06   2.1545410e+01
   2.2044060e+06   1.8493652e+01
   2.2044290e+06   1.5197754e+01
   2.2060520e+06   2.1728516e+01
   2.2067900e+06   2.3864746e+01
   2.2068240e+06   1.6967773e+01
   2.2068510e+06   1.6784668e+01
   2.2069220e+06   1.4953613e+01
   2.2077780e+06   1.6113281e+01
   2.2087990e+06   1.5563965e+01
   2.2128610e+06   1.7333984e+01
   2.2138780e+06   1.8371582e+01
   2.2191090e+06   1.6601562e+01
   2.2195650e+06   1.9531250e+01
   2.2196030e+06   1.5686035e+01
   2.2208600e+06   1.8798828e+01
   2.2216780e+06   1.5258789e+01
   2.2271450e+06   1.6845703e+01
   2.2271590e+06   2.2888184e+01
   2.2271950e+06   2.1911621e+01
   2.2272200e+06   1.5441895e+01
   2.2272480e+06   2.3620605e+01
   2.2272580e+06   2.4780273e+01
   2.2272910e+06   1.5747070e+01
   2.2273430e+06   1.5441895e+01
   2.2345660e+06   2.3437500e+01
   2.2346070e+06   2.6123047e+01
   2.2346400e+06   1.6479492e+01
   2.2346750e+06   1.6906738e+01
   2.2532860e+06   2.2705078e+01
   2.2533200e+06   2.2521973e+01
   2.2533510e+06   1.5686035e+01
   2.2535490e+06   1.9958496e+01
   2.2535600e+06   1.6662598e+01
   2.2535830e+06   1.8310547e+01
   2.2537930e+06   1.9409180e+01
   2.2631150e+06   2.2888184e+01
   2.2631470e+06   1.9409180e+01
   2.2631770e+06   1.5808105e+01
   2.2724780e+06   2.2033691e+01
   2.2725070e+06   2.0202637e+01
   2.2725790e+06   1.5441895e+01
   2.2726120e+06   2.5329590e+01
   2.2726280e+06   1.8920898e+01
   2.2726830e+06   1.5441895e+01
   2.2727750e+06   1.5319824e+01
   2.2733840e+06   2.3437500e+01
   2.2734100e+06   2.5268555e+01
   2.2734290e+06   1.7272949e+01
   2.2734540e+06   2.9663086e+01
   2.2734670e+06   1.5014648e+01
   2.2734890e+06   2.2705078e+01
   2.2735070e+06   1.9104004e+01
   2.2799310e+06   1.8554688e+01
   2.2808290e+06   1.5258789e+01
   2.2952050e+06   1.7333984e+01
   2.3019780e+06   1.7333984e+01
   2.3025550e+06   1.7272949e+01
   2.3071320e+06   1.7578125e+01
   2.3128070e+06   1.5441895e+01
   2.3131280e+06   1.5380859e+01
   2.3191610e+06   2.4902344e+01
   2.3191730e+06   1.5380859e+01
   2.3191980e+06   1.7395020e+01
   2.3192110e+06   1.7395020e+01
   2.3192320e+06   3.1677246e+01
   2.3193150e+06   1.9958496e+01
   2.3194280e+06   2.0507812e+01
   2.3637140e+06   2.0812988e+01
   2.3638040e+06   2.2705078e+01
   2.3650430e+06   2.5146484e+01
   2.3650580e+06   4.3090820e+01
   2.3650710e+06   2.3376465e+01
   2.3758230e+06   1.6235352e+01
   2.3779140e+06   1.6113281e+01
   2.3900580e+06   2.0507812e+01
   2.3921990e+06   1.6967773e+01
   2.3926290e+06   2.4230957e+01
   2.3926660e+06   2.0935059e+01
   2.3999310e+06   2.0507812e+01
   2.3999900e+06   2.7038574e+01
   2.4000030e+06   1.6174316e+01
   2.4000720e+06   1.5319824e+01
   2.4047000e+06   1.7944336e+01
   2.4078800e+06   1.4953613e+01
   2.4113720e+06   1.8676758e+01
   2.4127720e+06   1.9653320e+01
   2.4141690e+06   2.1057129e+01
   2.4155460e+06   1.8676758e+01
   2.4187820e+06   1.7944336e+01
   2.4188220e+06   1.6418457e+01
   2.4217880e+06   1.7028809e+01
   2.4244690e+06   1.5441895e+01
   2.4245700e+06   1.9897461e+01
   2.4245840e+06   4.6264648e+01
   2.4246140e+06   3.9306641e+01
   2.4246390e+06   3.0639648e+01
   2.4246870e+06   1.9958496e+01
   2.4247080e+06   1.5258789e+01
   2.4365290e+06   1.7272949e+01
   2.4374180e+06   1.5747070e+01
   2.4375710e+06   1.9714355e+01
   2.4389870e+06   1.5991211e+01
   2.4396060e+06   1.5502930e+01
   2.4396440e+06   1.9409180e+01
   2.4396890e+06   1.5258789e+01
   2.4503020e+06   2.0935059e+01
   2.4510360e+06   1.7028809e+01
   2.4522420e+06   1.6296387e+01
   2.4531760e+06   1.8432617e+01
   2.4538060e+06   1.8676758e+01
   2.4541060e+06   1.9958496e+01
   2.4549720e+06   1.7578125e+01
   2.4556950e+06   1.6235352e+01
   2.4567470e+06   1.7883301e+01
   2.4572910e+06   1.6845703e+01
   2.4582520e+06   1.6845703e+01
   2.4587780e+06   1.8554688e+01
   2.4607250e+06   1.6296387e+01
   2.4616160e+06   1.9958496e+01
   2.4618350e+06   1.6174316e+01
   2.4618750e+06   1.6418457e+01
   2.4619070e+06   2.7526855e+01
   2.4619220e+06   2.5573730e+01
   2.4619520e+06   3.3996582e+01
   2.4619730e+06   2.9602051e+01
   2.4619890e+06   1.7150879e+01
   2.4620120e+06   1.5502930e+01
   2.4620860e+06   1.7578125e+01
   2.4620970e+06   1.6052246e+01
   2.4676750e+06   1.9348145e+01
   2.4736580e+06   1.9470215e+01
   2.4748780e+06   1.5502930e+01
   2.4753050e+06   1.5991211e+01
   2.4766790e+06   2.0690918e+01
   2.4771390e+06   1.8676758e+01
   2.4776930e+06   1.9897461e+01
   2.4782360e+06   1.9409180e+01
   2.4788760e+06   1.5502930e+01
   2.4795900e+06   1.4953613e+01
   2.4803650e+06   1.6906738e+01
   2.4806170e+06   1.6174316e+01
   2.4809860e+06   1.5441895e+01
   2.4811310e+06   1.5441895e+01
   2.4811650e+06   1.5258789e+01
   2.4812490e+06   2.5329590e+01
   2.4847710e+06   1.6113281e+01
   2.4859000e+06   1.9165039e+01
   2.4863160e+06   2.1728516e+01
   2.4866120e+06   1.4953613e+01
   2.4876440e+06   1.8676758e+01
   2.4884610e+06   1.5625000e+01
   2.4903430e+06   1.5502930e+01
   2.4910430e+06   1.7578125e+01
   2.4918440e+06   1.6357422e+01
   2.4918890e+06   3.8757324e+01
   2.4919100e+06   2.6062012e+01
   2.4919220e+06   3.5949707e+01
   2.4919590e+06   3.9367676e+01
   2.4919930e+06   1.5441895e+01
   2.4920040e+06   2.0996094e+01
   2.4920270e+06   1.5686035e+01
   2.5000310e+06   1.8005371e+01
   2.5006620e+06   1.6540527e+01
   2.5017590e+06   1.7150879e+01
   2.5023410e+06   1.6296387e+01
   2.5032970e+06   1.4953613e+01
   2.5039450e+06   1.9775391e+01
   2.5041490e+06   1.5014648e+01
   2.5047250e+06   1.6662598e+01
   2.5052280e+06   1.7883301e+01
   2.5060130e+06   1.8615723e+01
   2.5061720e+06   1.5258789e+01
   2.5065950e+06   1.7395020e+01
   2.5075870e+06   2.2033691e+01
   2.5083620e+06   1.6113281e+01
   2.5092490e+06   1.5197754e+01
   2.5097830e+06   1.8066406e+01
   2.5111970e+06   2.0446777e+01
   2.5120520e+06   1.5136719e+01
   2.5132930e+06   1.4953613e+01
   2.5141810e+06   1.9653320e+01
   2.5163330e+06   1.8310547e+01
   2.5171290e+06   1.9897461e+01
   2.5177360e+06   1.5136719e+01
   2.5191520e+06   1.8493652e+01
   2.5206990e+06   2.0019531e+01
   2.5247390e+06   1.9409180e+01
   2.5254190e+06   1.6357422e+01
   2.5256520e+06   1.7639160e+01
   2.5260800e+06   1.6967773e+01
   2.5261330e+06   1.4953613e+01
   2.5264230e+06   2.0629883e+01
   2.5266660e+06   2.2705078e+01
   2.5335970e+06   1.5808105e+01
   2.5348520e+06   1.5563965e+01
   2.5362930e+06   1.5441895e+01
   2.5454180e+06   1.5136719e+01
   2.5463130e+06   1.7578125e+01
   2.5466660e+06   1.8676758e+01
   2.5486500e+06   1.7639160e+01
   2.5514110e+06   1.5319824e+01
   2.5527970e+06   1.9531250e+01
   2.5539100e+06   1.5808105e+01
   2.5546880e+06   1.9226074e+01
   2.5555950e+06   1.6662598e+01
   2.5560450e+06   1.8249512e+01
   2.5565660e+06   1.9958496e+01
   2.5608340e+06   1.5991211e+01
   2.5628890e+06   2.1789551e+01
   2.5637800e+06   1.7822266e+01
   2.5756660e+06   1.8249512e+01
   2.5771900e+06   1.7578125e+01
   2.5777550e+06   1.5075684e+01
   2.5804740e+06   2.0324707e+01
   2.5820100e+06   1.5502930e+01
   2.5847200e+06   2.0019531e+01
   2.5871300e+06   1.8005371e+01
   2.5883200e+06   1.6845703e+01
   2.5976200e+06   1.8188477e+01
   2.5990340e+06   1.9042969e+01
   2.5994940e+06   1.6845703e+01
   2.5999540e+06   2.0874023e+01
   2.6011420e+06   1.6113281e+01
   2.6017070e+06   1.8798828e+01
   2.6024860e+06   1.8676758e+01
   2.6033810e+06   1.7089844e+01
   2.6064660e+06   1.5014648e+01
   2.6070330e+06   1.7578125e+01
   2.6081600e+06   1.7639160e+01
   2.6095890e+06   1.6174316e+01
   2.6107800e+06   1.7272949e+01
   2.6114280e+06   1.6662598e+01
   2.6135920e+06   2.0446777e+01
   2.6145920e+06   1.5197754e+01
   2.6158140e+06   1.7272949e+01
   2.6175450e+06   1.8798828e+01
   2.6201050e+06   1.7456055e+01
   2.6213440e+06   1.7700195e+01
   2.6226410e+06   1.7517090e+01
   2.6244850e+06   1.8981934e+01
   2.6247460e+06   2.0324707e+01
   2.6261630e+06   1.5808105e+01
   2.6316730e+06   1.8859863e+01
   2.6324010e+06   1.7333984e+01
   2.6348890e+06   1.5014648e+01
   2.6370330e+06   1.5258789e+01
   2.6377270e+06   1.7456055e+01
   2.6385300e+06   1.5197754e+01
   2.6393320e+06   1.6540527e+01
   2.6401410e+06   1.9531250e+01
   2.6417210e+06   1.5930176e+01
   2.6459900e+06   2.1179199e+01
   2.6489670e+06   2.1728516e+01
   2.6497200e+06   1.6174316e+01
   2.6508890e+06   2.1484375e+01
   2.6516320e+06   1.9470215e+01
   2.6524130e+06   1.8188477e+01
   2.6530280e+06   1.5747070e+01
   2.6548260e+06   1.7822266e+01
   2.6551880e+06   2.2460938e+01
   2.6668180e+06   1.6296387e+01
   2.6695700e+06   1.8615723e+01
   2.6720260e+06   2.2033691e+01
   2.6725480e+06   1.9104004e+01
   2.6725770e+06   2.4780273e+01
   2.6725950e+06   2.2521973e+01
   2.6726750e+06   3.7292480e+01
   2.6727220e+06   1.8798828e+01
   2.6730600e+06   1.7883301e+01
   2.6759960e+06   1.6113281e+01
   2.6780400e+06   1.5014648e+01
   2.6847300e+06   1.9287109e+01
   2.6878470e+06   1.6052246e+01
   2.6891380e+06   1.7089844e+01
   2.6895050e+06   1.6723633e+01
   2.6909200e+06   1.7578125e+01
   2.6916450e+06   1.9531250e+01
   2.6922710e+06   2.0202637e+01
   2.6927300e+06   1.6296387e+01
   2.6933220e+06   2.0324707e+01
   2.6948720e+06   1.7944336e+01
   2.6957460e+06   1.8005371e+01
   2.6963300e+06   1.7089844e+01
   2.6986570e+06   1.8676758e+01
   2.7004350e+06   1.6540527e+01
   2.7010890e+06   2.0935059e+01
   2.7024280e+06   2.3071289e+01
   2.7042190e+06   2.0996094e+01
   2.7071370e+06   1.6418457e+01
   2.7085920e+06   1.6357422e+01
   2.7090170e+06   1.6418457e+01
   2.7103470e+06   1.6418457e+01
   2.7116730e+06   1.5197754e+01
   2.7121120e+06   1.7089844e+01
   2.7124300e+06   1.5441895e+01
   2.7144030e+06   1.6052246e+01
   2.7152110e+06   1.8005371e+01
   2.7157210e+06   1.6723633e+01
   2.7171660e+06   1.6967773e+01
   2.7174690e+06   2.0507812e+01
   2.7181530e+06   1.5808105e+01
   2.7188100e+06   1.6662598e+01
   2.7188280e+06   1.5563965e+01
   2.7188680e+06   1.7639160e+01
   2.7188830e+06   1.6967773e+01
   2.7188940e+06   2.4414062e+01
   2.7189070e+06   5.5053711e+01
   2.7189620e+06   2.0751953e+01
   2.7189790e+06   1.7761230e+01
   2.7190610e+06   1.7028809e+01
   2.7196300e+06   1.5747070e+01
   2.7202610e+06   1.5136719e+01
   2.7204200e+06   1.9409180e+01
   2.7206590e+06   1.9775391e+01
   2.7208260e+06   1.5319824e+01
   2.7209140e+06   1.5441895e+01
   2.7209800e+06   1.5014648e+01
   2.7211590e+06   1.6662598e+01
   2.7255640e+06   1.5380859e+01
   2.7256430e+06   1.7272949e+01
   2.7263150e+06   1.7395020e+01
   2.7268290e+06   1.7333984e+01
   2.7270940e+06   1.9165039e+01
   2.7271570e+06   1.6784668e+01
   2.7271980e+06   1.5563965e+01
   2.7331670e+06   1.8188477e+01
   2.7344840e+06   1.5686035e+01
   2.7356170e+06   1.6601562e+01
   2.7375150e+06   1.7517090e+01
   2.7383110e+06   2.1911621e+01
   2.7392590e+06   2.1240234e+01
   2.7409440e+06   1.8310547e+01
   2.7410030e+06   1.5930176e+01
   2.7428230e+06   1.7700195e+01
   2.7441950e+06   1.6113281e+01
   2.7473570e+06   1.6296387e+01
   2.7492080e+06   1.7700195e+01
   2.7499160e+06   2.1545410e+01
   2.7503550e+06   2.0019531e+01
   2.7517740e+06   1.6723633e+01
   2.7528340e+06   1.5563965e+01
   2.7530800e+06   1.6784668e+01
   2.7537050e+06   1.7150879e+01
   2.7559740e+06   1.5319824e+01
   2.7582390e+06   1.8066406e+01
   2.7596460e+06   1.8066406e+01
   2.7607800e+06   1.8432617e+01
   2.7654040e+06   1.5380859e+01
   2.7654890e+06   2.8442383e+01
   2.7655090e+06   2.5390625e+01
   2.7655290e+06   4.4006348e+01
   2.7655550e+06   3.7170410e+01
   2.7655700e+06   3.2714844e+01
   2.7655850e+06   2.8991699e+01
   2.7655960e+06   1.8005371e+01
   2.7656170e+06   1.8615723e+01
   2.7656430e+06   1.7150879e+01
   2.7660500e+06   1.7395020e+01
   2.7661090e+06   1.5625000e+01
   2.7661830e+06   1.6967773e+01
   2.7667760e+06   1.5319824e+01
   2.7673490e+06   1.6845703e+01
   2.7677110e+06   1.5686035e+01
   2.7681810e+06   1.6479492e+01
   2.7683570e+06   1.4953613e+01
   2.7684040e+06   1.5441895e+01
   2.7684390e+06   1.6540527e+01
   2.7684670e+06   1.5563965e+01
   2.7684890e+06   1.6662598e+01
   2.7693160e+06   1.6113281e+01
   2.7694310e+06   1.8127441e+01
   2.7696730e+06   1.6906738e+01
   2.7700740e+06   1.6723633e+01
   2.7702600e+06   1.5502930e+01
   2.7706110e+06   1.5319824e+01
   2.7712710e+06   1.6601562e+01
   2.7714340e+06   1.9409180e+01
   2.7724180e+06   1.6052246e+01
   2.7728190e+06   1.5319824e+01
   2.7836180e+06   1.6235352e+01
   2.7864890e+06   1.6235352e+01
   2.7899990e+06   2.0324707e+01
   2.7928090e+06   1.6784668e+01
   2.7940510e+06   1.9653320e+01
   2.7985700e+06   1.5319824e+01
   2.7999770e+06   1.5808105e+01
   2.8004520e+06   1.6357422e+01
   2.8035140e+06   1.5808105e+01
   2.8044280e+06   2.0690918e+01
   2.8082450e+06   1.7578125e+01
   2.8094230e+06   1.7578125e+01
   2.8106150e+06   1.5625000e+01
   2.8121110e+06   1.8859863e+01
   2.8136420e+06   1.7944336e+01
   2.8153150e+06   1.7578125e+01
   2.8164610e+06   1.5014648e+01
   2.8173780e+06   1.7822266e+01
   2.8180060e+06   1.7272949e+01
   2.8187330e+06   1.5625000e+01
   2.8187550e+06   2.6550293e+01
   2.8187920e+06   4.2541504e+01
   2.8188230e+06   3.2165527e+01
   2.8188490e+06   1.7395020e+01
   2.8188680e+06   3.3935547e+01
   2.8188910e+06   2.8991699e+01
   2.8189550e+06   1.5258789e+01
   2.8189750e+06   1.6723633e+01
   2.8192680e+06   1.6967773e+01
   2.8197660e+06   1.5625000e+01
   2.8199760e+06   1.6174316e+01
   2.8205090e+06   1.5441895e+01
   2.8205920e+06   1.7211914e+01
   2.8207010e+06   1.6235352e+01
   2.8209660e+06   1.6479492e+01
   2.8213440e+06   2.0202637e+01
   2.8218190e+06   1.6479492e+01
   2.8219510e+06   1.6174316e+01
   2.8222920e+06   1.5136719e+01
   2.8228410e+06   1.5319824e+01
   2.8233660e+06   1.7028809e+01
   2.8234280e+06   1.5625000e+01
   2.8235230e+06   1.6052246e+01
   2.8238580e+06   1.5136719e+01
   2.8242350e+06   1.6052246e+01
   2.8244610e+06   1.7944336e+01
   2.8328690e+06   1.7150879e+01
   2.8427400e+06   1.7395020e+01
   2.8446660e+06   1.5930176e+01
   2.8459330e+06   1.5380859e+01
   2.8463110e+06   1.7761230e+01
   2.8473130e+06   1.8859863e+01
   2.8479100e+06   1.9287109e+01
   2.8484980e+06   1.7150879e+01
   2.8495060e+06   1.8371582e+01
   2.8505510e+06   1.6174316e+01
   2.8508910e+06   1.7028809e+01
   2.8519390e+06   2.0385742e+01
   2.8529840e+06   1.8676758e+01
   2.8540610e+06   1.9775391e+01
   2.8550430e+06   1.9897461e+01
   2.8559440e+06   1.5991211e+01
   2.8576050e+06   2.3132324e+01
   2.8591260e+06   1.7822266e+01
   2.8595300e+06   1.7395020e+01
   2.8606190e+06   1.8432617e+01
   2.8615060e+06   2.2705078e+01
   2.8625450e+06   1.8493652e+01
   2.8636370e+06   1.8005371e+01
   2.8649720e+06   1.6357422e+01
   2.8663930e+06   1.6479492e+01
   2.8680130e+06   1.8371582e+01
   2.8685640e+06   1.9836426e+01
   2.8693270e+06   2.0568848e+01
   2.8697210e+06   2.0812988e+01
   2.8702010e+06   1.7456055e+01
   2.8709630e+06   1.7456055e+01
   2.8719760e+06   1.7578125e+01
   2.8730170e+06   1.6723633e+01
   2.8739750e+06   1.6479492e+01
   2.8757750e+06   1.6418457e+01
   2.8770310e+06   1.5747070e+01
   2.8770950e+06   1.5380859e+01
   2.8771580e+06   1.4953613e+01
   2.8776070e+06   1.6906738e+01
   2.8785570e+06   1.6906738e+01
   2.8785990e+06   1.7517090e+01
   2.8786290e+06   3.7536621e+01
   2.8786520e+06   1.9470215e+01
   2.8786650e+06   4.1870117e+01
   2.8787110e+06   2.0874023e+01
   2.8788250e+06   1.9470215e+01
   2.8793620e+06   1.5014648e+01
   2.8797600e+06   1.5136719e+01
   2.8798170e+06   1.5380859e+01
   2.8802980e+06   1.7211914e+01
   2.8817340e+06   1.7333984e+01
   2.8823610e+06   1.5869141e+01
   2.8863940e+06   2.1301270e+01
   2.8870870e+06   1.5197754e+01
   2.8896230e+06   1.6418457e+01
   2.8915300e+06   1.5136719e+01
   2.8922300e+06   1.5502930e+01
   2.8925320e+06   1.6845703e+01
   2.8930680e+06   1.5136719e+01
   2.8941510e+06   1.4953613e+01
   2.8949880e+06   2.0324707e+01
   2.8954760e+06   1.8676758e+01
   2.8959900e+06   1.5197754e+01
   2.8974120e+06   1.5808105e+01
   2.8982850e+06   1.7028809e+01
   2.8990530e+06   2.1606445e+01
   2.9000510e+06   1.5930176e+01
   2.9014640e+06   1.7578125e+01
   2.9051760e+06   1.8127441e+01
   2.9066750e+06   1.6906738e+01
   2.9068480e+06   1.5319824e+01
   2.9081280e+06   1.9470215e+01
   2.9096580e+06   2.0751953e+01
   2.9102770e+06   1.6662598e+01
   2.9120170e+06   1.9348145e+01
   2.9123760e+06   1.7395020e+01
   2.9127580e+06   1.8493652e+01
   2.9130650e+06   1.7150879e+01
   2.9145530e+06   1.6662598e+01
   2.9157520e+06   1.6052246e+01
   2.9168920e+06   1.7211914e+01
   2.9212880e+06   1.5258789e+01
   2.9226900e+06   1.6967773e+01
   2.9228280e+06   1.6784668e+01
   2.9229960e+06   1.6296387e+01
   2.9240110e+06   1.6906738e+01
   2.9290500e+06   2.2338867e+01
   2.9314620e+06   1.6479492e+01
   2.9325470e+06   1.8737793e+01
   2.9352570e+06   2.1972656e+01
   2.9381230e+06   1.7028809e+01
   2.9407970e+06   1.6357422e+01
   2.9410710e+06   1.6967773e+01
   2.9410950e+06   1.6723633e+01
   2.9411360e+06   1.7700195e+01
   2.9411540e+06   2.8381348e+01
   2.9411780e+06   2.9602051e+01
   2.9411890e+06   3.2409668e+01
   2.9412170e+06   2.0507812e+01
   2.9412330e+06   1.9104004e+01
   2.9412430e+06   1.7883301e+01
   2.9412720e+06   1.6479492e+01
   2.9413540e+06   1.7395020e+01
   2.9415200e+06   1.7822266e+01
   2.9417300e+06   1.6479492e+01
   2.9420240e+06   1.6174316e+01
   2.9423630e+06   1.5747070e+01
   2.9426380e+06   1.8676758e+01
   2.9431540e+06   1.9470215e+01
   2.9543210e+06   1.7883301e+01
   2.9564550e+06   2.0996094e+01
   2.9573240e+06   1.9165039e+01
   2.9580100e+06   1.5136719e+01
   2.9600320e+06   2.0141602e+01
   2.9617640e+06   1.6784668e+01
   2.9639650e+06   2.0507812e+01
   2.9648240e+06   1.5136719e+01
   2.9649240e+06   1.6662598e+01
   2.9714610e+06   2.0385742e+01
   2.9739520e+06   1.5747070e+01
   2.9783510e+06   1.8432617e+01
   2.9796540e+06   1.5441895e+01
   2.9815540e+06   1.5747070e+01
   2.9824290e+06   1.7211914e+01
   2.9835570e+06   1.5380859e+01
   2.9852650e+06   1.5502930e+01
   2.9859350e+06   2.0935059e+01
   2.9863640e+06   1.9531250e+01
   2.9868410e+06   1.5319824e+01
   2.9876410e+06   1.5930176e+01
   2.9880140e+06   2.1484375e+01
   2.9881670e+06   1.5197754e+01
   2.9918300e+06   1.6967773e+01
   2.9935110e+06   1.8981934e+01
   2.9938760e+06   1.8371582e+01
   2.9953010e+06   1.5808105e+01
   2.9967930e+06   1.8188477e+01
   2.9970830e+06   1.8005371e+01
   2.9985950e+06   1.7272949e+01
   2.9997750e+06   1.5991211e+01
