   3.0000000e+06   0.0000000e+00
   1.1792000e+04   1.6052246e+01
   1.4676000e+04   1.6052246e+01
   1.4719000e+04   1.7822266e+01
   1.4744000e+04   2.0690918e+01
   1.4762000e+04   1.8005371e+01
   1.4784000e+04   1.6357422e+01
   1.4806000e+04   1.5441895e+01
   1.4828000e+04   1.6357422e+01
   1.4848000e+04   1.8188477e+01
   1.4879000e+04   1.8798828e+01
   1.5161000e+04   1.9348145e+01
   1.5187000e+04   1.6296387e+01
   1.5222000e+04   1.9104004e+01
   1.8441000e+04   1.6174316e+01
   1.9777000e+04   1.5625000e+01
   2.1559000e+04   1.6723633e+01
   2.2879000e+04   1.6357422e+01
   2.4523000e+04   1.9287109e+01
   2.5383000e+04   1.7395020e+01
   2.5854000e+04   1.9104004e+01
   2.7030000e+04   1.7333984e+01
   2.7199000e+04   1.9287109e+01
   2.7242000e+04   1.7578125e+01
   2.7791000e+04   1.5991211e+01
   2.7936000e+04   1.5808105e+01
   2.7995000e+04   1.6235352e+01
   2.8020000e+04   2.0263672e+01
   2.8837000e+04   1.6235352e+01
   2.9567000e+04   1.6601563e+01
   2.9797000e+04   1.7456055e+01
   2.9920000e+04   1.5808105e+01
   2.9995000e+04   1.7883301e+01
   3.0434000e+04   1.5686035e+01
   3.0499000e+04   1.5380859e+01
   3.1298000e+04   1.5625000e+01
   3.5387000e+04   1.6723633e+01
   3.9697000e+04   1.6174316e+01
   4.1271000e+04   1.7456055e+01
   4.2899000e+04   1.5930176e+01
   4.3724000e+04   1.7089844e+01
   4.5614000e+04   2.0446777e+01
   4.6991000e+04   1.7883301e+01
   4.7779000e+04   1.5563965e+01
   4.8546000e+04   1.6906738e+01
   4.8764000e+04   1.6113281e+01
   4.8814000e+04   1.7150879e+01
   4.9572000e+04   1.7578125e+01
   4.9672000e+04   1.5686035e+01
   4.9713000e+04   1.8127441e+01
   4.9919000e+04   1.8737793e+01
   4.9955000e+04   1.7700195e+01
   5.0014000e+04   1.5502930e+01
   5.0035000e+04   1.9226074e+01
   5.0056000e+04   1.9348145e+01
   5.0746000e+04   1.7333984e+01
   5.0772000e+04   1.8432617e+01
   5.0796000e+04   1.7761230e+01
   5.0831000e+04   1.8371582e+01
   5.3358000e+04   1.5808105e+01
   5.4142000e+04   1.6235352e+01
   5.5236000e+04   1.9409180e+01
   5.6513000e+04   1.5441895e+01
   5.6552000e+04   2.4047852e+01
   5.6617000e+04   1.5380859e+01
   5.6645000e+04   1.6540527e+01
   5.6675000e+04   1.6479492e+01
   5.6982000e+04   1.6052246e+01
   5.7048000e+04   1.7211914e+01
   5.7080000e+04   1.6540527e+01
   5.7118000e+04   1.5869141e+01
   5.7678000e+04   1.7333984e+01
   5.7713000e+04   1.7639160e+01
   5.7742000e+04   1.8249512e+01
   5.7764000e+04   1.6967773e+01
   5.9285000e+04   1.6906738e+01
   5.9713000e+04   1.5747070e+01
   6.0813000e+04   1.6845703e+01
   6.2158000e+04   1.5991211e+01
   6.4616000e+04   1.6906738e+01
   6.8303000e+04   1.6601562e+01
   6.8783000e+04   1.7089844e+01
   6.9620000e+04   1.7395020e+01
   7.0258000e+04   1.8249512e+01
   7.0487000e+04   1.6174316e+01
   7.1338000e+04   1.5808105e+01
   7.6577000e+04   1.5686035e+01
   7.9384000e+04   1.5563965e+01
   7.9428000e+04   1.9653320e+01
   7.9536000e+04   1.6418457e+01
   7.9799000e+04   1.8798828e+01
   8.0269000e+04   1.7028809e+01
   8.0341000e+04   1.8066406e+01
   8.2658000e+04   2.0751953e+01
   8.2731000e+04   1.5502930e+01
   8.2751000e+04   1.6113281e+01
   8.2800000e+04   1.6113281e+01
   8.5173000e+04   1.6479492e+01
   9.5102000e+04   1.5380859e+01
   9.8166000e+04   1.8737793e+01
   9.8228000e+04   1.5991211e+01
   9.8253000e+04   1.5502930e+01
   9.8273000e+04   1.8310547e+01
   9.8931000e+04   1.7333984e+01
   9.9708000e+04   1.6784668e+01
   1.1174600e+05   1.6235352e+01
   1.1195900e+05   1.6662598e+01
   1.1199700e+05   1.6784668e+01
   1.1289000e+05   1.6235352e+01
   1.1311400e+05   1.6052246e+01
   1.1371900e+05   1.6723633e+01
   1.1393200e+05   1.8798828e+01
   1.2196700e+05   2.3620605e+01
   1.2202900e+05   2.1972656e+01
   1.2206200e+05   2.2460938e+01
   1.2208500e+05   1.7150879e+01
   1.2212400e+05   1.7822266e+01
   1.2221500e+05   1.7456055e+01
   1.2237600e+05   1.5380859e+01
   1.2239800e+05   1.5502930e+01
   1.2248400e+05   1.8676758e+01
   1.2254200e+05   1.7456055e+01
   1.2256300e+05   1.5563965e+01
   1.2258800e+05   1.8737793e+01
   1.2263800e+05   1.6113281e+01
   1.2321400e+05   1.6113281e+01
   1.2771900e+05   1.7395020e+01
   1.2944900e+05   1.6784668e+01
   1.3468600e+05   1.8554688e+01
   1.3549300e+05   1.9226074e+01
   1.3579300e+05   1.7883301e+01
   1.3586600e+05   1.7944336e+01
   1.3600600e+05   1.9897461e+01
   1.3606400e+05   1.7028809e+01
   1.3608600e+05   1.7944336e+01
   1.3710700e+05   1.6357422e+01
   1.3891300e+05   1.7944336e+01
   1.4195800e+05   2.0446777e+01
   1.4334700e+05   1.7150879e+01
   1.4895700e+05   1.6052246e+01
   1.5231800e+05   1.6723633e+01
   1.5259100e+05   1.7211914e+01
   1.5274800e+05   1.5502930e+01
   1.5280200e+05   1.5991211e+01
   1.5369000e+05   1.5747070e+01
   1.5398600e+05   1.5808105e+01
   1.5403900e+05   1.8127441e+01
   1.5476200e+05   1.7211914e+01
   1.5548600e+05   1.6235352e+01
   1.5722000e+05   1.6418457e+01
   1.5772700e+05   1.5930176e+01
   1.5780400e+05   1.6845703e+01
   1.5783000e+05   1.6296387e+01
   1.5784800e+05   1.5747070e+01
   1.5787100e+05   1.7639160e+01
   1.5791700e+05   1.5808105e+01
   1.5882400e+05   1.5686035e+01
   1.5886400e+05   1.6784668e+01
   1.5890000e+05   1.7639160e+01
   1.5893100e+05   1.5441895e+01
   1.5980200e+05   1.6540527e+01
   1.6058900e+05   1.5502930e+01
   1.6205800e+05   1.6113281e+01
   1.6270000e+05   1.8127441e+01
   1.6286500e+05   1.5808105e+01
   1.6289500e+05   1.8615723e+01
   1.6291500e+05   1.6052246e+01
   1.6295200e+05   1.8981934e+01
   1.6303700e+05   1.7150879e+01
   1.6308600e+05   1.6113281e+01
   1.6312400e+05   1.5991211e+01
   1.6328800e+05   1.6723633e+01
   1.6342500e+05   1.6113281e+01
   1.6344700e+05   1.7822266e+01
   1.6346400e+05   1.7883301e+01
   1.6351900e+05   1.6052246e+01
   1.6354000e+05   1.6540527e+01
   1.6358100e+05   1.7944336e+01
   1.6362900e+05   1.5563965e+01
   1.6365000e+05   1.9836426e+01
   1.6380500e+05   1.7639160e+01
   1.6382500e+05   1.7333984e+01
   1.6384600e+05   1.5747070e+01
   1.6386600e+05   1.5930176e+01
   1.6724700e+05   1.8249512e+01
   1.6796100e+05   1.7822266e+01
   1.6868200e+05   1.5686035e+01
   1.6879300e+05   1.5930176e+01
   1.7016300e+05   1.7944336e+01
   1.7108100e+05   1.7639160e+01
   1.7328800e+05   1.9104004e+01
   1.7396000e+05   1.8188477e+01
   1.7572700e+05   1.6540527e+01
   1.7751300e+05   1.6906738e+01
   1.8056600e+05   1.9287109e+01
   1.8060500e+05   2.2155762e+01
   1.8068500e+05   1.5808105e+01
   1.8071600e+05   1.9592285e+01
   1.8073800e+05   1.8005371e+01
   1.8077200e+05   1.9409180e+01
   1.8091500e+05   1.5380859e+01
   1.8093500e+05   1.6540527e+01
   1.8095800e+05   2.0385742e+01
   1.8807400e+05   1.8798828e+01
   1.9038200e+05   1.6723633e+01
   1.9122000e+05   1.5808105e+01
   1.9310700e+05   1.8615723e+01
   2.0168600e+05   1.7639160e+01
   2.0178500e+05   1.6174316e+01
   2.0193400e+05   1.5380859e+01
   2.0284800e+05   1.6601563e+01
   2.0503400e+05   1.9836426e+01
   2.0512200e+05   1.7333984e+01
   2.0516800e+05   1.8005371e+01
   2.0521100e+05   1.7395020e+01
   2.0522900e+05   2.2583008e+01
   2.0549400e+05   1.8981934e+01
   2.0551600e+05   1.5625000e+01
   2.0553600e+05   1.8066406e+01
   2.0555600e+05   1.6784668e+01
   2.0557500e+05   1.8981934e+01
   2.0564300e+05   1.5808105e+01
   2.0568500e+05   1.5625000e+01
   2.0605500e+05   1.6357422e+01
   2.0955100e+05   1.9348145e+01
   2.1247900e+05   1.5441895e+01
   2.1378800e+05   1.5441895e+01
   2.1917300e+05   1.6052246e+01
   2.2099200e+05   1.6662598e+01
   2.2259900e+05   1.6540527e+01
   2.2317300e+05   1.5991211e+01
   2.2570000e+05   1.5625000e+01
   2.2860800e+05   2.0935059e+01
   2.2862900e+05   1.6784668e+01
   2.2867400e+05   2.2888184e+01
   2.2872700e+05   2.6672363e+01
   2.2874900e+05   1.8493652e+01
   2.2877500e+05   1.7395020e+01
   2.2880700e+05   1.9958496e+01
   2.2893300e+05   1.7761230e+01
   2.2896800e+05   1.7700195e+01
   2.2898700e+05   1.5808105e+01
   2.2914000e+05   1.5502930e+01
   2.2918100e+05   1.5869141e+01
   2.2934200e+05   1.6967773e+01
   2.3325200e+05   1.7883301e+01
   2.3412300e+05   1.6235352e+01
   2.3610600e+05   1.5625000e+01
   2.3739000e+05   1.5441895e+01
   2.3789900e+05   2.4719238e+01
   2.3793000e+05   1.6723633e+01
   2.3798500e+05   1.9470215e+01
   2.3799900e+05   1.6174316e+01
   2.3803400e+05   3.0578613e+01
   2.3805200e+05   1.6235352e+01
   2.3816900e+05   1.8310547e+01
   2.3866400e+05   1.7578125e+01
   2.3935600e+05   2.0019531e+01
   2.3954300e+05   1.5625000e+01
   2.3958800e+05   1.8127441e+01
   2.3961200e+05   1.5625000e+01
   2.3963100e+05   1.5808105e+01
   2.3972800e+05   1.6967773e+01
   2.3975900e+05   1.7089844e+01
   2.3979100e+05   1.5747070e+01
   2.3981100e+05   1.5869141e+01
   2.3983800e+05   1.7089844e+01
   2.3986000e+05   1.8493652e+01
   2.4064100e+05   1.6113281e+01
   2.4521300e+05   1.6723633e+01
   2.4600600e+05   1.6174316e+01
   2.4657700e+05   1.6601562e+01
   2.4933200e+05   1.5563965e+01
   2.5015700e+05   1.6723633e+01
   2.5253800e+05   1.6052246e+01
   2.5361100e+05   1.6113281e+01
   2.5381800e+05   1.7639160e+01
   2.5385300e+05   1.9836426e+01
   2.5386400e+05   2.9724121e+01
   2.5390200e+05   2.0446777e+01
   2.5392800e+05   1.5686035e+01
   2.5400900e+05   3.1311035e+01
   2.5403900e+05   1.6601563e+01
   2.5426000e+05   1.6235352e+01
   2.5633500e+05   1.6235352e+01
   2.5813000e+05   1.7395020e+01
   2.5977800e+05   1.7211914e+01
   2.6110500e+05   1.9531250e+01
   2.6296500e+05   1.6784668e+01
   2.6457300e+05   1.7639160e+01
   2.6711700e+05   1.5930176e+01
   2.6757600e+05   1.6479492e+01
   2.6774900e+05   1.9653320e+01
   2.6881100e+05   1.5686035e+01
   2.7249300e+05   1.9409180e+01
   2.7387200e+05   1.5686035e+01
   2.7536500e+05   1.7700195e+01
   2.7564800e+05   1.6845703e+01
   2.7570100e+05   1.9958496e+01
   2.7607900e+05   1.7517090e+01
   2.7610200e+05   1.9470215e+01
   2.7650000e+05   1.5380859e+01
   2.7654900e+05   1.6357422e+01
   2.8003500e+05   1.5869141e+01
   2.8077400e+05   1.6540527e+01
   2.8284500e+05   1.5930176e+01
   2.8577800e+05   1.7517090e+01
   2.8584500e+05   3.1188965e+01
   2.8589500e+05   1.5991211e+01
   2.8591600e+05   1.8066406e+01
   2.8597300e+05   1.8981934e+01
   2.8603900e+05   1.6174316e+01
   2.8614500e+05   1.5563965e+01
   2.8616300e+05   1.6845703e+01
   2.8618100e+05   1.5502930e+01
   2.8620000e+05   1.5625000e+01
   2.8656700e+05   1.8554688e+01
   2.9124000e+05   1.6540527e+01
   2.9374100e+05   1.5991211e+01
   3.0288200e+05   1.7028809e+01
   3.0325900e+05   1.6540527e+01
   3.0329100e+05   1.5991211e+01
   3.0377000e+05   1.6052246e+01
   3.0379900e+05   1.5441895e+01
   3.0431600e+05   1.9409180e+01
   3.0436200e+05   1.8676758e+01
   3.0438600e+05   1.6235352e+01
   3.0440900e+05   1.7700195e+01
   3.0445700e+05   1.5502930e+01
   3.0823500e+05   1.8127441e+01
   3.0824500e+05   2.3071289e+01
   3.0837500e+05   1.6357422e+01
   3.0839600e+05   2.0385742e+01
   3.0842100e+05   1.5808105e+01
   3.0845400e+05   1.7639160e+01
   3.0849200e+05   1.6601562e+01
   3.0851600e+05   1.8249512e+01
   3.0877400e+05   1.5625000e+01
   3.0882400e+05   1.5625000e+01
   3.1091400e+05   1.5808105e+01
   3.1495700e+05   1.6357422e+01
   3.1589900e+05   1.5441895e+01
   3.1704200e+05   1.8127441e+01
   3.2723000e+05   1.6784668e+01
   3.2734400e+05   1.7456055e+01
   3.2738800e+05   1.5441895e+01
   3.2754300e+05   1.6235352e+01
   3.2776900e+05   1.7639160e+01
   3.3294700e+05   1.5869141e+01
   3.3451300e+05   1.5686035e+01
   3.3543800e+05   1.7028809e+01
   3.3774400e+05   1.6357422e+01
   3.3842200e+05   1.5380859e+01
   3.3926100e+05   1.7456055e+01
   3.3951200e+05   1.6479492e+01
   3.3953900e+05   1.5441895e+01
   3.3980300e+05   1.8676758e+01
   3.4023000e+05   1.6906738e+01
   3.4026600e+05   1.7578125e+01
   3.4029600e+05   1.5625000e+01
   3.4106600e+05   1.9287109e+01
   3.4238400e+05   1.6418457e+01
   3.4273100e+05   1.5380859e+01
   3.4374200e+05   1.5991211e+01
   3.4420200e+05   1.6479492e+01
   3.4924000e+05   2.2216797e+01
   3.4930700e+05   1.9226074e+01
   3.4932800e+05   2.1606445e+01
   3.4936400e+05   1.8432617e+01
   3.4940200e+05   1.9531250e+01
   3.4942100e+05   2.1667480e+01
   3.4943700e+05   1.8249512e+01
   3.4949900e+05   1.6052246e+01
   3.4952000e+05   1.6113281e+01
   3.4954800e+05   1.8493652e+01
   3.5305600e+05   1.5686035e+01
   3.5579000e+05   1.7211914e+01
   3.6035800e+05   1.5380859e+01
   3.6040400e+05   1.9409180e+01
   3.6042600e+05   1.5869141e+01
   3.6046000e+05   1.8005371e+01
   3.6048100e+05   1.5625000e+01
   3.6050700e+05   1.5502930e+01
   3.6083300e+05   1.7639160e+01
   3.6085800e+05   1.6418457e+01
   3.6088300e+05   1.7456055e+01
   3.6093700e+05   1.6418457e+01
   3.6096900e+05   1.6906738e+01
   3.6101100e+05   1.5808105e+01
   3.6147600e+05   1.5930176e+01
   3.6151800e+05   1.5869141e+01
   3.6178300e+05   1.5747070e+01
   3.6180100e+05   1.7089844e+01
   3.6424100e+05   1.5625000e+01
   3.6602000e+05   1.6540527e+01
   3.6672200e+05   1.5869141e+01
   3.6823300e+05   1.7333984e+01
   3.6949400e+05   1.5502930e+01
   3.7048500e+05   1.6113281e+01
   3.7085800e+05   1.5991211e+01
   3.7142100e+05   1.8127441e+01
   3.7178400e+05   1.6601562e+01
   3.7204300e+05   1.6540527e+01
   3.7284100e+05   1.6296387e+01
   3.7424000e+05   1.5502930e+01
   3.7429400e+05   1.9470215e+01
   3.7498500e+05   1.7761230e+01
   3.7500800e+05   1.8432617e+01
   3.7563400e+05   1.8310547e+01
   3.8380600e+05   1.6479492e+01
   3.8508500e+05   2.3620605e+01
   3.8510700e+05   1.5380859e+01
   3.8535600e+05   1.6662598e+01
   3.8539000e+05   1.7761230e+01
   3.8546400e+05   1.7272949e+01
   3.8550600e+05   1.5747070e+01
   3.8552500e+05   1.9653320e+01
   3.8555200e+05   1.5869141e+01
   3.8568700e+05   1.5930176e+01
   3.8570100e+05   1.6235352e+01
   3.8572400e+05   1.8249512e+01
   3.8575200e+05   1.8493652e+01
   3.8577100e+05   2.0935059e+01
   3.8587900e+05   1.7211914e+01
   3.8592400e+05   1.7700195e+01
   3.8600200e+05   1.6357422e+01
   3.8608700e+05   1.6601562e+01
   3.8620100e+05   1.5563965e+01
   3.8624400e+05   1.7089844e+01
   3.8629800e+05   1.6662598e+01
   3.8636000e+05   1.8066406e+01
   3.8669300e+05   1.5441895e+01
   3.8677200e+05   1.7517090e+01
   3.8679300e+05   1.7578125e+01
   3.8701200e+05   1.7272949e+01
   3.8704800e+05   1.5991211e+01
   3.8707000e+05   1.7028809e+01
   3.8717200e+05   1.6967773e+01
   3.9137400e+05   1.9104004e+01
   3.9240900e+05   1.6845703e+01
   3.9418900e+05   1.8676758e+01
   3.9715300e+05   1.7761230e+01
   4.0048400e+05   1.7578125e+01
   4.0082400e+05   1.7517090e+01
   4.0368300e+05   1.5502930e+01
   4.0415200e+05   1.9287109e+01
   4.0529000e+05   1.6174316e+01
   4.1109500e+05   1.8066406e+01
   4.1355600e+05   1.8432617e+01
   4.1370800e+05   1.6418457e+01
   4.1383300e+05   1.6113281e+01
   4.2011100e+05   1.6601563e+01
   4.2232400e+05   1.7944336e+01
   4.2238400e+05   2.3193359e+01
   4.2239600e+05   1.6235352e+01
   4.2244100e+05   1.9897461e+01
   4.2246000e+05   1.7395020e+01
   4.2248700e+05   1.6174316e+01
   4.2250600e+05   1.6784668e+01
   4.2253100e+05   2.0202637e+01
   4.2256300e+05   1.7883301e+01
   4.2258500e+05   1.7211914e+01
   4.3783900e+05   1.7272949e+01
   4.3864700e+05   1.6418457e+01
   4.3868700e+05   1.5869141e+01
   4.3871600e+05   1.6784668e+01
   4.3873400e+05   1.6845703e+01
   4.3884200e+05   2.0690918e+01
   4.3888300e+05   1.7150879e+01
   4.3890500e+05   1.7028809e+01
   4.3892300e+05   1.5502930e+01
   4.3895200e+05   1.8981934e+01
   4.3899200e+05   1.7089844e+01
   4.3915100e+05   1.8188477e+01
   4.3938900e+05   1.8005371e+01
   4.3944100e+05   1.9775391e+01
   4.3947300e+05   1.7883301e+01
   4.3949100e+05   1.7089844e+01
   4.3951900e+05   1.8188477e+01
   4.3955500e+05   1.5563965e+01
   4.3983700e+05   1.5686035e+01
   4.3985900e+05   1.6052246e+01
   4.3987900e+05   1.6113281e+01
   4.3991200e+05   1.5563965e+01
   4.4010000e+05   1.5930176e+01
   4.4015000e+05   1.6052246e+01
   4.4019500e+05   1.9714355e+01
   4.4033800e+05   1.6235352e+01
   4.4035800e+05   1.6296387e+01
   4.4041400e+05   1.6174316e+01
   4.4047900e+05   1.6723633e+01
   4.4098800e+05   1.8005371e+01
   4.4151200e+05   1.7944336e+01
   4.4158500e+05   1.6418457e+01
   4.4161600e+05   1.9165039e+01
   4.4210400e+05   1.7333984e+01
   4.4249900e+05   1.8127441e+01
   4.4546200e+05   1.8920898e+01
   4.4609900e+05   1.5930176e+01
   4.4721200e+05   1.6723633e+01
   4.4817900e+05   1.9653320e+01
   4.5097300e+05   1.5930176e+01
   4.5125300e+05   1.6357422e+01
   4.5578800e+05   2.0324707e+01
   4.5656300e+05   1.5808105e+01
   4.5762000e+05   1.5991211e+01
   4.6555700e+05   1.9531250e+01
   4.6613400e+05   1.9104004e+01
   4.7157700e+05   1.5991211e+01
   4.7167800e+05   1.7517090e+01
   4.7174500e+05   1.6479492e+01
   4.7176800e+05   1.6418457e+01
   4.7179000e+05   1.8859863e+01
   4.7181200e+05   1.7700195e+01
   4.7189600e+05   1.5930176e+01
   4.7191600e+05   1.7150879e+01
   4.7194100e+05   1.6357422e+01
   4.7196200e+05   1.8798828e+01
   4.7198300e+05   1.5502930e+01
   4.7220300e+05   1.5869141e+01
   4.7661800e+05   1.5869141e+01
   4.8446500e+05   1.9775391e+01
   4.8613400e+05   1.5808105e+01
   4.9474800e+05   1.7639160e+01
   4.9538500e+05   1.5686035e+01
   4.9624300e+05   3.0151367e+01
   4.9629000e+05   2.4719238e+01
   4.9632700e+05   1.9531250e+01
   4.9638700e+05   2.0019531e+01
   4.9651800e+05   2.0812988e+01
   4.9729700e+05   1.8066406e+01
   4.9733500e+05   1.9287109e+01
   5.0891200e+05   1.5686035e+01
   5.0905100e+05   1.6540527e+01
   5.1646000e+05   1.7272949e+01
   5.1823100e+05   1.7089844e+01
   5.2350300e+05   1.6418457e+01
   5.2354800e+05   1.6906738e+01
   5.2356900e+05   1.6174316e+01
   5.2358900e+05   1.8493652e+01
   5.2364200e+05   1.7395020e+01
   5.2366900e+05   1.7517090e+01
   5.2369100e+05   1.5380859e+01
   5.2454400e+05   1.9531250e+01
   5.2470000e+05   1.6052246e+01
   5.2476500e+05   2.0935059e+01
   5.2498300e+05   1.5991211e+01
   5.2505900e+05   2.1911621e+01
   5.2508700e+05   1.9470215e+01
   5.2536900e+05   1.8615723e+01
   5.2557300e+05   1.5991211e+01
   5.2561900e+05   1.6784668e+01
   5.2564900e+05   1.5991211e+01
   5.2605700e+05   1.7089844e+01
   5.2610500e+05   1.5991211e+01
   5.2637800e+05   1.5441895e+01
   5.2644800e+05   1.6052246e+01
   5.2715800e+05   1.6540527e+01
   5.2725300e+05   1.8554688e+01
   5.2758700e+05   1.7333984e+01
   5.2786500e+05   1.8615723e+01
   5.2904900e+05   3.0090332e+01
   5.3143800e+05   1.8005371e+01
   5.3261000e+05   1.6479492e+01
   5.3273300e+05   1.8188477e+01
   5.3276800e+05   1.9104004e+01
   5.3279400e+05   1.7395020e+01
   5.3281300e+05   1.6357422e+01
   5.3283900e+05   1.5625000e+01
   5.3329500e+05   1.7761230e+01
   5.3336000e+05   1.8432617e+01
   5.3369000e+05   1.8127441e+01
   5.3382900e+05   1.6540527e+01
   5.3384800e+05   1.5441895e+01
   5.3387100e+05   1.7883301e+01
   5.3390000e+05   1.6479492e+01
   5.3407500e+05   1.8005371e+01
   5.3411600e+05   1.9531250e+01
   5.3414100e+05   1.6174316e+01
   5.3416400e+05   1.8005371e+01
   5.3446100e+05   1.5441895e+01
   5.3453100e+05   1.5441895e+01
   5.3456100e+05   1.5747070e+01
   5.3470500e+05   1.5380859e+01
   5.3472900e+05   1.9104004e+01
   5.3498200e+05   1.5563965e+01
   5.3502000e+05   1.7211914e+01
   5.3507000e+05   2.1118164e+01
   5.3524500e+05   1.6967773e+01
   5.3529600e+05   1.9531250e+01
   5.3706300e+05   1.5808105e+01
   5.3723600e+05   1.6479492e+01
   5.4099000e+05   1.7028809e+01
   5.4232800e+05   1.6845703e+01
   5.4457600e+05   1.6052246e+01
   5.4742100e+05   1.7150879e+01
   5.4781500e+05   1.6174316e+01
   5.4803600e+05   1.6601562e+01
   5.4807900e+05   1.9470215e+01
   5.4810900e+05   1.8249512e+01
   5.4815800e+05   1.5502930e+01
   5.4818100e+05   1.7211914e+01
   5.4820000e+05   1.5502930e+01
   5.4823100e+05   1.6845703e+01
   5.4879700e+05   1.6906738e+01
   5.4882500e+05   1.9470215e+01
   5.4897900e+05   1.6113281e+01
   5.5201500e+05   1.5747070e+01
   5.5317800e+05   1.6540527e+01
   5.5781800e+05   1.8188477e+01
   5.6074300e+05   1.5441895e+01
   5.6081700e+05   2.0935059e+01
   5.6084000e+05   1.5502930e+01
   5.6094100e+05   1.5563965e+01
   5.6097100e+05   1.6113281e+01
   5.6099700e+05   1.6967773e+01
   5.6102400e+05   1.8798828e+01
   5.6105400e+05   1.5747070e+01
   5.6108900e+05   1.9165039e+01
   5.6112000e+05   1.7822266e+01
   5.6134100e+05   1.6113281e+01
   5.6141200e+05   1.6723633e+01
   5.6155400e+05   1.5869141e+01
   5.6158400e+05   1.7150879e+01
   5.6166100e+05   1.7333984e+01
   5.6195700e+05   1.8554688e+01
   5.6197500e+05   1.6479492e+01
   5.6199900e+05   1.7883301e+01
   5.6222300e+05   1.5380859e+01
   5.6224700e+05   1.8127441e+01
   5.6230000e+05   1.9042969e+01
   5.6232700e+05   1.6662598e+01
   5.6235500e+05   1.5930176e+01
   5.6283100e+05   1.5563965e+01
   5.6346100e+05   1.6479492e+01
   5.6482800e+05   1.5869141e+01
   5.6494900e+05   1.5991211e+01
   5.6503900e+05   1.7028809e+01
   5.6514200e+05   1.9531250e+01
   5.6549700e+05   1.7028809e+01
   5.6579300e+05   1.7211914e+01
   5.6598300e+05   1.6540527e+01
   5.6601100e+05   1.6784668e+01
   5.6843000e+05   1.7822266e+01
   5.6894800e+05   1.5686035e+01
   5.6901900e+05   1.6418457e+01
   5.6904300e+05   1.8615723e+01
   5.6912900e+05   1.7150879e+01
   5.7097800e+05   1.7272949e+01
   5.7235600e+05   1.6174316e+01
   5.7301600e+05   1.7150879e+01
   5.7527300e+05   1.6784668e+01
   5.7623300e+05   1.5991211e+01
   5.7642300e+05   1.9836426e+01
   5.7694000e+05   1.6723633e+01
   5.7733400e+05   1.6113281e+01
   5.7826300e+05   1.5991211e+01
   5.7945500e+05   1.5991211e+01
   5.8080400e+05   1.6540527e+01
   5.8357900e+05   1.6113281e+01
   5.8473100e+05   1.5686035e+01
   5.8503500e+05   1.7211914e+01
   5.8515100e+05   1.5808105e+01
   5.8517200e+05   1.7883301e+01
   5.8520400e+05   1.5563965e+01
   5.8556600e+05   1.8005371e+01
   5.8558900e+05   1.7150879e+01
   5.8595300e+05   1.5686035e+01
   5.8602400e+05   1.6601562e+01
   5.8604700e+05   1.6906738e+01
   5.8610500e+05   1.9958496e+01
   5.8640100e+05   1.9409180e+01
   5.8644000e+05   1.5869141e+01
   5.8646700e+05   1.5930176e+01
   5.8649700e+05   1.5991211e+01
   5.8691000e+05   1.9775391e+01
   5.9069500e+05   1.8798828e+01
   5.9365200e+05   1.7333984e+01
   5.9556100e+05   1.5869141e+01
   5.9646200e+05   1.5747070e+01
   5.9724400e+05   1.5869141e+01
   5.9781400e+05   1.8493652e+01
   5.9857900e+05   1.6052246e+01
   5.9955500e+05   1.7700195e+01
   6.0035300e+05   1.8005371e+01
   6.0048200e+05   1.5747070e+01
   6.0144800e+05   1.6235352e+01
   6.0202800e+05   1.5441895e+01
   6.0297300e+05   1.7456055e+01
   6.0570000e+05   1.7272949e+01
   6.1410600e+05   1.5502930e+01
   6.1422000e+05   2.0629883e+01
   6.1423000e+05   2.5756836e+01
   6.1500200e+05   1.6662598e+01
   6.1502700e+05   1.8432617e+01
   6.1506800e+05   1.5502930e+01
   6.1533300e+05   1.6540527e+01
   6.1564100e+05   1.6418457e+01
   6.1587200e+05   1.8676758e+01
   6.1649200e+05   1.5502930e+01
   6.1656500e+05   1.9042969e+01
   6.1662000e+05   1.7150879e+01
   6.1698400e+05   1.5991211e+01
   6.1759800e+05   1.6174316e+01
   6.1876200e+05   1.7211914e+01
   6.2045300e+05   1.6967773e+01
   6.2134500e+05   1.7700195e+01
   6.2204900e+05   1.8371582e+01
   6.2231000e+05   1.6113281e+01
   6.2338100e+05   1.8920898e+01
   6.3195600e+05   1.7700195e+01
   6.3283300e+05   1.5686035e+01
   6.3286500e+05   1.5625000e+01
   6.3484300e+05   2.0385742e+01
   6.3604700e+05   1.7089844e+01
   6.3607000e+05   2.1301270e+01
   6.3610400e+05   1.7761230e+01
   6.3614300e+05   1.5380859e+01
   6.3619700e+05   1.6845703e+01
   6.3622400e+05   2.2399902e+01
   6.3846600e+05   1.6296387e+01
   6.3850800e+05   1.8920898e+01
   6.4033600e+05   1.7517090e+01
   6.4036700e+05   2.4841309e+01
   6.6907100e+05   1.5930176e+01
   6.6934500e+05   1.7700195e+01
   6.6936900e+05   1.5991211e+01
   6.6942600e+05   1.6601562e+01
   6.6944700e+05   1.6845703e+01
   6.6961800e+05   1.5563965e+01
   6.6982600e+05   1.7456055e+01
   6.6986000e+05   2.0385742e+01
   6.7000300e+05   1.5808105e+01
   6.8293500e+05   1.7517090e+01
   6.8336800e+05   1.7517090e+01
   6.8359500e+05   1.5747070e+01
   6.8392600e+05   1.6418457e+01
   6.8462500e+05   1.5563965e+01
   6.8512700e+05   1.6540527e+01
   6.8577900e+05   1.8920898e+01
   6.8613400e+05   1.6235352e+01
   6.8669100e+05   1.8066406e+01
   6.8713900e+05   1.5869141e+01
   6.8752000e+05   1.6845703e+01
   6.8822800e+05   1.6784668e+01
   6.9144300e+05   1.7089844e+01
   6.9153000e+05   1.6235352e+01
   7.0235500e+05   1.7883301e+01
   7.0691100e+05   1.8310547e+01
   7.0829500e+05   1.6540527e+01
   7.0961000e+05   1.6906738e+01
   7.1800700e+05   1.5441895e+01
   7.1808400e+05   1.5808105e+01
   7.1811100e+05   1.8127441e+01
   7.2383200e+05   1.6357422e+01
   7.2909300e+05   1.6723633e+01
   7.2921800e+05   1.6845703e+01
   7.2945600e+05   1.7211914e+01
   7.2948300e+05   1.6113281e+01
   7.3897000e+05   1.6174316e+01
   7.3923200e+05   1.9165039e+01
   7.3957600e+05   1.6113281e+01
   7.3967300e+05   1.7639160e+01
   7.3970600e+05   2.2888184e+01
   7.4569400e+05   1.6296387e+01
   7.5629500e+05   1.5991211e+01
   7.5857700e+05   1.5930176e+01
   7.6935900e+05   1.9104004e+01
   7.7101300e+05   1.7578125e+01
   7.7151700e+05   1.5380859e+01
   7.7332100e+05   1.5747070e+01
   7.7409200e+05   1.6235352e+01
   7.7471000e+05   1.7150879e+01
   7.7534000e+05   1.6845703e+01
   7.7941500e+05   1.5991211e+01
   7.8578700e+05   1.7822266e+01
   7.8613900e+05   2.0629883e+01
   7.8615800e+05   1.6845703e+01
   7.8620700e+05   1.5563965e+01
   7.8624800e+05   2.3864746e+01
   7.8629500e+05   1.7517090e+01
   7.8630700e+05   1.6113281e+01
   7.8633800e+05   1.7944336e+01
   7.8638600e+05   1.5686035e+01
   7.8640800e+05   1.6540527e+01
   7.8642900e+05   2.1057129e+01
   7.8646500e+05   1.8920898e+01
   7.8652100e+05   1.6296387e+01
   7.8654300e+05   1.7456055e+01
   7.8659700e+05   1.7089844e+01
   7.8662200e+05   1.7028809e+01
   7.8666300e+05   2.1057129e+01
   7.8680200e+05   1.9287109e+01
   7.8682300e+05   1.7578125e+01
   7.8684800e+05   1.5563965e+01
   7.8687300e+05   2.1301270e+01
   7.8689700e+05   1.6601563e+01
   7.8695200e+05   1.8615723e+01
   7.8697100e+05   1.6845703e+01
   7.8699000e+05   1.7639160e+01
   7.8702100e+05   1.7517090e+01
   7.8718000e+05   1.6601562e+01
   7.8719900e+05   1.8493652e+01
   7.8738500e+05   1.6601563e+01
   7.8741400e+05   1.6906738e+01
   7.8744800e+05   1.6052246e+01
   7.8783500e+05   1.7028809e+01
   7.8786700e+05   2.0080566e+01
   7.8789600e+05   1.5563965e+01
   7.9117000e+05   1.5441895e+01
   7.9240300e+05   1.7089844e+01
   7.9467400e+05   1.7028809e+01
   7.9889200e+05   1.6479492e+01
   7.9974300e+05   1.5686035e+01
   8.0190600e+05   1.7089844e+01
   8.0296900e+05   1.5930176e+01
   8.0480500e+05   1.7639160e+01
   8.0578200e+05   2.0141602e+01
   8.0676600e+05   1.7700195e+01
   8.0749900e+05   1.5808105e+01
   8.0985100e+05   1.7211914e+01
   8.1347400e+05   1.5563965e+01
   8.1399300e+05   1.6967773e+01
   8.1466200e+05   1.7333984e+01
   8.1567400e+05   1.7395020e+01
   8.1769900e+05   1.5930176e+01
   8.1932400e+05   1.7211914e+01
   8.1944300e+05   2.0263672e+01
   8.1955300e+05   1.6296387e+01
   8.1960500e+05   2.2338867e+01
   8.1965700e+05   2.0202637e+01
   8.1971900e+05   1.6784668e+01
   8.1974600e+05   1.6601563e+01
   8.1984700e+05   1.5380859e+01
   8.1987600e+05   2.0751953e+01
   8.1994000e+05   1.8676758e+01
   8.2024600e+05   1.7700195e+01
   8.2028200e+05   1.7944336e+01
   8.2030500e+05   1.5747070e+01
   8.2035100e+05   1.5747070e+01
   8.2036900e+05   1.6418457e+01
   8.2039000e+05   1.8127441e+01
   8.2300200e+05   1.8554688e+01
   8.2310900e+05   1.6906738e+01
   8.2410200e+05   1.5686035e+01
   8.2593300e+05   1.5441895e+01
   8.2969500e+05   1.6174316e+01
   8.3409200e+05   1.8920898e+01
   8.3811000e+05   1.8005371e+01
   8.4238400e+05   1.7639160e+01
   8.4509800e+05   1.5625000e+01
   8.4519200e+05   1.6906738e+01
   8.4521500e+05   1.7211914e+01
   8.4523800e+05   1.7761230e+01
   8.4527200e+05   1.6906738e+01
   8.4582900e+05   1.6174316e+01
   8.4592300e+05   1.5747070e+01
   8.5357300e+05   1.6052246e+01
   8.5365400e+05   1.7089844e+01
   8.5374400e+05   1.6479492e+01
   8.5380400e+05   1.5625000e+01
   8.5401000e+05   2.1484375e+01
   8.5404300e+05   1.8249512e+01
   8.5431500e+05   1.5441895e+01
   8.5436300e+05   1.8127441e+01
   8.5613100e+05   1.5686035e+01
   8.5938900e+05   1.8554688e+01
   8.6083300e+05   1.5808105e+01
   8.6303800e+05   1.5441895e+01
   8.6335700e+05   1.9348145e+01
   8.6350600e+05   1.5563965e+01
   8.6361300e+05   1.8615723e+01
   8.6382100e+05   1.8920898e+01
   8.6384400e+05   1.7089844e+01
   8.6387100e+05   1.6052246e+01
   8.6396500e+05   1.9958496e+01
   8.6398800e+05   1.5380859e+01
   8.6402700e+05   1.6723633e+01
   8.6407400e+05   1.9653320e+01
   8.7235800e+05   1.6052246e+01
   8.7321800e+05   1.7211914e+01
   8.7491900e+05   1.6174316e+01
   8.7748800e+05   1.7272949e+01
   8.8097400e+05   1.6967773e+01
   8.8533300e+05   1.6540527e+01
   8.9280200e+05   1.7089844e+01
   8.9369200e+05   1.6052246e+01
   8.9417900e+05   1.5869141e+01
   8.9553700e+05   2.0080566e+01
   9.0141000e+05   1.6418457e+01
   9.0669500e+05   1.5563965e+01
   9.0682300e+05   2.2277832e+01
   9.0685700e+05   1.8066406e+01
   9.0689000e+05   1.6845703e+01
   9.0710300e+05   1.5686035e+01
   9.0714000e+05   1.8310547e+01
   9.0716600e+05   1.8371582e+01
   9.0719000e+05   1.9714355e+01
   9.0721600e+05   1.7639160e+01
   9.0892700e+05   1.7822266e+01
   9.1028300e+05   1.9226074e+01
   9.1247100e+05   1.5625000e+01
   9.1492600e+05   1.5747070e+01
   9.1706100e+05   1.8127441e+01
   9.1713600e+05   1.6235352e+01
   9.1716000e+05   1.9409180e+01
   9.1722400e+05   1.5930176e+01
   9.1726500e+05   2.0629883e+01
   9.1728400e+05   1.8676758e+01
   9.1732400e+05   1.5625000e+01
   9.1739300e+05   1.8859863e+01
   9.1747000e+05   1.5380859e+01
   9.1750000e+05   1.9104004e+01
   9.1757100e+05   1.7333984e+01
   9.1762700e+05   2.2338867e+01
   9.1782000e+05   1.6784668e+01
   9.1786500e+05   1.6296387e+01
   9.1789300e+05   1.5747070e+01
   9.1795400e+05   1.5869141e+01
   9.1803500e+05   1.8127441e+01
   9.1826300e+05   1.6662598e+01
   9.1830800e+05   1.6906738e+01
   9.1835100e+05   1.9165039e+01
   9.1842600e+05   1.8249512e+01
   9.2150500e+05   1.5808105e+01
   9.2254100e+05   1.5686035e+01
   9.2474500e+05   1.7456055e+01
   9.2565500e+05   1.5441895e+01
   9.2655000e+05   1.7700195e+01
   9.2907200e+05   1.5747070e+01
   9.2997900e+05   1.8859863e+01
   9.3002500e+05   1.8249512e+01
   9.3006400e+05   1.5441895e+01
   9.3008600e+05   1.6235352e+01
   9.3011100e+05   1.7272949e+01
   9.3013600e+05   1.5747070e+01
   9.3070000e+05   1.5869141e+01
   9.3073400e+05   1.6235352e+01
   9.3076100e+05   1.9348145e+01
   9.3201400e+05   1.7639160e+01
   9.3349700e+05   1.5563965e+01
   9.3459900e+05   1.9775391e+01
   9.3658600e+05   1.6235352e+01
   9.4001300e+05   1.5991211e+01
   9.4415400e+05   1.9653320e+01
   9.4456400e+05   1.6540527e+01
   9.4459900e+05   1.6174316e+01
   9.4462400e+05   1.7028809e+01
   9.4464900e+05   1.5930176e+01
   9.4466900e+05   1.6601563e+01
   9.4469500e+05   1.7150879e+01
   9.4551600e+05   1.6662598e+01
   9.4574400e+05   1.8310547e+01
   9.4586700e+05   1.7089844e+01
   9.4591200e+05   1.6174316e+01
   9.4596300e+05   1.6418457e+01
   9.4664200e+05   2.2399902e+01
   9.4840000e+05   1.6296387e+01
   9.5080500e+05   1.5869141e+01
   9.5111900e+05   1.7578125e+01
   9.5325600e+05   1.7272949e+01
   9.5378700e+05   1.8737793e+01
   9.5461200e+05   1.5625000e+01
   9.5466300e+05   1.6479492e+01
   9.5468600e+05   1.6235352e+01
   9.5472800e+05   3.1738281e+01
   9.5475200e+05   1.5625000e+01
   9.5482300e+05   1.5380859e+01
   9.5484300e+05   1.5563965e+01
   9.5489800e+05   1.6052246e+01
   9.5500200e+05   1.6418457e+01
   9.5502200e+05   1.5502930e+01
   9.5505500e+05   1.9042969e+01
   9.5509100e+05   1.5502930e+01
   9.5511300e+05   2.1667480e+01
   9.5513300e+05   1.7333984e+01
   9.5541800e+05   1.7517090e+01
   9.5548800e+05   1.7822266e+01
   9.5553100e+05   1.5686035e+01
   9.5555400e+05   1.6784668e+01
   9.5558000e+05   1.8615723e+01
   9.5562500e+05   1.8493652e+01
   9.5580800e+05   1.6601562e+01
   9.5582700e+05   1.6601562e+01
   9.5587300e+05   1.6784668e+01
   9.5598200e+05   1.9287109e+01
   9.5600200e+05   1.8371582e+01
   9.5967900e+05   1.6540527e+01
   9.6074100e+05   1.6174316e+01
   9.6133500e+05   1.7395020e+01
   9.6236000e+05   1.6357422e+01
   9.6346300e+05   1.6479492e+01
   9.6459400e+05   1.6052246e+01
   9.6538700e+05   1.7089844e+01
   9.6621300e+05   1.9836426e+01
   9.6716000e+05   1.6296387e+01
   9.6846900e+05   1.6418457e+01
   9.6907900e+05   1.6174316e+01
   9.6990500e+05   1.5991211e+01
   9.7064900e+05   1.6479492e+01
   9.7303600e+05   1.7028809e+01
   9.7555100e+05   1.7944336e+01
   9.7620700e+05   1.6174316e+01
   9.7682300e+05   1.6357422e+01
   9.7996700e+05   1.5441895e+01
   9.8354500e+05   2.0996094e+01
   9.8496400e+05   3.0090332e+01
   9.9530100e+05   1.6113281e+01
   9.9624300e+05   1.7272949e+01
   1.0036290e+06   1.6418457e+01
   1.0070400e+06   1.5563965e+01
   1.0071100e+06   1.5808105e+01
   1.0071440e+06   1.7333984e+01
   1.0071680e+06   1.5869141e+01
   1.0072130e+06   1.5869141e+01
   1.0072400e+06   1.5930176e+01
   1.0075510e+06   1.6235352e+01
   1.0075970e+06   1.7089844e+01
   1.0076460e+06   1.6906738e+01
   1.0076780e+06   1.6174316e+01
   1.0077000e+06   1.5563965e+01
   1.0077520e+06   1.6723633e+01
   1.0077930e+06   1.9836426e+01
   1.0078380e+06   1.5991211e+01
   1.0083230e+06   1.8798828e+01
   1.0083890e+06   1.9409180e+01
   1.0084400e+06   1.6845703e+01
   1.0084730e+06   1.7395020e+01
   1.0085210e+06   2.0202637e+01
   1.0085900e+06   1.7517090e+01
   1.0086940e+06   1.6662598e+01
   1.0088830e+06   1.5563965e+01
   1.0089670e+06   1.5563965e+01
   1.0090300e+06   1.7822266e+01
   1.0090500e+06   1.8066406e+01
   1.0090820e+06   1.8676758e+01
   1.0091610e+06   1.9287109e+01
   1.0091870e+06   1.5441895e+01
   1.0092110e+06   1.6174316e+01
   1.0092590e+06   1.7211914e+01
   1.0096880e+06   1.5747070e+01
   1.0097530e+06   1.5930176e+01
   1.0098170e+06   2.0385742e+01
   1.0098410e+06   1.5625000e+01
   1.0101430e+06   1.6357422e+01
   1.0101810e+06   1.7211914e+01
   1.0159920e+06   1.6235352e+01
   1.0167900e+06   1.5502930e+01
   1.0176160e+06   1.7517090e+01
   1.0184170e+06   1.6967773e+01
   1.0195850e+06   1.5686035e+01
   1.0202720e+06   1.6235352e+01
   1.0212940e+06   1.8676758e+01
   1.0245430e+06   1.7578125e+01
   1.0292290e+06   1.9226074e+01
   1.0303360e+06   1.6723633e+01
   1.0311370e+06   1.7211914e+01
   1.0317710e+06   1.5380859e+01
   1.0323400e+06   1.6235352e+01
   1.0351300e+06   1.6967773e+01
   1.0355230e+06   1.8554688e+01
   1.0355760e+06   1.9226074e+01
   1.0355990e+06   1.5502930e+01
   1.0356220e+06   1.6052246e+01
   1.0359800e+06   1.6845703e+01
   1.0401000e+06   1.5991211e+01
   1.0408610e+06   1.6723633e+01
   1.0427380e+06   1.8920898e+01
   1.0428360e+06   1.5869141e+01
   1.0428990e+06   1.5441895e+01
   1.0469330e+06   1.5441895e+01
   1.0515970e+06   1.6357422e+01
   1.0564340e+06   1.5625000e+01
   1.0596380e+06   1.8371582e+01
   1.0596840e+06   1.7395020e+01
   1.0597300e+06   2.0385742e+01
   1.0597480e+06   1.7944336e+01
   1.0597960e+06   2.3620605e+01
   1.0599270e+06   3.2104492e+01
   1.0599820e+06   1.8981934e+01
   1.0600020e+06   2.0568848e+01
   1.0600430e+06   1.6113281e+01
   1.0600750e+06   1.8127441e+01
   1.0601040e+06   1.7883301e+01
   1.0602460e+06   1.9836426e+01
   1.0602690e+06   1.6845703e+01
   1.0604480e+06   1.7150879e+01
   1.0604710e+06   1.5625000e+01
   1.0605190e+06   1.6357422e+01
   1.0605650e+06   1.6601562e+01
   1.0605900e+06   1.5869141e+01
   1.0607760e+06   1.9836426e+01
   1.0608110e+06   1.7456055e+01
   1.0655780e+06   1.5380859e+01
   1.0697830e+06   1.6418457e+01
   1.0731340e+06   1.5625000e+01
   1.0750430e+06   1.7517090e+01
   1.0753280e+06   2.3803711e+01
   1.0753870e+06   2.9113770e+01
   1.0755130e+06   1.6235352e+01
   1.0763920e+06   1.6906738e+01
   1.0764270e+06   1.8432617e+01
   1.0764700e+06   1.5380859e+01
   1.0764960e+06   1.8737793e+01
   1.0765180e+06   1.5625000e+01
   1.0765400e+06   1.6906738e+01
   1.0768600e+06   2.0385742e+01
   1.0778750e+06   1.6540527e+01
   1.0787250e+06   1.5625000e+01
   1.0816790e+06   1.5747070e+01
   1.0825260e+06   1.9287109e+01
   1.0836500e+06   1.7333984e+01
   1.0836760e+06   1.6113281e+01
   1.0836960e+06   1.6540527e+01
   1.0838730e+06   1.9531250e+01
   1.0838960e+06   1.9348145e+01
   1.0839230e+06   1.7822266e+01
   1.0853790e+06   1.6174316e+01
   1.0872820e+06   1.5930176e+01
   1.0885670e+06   1.6784668e+01
   1.0911350e+06   1.6784668e+01
   1.0930100e+06   1.6418457e+01
   1.0955240e+06   1.7456055e+01
   1.0964920e+06   2.4902344e+01
   1.0965800e+06   2.6062012e+01
   1.0966220e+06   2.0568848e+01
   1.0966640e+06   1.6052246e+01
   1.0972300e+06   1.9226074e+01
   1.0977100e+06   1.7395020e+01
   1.0999210e+06   1.6296387e+01
   1.1026820e+06   2.2277832e+01
   1.1031220e+06   1.6113281e+01
   1.1032850e+06   1.8371582e+01
   1.1033980e+06   1.5625000e+01
   1.1042690e+06   1.5869141e+01
   1.1043000e+06   1.9531250e+01
   1.1052390e+06   1.6662598e+01
   1.1055520e+06   1.6113281e+01
   1.1087740e+06   1.7028809e+01
   1.1089010e+06   1.5625000e+01
   1.1090160e+06   1.5380859e+01
   1.1090380e+06   1.6845703e+01
   1.1094330e+06   1.5441895e+01
   1.1096640e+06   1.8554688e+01
   1.1123120e+06   1.7028809e+01
   1.1127420e+06   1.6601563e+01
   1.1233690e+06   1.7089844e+01
   1.1314920e+06   1.5991211e+01
   1.1349100e+06   1.8676758e+01
   1.1353390e+06   1.6296387e+01
   1.1353640e+06   1.6601563e+01
   1.1353860e+06   2.0568848e+01
   1.1354950e+06   1.5380859e+01
   1.1355760e+06   1.7395020e+01
   1.1357450e+06   1.6906738e+01
   1.1360330e+06   1.6906738e+01
   1.1360760e+06   1.9775391e+01
   1.1362930e+06   1.6296387e+01
   1.1363400e+06   1.8371582e+01
   1.1385990e+06   1.5563965e+01
   1.1388870e+06   2.1911621e+01
   1.1389190e+06   1.7822266e+01
   1.1390010e+06   1.7150879e+01
   1.1390240e+06   1.6784668e+01
   1.1390530e+06   1.8005371e+01
   1.1393970e+06   2.4658203e+01
   1.1447630e+06   1.9958496e+01
   1.1488280e+06   2.5695801e+01
   1.1492810e+06   1.6357422e+01
   1.1516190e+06   1.7639160e+01
   1.1523160e+06   1.7150879e+01
   1.1529260e+06   1.8188477e+01
   1.1538380e+06   1.6601562e+01
   1.1547650e+06   1.6052246e+01
   1.1612480e+06   1.7272949e+01
   1.1612820e+06   1.6967773e+01
   1.1613390e+06   2.0080566e+01
   1.1613610e+06   1.7761230e+01
   1.1613820e+06   1.5563965e+01
   1.1614120e+06   1.7700195e+01
   1.1614570e+06   1.5808105e+01
   1.1614780e+06   1.6723633e+01
   1.1615640e+06   1.5502930e+01
   1.1615920e+06   2.2949219e+01
   1.1616430e+06   1.5563965e+01
   1.1619500e+06   1.7639160e+01
   1.1619890e+06   1.6296387e+01
   1.1620110e+06   1.5563965e+01
   1.1621240e+06   1.5563965e+01
   1.1621640e+06   1.9226074e+01
   1.1621840e+06   1.5441895e+01
   1.1624560e+06   1.5747070e+01
   1.1625450e+06   1.7089844e+01
   1.1627330e+06   1.8859863e+01
   1.1627790e+06   1.7761230e+01
   1.1627990e+06   1.6235352e+01
   1.1676510e+06   1.5441895e+01
   1.1682170e+06   1.7272949e+01
   1.1686410e+06   1.6662598e+01
   1.1695510e+06   1.5563965e+01
   1.1726880e+06   1.5930176e+01
   1.1738570e+06   1.5869141e+01
   1.1771610e+06   1.7456055e+01
   1.1798600e+06   1.8554688e+01
   1.1800300e+06   1.8127441e+01
   1.1805710e+06   1.7150879e+01
   1.1806650e+06   1.6723633e+01
   1.1894320e+06   1.6052246e+01
   1.1917950e+06   1.5991211e+01
   1.1930830e+06   1.5686035e+01
   1.1931610e+06   1.5502930e+01
   1.1931940e+06   1.6601562e+01
   1.1934240e+06   1.5625000e+01
   1.1938700e+06   1.5563965e+01
   1.1949200e+06   1.7395020e+01
   1.1954110e+06   1.9409180e+01
   1.2016030e+06   1.8188477e+01
   1.2022470e+06   1.7761230e+01
   1.2029580e+06   1.5625000e+01
   1.2033590e+06   1.6967773e+01
   1.2034190e+06   1.6662598e+01
   1.2039900e+06   1.6845703e+01
   1.2055720e+06   1.7944336e+01
   1.2063650e+06   1.8798828e+01
   1.2069760e+06   1.5686035e+01
   1.2079910e+06   1.8066406e+01
   1.2088090e+06   1.8005371e+01
   1.2096710e+06   1.5747070e+01
   1.2119120e+06   1.7883301e+01
   1.2120040e+06   1.6418457e+01
   1.2120270e+06   1.8859863e+01
   1.2120690e+06   1.5686035e+01
   1.2171080e+06   1.7456055e+01
   1.2183320e+06   1.9409180e+01
   1.2200750e+06   1.7822266e+01
   1.2200970e+06   1.6418457e+01
   1.2201570e+06   1.6601562e+01
   1.2201760e+06   1.7395020e+01
   1.2201980e+06   1.9531250e+01
   1.2202690e+06   1.6967773e+01
   1.2204920e+06   1.8493652e+01
   1.2205480e+06   1.8432617e+01
   1.2206570e+06   1.6296387e+01
   1.2207050e+06   1.8859863e+01
   1.2207270e+06   1.7333984e+01
   1.2208420e+06   1.6418457e+01
   1.2209110e+06   1.9409180e+01
   1.2209320e+06   1.6113281e+01
   1.2209730e+06   1.6296387e+01
   1.2210570e+06   2.0507812e+01
   1.2210920e+06   1.8615723e+01
   1.2254010e+06   1.6723633e+01
   1.2276630e+06   1.5930176e+01
   1.2286260e+06   1.6540527e+01
   1.2297030e+06   1.7333984e+01
   1.2307410e+06   1.6052246e+01
   1.2335340e+06   1.7028809e+01
   1.2342860e+06   1.6113281e+01
   1.2360760e+06   1.5380859e+01
   1.2367850e+06   1.9348145e+01
   1.2371590e+06   1.5869141e+01
   1.2447760e+06   1.6174316e+01
   1.2459510e+06   1.8432617e+01
   1.2467380e+06   1.5930176e+01
   1.2599000e+06   1.7028809e+01
   1.2609840e+06   1.7333984e+01
   1.2619190e+06   1.8066406e+01
   1.2626450e+06   1.7150879e+01
   1.2627040e+06   1.9104004e+01
   1.2649460e+06   2.2644043e+01
   1.2651630e+06   1.8310547e+01
   1.2652670e+06   1.6662598e+01
   1.2653050e+06   2.1301270e+01
   1.2653350e+06   1.6052246e+01
   1.2653560e+06   1.7150879e+01
   1.2654220e+06   1.5625000e+01
   1.2654460e+06   1.6174316e+01
   1.2654660e+06   1.5380859e+01
   1.2701420e+06   1.6479492e+01
   1.2725280e+06   1.8188477e+01
   1.2725490e+06   1.9714355e+01
   1.2725890e+06   1.5625000e+01
   1.2726340e+06   1.9653320e+01
   1.2726630e+06   1.7578125e+01
   1.2728370e+06   1.7211914e+01
   1.2728590e+06   1.6479492e+01
   1.2729060e+06   1.6662598e+01
   1.2729870e+06   1.5686035e+01
   1.2730130e+06   1.6784668e+01
   1.2730240e+06   1.9653320e+01
   1.2730470e+06   1.8859863e+01
   1.2778130e+06   1.5380859e+01
   1.2808510e+06   1.7517090e+01
   1.2823030e+06   1.8859863e+01
   1.2849930e+06   1.8066406e+01
   1.2860440e+06   1.6418457e+01
   1.2885630e+06   1.6052246e+01
   1.2897070e+06   1.8249512e+01
   1.2942590e+06   1.6723633e+01
   1.2949730e+06   2.0996094e+01
   1.2950090e+06   1.9226074e+01
   1.2950550e+06   3.2348633e+01
   1.2950650e+06   1.7822266e+01
   1.2950960e+06   1.9165039e+01
   1.2951150e+06   1.6540527e+01
   1.2951410e+06   1.9409180e+01
   1.2952760e+06   1.6235352e+01
   1.2953140e+06   1.6296387e+01
   1.2954180e+06   1.6784668e+01
   1.2954350e+06   1.6967773e+01
   1.2958360e+06   2.0507812e+01
   1.2958980e+06   1.8127441e+01
   1.2965810e+06   1.5808105e+01
   1.2983590e+06   1.8554688e+01
   1.3000190e+06   1.6601563e+01
   1.3013400e+06   1.5441895e+01
   1.3029530e+06   1.5747070e+01
   1.3051080e+06   1.5380859e+01
   1.3060570e+06   1.6967773e+01
   1.3078360e+06   1.8432617e+01
   1.3093860e+06   1.8188477e+01
   1.3107400e+06   1.7761230e+01
   1.3134760e+06   1.6174316e+01
   1.3145250e+06   1.6479492e+01
   1.3182420e+06   1.8981934e+01
   1.3201800e+06   1.5686035e+01
   1.3208050e+06   1.9165039e+01
   1.3211150e+06   1.7089844e+01
   1.3211570e+06   1.6479492e+01
   1.3211890e+06   1.7089844e+01
   1.3212160e+06   1.7333984e+01
   1.3214190e+06   1.5869141e+01
   1.3214420e+06   1.7883301e+01
   1.3214640e+06   1.9897461e+01
   1.3225130e+06   1.7517090e+01
   1.3240740e+06   1.6479492e+01
   1.3248820e+06   1.8493652e+01
   1.3260720e+06   1.6418457e+01
   1.3295260e+06   1.5686035e+01
   1.3299560e+06   1.5625000e+01
   1.3309610e+06   1.5502930e+01
   1.3322940e+06   1.6174316e+01
   1.3359540e+06   1.6601562e+01
   1.3359870e+06   1.8066406e+01
   1.3360130e+06   1.5808105e+01
   1.3360330e+06   1.6479492e+01
   1.3360590e+06   1.6662598e+01
   1.3360840e+06   1.5808105e+01
   1.3361090e+06   1.5563965e+01
   1.3361350e+06   1.6906738e+01
   1.3361830e+06   1.7150879e+01
   1.3365610e+06   1.6540527e+01
   1.3369210e+06   1.6845703e+01
   1.3386960e+06   1.7700195e+01
   1.3394690e+06   1.6296387e+01
   1.3397870e+06   1.5686035e+01
   1.3399520e+06   1.6357422e+01
   1.3405970e+06   1.9348145e+01
   1.3409210e+06   1.6723633e+01
   1.3424300e+06   1.6723633e+01
   1.3429660e+06   1.6174316e+01
   1.3438540e+06   1.6113281e+01
   1.3460850e+06   2.0935059e+01
   1.3461270e+06   1.9592285e+01
   1.3461470e+06   1.8798828e+01
   1.3461680e+06   1.8859863e+01
   1.3462110e+06   2.1423340e+01
   1.3462350e+06   1.8554688e+01
   1.3462630e+06   1.8920898e+01
   1.3463220e+06   1.7395020e+01
   1.3463770e+06   1.7028809e+01
   1.3464160e+06   1.5380859e+01
   1.3508460e+06   2.1301270e+01
   1.3523350e+06   1.6418457e+01
   1.3537550e+06   1.7822266e+01
   1.3546760e+06   1.7639160e+01
   1.3558000e+06   1.9409180e+01
   1.3563250e+06   1.5502930e+01
   1.3573280e+06   1.7395020e+01
   1.3588080e+06   1.8066406e+01
   1.3629100e+06   2.2460938e+01
   1.3630010e+06   1.9042969e+01
   1.3630820e+06   1.7578125e+01
   1.3631500e+06   2.0324707e+01
   1.3632560e+06   1.6906738e+01
   1.3634320e+06   1.5686035e+01
   1.3687990e+06   1.5380859e+01
   1.3726420e+06   1.7089844e+01
   1.3783350e+06   2.1850586e+01
   1.3791040e+06   1.8798828e+01
   1.3804950e+06   1.5625000e+01
   1.3823700e+06   1.6113281e+01
   1.3928170e+06   1.9714355e+01
   1.3957850e+06   1.6296387e+01
   1.3969170e+06   2.1240234e+01
   1.3969680e+06   1.6235352e+01
   1.3970130e+06   2.1240234e+01
   1.3970580e+06   2.0751953e+01
   1.3971160e+06   1.5563965e+01
   1.3972610e+06   1.6479492e+01
   1.4036640e+06   1.5625000e+01
   1.4079320e+06   1.7089844e+01
   1.4100470e+06   1.5502930e+01
   1.4184800e+06   1.7089844e+01
   1.4185090e+06   1.7578125e+01
   1.4186180e+06   1.5869141e+01
   1.4186380e+06   1.5502930e+01
   1.4186560e+06   1.9165039e+01
   1.4186750e+06   1.7272949e+01
   1.4187000e+06   1.7761230e+01
   1.4187270e+06   2.5573730e+01
   1.4187640e+06   1.6052246e+01
   1.4187970e+06   1.8554688e+01
   1.4188500e+06   2.7038574e+01
   1.4188900e+06   1.6052246e+01
   1.4190050e+06   1.6662598e+01
   1.4191500e+06   1.7639160e+01
   1.4194330e+06   1.6845703e+01
   1.4194560e+06   1.7333984e+01
   1.4195760e+06   1.5930176e+01
   1.4196460e+06   2.0507812e+01
   1.4196720e+06   1.7211914e+01
   1.4201250e+06   1.6357422e+01
   1.4206610e+06   1.5930176e+01
   1.4210770e+06   1.5747070e+01
   1.4214230e+06   1.7456055e+01
   1.4214770e+06   1.7700195e+01
   1.4217980e+06   1.7944336e+01
   1.4233820e+06   1.7944336e+01
   1.4252290e+06   1.6479492e+01
   1.4276130e+06   1.8188477e+01
   1.4308190e+06   1.6845703e+01
   1.4324850e+06   1.8554688e+01
   1.4334340e+06   1.6479492e+01
   1.4349690e+06   1.6235352e+01
   1.4370750e+06   1.6418457e+01
   1.4379450e+06   2.0629883e+01
   1.4380760e+06   2.2338867e+01
   1.4381260e+06   2.0690918e+01
   1.4381490e+06   2.3803711e+01
   1.4382250e+06   1.7639160e+01
   1.4382650e+06   1.6601563e+01
   1.4417690e+06   1.6967773e+01
   1.4460950e+06   1.5808105e+01
   1.4515600e+06   1.6784668e+01
   1.4543380e+06   1.8737793e+01
   1.4599710e+06   1.6357422e+01
   1.4616480e+06   1.8615723e+01
   1.4618680e+06   2.5146484e+01
   1.4641630e+06   1.6235352e+01
   1.4662220e+06   1.5991211e+01
   1.4703230e+06   1.7700195e+01
   1.4718740e+06   1.6113281e+01
   1.4734980e+06   1.7028809e+01
   1.4735920e+06   1.5930176e+01
   1.4754970e+06   1.6723633e+01
   1.4762640e+06   1.5441895e+01
   1.4830160e+06   1.5747070e+01
   1.4837660e+06   1.5441895e+01
   1.4839090e+06   1.8554688e+01
   1.4895710e+06   1.7700195e+01
   1.4897340e+06   1.6174316e+01
   1.4897610e+06   1.6479492e+01
   1.4897810e+06   2.2888184e+01
   1.4898060e+06   2.1118164e+01
   1.4898290e+06   1.9409180e+01
   1.4898560e+06   2.0446777e+01
   1.4898920e+06   2.1423340e+01
   1.4899080e+06   1.7089844e+01
   1.4899450e+06   2.7099609e+01
   1.4900040e+06   1.9775391e+01
   1.4900500e+06   1.7639160e+01
   1.4946600e+06   1.7028809e+01
   1.5015370e+06   1.7150879e+01
   1.5069060e+06   1.6052246e+01
   1.5102470e+06   1.5441895e+01
   1.5112590e+06   1.8371582e+01
   1.5121550e+06   1.6357422e+01
   1.5127060e+06   2.0263672e+01
   1.5127700e+06   1.9531250e+01
   1.5128120e+06   1.5686035e+01
   1.5128490e+06   3.3569336e+01
   1.5129040e+06   2.0507812e+01
   1.5143930e+06   1.9042969e+01
   1.5151840e+06   1.5869141e+01
   1.5188690e+06   1.8005371e+01
   1.5261800e+06   1.6296387e+01
   1.5293540e+06   2.0202637e+01
   1.5304880e+06   1.5441895e+01
   1.5324130e+06   1.8005371e+01
   1.5332600e+06   1.5441895e+01
   1.5361560e+06   1.7150879e+01
   1.5364120e+06   1.8737793e+01
   1.5372060e+06   1.5808105e+01
   1.5377090e+06   1.8432617e+01
   1.5378460e+06   1.5625000e+01
   1.5378910e+06   1.6052246e+01
   1.5379990e+06   1.7456055e+01
   1.5380230e+06   1.6052246e+01
   1.5405240e+06   1.5380859e+01
   1.5410770e+06   1.8371582e+01
   1.5411370e+06   2.4536133e+01
   1.5411690e+06   2.1179199e+01
   1.5411940e+06   2.7038574e+01
   1.5412200e+06   2.0751953e+01
   1.5412470e+06   2.1911621e+01
   1.5413270e+06   1.8981934e+01
   1.5413970e+06   1.5991211e+01
   1.5428580e+06   1.7089844e+01
   1.5428960e+06   1.7578125e+01
   1.5429240e+06   1.5625000e+01
   1.5429540e+06   1.6967773e+01
   1.5429770e+06   1.7578125e+01
   1.5432450e+06   1.9592285e+01
   1.5432660e+06   1.6479492e+01
   1.5435090e+06   1.9470215e+01
   1.5437050e+06   1.9165039e+01
   1.5439660e+06   1.7211914e+01
   1.5440040e+06   1.7150879e+01
   1.5442410e+06   1.7333984e+01
   1.5442710e+06   1.8859863e+01
   1.5478220e+06   1.6296387e+01
   1.5487630e+06   1.7395020e+01
   1.5492200e+06   1.5869141e+01
   1.5492690e+06   1.8371582e+01
   1.5494870e+06   1.6235352e+01
   1.5495170e+06   1.8066406e+01
   1.5495460e+06   1.6418457e+01
   1.5498610e+06   2.0996094e+01
   1.5498820e+06   1.7150879e+01
   1.5499050e+06   1.8005371e+01
   1.5499330e+06   1.7517090e+01
   1.5499600e+06   2.1484375e+01
   1.5500960e+06   1.6113281e+01
   1.5503100e+06   1.5991211e+01
   1.5503360e+06   1.8066406e+01
   1.5503680e+06   1.5869141e+01
   1.5542980e+06   1.7456055e+01
   1.5553750e+06   1.6723633e+01
   1.5557400e+06   1.6845703e+01
   1.5563780e+06   1.6052246e+01
   1.5590040e+06   1.6296387e+01
   1.5603800e+06   1.6662598e+01
   1.5622940e+06   1.5930176e+01
   1.5635800e+06   1.5380859e+01
   1.5650370e+06   1.5808105e+01
   1.5662860e+06   2.0019531e+01
   1.5693230e+06   1.9287109e+01
   1.5693490e+06   1.9470215e+01
   1.5693720e+06   2.0690918e+01
   1.5694310e+06   1.5380859e+01
   1.5695670e+06   1.6784668e+01
   1.5696000e+06   1.8249512e+01
   1.5698750e+06   1.5625000e+01
   1.5699380e+06   1.9042969e+01
   1.5701160e+06   1.7639160e+01
   1.5701660e+06   1.6113281e+01
   1.5701910e+06   1.5380859e+01
   1.5710340e+06   1.5441895e+01
   1.5734280e+06   1.6784668e+01
   1.5749550e+06   1.5991211e+01
   1.5755760e+06   1.8005371e+01
   1.5764970e+06   1.5563965e+01
   1.5789330e+06   1.6052246e+01
   1.5796660e+06   1.6845703e+01
   1.5856850e+06   1.5869141e+01
   1.5870940e+06   1.6784668e+01
   1.5919210e+06   1.6601562e+01
   1.5935850e+06   1.5380859e+01
   1.5986180e+06   1.7333984e+01
   1.6004660e+06   1.8676758e+01
   1.6017360e+06   1.7883301e+01
   1.6031020e+06   1.7150879e+01
   1.6064630e+06   1.6296387e+01
   1.6065200e+06   1.7333984e+01
   1.6065510e+06   1.6662598e+01
   1.6065730e+06   1.5747070e+01
   1.6065990e+06   1.7089844e+01
   1.6070670e+06   1.6052246e+01
   1.6071120e+06   1.9042969e+01
   1.6073670e+06   1.9104004e+01
   1.6073910e+06   1.5380859e+01
   1.6092900e+06   1.5441895e+01
   1.6113410e+06   1.5563965e+01
   1.6165160e+06   1.5808105e+01
   1.6184600e+06   1.5991211e+01
   1.6207440e+06   1.7578125e+01
   1.6236420e+06   2.0080566e+01
   1.6278320e+06   1.6174316e+01
   1.6288890e+06   1.8005371e+01
   1.6289090e+06   1.7639160e+01
   1.6289350e+06   1.6113281e+01
   1.6289560e+06   1.6418457e+01
   1.6289970e+06   1.5930176e+01
   1.6290260e+06   2.5634766e+01
   1.6290650e+06   1.7272949e+01
   1.6291040e+06   1.7272949e+01
   1.6291270e+06   2.6672363e+01
   1.6295660e+06   1.6662598e+01
   1.6325640e+06   1.7089844e+01
   1.6335200e+06   1.5991211e+01
   1.6335740e+06   1.6479492e+01
   1.6336400e+06   1.5502930e+01
   1.6336700e+06   1.6479492e+01
   1.6336940e+06   1.6113281e+01
   1.6352320e+06   1.7333984e+01
   1.6355750e+06   1.5625000e+01
   1.6368660e+06   1.6601563e+01
   1.6376830e+06   1.7883301e+01
   1.6387370e+06   1.8188477e+01
   1.6388060e+06   1.5686035e+01
   1.6392210e+06   1.5686035e+01
   1.6392570e+06   1.6418457e+01
   1.6392860e+06   1.7517090e+01
   1.6393150e+06   1.6845703e+01
   1.6393580e+06   1.6906738e+01
   1.6398130e+06   1.6723633e+01
   1.6404940e+06   1.6174316e+01
   1.6411880e+06   1.6296387e+01
   1.6415840e+06   1.5869141e+01
   1.6419350e+06   1.6540527e+01
   1.6422220e+06   1.6845703e+01
   1.6423970e+06   1.7761230e+01
   1.6428220e+06   1.5808105e+01
   1.6430130e+06   1.9287109e+01
   1.6437590e+06   1.8249512e+01
   1.6443000e+06   1.7211914e+01
   1.6446160e+06   1.7761230e+01
   1.6448330e+06   1.6052246e+01
   1.6453570e+06   1.5747070e+01
   1.6458320e+06   1.6601562e+01
   1.6461660e+06   1.6784668e+01
   1.6468050e+06   1.8615723e+01
   1.6472570e+06   1.7028809e+01
   1.6480660e+06   1.6113281e+01
   1.6499220e+06   2.0019531e+01
   1.6503270e+06   1.5686035e+01
   1.6507410e+06   1.6967773e+01
   1.6510980e+06   1.7578125e+01
   1.6523560e+06   1.6052246e+01
   1.6528150e+06   1.6662598e+01
   1.6531620e+06   1.5625000e+01
   1.6536170e+06   1.5930176e+01
   1.6545600e+06   1.6601562e+01
   1.6546290e+06   1.7883301e+01
   1.6546690e+06   2.0690918e+01
   1.6547450e+06   1.8737793e+01
   1.6547740e+06   1.6418457e+01
   1.6553290e+06   1.6906738e+01
   1.6553700e+06   1.7944336e+01
   1.6554120e+06   1.6296387e+01
   1.6554310e+06   1.6723633e+01
   1.6554500e+06   1.9042969e+01
   1.6558350e+06   1.8188477e+01
   1.6558580e+06   1.7883301e+01
   1.6558880e+06   1.7578125e+01
   1.6560420e+06   1.5991211e+01
   1.6561830e+06   1.6418457e+01
   1.6562110e+06   1.6235352e+01
   1.6565490e+06   1.6235352e+01
   1.6565670e+06   1.6845703e+01
   1.6566390e+06   1.7089844e+01
   1.6566710e+06   1.8798828e+01
   1.6567620e+06   1.6418457e+01
   1.6567820e+06   1.7700195e+01
   1.6568480e+06   1.5502930e+01
   1.6568860e+06   1.7761230e+01
   1.6569550e+06   1.6479492e+01
   1.6571310e+06   1.8371582e+01
   1.6571650e+06   1.6357422e+01
   1.6571920e+06   1.8981934e+01
   1.6573870e+06   1.7944336e+01
   1.6574110e+06   1.5502930e+01
   1.6574510e+06   1.6113281e+01
   1.6576070e+06   1.6601563e+01
   1.6576320e+06   1.5991211e+01
   1.6576530e+06   1.8005371e+01
   1.6578480e+06   1.5686035e+01
   1.6578740e+06   1.5625000e+01
   1.6579510e+06   1.7150879e+01
   1.6579810e+06   1.6723633e+01
   1.6584000e+06   1.7333984e+01
   1.6588010e+06   1.6662598e+01
   1.6588230e+06   1.7272949e+01
   1.6588440e+06   1.9165039e+01
   1.6590240e+06   1.6113281e+01
   1.6590590e+06   1.6296387e+01
   1.6592460e+06   2.2521973e+01
   1.6592720e+06   1.5563965e+01
   1.6593060e+06   1.5625000e+01
   1.6596310e+06   1.6723633e+01
   1.6599430e+06   1.6662598e+01
   1.6601040e+06   1.6113281e+01
   1.6601760e+06   1.5686035e+01
   1.6607160e+06   1.5686035e+01
   1.6610960e+06   1.6906738e+01
   1.6611550e+06   1.5991211e+01
   1.6611860e+06   1.6296387e+01
   1.6623100e+06   1.7028809e+01
   1.6634110e+06   2.2094727e+01
   1.6634540e+06   1.8859863e+01
   1.6634650e+06   2.0935059e+01
   1.6652080e+06   1.7639160e+01
   1.6667760e+06   1.6052246e+01
   1.6680860e+06   1.8737793e+01
   1.6698760e+06   1.5563965e+01
   1.6706820e+06   1.6052246e+01
   1.6713630e+06   1.6967773e+01
   1.6723500e+06   1.9287109e+01
   1.6758220e+06   1.6418457e+01
   1.6761270e+06   1.8249512e+01
   1.6768500e+06   1.5808105e+01
   1.6780000e+06   1.6479492e+01
   1.6787250e+06   1.6174316e+01
   1.6802420e+06   1.7700195e+01
   1.6808460e+06   1.7883301e+01
   1.6808740e+06   1.6052246e+01
   1.6809300e+06   1.5686035e+01
   1.6809740e+06   1.6601562e+01
   1.6810000e+06   1.6235352e+01
   1.6810420e+06   1.6540527e+01
   1.6810680e+06   1.6235352e+01
   1.6811130e+06   1.6296387e+01
   1.6813290e+06   1.7272949e+01
   1.6814630e+06   1.6784668e+01
   1.6833300e+06   1.7395020e+01
   1.6850310e+06   1.5869141e+01
   1.6861210e+06   1.8066406e+01
   1.6864940e+06   1.6540527e+01
   1.6869760e+06   1.5563965e+01
   1.6878700e+06   1.5930176e+01
   1.6888170e+06   1.6906738e+01
   1.6901970e+06   1.5380859e+01
   1.6914070e+06   1.6601563e+01
   1.6918610e+06   1.5930176e+01
   1.6926500e+06   1.6418457e+01
   1.6935200e+06   1.8066406e+01
   1.6935720e+06   1.5686035e+01
   1.6936020e+06   1.6357422e+01
   1.6985250e+06   1.6296387e+01
   1.6994290e+06   1.5747070e+01
   1.6998800e+06   1.5869141e+01
   1.7011840e+06   1.8432617e+01
   1.7017010e+06   1.6052246e+01
   1.7019650e+06   1.7333984e+01
   1.7020730e+06   2.8137207e+01
   1.7032190e+06   1.6113281e+01
   1.7043990e+06   1.5869141e+01
   1.7067310e+06   1.7211914e+01
   1.7076780e+06   1.8615723e+01
   1.7081630e+06   1.5930176e+01
   1.7086110e+06   1.5625000e+01
   1.7093340e+06   1.7944336e+01
   1.7100350e+06   1.6601562e+01
   1.7114880e+06   1.8127441e+01
   1.7119290e+06   1.5930176e+01
   1.7152950e+06   2.0385742e+01
   1.7158640e+06   1.6723633e+01
   1.7166160e+06   1.5991211e+01
   1.7175900e+06   1.7150879e+01
   1.7182340e+06   1.5686035e+01
   1.7186640e+06   1.7272949e+01
   1.7202690e+06   1.6540527e+01
   1.7208840e+06   1.5869141e+01
   1.7220320e+06   1.7944336e+01
   1.7232080e+06   1.8310547e+01
   1.7244630e+06   1.8615723e+01
   1.7263230e+06   1.9287109e+01
   1.7283670e+06   1.6357422e+01
   1.7296960e+06   1.7028809e+01
   1.7314720e+06   1.5991211e+01
   1.7315580e+06   1.8493652e+01
   1.7316100e+06   1.8005371e+01
   1.7328870e+06   1.6967773e+01
   1.7335020e+06   1.5625000e+01
   1.7343780e+06   1.6052246e+01
   1.7351640e+06   1.9226074e+01
   1.7384240e+06   1.8798828e+01
   1.7399440e+06   1.7333984e+01
   1.7420110e+06   1.5380859e+01
   1.7429740e+06   1.5930176e+01
   1.7430600e+06   1.8981934e+01
   1.7430820e+06   1.5869141e+01
   1.7431210e+06   1.7089844e+01
   1.7432560e+06   1.6418457e+01
   1.7433140e+06   1.6296387e+01
   1.7434730e+06   1.6784668e+01
   1.7436200e+06   1.6418457e+01
   1.7436470e+06   1.8249512e+01
   1.7437860e+06   1.8188477e+01
   1.7438400e+06   1.8005371e+01
   1.7492680e+06   1.6845703e+01
   1.7564140e+06   1.9165039e+01
   1.7564740e+06   2.1179199e+01
   1.7565080e+06   1.6967773e+01
   1.7565650e+06   1.6967773e+01
   1.7565960e+06   1.5686035e+01
   1.7566520e+06   2.5329590e+01
   1.7567060e+06   1.7089844e+01
   1.7567810e+06   1.7822266e+01
   1.7713530e+06   1.6418457e+01
   1.7714750e+06   1.7272949e+01
   1.7715680e+06   1.5991211e+01
   1.7719400e+06   1.5930176e+01
   1.7719740e+06   1.7822266e+01
   1.7720080e+06   2.1484375e+01
   1.7720340e+06   1.6113281e+01
   1.7817670e+06   2.0996094e+01
   1.7818450e+06   2.1606445e+01
   1.7818920e+06   1.6540527e+01
   1.7819830e+06   2.4108887e+01
   1.7820000e+06   1.9348145e+01
   1.7820730e+06   1.6235352e+01
   1.7821280e+06   1.6113281e+01
   1.7917830e+06   1.8005371e+01
   1.8059550e+06   2.4353027e+01
   1.8060440e+06   2.1179199e+01
   1.8060700e+06   1.8432617e+01
   1.8061360e+06   1.5380859e+01
   1.8062400e+06   1.8554688e+01
   1.8064610e+06   1.6235352e+01
   1.8066340e+06   1.6357422e+01
   1.8067160e+06   1.5808105e+01
   1.8067630e+06   1.8554688e+01
   1.8068110e+06   1.7639160e+01
   1.8182380e+06   2.3498535e+01
   1.8234690e+06   2.1118164e+01
   1.8235500e+06   1.9470215e+01
   1.8235920e+06   2.3193359e+01
   1.8236230e+06   1.7333984e+01
   1.8236540e+06   1.7639160e+01
   1.8237070e+06   1.5380859e+01
   1.8302870e+06   1.5502930e+01
   1.8439270e+06   1.7150879e+01
   1.8444260e+06   1.9348145e+01
   1.8452530e+06   1.6479492e+01
   1.8466700e+06   1.6174316e+01
   1.8475690e+06   1.8127441e+01
   1.8502350e+06   1.6845703e+01
   1.8503520e+06   1.5930176e+01
   1.8504130e+06   1.8493652e+01
   1.8513540e+06   1.6357422e+01
   1.8521010e+06   1.7761230e+01
   1.8591870e+06   1.7517090e+01
   1.8616100e+06   2.5878906e+01
   1.8616710e+06   1.9653320e+01
   1.8616860e+06   1.8859863e+01
   1.8617130e+06   1.9897461e+01
   1.8617560e+06   1.9531250e+01
   1.8618020e+06   1.8676758e+01
   1.8619280e+06   1.7150879e+01
   1.8726340e+06   1.6784668e+01
   1.8726700e+06   1.7517090e+01
   1.8727370e+06   1.6296387e+01
   1.8730500e+06   2.0141602e+01
   1.8730850e+06   1.5991211e+01
   1.8731090e+06   1.5563965e+01
   1.8731320e+06   1.8981934e+01
   1.8731910e+06   1.8859863e+01
   1.8732080e+06   1.5563965e+01
   1.8732340e+06   1.5502930e+01
   1.8734730e+06   1.5441895e+01
   1.8735570e+06   1.6296387e+01
   1.8735810e+06   1.8554688e+01
   1.8737850e+06   1.9531250e+01
   1.8740100e+06   1.5930176e+01
   1.8751300e+06   1.7761230e+01
   1.8751800e+06   1.7639160e+01
   1.8752120e+06   1.7272949e+01
   1.8752540e+06   1.9226074e+01
   1.8752790e+06   1.6723633e+01
   1.8753260e+06   1.6296387e+01
   1.8787730e+06   1.6113281e+01
   1.8795520e+06   1.7211914e+01
   1.8808790e+06   1.6723633e+01
   1.8835250e+06   1.5808105e+01
   1.8895110e+06   1.6418457e+01
   1.8897780e+06   2.3498535e+01
   1.8899400e+06   1.8005371e+01
   1.8943330e+06   1.9226074e+01
   1.9110280e+06   1.6723633e+01
   1.9199610e+06   1.7578125e+01
   1.9236220e+06   1.5991211e+01
   1.9236850e+06   1.7700195e+01
   1.9237360e+06   1.6601563e+01
   1.9237610e+06   1.7639160e+01
   1.9237860e+06   1.6662598e+01
   1.9238390e+06   1.5502930e+01
   1.9238590e+06   1.8737793e+01
   1.9239350e+06   2.0812988e+01
   1.9239800e+06   1.7883301e+01
   1.9240090e+06   1.8737793e+01
   1.9240520e+06   1.6540527e+01
   1.9242840e+06   1.6784668e+01
   1.9307210e+06   1.6845703e+01
   1.9383060e+06   1.8981934e+01
   1.9481510e+06   1.6723633e+01
   1.9485530e+06   1.7395020e+01
   1.9486220e+06   1.7883301e+01
   1.9486640e+06   1.7395020e+01
   1.9487560e+06   1.7883301e+01
   1.9488430e+06   1.5563965e+01
   1.9488680e+06   1.9775391e+01
   1.9488970e+06   1.6479492e+01
   1.9489080e+06   1.5625000e+01
   1.9492340e+06   1.6235352e+01
   1.9492650e+06   1.6845703e+01
   1.9492870e+06   1.8066406e+01
   1.9498380e+06   1.6662598e+01
   1.9498640e+06   1.6357422e+01
   1.9499060e+06   2.0385742e+01
   1.9499360e+06   1.6784668e+01
   1.9499660e+06   1.6418457e+01
   1.9503720e+06   1.8798828e+01
   1.9523450e+06   1.5808105e+01
   1.9537120e+06   1.7150879e+01
   1.9547790e+06   1.7456055e+01
   1.9558390e+06   1.7028809e+01
   1.9559330e+06   1.7456055e+01
   1.9559540e+06   1.7883301e+01
   1.9560040e+06   1.7395020e+01
   1.9560340e+06   1.7272949e+01
   1.9563080e+06   1.7089844e+01
   1.9563330e+06   1.5747070e+01
   1.9564520e+06   1.6723633e+01
   1.9564780e+06   1.6723633e+01
   1.9564980e+06   1.5563965e+01
   1.9567330e+06   1.6235352e+01
   1.9567640e+06   1.6113281e+01
   1.9568150e+06   1.5441895e+01
   1.9569850e+06   1.6357422e+01
   1.9571210e+06   1.5686035e+01
   1.9571620e+06   1.7089844e+01
   1.9595210e+06   1.5380859e+01
   1.9621370e+06   1.6540527e+01
   1.9665850e+06   1.8798828e+01
   1.9688910e+06   1.6845703e+01
   1.9710870e+06   1.5808105e+01
   1.9742120e+06   2.3986816e+01
   1.9742490e+06   1.7028809e+01
   1.9742680e+06   1.6418457e+01
   1.9752150e+06   1.5686035e+01
   1.9778740e+06   1.5991211e+01
   1.9818720e+06   1.6540527e+01
   1.9891270e+06   1.6601562e+01
   1.9955980e+06   1.5502930e+01
   1.9974730e+06   1.7150879e+01
   1.9993830e+06   1.6052246e+01
   2.0104390e+06   1.6113281e+01
   2.0129010e+06   1.6357422e+01
   2.0129610e+06   2.0874023e+01
   2.0130010e+06   1.6723633e+01
   2.0130200e+06   1.8188477e+01
   2.0130440e+06   1.6967773e+01
   2.0130660e+06   1.8432617e+01
   2.0131270e+06   1.5625000e+01
   2.0131450e+06   2.0019531e+01
   2.0131990e+06   2.1301270e+01
   2.0132300e+06   1.6296387e+01
   2.0132450e+06   2.0935059e+01
   2.0133180e+06   2.7832031e+01
   2.0133540e+06   1.7883301e+01
   2.0168870e+06   1.7883301e+01
   2.0234890e+06   1.8005371e+01
   2.0258810e+06   1.5991211e+01
   2.0270030e+06   1.5563965e+01
   2.0294580e+06   1.6174316e+01
   2.0315980e+06   1.6357422e+01
   2.0326910e+06   1.7517090e+01
   2.0333000e+06   1.7883301e+01
   2.0340340e+06   1.5808105e+01
   2.0358460e+06   1.6174316e+01
   2.0359650e+06   1.7089844e+01
   2.0361210e+06   1.5808105e+01
   2.0361440e+06   1.9592285e+01
   2.0361630e+06   1.9165039e+01
   2.0361840e+06   1.6296387e+01
   2.0362070e+06   1.6174316e+01
   2.0363110e+06   1.6174316e+01
   2.0363240e+06   2.8808594e+01
   2.0364350e+06   1.9165039e+01
   2.0367520e+06   1.7089844e+01
   2.0367760e+06   1.5441895e+01
   2.0368900e+06   1.7578125e+01
   2.0369120e+06   1.8066406e+01
   2.0369570e+06   1.6662598e+01
   2.0369870e+06   1.9348145e+01
   2.0370190e+06   1.6540527e+01
   2.0374360e+06   1.6479492e+01
   2.0374630e+06   1.5563965e+01
   2.0375210e+06   1.5808105e+01
   2.0377520e+06   1.6723633e+01
   2.0420390e+06   1.6540527e+01
   2.0432260e+06   2.0690918e+01
   2.0445000e+06   1.8371582e+01
   2.0450640e+06   1.8981934e+01
   2.0456630e+06   1.7211914e+01
   2.0461750e+06   1.6479492e+01
   2.0465430e+06   2.0141602e+01
   2.0478660e+06   1.7333984e+01
   2.0487880e+06   1.7883301e+01
   2.0494580e+06   1.7944336e+01
   2.0502160e+06   1.6113281e+01
   2.0520360e+06   1.7089844e+01
   2.0529640e+06   1.8127441e+01
   2.0542980e+06   1.5930176e+01
   2.0554610e+06   1.5380859e+01
   2.0563400e+06   1.6845703e+01
   2.0564050e+06   1.6784668e+01
   2.0564280e+06   1.6662598e+01
   2.0565240e+06   1.6357422e+01
   2.0565750e+06   1.6418457e+01
   2.0565980e+06   1.7883301e+01
   2.0566200e+06   1.7944336e+01
   2.0582880e+06   1.6967773e+01
   2.0628640e+06   1.6845703e+01
   2.0649500e+06   1.5380859e+01
   2.0657220e+06   1.6113281e+01
   2.0672400e+06   1.5502930e+01
   2.0694600e+06   2.2277832e+01
   2.0704990e+06   1.8859863e+01
   2.0708100e+06   1.5563965e+01
   2.0708410e+06   1.6235352e+01
   2.0711490e+06   1.6906738e+01
   2.0721620e+06   1.8798828e+01
   2.0760020e+06   1.7272949e+01
   2.0763000e+06   1.6174316e+01
   2.0767860e+06   1.8310547e+01
   2.0769050e+06   1.5502930e+01
   2.0786420e+06   1.7944336e+01
   2.0815080e+06   1.5686035e+01
   2.0826650e+06   1.5380859e+01
   2.0849280e+06   1.5502930e+01
   2.0877900e+06   1.6418457e+01
   2.0925430e+06   1.7089844e+01
   2.0930350e+06   1.8066406e+01
   2.1019260e+06   1.7822266e+01
   2.1035940e+06   1.6418457e+01
   2.1088560e+06   1.6784668e+01
   2.1094360e+06   1.6296387e+01
   2.1148470e+06   1.8493652e+01
   2.1156530e+06   1.7333984e+01
   2.1168460e+06   1.7089844e+01
   2.1193110e+06   1.6967773e+01
   2.1199930e+06   1.5686035e+01
   2.1203970e+06   1.7578125e+01
   2.1204920e+06   1.5502930e+01
   2.1208140e+06   1.7456055e+01
   2.1208400e+06   1.7456055e+01
   2.1208610e+06   1.5747070e+01
   2.1208810e+06   1.6845703e+01
   2.1210480e+06   1.6723633e+01
   2.1212330e+06   1.6601562e+01
   2.1213460e+06   1.5930176e+01
   2.1233060e+06   1.5441895e+01
   2.1246740e+06   1.6479492e+01
   2.1259580e+06   2.0202637e+01
   2.1260820e+06   2.2827148e+01
   2.1261450e+06   2.4780273e+01
   2.1261650e+06   1.9653320e+01
   2.1261870e+06   1.7211914e+01
   2.1263540e+06   1.6235352e+01
   2.1264320e+06   1.7822266e+01
   2.1265290e+06   1.7517090e+01
   2.1265470e+06   1.6052246e+01
   2.1266950e+06   1.8432617e+01
   2.1267190e+06   1.8127441e+01
   2.1267790e+06   1.6479492e+01
   2.1268340e+06   1.7395020e+01
   2.1271920e+06   1.8066406e+01
   2.1272370e+06   1.5747070e+01
   2.1273010e+06   1.7028809e+01
   2.1273240e+06   1.5869141e+01
   2.1276090e+06   1.9165039e+01
   2.1276430e+06   1.9714355e+01
   2.1277660e+06   1.7822266e+01
   2.1280850e+06   1.6235352e+01
   2.1281140e+06   1.6052246e+01
   2.1284470e+06   1.7517090e+01
   2.1291350e+06   1.5991211e+01
   2.1294960e+06   1.8981934e+01
   2.1304150e+06   1.6296387e+01
   2.1309270e+06   1.7700195e+01
   2.1322710e+06   1.5625000e+01
   2.1334160e+06   1.5441895e+01
   2.1344220e+06   1.5625000e+01
   2.1359290e+06   1.7028809e+01
   2.1368130e+06   1.6235352e+01
   2.1375700e+06   1.6174316e+01
   2.1388570e+06   1.5869141e+01
   2.1407990e+06   1.6601562e+01
   2.1434030e+06   1.5991211e+01
   2.1445330e+06   1.5808105e+01
   2.1461380e+06   2.9418945e+01
   2.1462020e+06   2.7893066e+01
   2.1462170e+06   2.7770996e+01
   2.1462430e+06   2.5695801e+01
   2.1462780e+06   1.6052246e+01
   2.1463000e+06   1.9531250e+01
   2.1463410e+06   2.3498535e+01
   2.1464720e+06   1.5808105e+01
   2.1482300e+06   1.8981934e+01
   2.1494200e+06   1.6784668e+01
   2.1552410e+06   1.5991211e+01
   2.1584070e+06   1.7456055e+01
   2.1585510e+06   1.5930176e+01
   2.1585730e+06   1.9592285e+01
   2.1587340e+06   1.9104004e+01
   2.1587870e+06   1.9531250e+01
   2.1588080e+06   1.6174316e+01
   2.1588440e+06   1.7639160e+01
   2.1589410e+06   1.5930176e+01
   2.1589590e+06   2.0324707e+01
   2.1589930e+06   1.6479492e+01
   2.1590460e+06   1.7639160e+01
   2.1591640e+06   1.5380859e+01
   2.1591850e+06   1.7028809e+01
   2.1592090e+06   1.8005371e+01
   2.1593010e+06   1.7822266e+01
   2.1593530e+06   2.1728516e+01
   2.1593710e+06   2.8076172e+01
   2.1593950e+06   1.6479492e+01
   2.1594530e+06   2.0874023e+01
   2.1594770e+06   1.6357422e+01
   2.1638390e+06   1.5502930e+01
   2.1646210e+06   1.6540527e+01
   2.1659650e+06   1.6906738e+01
   2.1682500e+06   1.9775391e+01
   2.1704070e+06   1.7028809e+01
   2.1728420e+06   1.7456055e+01
   2.1818710e+06   1.5930176e+01
   2.1819090e+06   1.8493652e+01
   2.1819420e+06   1.6052246e+01
   2.1819660e+06   1.7150879e+01
   2.1884560e+06   1.5441895e+01
   2.1889150e+06   1.7333984e+01
   2.1891490e+06   1.5808105e+01
   2.1891730e+06   1.6418457e+01
   2.1892200e+06   1.6906738e+01
   2.1897830e+06   1.7456055e+01
   2.1898100e+06   1.5441895e+01
   2.2008950e+06   1.6479492e+01
   2.2037420e+06   1.5747070e+01
   2.2040770e+06   1.6784668e+01
   2.2041040e+06   1.6967773e+01
   2.2041270e+06   1.8066406e+01
   2.2041490e+06   1.5502930e+01
   2.2041740e+06   1.6540527e+01
   2.2051690e+06   1.6967773e+01
   2.2052050e+06   1.6967773e+01
   2.2052850e+06   1.6113281e+01
   2.2056060e+06   1.8188477e+01
   2.2056690e+06   1.8554688e+01
   2.2057180e+06   1.5991211e+01
   2.2057700e+06   1.5441895e+01
   2.2062010e+06   1.5991211e+01
   2.2063670e+06   1.5930176e+01
   2.2068830e+06   1.7700195e+01
   2.2069400e+06   1.5563965e+01
   2.2076300e+06   1.7150879e+01
   2.2094300e+06   1.9042969e+01
   2.2121520e+06   1.6357422e+01
   2.2146210e+06   1.6418457e+01
   2.2150820e+06   1.8493652e+01
   2.2160120e+06   1.7272949e+01
   2.2214420e+06   1.6784668e+01
   2.2222140e+06   1.8920898e+01
   2.2236440e+06   1.9226074e+01
   2.2270870e+06   2.3498535e+01
   2.2271730e+06   2.0263672e+01
   2.2272310e+06   2.9541016e+01
   2.2272530e+06   1.7395020e+01
   2.2272720e+06   1.9348145e+01
   2.2272930e+06   2.0568848e+01
   2.2273860e+06   2.9418945e+01
   2.2277690e+06   1.6357422e+01
   2.2278020e+06   1.7150879e+01
   2.2278260e+06   1.7272949e+01
   2.2278610e+06   1.6052246e+01
   2.2281400e+06   1.5808105e+01
   2.2282170e+06   1.5686035e+01
   2.2282420e+06   1.5869141e+01
   2.2284930e+06   1.6113281e+01
   2.2285280e+06   1.6540527e+01
   2.2321270e+06   1.5441895e+01
   2.2335880e+06   1.6113281e+01
   2.2364520e+06   1.5991211e+01
   2.2383390e+06   2.0385742e+01
   2.2393910e+06   1.5991211e+01
   2.2398010e+06   1.6113281e+01
   2.2465640e+06   1.6906738e+01
   2.2480280e+06   1.8066406e+01
   2.2520610e+06   1.7456055e+01
   2.2538420e+06   1.6845703e+01
   2.2555250e+06   1.5441895e+01
   2.2563270e+06   1.5991211e+01
   2.2570980e+06   1.5380859e+01
   2.2734090e+06   2.0141602e+01
   2.2747580e+06   1.5747070e+01
   2.2755700e+06   1.8249512e+01
   2.2759340e+06   1.8066406e+01
   2.2761850e+06   1.5747070e+01
   2.2765010e+06   1.6540527e+01
   2.2777910e+06   1.5747070e+01
   2.2788740e+06   1.5441895e+01
   2.2797420e+06   1.6479492e+01
   2.2801680e+06   1.5808105e+01
   2.2818790e+06   1.6174316e+01
   2.2832650e+06   1.5380859e+01
   2.2835310e+06   1.6174316e+01
   2.2840780e+06   1.6113281e+01
   2.2846370e+06   1.8310547e+01
   2.2865070e+06   1.7333984e+01
   2.2883790e+06   1.5625000e+01
   2.2889580e+06   1.7272949e+01
   2.2896940e+06   1.6174316e+01
   2.2901300e+06   1.5930176e+01
   2.2912780e+06   1.6845703e+01
   2.2924140e+06   1.5502930e+01
   2.2960960e+06   1.5625000e+01
   2.2991110e+06   1.6784668e+01
   2.3021670e+06   1.6235352e+01
   2.3194690e+06   1.9897461e+01
   2.3198260e+06   1.7883301e+01
   2.3324790e+06   1.5441895e+01
   2.3325330e+06   1.6235352e+01
   2.3325560e+06   1.8859863e+01
   2.3327800e+06   1.5991211e+01
   2.3329510e+06   1.9287109e+01
   2.3330840e+06   1.8859863e+01
   2.3332000e+06   1.5686035e+01
   2.3333610e+06   2.1911621e+01
   2.3333770e+06   1.6052246e+01
   2.3333960e+06   1.9042969e+01
   2.3336050e+06   1.9104004e+01
   2.3341050e+06   1.5869141e+01
   2.3626350e+06   1.8859863e+01
   2.3630550e+06   1.6174316e+01
   2.3649970e+06   1.6723633e+01
   2.3650570e+06   2.2033691e+01
   2.3799340e+06   1.6540527e+01
   2.3874000e+06   1.6357422e+01
   2.3946190e+06   1.9531250e+01
   2.3948950e+06   2.0019531e+01
   2.3958030e+06   1.5808105e+01
   2.3977110e+06   1.6113281e+01
   2.3992370e+06   1.9042969e+01
   2.3998460e+06   1.5563965e+01
   2.4002220e+06   1.8127441e+01
   2.4004640e+06   1.5380859e+01
   2.4005520e+06   1.8981934e+01
   2.4008200e+06   1.6113281e+01
   2.4029870e+06   1.6113281e+01
   2.4111250e+06   1.7272949e+01
   2.4166800e+06   1.7395020e+01
   2.4177720e+06   1.7333984e+01
   2.4182230e+06   1.6174316e+01
   2.4197800e+06   1.5441895e+01
   2.4244560e+06   1.8798828e+01
   2.4244890e+06   1.6540527e+01
   2.4245140e+06   1.7089844e+01
   2.4245390e+06   1.5869141e+01
   2.4245630e+06   1.9042969e+01
   2.4245860e+06   1.5380859e+01
   2.4246010e+06   2.3132324e+01
   2.4246330e+06   2.0812988e+01
   2.4246530e+06   2.4291992e+01
   2.4248110e+06   1.7761230e+01
   2.4280000e+06   1.6723633e+01
   2.4287340e+06   1.6540527e+01
   2.4293560e+06   1.6296387e+01
   2.4308910e+06   1.5747070e+01
   2.4341510e+06   1.6113281e+01
   2.4353430e+06   1.5441895e+01
   2.4380350e+06   1.5441895e+01
   2.4394690e+06   1.7578125e+01
   2.4414470e+06   1.5930176e+01
   2.4425920e+06   1.6052246e+01
   2.4431050e+06   1.5686035e+01
   2.4509480e+06   1.6296387e+01
   2.4611300e+06   1.6357422e+01
   2.4619090e+06   1.7089844e+01
   2.4619320e+06   2.1179199e+01
   2.4619480e+06   1.5930176e+01
   2.4619910e+06   2.2277832e+01
   2.4620140e+06   1.8737793e+01
   2.4648330e+06   1.5380859e+01
   2.4655130e+06   1.8859863e+01
   2.4662510e+06   1.5930176e+01
   2.4669760e+06   1.6052246e+01
   2.4674200e+06   1.5686035e+01
   2.4686330e+06   1.6906738e+01
   2.4747090e+06   1.6357422e+01
   2.4762850e+06   1.6845703e+01
   2.4822550e+06   1.7089844e+01
   2.4834080e+06   1.5625000e+01
   2.4846280e+06   1.6601563e+01
   2.4864190e+06   1.6723633e+01
   2.4878160e+06   2.0629883e+01
   2.4902700e+06   1.6357422e+01
   2.4917800e+06   2.1240234e+01
   2.4918770e+06   1.8249512e+01
   2.4918890e+06   1.8554688e+01
   2.4919340e+06   2.0690918e+01
   2.4919510e+06   1.5441895e+01
   2.4919750e+06   1.6662598e+01
   2.4919940e+06   2.3803711e+01
   2.4921550e+06   1.5380859e+01
   2.4947740e+06   1.5869141e+01
   2.4978380e+06   1.6357422e+01
   2.4995260e+06   1.5441895e+01
   2.5015410e+06   1.5930176e+01
   2.5018440e+06   1.5502930e+01
   2.5027140e+06   1.6357422e+01
   2.5035140e+06   1.7578125e+01
   2.5070090e+06   1.6052246e+01
   2.5103190e+06   1.6845703e+01
   2.5123750e+06   1.7761230e+01
   2.5132560e+06   1.5808105e+01
   2.5132950e+06   1.5502930e+01
   2.5133230e+06   1.6845703e+01
   2.5133750e+06   1.9470215e+01
   2.5150310e+06   1.6784668e+01
   2.5161060e+06   1.6357422e+01
   2.5168300e+06   1.6113281e+01
   2.5188620e+06   1.5808105e+01
   2.5204910e+06   1.7028809e+01
   2.5215880e+06   1.7211914e+01
   2.5221350e+06   1.7578125e+01
   2.5238610e+06   1.5625000e+01
   2.5286990e+06   1.7150879e+01
   2.5346790e+06   1.5930176e+01
   2.5504930e+06   1.6784668e+01
   2.5564300e+06   1.5380859e+01
   2.5572480e+06   1.5869141e+01
   2.5577620e+06   1.7028809e+01
   2.5611230e+06   1.8005371e+01
   2.5611580e+06   1.5869141e+01
   2.5613980e+06   1.6601562e+01
   2.5617010e+06   1.9348145e+01
   2.5655260e+06   1.5808105e+01
   2.5655800e+06   1.6174316e+01
   2.5656120e+06   1.5869141e+01
   2.5657440e+06   1.6540527e+01
   2.5658920e+06   2.0202637e+01
   2.5659160e+06   1.7944336e+01
   2.5659590e+06   1.6174316e+01
   2.5661570e+06   1.5808105e+01
   2.5661810e+06   1.6662598e+01
   2.5662170e+06   1.7272949e+01
   2.5662430e+06   1.5686035e+01
   2.5678060e+06   2.9418945e+01
   2.5678530e+06   2.4108887e+01
   2.5678840e+06   1.8737793e+01
   2.5679690e+06   1.6601562e+01
   2.5680330e+06   2.3803711e+01
   2.5694700e+06   1.6723633e+01
   2.5709850e+06   1.6967773e+01
   2.5719990e+06   1.6479492e+01
   2.5741210e+06   1.5380859e+01
   2.5765720e+06   1.5747070e+01
   2.5791000e+06   1.7272949e+01
   2.5824090e+06   1.6357422e+01
   2.5829760e+06   1.5686035e+01
   2.5860270e+06   1.6296387e+01
   2.5880330e+06   1.8737793e+01
   2.5897600e+06   1.7028809e+01
   2.5910580e+06   1.5563965e+01
   2.5942720e+06   1.7456055e+01
   2.5947620e+06   1.6540527e+01
   2.5951190e+06   1.5563965e+01
   2.5967690e+06   1.6052246e+01
   2.6007310e+06   1.7150879e+01
   2.6019890e+06   1.7456055e+01
   2.6020580e+06   1.8371582e+01
   2.6020930e+06   1.7639160e+01
   2.6061070e+06   1.5686035e+01
   2.6101790e+06   1.7578125e+01
   2.6109380e+06   1.5991211e+01
   2.6132420e+06   1.7150879e+01
   2.6185180e+06   1.8859863e+01
   2.6187470e+06   1.5625000e+01
   2.6190780e+06   1.9226074e+01
   2.6204940e+06   1.7761230e+01
   2.6209420e+06   1.8920898e+01
   2.6215480e+06   1.9958496e+01
   2.6230920e+06   1.8920898e+01
   2.6233720e+06   1.8310547e+01
   2.6238460e+06   1.6296387e+01
   2.6242090e+06   1.5625000e+01
   2.6250870e+06   1.8249512e+01
   2.6256710e+06   1.7333984e+01
   2.6261880e+06   1.6601563e+01
   2.6425560e+06   1.7272949e+01
   2.6439100e+06   1.5686035e+01
   2.6479430e+06   1.5441895e+01
   2.6480390e+06   1.6235352e+01
   2.6602950e+06   1.6845703e+01
   2.6689560e+06   1.5869141e+01
   2.6704470e+06   1.5625000e+01
   2.6722980e+06   1.5625000e+01
   2.6723450e+06   1.7456055e+01
   2.6723820e+06   1.7639160e+01
   2.6724110e+06   1.6296387e+01
   2.6724510e+06   1.9409180e+01
   2.6724710e+06   1.6540527e+01
   2.6725170e+06   2.1667480e+01
   2.6725390e+06   1.5625000e+01
   2.6725640e+06   1.5686035e+01
   2.6726060e+06   1.7700195e+01
   2.6726510e+06   1.7333984e+01
   2.6727250e+06   1.6418457e+01
   2.6731290e+06   1.6662598e+01
   2.6735400e+06   1.5747070e+01
   2.6736460e+06   1.5808105e+01
   2.6736980e+06   1.6174316e+01
   2.6769550e+06   1.5747070e+01
   2.6775320e+06   1.6662598e+01
   2.6783920e+06   1.5930176e+01
   2.6790940e+06   1.6662598e+01
   2.6799000e+06   1.9470215e+01
   2.6860550e+06   1.8371582e+01
   2.6867530e+06   1.7761230e+01
   2.6950140e+06   1.7395020e+01
   2.6952670e+06   1.6845703e+01
   2.6953530e+06   1.8188477e+01
   2.6954300e+06   1.5686035e+01
   2.6954640e+06   1.5747070e+01
   2.6955380e+06   1.6723633e+01
   2.6955760e+06   1.5625000e+01
   2.6956100e+06   1.8676758e+01
   2.6956400e+06   1.5991211e+01
   2.6956650e+06   1.6540527e+01
   2.6956870e+06   1.6113281e+01
   2.6977920e+06   2.2094727e+01
   2.7006510e+06   1.6479492e+01
   2.7015880e+06   1.7333984e+01
   2.7025730e+06   1.7517090e+01
   2.7036910e+06   1.8798828e+01
   2.7091230e+06   1.6784668e+01
   2.7122580e+06   1.5808105e+01
   2.7186960e+06   1.6662598e+01
   2.7187720e+06   2.5512695e+01
   2.7187940e+06   2.0690918e+01
   2.7188170e+06   1.6723633e+01
   2.7188300e+06   1.6845703e+01
   2.7188610e+06   2.7832031e+01
   2.7188900e+06   1.9409180e+01
   2.7189140e+06   1.7395020e+01
   2.7189340e+06   1.8310547e+01
   2.7190080e+06   1.7456055e+01
   2.7225580e+06   1.5441895e+01
   2.7276070e+06   1.7456055e+01
   2.7369710e+06   1.6662598e+01
   2.7454490e+06   1.8859863e+01
   2.7463910e+06   1.7456055e+01
   2.7561500e+06   1.8859863e+01
   2.7628370e+06   1.5869141e+01
   2.7652420e+06   1.6174316e+01
   2.7653800e+06   1.7517090e+01
   2.7654030e+06   1.5869141e+01
   2.7654380e+06   1.5563965e+01
   2.7654560e+06   1.7944336e+01
   2.7654880e+06   2.1911621e+01
   2.7655220e+06   3.2592773e+01
   2.7655670e+06   2.1179199e+01
   2.7656080e+06   1.5808105e+01
   2.7656300e+06   1.6357422e+01
   2.7656900e+06   1.7578125e+01
   2.7685750e+06   1.5930176e+01
   2.7696430e+06   1.8615723e+01
   2.7709420e+06   1.6540527e+01
   2.7744450e+06   1.5991211e+01
   2.7765720e+06   1.8737793e+01
   2.7827720e+06   1.7089844e+01
   2.7835190e+06   1.8432617e+01
   2.7835580e+06   1.5380859e+01
   2.7835980e+06   1.6418457e+01
   2.7859850e+06   1.7150879e+01
   2.7943600e+06   2.5329590e+01
   2.7956580e+06   1.5808105e+01
   2.8000980e+06   1.6113281e+01
   2.8048860e+06   1.9714355e+01
   2.8108230e+06   1.7089844e+01
   2.8131790e+06   1.7089844e+01
   2.8187180e+06   2.4597168e+01
   2.8187500e+06   1.6845703e+01
   2.8187880e+06   2.3315430e+01
   2.8188090e+06   1.7639160e+01
   2.8188460e+06   1.7395020e+01
   2.8188640e+06   1.9958496e+01
   2.8189200e+06   2.2705078e+01
   2.8191600e+06   1.5930176e+01
   2.8192050e+06   1.8615723e+01
   2.8193420e+06   1.8859863e+01
   2.8194330e+06   1.8920898e+01
   2.8195850e+06   1.6235352e+01
   2.8196180e+06   1.7272949e+01
   2.8196570e+06   1.7456055e+01
   2.8196810e+06   1.5502930e+01
   2.8197120e+06   1.5625000e+01
   2.8232420e+06   1.7211914e+01
   2.8248680e+06   1.5808105e+01
   2.8288640e+06   1.6967773e+01
   2.8302890e+06   1.5991211e+01
   2.8308940e+06   1.6052246e+01
   2.8309770e+06   1.7700195e+01
   2.8311530e+06   1.6906738e+01
   2.8311740e+06   2.0507812e+01
   2.8312060e+06   1.5625000e+01
   2.8314250e+06   1.9165039e+01
   2.8321650e+06   1.5869141e+01
   2.8340810e+06   1.5686035e+01
   2.8348560e+06   1.6601563e+01
   2.8406080e+06   1.5747070e+01
   2.8446710e+06   1.6113281e+01
   2.8463360e+06   1.7578125e+01
   2.8482620e+06   1.5991211e+01
   2.8582000e+06   1.5502930e+01
   2.8743640e+06   1.6357422e+01
   2.8785120e+06   2.5085449e+01
   2.8785790e+06   1.9042969e+01
   2.8786190e+06   1.7395020e+01
   2.8787050e+06   2.3681641e+01
   2.8787790e+06   2.2766113e+01
   2.8808660e+06   1.5625000e+01
   2.8890770e+06   1.6784668e+01
   2.8986070e+06   1.7150879e+01
   2.8994950e+06   1.6418457e+01
   2.8999850e+06   1.6296387e+01
   2.9020540e+06   1.7150879e+01
   2.9022820e+06   1.5441895e+01
   2.9026540e+06   1.8676758e+01
   2.9026940e+06   1.7944336e+01
   2.9027300e+06   1.9409180e+01
   2.9027560e+06   1.7089844e+01
   2.9029890e+06   1.5869141e+01
   2.9035670e+06   1.8005371e+01
   2.9043180e+06   1.6540527e+01
   2.9045550e+06   1.6601562e+01
   2.9063280e+06   1.8310547e+01
   2.9116640e+06   1.6723633e+01
   2.9158770e+06   2.0568848e+01
   2.9241440e+06   1.5808105e+01
   2.9262570e+06   1.6052246e+01
   2.9318650e+06   1.5686035e+01
   2.9397420e+06   1.5441895e+01
   2.9406080e+06   1.5808105e+01
   2.9410370e+06   1.9653320e+01
   2.9411150e+06   2.0690918e+01
   2.9411600e+06   1.7272949e+01
   2.9411880e+06   1.9775391e+01
   2.9412340e+06   1.5625000e+01
   2.9413550e+06   1.7578125e+01
   2.9557180e+06   1.7028809e+01
   2.9595210e+06   1.5869141e+01
   2.9617670e+06   1.6845703e+01
   2.9648410e+06   1.7883301e+01
   2.9648720e+06   2.3681641e+01
   2.9654740e+06   1.6357422e+01
   2.9655100e+06   1.6113281e+01
   2.9655400e+06   2.0568848e+01
   2.9655600e+06   1.8127441e+01
   2.9656380e+06   1.5869141e+01
   2.9658900e+06   1.6357422e+01
   2.9659280e+06   1.9348145e+01
   2.9662210e+06   1.8493652e+01
   2.9663960e+06   1.5502930e+01
   2.9664690e+06   1.5441895e+01
   2.9704760e+06   1.7822266e+01
   2.9735030e+06   1.5441895e+01
   2.9746730e+06   1.5625000e+01
   2.9754500e+06   1.6052246e+01
   2.9763170e+06   1.5747070e+01
   2.9771950e+06   1.5563965e+01
   2.9784150e+06   1.5686035e+01
   2.9800040e+06   1.5625000e+01
   2.9833040e+06   1.5747070e+01
   2.9863740e+06   1.9042969e+01
   2.9879370e+06   2.4475098e+01
   2.9879680e+06   1.8371582e+01
   2.9917140e+06   1.5380859e+01
   2.9931340e+06   1.7150879e+01
   2.9943220e+06   1.6479492e+01
