   3.0000000e+06   0.0000000e+00
   5.5060000e+03   1.6052246e+01
   7.2120000e+03   1.4709473e+01
   1.4725000e+04   1.5991211e+01
   1.6830000e+04   1.6418457e+01
   2.0801000e+04   1.5563965e+01
   2.2268000e+04   1.5625000e+01
   2.9045000e+04   1.4587402e+01
   3.7917000e+04   1.4770508e+01
   4.2872000e+04   1.5258789e+01
   4.4273000e+04   1.5258789e+01
   5.2041000e+04   1.4709473e+01
   5.5569000e+04   1.5869141e+01
   5.6276000e+04   1.4892578e+01
   5.6929000e+04   1.6784668e+01
   6.3258000e+04   1.6784668e+01
   6.5771000e+04   1.5869141e+01
   7.3805000e+04   1.5502930e+01
   7.6633000e+04   1.4648438e+01
   7.8929000e+04   1.5441895e+01
   8.6929000e+04   1.4709473e+01
   9.2291000e+04   1.4648438e+01
   9.4565000e+04   1.4953613e+01
   1.0230100e+05   1.4953613e+01
   1.0331800e+05   1.5808105e+01
   1.1012700e+05   1.7822266e+01
   1.1867100e+05   1.6052246e+01
   1.2484800e+05   1.4953613e+01
   1.2567900e+05   1.4953613e+01
   1.3286000e+05   1.6235352e+01
   1.3555500e+05   1.5380859e+01
   1.3688800e+05   1.5563965e+01
   1.4022400e+05   1.5136719e+01
   1.4275200e+05   1.5075684e+01
   1.4688800e+05   1.4892578e+01
   1.4990400e+05   1.7089844e+01
   1.5702300e+05   1.4770508e+01
   1.5818100e+05   1.4587402e+01
   1.5868600e+05   1.4831543e+01
   1.6120000e+05   1.4648438e+01
   1.6531900e+05   1.5991211e+01
   1.6803400e+05   1.4953613e+01
   1.7028300e+05   1.5197754e+01
   1.8545800e+05   1.7395020e+01
   1.8874000e+05   1.5197754e+01
   1.9309300e+05   1.4648438e+01
   1.9849100e+05   1.7395020e+01
   2.0109500e+05   1.4953613e+01
   2.0297800e+05   1.4953613e+01
   2.0938700e+05   1.5197754e+01
   2.1180000e+05   1.6418457e+01
   2.1776900e+05   1.5319824e+01
   2.2422100e+05   1.4648438e+01
   2.2526700e+05   1.5625000e+01
   2.3901200e+05   1.5075684e+01
   2.4402400e+05   1.5380859e+01
   2.4855400e+05   1.5380859e+01
   2.5034300e+05   1.6601562e+01
   2.5496100e+05   1.5014648e+01
   2.6075000e+05   1.7150879e+01
   2.6274100e+05   1.5136719e+01
   2.7062200e+05   1.5625000e+01
   2.7234600e+05   1.7333984e+01
   2.8881000e+05   1.5075684e+01
   2.8924400e+05   1.5380859e+01
   2.8930600e+05   1.5014648e+01
   2.9011600e+05   1.5014648e+01
   2.9600600e+05   1.4770508e+01
   2.9769000e+05   1.5991211e+01
   3.0078700e+05   1.5747070e+01
   3.0214500e+05   1.6113281e+01
   3.0460700e+05   1.6113281e+01
   3.0614400e+05   1.5380859e+01
   3.0848000e+05   1.4831543e+01
   3.1405400e+05   1.6113281e+01
   3.1463500e+05   1.7456055e+01
   3.2482400e+05   1.5380859e+01
   3.2552600e+05   1.4953613e+01
   3.2771400e+05   1.5686035e+01
   3.3219300e+05   1.5380859e+01
   3.4396300e+05   1.5075684e+01
   3.4834500e+05   1.4709473e+01
   3.6170300e+05   1.4648438e+01
   3.6178000e+05   1.5075684e+01
   3.6181400e+05   1.7700195e+01
   3.6919100e+05   1.5563965e+01
   3.7315100e+05   1.4587402e+01
   3.8056900e+05   1.8920898e+01
   3.8715300e+05   1.6235352e+01
   4.0114000e+05   1.5319824e+01
   4.0760400e+05   1.6113281e+01
   4.1422900e+05   1.6601562e+01
   4.1903300e+05   1.5197754e+01
   4.3172900e+05   1.6967773e+01
   4.3402700e+05   1.5747070e+01
   4.3605500e+05   1.5563965e+01
   4.4143700e+05   1.7761230e+01
   4.4548200e+05   1.5319824e+01
   4.4832800e+05   1.6540527e+01
   4.5069400e+05   1.6113281e+01
   4.5230400e+05   1.5686035e+01
   4.5496600e+05   1.5502930e+01
   4.6452000e+05   1.4648438e+01
   4.6725200e+05   1.5075684e+01
   4.6848200e+05   1.5441895e+01
   4.6914100e+05   1.4831543e+01
   4.7171900e+05   1.5197754e+01
   4.7181400e+05   1.5014648e+01
   4.7318700e+05   1.4770508e+01
   4.7327200e+05   1.4831543e+01
   4.7449300e+05   1.5502930e+01
   4.8182300e+05   1.5258789e+01
   4.8412500e+05   1.4770508e+01
   4.8651800e+05   1.4709473e+01
   4.8890900e+05   1.5014648e+01
   4.9088300e+05   1.5686035e+01
   5.0247400e+05   1.4587402e+01
   5.0550800e+05   1.4953613e+01
   5.0874500e+05   1.4587402e+01
   5.1414300e+05   1.6601562e+01
   5.1546400e+05   1.4831543e+01
   5.1927800e+05   1.5014648e+01
   5.2067700e+05   1.5991211e+01
   5.2505200e+05   1.8432617e+01
   5.2732700e+05   1.4892578e+01
   5.2745100e+05   1.5075684e+01
   5.3437900e+05   1.5869141e+01
   5.3520200e+05   1.5441895e+01
   5.3753800e+05   1.4648438e+01
   5.3886000e+05   1.6723633e+01
   5.4117600e+05   1.4709473e+01
   5.4537700e+05   1.5991211e+01
   5.4550300e+05   1.6906738e+01
   5.5330100e+05   1.5686035e+01
   5.5353300e+05   1.4648438e+01
   5.5980100e+05   1.7639160e+01
   5.6453900e+05   1.4587402e+01
   5.6881800e+05   1.4648438e+01
   5.7474200e+05   1.6052246e+01
   5.7748300e+05   1.5747070e+01
   5.7969200e+05   1.5380859e+01
   5.8149600e+05   1.7211914e+01
   5.8360700e+05   1.4587402e+01
   5.8519600e+05   1.4648438e+01
   5.8547100e+05   1.4770508e+01
   5.8763700e+05   1.4770508e+01
   6.0432200e+05   1.5197754e+01
   6.0549200e+05   1.4953613e+01
   6.0842600e+05   1.4892578e+01
   6.0930900e+05   1.4770508e+01
   6.1077400e+05   1.4831543e+01
   6.1424400e+05   1.6601562e+01
   6.2194500e+05   1.5625000e+01
   6.2736300e+05   1.6479492e+01
   6.2943000e+05   1.5869141e+01
   6.4078100e+05   1.5258789e+01
   6.4426900e+05   1.4587402e+01
   6.4475000e+05   1.5930176e+01
   6.4694600e+05   1.4953613e+01
   6.5104400e+05   1.5319824e+01
   6.5190900e+05   1.4953613e+01
   6.5208000e+05   1.5075684e+01
   6.5688700e+05   1.6357422e+01
   6.6679500e+05   1.5808105e+01
   6.7437100e+05   1.5625000e+01
   6.8206000e+05   1.4892578e+01
   6.8339900e+05   1.6784668e+01
   6.9007300e+05   1.5075684e+01
   6.9324100e+05   1.4953613e+01
   6.9800300e+05   1.6052246e+01
   6.9935200e+05   1.4648438e+01
   7.0112200e+05   1.9348145e+01
   7.0768900e+05   1.5319824e+01
   7.0862800e+05   1.6418457e+01
   7.1294100e+05   1.4770508e+01
   7.1678300e+05   1.4709473e+01
   7.1774800e+05   1.5502930e+01
   7.2061400e+05   1.5625000e+01
   7.2600700e+05   1.5441895e+01
   7.3065200e+05   1.5197754e+01
   7.3178800e+05   1.6113281e+01
   7.4457100e+05   1.5930176e+01
   7.4955000e+05   1.4587402e+01
   7.5051800e+05   1.7883301e+01
   7.5246300e+05   1.5625000e+01
   7.5549100e+05   1.4648438e+01
   7.5587400e+05   1.6479492e+01
   7.6540400e+05   1.5441895e+01
   7.7802900e+05   1.6113281e+01
   7.8561800e+05   1.4953613e+01
   7.8686500e+05   1.4892578e+01
   7.8870400e+05   1.4831543e+01
   7.9296900e+05   1.4709473e+01
   7.9401400e+05   1.5625000e+01
   7.9762600e+05   1.5380859e+01
   8.0127900e+05   1.5502930e+01
   8.0244300e+05   1.4831543e+01
   8.0500800e+05   1.5930176e+01
   8.2308100e+05   1.8066406e+01
   8.2415500e+05   1.5258789e+01
   8.2466500e+05   1.4953613e+01
   8.3030700e+05   1.7272949e+01
   8.3112000e+05   1.5869141e+01
   8.3318100e+05   1.5625000e+01
   8.3684800e+05   1.6418457e+01
   8.3707100e+05   1.4831543e+01
   8.3793700e+05   1.5319824e+01
   8.4677500e+05   1.6418457e+01
   8.4827400e+05   1.4648438e+01
   8.5007600e+05   1.4709473e+01
   8.5956700e+05   1.5625000e+01
   8.6681800e+05   1.4892578e+01
   8.6893100e+05   1.5136719e+01
   8.7064800e+05   1.5136719e+01
   8.7411700e+05   1.5502930e+01
   8.7975700e+05   1.6113281e+01
   8.8288500e+05   1.5014648e+01
   8.8449300e+05   1.6113281e+01
   8.8792400e+05   1.6601562e+01
   8.8928600e+05   1.4953613e+01
   8.9817300e+05   1.5869141e+01
   8.9975000e+05   1.5563965e+01
   9.0136700e+05   1.4892578e+01
   9.0253900e+05   1.5319824e+01
   9.0654100e+05   1.4587402e+01
   9.0725900e+05   1.5197754e+01
   9.1116800e+05   1.6174316e+01
   9.2571200e+05   1.4587402e+01
   9.2684000e+05   1.5319824e+01
   9.3241300e+05   1.5014648e+01
   9.3663200e+05   1.4770508e+01
   9.3740600e+05   1.6540527e+01
   9.3809000e+05   1.5075684e+01
   9.3894100e+05   1.5502930e+01
   9.4018100e+05   1.5869141e+01
   9.4338000e+05   1.5075684e+01
   9.4428300e+05   1.4648438e+01
   9.4980500e+05   1.4648438e+01
   9.5298300e+05   1.4831543e+01
   9.6408500e+05   1.5258789e+01
   9.7774000e+05   1.4892578e+01
   9.7960000e+05   1.4892578e+01
   9.8260900e+05   1.5625000e+01
   9.8838500e+05   1.8249512e+01
   9.9352400e+05   1.7089844e+01
   9.9944500e+05   1.5197754e+01
   1.0018200e+06   1.4587402e+01
   1.0055670e+06   1.5075684e+01
   1.0081520e+06   1.6845703e+01
   1.0104590e+06   1.5075684e+01
   1.0114790e+06   1.5075684e+01
   1.0169440e+06   1.6662598e+01
   1.0186370e+06   1.5502930e+01
   1.0189560e+06   1.5747070e+01
   1.0214930e+06   1.5380859e+01
   1.0229720e+06   1.4831543e+01
   1.0289450e+06   1.5441895e+01
   1.0438730e+06   1.5014648e+01
   1.0484260e+06   1.5441895e+01
   1.0552460e+06   1.4770508e+01
   1.0586760e+06   1.5136719e+01
   1.0683060e+06   1.7150879e+01
   1.0732430e+06   1.5686035e+01
   1.0770530e+06   1.5563965e+01
   1.0813460e+06   1.6662598e+01
   1.0829410e+06   1.5563965e+01
   1.0837640e+06   1.7395020e+01
   1.0877330e+06   1.5075684e+01
   1.0899720e+06   1.7822266e+01
   1.0946000e+06   1.5869141e+01
   1.0989860e+06   1.4587402e+01
   1.1003870e+06   1.5625000e+01
   1.1026470e+06   1.5258789e+01
   1.1053200e+06   1.4709473e+01
   1.1067910e+06   1.5014648e+01
   1.1096220e+06   1.5197754e+01
   1.1103040e+06   1.8432617e+01
   1.1144810e+06   1.5197754e+01
   1.1212530e+06   1.6113281e+01
   1.1309470e+06   1.6540527e+01
   1.1339090e+06   1.4831543e+01
   1.1357040e+06   1.4953613e+01
   1.1392110e+06   1.4709473e+01
   1.1409290e+06   1.6601562e+01
   1.1457770e+06   1.5319824e+01
   1.1491860e+06   1.5319824e+01
   1.1549700e+06   1.5197754e+01
   1.1572020e+06   1.6479492e+01
   1.1581630e+06   1.7333984e+01
   1.1622970e+06   1.4892578e+01
   1.1646410e+06   1.5991211e+01
   1.1658070e+06   1.5869141e+01
   1.1679710e+06   1.4953613e+01
   1.1693470e+06   1.5563965e+01
   1.1715840e+06   1.5502930e+01
   1.1729620e+06   1.5991211e+01
   1.1839570e+06   1.4709473e+01
   1.1898600e+06   1.4770508e+01
   1.1925690e+06   1.7028809e+01
   1.1986140e+06   1.4648438e+01
   1.2010150e+06   1.5563965e+01
   1.2048160e+06   1.5747070e+01
   1.2069870e+06   1.4587402e+01
   1.2120020e+06   1.4953613e+01
   1.2156650e+06   1.4831543e+01
   1.2180250e+06   1.5380859e+01
   1.2192380e+06   1.7028809e+01
   1.2246160e+06   1.6357422e+01
   1.2258790e+06   1.4892578e+01
   1.2286740e+06   1.5441895e+01
   1.2303230e+06   1.5441895e+01
   1.2321720e+06   1.4892578e+01
   1.2409550e+06   1.5319824e+01
   1.2420910e+06   1.5197754e+01
   1.2422470e+06   1.6662598e+01
   1.2447780e+06   1.5258789e+01
   1.2498340e+06   1.4892578e+01
   1.2559930e+06   1.5319824e+01
   1.2578700e+06   1.5380859e+01
   1.2618550e+06   1.4587402e+01
   1.2690100e+06   1.5319824e+01
   1.2727270e+06   1.6052246e+01
   1.2775160e+06   1.6784668e+01
   1.2808340e+06   1.5747070e+01
   1.2823460e+06   1.4587402e+01
   1.2869790e+06   1.4709473e+01
   1.2887530e+06   1.5441895e+01
   1.2952210e+06   1.5258789e+01
   1.3110860e+06   1.5930176e+01
   1.3158710e+06   1.5441895e+01
   1.3277640e+06   1.6235352e+01
   1.3290140e+06   1.5319824e+01
   1.3341970e+06   1.4587402e+01
   1.3361170e+06   1.5747070e+01
   1.3385940e+06   1.4587402e+01
   1.3455770e+06   1.4587402e+01
   1.3463720e+06   1.5380859e+01
   1.3472440e+06   1.4587402e+01
   1.3532000e+06   1.7333984e+01
   1.3547200e+06   1.5930176e+01
   1.3560210e+06   1.5258789e+01
   1.3573590e+06   1.5075684e+01
   1.3601090e+06   1.4587402e+01
   1.3608260e+06   1.5747070e+01
   1.3627980e+06   1.5869141e+01
   1.3672100e+06   1.5991211e+01
   1.3693700e+06   1.5380859e+01
   1.3703040e+06   1.5197754e+01
   1.3773340e+06   1.5930176e+01
   1.3816790e+06   1.5930176e+01
   1.3859090e+06   1.5563965e+01
   1.3907370e+06   1.4709473e+01
   1.3953920e+06   1.4770508e+01
   1.4031640e+06   1.5258789e+01
   1.4061030e+06   1.7578125e+01
   1.4079200e+06   1.5502930e+01
   1.4128260e+06   1.4709473e+01
   1.4203450e+06   1.5502930e+01
   1.4236570e+06   1.5075684e+01
   1.4264540e+06   1.4892578e+01
   1.4324610e+06   1.5075684e+01
   1.4348710e+06   1.4587402e+01
   1.4375470e+06   1.7150879e+01
   1.4393990e+06   1.5014648e+01
   1.4429210e+06   1.5014648e+01
   1.4440800e+06   1.5014648e+01
   1.4457190e+06   1.4709473e+01
   1.4487000e+06   1.5686035e+01
   1.4500380e+06   1.4892578e+01
   1.4593220e+06   1.5075684e+01
   1.4634020e+06   1.4648438e+01
   1.4659200e+06   1.5075684e+01
   1.4668670e+06   1.5441895e+01
   1.4710530e+06   1.5686035e+01
   1.4800410e+06   1.6967773e+01
   1.4885390e+06   1.5380859e+01
   1.4894010e+06   1.4953613e+01
   1.4901010e+06   1.5563965e+01
   1.4910180e+06   1.5014648e+01
   1.4922510e+06   1.6113281e+01
   1.4971950e+06   1.6113281e+01
   1.4989480e+06   1.4831543e+01
   1.5020580e+06   1.4648438e+01
   1.5027110e+06   1.5563965e+01
   1.5081830e+06   1.4587402e+01
   1.5106760e+06   1.4770508e+01
   1.5178000e+06   1.6235352e+01
   1.5271850e+06   1.6113281e+01
   1.5273770e+06   1.5319824e+01
   1.5286500e+06   1.5441895e+01
   1.5350180e+06   1.6296387e+01
   1.5477070e+06   1.5930176e+01
   1.5487240e+06   1.6784668e+01
   1.5534170e+06   1.5563965e+01
   1.5590040e+06   1.6601562e+01
   1.5608630e+06   1.5563965e+01
   1.5655740e+06   1.5563965e+01
   1.5681080e+06   1.5686035e+01
   1.5683090e+06   1.6601562e+01
   1.5721080e+06   1.6357422e+01
   1.5782130e+06   1.6601562e+01
   1.5822700e+06   1.5136719e+01
   1.5913460e+06   1.4648438e+01
   1.5987830e+06   1.5441895e+01
   1.6058420e+06   1.4892578e+01
   1.6114270e+06   1.6174316e+01
   1.6147070e+06   1.5136719e+01
   1.6217440e+06   1.7150879e+01
   1.6253700e+06   1.6540527e+01
   1.6275300e+06   1.4587402e+01
   1.6289230e+06   1.4831543e+01
   1.6314020e+06   1.5991211e+01
   1.6511110e+06   1.4587402e+01
   1.6612140e+06   1.4709473e+01
   1.6627200e+06   1.6723633e+01
   1.6658460e+06   1.7272949e+01
   1.6740220e+06   1.5808105e+01
   1.6784290e+06   1.4709473e+01
   1.6809490e+06   1.4770508e+01
   1.6811260e+06   1.5197754e+01
   1.6826990e+06   1.4709473e+01
   1.7022620e+06   1.5197754e+01
   1.7033910e+06   1.5747070e+01
   1.7067550e+06   1.5563965e+01
   1.7153510e+06   1.5747070e+01
   1.7269310e+06   1.5136719e+01
   1.7327960e+06   1.4831543e+01
   1.7363690e+06   1.6662598e+01
   1.7377690e+06   1.5136719e+01
   1.7416230e+06   1.6479492e+01
   1.7502770e+06   1.5686035e+01
   1.7575960e+06   1.5869141e+01
   1.7586200e+06   1.5747070e+01
   1.7602420e+06   1.8554688e+01
   1.7667380e+06   1.6357422e+01
   1.7717080e+06   1.6662598e+01
   1.7730420e+06   1.5075684e+01
   1.7756860e+06   1.5380859e+01
   1.7773110e+06   1.6174316e+01
   1.7809320e+06   1.7395020e+01
   1.7877160e+06   1.5869141e+01
   1.7912710e+06   1.5136719e+01
   1.7914490e+06   1.4892578e+01
   1.7981140e+06   1.4648438e+01
   1.8004670e+06   1.5502930e+01
   1.8036870e+06   1.5197754e+01
   1.8068660e+06   1.4831543e+01
   1.8136760e+06   1.5747070e+01
   1.8152040e+06   1.4831543e+01
   1.8189140e+06   1.5014648e+01
   1.8224970e+06   1.6479492e+01
   1.8249200e+06   1.4587402e+01
   1.8307300e+06   1.5441895e+01
   1.8407390e+06   1.7150879e+01
   1.8450250e+06   1.5441895e+01
   1.8470430e+06   1.5808105e+01
   1.8530040e+06   1.5197754e+01
   1.8552550e+06   1.5319824e+01
   1.8593500e+06   1.4648438e+01
   1.8652890e+06   1.4831543e+01
   1.8682140e+06   1.5441895e+01
   1.8758800e+06   1.6113281e+01
   1.8940960e+06   1.5441895e+01
   1.9018210e+06   1.5136719e+01
   1.9138850e+06   1.6723633e+01
   1.9173140e+06   1.4648438e+01
   1.9203580e+06   1.6845703e+01
   1.9222410e+06   1.5380859e+01
   1.9239810e+06   1.5747070e+01
   1.9305840e+06   1.4770508e+01
   1.9333330e+06   1.4587402e+01
   1.9340000e+06   1.8310547e+01
   1.9355890e+06   1.6662598e+01
   1.9386160e+06   1.5625000e+01
   1.9413450e+06   1.5258789e+01
   1.9472850e+06   1.5319824e+01
   1.9518610e+06   1.5869141e+01
   1.9560370e+06   1.5563965e+01
   1.9563660e+06   1.5136719e+01
   1.9572200e+06   1.8188477e+01
   1.9700770e+06   1.5380859e+01
   1.9715620e+06   1.5258789e+01
   1.9781250e+06   1.5502930e+01
   1.9854120e+06   1.5502930e+01
   1.9977460e+06   1.5380859e+01
   2.0337290e+06   1.4709473e+01
   2.0402040e+06   1.7639160e+01
   2.0419410e+06   1.5014648e+01
   2.0451320e+06   1.4892578e+01
   2.0480060e+06   1.4709473e+01
   2.0507580e+06   1.4709473e+01
   2.0602370e+06   1.5319824e+01
   2.0721780e+06   1.5136719e+01
   2.0763120e+06   1.4709473e+01
   2.0782310e+06   1.5319824e+01
   2.0818030e+06   1.5625000e+01
   2.0830710e+06   1.8981934e+01
   2.0834060e+06   1.5380859e+01
   2.0870380e+06   1.4587402e+01
   2.0937700e+06   1.5380859e+01
   2.0939390e+06   1.5197754e+01
   2.1061330e+06   1.5625000e+01
   2.1100010e+06   1.5502930e+01
   2.1107620e+06   1.5991211e+01
   2.1117610e+06   1.5258789e+01
   2.1120080e+06   1.5991211e+01
   2.1145910e+06   1.5014648e+01
   2.1179190e+06   1.5136719e+01
   2.1246890e+06   1.5319824e+01
   2.1358550e+06   1.6174316e+01
   2.1368890e+06   1.5502930e+01
   2.1427090e+06   1.5197754e+01
   2.1511980e+06   1.5869141e+01
   2.1587050e+06   1.6723633e+01
   2.1587780e+06   1.4770508e+01
   2.1602760e+06   1.6235352e+01
   2.1720260e+06   1.5747070e+01
   2.1721830e+06   1.5197754e+01
   2.1785790e+06   1.5808105e+01
   2.1839010e+06   1.5686035e+01
   2.1897250e+06   1.4831543e+01
   2.1925150e+06   1.4892578e+01
   2.1995620e+06   1.4587402e+01
   2.2008010e+06   1.4892578e+01
   2.2110990e+06   1.5075684e+01
   2.2161500e+06   1.5441895e+01
   2.2177110e+06   1.5197754e+01
   2.2283850e+06   1.5441895e+01
   2.2339930e+06   1.5258789e+01
   2.2345520e+06   1.5563965e+01
   2.2398820e+06   1.4892578e+01
   2.2499030e+06   1.4892578e+01
   2.2513220e+06   1.9226074e+01
   2.2589500e+06   1.5197754e+01
   2.2653210e+06   1.5319824e+01
   2.2660040e+06   1.4831543e+01
   2.2752490e+06   1.5502930e+01
   2.2780870e+06   1.6113281e+01
   2.2933770e+06   1.6967773e+01
   2.2951850e+06   1.4831543e+01
   2.2974120e+06   1.5014648e+01
   2.3002540e+06   1.4831543e+01
   2.3061900e+06   1.5197754e+01
   2.3102710e+06   1.5747070e+01
   2.3120850e+06   1.4709473e+01
   2.3123810e+06   1.4770508e+01
   2.3148360e+06   1.5991211e+01
   2.3166330e+06   1.5014648e+01
   2.3183900e+06   1.9348145e+01
   2.3225250e+06   1.5991211e+01
   2.3270060e+06   1.4587402e+01
   2.3357830e+06   1.5991211e+01
   2.3480060e+06   1.5136719e+01
   2.3494490e+06   1.5380859e+01
   2.3551020e+06   1.5930176e+01
   2.3559330e+06   1.7211914e+01
   2.3652240e+06   1.8432617e+01
   2.3710160e+06   1.4709473e+01
   2.3733070e+06   1.5563965e+01
   2.3869050e+06   1.5014648e+01
   2.3978030e+06   1.6723633e+01
   2.4004490e+06   1.5380859e+01
   2.4005320e+06   1.6296387e+01
   2.4013990e+06   1.5136719e+01
   2.4038590e+06   1.5502930e+01
   2.4071250e+06   1.5808105e+01
   2.4137580e+06   1.5075684e+01
   2.4142860e+06   1.4770508e+01
   2.4230640e+06   1.4709473e+01
   2.4247040e+06   1.5014648e+01
   2.4271140e+06   1.5319824e+01
   2.4372490e+06   1.8188477e+01
   2.4491220e+06   1.4770508e+01
   2.4529280e+06   1.4709473e+01
   2.4598340e+06   1.4648438e+01
   2.4691040e+06   1.6540527e+01
   2.4740640e+06   1.6967773e+01
   2.4754760e+06   1.5747070e+01
   2.4796770e+06   1.5869141e+01
   2.4810510e+06   1.5197754e+01
   2.4833430e+06   1.4587402e+01
   2.4868290e+06   1.4892578e+01
   2.4877760e+06   1.5014648e+01
   2.4901220e+06   1.5014648e+01
   2.4920230e+06   1.6174316e+01
   2.4984670e+06   1.5991211e+01
   2.5062590e+06   1.6479492e+01
   2.5074490e+06   1.5014648e+01
   2.5156150e+06   1.5686035e+01
   2.5162530e+06   1.5808105e+01
   2.5171240e+06   1.5747070e+01
   2.5206220e+06   1.7456055e+01
   2.5253940e+06   1.5380859e+01
   2.5289100e+06   1.5991211e+01
   2.5295250e+06   1.8005371e+01
   2.5303210e+06   1.6052246e+01
   2.5315120e+06   1.6357422e+01
   2.5368300e+06   1.6601562e+01
   2.5381410e+06   1.6540527e+01
   2.5440180e+06   1.5197754e+01
   2.5452000e+06   1.5441895e+01
   2.5478320e+06   1.5197754e+01
   2.5523150e+06   1.5319824e+01
   2.5551040e+06   1.5502930e+01
   2.5653430e+06   1.5319824e+01
   2.5715330e+06   1.5075684e+01
   2.5758830e+06   1.5075684e+01
   2.5792460e+06   1.4709473e+01
   2.5863840e+06   1.5380859e+01
   2.5892920e+06   1.8798828e+01
   2.5913640e+06   1.5014648e+01
   2.5947910e+06   1.5014648e+01
   2.5964720e+06   1.4587402e+01
   2.6018590e+06   1.5808105e+01
   2.6083810e+06   1.4648438e+01
   2.6164140e+06   1.4709473e+01
   2.6175640e+06   1.6174316e+01
   2.6202910e+06   1.5563965e+01
   2.6241450e+06   1.4831543e+01
   2.6344090e+06   1.5014648e+01
   2.6363340e+06   1.7089844e+01
   2.6380410e+06   1.4587402e+01
   2.6394980e+06   1.5991211e+01
   2.6404550e+06   1.5625000e+01
   2.6407150e+06   1.8127441e+01
   2.6434160e+06   1.6784668e+01
   2.6468900e+06   1.5319824e+01
   2.6630370e+06   1.5319824e+01
   2.6717130e+06   1.4709473e+01
   2.6726230e+06   1.4709473e+01
   2.6742120e+06   1.4892578e+01
   2.6807940e+06   1.5869141e+01
   2.6817370e+06   1.5563965e+01
   2.6821480e+06   1.4648438e+01
   2.6907320e+06   1.5991211e+01
   2.6975670e+06   1.8310547e+01
   2.7045420e+06   1.5136719e+01
   2.7077110e+06   1.5258789e+01
   2.7117340e+06   1.5075684e+01
   2.7169320e+06   1.6296387e+01
   2.7189440e+06   1.5686035e+01
   2.7219350e+06   1.6967773e+01
   2.7266960e+06   1.5686035e+01
   2.7306260e+06   1.5014648e+01
   2.7341300e+06   1.4770508e+01
   2.7414990e+06   1.5991211e+01
   2.7434540e+06   1.4770508e+01
   2.7457710e+06   1.4709473e+01
   2.7492120e+06   1.5197754e+01
   2.7606590e+06   1.5197754e+01
   2.7647980e+06   1.5441895e+01
   2.7656700e+06   1.4587402e+01
   2.7673700e+06   1.7395020e+01
   2.7794560e+06   1.4892578e+01
   2.7834860e+06   1.4587402e+01
   2.7857740e+06   1.7028809e+01
   2.7870990e+06   1.5869141e+01
   2.7906210e+06   1.4831543e+01
   2.7912800e+06   1.4831543e+01
   2.7940360e+06   1.4770508e+01
   2.7944500e+06   1.5319824e+01
   2.7971020e+06   1.5136719e+01
   2.7980730e+06   1.4709473e+01
   2.8001830e+06   1.5319824e+01
   2.8022930e+06   1.4709473e+01
   2.8036970e+06   1.4953613e+01
   2.8052870e+06   1.4831543e+01
   2.8075390e+06   1.4770508e+01
   2.8255270e+06   1.6601562e+01
   2.8294460e+06   1.6296387e+01
   2.8309790e+06   1.4831543e+01
   2.8345860e+06   1.5258789e+01
   2.8376480e+06   1.8676758e+01
   2.8460080e+06   1.4587402e+01
   2.8579470e+06   1.4648437e+01
   2.8700240e+06   1.4648438e+01
   2.8795830e+06   1.4587402e+01
   2.9090230e+06   1.4953613e+01
   2.9142770e+06   1.5563965e+01
   2.9148950e+06   1.6845703e+01
   2.9308170e+06   1.6174316e+01
   2.9313620e+06   1.4831543e+01
   2.9330820e+06   1.4587402e+01
   2.9431660e+06   1.4953613e+01
   2.9446850e+06   1.8676758e+01
   2.9520500e+06   1.4648438e+01
   2.9608870e+06   1.4831543e+01
   2.9642510e+06   1.4648438e+01
   2.9664580e+06   1.5991211e+01
   2.9668190e+06   1.4709473e+01
   2.9674030e+06   1.5197754e+01
   2.9829680e+06   1.4587402e+01
   2.9850000e+06   1.4831543e+01
   2.9925070e+06   1.5625000e+01
   2.9981210e+06   1.4770508e+01
