   5.9990000e+06   0.0000000e+00
   7.7030000e+03   2.0446777e+01
   9.7770000e+03   4.7119141e+01
   1.0038000e+04   2.1423340e+01
   1.0140000e+04   5.6518555e+01
   1.0159000e+04   2.7709961e+01
   1.0204000e+04   3.5827637e+01
   1.0229000e+04   2.9174805e+01
   1.0259000e+04   4.6569824e+01
   1.0307000e+04   3.5278320e+01
   1.0333000e+04   2.7709961e+01
   1.0359000e+04   2.4169922e+01
   1.0404000e+04   2.1606445e+01
   1.0551000e+04   2.0629883e+01
   1.1145000e+04   2.1240234e+01
   1.1211000e+04   2.0751953e+01
   1.1299000e+04   2.0629883e+01
   1.1385000e+04   2.5146484e+01
   1.1463000e+04   2.0690918e+01
   1.1626000e+04   2.6062012e+01
   1.1739000e+04   2.4780273e+01
   1.1783000e+04   2.0629883e+01
   1.1878000e+04   3.2958984e+01
   1.2069000e+04   3.2531738e+01
   1.4051000e+04   4.3945313e+01
   1.4169000e+04   3.9611816e+01
   1.4294000e+04   3.5217285e+01
   1.4382000e+04   3.0212402e+01
   1.4479000e+04   2.0690918e+01
   1.4604000e+04   2.3071289e+01
   1.5288000e+04   2.0874023e+01
   1.5364000e+04   2.0874023e+01
   1.6632000e+04   2.0812988e+01
   1.6810000e+04   2.0812988e+01
   3.6486000e+04   2.0690918e+01
   3.9691000e+04   2.0507812e+01
   4.6672000e+04   2.0629883e+01
   4.9560000e+04   2.3803711e+01
   6.0094000e+04   2.4169922e+01
   6.2740000e+04   2.1789551e+01
   6.6653000e+04   2.0629883e+01
   7.1694000e+04   2.0812988e+01
   1.1222700e+05   2.1545410e+01
   1.3094200e+05   3.7414551e+01
   1.3110400e+05   2.2094727e+01
   1.3126200e+05   2.0812988e+01
   1.3127500e+05   2.2155762e+01
   1.3130000e+05   3.5827637e+01
   1.3131100e+05   2.3559570e+01
   1.3135800e+05   5.1391602e+01
   1.3138000e+05   2.6245117e+01
   1.3141700e+05   4.2480469e+01
   1.3145200e+05   2.7099609e+01
   1.3147000e+05   2.4291992e+01
   1.3155900e+05   2.0690918e+01
   1.3163100e+05   2.1484375e+01
   1.3174000e+05   2.3620605e+01
   1.3205400e+05   2.6000977e+01
   1.3214900e+05   2.3803711e+01
   1.3239800e+05   2.1667480e+01
   1.3248300e+05   2.3498535e+01
   1.3255900e+05   2.1667480e+01
   1.3268600e+05   2.3620605e+01
   1.3282300e+05   2.5207520e+01
   1.3296800e+05   2.2888184e+01
   1.7070400e+05   2.0751953e+01
   1.7298900e+05   2.1362305e+01
   1.7543600e+05   3.5949707e+01
   1.7566100e+05   2.3864746e+01
   1.7573400e+05   2.0690918e+01
   1.7578200e+05   4.6813965e+01
   1.7579800e+05   2.3742676e+01
   1.7584200e+05   3.5888672e+01
   1.7589800e+05   3.5949707e+01
   1.7594300e+05   3.0639648e+01
   1.7597800e+05   2.0996094e+01
   1.7599800e+05   2.1057129e+01
   1.7605000e+05   2.2583008e+01
   1.7658500e+05   2.8625488e+01
   1.7675400e+05   2.2521973e+01
   1.7698000e+05   2.2644043e+01
   1.7707700e+05   2.0935059e+01
   1.7719500e+05   2.6733398e+01
   1.7734700e+05   2.2399902e+01
   1.9374700e+05   2.2644043e+01
   2.2460800e+05   2.0568848e+01
   2.5236300e+05   2.2277832e+01
   2.5519100e+05   2.0568848e+01
   2.8626100e+05   2.0507812e+01
   2.9358000e+05   2.0629883e+01
   3.0227800e+05   2.2277832e+01
   3.0764300e+05   2.0690918e+01
   3.1504700e+05   2.0446777e+01
   3.1638800e+05   2.1423340e+01
   3.2594700e+05   2.2094727e+01
   3.3381100e+05   2.0690918e+01
   3.3676400e+05   2.1057129e+01
   3.9624200e+05   2.0568848e+01
   4.0605600e+05   2.1423340e+01
   4.0933200e+05   2.0690918e+01
   4.1207900e+05   2.1728516e+01
   4.2151900e+05   2.0629883e+01
   4.4833800e+05   4.5349121e+01
   4.4850100e+05   2.1850586e+01
   4.4852500e+05   2.0568848e+01
   4.4854600e+05   2.3498535e+01
   4.4858700e+05   5.4748535e+01
   4.4863900e+05   3.3020020e+01
   4.4865700e+05   2.3742676e+01
   4.4868900e+05   2.9418945e+01
   4.4873100e+05   2.3742676e+01
   4.4883700e+05   2.0446777e+01
   4.4936400e+05   2.5817871e+01
   4.4943200e+05   2.5695801e+01
   4.4952300e+05   2.6855469e+01
   4.4964800e+05   2.1118164e+01
   4.4976000e+05   2.4230957e+01
   4.4995500e+05   2.3498535e+01
   4.5011500e+05   3.8391113e+01
   5.2655900e+05   2.0568848e+01
   5.3169000e+05   2.1301270e+01
   5.5650000e+05   2.1911621e+01
   5.5872400e+05   2.0629883e+01
   5.9618700e+05   2.0446777e+01
   6.1083100e+05   4.5043945e+01
   6.1084100e+05   2.0751953e+01
   6.1094400e+05   2.0996094e+01
   6.1102600e+05   2.3132324e+01
   6.1106300e+05   2.8198242e+01
   6.1108200e+05   5.0292969e+01
   6.1110700e+05   2.8686523e+01
   6.1114000e+05   3.5644531e+01
   6.1117100e+05   2.5939941e+01
   6.1120000e+05   3.8452148e+01
   6.1123900e+05   2.3559570e+01
   6.1125200e+05   2.2155762e+01
   6.1132400e+05   2.1606445e+01
   6.1178800e+05   2.0507812e+01
   6.1211300e+05   2.3498535e+01
   6.1218300e+05   2.6123047e+01
   6.1227500e+05   2.4902344e+01
   6.1237200e+05   2.4291992e+01
   6.1249600e+05   2.3376465e+01
   6.1258800e+05   2.6611328e+01
   6.1271700e+05   2.5146484e+01
   6.1735200e+05   4.4982910e+01
   6.1749800e+05   5.0842285e+01
   6.1765600e+05   4.2419434e+01
   6.1775000e+05   3.8574219e+01
   6.1785300e+05   3.5278320e+01
   6.1795300e+05   2.7587891e+01
   6.1808500e+05   3.5461426e+01
   6.1815800e+05   2.2949219e+01
   6.1824500e+05   2.6916504e+01
   6.1834700e+05   2.6000977e+01
   6.1845500e+05   2.3620605e+01
   6.1854500e+05   2.3925781e+01
   6.1864400e+05   2.5207520e+01
   6.1873500e+05   2.2827148e+01
   6.1883700e+05   2.2338867e+01
   6.1911300e+05   2.0812988e+01
   6.1929800e+05   2.2155762e+01
   6.1945400e+05   3.1860352e+01
   6.3965200e+05   2.2277832e+01
   6.4115700e+05   2.0446777e+01
   6.5013800e+05   2.1667480e+01
   6.6046800e+05   2.3254395e+01
   6.7138000e+05   2.2094727e+01
   6.9943000e+05   2.0996094e+01
   7.1408200e+05   2.1667480e+01
   7.3688100e+05   2.1301270e+01
   7.4526300e+05   2.0751953e+01
   7.4752600e+05   5.2246094e+01
   7.4754500e+05   2.0690918e+01
   7.4783100e+05   2.2033691e+01
   7.4785200e+05   2.4719238e+01
   7.4788100e+05   5.2001953e+01
   7.4793700e+05   3.7658691e+01
   7.4795300e+05   2.8076172e+01
   7.4797100e+05   2.2155762e+01
   7.4799900e+05   2.9907227e+01
   7.4803400e+05   2.4841309e+01
   7.4874600e+05   2.3559570e+01
   7.4891400e+05   2.0996094e+01
   7.4900000e+05   2.8259277e+01
   7.4909900e+05   3.2226562e+01
   7.4922800e+05   2.2277832e+01
   7.4942500e+05   3.6926270e+01
   7.4959100e+05   3.3264160e+01
   7.8308400e+05   2.2827148e+01
   7.8626400e+05   2.1057129e+01
   7.9456000e+05   2.4047852e+01
   8.0657300e+05   2.1118164e+01
   8.1101800e+05   4.4982910e+01
   8.1132400e+05   2.2277832e+01
   8.1136000e+05   2.1301270e+01
   8.1139000e+05   2.6611328e+01
   8.1141600e+05   5.1879883e+01
   8.1143200e+05   2.2399902e+01
   8.1146700e+05   2.1606445e+01
   8.1147900e+05   3.3630371e+01
   8.1152800e+05   3.7780762e+01
   8.1154800e+05   2.1118164e+01
   8.1159400e+05   2.4597168e+01
   8.1162700e+05   2.9663086e+01
   8.1205400e+05   2.4597168e+01
   8.1219700e+05   2.2338867e+01
   8.1222600e+05   2.3193359e+01
   8.1231800e+05   2.7587891e+01
   8.1237300e+05   2.2521973e+01
   8.1248100e+05   2.3010254e+01
   8.1254600e+05   2.1240234e+01
   8.1259400e+05   2.1606445e+01
   8.1268800e+05   2.3376465e+01
   8.1277700e+05   2.4536133e+01
   8.1288600e+05   2.6733398e+01
   8.4058400e+05   2.0446777e+01
   8.4801200e+05   2.2766113e+01
   8.4849500e+05   2.4841309e+01
   8.4851700e+05   4.8156738e+01
   8.4858500e+05   3.6804199e+01
   8.4863500e+05   3.9306641e+01
   8.4867400e+05   3.3264160e+01
   8.4869400e+05   2.1240234e+01
   8.4874400e+05   3.1433105e+01
   8.4919200e+05   2.4414063e+01
   8.4960000e+05   2.0812988e+01
   8.4978100e+05   2.1362305e+01
   8.4989900e+05   2.1606445e+01
   8.5000900e+05   2.3681641e+01
   8.5013000e+05   2.8747559e+01
   8.6737600e+05   2.1179199e+01
   8.7260300e+05   2.0507812e+01
   8.9428000e+05   2.0568848e+01
   9.0862400e+05   2.1301270e+01
   9.3701800e+05   2.1301270e+01
   9.5084600e+05   2.3376465e+01
   9.5310300e+05   2.1179199e+01
   1.0037320e+06   2.3498535e+01
   1.0083520e+06   2.1972656e+01
   1.0135880e+06   2.1240234e+01
   1.0151620e+06   2.2705078e+01
   1.0175060e+06   2.2399902e+01
   1.0177740e+06   2.0751953e+01
   1.0330610e+06   2.2399902e+01
   1.0409830e+06   2.1484375e+01
   1.0461790e+06   2.1789551e+01
   1.0616670e+06   2.1606445e+01
   1.0621890e+06   4.5898438e+01
   1.0624420e+06   2.2399902e+01
   1.0625350e+06   2.3376465e+01
   1.0625660e+06   2.3803711e+01
   1.0626210e+06   3.8513184e+01
   1.0626630e+06   2.3376465e+01
   1.0626770e+06   3.3691406e+01
   1.0627350e+06   2.9785156e+01
   1.0627820e+06   2.8442383e+01
   1.0628460e+06   2.5878906e+01
   1.0630990e+06   2.0874023e+01
   1.0634820e+06   2.1972656e+01
   1.0635480e+06   2.1240234e+01
   1.0636740e+06   2.2094727e+01
   1.0637580e+06   2.6611328e+01
   1.0638200e+06   2.0690918e+01
   1.0638730e+06   2.6977539e+01
   1.0639720e+06   3.4729004e+01
   1.0642460e+06   2.0996094e+01
   1.1121660e+06   2.0568848e+01
   1.1188870e+06   2.2216797e+01
   1.1266010e+06   2.0996094e+01
   1.1372390e+06   2.0874023e+01
   1.1405710e+06   2.1545410e+01
   1.1583030e+06   2.0507812e+01
   1.1605390e+06   2.0996094e+01
   1.1644220e+06   2.1728516e+01
   1.1759650e+06   2.0629883e+01
   1.1807390e+06   2.3742676e+01
   1.1932200e+06   2.3193359e+01
   1.1960520e+06   2.0935059e+01
   1.2099130e+06   2.1606445e+01
   1.2219620e+06   2.0935059e+01
   1.2243570e+06   5.0720215e+01
   1.2246190e+06   2.1789551e+01
   1.2246570e+06   2.0874023e+01
   1.2246690e+06   2.6550293e+01
   1.2247350e+06   2.1179199e+01
   1.2247680e+06   5.5053711e+01
   1.2248030e+06   2.4780273e+01
   1.2248460e+06   2.9296875e+01
   1.2249110e+06   2.2521973e+01
   1.2249410e+06   2.2521973e+01
   1.2251830e+06   2.1362305e+01
   1.2256970e+06   2.3925781e+01
   1.2258170e+06   2.2766113e+01
   1.2259240e+06   2.8686523e+01
   1.2259520e+06   2.3132324e+01
   1.2260440e+06   2.4719238e+01
   1.2262400e+06   3.6315918e+01
   1.2263620e+06   3.4240723e+01
   1.2556440e+06   2.0629883e+01
   1.2635560e+06   2.3620605e+01
   1.2877150e+06   2.1484375e+01
   1.3174480e+06   2.1179199e+01
   1.3391740e+06   2.0874023e+01
   1.3474960e+06   2.1362305e+01
   1.3580500e+06   2.6000977e+01
   1.3580990e+06   2.1789551e+01
   1.3581480e+06   4.2236328e+01
   1.3581810e+06   2.3498535e+01
   1.3582160e+06   3.7780762e+01
   1.3582380e+06   4.0222168e+01
   1.3582640e+06   3.4240723e+01
   1.3583090e+06   3.8818359e+01
   1.3586940e+06   2.2888184e+01
   1.3592860e+06   2.3498535e+01
   1.3593750e+06   2.1057129e+01
   1.3594720e+06   2.8015137e+01
   1.3595700e+06   2.4353027e+01
   1.3596750e+06   2.3315430e+01
   1.3599650e+06   2.9968262e+01
   1.4250200e+06   2.0446777e+01
   1.4745460e+06   2.2216797e+01
   1.4865970e+06   2.1362305e+01
   1.5101780e+06   5.0720215e+01
   1.5102730e+06   2.5512695e+01
   1.5102860e+06   2.0874023e+01
   1.5103220e+06   2.7709961e+01
   1.5103550e+06   5.7250977e+01
   1.5104120e+06   3.4545898e+01
   1.5104560e+06   3.0944824e+01
   1.5105100e+06   2.2399902e+01
   1.5105250e+06   2.1606445e+01
   1.5109240e+06   2.1118164e+01
   1.5110090e+06   2.0568848e+01
   1.5111480e+06   2.2155762e+01
   1.5112280e+06   2.1362305e+01
   1.5114260e+06   2.1362305e+01
   1.5115230e+06   2.0874023e+01
   1.5116600e+06   2.9357910e+01
   1.5117870e+06   3.0151367e+01
   1.5119040e+06   3.1982422e+01
   1.5120220e+06   2.9113770e+01
   1.5162410e+06   5.7800293e+01
   1.5168830e+06   4.4372559e+01
   1.5170770e+06   4.2053223e+01
   1.5172610e+06   4.1015625e+01
   1.5174140e+06   3.7658691e+01
   1.5175390e+06   3.6804199e+01
   1.5176870e+06   2.8808594e+01
   1.5380300e+06   2.2277832e+01
   1.5434120e+06   2.1606445e+01
   1.5495780e+06   2.1545410e+01
   1.5508250e+06   2.2277832e+01
   1.5575240e+06   4.7790527e+01
   1.5578730e+06   2.8442383e+01
   1.5579320e+06   4.0588379e+01
   1.5579440e+06   2.2460938e+01
   1.5579890e+06   4.1137695e+01
   1.5580150e+06   4.2541504e+01
   1.5580940e+06   2.9602051e+01
   1.5582510e+06   2.2155762e+01
   1.5588180e+06   2.3620605e+01
   1.5589040e+06   2.6123047e+01
   1.5589890e+06   2.9846191e+01
   1.5592280e+06   2.6855469e+01
   1.5593490e+06   2.3193359e+01
   1.5595260e+06   2.4475098e+01
   1.5597380e+06   3.3874512e+01
   1.5796590e+06   2.0812988e+01
   1.5942510e+06   2.1057129e+01
   1.5968550e+06   2.1911621e+01
   1.6412460e+06   2.1484375e+01
   1.6755850e+06   2.3071289e+01
   1.6790860e+06   2.0812988e+01
   1.7063430e+06   5.0537109e+01
   1.7063970e+06   2.5024414e+01
   1.7064730e+06   2.3376465e+01
   1.7065230e+06   2.6367187e+01
   1.7065510e+06   2.4230957e+01
   1.7065670e+06   4.4921875e+01
   1.7065780e+06   2.2705078e+01
   1.7066200e+06   4.6569824e+01
   1.7066770e+06   4.2053223e+01
   1.7067240e+06   2.9907227e+01
   1.7068180e+06   2.1789551e+01
   1.7068390e+06   2.1362305e+01
   1.7068980e+06   2.1850586e+01
   1.7073400e+06   2.0812988e+01
   1.7076860e+06   2.3803711e+01
   1.7077330e+06   2.0507812e+01
   1.7078470e+06   2.2644043e+01
   1.7079480e+06   2.1728516e+01
   1.7080940e+06   3.1066895e+01
   1.7082560e+06   3.0151367e+01
   1.7224200e+06   4.8706055e+01
   1.7226230e+06   5.2368164e+01
   1.7227450e+06   4.2541504e+01
   1.7228260e+06   2.2094727e+01
   1.7228760e+06   4.5959473e+01
   1.7229410e+06   3.9916992e+01
   1.7229990e+06   2.5878906e+01
   1.7230150e+06   2.4902344e+01
   1.7230670e+06   2.0568848e+01
   1.7230910e+06   2.2583008e+01
   1.7237080e+06   2.1423340e+01
   1.7244110e+06   2.2766113e+01
   1.7245410e+06   2.0812988e+01
   1.7246530e+06   2.6733398e+01
   1.7249320e+06   2.4230957e+01
   1.7363550e+06   4.3884277e+01
   1.7364610e+06   4.0832520e+01
   1.7365000e+06   2.3132324e+01
   1.7365240e+06   2.5878906e+01
   1.7365460e+06   5.5358887e+01
   1.7366170e+06   4.4006348e+01
   1.7366850e+06   3.1250000e+01
   1.7367460e+06   3.0151367e+01
   1.7367560e+06   2.2583008e+01
   1.7375160e+06   2.1362305e+01
   1.7378860e+06   2.4353027e+01
   1.7822640e+06   2.1362305e+01
   1.7964310e+06   4.5104980e+01
   1.7964610e+06   2.0935059e+01
   1.7965000e+06   2.1789551e+01
   1.7965200e+06   4.4067383e+01
   1.7965350e+06   3.1066895e+01
   1.7965780e+06   3.6010742e+01
   1.7965880e+06   3.2287598e+01
   1.7966290e+06   3.7170410e+01
   1.7966600e+06   2.7709961e+01
   1.7968860e+06   2.1606445e+01
   1.7973050e+06   2.1667480e+01
   1.7975620e+06   2.3010254e+01
   1.7976990e+06   2.5878906e+01
   1.7977900e+06   2.4291992e+01
   1.7978920e+06   2.1911621e+01
   1.7979750e+06   2.3315430e+01
   1.7981110e+06   2.4475098e+01
   1.7982210e+06   2.8869629e+01
   1.8305850e+06   4.3945313e+01
   1.8306830e+06   5.0537109e+01
   1.8307200e+06   2.3376465e+01
   1.8307570e+06   2.4963379e+01
   1.8307710e+06   3.8085938e+01
   1.8307900e+06   2.1850586e+01
   1.8308130e+06   2.1362305e+01
   1.8308360e+06   2.5451660e+01
   1.8308630e+06   4.2114258e+01
   1.8308790e+06   2.6428223e+01
   1.8309230e+06   4.8278809e+01
   1.8309960e+06   2.3132324e+01
   1.8310160e+06   2.0935059e+01
   1.8318220e+06   2.6794434e+01
   1.8320450e+06   2.1972656e+01
   1.8321310e+06   2.2277832e+01
   1.8326050e+06   2.0446777e+01
   1.8464730e+06   4.5227051e+01
   1.8465350e+06   2.5146484e+01
   1.8465550e+06   2.1728516e+01
   1.8465650e+06   2.1545410e+01
   1.8466000e+06   4.6325684e+01
   1.8466250e+06   2.0446777e+01
   1.8466560e+06   2.8808594e+01
   1.8467130e+06   2.0751953e+01
   1.8474340e+06   2.0446777e+01
   1.8480290e+06   2.4414063e+01
   1.8582980e+06   3.7963867e+01
   1.8583510e+06   2.1667480e+01
   1.8583790e+06   4.3518066e+01
   1.8584260e+06   2.1484375e+01
   1.8584760e+06   3.2592773e+01
   1.8584920e+06   2.0690918e+01
   1.8585650e+06   3.4240723e+01
   1.8586100e+06   2.7770996e+01
   1.8586340e+06   2.7343750e+01
   1.8587050e+06   2.1362305e+01
   1.8588090e+06   2.3376465e+01
   1.8590570e+06   2.2033691e+01
   1.8599540e+06   2.3498535e+01
   1.8694290e+06   4.8400879e+01
   1.8695030e+06   3.8269043e+01
   1.8695170e+06   2.5085449e+01
   1.8695600e+06   3.3752441e+01
   1.8696150e+06   2.0507812e+01
   1.8696400e+06   2.7221680e+01
   1.8696710e+06   2.1423340e+01
   1.8697810e+06   2.1423340e+01
   1.8790090e+06   4.8828125e+01
   1.8790350e+06   2.2460938e+01
   1.8790720e+06   3.8696289e+01
   1.8791100e+06   2.3864746e+01
   1.8791280e+06   4.6936035e+01
   1.8791500e+06   2.1972656e+01
   1.8791970e+06   2.6184082e+01
   1.8792430e+06   3.1738281e+01
   1.8792690e+06   2.1850586e+01
   1.8792840e+06   2.3620605e+01
   1.8793410e+06   2.5939941e+01
   1.8795210e+06   2.1118164e+01
   1.8800320e+06   2.3559570e+01
   1.8802490e+06   2.6000977e+01
   1.8804140e+06   2.3437500e+01
   1.8926860e+06   2.0446777e+01
   1.9043780e+06   2.0446777e+01
   1.9086800e+06   2.2399902e+01
   1.9089360e+06   2.2094727e+01
   1.9327120e+06   2.1179199e+01
   1.9335470e+06   2.1057129e+01
   1.9356440e+06   2.1728516e+01
   1.9464340e+06   2.1179199e+01
   1.9501940e+06   2.2094727e+01
   1.9821850e+06   2.2155762e+01
   1.9875840e+06   2.2521973e+01
   2.0130590e+06   2.2094727e+01
   2.0501310e+06   2.2338867e+01
   2.0550010e+06   2.4902344e+01
   2.0637860e+06   2.0446777e+01
   2.0714870e+06   2.1423340e+01
   2.0745710e+06   2.0507812e+01
   2.1033270e+06   2.1606445e+01
   2.1140570e+06   2.1728516e+01
   2.1170840e+06   2.1545410e+01
   2.1503710e+06   2.1850586e+01
   2.1551990e+06   2.0996094e+01
   2.1886230e+06   2.1423340e+01
   2.1922600e+06   2.1728516e+01
   2.1977580e+06   2.4475098e+01
   2.2008030e+06   2.0690918e+01
   2.2156780e+06   2.1789551e+01
   2.2227820e+06   2.0996094e+01
   2.2686090e+06   2.0446777e+01
   2.3165060e+06   2.0874023e+01
   2.3291840e+06   2.2033691e+01
   2.3475870e+06   2.0874023e+01
   2.3585070e+06   2.1057129e+01
   2.3859260e+06   2.4597168e+01
   2.3993050e+06   2.1484375e+01
   2.3993570e+06   2.3986816e+01
   2.3993970e+06   2.2705078e+01
   2.3994380e+06   2.0446777e+01
   2.3994490e+06   2.0996094e+01
   2.3994790e+06   2.3498535e+01
   2.3995010e+06   3.9184570e+01
   2.3995520e+06   5.7861328e+01
   2.3995960e+06   4.2114258e+01
   2.3996430e+06   2.5634766e+01
   2.3996810e+06   2.6855469e+01
   2.4001800e+06   2.1179199e+01
   2.4002660e+06   2.0507812e+01
   2.4004390e+06   3.0395508e+01
   2.4005390e+06   2.7770996e+01
   2.4006210e+06   2.3315430e+01
   2.4006970e+06   3.2958984e+01
   2.4007810e+06   2.3559570e+01
   2.4008970e+06   2.9357910e+01
   2.4010290e+06   2.9418945e+01
   2.4012560e+06   3.1372070e+01
   2.4309740e+06   2.2094727e+01
   2.4328370e+06   2.1850586e+01
   2.4405190e+06   2.2338867e+01
   2.4519000e+06   2.2949219e+01
   2.4597400e+06   2.1484375e+01
   2.4799780e+06   2.1057129e+01
   2.4866200e+06   2.1057129e+01
   2.5129430e+06   2.0629883e+01
   2.5289770e+06   2.2155762e+01
   2.5325340e+06   2.1362305e+01
   2.5325560e+06   4.5166016e+01
   2.5325880e+06   2.1972656e+01
   2.5326600e+06   2.2583008e+01
   2.5327170e+06   4.4616699e+01
   2.5327420e+06   2.1057129e+01
   2.5327700e+06   4.2602539e+01
   2.5328060e+06   2.3132324e+01
   2.5328490e+06   2.1728516e+01
   2.5332580e+06   2.1911621e+01
   2.5335110e+06   2.2827148e+01
   2.5336130e+06   2.1789551e+01
   2.5336550e+06   2.3620605e+01
   2.5337110e+06   2.5512695e+01
   2.5338050e+06   2.4169922e+01
   2.5338900e+06   2.9968262e+01
   2.5341450e+06   2.5207520e+01
   2.5641440e+06   2.1545410e+01
   2.5936510e+06   2.2094727e+01
   2.5937600e+06   2.1057129e+01
   2.5953650e+06   2.1118164e+01
   2.6171670e+06   2.1545410e+01
   2.6494030e+06   2.1728516e+01
   2.6573250e+06   2.1362305e+01
   2.6667700e+06   2.1057129e+01
   2.6984900e+06   2.0507813e+01
   2.7418400e+06   2.2033691e+01
   2.7618760e+06   4.3029785e+01
   2.7620120e+06   2.3925781e+01
   2.7620430e+06   2.4841309e+01
   2.7620690e+06   2.0935059e+01
   2.7620850e+06   5.2551270e+01
   2.7621190e+06   2.0568848e+01
   2.7621390e+06   4.5166016e+01
   2.7621640e+06   2.3132324e+01
   2.7621850e+06   3.2531738e+01
   2.7622220e+06   2.1728516e+01
   2.7622360e+06   2.1301270e+01
   2.7623370e+06   2.1972656e+01
   2.7626220e+06   2.0751953e+01
   2.7628680e+06   2.4414062e+01
   2.7631040e+06   2.0812988e+01
   2.7631980e+06   3.2165527e+01
   2.7632940e+06   2.8320312e+01
   2.7633770e+06   2.0446777e+01
   2.7635020e+06   2.6062012e+01
   2.7636400e+06   3.2836914e+01
   2.7637850e+06   2.5939941e+01
   2.7766180e+06   2.1423340e+01
   2.8013320e+06   2.2033691e+01
   2.8443110e+06   2.3437500e+01
   2.8569990e+06   2.0812988e+01
   2.8835180e+06   2.0812988e+01
   2.8860520e+06   2.2949219e+01
   2.8950090e+06   2.2277832e+01
   2.9131230e+06   2.2460938e+01
   2.9215320e+06   2.2888184e+01
   2.9469380e+06   2.1057129e+01
   2.9672910e+06   2.3132324e+01
   2.9704210e+06   2.0446777e+01
   2.9714570e+06   5.4077148e+01
   2.9717670e+06   4.5166016e+01
   2.9718390e+06   2.1606445e+01
   2.9719200e+06   2.1240234e+01
   2.9719620e+06   2.1667480e+01
   2.9719970e+06   4.6325684e+01
   2.9720140e+06   2.3010254e+01
   2.9720320e+06   2.7893066e+01
   2.9720610e+06   3.6499023e+01
   2.9721100e+06   3.8391113e+01
   2.9721600e+06   2.4169922e+01
   2.9721970e+06   2.4047852e+01
   2.9730030e+06   2.2583008e+01
   2.9731040e+06   2.8259277e+01
   2.9731870e+06   2.2338867e+01
   2.9732710e+06   2.8320313e+01
   2.9733810e+06   2.3986816e+01
   2.9734650e+06   2.2766113e+01
   2.9735330e+06   2.0874023e+01
   2.9735800e+06   2.2644043e+01
   2.9988000e+06   2.3559570e+01
   3.0308040e+06   2.1911621e+01
   3.0551460e+06   2.5878906e+01
   3.0551770e+06   2.2216797e+01
   3.0551970e+06   4.3884277e+01
   3.0552280e+06   2.3498535e+01
   3.0552630e+06   4.0100098e+01
   3.0552750e+06   2.0751953e+01
   3.0553160e+06   3.3752441e+01
   3.0553390e+06   3.2470703e+01
   3.0553760e+06   2.5146484e+01
   3.0554070e+06   2.9541016e+01
   3.0554330e+06   2.0690918e+01
   3.0555730e+06   2.1057129e+01
   3.0560170e+06   2.1972656e+01
   3.0563290e+06   2.0996094e+01
   3.0564560e+06   2.2399902e+01
   3.0564910e+06   2.0751953e+01
   3.0565560e+06   2.3010254e+01
   3.0566370e+06   2.6184082e+01
   3.0567430e+06   2.1301270e+01
   3.0567860e+06   2.3559570e+01
   3.0568830e+06   2.6672363e+01
   3.0570350e+06   2.0568848e+01
   3.0904030e+06   2.0446777e+01
   3.1347570e+06   2.2277832e+01
   3.1526660e+06   2.0751953e+01
   3.1566940e+06   2.5085449e+01
   3.1567960e+06   4.1259766e+01
   3.1568070e+06   2.2583008e+01
   3.1568500e+06   4.2297363e+01
   3.1569010e+06   2.8503418e+01
   3.1569230e+06   2.2644043e+01
   3.1569640e+06   2.8747559e+01
   3.1569900e+06   2.1728516e+01
   3.1570170e+06   2.6062012e+01
   3.1570470e+06   2.7038574e+01
   3.1573270e+06   2.0690918e+01
   3.1582430e+06   2.0935059e+01
   3.1583500e+06   3.6132812e+01
   3.1584210e+06   2.0935059e+01
   3.1585700e+06   2.2644043e+01
   3.1605770e+06   3.6560059e+01
   3.1607410e+06   4.5227051e+01
   3.1608570e+06   3.3081055e+01
   3.1609640e+06   3.4179688e+01
   3.1610690e+06   3.2592773e+01
   3.1611580e+06   2.4108887e+01
   3.1612640e+06   2.6672363e+01
   3.1613480e+06   2.5390625e+01
   3.1618500e+06   2.3254395e+01
   3.1621780e+06   2.0446777e+01
   3.1623540e+06   2.2705078e+01
   3.1624650e+06   2.1606445e+01
   3.1629040e+06   2.1423340e+01
   3.1630130e+06   2.0935059e+01
   3.1631570e+06   2.4780273e+01
   3.1632640e+06   2.0629883e+01
   3.1634050e+06   2.4963379e+01
   3.1635190e+06   2.1606445e+01
   3.1636550e+06   2.1301270e+01
   3.1814960e+06   2.3376465e+01
   3.1815300e+06   2.6733398e+01
   3.1815410e+06   6.2500000e+01
   3.1815550e+06   2.2216797e+01
   3.1816000e+06   4.1137695e+01
   3.1816570e+06   6.4697266e+01
   3.1816840e+06   2.3681641e+01
   3.1833770e+06   2.0568848e+01
   3.1835070e+06   2.3620605e+01
   3.1837020e+06   2.1484375e+01
   3.1838910e+06   2.3925781e+01
   3.1915060e+06   4.8522949e+01
   3.1916500e+06   3.8574219e+01
   3.1917290e+06   2.2827148e+01
   3.1917620e+06   3.9855957e+01
   3.1917730e+06   2.3559570e+01
   3.1918440e+06   2.0629883e+01
   3.1918780e+06   3.3508301e+01
   3.1919280e+06   2.6611328e+01
   3.1919510e+06   2.5695801e+01
   3.1919680e+06   2.2888184e+01
   3.1919980e+06   2.4902344e+01
   3.1920290e+06   2.5085449e+01
   3.1922440e+06   2.1667480e+01
   3.1923300e+06   2.0629883e+01
   3.2010940e+06   5.0598145e+01
   3.2011910e+06   4.3395996e+01
   3.2013070e+06   3.5339355e+01
   3.2013330e+06   2.7282715e+01
   3.2013500e+06   2.1179199e+01
   3.2013920e+06   3.5705566e+01
   3.2014290e+06   2.5695801e+01
   3.2014670e+06   3.2836914e+01
   3.2015040e+06   2.0629883e+01
   3.2015520e+06   3.1494141e+01
   3.2015840e+06   2.2460938e+01
   3.2016270e+06   2.0507812e+01
   3.2019460e+06   2.0874023e+01
   3.2096460e+06   4.3029785e+01
   3.2097270e+06   3.1311035e+01
   3.2097470e+06   4.7912598e+01
   3.2097630e+06   2.6428223e+01
   3.2097940e+06   2.3925781e+01
   3.2098080e+06   3.9672852e+01
   3.2098590e+06   2.4658203e+01
   3.2099320e+06   3.0883789e+01
   3.2100030e+06   2.4597168e+01
   3.2106570e+06   2.1118164e+01
   3.2196780e+06   5.2124023e+01
   3.2196880e+06   2.3254395e+01
   3.2197060e+06   2.3498535e+01
   3.2197470e+06   4.7546387e+01
   3.2197670e+06   2.1545410e+01
   3.2198050e+06   3.2592773e+01
   3.2198540e+06   2.6977539e+01
   3.2199010e+06   2.1911621e+01
   3.2199230e+06   2.3803711e+01
   3.2199970e+06   2.4291992e+01
   3.2206440e+06   2.5817871e+01
   3.2208770e+06   2.0996094e+01
   3.2294540e+06   4.1076660e+01
   3.2295040e+06   3.3142090e+01
   3.2295200e+06   3.9001465e+01
   3.2295760e+06   3.1250000e+01
   3.2295970e+06   2.1728516e+01
   3.2296360e+06   2.0935059e+01
   3.2296970e+06   2.7832031e+01
   3.2297750e+06   2.2338867e+01
   3.2298340e+06   2.2583008e+01
   3.2298740e+06   2.3559570e+01
   3.2300320e+06   2.0812988e+01
   3.2302800e+06   2.6000977e+01
   3.2469850e+06   6.0302734e+01
   3.2469990e+06   2.0812988e+01
   3.2470480e+06   3.7658691e+01
   3.2470980e+06   3.5339355e+01
   3.2471140e+06   2.0935059e+01
   3.2471340e+06   2.3559570e+01
   3.2471650e+06   2.0446777e+01
   3.2471750e+06   2.4658203e+01
   3.2471940e+06   2.3864746e+01
   3.2477970e+06   2.0568848e+01
   3.2486470e+06   2.1850586e+01
   3.3022230e+06   2.0568848e+01
   3.3042310e+06   2.0874023e+01
   3.3329210e+06   2.0874023e+01
   3.3336340e+06   2.0446777e+01
   3.3496350e+06   2.1911621e+01
   3.3627250e+06   2.1850586e+01
   3.3747310e+06   2.2277832e+01
   3.3812400e+06   2.4353027e+01
   3.3978160e+06   2.0812988e+01
   3.4242340e+06   2.0507813e+01
   3.4313010e+06   2.1362305e+01
   3.4858140e+06   3.9062500e+01
   3.4859860e+06   2.2399902e+01
   3.4861280e+06   2.5756836e+01
   3.4861580e+06   5.7678223e+01
   3.4862240e+06   5.2124023e+01
   3.4862820e+06   2.0568848e+01
   3.4862990e+06   3.2043457e+01
   3.4863640e+06   3.8085938e+01
   3.4863990e+06   2.2949219e+01
   3.4864170e+06   2.3437500e+01
   3.4864730e+06   2.5817871e+01
   3.4867330e+06   2.1850586e+01
   3.4868310e+06   2.7770996e+01
   3.4869170e+06   3.5827637e+01
   3.4870220e+06   4.1442871e+01
   3.5355190e+06   2.0996094e+01
   3.5375300e+06   2.1240234e+01
   3.5607890e+06   2.1545410e+01
   3.5938150e+06   2.0996094e+01
   3.6001050e+06   2.1301270e+01
   3.6280350e+06   2.1118164e+01
   3.6497220e+06   2.0568848e+01
   3.6597940e+06   2.0812988e+01
   3.6600300e+06   2.1606445e+01
   3.6634220e+06   2.1972656e+01
   3.7209820e+06   2.0935059e+01
   3.7242430e+06   2.1240234e+01
   3.8225180e+06   2.0996094e+01
   3.8314810e+06   2.5573730e+01
   3.8470010e+06   4.5288086e+01
   3.8471360e+06   2.4169922e+01
   3.8471750e+06   2.1545410e+01
   3.8472220e+06   2.8259277e+01
   3.8472770e+06   5.0048828e+01
   3.8472960e+06   2.0874023e+01
   3.8473310e+06   3.5461426e+01
   3.8473810e+06   2.6916504e+01
   3.8474080e+06   2.0507812e+01
   3.8474260e+06   2.2705078e+01
   3.8479910e+06   2.2338867e+01
   3.8480030e+06   2.0446777e+01
   3.8481700e+06   2.0629883e+01
   3.8482420e+06   2.1301270e+01
   3.8483240e+06   2.6306152e+01
   3.8484080e+06   2.1240234e+01
   3.8484830e+06   2.4475098e+01
   3.8485860e+06   2.3132324e+01
   3.8487000e+06   2.6855469e+01
   3.8488060e+06   2.7709961e+01
   3.8846960e+06   2.0446777e+01
   3.9113160e+06   2.4353027e+01
   3.9328130e+06   2.0568848e+01
   3.9390200e+06   2.3559570e+01
   3.9938900e+06   2.0874023e+01
   4.0589450e+06   4.6447754e+01
   4.0590650e+06   2.0629883e+01
   4.0590950e+06   2.1423340e+01
   4.0591240e+06   2.3010254e+01
   4.0591420e+06   2.6367188e+01
   4.0591650e+06   4.3762207e+01
   4.0591750e+06   2.7099609e+01
   4.0592210e+06   4.0405273e+01
   4.0592330e+06   2.1240234e+01
   4.0593110e+06   2.1362305e+01
   4.0594270e+06   2.0996094e+01
   4.0601050e+06   2.0690918e+01
   4.0602070e+06   2.5512695e+01
   4.0602930e+06   2.9357910e+01
   4.0603720e+06   2.4230957e+01
   4.0604610e+06   2.3376465e+01
   4.0605410e+06   2.2338867e+01
   4.0606640e+06   2.2583008e+01
   4.0607590e+06   2.2155762e+01
   4.0609190e+06   2.4169922e+01
   4.0610600e+06   2.1850586e+01
   4.0744000e+06   2.0629883e+01
   4.0798000e+06   2.0812988e+01
   4.0841790e+06   4.6752930e+01
   4.0843300e+06   4.6447754e+01
   4.0844410e+06   3.9672852e+01
   4.0845830e+06   3.7841797e+01
   4.0846080e+06   2.2399902e+01
   4.0846180e+06   2.3193359e+01
   4.0846460e+06   2.1728516e+01
   4.0846890e+06   2.8381348e+01
   4.0846990e+06   4.7302246e+01
   4.0847700e+06   3.9855957e+01
   4.0848390e+06   2.9785156e+01
   4.0848950e+06   2.8198242e+01
   4.0858840e+06   2.1179199e+01
   4.0859370e+06   2.3925781e+01
   4.1060440e+06   3.9245605e+01
   4.1061220e+06   2.4230957e+01
   4.1061530e+06   2.7770996e+01
   4.1061660e+06   4.8767090e+01
   4.1061790e+06   2.0629883e+01
   4.1062200e+06   3.9794922e+01
   4.1062760e+06   3.3203125e+01
   4.1063180e+06   2.1850586e+01
   4.1063280e+06   2.0629883e+01
   4.1063630e+06   2.1728516e+01
   4.1064660e+06   2.1301270e+01
   4.1065880e+06   2.1179199e+01
   4.1073480e+06   2.2766113e+01
   4.1082700e+06   2.5878906e+01
   4.1084520e+06   2.2583008e+01
   4.1176360e+06   4.9926758e+01
   4.1176680e+06   2.0690918e+01
   4.1177140e+06   2.1789551e+01
   4.1177260e+06   4.4616699e+01
   4.1177690e+06   2.6916504e+01
   4.1177870e+06   3.1555176e+01
   4.1178030e+06   2.3193359e+01
   4.1178320e+06   2.4108887e+01
   4.1178620e+06   2.6977539e+01
   4.1178930e+06   2.3376465e+01
   4.1179240e+06   2.0996094e+01
   4.1180520e+06   2.5451660e+01
   4.1182300e+06   2.1850586e+01
   4.1182980e+06   2.3071289e+01
   4.1183820e+06   2.1301270e+01
   4.1191230e+06   2.2705078e+01
   4.1197750e+06   2.5390625e+01
   4.1270690e+06   3.8574219e+01
   4.1271000e+06   3.3264160e+01
   4.1271180e+06   2.3803711e+01
   4.1271520e+06   4.7851562e+01
   4.1271710e+06   3.0761719e+01
   4.1272180e+06   3.8879395e+01
   4.1272280e+06   2.1240234e+01
   4.1272720e+06   2.6855469e+01
   4.1272910e+06   2.3803711e+01
   4.1273300e+06   2.3803711e+01
   4.1273700e+06   2.1362305e+01
   4.1274590e+06   2.1606445e+01
   4.1386420e+06   4.4128418e+01
   4.1386700e+06   2.7221680e+01
   4.1387060e+06   4.5898437e+01
   4.1387210e+06   2.0690918e+01
   4.1387470e+06   2.0446777e+01
   4.1387610e+06   3.6926270e+01
   4.1388100e+06   2.3803711e+01
   4.1388660e+06   2.2094727e+01
   4.1397450e+06   2.1606445e+01
   4.1405320e+06   2.2338867e+01
   4.1470850e+06   4.4067383e+01
   4.1471190e+06   2.2094727e+01
   4.1471500e+06   4.3457031e+01
   4.1471870e+06   2.3315430e+01
   4.1472170e+06   2.9174805e+01
   4.1472270e+06   2.0874023e+01
   4.1472600e+06   2.0690918e+01
   4.1472910e+06   2.8686523e+01
   4.1477040e+06   2.1545410e+01
   4.1477980e+06   2.3132324e+01
   4.1485740e+06   2.2827148e+01
   4.1554610e+06   4.2724609e+01
   4.1554920e+06   2.2766113e+01
   4.1555110e+06   2.0507812e+01
   4.1555330e+06   4.5104980e+01
   4.1555690e+06   2.4719238e+01
   4.1555950e+06   3.2592773e+01
   4.1556560e+06   2.1545410e+01
   4.1557380e+06   2.3315430e+01
   4.1557570e+06   2.3681641e+01
   4.1560900e+06   2.1911621e+01
   4.1562260e+06   2.0690918e+01
   4.1894480e+06   2.1362305e+01
   4.1961970e+06   2.1606445e+01
   4.2226890e+06   2.1667480e+01
   4.2241710e+06   2.1911621e+01
   4.2368670e+06   2.0690918e+01
   4.2746360e+06   2.0812988e+01
   4.2915570e+06   2.1667480e+01
   4.2942100e+06   2.1057129e+01
   4.3119490e+06   2.1423340e+01
   4.3148440e+06   2.1484375e+01
   4.3430050e+06   2.1484375e+01
   4.3489360e+06   2.1362305e+01
   4.3523200e+06   2.0629883e+01
   4.4048450e+06   2.0629883e+01
   4.4133360e+06   2.1911621e+01
   4.4346950e+06   2.1484375e+01
   4.4655120e+06   2.2399902e+01
   4.4670380e+06   2.2216797e+01
   4.4912880e+06   2.1667480e+01
   4.5034380e+06   2.1362305e+01
   4.5075100e+06   2.0812988e+01
   4.5144110e+06   2.1667480e+01
   4.5600390e+06   2.0812988e+01
   4.6233150e+06   2.2094727e+01
   4.6468270e+06   2.0568848e+01
   4.6612720e+06   5.2246094e+01
   4.6615170e+06   2.4536133e+01
   4.6615380e+06   3.1372070e+01
   4.6615760e+06   2.4230957e+01
   4.6615870e+06   5.4504395e+01
   4.6616150e+06   2.0690918e+01
   4.6616400e+06   3.2531738e+01
   4.6616690e+06   3.5644531e+01
   4.6616960e+06   3.1677246e+01
   4.6617340e+06   2.7648926e+01
   4.6623570e+06   2.5146484e+01
   4.6624270e+06   2.4963379e+01
   4.6624980e+06   2.3925781e+01
   4.6625880e+06   2.6550293e+01
   4.6626910e+06   3.2897949e+01
   4.6628310e+06   3.0700684e+01
   4.6629170e+06   2.2033691e+01
   4.6629530e+06   3.4057617e+01
   4.6630500e+06   3.0456543e+01
   4.6632230e+06   2.8564453e+01
   4.6640000e+06   2.0935059e+01
   4.6854090e+06   2.1667480e+01
   4.7546200e+06   2.1118164e+01
   4.7637820e+06   2.4291992e+01
   4.7657610e+06   2.0568848e+01
   4.7764140e+06   2.0629883e+01
   4.7866270e+06   2.0996094e+01
   4.8031760e+06   2.0935059e+01
   4.8116270e+06   2.1484375e+01
   4.8437850e+06   2.0507812e+01
   4.8727090e+06   2.2033691e+01
   4.8743110e+06   5.3527832e+01
   4.8744780e+06   2.1484375e+01
   4.8745180e+06   2.2155762e+01
   4.8745370e+06   2.1911621e+01
   4.8745770e+06   2.3193359e+01
   4.8746100e+06   4.2297363e+01
   4.8746550e+06   3.2775879e+01
   4.8746980e+06   2.6306152e+01
   4.8747470e+06   2.8747559e+01
   4.8755120e+06   2.0812988e+01
   4.8756650e+06   2.5695801e+01
   4.8758910e+06   2.0690918e+01
   4.8759790e+06   3.0883789e+01
   4.8760680e+06   2.6733398e+01
   4.8761530e+06   2.7099609e+01
   4.8763120e+06   2.3681641e+01
   4.8891280e+06   2.0812988e+01
   4.9290330e+06   2.0507813e+01
   4.9425250e+06   2.0812988e+01
   4.9823810e+06   2.0874023e+01
   4.9873430e+06   2.0568848e+01
   4.9940840e+06   5.0903320e+01
   4.9941720e+06   2.1179199e+01
   4.9942330e+06   2.3925781e+01
   4.9942570e+06   2.0629883e+01
   4.9942780e+06   2.3132324e+01
   4.9942990e+06   5.2490234e+01
   4.9943130e+06   2.1057129e+01
   4.9943480e+06   3.4362793e+01
   4.9943690e+06   2.1972656e+01
   4.9943920e+06   2.2827148e+01
   4.9944330e+06   2.0690918e+01
   4.9944560e+06   2.6367188e+01
   4.9945040e+06   2.2094727e+01
   4.9947920e+06   2.1728516e+01
   4.9952650e+06   2.1850586e+01
   4.9954830e+06   2.3010254e+01
   4.9955710e+06   2.2766113e+01
   4.9957510e+06   2.4169922e+01
   4.9958540e+06   3.5461426e+01
   4.9960750e+06   3.5949707e+01
   5.0213720e+06   2.1301270e+01
   5.0420020e+06   2.1362305e+01
   5.0721050e+06   2.0629883e+01
   5.1008940e+06   2.1118164e+01
   5.1223810e+06   2.0507812e+01
   5.1374290e+06   2.0751953e+01
   5.1835230e+06   2.0690918e+01
   5.2051930e+06   2.2460938e+01
   5.2068780e+06   2.0751953e+01
   5.2200710e+06   2.2033691e+01
   5.2523060e+06   2.2644043e+01
   5.2685360e+06   2.1606445e+01
   5.2874020e+06   2.1850586e+01
   5.3230560e+06   3.6926270e+01
   5.3230670e+06   2.0446777e+01
   5.3231210e+06   2.2766113e+01
   5.3231510e+06   2.3132324e+01
   5.3231610e+06   2.1362305e+01
   5.3231940e+06   4.5593262e+01
   5.3232470e+06   4.1931152e+01
   5.3232950e+06   2.8747559e+01
   5.3233370e+06   2.1301270e+01
   5.3233520e+06   2.3193359e+01
   5.3242560e+06   2.3681641e+01
   5.3246280e+06   2.3010254e+01
   5.3247090e+06   2.6794434e+01
   5.3247920e+06   2.1057129e+01
   5.3249470e+06   2.3803711e+01
   5.3250710e+06   2.9479980e+01
   5.3466150e+06   2.0629883e+01
   5.3766320e+06   2.1118164e+01
   5.3980480e+06   2.1179199e+01
   5.4954590e+06   2.2766113e+01
   5.4955840e+06   2.2094727e+01
   5.4983730e+06   2.2033691e+01
   5.5040600e+06   4.5227051e+01
   5.5040700e+06   2.4597168e+01
   5.5040870e+06   2.1667480e+01
   5.5041420e+06   2.8869629e+01
   5.5041610e+06   4.4677734e+01
   5.5042210e+06   4.5837402e+01
   5.5042480e+06   2.6245117e+01
   5.5042920e+06   2.1545410e+01
   5.5043450e+06   2.3681641e+01
   5.5053810e+06   2.0751953e+01
   5.5055500e+06   2.1362305e+01
   5.5056460e+06   3.0456543e+01
   5.5057390e+06   2.0751953e+01
   5.5058800e+06   2.3254395e+01
   5.5059880e+06   2.3193359e+01
   5.5062150e+06   2.5207520e+01
   5.5083310e+06   3.5217285e+01
   5.5095820e+06   5.9631348e+01
   5.5097530e+06   4.6386719e+01
   5.5099350e+06   3.5644531e+01
   5.5100480e+06   3.2226562e+01
   5.5101770e+06   3.2897949e+01
   5.5102540e+06   2.8747559e+01
   5.5103320e+06   2.4475098e+01
   5.5108850e+06   2.1301270e+01
   5.5109790e+06   2.3864746e+01
   5.5113790e+06   2.1972656e+01
   5.5115040e+06   2.1484375e+01
   5.5117110e+06   2.1240234e+01
   5.5199800e+06   3.0456543e+01
   5.5199900e+06   5.4199219e+01
   5.5200110e+06   2.0507812e+01
   5.5200620e+06   3.6743164e+01
   5.5201160e+06   3.3691406e+01
   5.5201500e+06   3.9001465e+01
   5.5201980e+06   2.2155762e+01
   5.5202290e+06   2.4230957e+01
   5.5210100e+06   2.2277832e+01
   5.5215720e+06   2.1606445e+01
   5.5218050e+06   2.1911621e+01
   5.5372930e+06   2.1240234e+01
   5.5373360e+06   4.6325684e+01
   5.5373650e+06   2.5207520e+01
   5.5374100e+06   4.7241211e+01
   5.5374210e+06   2.6428223e+01
   5.5374660e+06   3.0151367e+01
   5.5374760e+06   2.5939941e+01
   5.5375250e+06   3.5400391e+01
   5.5375410e+06   2.2521973e+01
   5.5375680e+06   2.1423340e+01
   5.5388600e+06   2.3559570e+01
   5.5389830e+06   2.3681641e+01
   5.5479710e+06   4.9499512e+01
   5.5480660e+06   5.3344727e+01
   5.5481440e+06   4.0649414e+01
   5.5481790e+06   2.4108887e+01
   5.5481960e+06   2.2338867e+01
   5.5482200e+06   3.7475586e+01
   5.5482570e+06   2.2216797e+01
   5.5482730e+06   3.0700684e+01
   5.5482930e+06   2.8381348e+01
   5.5483130e+06   2.7770996e+01
   5.5483380e+06   2.2766113e+01
   5.5483640e+06   3.4606934e+01
   5.5484250e+06   2.7832031e+01
   5.5484580e+06   2.0507812e+01
   5.5485980e+06   2.3132324e+01
   5.5564740e+06   4.9194336e+01
   5.5566240e+06   4.2358398e+01
   5.5567310e+06   3.5339355e+01
   5.5567770e+06   2.0690918e+01
   5.5568450e+06   3.2836914e+01
   5.5568580e+06   2.6367188e+01
   5.5569170e+06   2.6245117e+01
   5.5569690e+06   2.2644043e+01
   5.5569850e+06   3.2897949e+01
   5.5570530e+06   2.1850586e+01
   5.5570930e+06   2.0568848e+01
   5.5571790e+06   2.2583008e+01
   5.5662600e+06   5.0354004e+01
   5.5663420e+06   4.2114258e+01
   5.5663670e+06   2.3010254e+01
   5.5664170e+06   3.3081055e+01
   5.5664380e+06   2.7221680e+01
   5.5664900e+06   4.1748047e+01
   5.5665660e+06   2.7526855e+01
   5.5666040e+06   2.3620605e+01
   5.5666300e+06   2.4169922e+01
   5.5666860e+06   2.1972656e+01
   5.5666970e+06   2.2583008e+01
   5.5770680e+06   4.1381836e+01
   5.5771010e+06   2.3986816e+01
   5.5771330e+06   4.3090820e+01
   5.5771530e+06   2.1423340e+01
   5.5771730e+06   2.2827148e+01
   5.5772010e+06   3.6621094e+01
   5.5772350e+06   2.3132324e+01
   5.5772670e+06   2.4230957e+01
   5.5773410e+06   3.8635254e+01
   5.5773930e+06   2.3498535e+01
   5.5777310e+06   2.2277832e+01
   5.5861040e+06   4.5532227e+01
   5.5861850e+06   3.7780762e+01
   5.5862020e+06   2.0507812e+01
   5.5862390e+06   3.5095215e+01
   5.5862960e+06   2.3071289e+01
   5.5863070e+06   2.0629883e+01
   5.5863630e+06   2.5817871e+01
   5.5864240e+06   2.0568848e+01
   5.5865030e+06   2.3071289e+01
   5.5865380e+06   2.2583008e+01
   5.5866540e+06   2.0446777e+01
   5.5867620e+06   2.2827148e+01
   5.6227130e+06   2.1850586e+01
   5.6297650e+06   2.1545410e+01
   5.6442750e+06   2.1911621e+01
   5.6467740e+06   2.0996094e+01
   5.6741920e+06   2.0690918e+01
   5.6746620e+06   2.2583008e+01
   5.6838680e+06   2.0629883e+01
   5.6964550e+06   2.3925781e+01
   5.6975720e+06   2.1545410e+01
   5.7095790e+06   2.1789551e+01
   5.7488280e+06   2.0874023e+01
   5.7513440e+06   2.1362305e+01
   5.8155270e+06   2.2827148e+01
   5.8252780e+06   2.1362305e+01
   5.8474820e+06   2.1118164e+01
   5.8529520e+06   4.2053223e+01
   5.8531670e+06   2.0568848e+01
   5.8531840e+06   3.5949707e+01
   5.8532120e+06   2.4353027e+01
   5.8532350e+06   2.4902344e+01
   5.8532780e+06   2.3620605e+01
   5.8533430e+06   4.4372559e+01
   5.8533940e+06   3.1860352e+01
   5.8534490e+06   2.7221680e+01
   5.8535030e+06   3.6987305e+01
   5.8536220e+06   2.2766113e+01
   5.8539650e+06   2.4230957e+01
   5.8541450e+06   2.7404785e+01
   5.8542350e+06   2.2277832e+01
   5.8543290e+06   3.1677246e+01
   5.8546520e+06   3.1921387e+01
   5.9193700e+06   4.7607422e+01
   5.9198540e+06   2.0690918e+01
   5.9198760e+06   2.0812988e+01
   5.9199120e+06   2.3376465e+01
   5.9199330e+06   2.2521973e+01
   5.9199530e+06   3.7292480e+01
   5.9199750e+06   2.0446777e+01
   5.9200080e+06   4.2114258e+01
   5.9200710e+06   5.3955078e+01
   5.9200970e+06   2.1179199e+01
   5.9201230e+06   2.5146484e+01
   5.9201770e+06   3.0517578e+01
   5.9202030e+06   2.4536133e+01
   5.9202370e+06   3.2043457e+01
   5.9203060e+06   2.2460938e+01
   5.9203850e+06   2.3681641e+01
   5.9204670e+06   2.1850586e+01
   5.9205580e+06   3.2409668e+01
   5.9206670e+06   2.5512695e+01
   5.9207660e+06   3.2714844e+01
   5.9209280e+06   3.1982422e+01
   5.9210280e+06   3.5644531e+01
   5.9498890e+06   2.1606445e+01
   5.9677270e+06   2.1301270e+01
   5.9768830e+06   2.1911621e+01
   5.9846400e+06   2.0446777e+01
   5.9891770e+06   2.0568848e+01
   5.9923300e+06   2.1301270e+01
