   5.9990000e+06   0.0000000e+00
   9.9920000e+03   2.6977539e+01
   1.0040000e+04   2.1057129e+01
   1.0068000e+04   1.9165039e+01
   1.0087000e+04   1.7578125e+01
   1.0122000e+04   2.1179199e+01
   1.0151000e+04   2.0874023e+01
   1.0281000e+04   1.9775391e+01
   1.0457000e+04   1.8249512e+01
   1.0612000e+04   1.7761230e+01
   1.0658000e+04   1.8798828e+01
   1.0830000e+04   1.9409180e+01
   1.0900000e+04   1.8005371e+01
   1.0977000e+04   2.3620605e+01
   1.1043000e+04   1.8676758e+01
   1.3117800e+05   1.8249512e+01
   1.3123600e+05   2.0874023e+01
   1.3129800e+05   1.8493652e+01
   1.3134900e+05   2.1728516e+01
   1.3149600e+05   2.0141602e+01
   1.3182600e+05   1.8249512e+01
   1.3212400e+05   2.2460938e+01
   1.3239900e+05   1.8005371e+01
   1.7564900e+05   2.0568848e+01
   1.7570000e+05   2.2033691e+01
   1.7575500e+05   2.1057129e+01
   1.7579600e+05   1.8432617e+01
   1.7625400e+05   1.8127441e+01
   1.7635200e+05   1.7761230e+01
   1.7641600e+05   2.2094727e+01
   1.7647900e+05   1.9836426e+01
   1.7660600e+05   1.8005371e+01
   1.7689700e+05   2.4475098e+01
   1.7723400e+05   1.9653320e+01
   4.4838800e+05   2.4169922e+01
   4.4846200e+05   1.7700195e+01
   4.4848300e+05   2.2338867e+01
   4.4926000e+05   1.8798828e+01
   4.4940300e+05   2.0080566e+01
   4.4965700e+05   1.8249512e+01
   6.1093300e+05   2.2766113e+01
   6.1095700e+05   2.3925781e+01
   6.1098500e+05   2.2460938e+01
   6.1100300e+05   2.1301270e+01
   6.1133700e+05   1.7944336e+01
   6.1150000e+05   2.1301270e+01
   6.1161600e+05   1.7517090e+01
   6.1182200e+05   1.9714355e+01
   6.1196100e+05   2.0385742e+01
   6.1221200e+05   2.2094727e+01
   6.1240500e+05   1.8005371e+01
   6.1268200e+05   1.7822266e+01
   7.4770600e+05   2.3010254e+01
   7.4776100e+05   1.8310547e+01
   7.4777600e+05   1.9348145e+01
   7.4781000e+05   1.8310547e+01
   7.4788500e+05   1.8066406e+01
   7.4789600e+05   2.1423340e+01
   7.4796000e+05   2.3986816e+01
   7.4797500e+05   2.0324707e+01
   7.4806200e+05   1.9348145e+01
   7.4852200e+05   1.7517090e+01
   7.4878000e+05   1.7639160e+01
   7.4885500e+05   1.9348145e+01
   8.1106400e+05   2.3010254e+01
   8.1123400e+05   2.4475098e+01
   8.1128000e+05   2.9602051e+01
   8.1129500e+05   1.8188477e+01
   8.1133900e+05   1.9470215e+01
   8.1154300e+05   1.9348145e+01
   8.1203700e+05   2.7832031e+01
   8.1209500e+05   2.1545410e+01
   8.1232400e+05   1.8188477e+01
   8.1237700e+05   1.9165039e+01
   8.1249200e+05   1.8615723e+01
   8.1252200e+05   1.8798828e+01
   8.1289200e+05   1.9287109e+01
   8.4834100e+05   2.0996094e+01
   8.4841600e+05   1.9958496e+01
   8.4843700e+05   2.4841309e+01
   8.4873600e+05   1.9897461e+01
   8.4914900e+05   1.7883301e+01
   8.4920500e+05   1.7761230e+01
   8.4929400e+05   1.8493652e+01
   8.4935000e+05   2.1850586e+01
   8.4942100e+05   1.9531250e+01
   8.4954700e+05   1.7700195e+01
   8.4968400e+05   1.9165039e+01
   8.4978100e+05   2.0080566e+01
   8.4986600e+05   1.9897461e+01
   1.0624150e+06   2.1301270e+01
   1.0624670e+06   3.3447266e+01
   1.0625040e+06   2.2705078e+01
   1.0626550e+06   1.9897461e+01
   1.0626850e+06   1.8127441e+01
   1.0628220e+06   1.9470215e+01
   1.0632310e+06   1.7700195e+01
   1.0633390e+06   1.9470215e+01
   1.0634200e+06   1.9592285e+01
   1.0636180e+06   2.3437500e+01
   1.2245630e+06   2.4475098e+01
   1.2246120e+06   1.7639160e+01
   1.2249860e+06   1.7822266e+01
   1.2250810e+06   1.8371582e+01
   1.2253150e+06   1.8859863e+01
   1.2253720e+06   1.9836426e+01
   1.2256170e+06   1.7578125e+01
   1.2257430e+06   2.0446777e+01
   1.2257860e+06   1.8798828e+01
   1.3578670e+06   1.8737793e+01
   1.3579630e+06   2.2766113e+01
   1.3580050e+06   2.0141602e+01
   1.3580570e+06   1.7761230e+01
   1.3580850e+06   2.7770996e+01
   1.3581050e+06   2.0080566e+01
   1.3581410e+06   1.8859863e+01
   1.3586360e+06   2.5817871e+01
   1.3588300e+06   1.8371582e+01
   1.3588930e+06   1.8554688e+01
   1.3589340e+06   2.0690918e+01
   1.3589970e+06   1.7822266e+01
   1.3590430e+06   1.8188477e+01
   1.3591130e+06   1.7639160e+01
   1.3594030e+06   1.8371582e+01
   1.5102030e+06   2.1911621e+01
   1.5102320e+06   1.8310547e+01
   1.5102700e+06   1.9714355e+01
   1.5102960e+06   1.7578125e+01
   1.5103650e+06   1.8920898e+01
   1.5103990e+06   1.7639160e+01
   1.5104730e+06   2.2033691e+01
   1.5107160e+06   1.8920898e+01
   1.5107780e+06   1.8249512e+01
   1.5109810e+06   1.7517090e+01
   1.5110160e+06   1.8432617e+01
   1.5112410e+06   1.7700195e+01
   1.5578060e+06   1.9042969e+01
   1.5578280e+06   2.1057129e+01
   1.5579410e+06   2.5817871e+01
   1.5582460e+06   2.0690918e+01
   1.5585180e+06   1.9592285e+01
   1.5585730e+06   1.7700195e+01
   1.5588880e+06   1.8676758e+01
   1.5589640e+06   1.9165039e+01
   1.5590480e+06   1.9653320e+01
   1.5591010e+06   1.7883301e+01
   1.7064160e+06   2.1118164e+01
   1.7064550e+06   2.6245117e+01
   1.7064730e+06   3.2531738e+01
   1.7064990e+06   1.9836426e+01
   1.7065580e+06   1.8798828e+01
   1.7066670e+06   1.8615723e+01
   1.7071490e+06   2.0507812e+01
   1.7071990e+06   2.0080566e+01
   1.7074720e+06   1.8615723e+01
   1.7077100e+06   1.8188477e+01
   1.7078390e+06   2.3498535e+01
   1.7226680e+06   2.3376465e+01
   1.7227570e+06   1.9042969e+01
   1.7227910e+06   2.2277832e+01
   1.7228220e+06   1.8493652e+01
   1.7228530e+06   1.7517090e+01
   1.7229170e+06   1.8615723e+01
   1.7230340e+06   1.8066406e+01
   1.7236170e+06   1.8066406e+01
   1.7363350e+06   2.0080566e+01
   1.7364300e+06   1.9653320e+01
   1.7364860e+06   1.9653320e+01
   1.7365410e+06   1.9165039e+01
   1.7365820e+06   1.7578125e+01
   1.7366130e+06   1.8676758e+01
   1.7367000e+06   2.0751953e+01
   1.7964080e+06   2.3437500e+01
   1.7964550e+06   2.1972656e+01
   1.7964770e+06   2.1484375e+01
   1.7965720e+06   1.7578125e+01
   1.7968260e+06   1.7883301e+01
   1.7975490e+06   2.7038574e+01
   1.7982820e+06   1.8127441e+01
   1.8307230e+06   2.1179199e+01
   1.8307740e+06   2.1118164e+01
   1.8308140e+06   2.0141602e+01
   1.8308360e+06   2.4414062e+01
   1.8308700e+06   2.2155762e+01
   1.8308870e+06   1.8371582e+01
   1.8309170e+06   2.2338867e+01
   1.8310790e+06   1.7700195e+01
   1.8313530e+06   2.0874023e+01
   1.8315200e+06   2.0263672e+01
   1.8317630e+06   1.8554688e+01
   1.8463680e+06   1.9592285e+01
   1.8464450e+06   2.2399902e+01
   1.8465020e+06   1.9348145e+01
   1.8465410e+06   2.7465820e+01
   1.8465760e+06   1.9165039e+01
   1.8466060e+06   1.8737793e+01
   1.8466340e+06   1.9226074e+01
   1.8466920e+06   1.8737793e+01
   1.8470550e+06   1.8249512e+01
   1.8472170e+06   1.8920898e+01
   1.8584090e+06   2.0507812e+01
   1.8584640e+06   2.7404785e+01
   1.8585310e+06   1.8859863e+01
   1.8585960e+06   2.4108887e+01
   1.8587030e+06   2.2705078e+01
   1.8693370e+06   1.8493652e+01
   1.8694120e+06   2.2521973e+01
   1.8694840e+06   2.0446777e+01
   1.8695360e+06   1.8249512e+01
   1.8695750e+06   1.8981934e+01
   1.8695850e+06   1.8859863e+01
   1.8696420e+06   1.8066406e+01
   1.8697530e+06   1.8066406e+01
   1.8698140e+06   1.9714355e+01
   1.8789550e+06   1.9592285e+01
   1.8790120e+06   1.8676758e+01
   1.8790790e+06   2.7587891e+01
   1.8791850e+06   1.9714355e+01
   1.8792400e+06   1.8066406e+01
   2.3993480e+06   2.6062012e+01
   2.3993780e+06   1.7944336e+01
   2.3994210e+06   1.8188477e+01
   2.3994840e+06   2.1667480e+01
   2.3995170e+06   1.8310547e+01
   2.3997430e+06   1.8188477e+01
   2.4000120e+06   1.9775391e+01
   2.4000500e+06   1.7883301e+01
   2.4001310e+06   1.8615723e+01
   2.4002330e+06   1.7761230e+01
   2.4003060e+06   1.8798828e+01
   2.4004320e+06   2.1789551e+01
   2.4006130e+06   2.8869629e+01
   2.4010120e+06   1.7761230e+01
   2.5325540e+06   2.0080566e+01
   2.5325720e+06   2.7954102e+01
   2.5326020e+06   2.3742676e+01
   2.5326320e+06   1.9226074e+01
   2.5326640e+06   1.8676758e+01
   2.5328520e+06   1.7517090e+01
   2.5330470e+06   2.3803711e+01
   2.5332510e+06   1.7578125e+01
   2.5335050e+06   1.9470215e+01
   2.5336720e+06   1.8981934e+01
   2.5338250e+06   1.9226074e+01
   2.5342510e+06   1.7639160e+01
   2.7619520e+06   2.2644043e+01
   2.7619710e+06   2.0996094e+01
   2.7620180e+06   1.8249512e+01
   2.7620400e+06   2.1179199e+01
   2.7621330e+06   1.8249512e+01
   2.7621580e+06   1.7944336e+01
   2.7622400e+06   2.0324707e+01
   2.7625980e+06   1.8249512e+01
   2.7626550e+06   1.9287109e+01
   2.7628960e+06   1.9165039e+01
   2.7631190e+06   1.9165039e+01
   2.9718620e+06   2.2583008e+01
   2.9719050e+06   2.9418945e+01
   2.9719290e+06   1.9165039e+01
   2.9719580e+06   1.9714355e+01
   2.9719690e+06   1.8554688e+01
   2.9720810e+06   1.7639160e+01
   2.9725250e+06   1.8127441e+01
   2.9726160e+06   1.9470215e+01
   2.9726560e+06   1.9958496e+01
   2.9728310e+06   1.8188477e+01
   2.9729070e+06   2.3742676e+01
   3.0550520e+06   2.5329590e+01
   3.0550960e+06   2.4047852e+01
   3.0551180e+06   2.1057129e+01
   3.0551450e+06   2.3864746e+01
   3.0551850e+06   1.8493652e+01
   3.0554760e+06   1.9165039e+01
   3.0555650e+06   1.9348145e+01
   3.0557840e+06   1.8981934e+01
   3.0560510e+06   1.7517090e+01
   3.0562010e+06   1.8737793e+01
   3.0564950e+06   2.0202637e+01
   3.0565620e+06   2.0751953e+01
   3.1566420e+06   2.9235840e+01
   3.1567070e+06   2.1667480e+01
   3.1567200e+06   2.1362305e+01
   3.1567860e+06   2.3193359e+01
   3.1568100e+06   1.9409180e+01
   3.1571270e+06   2.0263672e+01
   3.1573280e+06   1.8127441e+01
   3.1575700e+06   1.7578125e+01
   3.1578240e+06   2.1057129e+01
   3.1579070e+06   2.7343750e+01
   3.1582920e+06   1.8371582e+01
   3.1813820e+06   2.4291992e+01
   3.1814560e+06   1.8981934e+01
   3.1815840e+06   1.9775391e+01
   3.1816220e+06   2.0751953e+01
   3.1817060e+06   2.1789551e+01
   3.1817710e+06   1.7517090e+01
   3.1819460e+06   1.9714355e+01
   3.1822170e+06   1.7700195e+01
   3.1823380e+06   1.9714355e+01
   3.1825290e+06   2.2888184e+01
   3.1917830e+06   2.0263672e+01
   3.1918480e+06   1.9714355e+01
   3.1918790e+06   1.7944336e+01
   3.1919180e+06   2.4108887e+01
   3.1919340e+06   2.4291992e+01
   3.1919620e+06   2.2766113e+01
   3.1920660e+06   2.1423340e+01
   3.1921720e+06   1.7761230e+01
   3.1924450e+06   1.8005371e+01
   3.2013000e+06   2.1545410e+01
   3.2013500e+06   2.3376465e+01
   3.2013880e+06   1.8920898e+01
   3.2014070e+06   2.1301270e+01
   3.2014510e+06   1.7639160e+01
   3.2014880e+06   2.5329590e+01
   3.2015160e+06   2.1728516e+01
   3.2095380e+06   1.8493652e+01
   3.2096500e+06   2.8930664e+01
   3.2097060e+06   1.9348145e+01
   3.2097560e+06   2.4291992e+01
   3.2097680e+06   1.7761230e+01
   3.2098280e+06   2.3132324e+01
   3.2106290e+06   1.9897461e+01
   3.2196100e+06   1.9958496e+01
   3.2196930e+06   2.0080566e+01
   3.2197360e+06   2.6672363e+01
   3.2198290e+06   2.6184082e+01
   3.2198690e+06   1.9958496e+01
   3.2198970e+06   1.8432617e+01
   3.2199620e+06   1.8432617e+01
   3.2200690e+06   1.8188477e+01
   3.2293920e+06   2.1179199e+01
   3.2294510e+06   2.2521973e+01
   3.2294750e+06   1.7578125e+01
   3.2295080e+06   1.8554688e+01
   3.2295350e+06   1.9653320e+01
   3.2295600e+06   1.9775391e+01
   3.2296850e+06   1.7639160e+01
   3.2298680e+06   1.9836426e+01
   3.2300850e+06   1.9592285e+01
   3.2469140e+06   1.8737793e+01
   3.2469900e+06   2.2888184e+01
   3.2470830e+06   2.2216797e+01
   3.2471120e+06   1.8005371e+01
   3.2471680e+06   1.7700195e+01
   3.2473570e+06   2.0202637e+01
   3.2474440e+06   1.9653320e+01
   3.2474980e+06   1.8310547e+01
   3.4859350e+06   2.8503418e+01
   3.4859860e+06   2.1789551e+01
   3.4860550e+06   2.3254395e+01
   3.4861460e+06   1.9287109e+01
   3.4862340e+06   1.7578125e+01
   3.4862730e+06   1.7822266e+01
   3.4863720e+06   2.3620605e+01
   3.4863980e+06   1.8737793e+01
   3.4867910e+06   1.9165039e+01
   3.4868040e+06   2.0446777e+01
   3.4869210e+06   1.8371582e+01
   3.8470990e+06   2.4353027e+01
   3.8471320e+06   2.5512695e+01
   3.8471560e+06   2.0385742e+01
   3.8471910e+06   1.8432617e+01
   3.8472100e+06   1.9042969e+01
   3.8472420e+06   2.4475098e+01
   3.8473020e+06   2.0324707e+01
   3.8474600e+06   1.8066406e+01
   3.8475210e+06   1.8127441e+01
   3.8476430e+06   1.7639160e+01
   3.8478210e+06   1.7944336e+01
   3.8481400e+06   1.9348145e+01
   3.8484100e+06   2.3925781e+01
   4.0590400e+06   2.7099609e+01
   4.0590830e+06   1.7700195e+01
   4.0591040e+06   2.1545410e+01
   4.0591190e+06   2.2277832e+01
   4.0591440e+06   1.9226074e+01
   4.0592480e+06   2.0141602e+01
   4.0592840e+06   1.9714355e+01
   4.0593120e+06   1.9531250e+01
   4.0597940e+06   1.7883301e+01
   4.0598530e+06   1.7883301e+01
   4.0599860e+06   1.8188477e+01
   4.0600520e+06   1.9165039e+01
   4.0846350e+06   2.3681641e+01
   4.0846810e+06   2.7954102e+01
   4.0847060e+06   2.0263672e+01
   4.0847190e+06   2.2583008e+01
   4.0848000e+06   2.2460938e+01
   4.0855150e+06   1.7700195e+01
   4.1059320e+06   1.9165039e+01
   4.1060320e+06   2.4475098e+01
   4.1060660e+06   2.1789551e+01
   4.1061060e+06   1.9897461e+01
   4.1061350e+06   1.9653320e+01
   4.1061600e+06   2.0996094e+01
   4.1061830e+06   1.8920898e+01
   4.1062230e+06   1.8310547e+01
   4.1065850e+06   1.8066406e+01
   4.1069450e+06   2.1057129e+01
   4.1175390e+06   2.1606445e+01
   4.1176390e+06   1.8127441e+01
   4.1177070e+06   1.9104004e+01
   4.1178450e+06   1.8005371e+01
   4.1269700e+06   2.3315430e+01
   4.1271390e+06   2.1362305e+01
   4.1271620e+06   1.8981934e+01
   4.1271940e+06   2.0324707e+01
   4.1272700e+06   1.8859863e+01
   4.1274160e+06   1.8798828e+01
   4.1274700e+06   2.1362305e+01
   4.1275290e+06   1.8676758e+01
   4.1276580e+06   2.1118164e+01
   4.1385840e+06   2.3193359e+01
   4.1386810e+06   1.7517090e+01
   4.1387100e+06   2.2766113e+01
   4.1387510e+06   2.0690918e+01
   4.1387720e+06   1.7639160e+01
   4.1388530e+06   1.9592285e+01
   4.1388980e+06   1.8371582e+01
   4.1389560e+06   1.9714355e+01
   4.1390140e+06   2.0019531e+01
   4.1470500e+06   2.0141602e+01
   4.1471280e+06   1.7883301e+01
   4.1471690e+06   1.7822266e+01
   4.1471900e+06   2.7099609e+01
   4.1472170e+06   1.8249512e+01
   4.1472650e+06   1.8188477e+01
   4.1472850e+06   1.7944336e+01
   4.1473670e+06   1.8981934e+01
   4.1474160e+06   1.8127441e+01
   4.1554100e+06   1.9836426e+01
   4.1554780e+06   1.9775391e+01
   4.1555180e+06   1.9470215e+01
   4.1556970e+06   1.9042969e+01
   4.1558800e+06   1.8127441e+01
   4.1561420e+06   1.8188477e+01
   4.6614090e+06   2.3559570e+01
   4.6614800e+06   1.8859863e+01
   4.6614920e+06   1.9470215e+01
   4.6615210e+06   2.2216797e+01
   4.6619540e+06   1.8798828e+01
   4.6622160e+06   1.7883301e+01
   4.6627410e+06   1.7517090e+01
   4.6630650e+06   1.8371582e+01
   4.8744450e+06   2.4536133e+01
   4.8744680e+06   2.0385742e+01
   4.8744950e+06   1.8127441e+01
   4.8745220e+06   1.7578125e+01
   4.8745710e+06   1.8005371e+01
   4.8746790e+06   2.0568848e+01
   4.8747930e+06   1.9042969e+01
   4.8748900e+06   2.1484375e+01
   4.8750940e+06   1.9958496e+01
   4.8753280e+06   1.7639160e+01
   4.8755720e+06   2.1057129e+01
   4.8762430e+06   2.1362305e+01
   4.9941560e+06   1.9042969e+01
   4.9941970e+06   2.5634766e+01
   4.9942540e+06   2.1606445e+01
   4.9942930e+06   2.1179199e+01
   4.9943520e+06   1.8676758e+01
   4.9944200e+06   2.3559570e+01
   4.9944300e+06   1.8310547e+01
   4.9949250e+06   2.1972656e+01
   4.9950440e+06   1.9836426e+01
   4.9951210e+06   2.1728516e+01
   4.9951880e+06   2.3437500e+01
   4.9952550e+06   2.2155762e+01
   4.9954700e+06   1.7944336e+01
   5.3230830e+06   2.6123047e+01
   5.3230930e+06   1.9897461e+01
   5.3231320e+06   1.7639160e+01
   5.3231860e+06   2.2155762e+01
   5.3232450e+06   1.8859863e+01
   5.3236510e+06   2.1301270e+01
   5.3237960e+06   2.0446777e+01
   5.3238420e+06   1.8249512e+01
   5.3238770e+06   2.0507812e+01
   5.3240590e+06   1.7639160e+01
   5.5040560e+06   1.9104004e+01
   5.5041020e+06   2.7038574e+01
   5.5041170e+06   2.6245117e+01
   5.5041820e+06   2.0324707e+01
   5.5046300e+06   2.1789551e+01
   5.5047460e+06   1.8920898e+01
   5.5052530e+06   1.8249512e+01
   5.5198490e+06   2.3193359e+01
   5.5199310e+06   2.2277832e+01
   5.5199600e+06   1.8432617e+01
   5.5199840e+06   1.9409180e+01
   5.5200030e+06   1.8310547e+01
   5.5200320e+06   2.2583008e+01
   5.5202340e+06   1.8066406e+01
   5.5202960e+06   2.0996094e+01
   5.5204170e+06   1.7761230e+01
   5.5205110e+06   1.7883301e+01
   5.5205300e+06   1.8798828e+01
   5.5206000e+06   1.8920898e+01
   5.5208280e+06   1.7517090e+01
   5.5372150e+06   2.2583008e+01
   5.5373180e+06   2.2338867e+01
   5.5373740e+06   2.0568848e+01
   5.5374520e+06   1.9165039e+01
   5.5375760e+06   1.9958496e+01
   5.5376520e+06   2.0690918e+01
   5.5379480e+06   2.1972656e+01
   5.5384540e+06   1.7822266e+01
   5.5481450e+06   2.3132324e+01
   5.5482060e+06   2.0385742e+01
   5.5482290e+06   2.4536133e+01
   5.5482870e+06   2.0019531e+01
   5.5483240e+06   2.0080566e+01
   5.5483360e+06   1.9775391e+01
   5.5483660e+06   1.9531250e+01
   5.5483880e+06   1.9531250e+01
   5.5484270e+06   1.7578125e+01
   5.5485310e+06   1.7761230e+01
   5.5485870e+06   1.7944336e+01
   5.5486380e+06   1.8127441e+01
   5.5486960e+06   2.2644043e+01
   5.5567340e+06   1.8554688e+01
   5.5568130e+06   1.8920898e+01
   5.5568670e+06   1.8432617e+01
   5.5569190e+06   1.8981934e+01
   5.5570700e+06   1.7822266e+01
   5.5572350e+06   2.0507812e+01
   5.5573250e+06   1.7883301e+01
   5.5575910e+06   1.9226074e+01
   5.5664260e+06   2.0141602e+01
   5.5664950e+06   1.9836426e+01
   5.5665460e+06   2.1240234e+01
   5.5667070e+06   1.8676758e+01
   5.5669280e+06   2.0874023e+01
   5.5670020e+06   1.8920898e+01
   5.5671540e+06   1.7578125e+01
   5.5674380e+06   1.8981934e+01
   5.5769730e+06   1.9653320e+01
   5.5770340e+06   1.8615723e+01
   5.5771180e+06   2.8320312e+01
   5.5771680e+06   2.0690918e+01
   5.5772770e+06   2.0263672e+01
   5.5774070e+06   1.7517090e+01
   5.5860050e+06   1.9348145e+01
   5.5860920e+06   2.1850586e+01
   5.5861700e+06   1.8981934e+01
   5.5862340e+06   2.0629883e+01
   5.5862740e+06   2.4963379e+01
   5.5864010e+06   1.8127441e+01
   5.5867280e+06   1.7639160e+01
   5.5868290e+06   1.7517090e+01
   5.8530180e+06   2.2277832e+01
   5.8530660e+06   3.0883789e+01
   5.8531040e+06   2.7709961e+01
   5.8531200e+06   1.8676758e+01
   5.8531550e+06   2.0690918e+01
   5.8543130e+06   1.7517090e+01
   5.8544000e+06   2.0385742e+01
   5.8547290e+06   1.8310547e+01
   5.9196000e+06   2.0263672e+01
   5.9197310e+06   2.6672363e+01
   5.9197900e+06   1.9226074e+01
   5.9198230e+06   2.1301270e+01
   5.9198580e+06   2.3742676e+01
   5.9198750e+06   2.2033691e+01
   5.9198990e+06   1.8493652e+01
   5.9203900e+06   1.8066406e+01
   5.9205510e+06   2.2033691e+01
   5.9206070e+06   1.9531250e+01
   5.9207760e+06   2.1362305e+01
   5.9208340e+06   2.0935059e+01
   5.9209100e+06   1.8493652e+01
   5.9209890e+06   1.8188477e+01
   5.9211980e+06   1.8371582e+01
