   5.9990000e+06   0.0000000e+00
   9.9640000e+03   2.4291992e+01
   1.0035000e+04   2.8015137e+01
   1.0049000e+04   2.2766113e+01
   1.0069000e+04   5.4382324e+01
   1.0102000e+04   3.3081055e+01
   1.0121000e+04   2.7343750e+01
   1.0143000e+04   2.3986816e+01
   1.0176000e+04   2.9174805e+01
   1.0193000e+04   1.8798828e+01
   1.0208000e+04   1.9531250e+01
   1.0249000e+04   1.8371582e+01
   1.0267000e+04   2.0019531e+01
   1.0285000e+04   1.6906738e+01
   1.0312000e+04   1.7456055e+01
   1.0367000e+04   2.4108887e+01
   1.0390000e+04   1.6967773e+01
   1.0435000e+04   1.7822266e+01
   1.0497000e+04   2.8015137e+01
   1.0573000e+04   2.7587891e+01
   1.0692000e+04   1.8798828e+01
   1.0832000e+04   1.8127441e+01
   1.0899000e+04   1.7944336e+01
   1.0962000e+04   1.8127441e+01
   1.1101000e+04   2.5146484e+01
   1.1119000e+04   1.8493652e+01
   1.1193000e+04   1.8676758e+01
   1.1292000e+04   1.6296387e+01
   1.1337000e+04   1.8737793e+01
   1.1354000e+04   2.0996094e+01
   1.1482000e+04   1.6601562e+01
   1.1511000e+04   2.0690918e+01
   1.1565000e+04   2.7221680e+01
   1.1611000e+04   1.7822266e+01
   1.1634000e+04   2.8320312e+01
   1.1661000e+04   1.7456055e+01
   1.1823000e+04   1.6906738e+01
   1.1852000e+04   2.9418945e+01
   1.1910000e+04   1.9897461e+01
   1.1942000e+04   1.6357422e+01
   1.2063000e+04   1.7150879e+01
   1.2133000e+04   1.9165039e+01
   1.2244000e+04   1.9775391e+01
   1.2274000e+04   1.6723633e+01
   1.2337000e+04   2.0507812e+01
   1.2505000e+04   1.8676758e+01
   1.2682000e+04   2.4475098e+01
   1.2732000e+04   1.7333984e+01
   1.4011000e+04   1.7517090e+01
   1.4646000e+04   2.1606445e+01
   1.4913000e+04   2.1911621e+01
   1.5015000e+04   1.9897461e+01
   1.5117000e+04   2.2277832e+01
   1.5456000e+04   1.9348145e+01
   1.5809000e+04   2.2338867e+01
   3.0336000e+04   1.6357422e+01
   3.0353000e+04   1.6357422e+01
   3.0515000e+04   2.2216797e+01
   3.3212000e+04   2.2460938e+01
   3.3456000e+04   1.8371582e+01
   3.3575000e+04   1.7578125e+01
   3.9058000e+04   2.1972656e+01
   3.9233000e+04   1.6540527e+01
   3.9275000e+04   1.8066406e+01
   4.3509000e+04   2.4414062e+01
   4.3672000e+04   1.9775391e+01
   1.3121300e+05   4.0832520e+01
   1.3123300e+05   2.8442383e+01
   1.3125300e+05   3.0517578e+01
   1.3128700e+05   2.9541016e+01
   1.3130900e+05   3.2897949e+01
   1.3134600e+05   3.2775879e+01
   1.3136800e+05   1.9592285e+01
   1.3139100e+05   2.9235840e+01
   1.3143000e+05   1.6296387e+01
   1.3145400e+05   1.8371582e+01
   1.3148500e+05   1.6723633e+01
   1.3152500e+05   1.8066406e+01
   1.3159600e+05   2.5024414e+01
   1.3161700e+05   1.6662598e+01
   1.3163700e+05   1.6357422e+01
   1.3167900e+05   1.8554688e+01
   1.3172900e+05   2.3071289e+01
   1.3180300e+05   2.7526855e+01
   1.3186600e+05   1.7639160e+01
   1.3212900e+05   1.9348145e+01
   1.3219600e+05   2.1545410e+01
   1.3224600e+05   1.9653320e+01
   1.3231700e+05   1.8371582e+01
   1.3237400e+05   2.2399902e+01
   1.3258400e+05   2.8076172e+01
   1.3262400e+05   1.7761230e+01
   1.3271700e+05   2.0690918e+01
   1.3279900e+05   1.9897461e+01
   1.3285100e+05   2.2338867e+01
   1.3293400e+05   1.9042969e+01
   1.3302700e+05   2.5390625e+01
   1.3305400e+05   2.8442383e+01
   1.3314300e+05   1.9714355e+01
   1.3317300e+05   1.8188477e+01
   1.3324400e+05   1.7456055e+01
   1.3326700e+05   1.8981934e+01
   1.3329500e+05   1.7089844e+01
   1.3332800e+05   1.7944336e+01
   1.3343400e+05   1.6967773e+01
   1.3353400e+05   2.0019531e+01
   1.3367100e+05   2.0202637e+01
   1.3370000e+05   1.6479492e+01
   1.3378000e+05   2.1179199e+01
   1.3483900e+05   1.6723633e+01
   1.4778700e+05   1.9897461e+01
   1.4795200e+05   1.8371582e+01
   1.5155600e+05   2.6245117e+01
   1.5472800e+05   2.0080566e+01
   1.5901600e+05   1.7028809e+01
   1.7567800e+05   2.9968262e+01
   1.7570300e+05   2.3376465e+01
   1.7572100e+05   1.9958496e+01
   1.7573500e+05   4.3884277e+01
   1.7575000e+05   3.4912109e+01
   1.7578000e+05   3.5095215e+01
   1.7581700e+05   3.5644531e+01
   1.7583600e+05   1.8493652e+01
   1.7584900e+05   1.6906738e+01
   1.7588600e+05   2.8381348e+01
   1.7593600e+05   2.7038574e+01
   1.7596700e+05   1.7822266e+01
   1.7601600e+05   2.0507812e+01
   1.7604800e+05   1.6601562e+01
   1.7611800e+05   1.6357422e+01
   1.7613600e+05   2.0385742e+01
   1.7614900e+05   1.6662598e+01
   1.7628900e+05   1.7761230e+01
   1.7640700e+05   1.6357422e+01
   1.7651200e+05   1.6967773e+01
   1.7654500e+05   1.7517090e+01
   1.7671800e+05   1.8371582e+01
   1.7676200e+05   2.3254395e+01
   1.7686000e+05   1.6357422e+01
   1.7693700e+05   1.8859863e+01
   1.7705200e+05   2.0385742e+01
   1.7708100e+05   1.6845703e+01
   1.7711400e+05   1.9165039e+01
   1.7718400e+05   1.7333984e+01
   1.7725500e+05   1.8676758e+01
   1.7730600e+05   2.6245117e+01
   1.7734000e+05   1.7211914e+01
   1.7736100e+05   1.8554688e+01
   1.7739300e+05   1.8249512e+01
   1.7745100e+05   1.7578125e+01
   1.7747500e+05   1.6967773e+01
   1.7756000e+05   2.5817871e+01
   1.7757200e+05   2.0507812e+01
   1.7761200e+05   1.6723633e+01
   1.7766100e+05   2.0263672e+01
   1.7767800e+05   1.6296387e+01
   1.7778800e+05   2.0935059e+01
   1.7791200e+05   1.7272949e+01
   1.7814000e+05   1.9653320e+01
   1.7816800e+05   1.6784668e+01
   1.7825100e+05   1.9348145e+01
   1.7833900e+05   1.7517090e+01
   1.7845500e+05   1.7822266e+01
   1.7868500e+05   1.8493652e+01
   1.7881100e+05   1.6479492e+01
   1.7907900e+05   1.8920898e+01
   1.7973700e+05   2.0141602e+01
   1.8072200e+05   1.9958496e+01
   1.8132800e+05   2.2399902e+01
   1.9864500e+05   1.7883301e+01
   4.4830600e+05   2.6611328e+01
   4.4840900e+05   1.7089844e+01
   4.4843600e+05   4.3151855e+01
   4.4845100e+05   3.7963867e+01
   4.4846500e+05   2.0446777e+01
   4.4848800e+05   2.7954102e+01
   4.4850200e+05   1.9592285e+01
   4.4853200e+05   3.0334473e+01
   4.4856700e+05   3.6682129e+01
   4.4861300e+05   1.8859863e+01
   4.4863600e+05   2.0263672e+01
   4.4867800e+05   2.7893066e+01
   4.4870500e+05   2.2827148e+01
   4.4874700e+05   2.5817871e+01
   4.4876400e+05   1.6967773e+01
   4.4878200e+05   1.7639160e+01
   4.4883400e+05   1.8676758e+01
   4.4886500e+05   1.8615723e+01
   4.4893300e+05   1.7395020e+01
   4.4902500e+05   1.8798828e+01
   4.4920300e+05   1.9226074e+01
   4.4935800e+05   1.9042969e+01
   4.4950300e+05   1.9897461e+01
   4.4956500e+05   1.9592285e+01
   4.4964600e+05   1.8493652e+01
   4.4970100e+05   1.9653320e+01
   4.4972200e+05   1.8066406e+01
   4.4980400e+05   1.7211914e+01
   4.4983500e+05   1.7089844e+01
   4.4985900e+05   2.5268555e+01
   4.4990700e+05   1.7028809e+01
   4.4994500e+05   1.9714355e+01
   4.4998200e+05   2.8503418e+01
   4.5002700e+05   1.9165039e+01
   4.5004100e+05   2.3498535e+01
   4.5007600e+05   2.0751953e+01
   4.5020100e+05   2.2705078e+01
   4.5021200e+05   2.4169922e+01
   4.5026800e+05   1.6479492e+01
   4.5030700e+05   1.8188477e+01
   4.5044700e+05   1.8554688e+01
   4.5048900e+05   1.8798828e+01
   4.5063900e+05   1.9104004e+01
   4.5068300e+05   1.7272949e+01
   4.5080400e+05   1.8981934e+01
   4.5090200e+05   2.0141602e+01
   4.5092800e+05   1.7883301e+01
   4.5124200e+05   1.8188477e+01
   4.5158900e+05   1.9714355e+01
   4.7027800e+05   1.6601562e+01
   4.7042600e+05   1.8432617e+01
   4.7363600e+05   1.7822266e+01
   4.7696700e+05   2.2888184e+01
   6.1083700e+05   2.6245117e+01
   6.1093800e+05   2.4475098e+01
   6.1095500e+05   3.4057617e+01
   6.1096600e+05   4.9133301e+01
   6.1100100e+05   2.6977539e+01
   6.1102800e+05   2.7343750e+01
   6.1104900e+05   2.3376465e+01
   6.1109600e+05   2.5512695e+01
   6.1110900e+05   2.7893066e+01
   6.1115200e+05   1.7395020e+01
   6.1118800e+05   2.7893066e+01
   6.1123400e+05   1.7395020e+01
   6.1126700e+05   1.8493652e+01
   6.1131300e+05   1.7700195e+01
   6.1136500e+05   1.9592285e+01
   6.1147100e+05   2.0446777e+01
   6.1150100e+05   1.7395020e+01
   6.1158700e+05   2.0141602e+01
   6.1166200e+05   2.1179199e+01
   6.1174000e+05   1.9165039e+01
   6.1178300e+05   1.9714355e+01
   6.1184600e+05   1.7456055e+01
   6.1191500e+05   2.1789551e+01
   6.1198000e+05   1.8737793e+01
   6.1203200e+05   2.0996094e+01
   6.1211100e+05   2.5451660e+01
   6.1216100e+05   1.9958496e+01
   6.1226900e+05   2.0935059e+01
   6.1228900e+05   1.6906738e+01
   6.1244900e+05   2.0812988e+01
   6.1246300e+05   1.9165039e+01
   6.1249500e+05   1.8859863e+01
   6.1254000e+05   1.9165039e+01
   6.1258000e+05   1.7700195e+01
   6.1262200e+05   1.6845703e+01
   6.1277600e+05   1.6906738e+01
   6.1282100e+05   2.1606445e+01
   6.1288600e+05   2.2094727e+01
   6.1293000e+05   2.1057129e+01
   6.1301000e+05   2.4658203e+01
   6.1302700e+05   2.2399902e+01
   6.1311800e+05   1.9592285e+01
   6.1313800e+05   1.8371582e+01
   6.1322600e+05   1.7272949e+01
   6.1336200e+05   1.8859863e+01
   6.1378200e+05   1.8127441e+01
   6.1386600e+05   2.0080566e+01
   6.1447600e+05   1.7395020e+01
   6.3038200e+05   1.8371582e+01
   6.3039900e+05   1.6418457e+01
   6.3062200e+05   1.7272949e+01
   6.3253800e+05   2.0263672e+01
   6.3272700e+05   2.0812988e+01
   6.3601800e+05   1.6601562e+01
   6.3628100e+05   1.7578125e+01
   7.2067400e+05   2.3742676e+01
   7.4750600e+05   2.9113770e+01
   7.4763300e+05   1.9348145e+01
   7.4768200e+05   2.2277832e+01
   7.4774600e+05   3.3874512e+01
   7.4775800e+05   1.8981934e+01
   7.4777200e+05   3.8513184e+01
   7.4779500e+05   3.1982422e+01
   7.4782000e+05   2.0568848e+01
   7.4783700e+05   2.4597168e+01
   7.4786700e+05   2.2094727e+01
   7.4789300e+05   2.5939941e+01
   7.4792300e+05   2.2033691e+01
   7.4794000e+05   2.1362305e+01
   7.4797600e+05   1.9470215e+01
   7.4800100e+05   1.7395020e+01
   7.4801500e+05   1.8798828e+01
   7.4804800e+05   2.0263672e+01
   7.4808100e+05   2.0935059e+01
   7.4809800e+05   1.6601562e+01
   7.4814300e+05   1.8493652e+01
   7.4819800e+05   1.7639160e+01
   7.4826100e+05   2.0568848e+01
   7.4833200e+05   1.7456055e+01
   7.4838100e+05   2.5146484e+01
   7.4853900e+05   1.7395020e+01
   7.4861500e+05   2.1057129e+01
   7.4878800e+05   1.7028809e+01
   7.4879800e+05   1.6784668e+01
   7.4886000e+05   1.9409180e+01
   7.4897600e+05   1.8188477e+01
   7.4904700e+05   1.9897461e+01
   7.4909800e+05   2.0385742e+01
   7.4913500e+05   1.8554688e+01
   7.4920000e+05   1.9836426e+01
   7.4927000e+05   1.8493652e+01
   7.4932300e+05   1.8432617e+01
   7.4934000e+05   1.8859863e+01
   7.4937300e+05   1.6723633e+01
   7.4947200e+05   1.8371582e+01
   7.4952000e+05   1.8432617e+01
   7.4957600e+05   1.7578125e+01
   7.4962400e+05   2.3925781e+01
   7.4968100e+05   1.6784668e+01
   7.4974800e+05   2.5024414e+01
   7.4981400e+05   2.0568848e+01
   7.4990800e+05   1.7028809e+01
   7.4995600e+05   1.7883301e+01
   7.4998900e+05   1.8859863e+01
   7.5008700e+05   2.0324707e+01
   7.5013000e+05   2.3254395e+01
   7.5019400e+05   1.6418457e+01
   7.5020400e+05   1.9470215e+01
   7.5071200e+05   1.6357422e+01
   7.5095000e+05   1.7578125e+01
   7.5123100e+05   1.9775391e+01
   7.5161400e+05   1.8066406e+01
   7.5194600e+05   1.8798828e+01
   7.6679600e+05   1.9409180e+01
   7.6940300e+05   2.6550293e+01
   7.7218100e+05   2.4353027e+01
   7.7238700e+05   1.7333984e+01
   7.7470400e+05   2.0080566e+01
   8.1093600e+05   2.8320312e+01
   8.1104300e+05   1.8432617e+01
   8.1117500e+05   2.3376465e+01
   8.1124700e+05   2.4536133e+01
   8.1127000e+05   4.7729492e+01
   8.1128200e+05   5.4504395e+01
   8.1129700e+05   3.1494141e+01
   8.1131700e+05   3.1127930e+01
   8.1138300e+05   1.8859863e+01
   8.1140700e+05   2.2888184e+01
   8.1142000e+05   1.8310547e+01
   8.1151900e+05   1.8066406e+01
   8.1155300e+05   1.9531250e+01
   8.1158400e+05   1.9714355e+01
   8.1164100e+05   1.6845703e+01
   8.1183700e+05   1.7150879e+01
   8.1190700e+05   1.6662598e+01
   8.1196200e+05   2.1301270e+01
   8.1202700e+05   1.7883301e+01
   8.1207300e+05   1.7578125e+01
   8.1216800e+05   2.2949219e+01
   8.1219300e+05   1.6479492e+01
   8.1223200e+05   1.9897461e+01
   8.1237500e+05   1.7028809e+01
   8.1243300e+05   2.1728516e+01
   8.1250000e+05   1.7395020e+01
   8.1259100e+05   1.9836426e+01
   8.1261400e+05   1.7700195e+01
   8.1263400e+05   1.7517090e+01
   8.1267800e+05   1.6296387e+01
   8.1271900e+05   2.0263672e+01
   8.1278000e+05   2.9663086e+01
   8.1295300e+05   1.7333984e+01
   8.1301400e+05   2.8564453e+01
   8.1307900e+05   2.3620605e+01
   8.1316400e+05   1.8249512e+01
   8.1317400e+05   1.7700195e+01
   8.1330400e+05   1.7089844e+01
   8.1333600e+05   1.8859863e+01
   8.1339300e+05   1.6357422e+01
   8.1343900e+05   2.0141602e+01
   8.1357100e+05   1.8737793e+01
   8.1369700e+05   1.7395020e+01
   8.1381000e+05   1.7578125e+01
   8.1390600e+05   2.3254395e+01
   8.1406300e+05   2.0812988e+01
   8.1483700e+05   2.0690918e+01
   8.1486000e+05   1.6357422e+01
   8.1674800e+05   2.1911621e+01
   8.2889300e+05   2.2460938e+01
   8.2891000e+05   1.7517090e+01
   8.2906600e+05   1.7639160e+01
   8.2911000e+05   1.6479492e+01
   8.3185900e+05   1.9958496e+01
   8.3813200e+05   2.0935059e+01
   8.3815000e+05   1.6479492e+01
   8.4831900e+05   2.8015137e+01
   8.4841300e+05   4.0466309e+01
   8.4842400e+05   2.3864746e+01
   8.4843600e+05   3.2653809e+01
   8.4845600e+05   1.7456055e+01
   8.4848300e+05   4.0466309e+01
   8.4849300e+05   2.4780273e+01
   8.4852300e+05   2.1972656e+01
   8.4854800e+05   3.2592773e+01
   8.4856000e+05   2.0019531e+01
   8.4859400e+05   1.8981934e+01
   8.4863900e+05   1.6540527e+01
   8.4875800e+05   1.7272949e+01
   8.4879900e+05   1.9409180e+01
   8.4885600e+05   1.9042969e+01
   8.4891400e+05   2.2033691e+01
   8.4906700e+05   1.7028809e+01
   8.4924100e+05   1.9042969e+01
   8.4928000e+05   1.9165039e+01
   8.4931400e+05   1.6418457e+01
   8.4936400e+05   1.9592285e+01
   8.4941100e+05   1.8554688e+01
   8.4947000e+05   2.4291992e+01
   8.4955000e+05   1.7211914e+01
   8.4961100e+05   2.1606445e+01
   8.4968300e+05   2.2277832e+01
   8.4983500e+05   1.8127441e+01
   8.4984700e+05   2.1118164e+01
   8.4988100e+05   1.6296387e+01
   8.4998900e+05   1.7272949e+01
   8.5001700e+05   2.3986816e+01
   8.5007000e+05   1.7395020e+01
   8.5013600e+05   2.1118164e+01
   8.5017800e+05   1.6784668e+01
   8.5024500e+05   1.9165039e+01
   8.5039400e+05   1.9287109e+01
   8.5056100e+05   1.7395020e+01
   8.5072100e+05   1.6906738e+01
   8.5075700e+05   2.2583008e+01
   8.5084400e+05   1.8798828e+01
   8.5086800e+05   1.7639160e+01
   8.5108400e+05   2.1850586e+01
   8.5158100e+05   1.7517090e+01
   8.5240500e+05   1.6662598e+01
   8.5268800e+05   1.8432617e+01
   8.5312600e+05   1.9592285e+01
   8.5355500e+05   1.8554688e+01
   8.5378800e+05   1.7822266e+01
   8.5411000e+05   1.7761230e+01
   8.5503400e+05   1.8066406e+01
   1.0623700e+06   2.5756836e+01
   1.0624590e+06   3.3813477e+01
   1.0624720e+06   2.5756836e+01
   1.0624930e+06   4.6264648e+01
   1.0625060e+06   3.0334473e+01
   1.0625290e+06   5.4260254e+01
   1.0625430e+06   3.5705566e+01
   1.0625820e+06   3.8757324e+01
   1.0626140e+06   1.8493652e+01
   1.0626330e+06   2.0996094e+01
   1.0626630e+06   1.9653320e+01
   1.0626800e+06   2.0812988e+01
   1.0627110e+06   1.8798828e+01
   1.0627340e+06   1.7822266e+01
   1.0627850e+06   1.8920898e+01
   1.0628830e+06   1.6296387e+01
   1.0629220e+06   1.9348145e+01
   1.0629600e+06   1.8920898e+01
   1.0631040e+06   1.9592285e+01
   1.0632120e+06   1.6479492e+01
   1.0633300e+06   1.6296387e+01
   1.0634380e+06   1.6784668e+01
   1.0634790e+06   1.8920898e+01
   1.0635350e+06   1.7333984e+01
   1.0635620e+06   1.9531250e+01
   1.0635970e+06   2.2033691e+01
   1.0636970e+06   2.2338867e+01
   1.0637200e+06   1.7395020e+01
   1.0637590e+06   1.8737793e+01
   1.0637730e+06   1.7883301e+01
   1.0638180e+06   1.8432617e+01
   1.0638320e+06   1.7456055e+01
   1.0638580e+06   1.6662598e+01
   1.0639080e+06   2.4414062e+01
   1.0639820e+06   1.6906738e+01
   1.0640170e+06   2.1606445e+01
   1.0640920e+06   1.7456055e+01
   1.0641630e+06   2.4108887e+01
   1.0642420e+06   2.0385742e+01
   1.0643160e+06   1.9836426e+01
   1.0643500e+06   1.7211914e+01
   1.0643750e+06   2.0141602e+01
   1.0644130e+06   2.2216797e+01
   1.0646540e+06   1.8188477e+01
   1.0646740e+06   1.6357422e+01
   1.0647650e+06   1.6845703e+01
   1.0648930e+06   1.8127441e+01
   1.0649610e+06   2.4291992e+01
   1.0652570e+06   1.8737793e+01
   1.0653770e+06   1.7822266e+01
   1.0662160e+06   1.9042969e+01
   1.0669130e+06   1.9104004e+01
   1.0851100e+06   1.8859863e+01
   1.0853340e+06   1.8005371e+01
   1.0885670e+06   2.0629883e+01
   1.0888590e+06   2.1057129e+01
   1.0913480e+06   1.8798828e+01
   1.2243590e+06   2.4108887e+01
   1.2245160e+06   2.1362305e+01
   1.2245900e+06   2.2216797e+01
   1.2246060e+06   2.9052734e+01
   1.2246200e+06   4.9011230e+01
   1.2246320e+06   2.6428223e+01
   1.2246530e+06   2.7343750e+01
   1.2246740e+06   3.2836914e+01
   1.2247030e+06   2.1545410e+01
   1.2247180e+06   2.1667480e+01
   1.2247310e+06   1.7883301e+01
   1.2247470e+06   2.9357910e+01
   1.2247840e+06   1.6601562e+01
   1.2248120e+06   2.2827148e+01
   1.2248310e+06   2.5939941e+01
   1.2248550e+06   1.7761230e+01
   1.2249520e+06   2.0935059e+01
   1.2249850e+06   1.8432617e+01
   1.2250150e+06   1.8005371e+01
   1.2250830e+06   1.9470215e+01
   1.2251130e+06   1.7272949e+01
   1.2252020e+06   1.8859863e+01
   1.2252900e+06   1.7883301e+01
   1.2253720e+06   1.7639160e+01
   1.2254280e+06   2.2888184e+01
   1.2254880e+06   1.6784668e+01
   1.2255660e+06   2.1118164e+01
   1.2256310e+06   2.1606445e+01
   1.2257140e+06   1.9836426e+01
   1.2257900e+06   2.3010254e+01
   1.2258120e+06   1.9348145e+01
   1.2258350e+06   1.8432617e+01
   1.2258810e+06   1.6296387e+01
   1.2259000e+06   1.6723633e+01
   1.2259840e+06   2.1362305e+01
   1.2259950e+06   1.6906738e+01
   1.2260290e+06   1.7639160e+01
   1.2260680e+06   2.3864746e+01
   1.2261420e+06   1.8493652e+01
   1.2261660e+06   2.3925781e+01
   1.2262670e+06   1.7578125e+01
   1.2263090e+06   1.7822266e+01
   1.2263570e+06   2.3010254e+01
   1.2264280e+06   1.6845703e+01
   1.2266650e+06   2.1362305e+01
   1.2268660e+06   1.6967773e+01
   1.2272030e+06   2.1179199e+01
   1.2274840e+06   1.8981934e+01
   1.2280880e+06   1.8676758e+01
   1.2379600e+06   1.8920898e+01
   1.2436010e+06   1.8737793e+01
   1.2437680e+06   1.7272949e+01
   1.2438460e+06   2.0263672e+01
   1.2464500e+06   1.6357422e+01
   1.2490120e+06   1.8676758e+01
   1.2492770e+06   1.6296387e+01
   1.3578430e+06   2.1728516e+01
   1.3579730e+06   2.5695801e+01
   1.3579930e+06   1.7944336e+01
   1.3580210e+06   3.2836914e+01
   1.3580430e+06   2.6794434e+01
   1.3580550e+06   2.0263672e+01
   1.3580690e+06   2.5573730e+01
   1.3580950e+06   4.0588379e+01
   1.3581240e+06   2.7160645e+01
   1.3581580e+06   2.2521973e+01
   1.3581930e+06   2.9174805e+01
   1.3582360e+06   1.7639160e+01
   1.3582620e+06   1.6601562e+01
   1.3583020e+06   2.0385742e+01
   1.3583400e+06   2.7832031e+01
   1.3584240e+06   2.0263672e+01
   1.3584530e+06   1.9958496e+01
   1.3584810e+06   1.7272949e+01
   1.3585840e+06   1.6479492e+01
   1.3587090e+06   1.6296387e+01
   1.3588370e+06   1.8371582e+01
   1.3588730e+06   1.9958496e+01
   1.3588910e+06   1.8310547e+01
   1.3589460e+06   2.1301270e+01
   1.3589930e+06   1.8615723e+01
   1.3590860e+06   1.7822266e+01
   1.3592150e+06   1.6906738e+01
   1.3592530e+06   1.8249512e+01
   1.3593180e+06   1.9470215e+01
   1.3593440e+06   1.7700195e+01
   1.3593710e+06   2.0629883e+01
   1.3594230e+06   1.9226074e+01
   1.3594560e+06   1.9897461e+01
   1.3595430e+06   1.6357422e+01
   1.3595600e+06   1.9042969e+01
   1.3596030e+06   1.7089844e+01
   1.3596350e+06   2.1850586e+01
   1.3597220e+06   1.6418457e+01
   1.3597460e+06   1.8798828e+01
   1.3597650e+06   2.0324707e+01
   1.3598010e+06   1.6601563e+01
   1.3598430e+06   1.7028809e+01
   1.3599140e+06   1.6296387e+01
   1.3600190e+06   2.1850586e+01
   1.3600960e+06   2.0568848e+01
   1.3601230e+06   1.9042969e+01
   1.3602040e+06   1.6784668e+01
   1.3602430e+06   1.6540527e+01
   1.3605310e+06   1.8676758e+01
   1.3606000e+06   1.8310547e+01
   1.3619440e+06   2.0935059e+01
   1.3759360e+06   1.7211914e+01
   1.3760590e+06   1.6357422e+01
   1.3786760e+06   1.9592285e+01
   1.3789820e+06   1.7150879e+01
   1.3822740e+06   2.0263672e+01
   1.3824360e+06   1.6662598e+01
   1.3882890e+06   1.6662598e+01
   1.3884720e+06   1.8371582e+01
   1.5101090e+06   2.6672363e+01
   1.5102230e+06   3.3325195e+01
   1.5102390e+06   2.4108887e+01
   1.5102510e+06   1.8066406e+01
   1.5102750e+06   2.3376465e+01
   1.5102920e+06   1.7333984e+01
   1.5103150e+06   1.9897461e+01
   1.5103470e+06   2.1240234e+01
   1.5103650e+06   2.4475098e+01
   1.5103870e+06   2.7099609e+01
   1.5104150e+06   1.7578125e+01
   1.5104570e+06   2.0751953e+01
   1.5104870e+06   2.1972656e+01
   1.5105190e+06   2.4169922e+01
   1.5105420e+06   1.7150879e+01
   1.5106040e+06   2.6672363e+01
   1.5106360e+06   1.8798828e+01
   1.5107740e+06   1.8737793e+01
   1.5108490e+06   1.8737793e+01
   1.5108920e+06   1.7944336e+01
   1.5109370e+06   2.1362305e+01
   1.5109980e+06   1.7333984e+01
   1.5110800e+06   1.6540527e+01
   1.5111190e+06   1.8188477e+01
   1.5111480e+06   1.8554688e+01
   1.5112090e+06   2.1606445e+01
   1.5112800e+06   1.8554688e+01
   1.5113570e+06   2.4047852e+01
   1.5114230e+06   2.0996094e+01
   1.5114660e+06   1.8859863e+01
   1.5115220e+06   2.0019531e+01
   1.5115930e+06   1.6296387e+01
   1.5116180e+06   2.0202637e+01
   1.5116610e+06   1.8005371e+01
   1.5116920e+06   1.7883301e+01
   1.5117440e+06   1.6967773e+01
   1.5117940e+06   1.7456055e+01
   1.5118100e+06   2.1118164e+01
   1.5118840e+06   2.2460938e+01
   1.5119320e+06   1.9836426e+01
   1.5119750e+06   1.6784668e+01
   1.5119870e+06   1.9958496e+01
   1.5120710e+06   1.6845703e+01
   1.5121100e+06   2.0690918e+01
   1.5122020e+06   2.1423340e+01
   1.5122900e+06   2.1728516e+01
   1.5123110e+06   1.6967773e+01
   1.5123550e+06   1.6418457e+01
   1.5123750e+06   1.7333984e+01
   1.5126310e+06   2.0690918e+01
   1.5126800e+06   1.8859863e+01
   1.5128280e+06   1.8981934e+01
   1.5278500e+06   2.2033691e+01
   1.5317380e+06   2.3254395e+01
   1.5319110e+06   1.9348145e+01
   1.5319450e+06   1.6723633e+01
   1.5347640e+06   1.9409180e+01
   1.5349440e+06   1.8981934e+01
   1.5349970e+06   1.8920898e+01
   1.5386070e+06   1.7395020e+01
   1.5387770e+06   1.6418457e+01
   1.5577620e+06   2.5878906e+01
   1.5578040e+06   2.2033691e+01
   1.5578210e+06   1.7456055e+01
   1.5578380e+06   3.5583496e+01
   1.5578490e+06   2.8320312e+01
   1.5578720e+06   2.7770996e+01
   1.5578890e+06   3.6071777e+01
   1.5579110e+06   3.2653809e+01
   1.5579290e+06   2.1362305e+01
   1.5579560e+06   2.4475098e+01
   1.5579810e+06   1.9470215e+01
   1.5580030e+06   2.4414062e+01
   1.5580700e+06   1.8371582e+01
   1.5580970e+06   1.6845703e+01
   1.5581180e+06   1.8554688e+01
   1.5581620e+06   1.8981934e+01
   1.5581950e+06   1.9470215e+01
   1.5582100e+06   2.0690918e+01
   1.5582580e+06   2.0324707e+01
   1.5582960e+06   1.6357422e+01
   1.5583390e+06   1.7639160e+01
   1.5583830e+06   1.8798828e+01
   1.5585300e+06   1.6540527e+01
   1.5585900e+06   1.8981934e+01
   1.5586480e+06   2.0080566e+01
   1.5587120e+06   1.7089844e+01
   1.5587780e+06   1.7822266e+01
   1.5588320e+06   1.6540527e+01
   1.5588600e+06   1.7089844e+01
   1.5589330e+06   1.8676758e+01
   1.5589910e+06   2.0263672e+01
   1.5590430e+06   2.1118164e+01
   1.5590800e+06   2.1911621e+01
   1.5591760e+06   2.3132324e+01
   1.5592040e+06   2.0263672e+01
   1.5592400e+06   1.8615723e+01
   1.5593290e+06   1.6296387e+01
   1.5594080e+06   1.6906738e+01
   1.5594480e+06   2.3620605e+01
   1.5595870e+06   2.1972656e+01
   1.5596570e+06   2.0568848e+01
   1.5597370e+06   1.9470215e+01
   1.5598810e+06   1.7456055e+01
   1.5598960e+06   1.9531250e+01
   1.5599890e+06   1.6601562e+01
   1.5600660e+06   1.8676758e+01
   1.5602000e+06   1.6418457e+01
   1.5603720e+06   2.1240234e+01
   1.5604400e+06   1.9775391e+01
   1.5605920e+06   1.7456055e+01
   1.5606580e+06   1.6845703e+01
   1.5623840e+06   1.6784668e+01
   1.5781350e+06   2.0996094e+01
   1.7063660e+06   2.5878906e+01
   1.7064480e+06   4.0405273e+01
   1.7064590e+06   1.7944336e+01
   1.7064770e+06   4.0344238e+01
   1.7064930e+06   1.7272949e+01
   1.7065080e+06   1.7150879e+01
   1.7065240e+06   4.0161133e+01
   1.7065400e+06   1.8798828e+01
   1.7065640e+06   2.8625488e+01
   1.7065830e+06   2.4719238e+01
   1.7066220e+06   1.9958496e+01
   1.7066600e+06   1.9531250e+01
   1.7066970e+06   2.2033691e+01
   1.7067200e+06   1.6784668e+01
   1.7067390e+06   1.7883301e+01
   1.7067590e+06   1.7883301e+01
   1.7068040e+06   2.3315430e+01
   1.7068700e+06   2.5939941e+01
   1.7069530e+06   2.0690918e+01
   1.7069920e+06   1.6967773e+01
   1.7071720e+06   1.6540527e+01
   1.7072480e+06   1.6845703e+01
   1.7073010e+06   1.7089844e+01
   1.7073800e+06   1.8432617e+01
   1.7074330e+06   1.6296387e+01
   1.7074640e+06   1.9653320e+01
   1.7075280e+06   1.7333984e+01
   1.7076030e+06   1.7089844e+01
   1.7077280e+06   2.0874023e+01
   1.7078600e+06   1.6784668e+01
   1.7079340e+06   1.8615723e+01
   1.7079550e+06   2.0202637e+01
   1.7079790e+06   1.8005371e+01
   1.7080730e+06   1.7211914e+01
   1.7081150e+06   2.0385742e+01
   1.7081720e+06   2.2827148e+01
   1.7081860e+06   1.6723633e+01
   1.7082390e+06   1.7639160e+01
   1.7083650e+06   3.4057617e+01
   1.7084810e+06   2.2583008e+01
   1.7087020e+06   1.6479492e+01
   1.7087350e+06   1.7395020e+01
   1.7087500e+06   1.6418457e+01
   1.7088250e+06   2.5634766e+01
   1.7095150e+06   1.6723633e+01
   1.7225040e+06   2.3620605e+01
   1.7227470e+06   2.5939941e+01
   1.7227780e+06   3.7780762e+01
   1.7227920e+06   1.9226074e+01
   1.7228130e+06   3.1127930e+01
   1.7228270e+06   4.3457031e+01
   1.7228640e+06   2.0141602e+01
   1.7228750e+06   3.0212402e+01
   1.7229150e+06   4.2297363e+01
   1.7229450e+06   2.2216797e+01
   1.7229650e+06   2.9602051e+01
   1.7229860e+06   1.6479492e+01
   1.7230400e+06   1.9042969e+01
   1.7230700e+06   1.7517090e+01
   1.7231200e+06   1.6662598e+01
   1.7231490e+06   1.6540527e+01
   1.7233230e+06   1.7333984e+01
   1.7234210e+06   1.9714355e+01
   1.7236120e+06   1.9226074e+01
   1.7236580e+06   2.3559570e+01
   1.7238660e+06   1.9714355e+01
   1.7239150e+06   1.9226074e+01
   1.7239600e+06   2.2705078e+01
   1.7239770e+06   1.8737793e+01
   1.7240140e+06   1.9409180e+01
   1.7240540e+06   1.8310547e+01
   1.7240880e+06   1.7089844e+01
   1.7241900e+06   2.0751953e+01
   1.7242280e+06   1.6418457e+01
   1.7242440e+06   2.2766113e+01
   1.7243250e+06   1.6357422e+01
   1.7244130e+06   1.7272949e+01
   1.7244980e+06   1.8310547e+01
   1.7246070e+06   1.8371582e+01
   1.7247000e+06   1.8859863e+01
   1.7247790e+06   1.9897461e+01
   1.7249110e+06   2.5207520e+01
   1.7249490e+06   1.8737793e+01
   1.7251420e+06   1.6357422e+01
   1.7252020e+06   3.3508301e+01
   1.7254030e+06   2.0324707e+01
   1.7256960e+06   1.6845703e+01
   1.7260150e+06   1.9348145e+01
   1.7263760e+06   1.7883301e+01
   1.7265710e+06   1.6479492e+01
   1.7267330e+06   2.0874023e+01
   1.7271630e+06   1.6845703e+01
   1.7280880e+06   1.8066406e+01
   1.7289400e+06   1.6601562e+01
   1.7363030e+06   2.2521973e+01
   1.7364200e+06   3.0090332e+01
   1.7364360e+06   1.9226074e+01
   1.7364480e+06   2.0751953e+01
   1.7364680e+06   2.0935059e+01
   1.7364830e+06   2.7770996e+01
   1.7364970e+06   4.2114258e+01
   1.7365160e+06   2.6916504e+01
   1.7365330e+06   1.8127441e+01
   1.7365570e+06   2.3864746e+01
   1.7365800e+06   2.0202637e+01
   1.7366200e+06   2.6306152e+01
   1.7366460e+06   2.3437500e+01
   1.7366650e+06   3.0700684e+01
   1.7366980e+06   2.4536133e+01
   1.7367280e+06   2.0751953e+01
   1.7367400e+06   1.7333984e+01
   1.7367640e+06   2.7343750e+01
   1.7368030e+06   2.7282715e+01
   1.7368820e+06   2.7648926e+01
   1.7368980e+06   1.8432617e+01
   1.7369160e+06   1.9531250e+01
   1.7369350e+06   1.7089844e+01
   1.7369800e+06   1.8188477e+01
   1.7370070e+06   1.7272949e+01
   1.7370600e+06   1.9287109e+01
   1.7370960e+06   1.8676758e+01
   1.7371060e+06   2.0812988e+01
   1.7371680e+06   2.5817871e+01
   1.7371940e+06   1.7578125e+01
   1.7372440e+06   1.6418457e+01
   1.7372940e+06   1.6845703e+01
   1.7373390e+06   1.6357422e+01
   1.7373680e+06   1.8920898e+01
   1.7374090e+06   1.9226074e+01
   1.7374290e+06   1.6296387e+01
   1.7376150e+06   1.8859863e+01
   1.7377110e+06   2.0141602e+01
   1.7377780e+06   1.7822266e+01
   1.7378230e+06   2.3193359e+01
   1.7378520e+06   1.7150879e+01
   1.7378770e+06   1.7089844e+01
   1.7379310e+06   1.7028809e+01
   1.7380150e+06   1.9287109e+01
   1.7382330e+06   2.6733398e+01
   1.7384390e+06   1.6357422e+01
   1.7385960e+06   1.7456055e+01
   1.7392210e+06   2.6916504e+01
   1.7394960e+06   1.6418457e+01
   1.7397480e+06   1.6784668e+01
   1.7398760e+06   1.7028809e+01
   1.7406380e+06   2.1789551e+01
   1.7408230e+06   1.9287109e+01
   1.7409850e+06   1.6845703e+01
   1.7411640e+06   1.6906738e+01
   1.7421290e+06   1.8676758e+01
   1.7424990e+06   2.0263672e+01
   1.7441150e+06   1.9592285e+01
   1.7964010e+06   2.2521973e+01
   1.7964620e+06   2.6733398e+01
   1.7964720e+06   3.6560059e+01
   1.7964960e+06   2.4108887e+01
   1.7965140e+06   3.0883789e+01
   1.7965240e+06   3.0273438e+01
   1.7965540e+06   3.2104492e+01
   1.7965920e+06   2.3010254e+01
   1.7966190e+06   2.9907227e+01
   1.7966640e+06   1.7822266e+01
   1.7966790e+06   1.8005371e+01
   1.7967390e+06   1.8798828e+01
   1.7967630e+06   1.7517090e+01
   1.7968070e+06   1.6967773e+01
   1.7968470e+06   1.7700195e+01
   1.7968860e+06   1.7150879e+01
   1.7969130e+06   2.0141602e+01
   1.7969520e+06   1.7028809e+01
   1.7970970e+06   1.6601563e+01
   1.7971260e+06   1.6662598e+01
   1.7971680e+06   1.9409180e+01
   1.7972230e+06   1.8676758e+01
   1.7973010e+06   1.8859863e+01
   1.7973380e+06   1.6357422e+01
   1.7974130e+06   2.0812988e+01
   1.7974610e+06   1.8859863e+01
   1.7975280e+06   2.1850586e+01
   1.7977500e+06   1.7456055e+01
   1.7978120e+06   2.7038574e+01
   1.7978710e+06   1.6845703e+01
   1.7979390e+06   1.9104004e+01
   1.7980380e+06   1.7639160e+01
   1.7980620e+06   1.6540527e+01
   1.7981100e+06   2.0202637e+01
   1.7981900e+06   1.7028809e+01
   1.7982800e+06   2.3681641e+01
   1.7983190e+06   1.6662598e+01
   1.7985350e+06   1.8371582e+01
   1.7989220e+06   1.9531250e+01
   1.7999280e+06   1.6357422e+01
   1.8000880e+06   1.7395020e+01
   1.8010430e+06   1.6418457e+01
   1.8014790e+06   1.8066406e+01
   1.8017800e+06   2.1118164e+01
   1.8307050e+06   2.5268555e+01
   1.8307850e+06   3.8330078e+01
   1.8308070e+06   4.4189453e+01
   1.8308190e+06   2.7038574e+01
   1.8308360e+06   1.6662598e+01
   1.8308560e+06   3.1738281e+01
   1.8308740e+06   4.0466309e+01
   1.8308970e+06   2.5207520e+01
   1.8309330e+06   2.3864746e+01
   1.8309460e+06   1.8310547e+01
   1.8309980e+06   1.7761230e+01
   1.8311130e+06   1.7639160e+01
   1.8311380e+06   1.7089844e+01
   1.8311690e+06   1.6601562e+01
   1.8312020e+06   1.7211914e+01
   1.8313250e+06   1.6784668e+01
   1.8315130e+06   1.6418457e+01
   1.8315510e+06   1.6479492e+01
   1.8315900e+06   1.8493652e+01
   1.8316330e+06   1.7211914e+01
   1.8318950e+06   2.0202637e+01
   1.8320180e+06   1.7639160e+01
   1.8321680e+06   2.1423340e+01
   1.8322220e+06   1.6479492e+01
   1.8322810e+06   1.7028809e+01
   1.8323740e+06   1.7089844e+01
   1.8324260e+06   1.7700195e+01
   1.8324640e+06   2.3132324e+01
   1.8326340e+06   1.7272949e+01
   1.8326960e+06   2.4169922e+01
   1.8327100e+06   1.8737793e+01
   1.8329080e+06   1.6357422e+01
   1.8330060e+06   2.1606445e+01
   1.8331280e+06   1.9287109e+01
   1.8334480e+06   1.6540527e+01
   1.8341640e+06   1.7272949e+01
   1.8344840e+06   1.8859863e+01
   1.8350300e+06   1.6662598e+01
   1.8352310e+06   1.6906738e+01
   1.8355000e+06   1.9287109e+01
   1.8359280e+06   1.6357422e+01
   1.8361990e+06   1.7272949e+01
   1.8462070e+06   2.3864746e+01
   1.8463790e+06   2.3254395e+01
   1.8464070e+06   2.3498535e+01
   1.8464430e+06   2.1362305e+01
   1.8464740e+06   3.9184570e+01
   1.8465040e+06   5.0659180e+01
   1.8465270e+06   3.7597656e+01
   1.8465570e+06   2.5573730e+01
   1.8465680e+06   2.9663086e+01
   1.8465880e+06   1.6540527e+01
   1.8466290e+06   1.6479492e+01
   1.8466580e+06   2.2521973e+01
   1.8466760e+06   2.3010254e+01
   1.8467090e+06   1.9104004e+01
   1.8467270e+06   1.6601562e+01
   1.8467440e+06   1.6540527e+01
   1.8467820e+06   2.3010254e+01
   1.8468190e+06   1.9470215e+01
   1.8468770e+06   1.7089844e+01
   1.8469080e+06   1.8127441e+01
   1.8469640e+06   1.7333984e+01
   1.8470540e+06   1.9042969e+01
   1.8471140e+06   1.6540527e+01
   1.8471390e+06   1.8066406e+01
   1.8472400e+06   1.7089844e+01
   1.8472710e+06   2.2705078e+01
   1.8472970e+06   1.6479492e+01
   1.8474410e+06   1.7700195e+01
   1.8474730e+06   1.6418457e+01
   1.8474940e+06   1.6723633e+01
   1.8475420e+06   1.6601562e+01
   1.8475760e+06   1.6967773e+01
   1.8478870e+06   1.8798828e+01
   1.8479270e+06   2.0507812e+01
   1.8480390e+06   1.6479492e+01
   1.8480590e+06   1.8554688e+01
   1.8483940e+06   1.7700195e+01
   1.8486350e+06   2.0812988e+01
   1.8486990e+06   1.6601562e+01
   1.8491750e+06   1.6723633e+01
   1.8498390e+06   1.7700195e+01
   1.8500790e+06   1.7028809e+01
   1.8510080e+06   1.8432617e+01
   1.8511590e+06   1.6662598e+01
   1.8518700e+06   1.7211914e+01
   1.8533250e+06   1.7639160e+01
   1.8538480e+06   1.6906738e+01
   1.8580750e+06   2.5451660e+01
   1.8583880e+06   2.3559570e+01
   1.8584210e+06   2.6428223e+01
   1.8584620e+06   2.4719238e+01
   1.8584880e+06   3.6682129e+01
   1.8585190e+06   2.0141602e+01
   1.8585350e+06   3.7658691e+01
   1.8585450e+06   3.3996582e+01
   1.8585830e+06   1.7028809e+01
   1.8586140e+06   1.8798828e+01
   1.8586240e+06   3.3691406e+01
   1.8586470e+06   2.2583008e+01
   1.8586790e+06   2.0019531e+01
   1.8587050e+06   2.9113770e+01
   1.8587190e+06   1.9042969e+01
   1.8587540e+06   2.4902344e+01
   1.8587900e+06   1.8859863e+01
   1.8588190e+06   2.5817871e+01
   1.8588780e+06   2.6000977e+01
   1.8589140e+06   2.1850586e+01
   1.8589730e+06   2.5390625e+01
   1.8589930e+06   1.8066406e+01
   1.8590250e+06   2.0446777e+01
   1.8590650e+06   1.9836426e+01
   1.8591280e+06   1.6357422e+01
   1.8591820e+06   2.3376465e+01
   1.8592060e+06   1.9531250e+01
   1.8593330e+06   1.9104004e+01
   1.8593960e+06   1.6906738e+01
   1.8594440e+06   1.7150879e+01
   1.8595220e+06   2.0874023e+01
   1.8596090e+06   2.0385742e+01
   1.8596470e+06   1.7089844e+01
   1.8596720e+06   1.7272949e+01
   1.8597610e+06   1.9287109e+01
   1.8599390e+06   1.6296387e+01
   1.8605710e+06   2.3986816e+01
   1.8613180e+06   1.7456055e+01
   1.8619650e+06   1.7578125e+01
   1.8621140e+06   1.6357422e+01
   1.8624780e+06   1.6906738e+01
   1.8630520e+06   1.7639160e+01
   1.8638860e+06   1.7456055e+01
   1.8648020e+06   1.8676758e+01
   1.8691030e+06   2.3681641e+01
   1.8693010e+06   2.3742676e+01
   1.8693110e+06   2.6916504e+01
   1.8693830e+06   2.3254395e+01
   1.8694120e+06   2.2033691e+01
   1.8694260e+06   2.5878906e+01
   1.8694390e+06   1.7456055e+01
   1.8694660e+06   1.8188477e+01
   1.8694960e+06   1.6723633e+01
   1.8695060e+06   1.8615723e+01
   1.8695170e+06   2.4902344e+01
   1.8695390e+06   1.9470215e+01
   1.8695510e+06   5.7739258e+01
   1.8695860e+06   1.9470215e+01
   1.8696110e+06   2.7587891e+01
   1.8696210e+06   3.0456543e+01
   1.8696430e+06   1.8188477e+01
   1.8696550e+06   3.6926270e+01
   1.8697110e+06   2.3132324e+01
   1.8697400e+06   1.8920898e+01
   1.8697690e+06   2.2705078e+01
   1.8697840e+06   3.1738281e+01
   1.8698130e+06   2.5451660e+01
   1.8698290e+06   1.6601562e+01
   1.8698580e+06   1.9653320e+01
   1.8699100e+06   2.4963379e+01
   1.8699450e+06   1.6845703e+01
   1.8700530e+06   1.9042969e+01
   1.8700930e+06   1.9165039e+01
   1.8701550e+06   1.9592285e+01
   1.8701970e+06   1.7272949e+01
   1.8702620e+06   1.6357422e+01
   1.8703210e+06   1.8432617e+01
   1.8704370e+06   2.5573730e+01
   1.8705680e+06   1.6662598e+01
   1.8707020e+06   1.6540527e+01
   1.8711190e+06   1.7700195e+01
   1.8713640e+06   1.6662598e+01
   1.8727550e+06   1.6845703e+01
   1.8733200e+06   1.7883301e+01
   1.8738030e+06   1.8127441e+01
   1.8747440e+06   1.6662598e+01
   1.8789180e+06   2.7404785e+01
   1.8789770e+06   2.7648926e+01
   1.8790030e+06   2.6306152e+01
   1.8790400e+06   3.0639648e+01
   1.8790500e+06   2.5024414e+01
   1.8790870e+06   4.4738770e+01
   1.8791240e+06   2.3193359e+01
   1.8791420e+06   1.9531250e+01
   1.8791700e+06   2.2827148e+01
   1.8791960e+06   2.4536133e+01
   1.8792440e+06   2.8259277e+01
   1.8792760e+06   1.7883301e+01
   1.8792880e+06   2.1728516e+01
   1.8793180e+06   1.8798828e+01
   1.8793900e+06   1.6479492e+01
   1.8794170e+06   2.3620605e+01
   1.8795100e+06   1.8127441e+01
   1.8795660e+06   1.7883301e+01
   1.8795970e+06   2.6367188e+01
   1.8796130e+06   3.5888672e+01
   1.8796470e+06   1.8981934e+01
   1.8797340e+06   1.9714355e+01
   1.8797490e+06   1.6662598e+01
   1.8797970e+06   2.4108887e+01
   1.8798810e+06   1.6723633e+01
   1.8799190e+06   2.1606445e+01
   1.8800300e+06   1.8798828e+01
   1.8801420e+06   1.9714355e+01
   1.8804510e+06   2.1423340e+01
   2.3992650e+06   2.3010254e+01
   2.3993200e+06   2.4780273e+01
   2.3993430e+06   3.4973145e+01
   2.3993700e+06   3.4790039e+01
   2.3993810e+06   3.4179688e+01
   2.3994010e+06   3.2531738e+01
   2.3994110e+06   2.4169922e+01
   2.3994420e+06   4.7119141e+01
   2.3994770e+06   3.0761719e+01
   2.3994980e+06   3.4912109e+01
   2.3995130e+06   2.2583008e+01
   2.3995420e+06   2.3315430e+01
   2.3995750e+06   2.3376465e+01
   2.3996060e+06   1.8554688e+01
   2.3996610e+06   1.8371582e+01
   2.3996750e+06   2.3559570e+01
   2.3997140e+06   2.1911621e+01
   2.3997740e+06   1.6723633e+01
   2.4000320e+06   1.9836426e+01
   2.4000890e+06   1.8310547e+01
   2.4001750e+06   1.7639160e+01
   2.4002320e+06   1.9775391e+01
   2.4002770e+06   1.7456055e+01
   2.4003220e+06   2.1911621e+01
   2.4003900e+06   1.9775391e+01
   2.4004340e+06   1.7028809e+01
   2.4004640e+06   1.9226074e+01
   2.4005760e+06   1.7089844e+01
   2.4005930e+06   2.0141602e+01
   2.4006380e+06   2.1240234e+01
   2.4006890e+06   2.1179199e+01
   2.4007360e+06   1.6662598e+01
   2.4007850e+06   1.6296387e+01
   2.4008590e+06   2.2460938e+01
   2.4008860e+06   1.8066406e+01
   2.4009440e+06   1.6296387e+01
   2.4009820e+06   1.7578125e+01
   2.4010170e+06   2.1850586e+01
   2.4011150e+06   1.7211914e+01
   2.4011610e+06   2.1301270e+01
   2.4011720e+06   1.6540527e+01
   2.4012550e+06   1.9042969e+01
   2.4013100e+06   1.6540527e+01
   2.4014520e+06   1.8066406e+01
   2.4015180e+06   1.7028809e+01
   2.4017100e+06   2.0141602e+01
   2.4017550e+06   1.6967773e+01
   2.4018770e+06   1.7578125e+01
   2.4019730e+06   1.7639160e+01
   2.4021780e+06   1.8554688e+01
   2.4029250e+06   2.0202637e+01
   2.4032050e+06   2.0751953e+01
   2.4234240e+06   2.3986816e+01
   2.5324700e+06   2.5146484e+01
   2.5325340e+06   1.8127441e+01
   2.5325810e+06   4.5410156e+01
   2.5325920e+06   3.6376953e+01
   2.5326080e+06   2.6977539e+01
   2.5326300e+06   3.3508301e+01
   2.5326610e+06   1.6845703e+01
   2.5326830e+06   2.3864746e+01
   2.5327110e+06   2.5207520e+01
   2.5327270e+06   1.6906738e+01
   2.5327760e+06   2.0263672e+01
   2.5327860e+06   1.7028809e+01
   2.5328220e+06   2.0385742e+01
   2.5329020e+06   1.9409180e+01
   2.5329220e+06   1.8005371e+01
   2.5330460e+06   1.7028809e+01
   2.5331340e+06   1.9531250e+01
   2.5331690e+06   1.8920898e+01
   2.5332180e+06   1.6906738e+01
   2.5332730e+06   1.7333984e+01
   2.5334510e+06   2.1850586e+01
   2.5335960e+06   1.6540527e+01
   2.5336680e+06   2.0507812e+01
   2.5337040e+06   1.7578125e+01
   2.5337920e+06   2.2277832e+01
   2.5338490e+06   2.0935059e+01
   2.5338950e+06   1.6662598e+01
   2.5339280e+06   1.6662598e+01
   2.5339510e+06   1.8066406e+01
   2.5339870e+06   1.7456055e+01
   2.5340210e+06   1.9531250e+01
   2.5340480e+06   1.8432617e+01
   2.5341370e+06   2.0690918e+01
   2.5342320e+06   1.9836426e+01
   2.5343770e+06   1.6662598e+01
   2.5344320e+06   1.6357422e+01
   2.5344610e+06   2.1484375e+01
   2.5344860e+06   1.6906738e+01
   2.5345770e+06   1.7944336e+01
   2.5346310e+06   2.2521973e+01
   2.5348580e+06   1.9165039e+01
   2.5348810e+06   2.5634766e+01
   2.5348920e+06   1.9653320e+01
   2.5350330e+06   2.3681641e+01
   2.5354700e+06   1.6296387e+01
   2.5504830e+06   2.3010254e+01
   2.5505750e+06   1.6662598e+01
   2.5506870e+06   1.6845703e+01
   2.5533130e+06   1.8737793e+01
   2.5536760e+06   1.7333984e+01
   2.5580170e+06   1.9897461e+01
   2.5581690e+06   1.8310547e+01
   2.5622000e+06   2.0690918e+01
   2.5623920e+06   1.8127441e+01
   2.7618710e+06   2.6611328e+01
   2.7619510e+06   2.0874023e+01
   2.7619710e+06   2.7465820e+01
   2.7619870e+06   4.1564941e+01
   2.7619990e+06   1.8127441e+01
   2.7620250e+06   2.9113770e+01
   2.7620480e+06   3.3996582e+01
   2.7620880e+06   2.4780273e+01
   2.7620990e+06   1.7089844e+01
   2.7621170e+06   2.1484375e+01
   2.7621420e+06   1.7150879e+01
   2.7621760e+06   1.7883301e+01
   2.7622090e+06   2.8564453e+01
   2.7622420e+06   1.9775391e+01
   2.7622780e+06   1.9165039e+01
   2.7623120e+06   1.7639160e+01
   2.7623480e+06   2.6062012e+01
   2.7623790e+06   1.7517090e+01
   2.7624100e+06   2.2338867e+01
   2.7624610e+06   1.8554688e+01
   2.7625950e+06   1.8615723e+01
   2.7626710e+06   1.8188477e+01
   2.7627060e+06   2.1545410e+01
   2.7627520e+06   1.7822266e+01
   2.7628460e+06   2.0507813e+01
   2.7628910e+06   1.9470215e+01
   2.7629460e+06   1.7333984e+01
   2.7630060e+06   2.0080566e+01
   2.7630750e+06   2.2705078e+01
   2.7630980e+06   1.8127441e+01
   2.7632240e+06   1.6967773e+01
   2.7632590e+06   1.8676758e+01
   2.7633460e+06   2.5268555e+01
   2.7634320e+06   2.6550293e+01
   2.7635310e+06   2.0019531e+01
   2.7635490e+06   1.8859863e+01
   2.7636620e+06   1.6479492e+01
   2.7637120e+06   1.6662598e+01
   2.7637450e+06   1.9348145e+01
   2.7637900e+06   2.0690918e+01
   2.7638130e+06   2.0141602e+01
   2.7638860e+06   1.6662598e+01
   2.7639270e+06   1.7211914e+01
   2.7639920e+06   1.6540527e+01
   2.7640140e+06   1.7211914e+01
   2.7640300e+06   1.9531250e+01
   2.7642070e+06   1.7395020e+01
   2.7642520e+06   2.1301270e+01
   2.7643600e+06   2.0874023e+01
   2.7643990e+06   3.6560059e+01
   2.7645150e+06   1.9470215e+01
   2.7645960e+06   2.1179199e+01
   2.7660930e+06   2.2399902e+01
   2.7812030e+06   2.2338867e+01
   2.7812650e+06   1.7333984e+01
   2.7840470e+06   1.9836426e+01
   2.7842210e+06   1.8981934e+01
   2.7862590e+06   2.0446777e+01
   2.7863560e+06   1.7700195e+01
   2.7926600e+06   1.9470215e+01
   2.7927630e+06   1.8981934e+01
   2.9716820e+06   2.5634766e+01
   2.9718610e+06   3.3508301e+01
   2.9718890e+06   3.0456543e+01
   2.9719050e+06   3.3691406e+01
   2.9719190e+06   4.4250488e+01
   2.9719550e+06   1.8676758e+01
   2.9719710e+06   3.0090332e+01
   2.9719880e+06   2.9602051e+01
   2.9720260e+06   2.2399902e+01
   2.9720380e+06   1.9348145e+01
   2.9720610e+06   1.8859863e+01
   2.9720720e+06   2.0141602e+01
   2.9720990e+06   1.6296387e+01
   2.9721170e+06   1.6357422e+01
   2.9721310e+06   2.2399902e+01
   2.9721570e+06   2.1545410e+01
   2.9722010e+06   1.7944336e+01
   2.9722700e+06   2.0019531e+01
   2.9723080e+06   2.1118164e+01
   2.9723490e+06   1.8798828e+01
   2.9724320e+06   2.2521973e+01
   2.9724810e+06   1.7028809e+01
   2.9725910e+06   1.7700195e+01
   2.9726420e+06   2.3498535e+01
   2.9728320e+06   2.2827148e+01
   2.9728830e+06   1.9470215e+01
   2.9731090e+06   1.7272949e+01
   2.9731410e+06   1.7272949e+01
   2.9732540e+06   2.1362305e+01
   2.9733400e+06   3.3142090e+01
   2.9734110e+06   1.9592285e+01
   2.9734270e+06   1.6296387e+01
   2.9734840e+06   2.2399902e+01
   2.9735190e+06   2.0996094e+01
   2.9737120e+06   1.7089844e+01
   2.9737420e+06   1.7822266e+01
   2.9738310e+06   1.6784668e+01
   2.9738820e+06   2.0996094e+01
   2.9739020e+06   1.6479492e+01
   2.9740220e+06   2.1362305e+01
   2.9741000e+06   2.8015137e+01
   2.9742540e+06   1.6906738e+01
   2.9743750e+06   1.6479492e+01
   2.9892610e+06   2.5268555e+01
   2.9892780e+06   1.6296387e+01
   2.9925510e+06   1.9592285e+01
   3.0549920e+06   2.8320312e+01
   3.0550760e+06   1.6601562e+01
   3.0550920e+06   3.0334473e+01
   3.0551080e+06   3.8940430e+01
   3.0551230e+06   1.9470215e+01
   3.0551360e+06   2.3193359e+01
   3.0551680e+06   3.4851074e+01
   3.0551860e+06   3.4362793e+01
   3.0552050e+06   2.0080566e+01
   3.0552180e+06   1.8981934e+01
   3.0552720e+06   1.7578125e+01
   3.0552910e+06   1.9470215e+01
   3.0553310e+06   2.0080566e+01
   3.0553410e+06   1.8554688e+01
   3.0553770e+06   2.4169922e+01
   3.0554030e+06   1.8554688e+01
   3.0559550e+06   1.8493652e+01
   3.0560890e+06   1.7150879e+01
   3.0561390e+06   2.2094727e+01
   3.0561830e+06   1.6906738e+01
   3.0562590e+06   2.4963379e+01
   3.0563470e+06   1.7211914e+01
   3.0564090e+06   1.6662598e+01
   3.0564930e+06   1.7944336e+01
   3.0565720e+06   1.7883301e+01
   3.0566580e+06   1.7333984e+01
   3.0566880e+06   2.7648926e+01
   3.0567890e+06   1.6906738e+01
   3.0570120e+06   1.8676758e+01
   3.0570640e+06   1.7150879e+01
   3.0571040e+06   1.6418457e+01
   3.0571970e+06   1.7211914e+01
   3.0572340e+06   2.0812988e+01
   3.0573070e+06   1.7333984e+01
   3.0573850e+06   1.9897461e+01
   3.0574150e+06   1.8859863e+01
   3.0575430e+06   2.0935059e+01
   3.0575970e+06   1.7028809e+01
   3.0577770e+06   1.6967773e+01
   3.0717540e+06   2.1484375e+01
   3.0719120e+06   1.7517090e+01
   3.0742560e+06   1.6906738e+01
   3.0772230e+06   1.9775391e+01
   3.0814020e+06   2.0507813e+01
   3.0815470e+06   1.8371582e+01
   3.1565450e+06   1.8188477e+01
   3.1566840e+06   1.9653320e+01
   3.1567030e+06   3.4301758e+01
   3.1567160e+06   5.9997559e+01
   3.1567530e+06   3.6010742e+01
   3.1567750e+06   2.8259277e+01
   3.1568060e+06   2.2583008e+01
   3.1568250e+06   2.9113770e+01
   3.1568530e+06   2.3132324e+01
   3.1568960e+06   1.8859863e+01
   3.1569210e+06   1.7028809e+01
   3.1569410e+06   1.7456055e+01
   3.1569770e+06   1.8066406e+01
   3.1570410e+06   1.7822266e+01
   3.1570760e+06   2.3742676e+01
   3.1572050e+06   2.2766113e+01
   3.1573200e+06   1.8249512e+01
   3.1573960e+06   1.6540527e+01
   3.1574510e+06   1.7333984e+01
   3.1574810e+06   1.6784668e+01
   3.1575130e+06   1.8554688e+01
   3.1575950e+06   1.6723633e+01
   3.1576420e+06   3.0578613e+01
   3.1577230e+06   1.8432617e+01
   3.1577860e+06   1.6418457e+01
   3.1578300e+06   1.7272949e+01
   3.1578650e+06   1.6357422e+01
   3.1578970e+06   1.7395020e+01
   3.1580260e+06   2.0568848e+01
   3.1580940e+06   2.0751953e+01
   3.1582330e+06   1.8615723e+01
   3.1582760e+06   1.7089844e+01
   3.1582990e+06   1.8371582e+01
   3.1583300e+06   1.9958496e+01
   3.1584880e+06   2.4291992e+01
   3.1585740e+06   1.7944336e+01
   3.1586240e+06   1.8859863e+01
   3.1586990e+06   1.8310547e+01
   3.1587410e+06   1.6784668e+01
   3.1588420e+06   1.6601562e+01
   3.1589600e+06   1.7150879e+01
   3.1590070e+06   2.4169922e+01
   3.1591300e+06   1.6784668e+01
   3.1593190e+06   1.9287109e+01
   3.1595400e+06   1.8310547e+01
   3.1598180e+06   1.8493652e+01
   3.1603320e+06   2.2155762e+01
   3.1608930e+06   2.0507812e+01
   3.1611150e+06   1.9531250e+01
   3.1613510e+06   1.8432617e+01
   3.1619380e+06   2.2460938e+01
   3.1716190e+06   1.8859863e+01
   3.1749140e+06   1.9714355e+01
   3.1750080e+06   1.6662598e+01
   3.1791420e+06   1.6906738e+01
   3.1812820e+06   2.1484375e+01
   3.1814470e+06   3.1372070e+01
   3.1814670e+06   3.8452148e+01
   3.1814880e+06   2.5512695e+01
   3.1815180e+06   4.0161133e+01
   3.1815340e+06   3.0273438e+01
   3.1815570e+06   2.5024414e+01
   3.1815710e+06   2.2277832e+01
   3.1816000e+06   2.5817871e+01
   3.1816140e+06   2.5512695e+01
   3.1816470e+06   2.2766113e+01
   3.1816650e+06   1.8676758e+01
   3.1817070e+06   1.9592285e+01
   3.1817180e+06   2.0263672e+01
   3.1817310e+06   2.0080566e+01
   3.1818730e+06   1.9470215e+01
   3.1819970e+06   1.9470215e+01
   3.1822080e+06   1.6479492e+01
   3.1823590e+06   1.9042969e+01
   3.1825290e+06   1.6418457e+01
   3.1825880e+06   1.7700195e+01
   3.1826200e+06   1.8493652e+01
   3.1826600e+06   2.7038574e+01
   3.1827470e+06   1.7578125e+01
   3.1827930e+06   1.8859863e+01
   3.1828400e+06   1.7333984e+01
   3.1828800e+06   1.9775391e+01
   3.1829110e+06   2.0507812e+01
   3.1829810e+06   1.6540527e+01
   3.1829910e+06   3.0944824e+01
   3.1830520e+06   1.8859863e+01
   3.1830980e+06   2.1301270e+01
   3.1831680e+06   2.1362305e+01
   3.1832960e+06   1.6418457e+01
   3.1834420e+06   1.6845703e+01
   3.1835060e+06   2.0568848e+01
   3.1836710e+06   2.0202637e+01
   3.1839240e+06   1.9226074e+01
   3.1840280e+06   1.7517090e+01
   3.1840520e+06   1.9531250e+01
   3.1843910e+06   1.8981934e+01
   3.1846360e+06   1.7211914e+01
   3.1847770e+06   1.9348145e+01
   3.1850690e+06   1.8798828e+01
   3.1852370e+06   1.6845703e+01
   3.1866930e+06   2.1545410e+01
   3.1870570e+06   2.0019531e+01
   3.1916710e+06   2.1667480e+01
   3.1917930e+06   3.2958984e+01
   3.1918230e+06   1.6906738e+01
   3.1918470e+06   2.9174805e+01
   3.1918700e+06   2.1667480e+01
   3.1918880e+06   7.6782227e+01
   3.1919310e+06   2.4902344e+01
   3.1919470e+06   2.3803711e+01
   3.1919580e+06   3.6010742e+01
   3.1919880e+06   2.8747559e+01
   3.1920000e+06   2.4658203e+01
   3.1920220e+06   2.4475098e+01
   3.1920380e+06   1.9226074e+01
   3.1920560e+06   2.3071289e+01
   3.1921010e+06   3.9550781e+01
   3.1921200e+06   1.6967773e+01
   3.1921670e+06   1.8493652e+01
   3.1922010e+06   3.1921387e+01
   3.1922460e+06   2.1301270e+01
   3.1922640e+06   1.9226074e+01
   3.1923050e+06   1.6662598e+01
   3.1923210e+06   1.9287109e+01
   3.1923490e+06   1.9653320e+01
   3.1923930e+06   1.8066406e+01
   3.1924080e+06   1.7761230e+01
   3.1924280e+06   1.7395020e+01
   3.1924880e+06   1.6357422e+01
   3.1925230e+06   1.6601562e+01
   3.1925570e+06   1.6479492e+01
   3.1925960e+06   1.7517090e+01
   3.1926310e+06   1.7089844e+01
   3.1927170e+06   2.0996094e+01
   3.1928190e+06   1.9042969e+01
   3.1929400e+06   1.8188477e+01
   3.1929890e+06   1.7639160e+01
   3.1930990e+06   1.9409180e+01
   3.1931200e+06   1.8432617e+01
   3.1933100e+06   2.1789551e+01
   3.1933650e+06   1.7028809e+01
   3.1938740e+06   2.0935059e+01
   3.1944240e+06   1.9287109e+01
   3.1952990e+06   1.6601562e+01
   3.1958670e+06   1.6357422e+01
   3.1961280e+06   1.8981934e+01
   3.1965880e+06   1.8127441e+01
   3.1969240e+06   1.6296387e+01
   3.1974310e+06   1.8676758e+01
   3.1982520e+06   1.8493652e+01
   3.2012580e+06   2.1728516e+01
   3.2013270e+06   3.4667969e+01
   3.2013480e+06   2.3254395e+01
   3.2013700e+06   2.1667480e+01
   3.2013840e+06   2.2766113e+01
   3.2014010e+06   4.2297363e+01
   3.2014150e+06   2.8747559e+01
   3.2014320e+06   2.2277832e+01
   3.2014730e+06   3.7780762e+01
   3.2014910e+06   1.9348145e+01
   3.2015130e+06   1.7089844e+01
   3.2015610e+06   3.9489746e+01
   3.2015890e+06   2.0507812e+01
   3.2016000e+06   1.7028809e+01
   3.2016130e+06   1.6906738e+01
   3.2016490e+06   2.4719238e+01
   3.2016780e+06   2.4047852e+01
   3.2017100e+06   2.3803711e+01
   3.2017780e+06   3.0639648e+01
   3.2018590e+06   1.7028809e+01
   3.2018870e+06   2.8442383e+01
   3.2019540e+06   1.7028809e+01
   3.2019730e+06   2.1850586e+01
   3.2019860e+06   1.9897461e+01
   3.2020680e+06   1.7822266e+01
   3.2021040e+06   1.7333984e+01
   3.2021280e+06   1.9287109e+01
   3.2021480e+06   1.8066406e+01
   3.2023210e+06   1.8127441e+01
   3.2024500e+06   1.9653320e+01
   3.2024730e+06   1.9042969e+01
   3.2025300e+06   1.7211914e+01
   3.2026160e+06   2.8686523e+01
   3.2026930e+06   1.9042969e+01
   3.2028440e+06   1.8981934e+01
   3.2030200e+06   1.6845703e+01
   3.2030680e+06   1.9104004e+01
   3.2034480e+06   1.9409180e+01
   3.2055560e+06   1.7456055e+01
   3.2060040e+06   1.8066406e+01
   3.2062680e+06   1.9775391e+01
   3.2094480e+06   1.9714355e+01
   3.2095890e+06   2.1484375e+01
   3.2096150e+06   3.8330078e+01
   3.2096790e+06   2.0385742e+01
   3.2096890e+06   2.5695801e+01
   3.2097290e+06   2.7954102e+01
   3.2097480e+06   4.1442871e+01
   3.2097880e+06   2.4108887e+01
   3.2097990e+06   2.1179199e+01
   3.2098160e+06   3.4484863e+01
   3.2098430e+06   2.1484375e+01
   3.2098600e+06   2.4780273e+01
   3.2098830e+06   1.9836426e+01
   3.2099110e+06   4.1381836e+01
   3.2100050e+06   1.7150879e+01
   3.2100320e+06   1.8676758e+01
   3.2100520e+06   1.9226074e+01
   3.2100800e+06   2.7954102e+01
   3.2101130e+06   1.6540527e+01
   3.2101450e+06   2.9846191e+01
   3.2101780e+06   1.7700195e+01
   3.2102350e+06   1.8066406e+01
   3.2103170e+06   1.8737793e+01
   3.2103460e+06   1.6845703e+01
   3.2103890e+06   2.1301270e+01
   3.2104190e+06   1.6723633e+01
   3.2105410e+06   1.9287109e+01
   3.2105560e+06   2.0263672e+01
   3.2106250e+06   1.7517090e+01
   3.2107000e+06   1.7578125e+01
   3.2107980e+06   2.2216797e+01
   3.2108570e+06   2.6672363e+01
   3.2130980e+06   1.7639160e+01
   3.2137810e+06   1.6723633e+01
   3.2140770e+06   1.6479492e+01
   3.2148830e+06   1.7211914e+01
   3.2155830e+06   1.6296387e+01
   3.2172150e+06   2.0019531e+01
   3.2195470e+06   2.1850586e+01
   3.2196290e+06   2.6367188e+01
   3.2196460e+06   2.4536133e+01
   3.2196660e+06   2.6184082e+01
   3.2196920e+06   2.5146484e+01
   3.2197090e+06   7.0678711e+01
   3.2197520e+06   2.0690918e+01
   3.2197950e+06   4.2785645e+01
   3.2198250e+06   2.9907227e+01
   3.2198690e+06   2.2094727e+01
   3.2198860e+06   2.2705078e+01
   3.2199230e+06   2.1057129e+01
   3.2199370e+06   2.0568848e+01
   3.2200030e+06   1.6906738e+01
   3.2200430e+06   1.8188477e+01
   3.2201050e+06   1.7517090e+01
   3.2201510e+06   1.9042969e+01
   3.2202120e+06   2.4353027e+01
   3.2202630e+06   1.9836426e+01
   3.2203590e+06   1.9592285e+01
   3.2203910e+06   1.8676758e+01
   3.2204500e+06   2.7221680e+01
   3.2204880e+06   1.7761230e+01
   3.2205550e+06   1.7883301e+01
   3.2206210e+06   1.6479492e+01
   3.2206690e+06   2.9357910e+01
   3.2207060e+06   1.7333984e+01
   3.2207390e+06   1.8676758e+01
   3.2207900e+06   1.6418457e+01
   3.2210050e+06   1.9104004e+01
   3.2211350e+06   1.8676758e+01
   3.2215980e+06   2.1484375e+01
   3.2216340e+06   2.0080566e+01
   3.2248550e+06   1.6296387e+01
   3.2251260e+06   1.8920898e+01
   3.2263870e+06   1.7822266e+01
   3.2271700e+06   1.8981934e+01
   3.2293510e+06   2.2766113e+01
   3.2294210e+06   4.1137695e+01
   3.2294370e+06   2.1240234e+01
   3.2294560e+06   1.7944336e+01
   3.2294730e+06   2.0874023e+01
   3.2295120e+06   4.5715332e+01
   3.2295330e+06   1.8188477e+01
   3.2295520e+06   1.9592285e+01
   3.2295900e+06   3.2653809e+01
   3.2296060e+06   1.8310547e+01
   3.2296360e+06   2.2583008e+01
   3.2296770e+06   2.3925781e+01
   3.2297120e+06   4.0466309e+01
   3.2297340e+06   1.8554688e+01
   3.2297520e+06   2.4719238e+01
   3.2298130e+06   1.6967773e+01
   3.2298400e+06   1.6967773e+01
   3.2298640e+06   1.9042969e+01
   3.2299020e+06   1.9958496e+01
   3.2299250e+06   3.0395508e+01
   3.2299660e+06   2.0507812e+01
   3.2299940e+06   2.2155762e+01
   3.2300900e+06   2.9174805e+01
   3.2301870e+06   1.7517090e+01
   3.2302300e+06   1.7944336e+01
   3.2302790e+06   1.9226074e+01
   3.2303550e+06   1.9592285e+01
   3.2304260e+06   1.7089844e+01
   3.2305100e+06   1.6418457e+01
   3.2306070e+06   2.2094727e+01
   3.2308250e+06   1.9470215e+01
   3.2322900e+06   1.7395020e+01
   3.2328750e+06   1.6723633e+01
   3.2330360e+06   1.6601562e+01
   3.2334450e+06   1.8127441e+01
   3.2349340e+06   1.8066406e+01
   3.2400950e+06   2.6123047e+01
   3.2466710e+06   1.9958496e+01
   3.2468800e+06   2.3925781e+01
   3.2469590e+06   2.9968262e+01
   3.2470100e+06   1.8798828e+01
   3.2470250e+06   3.8513184e+01
   3.2470650e+06   5.0476074e+01
   3.2470760e+06   3.6560059e+01
   3.2471330e+06   2.6916504e+01
   3.2471450e+06   3.2287598e+01
   3.2471670e+06   1.9409180e+01
   3.2471950e+06   2.7038574e+01
   3.2472260e+06   2.0690918e+01
   3.2472650e+06   1.9897461e+01
   3.2472960e+06   3.0212402e+01
   3.2473300e+06   1.6296387e+01
   3.2473830e+06   2.5939941e+01
   3.2475980e+06   1.6357422e+01
   3.2477680e+06   1.7272949e+01
   3.2478230e+06   1.9897461e+01
   3.2478450e+06   2.0324707e+01
   3.2479760e+06   2.0629883e+01
   3.2480510e+06   1.9287109e+01
   3.2481800e+06   1.7395020e+01
   3.2482600e+06   2.0080566e+01
   3.2485010e+06   1.9104004e+01
   3.2485950e+06   1.8127441e+01
   3.2491650e+06   2.3193359e+01
   3.2494810e+06   2.5390625e+01
   3.2507230e+06   1.7395020e+01
   3.2524270e+06   1.6723633e+01
   3.2531870e+06   1.7028809e+01
   3.2543300e+06   1.6662598e+01
   3.2553860e+06   1.8127441e+01
   3.2565750e+06   1.7700195e+01
   3.2585870e+06   1.9958496e+01
   3.2636370e+06   1.8127441e+01
   3.2683240e+06   2.2338867e+01
   3.4857820e+06   2.5573730e+01
   3.4859690e+06   1.8981934e+01
   3.4859830e+06   3.2104492e+01
   3.4860040e+06   3.1005859e+01
   3.4860180e+06   3.2348633e+01
   3.4860510e+06   4.8950195e+01
   3.4860800e+06   1.9042969e+01
   3.4861070e+06   2.3010254e+01
   3.4861220e+06   1.7700195e+01
   3.4861550e+06   3.0212402e+01
   3.4861960e+06   2.4719238e+01
   3.4862230e+06   2.8442383e+01
   3.4862970e+06   1.7150879e+01
   3.4863710e+06   1.9165039e+01
   3.4864060e+06   1.7639160e+01
   3.4864350e+06   1.8005371e+01
   3.4866540e+06   1.8798828e+01
   3.4867360e+06   1.9042969e+01
   3.4868040e+06   2.0202637e+01
   3.4869930e+06   1.8310547e+01
   3.4870430e+06   1.8249512e+01
   3.4871180e+06   1.9226074e+01
   3.4872610e+06   2.4047852e+01
   3.4873310e+06   2.5512695e+01
   3.4873860e+06   1.7028809e+01
   3.4874430e+06   1.9042969e+01
   3.4875740e+06   1.8798828e+01
   3.4876090e+06   2.1606445e+01
   3.4876630e+06   2.2277832e+01
   3.4876780e+06   2.1179199e+01
   3.4877240e+06   1.8432617e+01
   3.4877380e+06   1.6906738e+01
   3.4878320e+06   1.6357422e+01
   3.4878900e+06   2.6855469e+01
   3.4879070e+06   1.6967773e+01
   3.4879660e+06   2.8442383e+01
   3.4880110e+06   1.6967773e+01
   3.4880860e+06   2.1606445e+01
   3.4882000e+06   1.8127441e+01
   3.4882920e+06   2.0812988e+01
   3.4886020e+06   2.1667480e+01
   3.4992350e+06   1.7456055e+01
   3.4994790e+06   1.7578125e+01
   3.5033320e+06   2.0812988e+01
   3.5079850e+06   2.0751953e+01
   3.5081730e+06   1.8737793e+01
   3.5120590e+06   1.7028809e+01
   3.8469860e+06   3.1860352e+01
   3.8471070e+06   2.0080566e+01
   3.8471290e+06   2.2033691e+01
   3.8471500e+06   3.7292480e+01
   3.8471610e+06   2.5695801e+01
   3.8471880e+06   3.2043457e+01
   3.8472170e+06   2.5268555e+01
   3.8472400e+06   2.6062012e+01
   3.8472500e+06   2.2949219e+01
   3.8472820e+06   3.0578613e+01
   3.8473150e+06   2.5939941e+01
   3.8473480e+06   2.0996094e+01
   3.8473990e+06   1.6479492e+01
   3.8474260e+06   1.9165039e+01
   3.8475690e+06   1.8249512e+01
   3.8476140e+06   1.6845703e+01
   3.8476450e+06   1.8798828e+01
   3.8477370e+06   1.9165039e+01
   3.8477960e+06   2.0935059e+01
   3.8478770e+06   2.2766113e+01
   3.8479690e+06   1.6784668e+01
   3.8480350e+06   2.5268555e+01
   3.8481770e+06   1.7333984e+01
   3.8481920e+06   1.8493652e+01
   3.8482330e+06   2.1972656e+01
   3.8484210e+06   2.0690918e+01
   3.8484930e+06   2.0385742e+01
   3.8485120e+06   2.0690918e+01
   3.8485910e+06   1.8127441e+01
   3.8486520e+06   1.6967773e+01
   3.8486740e+06   2.4780273e+01
   3.8487470e+06   1.9104004e+01
   3.8488050e+06   2.3071289e+01
   3.8488460e+06   2.5207520e+01
   3.8489040e+06   1.7150879e+01
   3.8489900e+06   1.6479492e+01
   3.8490230e+06   2.0690918e+01
   3.8490770e+06   1.7700195e+01
   3.8491920e+06   1.7883301e+01
   3.8492830e+06   1.7028809e+01
   3.8493170e+06   1.7028809e+01
   3.8493700e+06   2.6855469e+01
   3.8495360e+06   1.8371582e+01
   3.8495580e+06   1.9836426e+01
   3.8496060e+06   1.8554688e+01
   3.8500710e+06   1.6723633e+01
   3.8512340e+06   1.7822266e+01
   3.8671040e+06   1.8310547e+01
   3.8673460e+06   1.7211914e+01
   3.8700180e+06   2.1179199e+01
   3.8706010e+06   1.9836426e+01
   3.8707730e+06   1.6601562e+01
   3.8744340e+06   1.8310547e+01
   3.8749850e+06   1.8493652e+01
   3.8751470e+06   1.6662598e+01
   4.0589670e+06   2.4047852e+01
   4.0590450e+06   2.7221680e+01
   4.0590680e+06   3.8024902e+01
   4.0590780e+06   2.0019531e+01
   4.0591000e+06   4.4433594e+01
   4.0591440e+06   2.5512695e+01
   4.0591860e+06   2.2155762e+01
   4.0592210e+06   1.7639160e+01
   4.0592450e+06   2.6245117e+01
   4.0592730e+06   1.8859863e+01
   4.0592950e+06   1.6418457e+01
   4.0593530e+06   2.1667480e+01
   4.0594430e+06   1.7272949e+01
   4.0594900e+06   2.0141602e+01
   4.0595420e+06   1.9470215e+01
   4.0596030e+06   1.7089844e+01
   4.0596750e+06   1.7944336e+01
   4.0597700e+06   1.9531250e+01
   4.0598530e+06   1.7944336e+01
   4.0598960e+06   2.1423340e+01
   4.0599760e+06   1.9714355e+01
   4.0600370e+06   1.9592285e+01
   4.0600470e+06   2.0141602e+01
   4.0600880e+06   1.9165039e+01
   4.0601070e+06   1.6357422e+01
   4.0601550e+06   1.9775391e+01
   4.0602080e+06   1.7578125e+01
   4.0602710e+06   1.8371582e+01
   4.0603460e+06   2.5512695e+01
   4.0604090e+06   1.9592285e+01
   4.0604240e+06   1.7211914e+01
   4.0604590e+06   2.1118164e+01
   4.0605090e+06   1.9104004e+01
   4.0605450e+06   2.0324707e+01
   4.0606220e+06   2.0996094e+01
   4.0606880e+06   2.7709961e+01
   4.0607230e+06   1.7761230e+01
   4.0607680e+06   1.7639160e+01
   4.0607890e+06   1.7578125e+01
   4.0608790e+06   2.4658203e+01
   4.0609690e+06   1.6357422e+01
   4.0610230e+06   1.6357422e+01
   4.0610910e+06   1.7211914e+01
   4.0611330e+06   2.1606445e+01
   4.0612630e+06   2.2155762e+01
   4.0613850e+06   1.9531250e+01
   4.0614690e+06   1.7822266e+01
   4.0630380e+06   2.2094727e+01
   4.0770290e+06   1.7395020e+01
   4.0797180e+06   1.7028809e+01
   4.0825290e+06   2.5024414e+01
   4.0843730e+06   2.4658203e+01
   4.0843840e+06   2.0751953e+01
   4.0845440e+06   1.6784668e+01
   4.0845760e+06   2.1972656e+01
   4.0846390e+06   1.6662598e+01
   4.0846590e+06   3.3386230e+01
   4.0846730e+06   3.8146973e+01
   4.0846920e+06   2.7221680e+01
   4.0847110e+06   2.3681641e+01
   4.0847290e+06   5.9692383e+01
   4.0847450e+06   2.8869629e+01
   4.0847660e+06   2.6855469e+01
   4.0847960e+06   2.5695801e+01
   4.0848330e+06   2.3803711e+01
   4.0848480e+06   1.8920898e+01
   4.0848620e+06   1.6540527e+01
   4.0848900e+06   2.9052734e+01
   4.0849350e+06   1.7150879e+01
   4.0849490e+06   1.8249512e+01
   4.0849780e+06   1.7395020e+01
   4.0852630e+06   2.2888184e+01
   4.0854690e+06   1.6784668e+01
   4.0855070e+06   1.8615723e+01
   4.0855970e+06   1.6845703e+01
   4.0857810e+06   2.3010254e+01
   4.0858660e+06   1.9165039e+01
   4.0859000e+06   1.8493652e+01
   4.0859440e+06   1.7211914e+01
   4.0859790e+06   1.9592285e+01
   4.0859950e+06   2.2766113e+01
   4.0860490e+06   1.7639160e+01
   4.0861510e+06   1.6662598e+01
   4.0862260e+06   1.6784668e+01
   4.0862980e+06   2.1057129e+01
   4.0863500e+06   1.7272949e+01
   4.0864060e+06   1.8310547e+01
   4.0864750e+06   2.0141602e+01
   4.0866810e+06   1.8920898e+01
   4.0867070e+06   1.9104004e+01
   4.0867230e+06   2.2888184e+01
   4.0867730e+06   1.6296387e+01
   4.0869620e+06   2.0812988e+01
   4.0874930e+06   1.6845703e+01
   4.0880870e+06   1.9470215e+01
   4.0885260e+06   1.6906738e+01
   4.0890120e+06   1.7639160e+01
   4.0895800e+06   1.8981934e+01
   4.1004260e+06   2.0935059e+01
   4.1059210e+06   2.3437500e+01
   4.1060270e+06   4.6508789e+01
   4.1060420e+06   2.6123047e+01
   4.1060830e+06   3.4301758e+01
   4.1060970e+06   3.2165527e+01
   4.1061260e+06   3.1433105e+01
   4.1061440e+06   3.1860352e+01
   4.1061680e+06   2.0263672e+01
   4.1061860e+06   1.9042969e+01
   4.1062040e+06   1.8127441e+01
   4.1062250e+06   2.1240234e+01
   4.1062470e+06   2.2277832e+01
   4.1062740e+06   1.8798828e+01
   4.1063010e+06   2.1728516e+01
   4.1063260e+06   1.6967773e+01
   4.1063530e+06   1.6784668e+01
   4.1064470e+06   1.6418457e+01
   4.1065200e+06   2.3986816e+01
   4.1065490e+06   1.7211914e+01
   4.1066330e+06   1.8066406e+01
   4.1067320e+06   2.2338867e+01
   4.1067620e+06   2.4353027e+01
   4.1068420e+06   1.9653320e+01
   4.1068900e+06   1.6601563e+01
   4.1069460e+06   1.6845703e+01
   4.1069870e+06   2.0202637e+01
   4.1073000e+06   1.7944336e+01
   4.1073230e+06   1.6662598e+01
   4.1073960e+06   2.2277832e+01
   4.1075310e+06   1.7150879e+01
   4.1076200e+06   1.8737793e+01
   4.1077930e+06   1.8249512e+01
   4.1078040e+06   2.1057129e+01
   4.1079670e+06   1.8554688e+01
   4.1081450e+06   1.8188477e+01
   4.1082720e+06   2.3132324e+01
   4.1084460e+06   2.0141602e+01
   4.1088020e+06   1.7456055e+01
   4.1089250e+06   1.8981934e+01
   4.1093690e+06   2.0385742e+01
   4.1098640e+06   1.6967773e+01
   4.1103680e+06   1.6601562e+01
   4.1105630e+06   1.9592285e+01
   4.1108380e+06   1.7333984e+01
   4.1111360e+06   1.6967773e+01
   4.1115120e+06   1.7883301e+01
   4.1117250e+06   1.9226074e+01
   4.1120450e+06   1.7578125e+01
   4.1127240e+06   2.0996094e+01
   4.1130250e+06   1.8981934e+01
   4.1134080e+06   1.6357422e+01
   4.1139410e+06   1.8188477e+01
   4.1170430e+06   2.2583008e+01
   4.1174170e+06   2.3498535e+01
   4.1175710e+06   2.5573730e+01
   4.1175990e+06   3.4118652e+01
   4.1176210e+06   1.6662598e+01
   4.1176620e+06   3.3447266e+01
   4.1176790e+06   2.5878906e+01
   4.1176920e+06   3.5156250e+01
   4.1177130e+06   1.7700195e+01
   4.1177300e+06   3.9184570e+01
   4.1177640e+06   2.5207520e+01
   4.1177860e+06   2.0507812e+01
   4.1178080e+06   2.3010254e+01
   4.1178180e+06   2.5634766e+01
   4.1178510e+06   2.8991699e+01
   4.1179120e+06   2.3132324e+01
   4.1179520e+06   2.1118164e+01
   4.1179730e+06   1.8615723e+01
   4.1180090e+06   2.0324707e+01
   4.1180350e+06   2.0629883e+01
   4.1180530e+06   2.0324707e+01
   4.1180770e+06   1.6662598e+01
   4.1180940e+06   1.6723633e+01
   4.1181180e+06   3.0029297e+01
   4.1181690e+06   1.6906738e+01
   4.1182390e+06   2.0446777e+01
   4.1183440e+06   2.1057129e+01
   4.1183960e+06   1.6906738e+01
   4.1185110e+06   1.8310547e+01
   4.1185280e+06   1.8554688e+01
   4.1185870e+06   2.6367188e+01
   4.1186740e+06   1.7211914e+01
   4.1187200e+06   2.3681641e+01
   4.1188020e+06   1.6357422e+01
   4.1189160e+06   2.1545410e+01
   4.1189730e+06   2.4902344e+01
   4.1190060e+06   2.3803711e+01
   4.1190840e+06   1.9897461e+01
   4.1191240e+06   1.7578125e+01
   4.1191790e+06   2.0751953e+01
   4.1209200e+06   1.6845703e+01
   4.1211570e+06   1.7517090e+01
   4.1212980e+06   1.8371582e+01
   4.1215880e+06   1.6357422e+01
   4.1226970e+06   1.7150879e+01
   4.1233390e+06   1.8371582e+01
   4.1239940e+06   2.0446777e+01
   4.1244270e+06   1.7822266e+01
   4.1257220e+06   1.6357422e+01
   4.1267410e+06   2.0324707e+01
   4.1269520e+06   1.9226074e+01
   4.1269790e+06   2.2216797e+01
   4.1270230e+06   2.3315430e+01
   4.1270620e+06   2.5268555e+01
   4.1270800e+06   1.7456055e+01
   4.1270990e+06   2.6672363e+01
   4.1271270e+06   1.6357422e+01
   4.1271390e+06   1.8371582e+01
   4.1271590e+06   3.1311035e+01
   4.1271810e+06   1.9653320e+01
   4.1271950e+06   1.8798828e+01
   4.1272240e+06   2.8564453e+01
   4.1272400e+06   3.5339355e+01
   4.1272560e+06   2.6123047e+01
   4.1272860e+06   3.1005859e+01
   4.1273010e+06   2.1667480e+01
   4.1273280e+06   2.0751953e+01
   4.1273420e+06   1.8981934e+01
   4.1273660e+06   2.0568848e+01
   4.1273940e+06   2.3864746e+01
   4.1274220e+06   2.7160645e+01
   4.1274340e+06   1.8188477e+01
   4.1274730e+06   1.7150879e+01
   4.1275320e+06   1.6296387e+01
   4.1276020e+06   1.7944336e+01
   4.1276200e+06   2.1484375e+01
   4.1276490e+06   1.6479492e+01
   4.1277680e+06   2.0507812e+01
   4.1278430e+06   1.9165039e+01
   4.1279070e+06   1.6662598e+01
   4.1279370e+06   1.7272949e+01
   4.1280750e+06   1.8005371e+01
   4.1281810e+06   1.6601562e+01
   4.1283640e+06   1.8188477e+01
   4.1284690e+06   3.3508301e+01
   4.1285810e+06   1.7333984e+01
   4.1287480e+06   2.2766113e+01
   4.1308960e+06   1.7272949e+01
   4.1312530e+06   1.6296387e+01
   4.1314140e+06   1.9165039e+01
   4.1322130e+06   1.7822266e+01
   4.1327850e+06   1.8493652e+01
   4.1331640e+06   1.9470215e+01
   4.1340680e+06   1.8188477e+01
   4.1349580e+06   1.8432617e+01
   4.1365940e+06   1.8432617e+01
   4.1383000e+06   2.3498535e+01
   4.1385530e+06   2.1789551e+01
   4.1385910e+06   3.4912109e+01
   4.1386480e+06   3.4484863e+01
   4.1386590e+06   1.7761230e+01
   4.1386770e+06   3.8146973e+01
   4.1387090e+06   3.0212402e+01
   4.1387300e+06   2.7648926e+01
   4.1387430e+06   1.9348145e+01
   4.1387570e+06   2.7099609e+01
   4.1387720e+06   4.1687012e+01
   4.1387970e+06   2.1667480e+01
   4.1388360e+06   2.0263672e+01
   4.1388630e+06   2.0568848e+01
   4.1388800e+06   1.7944336e+01
   4.1388930e+06   1.6723633e+01
   4.1389150e+06   1.7150879e+01
   4.1389340e+06   2.2583008e+01
   4.1389560e+06   2.1545410e+01
   4.1390030e+06   1.7395020e+01
   4.1390620e+06   2.6123047e+01
   4.1391150e+06   2.1423340e+01
   4.1391620e+06   2.0446777e+01
   4.1391990e+06   1.7395020e+01
   4.1392930e+06   1.9531250e+01
   4.1393290e+06   1.9470215e+01
   4.1394190e+06   2.5268555e+01
   4.1394350e+06   1.8371582e+01
   4.1395040e+06   1.7211914e+01
   4.1395300e+06   1.6723633e+01
   4.1395990e+06   1.6296387e+01
   4.1396240e+06   1.6357422e+01
   4.1396720e+06   1.6479492e+01
   4.1397410e+06   2.3132324e+01
   4.1397690e+06   1.8066406e+01
   4.1398490e+06   1.8493652e+01
   4.1399850e+06   1.7822266e+01
   4.1400580e+06   2.4597168e+01
   4.1403800e+06   1.7700195e+01
   4.1409190e+06   2.0202637e+01
   4.1412560e+06   1.6479492e+01
   4.1421350e+06   1.6967773e+01
   4.1440160e+06   1.9409180e+01
   4.1441750e+06   1.8737793e+01
   4.1462900e+06   2.0019531e+01
   4.1465780e+06   2.0324707e+01
   4.1470560e+06   4.4555664e+01
   4.1470910e+06   1.7700195e+01
   4.1471330e+06   1.8981934e+01
   4.1471460e+06   2.6367188e+01
   4.1471740e+06   2.6428223e+01
   4.1471950e+06   1.8615723e+01
   4.1472140e+06   3.6865234e+01
   4.1472810e+06   4.3640137e+01
   4.1473130e+06   1.8310547e+01
   4.1473320e+06   2.3498535e+01
   4.1473690e+06   3.0822754e+01
   4.1473970e+06   1.7761230e+01
   4.1474120e+06   2.2827148e+01
   4.1474240e+06   1.7761230e+01
   4.1474600e+06   1.6906738e+01
   4.1474940e+06   1.6357422e+01
   4.1475200e+06   2.1240234e+01
   4.1475440e+06   2.0690918e+01
   4.1475570e+06   1.9409180e+01
   4.1476040e+06   1.7272949e+01
   4.1476370e+06   2.3132324e+01
   4.1476840e+06   2.0080566e+01
   4.1477080e+06   1.7944336e+01
   4.1477320e+06   1.8859863e+01
   4.1477470e+06   2.1179199e+01
   4.1478070e+06   1.7639160e+01
   4.1478210e+06   1.7395020e+01
   4.1479460e+06   1.9653320e+01
   4.1524750e+06   1.6662598e+01
   4.1553360e+06   2.8076172e+01
   4.1554220e+06   2.6000977e+01
   4.1554360e+06   2.0141602e+01
   4.1554500e+06   1.8615723e+01
   4.1554930e+06   4.7912598e+01
   4.1555090e+06   1.8554688e+01
   4.1555260e+06   2.2521973e+01
   4.1555450e+06   1.8127441e+01
   4.1555750e+06   2.0996094e+01
   4.1555940e+06   1.8127441e+01
   4.1556090e+06   1.8005371e+01
   4.1556260e+06   2.8259277e+01
   4.1556420e+06   2.1118164e+01
   4.1556650e+06   2.6428223e+01
   4.1556860e+06   1.8371582e+01
   4.1557100e+06   2.4291992e+01
   4.1557320e+06   2.2399902e+01
   4.1557730e+06   1.6784668e+01
   4.1558420e+06   2.3742676e+01
   4.1558980e+06   1.8920898e+01
   4.1559610e+06   1.9226074e+01
   4.1560570e+06   1.7639160e+01
   4.1561000e+06   1.8798828e+01
   4.1561850e+06   2.2521973e+01
   4.1563180e+06   1.6784668e+01
   4.1564260e+06   1.6967773e+01
   4.1565310e+06   1.6845703e+01
   4.1565430e+06   2.0629883e+01
   4.1567400e+06   2.1240234e+01
   4.1610770e+06   1.8249512e+01
   4.1619640e+06   1.7272949e+01
   4.6612790e+06   2.6367188e+01
   4.6613580e+06   2.2033691e+01
   4.6614290e+06   2.6062012e+01
   4.6614480e+06   4.9560547e+01
   4.6614590e+06   1.9775391e+01
   4.6614710e+06   4.4799805e+01
   4.6614910e+06   1.7944336e+01
   4.6615090e+06   3.9672852e+01
   4.6615290e+06   2.1179199e+01
   4.6615390e+06   3.7902832e+01
   4.6615690e+06   1.6296387e+01
   4.6615800e+06   3.3813477e+01
   4.6616100e+06   2.1118164e+01
   4.6617060e+06   1.8859863e+01
   4.6617610e+06   1.6357422e+01
   4.6618070e+06   1.6418457e+01
   4.6618410e+06   2.1850586e+01
   4.6620700e+06   1.8859863e+01
   4.6621300e+06   1.8859863e+01
   4.6621730e+06   1.7944336e+01
   4.6622100e+06   1.9226074e+01
   4.6622550e+06   1.7944336e+01
   4.6624190e+06   1.6906738e+01
   4.6625560e+06   1.7761230e+01
   4.6626210e+06   1.7028809e+01
   4.6626650e+06   1.8798828e+01
   4.6627340e+06   1.8554688e+01
   4.6627580e+06   1.6784668e+01
   4.6628290e+06   1.7272949e+01
   4.6628540e+06   1.7944336e+01
   4.6628890e+06   1.7517090e+01
   4.6629710e+06   1.8310547e+01
   4.6630650e+06   2.4841309e+01
   4.6631800e+06   2.2155762e+01
   4.6632190e+06   1.6662598e+01
   4.6632770e+06   2.6062012e+01
   4.6633100e+06   1.8127441e+01
   4.6633730e+06   1.6662598e+01
   4.6634100e+06   1.7639160e+01
   4.6635070e+06   1.7150879e+01
   4.6637680e+06   1.7761230e+01
   4.6639400e+06   2.2644043e+01
   4.6639590e+06   2.0263672e+01
   4.6639880e+06   1.8249512e+01
   4.6642520e+06   3.0273438e+01
   4.6642730e+06   2.6000977e+01
   4.6644240e+06   2.3925781e+01
   4.6646230e+06   1.7456055e+01
   4.6651630e+06   2.0812988e+01
   4.6654000e+06   2.0507812e+01
   4.6826550e+06   1.8127441e+01
   4.6828210e+06   1.7639160e+01
   4.6854690e+06   2.1728516e+01
   4.6875940e+06   2.1789551e+01
   4.6899500e+06   1.8249512e+01
   4.8742580e+06   2.7038574e+01
   4.8744090e+06   2.0324707e+01
   4.8744470e+06   2.2094727e+01
   4.8744730e+06   2.9968262e+01
   4.8744930e+06   4.0161133e+01
   4.8745100e+06   1.8371582e+01
   4.8745290e+06   2.1728516e+01
   4.8745450e+06   3.1311035e+01
   4.8745820e+06   2.0385742e+01
   4.8746060e+06   2.5817871e+01
   4.8746270e+06   2.1728516e+01
   4.8746400e+06   2.0812988e+01
   4.8746760e+06   2.1911621e+01
   4.8747000e+06   1.6540527e+01
   4.8747230e+06   1.8249512e+01
   4.8747520e+06   1.9775391e+01
   4.8747770e+06   1.6540527e+01
   4.8748550e+06   1.9470215e+01
   4.8748860e+06   1.8981934e+01
   4.8749200e+06   1.9714355e+01
   4.8749680e+06   2.2644043e+01
   4.8749970e+06   1.6479492e+01
   4.8751090e+06   1.7761230e+01
   4.8751550e+06   1.6784668e+01
   4.8752490e+06   1.7578125e+01
   4.8752880e+06   1.6418457e+01
   4.8753520e+06   1.7578125e+01
   4.8754120e+06   1.8371582e+01
   4.8754600e+06   2.4719238e+01
   4.8754710e+06   1.6906738e+01
   4.8755450e+06   1.7517090e+01
   4.8756170e+06   2.0080566e+01
   4.8756790e+06   1.6784668e+01
   4.8758060e+06   1.8066406e+01
   4.8759000e+06   3.2348633e+01
   4.8759640e+06   2.1911621e+01
   4.8760880e+06   1.6662598e+01
   4.8762120e+06   2.6733398e+01
   4.8762470e+06   1.8188477e+01
   4.8763070e+06   2.7587891e+01
   4.8763740e+06   1.8066406e+01
   4.8764050e+06   1.7211914e+01
   4.8764240e+06   1.6357422e+01
   4.8765260e+06   1.8493652e+01
   4.8765390e+06   1.6296387e+01
   4.8766240e+06   1.8249512e+01
   4.8767990e+06   2.5085449e+01
   4.8768570e+06   1.7700195e+01
   4.8769760e+06   1.9714355e+01
   4.8770170e+06   2.1057129e+01
   4.8774840e+06   1.8737793e+01
   4.8781390e+06   1.8432617e+01
   4.8925030e+06   1.9897461e+01
   4.8926730e+06   1.6906738e+01
   4.8952310e+06   1.8798828e+01
   4.8982060e+06   1.6845703e+01
   4.9001630e+06   1.7639160e+01
   4.9003890e+06   2.1179199e+01
   4.9004600e+06   1.7211914e+01
   4.9038690e+06   1.7333984e+01
   4.9940860e+06   2.6184082e+01
   4.9941700e+06   2.1789551e+01
   4.9941880e+06   5.2612305e+01
   4.9941980e+06   1.6418457e+01
   4.9942240e+06   4.2114258e+01
   4.9942410e+06   2.4963379e+01
   4.9942640e+06   2.1850586e+01
   4.9942800e+06   1.7578125e+01
   4.9942910e+06   2.4963379e+01
   4.9943180e+06   2.0996094e+01
   4.9943350e+06   1.6723633e+01
   4.9943570e+06   1.8493652e+01
   4.9944090e+06   1.8005371e+01
   4.9944270e+06   1.8981934e+01
   4.9944420e+06   2.3681641e+01
   4.9944870e+06   2.0996094e+01
   4.9946530e+06   1.6540527e+01
   4.9946840e+06   1.8432617e+01
   4.9947290e+06   1.6723633e+01
   4.9948830e+06   1.6418457e+01
   4.9949210e+06   1.8493652e+01
   4.9950060e+06   1.8981934e+01
   4.9950580e+06   1.6967773e+01
   4.9951720e+06   1.6418457e+01
   4.9952460e+06   1.7272949e+01
   4.9952810e+06   1.7272949e+01
   4.9953090e+06   1.6418457e+01
   4.9953540e+06   1.8859863e+01
   4.9955210e+06   1.7028809e+01
   4.9956680e+06   2.2277832e+01
   4.9957570e+06   1.9958496e+01
   4.9958200e+06   2.0446777e+01
   4.9958980e+06   1.6723633e+01
   4.9959240e+06   1.6357422e+01
   4.9959560e+06   1.9958496e+01
   4.9960060e+06   1.6540527e+01
   4.9960560e+06   1.9775391e+01
   4.9960750e+06   1.7639160e+01
   4.9963500e+06   1.6845703e+01
   4.9964780e+06   1.9775391e+01
   4.9965510e+06   2.0812988e+01
   4.9966150e+06   1.8127441e+01
   4.9966610e+06   1.7272949e+01
   4.9966960e+06   1.8981934e+01
   4.9967570e+06   2.2949219e+01
   4.9967750e+06   1.7395020e+01
   4.9975010e+06   1.9226074e+01
   4.9979130e+06   1.8676758e+01
   5.0093960e+06   1.9775391e+01
   5.0120710e+06   1.8005371e+01
   5.0123090e+06   1.8066406e+01
   5.0151650e+06   1.6357422e+01
   5.0172860e+06   1.6357422e+01
   5.0200600e+06   2.4902344e+01
   5.0236100e+06   1.9287109e+01
   5.0238440e+06   2.0751953e+01
   5.3229810e+06   2.5634766e+01
   5.3230830e+06   3.1127930e+01
   5.3230930e+06   1.7944336e+01
   5.3231040e+06   1.9531250e+01
   5.3231210e+06   3.4301758e+01
   5.3231340e+06   5.0354004e+01
   5.3231550e+06   3.5217285e+01
   5.3231740e+06   2.5451660e+01
   5.3231880e+06   2.2399902e+01
   5.3232030e+06   2.9174805e+01
   5.3232380e+06   2.4047852e+01
   5.3232690e+06   3.1616211e+01
   5.3233130e+06   1.6418457e+01
   5.3233320e+06   1.7761230e+01
   5.3233790e+06   1.8066406e+01
   5.3234090e+06   1.6723633e+01
   5.3234380e+06   2.5756836e+01
   5.3235050e+06   1.8920898e+01
   5.3235210e+06   1.8066406e+01
   5.3235480e+06   1.9653320e+01
   5.3236970e+06   1.8310547e+01
   5.3238540e+06   1.7456055e+01
   5.3239400e+06   1.9958496e+01
   5.3239970e+06   1.6845703e+01
   5.3240980e+06   1.8066406e+01
   5.3241570e+06   1.9348145e+01
   5.3242640e+06   1.6601562e+01
   5.3243120e+06   2.8259277e+01
   5.3244310e+06   1.9897461e+01
   5.3244880e+06   1.6296387e+01
   5.3245750e+06   2.0019531e+01
   5.3245950e+06   1.8066406e+01
   5.3246450e+06   1.9592285e+01
   5.3246760e+06   1.8432617e+01
   5.3247210e+06   2.3742676e+01
   5.3247700e+06   2.4658203e+01
   5.3248050e+06   1.7700195e+01
   5.3249610e+06   1.7517090e+01
   5.3250430e+06   1.6479492e+01
   5.3250820e+06   1.7578125e+01
   5.3252000e+06   2.2827148e+01
   5.3252590e+06   1.9470215e+01
   5.3253640e+06   2.5146484e+01
   5.3253910e+06   1.9287109e+01
   5.3254570e+06   2.0446777e+01
   5.3256240e+06   2.2949219e+01
   5.3256500e+06   1.9592285e+01
   5.3258580e+06   1.8859863e+01
   5.3260990e+06   2.1789551e+01
   5.3262360e+06   1.6540527e+01
   5.3263460e+06   1.7822266e+01
   5.3273400e+06   1.9042969e+01
   5.3281680e+06   1.8737793e+01
   5.3290260e+06   1.9592285e+01
   5.3440060e+06   1.6357422e+01
   5.3464010e+06   1.7883301e+01
   5.3467160e+06   1.6296387e+01
   5.3467560e+06   1.6540527e+01
   5.3492220e+06   2.3437500e+01
   5.3517240e+06   2.4047852e+01
   5.3518560e+06   1.6296387e+01
   5.3550100e+06   2.0080566e+01
   5.3624180e+06   2.0141602e+01
   5.3625710e+06   1.8493652e+01
   5.3626050e+06   1.6662598e+01
   5.5039720e+06   2.6611328e+01
   5.5040440e+06   1.8127441e+01
   5.5040620e+06   2.1911621e+01
   5.5040860e+06   3.2958984e+01
   5.5040980e+06   1.9653320e+01
   5.5041160e+06   4.2297363e+01
   5.5041490e+06   2.7954102e+01
   5.5041860e+06   3.2409668e+01
   5.5042040e+06   2.5878906e+01
   5.5042430e+06   2.7770996e+01
   5.5042640e+06   2.1423340e+01
   5.5042950e+06   2.2155762e+01
   5.5043220e+06   2.3681641e+01
   5.5043950e+06   1.9287109e+01
   5.5044610e+06   2.3376465e+01
   5.5045160e+06   2.0812988e+01
   5.5045960e+06   1.9287109e+01
   5.5046620e+06   1.9042969e+01
   5.5047160e+06   1.7517090e+01
   5.5047770e+06   1.9714355e+01
   5.5049070e+06   1.8920898e+01
   5.5049780e+06   1.6479492e+01
   5.5050200e+06   1.8981934e+01
   5.5050820e+06   1.6784668e+01
   5.5051300e+06   2.1789551e+01
   5.5051810e+06   2.0446777e+01
   5.5052230e+06   1.8127441e+01
   5.5052550e+06   1.8127441e+01
   5.5052740e+06   2.1972656e+01
   5.5053620e+06   1.9104004e+01
   5.5054550e+06   2.6184082e+01
   5.5054920e+06   1.7272949e+01
   5.5055430e+06   2.0690918e+01
   5.5056100e+06   2.4719238e+01
   5.5057860e+06   2.2399902e+01
   5.5058030e+06   1.7761230e+01
   5.5058710e+06   2.7038574e+01
   5.5059810e+06   1.7395020e+01
   5.5061010e+06   1.6723633e+01
   5.5061120e+06   2.2338867e+01
   5.5062340e+06   1.7028809e+01
   5.5063010e+06   1.6357422e+01
   5.5063250e+06   1.7150879e+01
   5.5064070e+06   1.9775391e+01
   5.5068220e+06   1.9775391e+01
   5.5068810e+06   1.8615723e+01
   5.5070320e+06   2.4353027e+01
   5.5071870e+06   2.1057129e+01
   5.5082140e+06   2.0812988e+01
   5.5085400e+06   1.6784668e+01
   5.5085620e+06   1.9104004e+01
   5.5097330e+06   2.4475098e+01
   5.5101490e+06   2.0812988e+01
   5.5195250e+06   2.2949219e+01
   5.5198330e+06   2.1240234e+01
   5.5198660e+06   2.7954102e+01
   5.5198900e+06   2.0202637e+01
   5.5199210e+06   2.5817871e+01
   5.5199320e+06   5.1757812e+01
   5.5199590e+06   2.5878906e+01
   5.5199780e+06   3.5766602e+01
   5.5199910e+06   2.3071289e+01
   5.5200110e+06   1.6357422e+01
   5.5200370e+06   1.7150879e+01
   5.5200990e+06   1.9592285e+01
   5.5201270e+06   2.3986816e+01
   5.5201430e+06   2.4108887e+01
   5.5203370e+06   2.2277832e+01
   5.5204360e+06   1.8188477e+01
   5.5204690e+06   1.6723633e+01
   5.5206960e+06   1.8066406e+01
   5.5207430e+06   1.6540527e+01
   5.5208120e+06   1.6845703e+01
   5.5208410e+06   1.9409180e+01
   5.5209000e+06   2.1728516e+01
   5.5209210e+06   1.7089844e+01
   5.5209850e+06   2.2949219e+01
   5.5211570e+06   3.0273438e+01
   5.5212530e+06   1.7333984e+01
   5.5212900e+06   1.8127441e+01
   5.5213410e+06   2.3071289e+01
   5.5214120e+06   2.0996094e+01
   5.5215330e+06   2.2399902e+01
   5.5216140e+06   1.6540527e+01
   5.5216570e+06   1.7883301e+01
   5.5217260e+06   1.6601562e+01
   5.5217470e+06   2.4841309e+01
   5.5218180e+06   1.6845703e+01
   5.5218460e+06   1.6723633e+01
   5.5219110e+06   1.7211914e+01
   5.5219330e+06   1.8737793e+01
   5.5219480e+06   1.7883301e+01
   5.5221380e+06   1.6540527e+01
   5.5224900e+06   1.6784668e+01
   5.5226260e+06   2.0202637e+01
   5.5229500e+06   1.7822266e+01
   5.5233370e+06   1.6357422e+01
   5.5233900e+06   2.0629883e+01
   5.5236940e+06   1.9714355e+01
   5.5241040e+06   1.9409180e+01
   5.5245280e+06   1.9592285e+01
   5.5246560e+06   2.1911621e+01
   5.5249930e+06   1.7578125e+01
   5.5253280e+06   2.0874023e+01
   5.5255140e+06   1.8615723e+01
   5.5256940e+06   1.6357422e+01
   5.5259190e+06   1.6296387e+01
   5.5262370e+06   1.8859863e+01
   5.5265210e+06   1.7883301e+01
   5.5268360e+06   1.7639160e+01
   5.5272500e+06   1.9226074e+01
   5.5276700e+06   1.8615723e+01
   5.5283370e+06   2.0263672e+01
   5.5296190e+06   2.2033691e+01
   5.5303890e+06   2.3315430e+01
   5.5320040e+06   2.1484375e+01
   5.5324510e+06   2.2460938e+01
   5.5342630e+06   2.7099609e+01
   5.5369610e+06   2.7954102e+01
   5.5372050e+06   1.8737793e+01
   5.5373050e+06   3.0151367e+01
   5.5373360e+06   1.6967773e+01
   5.5373560e+06   1.8554688e+01
   5.5373730e+06   4.3334961e+01
   5.5374040e+06   2.8503418e+01
   5.5374270e+06   5.6579590e+01
   5.5374370e+06   2.1606445e+01
   5.5374610e+06   2.4353027e+01
   5.5374730e+06   2.1789551e+01
   5.5375040e+06   2.6123047e+01
   5.5375200e+06   1.7333984e+01
   5.5375650e+06   2.2338867e+01
   5.5375910e+06   1.8127441e+01
   5.5376110e+06   1.7211914e+01
   5.5376560e+06   2.2827148e+01
   5.5376800e+06   1.8859863e+01
   5.5377070e+06   1.9287109e+01
   5.5377300e+06   1.7333984e+01
   5.5377980e+06   1.8371582e+01
   5.5378540e+06   2.0690918e+01
   5.5379450e+06   1.7150879e+01
   5.5380100e+06   1.8920898e+01
   5.5381070e+06   1.9653320e+01
   5.5382160e+06   1.7089844e+01
   5.5383630e+06   1.6540527e+01
   5.5384150e+06   1.7272949e+01
   5.5385190e+06   1.6418457e+01
   5.5385320e+06   1.6296387e+01
   5.5386070e+06   1.7395020e+01
   5.5386700e+06   2.1606445e+01
   5.5387180e+06   1.7211914e+01
   5.5387430e+06   1.8005371e+01
   5.5387980e+06   1.7395020e+01
   5.5388430e+06   1.7517090e+01
   5.5389410e+06   1.9836426e+01
   5.5390890e+06   1.7456055e+01
   5.5392520e+06   1.6479492e+01
   5.5395080e+06   1.6906738e+01
   5.5395280e+06   1.7517090e+01
   5.5397990e+06   1.6662598e+01
   5.5401270e+06   1.9287109e+01
   5.5401980e+06   2.2888184e+01
   5.5403340e+06   2.5268555e+01
   5.5404180e+06   1.8615723e+01
   5.5407630e+06   1.8676758e+01
   5.5409470e+06   2.2338867e+01
   5.5412350e+06   2.0629883e+01
   5.5416590e+06   1.7089844e+01
   5.5418440e+06   1.8005371e+01
   5.5418750e+06   2.3254395e+01
   5.5419870e+06   1.6357422e+01
   5.5425220e+06   1.6784668e+01
   5.5427590e+06   1.6418457e+01
   5.5432270e+06   1.6296387e+01
   5.5435430e+06   1.7456055e+01
   5.5439550e+06   1.7944336e+01
   5.5441970e+06   1.6601562e+01
   5.5444350e+06   1.8615723e+01
   5.5451500e+06   1.7578125e+01
   5.5453880e+06   2.0263672e+01
   5.5456840e+06   2.1057129e+01
   5.5459550e+06   2.2521973e+01
   5.5463150e+06   1.7822266e+01
   5.5469700e+06   2.0446777e+01
   5.5474160e+06   1.6662598e+01
   5.5478770e+06   1.9775391e+01
   5.5481490e+06   2.0385742e+01
   5.5482060e+06   2.2827148e+01
   5.5482510e+06   2.7954102e+01
   5.5482620e+06   2.6306152e+01
   5.5482820e+06   2.8259277e+01
   5.5482990e+06   1.7700195e+01
   5.5483420e+06   1.9042969e+01
   5.5483700e+06   3.6437988e+01
   5.5483970e+06   1.9104004e+01
   5.5484150e+06   2.8015137e+01
   5.5484390e+06   1.8676758e+01
   5.5484540e+06   1.9348145e+01
   5.5484750e+06   3.0151367e+01
   5.5485030e+06   1.7517090e+01
   5.5485470e+06   2.4963379e+01
   5.5485810e+06   1.6906738e+01
   5.5486230e+06   1.9714355e+01
   5.5486390e+06   2.1484375e+01
   5.5487000e+06   1.9958496e+01
   5.5488280e+06   2.1911621e+01
   5.5488990e+06   1.8066406e+01
   5.5489100e+06   1.7089844e+01
   5.5490220e+06   1.7211914e+01
   5.5490760e+06   1.8127441e+01
   5.5490870e+06   1.7028809e+01
   5.5491840e+06   1.7578125e+01
   5.5492270e+06   2.0202637e+01
   5.5492380e+06   2.2277832e+01
   5.5493410e+06   1.9836426e+01
   5.5493770e+06   1.9592285e+01
   5.5494610e+06   1.7150879e+01
   5.5495510e+06   3.1372070e+01
   5.5496430e+06   2.4414063e+01
   5.5497940e+06   1.8493652e+01
   5.5499550e+06   1.7395020e+01
   5.5502380e+06   2.1606445e+01
   5.5503080e+06   1.9592285e+01
   5.5512320e+06   2.1789551e+01
   5.5515610e+06   1.7028809e+01
   5.5539250e+06   1.6296387e+01
   5.5544270e+06   1.7883301e+01
   5.5546960e+06   1.7089844e+01
   5.5550120e+06   1.8676758e+01
   5.5554420e+06   1.8432617e+01
   5.5558660e+06   1.6540527e+01
   5.5567000e+06   2.1301270e+01
   5.5567710e+06   1.9531250e+01
   5.5568170e+06   1.7150879e+01
   5.5568460e+06   3.3630371e+01
   5.5568710e+06   2.0202637e+01
   5.5568890e+06   2.8808594e+01
   5.5569040e+06   2.5695801e+01
   5.5569450e+06   3.3630371e+01
   5.5569730e+06   1.9531250e+01
   5.5569840e+06   2.0751953e+01
   5.5570140e+06   3.7353516e+01
   5.5570390e+06   1.9836426e+01
   5.5570570e+06   1.6540527e+01
   5.5570850e+06   1.8249512e+01
   5.5571110e+06   1.7761230e+01
   5.5571420e+06   3.6254883e+01
   5.5571900e+06   2.1118164e+01
   5.5572240e+06   1.9592285e+01
   5.5572660e+06   2.6733398e+01
   5.5573160e+06   1.6967773e+01
   5.5573410e+06   1.7639160e+01
   5.5573830e+06   2.0690918e+01
   5.5574250e+06   1.8188477e+01
   5.5574970e+06   2.2949219e+01
   5.5575480e+06   2.1423340e+01
   5.5576450e+06   1.8615723e+01
   5.5577380e+06   1.9958496e+01
   5.5577530e+06   1.7822266e+01
   5.5578100e+06   2.0385742e+01
   5.5579010e+06   1.8005371e+01
   5.5580210e+06   1.7211914e+01
   5.5581130e+06   1.8127441e+01
   5.5582340e+06   2.1301270e+01
   5.5583180e+06   1.8005371e+01
   5.5583960e+06   2.1362305e+01
   5.5611920e+06   1.7211914e+01
   5.5615570e+06   1.7211914e+01
   5.5637050e+06   1.6296387e+01
   5.5642890e+06   1.8737793e+01
   5.5658040e+06   2.0446777e+01
   5.5664180e+06   1.7578125e+01
   5.5664650e+06   3.6743164e+01
   5.5664900e+06   1.8371582e+01
   5.5665190e+06   2.2705078e+01
   5.5665430e+06   4.6813965e+01
   5.5665710e+06   4.2358398e+01
   5.5666130e+06   3.0273438e+01
   5.5666380e+06   3.1555176e+01
   5.5666640e+06   1.8066406e+01
   5.5666840e+06   3.0334473e+01
   5.5667070e+06   1.9226074e+01
   5.5667310e+06   1.9104004e+01
   5.5667510e+06   2.4230957e+01
   5.5667680e+06   2.0568848e+01
   5.5668250e+06   1.9531250e+01
   5.5668530e+06   1.9470215e+01
   5.5669420e+06   2.1179199e+01
   5.5670370e+06   1.7211914e+01
   5.5671030e+06   2.1240234e+01
   5.5671430e+06   1.7089844e+01
   5.5671840e+06   1.9165039e+01
   5.5672470e+06   2.2216797e+01
   5.5673690e+06   2.2888184e+01
   5.5674270e+06   1.8859863e+01
   5.5675030e+06   1.8005371e+01
   5.5676070e+06   1.8981934e+01
   5.5676190e+06   1.6540527e+01
   5.5676890e+06   1.7272949e+01
   5.5677890e+06   2.0935059e+01
   5.5678860e+06   1.8798828e+01
   5.5680660e+06   1.9042969e+01
   5.5681580e+06   1.7822266e+01
   5.5684090e+06   1.6357422e+01
   5.5697470e+06   2.1606445e+01
   5.5717740e+06   1.7272949e+01
   5.5721850e+06   1.8127441e+01
   5.5751450e+06   1.6784668e+01
   5.5766210e+06   2.0263672e+01
   5.5769050e+06   2.0629883e+01
   5.5769700e+06   2.9968262e+01
   5.5769820e+06   2.4291992e+01
   5.5770120e+06   2.3254395e+01
   5.5770420e+06   2.2277832e+01
   5.5770740e+06   2.4719238e+01
   5.5770930e+06   3.5827637e+01
   5.5771180e+06   4.5654297e+01
   5.5771380e+06   1.9714355e+01
   5.5771640e+06   2.9418945e+01
   5.5771850e+06   2.9968262e+01
   5.5772050e+06   2.8869629e+01
   5.5772310e+06   2.3559570e+01
   5.5772470e+06   2.1911621e+01
   5.5772850e+06   1.9409180e+01
   5.5773150e+06   1.6845703e+01
   5.5773280e+06   2.2521973e+01
   5.5773500e+06   2.4658203e+01
   5.5774100e+06   1.6967773e+01
   5.5774280e+06   2.0202637e+01
   5.5774470e+06   1.7822266e+01
   5.5774800e+06   2.0568848e+01
   5.5775030e+06   1.7150879e+01
   5.5775520e+06   2.2827148e+01
   5.5775980e+06   1.8127441e+01
   5.5777180e+06   1.8066406e+01
   5.5777420e+06   1.6601562e+01
   5.5778110e+06   1.7272949e+01
   5.5778220e+06   2.4169922e+01
   5.5779310e+06   1.6723633e+01
   5.5780740e+06   2.5268555e+01
   5.5781640e+06   1.7272949e+01
   5.5783120e+06   1.8066406e+01
   5.5785600e+06   2.3376465e+01
   5.5787010e+06   2.3132324e+01
   5.5837500e+06   1.7211914e+01
   5.5852210e+06   1.6357422e+01
   5.5859040e+06   1.7578125e+01
   5.5859990e+06   2.1240234e+01
   5.5860260e+06   1.8005371e+01
   5.5860970e+06   2.1911621e+01
   5.5861090e+06   1.8554688e+01
   5.5861410e+06   2.3498535e+01
   5.5861990e+06   2.6428223e+01
   5.5862090e+06   2.2766113e+01
   5.5862280e+06   2.0446777e+01
   5.5862380e+06   2.3986816e+01
   5.5862740e+06   1.7578125e+01
   5.5862870e+06   3.7719727e+01
   5.5863200e+06   2.3254395e+01
   5.5863450e+06   2.8747559e+01
   5.5863720e+06   2.2827148e+01
   5.5863940e+06   1.8859863e+01
   5.5864720e+06   2.9602051e+01
   5.5864860e+06   2.6489258e+01
   5.5865640e+06   1.6967773e+01
   5.5865790e+06   1.7333984e+01
   5.5866190e+06   2.0263672e+01
   5.5866810e+06   2.3559570e+01
   5.5867310e+06   1.6479492e+01
   5.5868290e+06   1.8554688e+01
   5.5868480e+06   1.6357422e+01
   5.5869370e+06   3.0090332e+01
   5.5872140e+06   2.2216797e+01
   5.5873120e+06   1.9226074e+01
   5.5918530e+06   1.8249512e+01
   5.8529360e+06   2.4780273e+01
   5.8530050e+06   1.8554688e+01
   5.8530460e+06   1.8859863e+01
   5.8530600e+06   2.3742676e+01
   5.8530740e+06   5.1879883e+01
   5.8531270e+06   3.6071777e+01
   5.8531640e+06   1.7517090e+01
   5.8531940e+06   1.9470215e+01
   5.8532160e+06   2.7099609e+01
   5.8532500e+06   2.2338867e+01
   5.8532690e+06   1.9531250e+01
   5.8533050e+06   1.9775391e+01
   5.8533390e+06   1.8737793e+01
   5.8533560e+06   1.6357422e+01
   5.8533770e+06   1.8798828e+01
   5.8534050e+06   2.3132324e+01
   5.8535750e+06   1.7028809e+01
   5.8536530e+06   1.8310547e+01
   5.8537200e+06   1.7150879e+01
   5.8537570e+06   1.7089844e+01
   5.8538150e+06   1.7333984e+01
   5.8539180e+06   1.7578125e+01
   5.8540080e+06   1.6601562e+01
   5.8541440e+06   1.9470215e+01
   5.8542480e+06   1.8737793e+01
   5.8543060e+06   1.7456055e+01
   5.8543480e+06   1.6601562e+01
   5.8543770e+06   1.6418457e+01
   5.8544680e+06   1.8554688e+01
   5.8545330e+06   1.6540527e+01
   5.8546420e+06   1.6601562e+01
   5.8546560e+06   2.6245117e+01
   5.8547800e+06   1.6540527e+01
   5.8548640e+06   1.6601562e+01
   5.8549350e+06   1.7456055e+01
   5.8549780e+06   2.0263672e+01
   5.8550380e+06   1.7761230e+01
   5.8552070e+06   1.9531250e+01
   5.8552830e+06   1.8493652e+01
   5.8554170e+06   1.7883301e+01
   5.8554890e+06   1.8859863e+01
   5.8556970e+06   1.7333984e+01
   5.8557990e+06   1.9592285e+01
   5.8558710e+06   1.9775391e+01
   5.8563290e+06   1.7517090e+01
   5.8682160e+06   1.9042969e+01
   5.8683090e+06   1.6296387e+01
   5.8684510e+06   1.6662598e+01
   5.8685010e+06   1.6662598e+01
   5.8715480e+06   1.8920898e+01
   5.8747650e+06   2.3254395e+01
   5.8749350e+06   1.6540527e+01
   5.8780970e+06   2.1179199e+01
   5.8782910e+06   1.6601562e+01
   5.8819900e+06   2.0690918e+01
   5.9193080e+06   2.7709961e+01
   5.9195950e+06   2.5329590e+01
   5.9196130e+06   1.6418457e+01
   5.9197590e+06   5.6579590e+01
   5.9197840e+06   4.4555664e+01
   5.9198320e+06   3.9611816e+01
   5.9198530e+06   2.6916504e+01
   5.9198810e+06   2.3742676e+01
   5.9198980e+06   2.4230957e+01
   5.9199280e+06   2.4841309e+01
   5.9199700e+06   2.2705078e+01
   5.9200200e+06   1.8615723e+01
   5.9200470e+06   2.2094727e+01
   5.9200730e+06   1.7578125e+01
   5.9201130e+06   1.7456055e+01
   5.9201420e+06   1.6357422e+01
   5.9201680e+06   2.0019531e+01
   5.9202020e+06   1.7211914e+01
   5.9202280e+06   2.1240234e+01
   5.9202970e+06   2.2094727e+01
   5.9203500e+06   1.7395020e+01
   5.9204880e+06   1.8493652e+01
   5.9205500e+06   1.8188477e+01
   5.9206090e+06   2.3437500e+01
   5.9206740e+06   1.9958496e+01
   5.9207520e+06   2.0324707e+01
   5.9208450e+06   1.9042969e+01
   5.9208950e+06   2.2766113e+01
   5.9209510e+06   1.9592285e+01
   5.9210310e+06   2.2033691e+01
   5.9210960e+06   1.7517090e+01
   5.9211230e+06   1.7211914e+01
   5.9211410e+06   1.7211914e+01
   5.9212200e+06   2.0202637e+01
   5.9212970e+06   2.6916504e+01
   5.9214570e+06   2.5695801e+01
   5.9215540e+06   1.8066406e+01
   5.9215820e+06   1.6540527e+01
   5.9216120e+06   1.8249512e+01
   5.9217380e+06   1.7456055e+01
   5.9217970e+06   1.8005371e+01
   5.9218140e+06   1.9531250e+01
   5.9219020e+06   1.8066406e+01
   5.9220260e+06   1.7639160e+01
   5.9220760e+06   1.7089844e+01
   5.9221930e+06   1.6845703e+01
   5.9222210e+06   2.5878906e+01
   5.9222720e+06   1.7333984e+01
   5.9223420e+06   1.6357422e+01
   5.9224920e+06   1.7089844e+01
   5.9233370e+06   1.8493652e+01
   5.9340540e+06   2.1179199e+01
   5.9367150e+06   2.0324707e+01
   5.9400150e+06   2.0812988e+01
   5.9402410e+06   1.6723633e+01
   5.9430740e+06   1.8554688e+01
   5.9432270e+06   1.9897461e+01
   5.9468710e+06   1.8737793e+01
