   5.9990000e+06   0.0000000e+00
   9.9220000e+03   2.2460937e+01
   9.9360000e+03   2.4230957e+01
   9.9970000e+03   1.9714355e+01
   1.0015000e+04   2.3620605e+01
   1.0042000e+04   1.9958496e+01
   1.0068000e+04   2.5024414e+01
   1.0109000e+04   4.5288086e+01
   1.0119000e+04   2.4780273e+01
   1.0153000e+04   2.2644043e+01
   1.0188000e+04   3.0822754e+01
   1.0221000e+04   1.9104004e+01
   1.0258000e+04   2.0629883e+01
   1.0287000e+04   2.1545410e+01
   1.0307000e+04   2.1118164e+01
   1.0854000e+04   1.9104004e+01
   1.0927000e+04   2.3620605e+01
   1.1122000e+04   3.1616211e+01
   1.0815300e+05   2.4719238e+01
   1.3118000e+05   2.3071289e+01
   1.3125700e+05   2.7038574e+01
   1.3128700e+05   3.3996582e+01
   1.3134900e+05   2.9418945e+01
   1.3136300e+05   2.3742676e+01
   1.3138900e+05   1.9348145e+01
   1.3140300e+05   2.4841309e+01
   1.3145500e+05   1.9775391e+01
   1.3148900e+05   2.2399902e+01
   1.3167000e+05   2.2705078e+01
   1.3188900e+05   2.1606445e+01
   1.3221800e+05   2.3498535e+01
   1.3224300e+05   2.0751953e+01
   1.3230600e+05   2.0996094e+01
   1.3290100e+05   2.0019531e+01
   1.7572400e+05   2.1667480e+01
   1.7576300e+05   3.1372070e+01
   1.7578500e+05   2.4230957e+01
   1.7583100e+05   2.0874023e+01
   1.7585900e+05   2.1118164e+01
   1.7587400e+05   2.7160645e+01
   1.7589600e+05   3.1982422e+01
   1.7593800e+05   2.1179199e+01
   1.7598500e+05   2.0019531e+01
   1.7605800e+05   2.2583008e+01
   1.7607500e+05   1.9836426e+01
   1.7613400e+05   2.2888184e+01
   1.7617800e+05   2.0812988e+01
   1.7656800e+05   2.3071289e+01
   1.7673400e+05   2.2216797e+01
   1.7674400e+05   1.8859863e+01
   1.7700700e+05   2.3742676e+01
   4.1790500e+05   2.0507812e+01
   4.4635700e+05   2.3559570e+01
   4.4806100e+05   2.7465820e+01
   4.4823800e+05   1.9042969e+01
   4.4826000e+05   1.9226074e+01
   4.4828300e+05   1.9531250e+01
   4.4832900e+05   2.0385742e+01
   4.4837800e+05   2.4291992e+01
   4.4842800e+05   2.4475098e+01
   4.4847900e+05   2.7832031e+01
   4.4850500e+05   3.0578613e+01
   4.4854100e+05   2.4414062e+01
   4.4858100e+05   3.0639648e+01
   4.4861900e+05   2.1972656e+01
   4.4865100e+05   2.0751953e+01
   4.4871900e+05   1.9958496e+01
   4.4965000e+05   1.9653320e+01
   6.1068800e+05   2.6672363e+01
   6.1076700e+05   2.2644043e+01
   6.1078800e+05   2.0446777e+01
   6.1081800e+05   2.2583008e+01
   6.1084900e+05   2.7099609e+01
   6.1086200e+05   2.1911621e+01
   6.1089800e+05   1.8920898e+01
   6.1092600e+05   2.0141602e+01
   6.1094300e+05   2.0019531e+01
   6.1096900e+05   2.5451660e+01
   6.1100300e+05   1.9226074e+01
   6.1101500e+05   1.9775391e+01
   6.1104800e+05   2.0507812e+01
   6.1109700e+05   2.2766113e+01
   6.1115800e+05   2.4230957e+01
   6.1119400e+05   2.4719238e+01
   6.1124000e+05   2.2277832e+01
   6.1217100e+05   2.0751953e+01
   7.4760100e+05   2.9663086e+01
   7.4764800e+05   2.0996094e+01
   7.4767200e+05   2.2155762e+01
   7.4770800e+05   2.3803711e+01
   7.4771800e+05   3.3935547e+01
   7.4773800e+05   2.0568848e+01
   7.4775800e+05   2.1179199e+01
   7.4778200e+05   2.5024414e+01
   7.4781600e+05   3.1494141e+01
   7.4783000e+05   2.3132324e+01
   7.4787800e+05   2.1057129e+01
   7.4789000e+05   2.0446777e+01
   7.4797800e+05   2.1484375e+01
   7.4809400e+05   1.9531250e+01
   8.1064500e+05   1.9348145e+01
   8.1072900e+05   2.4291992e+01
   8.1092700e+05   1.8859863e+01
   8.1114400e+05   2.7160645e+01
   8.1118700e+05   2.0935059e+01
   8.1121800e+05   2.1850586e+01
   8.1125700e+05   2.7404785e+01
   8.1127500e+05   2.0263672e+01
   8.1132300e+05   2.0263672e+01
   8.1134200e+05   2.3376465e+01
   8.1138300e+05   2.4475098e+01
   8.1139800e+05   1.9897461e+01
   8.1142000e+05   2.1301270e+01
   8.1144800e+05   2.3193359e+01
   8.1150500e+05   2.1179199e+01
   8.1155700e+05   2.1484375e+01
   8.1207300e+05   1.9592285e+01
   8.1218100e+05   2.3498535e+01
   8.4814600e+05   2.5024414e+01
   8.4824600e+05   2.4475098e+01
   8.4829100e+05   1.9592285e+01
   8.4833200e+05   2.2888184e+01
   8.4839700e+05   1.9775391e+01
   8.4841400e+05   3.4851074e+01
   8.4843100e+05   2.2399902e+01
   8.4845500e+05   2.3742676e+01
   8.4851100e+05   2.2460938e+01
   8.4854300e+05   2.1240234e+01
   8.4857400e+05   2.1362305e+01
   8.4860500e+05   2.3681641e+01
   8.4862600e+05   1.9653320e+01
   8.4868400e+05   2.2827148e+01
   8.4871700e+05   2.2216797e+01
   8.4958800e+05   1.9165039e+01
   8.4983600e+05   1.9409180e+01
   8.5011600e+05   2.0568848e+01
   8.5038600e+05   1.9409180e+01
   1.0612710e+06   2.9174805e+01
   1.0615330e+06   1.9653320e+01
   1.0619920e+06   1.9531250e+01
   1.0623860e+06   2.5207520e+01
   1.0624280e+06   3.0395508e+01
   1.0624560e+06   2.2583008e+01
   1.0625140e+06   3.6071777e+01
   1.0625570e+06   2.1240234e+01
   1.0626320e+06   2.1362305e+01
   1.0626530e+06   1.9531250e+01
   1.0626830e+06   2.9357910e+01
   1.0627170e+06   2.1728516e+01
   1.0627650e+06   2.0202637e+01
   1.0628000e+06   1.8920898e+01
   1.2244350e+06   2.4536133e+01
   1.2244540e+06   1.9042969e+01
   1.2244870e+06   1.8981934e+01
   1.2244980e+06   1.9287109e+01
   1.2245430e+06   2.1850586e+01
   1.2245630e+06   2.2766113e+01
   1.2245850e+06   2.6245117e+01
   1.2246170e+06   2.7038574e+01
   1.2246600e+06   2.1911621e+01
   1.2246700e+06   2.1179199e+01
   1.2246950e+06   2.6855469e+01
   1.2247530e+06   1.9165039e+01
   1.2248100e+06   2.2338867e+01
   1.2250900e+06   1.9165039e+01
   1.2255480e+06   1.9592285e+01
   1.2378350e+06   2.0996094e+01
   1.2379160e+06   1.9165039e+01
   1.3566020e+06   2.6733398e+01
   1.3576390e+06   2.0263672e+01
   1.3576720e+06   1.8920898e+01
   1.3576950e+06   2.2094727e+01
   1.3579560e+06   2.0385742e+01
   1.3580480e+06   2.6855469e+01
   1.3580720e+06   3.9916992e+01
   1.3580940e+06   1.9836426e+01
   1.3581260e+06   2.1667480e+01
   1.3581640e+06   2.3010254e+01
   1.3582120e+06   2.4047852e+01
   1.3582620e+06   2.2277832e+01
   1.3583510e+06   2.2094727e+01
   1.3583760e+06   1.9226074e+01
   1.3585800e+06   1.8920898e+01
   1.3588890e+06   2.0874023e+01
   1.3591970e+06   2.0751953e+01
   1.3598020e+06   2.3132324e+01
   1.5099320e+06   3.0273438e+01
   1.5099750e+06   1.9836426e+01
   1.5100490e+06   1.9226074e+01
   1.5101240e+06   1.9470215e+01
   1.5101560e+06   2.9907227e+01
   1.5101920e+06   2.3803711e+01
   1.5102340e+06   2.2460937e+01
   1.5102450e+06   2.3315430e+01
   1.5102770e+06   2.7465820e+01
   1.5103180e+06   2.5024414e+01
   1.5103530e+06   2.9418945e+01
   1.5104090e+06   2.5573730e+01
   1.5104480e+06   1.9775391e+01
   1.5104850e+06   1.9653320e+01
   1.5105230e+06   2.4780273e+01
   1.5105570e+06   1.9042969e+01
   1.5107080e+06   2.1057129e+01
   1.5116430e+06   1.9653320e+01
   1.5577440e+06   1.8981934e+01
   1.5577980e+06   1.8859863e+01
   1.5578410e+06   2.3315430e+01
   1.5578610e+06   3.0395508e+01
   1.5578810e+06   2.7221680e+01
   1.5579260e+06   2.3498535e+01
   1.5579610e+06   1.9165039e+01
   1.5579770e+06   2.6000977e+01
   1.5580060e+06   2.1911621e+01
   1.5580300e+06   2.1118164e+01
   1.5580990e+06   1.9165039e+01
   1.5581510e+06   2.0690918e+01
   1.5582200e+06   1.8859863e+01
   1.5582500e+06   2.1911621e+01
   1.5582980e+06   1.9470215e+01
   1.5585610e+06   1.8920898e+01
   1.5586880e+06   1.9958496e+01
   1.5587680e+06   2.3437500e+01
   1.5588440e+06   1.9470215e+01
   1.5590270e+06   1.9714355e+01
   1.7063590e+06   2.0141602e+01
   1.7064770e+06   2.9174805e+01
   1.7064950e+06   3.1616211e+01
   1.7065190e+06   1.9226074e+01
   1.7065450e+06   2.1972656e+01
   1.7065920e+06   2.2827148e+01
   1.7066140e+06   2.0202637e+01
   1.7066420e+06   1.8859863e+01
   1.7067250e+06   2.2338867e+01
   1.7068480e+06   2.2949219e+01
   1.7069630e+06   2.0324707e+01
   1.7072640e+06   1.9165039e+01
   1.7074080e+06   1.8859863e+01
   1.7074670e+06   1.8920898e+01
   1.7226960e+06   1.8859863e+01
   1.7227410e+06   1.9104004e+01
   1.7228260e+06   2.6794434e+01
   1.7228630e+06   3.4057617e+01
   1.7228740e+06   2.0141602e+01
   1.7229280e+06   2.3925781e+01
   1.7229660e+06   1.9958496e+01
   1.7230560e+06   1.9409180e+01
   1.7230970e+06   1.9226074e+01
   1.7231750e+06   2.0568848e+01
   1.7232030e+06   1.9226074e+01
   1.7237900e+06   1.9287109e+01
   1.7364320e+06   1.9165039e+01
   1.7364570e+06   1.9409180e+01
   1.7364980e+06   2.0446777e+01
   1.7365590e+06   2.3071289e+01
   1.7365940e+06   2.4536133e+01
   1.7366150e+06   2.2705078e+01
   1.7366310e+06   1.9470215e+01
   1.7366980e+06   1.9226074e+01
   1.7367180e+06   2.3315430e+01
   1.7367460e+06   1.9958496e+01
   1.7367760e+06   2.0080566e+01
   1.7370700e+06   2.2216797e+01
   1.7371390e+06   1.9104004e+01
   1.7371870e+06   1.8920898e+01
   1.7378300e+06   2.0446777e+01
   1.7380870e+06   1.8859863e+01
   1.7963710e+06   2.5695801e+01
   1.7964290e+06   1.8859863e+01
   1.7964520e+06   2.5939941e+01
   1.7964720e+06   2.2949219e+01
   1.7965020e+06   2.4230957e+01
   1.7965180e+06   2.5085449e+01
   1.7965660e+06   3.0761719e+01
   1.7965920e+06   2.1972656e+01
   1.7966410e+06   2.3620605e+01
   1.7966660e+06   2.2888184e+01
   1.7966800e+06   2.1606445e+01
   1.7967090e+06   2.0751953e+01
   1.7967720e+06   2.1118164e+01
   1.7969100e+06   1.8981934e+01
   1.7971060e+06   1.9531250e+01
   1.7972480e+06   2.0568848e+01
   1.7975720e+06   2.0935059e+01
   1.7977830e+06   1.8981934e+01
   1.7980240e+06   1.8981934e+01
   1.7981640e+06   2.2338867e+01
   1.8307960e+06   2.3376465e+01
   1.8308080e+06   2.5573730e+01
   1.8308280e+06   2.0751953e+01
   1.8308590e+06   3.8452148e+01
   1.8308920e+06   2.3620605e+01
   1.8309120e+06   2.3193359e+01
   1.8309580e+06   2.0751953e+01
   1.8309710e+06   2.3681641e+01
   1.8310430e+06   2.4475098e+01
   1.8310800e+06   2.1057129e+01
   1.8311010e+06   2.1545410e+01
   1.8311810e+06   2.0141602e+01
   1.8312410e+06   2.0507812e+01
   1.8313750e+06   2.0629883e+01
   1.8316060e+06   1.8981934e+01
   1.8334510e+06   2.2094727e+01
   1.8463770e+06   2.0751953e+01
   1.8464470e+06   2.5451660e+01
   1.8464900e+06   3.0944824e+01
   1.8465100e+06   3.2592773e+01
   1.8465350e+06   1.9287109e+01
   1.8465620e+06   1.9775391e+01
   1.8466020e+06   2.1179199e+01
   1.8466270e+06   2.3437500e+01
   1.8467290e+06   2.1179199e+01
   1.8468610e+06   2.1423340e+01
   1.8468960e+06   2.0141602e+01
   1.8472080e+06   2.0080566e+01
   1.8473060e+06   1.9470215e+01
   1.8480180e+06   1.9165039e+01
   1.8483750e+06   2.2216797e+01
   1.8576160e+06   1.9470215e+01
   1.8585060e+06   2.3132324e+01
   1.8585450e+06   2.6794434e+01
   1.8585560e+06   2.1362305e+01
   1.8585810e+06   2.1850586e+01
   1.8586450e+06   2.0507812e+01
   1.8586970e+06   1.9348145e+01
   1.8588200e+06   2.3437500e+01
   1.8588740e+06   2.0629883e+01
   1.8693610e+06   2.0202637e+01
   1.8694020e+06   2.2521973e+01
   1.8694330e+06   2.8991699e+01
   1.8694870e+06   2.3498535e+01
   1.8695090e+06   2.3864746e+01
   1.8695330e+06   2.5085449e+01
   1.8695680e+06   2.5085449e+01
   1.8696020e+06   2.1240234e+01
   1.8697180e+06   1.9409180e+01
   1.8697520e+06   2.1850586e+01
   1.8697810e+06   1.9165039e+01
   1.8708300e+06   2.0324707e+01
   1.8787720e+06   2.2094727e+01
   1.8788350e+06   2.0568848e+01
   1.8788700e+06   2.1301270e+01
   1.8789170e+06   2.8320312e+01
   1.8789380e+06   2.3925781e+01
   1.8790150e+06   1.9165039e+01
   1.8790620e+06   2.0874023e+01
   1.8790900e+06   2.0935059e+01
   1.8791080e+06   2.4719238e+01
   1.8791990e+06   2.2888184e+01
   1.8792450e+06   1.9836426e+01
   1.8792920e+06   2.0996094e+01
   2.3990840e+06   2.4108887e+01
   2.3991590e+06   1.9104004e+01
   2.3991810e+06   2.2338867e+01
   2.3992220e+06   2.6306152e+01
   2.3992700e+06   1.9470215e+01
   2.3993570e+06   2.7770996e+01
   2.3993760e+06   2.9113770e+01
   2.3993960e+06   2.0202637e+01
   2.3994250e+06   2.4169922e+01
   2.3994850e+06   2.6550293e+01
   2.3995740e+06   2.1789551e+01
   2.3995980e+06   2.2827148e+01
   2.3996110e+06   2.2460938e+01
   2.3996330e+06   2.3132324e+01
   2.3997050e+06   2.4230957e+01
   2.3997310e+06   2.2277832e+01
   2.3997640e+06   2.1362305e+01
   2.4002940e+06   2.1301270e+01
   2.5323140e+06   1.9592285e+01
   2.5323970e+06   2.6123047e+01
   2.5324440e+06   2.0751953e+01
   2.5324660e+06   2.1484375e+01
   2.5324860e+06   2.0324707e+01
   2.5325260e+06   2.4230957e+01
   2.5325730e+06   2.8137207e+01
   2.5326140e+06   2.3620605e+01
   2.5326370e+06   2.4841309e+01
   2.5326650e+06   2.0263672e+01
   2.5326950e+06   2.3010254e+01
   2.5327180e+06   1.9592285e+01
   2.5327440e+06   1.9104004e+01
   2.5327970e+06   1.9165039e+01
   2.5328260e+06   2.0446777e+01
   2.5328510e+06   2.0568848e+01
   2.5328690e+06   2.0690918e+01
   2.5328960e+06   1.9531250e+01
   2.5336550e+06   1.9653320e+01
   2.5339190e+06   2.0019531e+01
   2.7617410e+06   3.0212402e+01
   2.7617600e+06   1.9470215e+01
   2.7617950e+06   2.2521973e+01
   2.7618530e+06   2.6245117e+01
   2.7619140e+06   2.0385742e+01
   2.7619390e+06   2.3254395e+01
   2.7619740e+06   2.0996094e+01
   2.7619990e+06   2.9724121e+01
   2.7620730e+06   2.2888184e+01
   2.7622250e+06   1.9165039e+01
   2.7622430e+06   2.2033691e+01
   2.7631080e+06   2.0629883e+01
   2.7632470e+06   2.2155762e+01
   2.9717810e+06   2.3986816e+01
   2.9718720e+06   2.0263672e+01
   2.9718980e+06   1.9226074e+01
   2.9719400e+06   2.0568848e+01
   2.9719650e+06   2.0629883e+01
   2.9719840e+06   2.4169922e+01
   2.9720590e+06   2.5695801e+01
   2.9720750e+06   2.4291992e+01
   2.9721870e+06   2.0507812e+01
   2.9722070e+06   2.3742676e+01
   2.9722670e+06   2.0629883e+01
   2.9726760e+06   1.9287109e+01
   2.9727510e+06   1.9409180e+01
   2.9728290e+06   2.0080566e+01
   2.9731540e+06   1.9042969e+01
   2.9732960e+06   2.1667480e+01
   3.0545570e+06   2.3315430e+01
   3.0548780e+06   3.1616211e+01
   3.0549050e+06   1.9958496e+01
   3.0549240e+06   2.1667480e+01
   3.0549890e+06   2.1911621e+01
   3.0550080e+06   2.2766113e+01
   3.0550530e+06   1.9775391e+01
   3.0550750e+06   2.6184082e+01
   3.0550940e+06   2.1850586e+01
   3.0551240e+06   2.8808594e+01
   3.0551350e+06   2.2583008e+01
   3.0551740e+06   1.9653320e+01
   3.0552280e+06   1.9104004e+01
   3.0553420e+06   2.5085449e+01
   3.0561010e+06   1.9836426e+01
   3.0564210e+06   2.1179199e+01
   3.0565020e+06   2.2460938e+01
   3.1563750e+06   2.5756836e+01
   3.1564710e+06   2.0019531e+01
   3.1565440e+06   2.1728516e+01
   3.1565940e+06   2.1301270e+01
   3.1566120e+06   2.3681641e+01
   3.1566540e+06   2.0263672e+01
   3.1566700e+06   2.0629883e+01
   3.1566960e+06   2.3010254e+01
   3.1567160e+06   2.2827148e+01
   3.1568670e+06   2.2277832e+01
   3.1569080e+06   1.8859863e+01
   3.1569250e+06   2.0446777e+01
   3.1569550e+06   1.9592285e+01
   3.1569790e+06   1.9592285e+01
   3.1569920e+06   2.9296875e+01
   3.1570530e+06   1.8859863e+01
   3.1574120e+06   2.0507812e+01
   3.1584710e+06   1.8920898e+01
   3.1810150e+06   1.9165039e+01
   3.1810810e+06   2.6733398e+01
   3.1811820e+06   2.2460938e+01
   3.1812060e+06   2.0019531e+01
   3.1812560e+06   2.4047852e+01
   3.1812670e+06   2.2827148e+01
   3.1813450e+06   2.2827148e+01
   3.1814090e+06   2.6611328e+01
   3.1815240e+06   1.8859863e+01
   3.1815460e+06   2.0812988e+01
   3.1816820e+06   2.3132324e+01
   3.1817270e+06   2.2033691e+01
   3.1826190e+06   2.1423340e+01
   3.1838430e+06   2.0141602e+01
   3.1918440e+06   2.9296875e+01
   3.1918650e+06   1.9348145e+01
   3.1918980e+06   1.9592285e+01
   3.1919300e+06   4.4799805e+01
   3.1919850e+06   2.4047852e+01
   3.1920230e+06   2.0202637e+01
   3.1920390e+06   3.4423828e+01
   3.1921920e+06   2.4169922e+01
   3.1923580e+06   2.1362305e+01
   3.1925630e+06   1.9958496e+01
   3.1927160e+06   2.5207520e+01
   3.2013780e+06   2.5085449e+01
   3.2014440e+06   3.3386230e+01
   3.2015010e+06   4.3273926e+01
   3.2015560e+06   2.1911621e+01
   3.2015790e+06   1.9348145e+01
   3.2015890e+06   1.9287109e+01
   3.2016550e+06   2.3620605e+01
   3.2017230e+06   2.1911621e+01
   3.2018800e+06   1.9165039e+01
   3.2021650e+06   2.0446777e+01
   3.2022300e+06   2.0385742e+01
   3.2023970e+06   1.9897461e+01
   3.2038160e+06   1.9104004e+01
   3.2093090e+06   2.2888184e+01
   3.2093550e+06   1.9775391e+01
   3.2094360e+06   2.2155762e+01
   3.2094610e+06   2.1301270e+01
   3.2094720e+06   1.9165039e+01
   3.2095330e+06   1.9836426e+01
   3.2095780e+06   2.0385742e+01
   3.2096050e+06   2.0019531e+01
   3.2096840e+06   2.2521973e+01
   3.2097150e+06   2.3376465e+01
   3.2097400e+06   2.1362305e+01
   3.2097510e+06   1.9897461e+01
   3.2097870e+06   2.1545410e+01
   3.2098580e+06   2.5573730e+01
   3.2098970e+06   1.9470215e+01
   3.2099680e+06   2.2521973e+01
   3.2195100e+06   2.8015137e+01
   3.2195210e+06   2.7587891e+01
   3.2195830e+06   3.5888672e+01
   3.2196130e+06   2.2094727e+01
   3.2196540e+06   1.9348145e+01
   3.2197070e+06   1.9287109e+01
   3.2197270e+06   2.3132324e+01
   3.2197800e+06   2.6855469e+01
   3.2198750e+06   2.0263672e+01
   3.2199790e+06   2.0263672e+01
   3.2291890e+06   2.0263672e+01
   3.2292840e+06   2.7465820e+01
   3.2293140e+06   2.1545410e+01
   3.2293660e+06   1.9653320e+01
   3.2294240e+06   1.9531250e+01
   3.2294430e+06   2.6733398e+01
   3.2294560e+06   2.8686523e+01
   3.2294910e+06   2.0812988e+01
   3.2295830e+06   2.7954102e+01
   3.2296550e+06   2.2399902e+01
   3.2297220e+06   1.9653320e+01
   3.2298110e+06   2.0202637e+01
   3.2298640e+06   2.2094727e+01
   3.2469610e+06   2.2277832e+01
   3.2470250e+06   2.2277832e+01
   3.2470490e+06   2.5146484e+01
   3.2470610e+06   2.9602051e+01
   3.2471240e+06   2.4414062e+01
   3.2471520e+06   2.3803711e+01
   3.2471770e+06   1.9897461e+01
   3.2472400e+06   2.2094727e+01
   3.2472590e+06   2.0690918e+01
   3.2472870e+06   3.1921387e+01
   3.2473110e+06   2.0385742e+01
   3.2473590e+06   2.1911621e+01
   3.2476380e+06   2.0446777e+01
   3.4856540e+06   2.5878906e+01
   3.4857540e+06   2.3620605e+01
   3.4858430e+06   2.1179199e+01
   3.4858860e+06   2.5268555e+01
   3.4860160e+06   2.1484375e+01
   3.4860290e+06   2.5512695e+01
   3.4860590e+06   2.1301270e+01
   3.4862050e+06   2.0446777e+01
   3.4862830e+06   1.8859863e+01
   3.4871310e+06   2.1362305e+01
   3.8469350e+06   2.2583008e+01
   3.8469880e+06   2.7221680e+01
   3.8469990e+06   2.0629883e+01
   3.8470380e+06   2.0568848e+01
   3.8470870e+06   2.7160645e+01
   3.8471040e+06   2.6245117e+01
   3.8471500e+06   2.9174805e+01
   3.8471650e+06   2.4536133e+01
   3.8471970e+06   2.3193359e+01
   3.8472140e+06   2.6550293e+01
   3.8472580e+06   1.9165039e+01
   3.8473320e+06   2.4475098e+01
   3.8473450e+06   2.4475098e+01
   3.8473610e+06   2.2949219e+01
   3.8474050e+06   2.0568848e+01
   3.8474180e+06   2.1789551e+01
   4.0589370e+06   2.4108887e+01
   4.0590320e+06   2.6794434e+01
   4.0590570e+06   1.9409180e+01
   4.0591790e+06   1.9348145e+01
   4.0592000e+06   2.2521973e+01
   4.0592350e+06   2.1484375e+01
   4.0592470e+06   1.9958496e+01
   4.0592910e+06   1.9165039e+01
   4.0600820e+06   1.9226074e+01
   4.0603110e+06   2.6123047e+01
   4.0604950e+06   1.9470215e+01
   4.0846330e+06   1.9531250e+01
   4.0846760e+06   2.5939941e+01
   4.0847010e+06   3.6132812e+01
   4.0847390e+06   3.1127930e+01
   4.0847670e+06   1.9958496e+01
   4.0848420e+06   3.0517578e+01
   4.0848760e+06   2.5390625e+01
   4.0849200e+06   1.9531250e+01
   4.0851640e+06   1.9470215e+01
   4.0861790e+06   1.9531250e+01
   4.1060040e+06   2.2460937e+01
   4.1060490e+06   1.9714355e+01
   4.1060700e+06   2.1179199e+01
   4.1060850e+06   3.3996582e+01
   4.1061120e+06   2.7099609e+01
   4.1061450e+06   2.6000977e+01
   4.1061720e+06   2.4902344e+01
   4.1061870e+06   2.0202637e+01
   4.1062170e+06   1.8920898e+01
   4.1063120e+06   2.2094727e+01
   4.1063560e+06   2.0751953e+01
   4.1063790e+06   2.3437500e+01
   4.1065340e+06   1.9836426e+01
   4.1066320e+06   2.1057129e+01
   4.1067330e+06   1.9714355e+01
   4.1069170e+06   1.9226074e+01
   4.1069450e+06   1.9836426e+01
   4.1073710e+06   1.9592285e+01
   4.1172780e+06   2.0080566e+01
   4.1174290e+06   2.4658203e+01
   4.1174940e+06   2.1423340e+01
   4.1175110e+06   2.1179199e+01
   4.1175350e+06   2.1179199e+01
   4.1175830e+06   1.9042969e+01
   4.1176310e+06   2.1423340e+01
   4.1176780e+06   2.1850586e+01
   4.1176910e+06   2.2338867e+01
   4.1177060e+06   3.1311035e+01
   4.1177320e+06   2.3132324e+01
   4.1177690e+06   2.7221680e+01
   4.1178020e+06   2.2460938e+01
   4.1178170e+06   2.6916504e+01
   4.1178490e+06   2.6184082e+01
   4.1178610e+06   2.2766113e+01
   4.1266940e+06   1.9104004e+01
   4.1267080e+06   1.9653320e+01
   4.1267760e+06   2.0996094e+01
   4.1269070e+06   1.9836426e+01
   4.1269370e+06   1.9592285e+01
   4.1270270e+06   2.7160645e+01
   4.1270480e+06   2.3742676e+01
   4.1271320e+06   2.2705078e+01
   4.1271640e+06   2.8564453e+01
   4.1272110e+06   1.9653320e+01
   4.1272240e+06   2.8503418e+01
   4.1272500e+06   2.8320312e+01
   4.1272920e+06   2.0507812e+01
   4.1273380e+06   2.4597168e+01
   4.1273810e+06   1.9714355e+01
   4.1283950e+06   1.9958496e+01
   4.1383920e+06   2.1789551e+01
   4.1384570e+06   2.0141602e+01
   4.1384810e+06   2.0080566e+01
   4.1385080e+06   1.9226074e+01
   4.1385480e+06   2.1667480e+01
   4.1385930e+06   3.2043457e+01
   4.1386080e+06   2.3925781e+01
   4.1386600e+06   3.0029297e+01
   4.1387180e+06   2.1972656e+01
   4.1387800e+06   2.1911621e+01
   4.1391440e+06   2.5451660e+01
   4.1392150e+06   2.3010254e+01
   4.1465750e+06   1.9714355e+01
   4.1467500e+06   1.9348145e+01
   4.1469860e+06   2.4780273e+01
   4.1470600e+06   2.2277832e+01
   4.1471090e+06   2.1240234e+01
   4.1471520e+06   2.5634766e+01
   4.1471860e+06   2.3193359e+01
   4.1472780e+06   1.9042969e+01
   4.1552080e+06   2.8503418e+01
   4.1553050e+06   2.6000977e+01
   4.1553290e+06   2.3925781e+01
   4.1553630e+06   1.9409180e+01
   4.1553930e+06   2.1728516e+01
   4.1554050e+06   1.9897461e+01
   4.1554700e+06   1.8981934e+01
   4.1554990e+06   2.0690918e+01
   4.1555670e+06   2.6062012e+01
   4.1556040e+06   2.1972656e+01
   4.1556770e+06   2.0080566e+01
   4.1557040e+06   2.2155762e+01
   4.1558430e+06   2.0202637e+01
   4.1688700e+06   1.9165039e+01
   4.6613290e+06   2.7832031e+01
   4.6613540e+06   1.9836426e+01
   4.6613670e+06   2.2583008e+01
   4.6614090e+06   3.0334473e+01
   4.6614410e+06   3.4790039e+01
   4.6614960e+06   2.2644043e+01
   4.6615140e+06   2.1850586e+01
   4.6616590e+06   1.9226074e+01
   4.6616930e+06   2.0568848e+01
   4.6617040e+06   2.2644043e+01
   4.6617560e+06   2.2460938e+01
   4.6621670e+06   2.0751953e+01
   4.6622280e+06   2.0019531e+01
   4.6625150e+06   2.4353027e+01
   4.8743900e+06   2.2277832e+01
   4.8744040e+06   2.5634766e+01
   4.8744440e+06   2.2460938e+01
   4.8744850e+06   3.2348633e+01
   4.8745010e+06   2.1789551e+01
   4.8745590e+06   2.1240234e+01
   4.8746070e+06   2.6000977e+01
   4.8746440e+06   1.9470215e+01
   4.8746580e+06   1.9958496e+01
   4.8747240e+06   1.9531250e+01
   4.8747450e+06   2.2766113e+01
   4.8748420e+06   2.5451660e+01
   4.8749390e+06   1.9409180e+01
   4.8753440e+06   2.2033691e+01
   4.9940600e+06   2.7343750e+01
   4.9940820e+06   1.9897461e+01
   4.9941170e+06   3.1494141e+01
   4.9941690e+06   2.4169922e+01
   4.9941860e+06   3.4057617e+01
   4.9942260e+06   3.9550781e+01
   4.9942950e+06   2.2888184e+01
   4.9943260e+06   1.8920898e+01
   4.9943490e+06   2.0263672e+01
   4.9943740e+06   2.2521973e+01
   4.9943960e+06   1.8920898e+01
   4.9944260e+06   2.3132324e+01
   4.9948080e+06   2.1301270e+01
   4.9949290e+06   2.2949219e+01
   4.9951360e+06   2.0141602e+01
   4.9952410e+06   2.3498535e+01
   4.9953130e+06   2.1179199e+01
   4.9962150e+06   1.9531250e+01
   5.3230810e+06   1.9348145e+01
   5.3231120e+06   2.5146484e+01
   5.3231350e+06   1.9714355e+01
   5.3231670e+06   2.8625488e+01
   5.3231960e+06   3.0395508e+01
   5.3232150e+06   2.3132324e+01
   5.3232690e+06   2.3559570e+01
   5.3232830e+06   1.9592285e+01
   5.3233860e+06   2.0629883e+01
   5.3234940e+06   2.1179199e+01
   5.3235390e+06   2.0507813e+01
   5.3236610e+06   2.2094727e+01
   5.3238910e+06   2.1118164e+01
   5.3239800e+06   2.3010254e+01
   5.3241890e+06   2.1301270e+01
   5.5040900e+06   1.9470215e+01
   5.5041140e+06   2.4658203e+01
   5.5041250e+06   2.6000977e+01
   5.5041550e+06   2.3620605e+01
   5.5041780e+06   2.2216797e+01
   5.5042180e+06   2.0935059e+01
   5.5042370e+06   1.8859863e+01
   5.5042880e+06   2.0202637e+01
   5.5043220e+06   2.1423340e+01
   5.5043390e+06   2.2277832e+01
   5.5044630e+06   2.3620605e+01
   5.5048920e+06   2.3803711e+01
   5.5050360e+06   1.9470215e+01
   5.5053830e+06   1.9226074e+01
   5.5055160e+06   2.1789551e+01
   5.5056790e+06   1.8981934e+01
   5.5060970e+06   2.0080566e+01
   5.5195450e+06   2.2338867e+01
   5.5196400e+06   2.1728516e+01
   5.5197030e+06   2.0080566e+01
   5.5198270e+06   2.2033691e+01
   5.5198760e+06   3.1005859e+01
   5.5199270e+06   2.2949219e+01
   5.5199500e+06   2.2277832e+01
   5.5199660e+06   2.5146484e+01
   5.5201180e+06   2.1423340e+01
   5.5201490e+06   2.0141602e+01
   5.5201630e+06   2.3620605e+01
   5.5202220e+06   1.9470215e+01
   5.5202330e+06   2.4719238e+01
   5.5208500e+06   1.9775391e+01
   5.5372760e+06   1.9775391e+01
   5.5372900e+06   1.9531250e+01
   5.5373730e+06   1.9104004e+01
   5.5373870e+06   2.0385742e+01
   5.5374050e+06   2.8198242e+01
   5.5374310e+06   3.3386230e+01
   5.5374820e+06   2.8442383e+01
   5.5375410e+06   2.1728516e+01
   5.5375630e+06   2.1301270e+01
   5.5376390e+06   2.2399902e+01
   5.5382480e+06   2.0080566e+01
   5.5382740e+06   2.0507812e+01
   5.5383440e+06   2.3620605e+01
   5.5389000e+06   1.9104004e+01
   5.5391640e+06   2.2766113e+01
   5.5394980e+06   1.9287109e+01
   5.5468920e+06   2.0202637e+01
   5.5470970e+06   2.1057129e+01
   5.5482840e+06   2.1911621e+01
   5.5482990e+06   2.7282715e+01
   5.5483500e+06   2.3010254e+01
   5.5483870e+06   2.2216797e+01
   5.5484270e+06   2.1301270e+01
   5.5484510e+06   1.9531250e+01
   5.5485210e+06   2.3742676e+01
   5.5488600e+06   2.0263672e+01
   5.5568270e+06   2.3437500e+01
   5.5568570e+06   2.0080566e+01
   5.5569100e+06   2.3193359e+01
   5.5569290e+06   2.8625488e+01
   5.5569710e+06   3.3874512e+01
   5.5569970e+06   2.3132324e+01
   5.5570370e+06   3.2165527e+01
   5.5571260e+06   2.0629883e+01
   5.5573060e+06   1.8859863e+01
   5.5573980e+06   2.0141602e+01
   5.5607170e+06   1.8920898e+01
   5.5633130e+06   2.6611328e+01
   5.5664660e+06   2.3437500e+01
   5.5665040e+06   2.2949219e+01
   5.5665600e+06   2.2216797e+01
   5.5665950e+06   2.7099609e+01
   5.5666240e+06   3.1921387e+01
   5.5666580e+06   2.7893066e+01
   5.5666930e+06   2.6977539e+01
   5.5667090e+06   2.0690918e+01
   5.5667430e+06   1.9348145e+01
   5.5668370e+06   2.1057129e+01
   5.5670800e+06   2.0568848e+01
   5.5764480e+06   2.0141602e+01
   5.5765270e+06   1.9042969e+01
   5.5768870e+06   2.5451660e+01
   5.5769880e+06   1.9775391e+01
   5.5770180e+06   2.5207520e+01
   5.5770310e+06   2.0263672e+01
   5.5771140e+06   2.0874023e+01
   5.5771450e+06   2.1179199e+01
   5.5771920e+06   1.9592285e+01
   5.5772050e+06   1.9470215e+01
   5.5773990e+06   2.0751953e+01
   5.5826260e+06   2.0019531e+01
   5.5857350e+06   2.3864746e+01
   5.5859180e+06   2.3376465e+01
   5.5860900e+06   2.0080566e+01
   5.5861310e+06   2.2094727e+01
   5.5862140e+06   1.8859863e+01
   5.5862810e+06   2.0385742e+01
   5.5862950e+06   1.9104004e+01
   5.5865250e+06   2.0751953e+01
   5.8528260e+06   2.0507812e+01
   5.8528510e+06   2.1789551e+01
   5.8529750e+06   2.2277832e+01
   5.8530790e+06   2.0385742e+01
   5.8531030e+06   2.6916504e+01
   5.8531200e+06   1.9226074e+01
   5.8531330e+06   1.9470215e+01
   5.8531820e+06   2.2338867e+01
   5.8532300e+06   1.9592285e+01
   5.8532500e+06   2.1911621e+01
   5.8532700e+06   2.2277832e+01
   5.8532890e+06   2.0812988e+01
   5.8533290e+06   1.9287109e+01
   5.8533990e+06   2.1057129e+01
   5.8534300e+06   2.0507812e+01
   5.8537350e+06   2.0507812e+01
   5.8540340e+06   1.9348145e+01
   5.8541120e+06   1.9104004e+01
   5.9192580e+06   2.1911621e+01
   5.9195830e+06   1.8859863e+01
   5.9197090e+06   1.9714355e+01
   5.9197550e+06   2.0507812e+01
   5.9198200e+06   2.7893066e+01
   5.9198360e+06   2.1423340e+01
   5.9198620e+06   2.4353027e+01
   5.9198980e+06   2.0446777e+01
   5.9199730e+06   1.9531250e+01
   5.9200200e+06   2.2399902e+01
   5.9200570e+06   2.0324707e+01
   5.9200710e+06   1.9348145e+01
   5.9201090e+06   2.0080566e+01
   5.9206770e+06   2.1179199e+01
   5.9208300e+06   1.9653320e+01
   5.9209590e+06   1.9409180e+01
