   5.9990000e+06   0.0000000e+00
   9.7010000e+03   1.9714355e+01
   9.7860000e+03   2.1301270e+01
   9.9450000e+03   1.8859863e+01
   1.0025000e+04   2.1911621e+01
   1.0037000e+04   2.6611328e+01
   1.0070000e+04   1.9104004e+01
   1.0093000e+04   1.9775391e+01
   1.0117000e+04   2.6855469e+01
   1.0147000e+04   3.0029297e+01
   1.0163000e+04   2.4047852e+01
   1.0182000e+04   2.1179199e+01
   1.0197000e+04   2.2338867e+01
   1.0217000e+04   3.3325195e+01
   1.0232000e+04   2.8381348e+01
   1.0251000e+04   1.9409180e+01
   1.0308000e+04   2.1423340e+01
   1.0318000e+04   2.0507813e+01
   1.0439000e+04   2.0874023e+01
   1.0572000e+04   2.1423340e+01
   1.0600000e+04   2.0812988e+01
   1.0703000e+04   1.9592285e+01
   1.0725000e+04   2.1606445e+01
   1.0802000e+04   1.9531250e+01
   1.0821000e+04   1.9348145e+01
   1.0904000e+04   2.0996094e+01
   1.0955000e+04   2.5268555e+01
   1.1084000e+04   2.2338867e+01
   1.1146000e+04   1.9165039e+01
   1.1275000e+04   2.2155762e+01
   1.1344000e+04   2.8991699e+01
   1.1458000e+04   1.8615723e+01
   1.1514000e+04   2.3254395e+01
   1.1768000e+04   1.9165039e+01
   1.1844000e+04   2.3071289e+01
   1.1891000e+04   2.0141602e+01
   1.1959000e+04   2.8076172e+01
   1.1980000e+04   1.9836426e+01
   1.2038000e+04   2.0568848e+01
   1.2119000e+04   2.1484375e+01
   1.2247000e+04   2.5390625e+01
   1.2388000e+04   2.0629883e+01
   1.2417000e+04   2.0751953e+01
   1.2485000e+04   2.2460938e+01
   1.2630000e+04   2.0874023e+01
   1.3200000e+04   1.9531250e+01
   1.3214000e+04   2.3620605e+01
   1.3451000e+04   2.0812988e+01
   1.4198000e+04   1.8920898e+01
   1.5891000e+04   2.2827148e+01
   1.3097200e+05   2.4230957e+01
   1.3107900e+05   2.4047852e+01
   1.3116400e+05   2.0812988e+01
   1.3120400e+05   2.4780273e+01
   1.3121900e+05   3.5827637e+01
   1.3125600e+05   2.5634766e+01
   1.3126900e+05   2.6733398e+01
   1.3130700e+05   2.3986816e+01
   1.3134000e+05   2.6245117e+01
   1.3136900e+05   2.3925781e+01
   1.3138000e+05   2.8625488e+01
   1.3139500e+05   1.9592285e+01
   1.3142700e+05   1.9958496e+01
   1.3145100e+05   2.1850586e+01
   1.3147000e+05   2.0690918e+01
   1.3148400e+05   2.0385742e+01
   1.3152300e+05   2.0812988e+01
   1.3154400e+05   2.1667480e+01
   1.3156900e+05   2.6977539e+01
   1.3161000e+05   2.1911621e+01
   1.3163500e+05   2.1240234e+01
   1.3166000e+05   2.0751953e+01
   1.3191600e+05   1.8859863e+01
   1.3194000e+05   2.2094727e+01
   1.3208900e+05   1.9775391e+01
   1.3222800e+05   1.9958496e+01
   1.3225700e+05   2.0507812e+01
   1.3227900e+05   1.9104004e+01
   1.3239000e+05   1.9897461e+01
   1.3246900e+05   1.9287109e+01
   1.3248600e+05   2.0568848e+01
   1.3253500e+05   2.1362305e+01
   1.3262700e+05   2.0019531e+01
   1.3271100e+05   2.1484375e+01
   1.3273300e+05   2.1911621e+01
   1.3282700e+05   1.8981934e+01
   1.3289400e+05   2.0019531e+01
   1.3301700e+05   2.1057129e+01
   1.3310200e+05   1.8615723e+01
   1.3319900e+05   2.2094727e+01
   1.3327600e+05   2.1789551e+01
   1.3332400e+05   1.9958496e+01
   1.3337600e+05   2.0202637e+01
   1.3344600e+05   1.8676758e+01
   1.3414400e+05   2.2521973e+01
   1.3424300e+05   1.9470215e+01
   1.3450800e+05   2.1606445e+01
   1.7536700e+05   1.9348145e+01
   1.7540800e+05   2.0507812e+01
   1.7544600e+05   2.2155762e+01
   1.7546100e+05   1.9775391e+01
   1.7563100e+05   2.3315430e+01
   1.7564400e+05   1.8981934e+01
   1.7566000e+05   2.6794434e+01
   1.7569300e+05   5.6396484e+01
   1.7570600e+05   4.3334961e+01
   1.7573600e+05   2.3315430e+01
   1.7574600e+05   2.6428223e+01
   1.7576700e+05   2.1667480e+01
   1.7579600e+05   2.2155762e+01
   1.7582800e+05   2.5756836e+01
   1.7584100e+05   1.9775391e+01
   1.7588100e+05   1.8615723e+01
   1.7590100e+05   2.4841309e+01
   1.7592700e+05   2.4230957e+01
   1.7593900e+05   2.3071289e+01
   1.7598300e+05   2.0263672e+01
   1.7602700e+05   2.3071289e+01
   1.7610100e+05   1.9958496e+01
   1.7615100e+05   2.1362305e+01
   1.7617900e+05   1.9042969e+01
   1.7631800e+05   1.8859863e+01
   1.7639300e+05   2.0080566e+01
   1.7664900e+05   1.9958496e+01
   1.7667300e+05   1.9714355e+01
   1.7672400e+05   2.0385742e+01
   1.7677200e+05   2.2827148e+01
   1.7680500e+05   1.8676758e+01
   1.7685400e+05   2.5939941e+01
   1.7686500e+05   2.1545410e+01
   1.7698600e+05   2.1423340e+01
   1.7704700e+05   2.0324707e+01
   1.7707600e+05   2.0141602e+01
   1.7716800e+05   2.1728516e+01
   1.7722500e+05   2.1057129e+01
   1.7725000e+05   2.1789551e+01
   1.7733500e+05   2.7587891e+01
   1.7739700e+05   2.5268555e+01
   1.7746700e+05   2.0935059e+01
   1.7762100e+05   2.4597168e+01
   1.7776300e+05   2.2705078e+01
   1.7816000e+05   2.2583008e+01
   1.7830700e+05   2.0629883e+01
   1.7836500e+05   1.9958496e+01
   1.8309500e+05   1.9897461e+01
   4.4832200e+05   2.3071289e+01
   4.4836900e+05   1.9226074e+01
   4.4840300e+05   2.0019531e+01
   4.4842900e+05   2.3559570e+01
   4.4844900e+05   3.9123535e+01
   4.4847200e+05   2.3376465e+01
   4.4848300e+05   3.1188965e+01
   4.4853000e+05   1.8615723e+01
   4.4854700e+05   3.1372070e+01
   4.4857400e+05   2.3010254e+01
   4.4858900e+05   2.1179199e+01
   4.4862800e+05   2.5756836e+01
   4.4864700e+05   2.0202637e+01
   4.4867600e+05   2.3803711e+01
   4.4874300e+05   1.8737793e+01
   4.4876700e+05   2.1179199e+01
   4.4879500e+05   1.9165039e+01
   4.4881500e+05   2.0446777e+01
   4.4885000e+05   1.9165039e+01
   4.4889300e+05   2.2277832e+01
   4.4901500e+05   1.9104004e+01
   4.4907200e+05   2.2155762e+01
   4.4909600e+05   2.3986816e+01
   4.4914800e+05   1.8737793e+01
   4.4917600e+05   1.8920898e+01
   4.4921300e+05   1.8859863e+01
   4.4930500e+05   1.9836426e+01
   4.4935200e+05   2.4597168e+01
   4.4942700e+05   1.8859863e+01
   4.4949600e+05   1.8859863e+01
   4.4951900e+05   2.0935059e+01
   4.4958400e+05   2.1240234e+01
   4.4965100e+05   1.9897461e+01
   4.4967500e+05   2.2827148e+01
   4.4968800e+05   2.1362305e+01
   4.4975100e+05   1.9470215e+01
   4.4988200e+05   2.1240234e+01
   4.5004700e+05   2.1606445e+01
   4.5010700e+05   2.2949219e+01
   4.5016000e+05   2.4353027e+01
   4.5017700e+05   2.4230957e+01
   4.5025300e+05   2.7526855e+01
   4.5030400e+05   2.0690918e+01
   4.5040100e+05   2.4047852e+01
   4.5059600e+05   2.2155762e+01
   4.5068100e+05   1.8859863e+01
   4.5080400e+05   2.2338867e+01
   4.5086900e+05   2.2155762e+01
   4.5096600e+05   3.5766602e+01
   4.5109400e+05   2.6367188e+01
   4.5119800e+05   1.9165039e+01
   4.5128500e+05   2.0080566e+01
   4.5137200e+05   2.1362305e+01
   4.5177200e+05   1.9775391e+01
   4.5180700e+05   2.5451660e+01
   4.5199000e+05   2.3254395e+01
   6.1089300e+05   2.1484375e+01
   6.1092800e+05   2.1728516e+01
   6.1095400e+05   3.0700684e+01
   6.1097200e+05   2.2460938e+01
   6.1099500e+05   2.2888184e+01
   6.1100600e+05   2.4658203e+01
   6.1105100e+05   2.1484375e+01
   6.1108300e+05   2.2705078e+01
   6.1110600e+05   1.9836426e+01
   6.1113600e+05   2.8625488e+01
   6.1116200e+05   3.2653809e+01
   6.1125000e+05   1.9287109e+01
   6.1132900e+05   2.2033691e+01
   6.1137400e+05   1.9775391e+01
   6.1139700e+05   2.1118164e+01
   6.1157500e+05   1.9165039e+01
   6.1160000e+05   2.2277832e+01
   6.1162900e+05   1.9958496e+01
   6.1170800e+05   1.9470215e+01
   6.1185700e+05   1.8798828e+01
   6.1201500e+05   1.9897461e+01
   6.1211700e+05   2.0507812e+01
   6.1214200e+05   1.8859863e+01
   6.1220400e+05   1.8859863e+01
   6.1223900e+05   1.9226074e+01
   6.1228800e+05   1.9531250e+01
   6.1231100e+05   2.1911621e+01
   6.1234800e+05   1.9836426e+01
   6.1257200e+05   1.8737793e+01
   6.1261500e+05   2.0874023e+01
   6.1272600e+05   2.2277832e+01
   6.1300100e+05   2.1728516e+01
   6.1307800e+05   2.1301270e+01
   6.1316300e+05   2.1728516e+01
   6.1327100e+05   2.3498535e+01
   6.1339600e+05   2.1545410e+01
   6.1349200e+05   2.0202637e+01
   6.1357900e+05   1.9592285e+01
   6.1367000e+05   1.8676758e+01
   6.1370300e+05   2.1423340e+01
   6.1424300e+05   1.9714355e+01
   6.1779200e+05   1.9531250e+01
   7.4772700e+05   2.1057129e+01
   7.4776700e+05   2.6000977e+01
   7.4778000e+05   2.8076172e+01
   7.4780800e+05   2.3437500e+01
   7.4783400e+05   2.2827148e+01
   7.4784800e+05   2.0568848e+01
   7.4785900e+05   2.8991699e+01
   7.4788700e+05   2.3681641e+01
   7.4790400e+05   2.0996094e+01
   7.4792100e+05   1.9226074e+01
   7.4793500e+05   3.2592773e+01
   7.4796400e+05   2.3498535e+01
   7.4800600e+05   2.1362305e+01
   7.4821200e+05   2.0629883e+01
   7.4834000e+05   2.0019531e+01
   7.4842900e+05   1.9348145e+01
   7.4852500e+05   2.1728516e+01
   7.4856200e+05   1.8798828e+01
   7.4857200e+05   2.2033691e+01
   7.4869300e+05   1.8798828e+01
   7.4875500e+05   2.0446777e+01
   7.4886900e+05   2.2094727e+01
   7.4889000e+05   1.8981934e+01
   7.4892400e+05   2.3010254e+01
   7.4894100e+05   1.9348145e+01
   7.4897500e+05   2.1240234e+01
   7.4908800e+05   1.9958496e+01
   7.4911800e+05   2.9296875e+01
   7.4919900e+05   1.9348145e+01
   7.4937000e+05   1.8920898e+01
   7.4943700e+05   1.8798828e+01
   7.4945800e+05   2.1118164e+01
   7.4950500e+05   2.1118164e+01
   7.4957500e+05   2.1118164e+01
   7.4965700e+05   2.4597168e+01
   7.4976100e+05   2.3742676e+01
   7.4983900e+05   1.9531250e+01
   7.4993600e+05   2.3254395e+01
   7.5030400e+05   2.6306152e+01
   7.5050800e+05   2.3254395e+01
   7.5094100e+05   2.0141602e+01
   7.5198900e+05   2.0080566e+01
   8.1125800e+05   1.9775391e+01
   8.1129500e+05   1.9470215e+01
   8.1130500e+05   3.3996582e+01
   8.1134600e+05   2.2521973e+01
   8.1137900e+05   2.3864746e+01
   8.1139300e+05   2.8198242e+01
   8.1143100e+05   2.7038574e+01
   8.1145200e+05   2.1484375e+01
   8.1147000e+05   2.4291992e+01
   8.1149100e+05   2.1667480e+01
   8.1157300e+05   2.4597168e+01
   8.1162900e+05   1.8676758e+01
   8.1164700e+05   1.8676758e+01
   8.1170400e+05   2.0568848e+01
   8.1178600e+05   1.8798828e+01
   8.1189100e+05   2.0446777e+01
   8.1194000e+05   2.2521973e+01
   8.1197000e+05   1.9287109e+01
   8.1201900e+05   1.9042969e+01
   8.1204900e+05   2.0568848e+01
   8.1207200e+05   2.2888184e+01
   8.1216200e+05   2.1972656e+01
   8.1233600e+05   2.1728516e+01
   8.1257500e+05   3.3386230e+01
   8.1261300e+05   1.9042969e+01
   8.1264400e+05   2.1484375e+01
   8.1266700e+05   2.0080566e+01
   8.1270700e+05   1.9104004e+01
   8.1282500e+05   1.8981934e+01
   8.1299200e+05   2.0690918e+01
   8.1300900e+05   2.2033691e+01
   8.1304000e+05   2.1240234e+01
   8.1310100e+05   1.9104004e+01
   8.1317200e+05   2.1606445e+01
   8.1319500e+05   2.2766113e+01
   8.1329900e+05   1.9958496e+01
   8.1338400e+05   1.9592285e+01
   8.1345800e+05   2.0080566e+01
   8.1352800e+05   2.3010254e+01
   8.1362300e+05   1.8676758e+01
   8.1383000e+05   1.9897461e+01
   8.1412400e+05   2.5390625e+01
   8.1486200e+05   1.9409180e+01
   8.4840600e+05   4.4738770e+01
   8.4843500e+05   3.3203125e+01
   8.4846200e+05   2.9052734e+01
   8.4848500e+05   2.7221680e+01
   8.4851800e+05   2.5817871e+01
   8.4855100e+05   2.5451660e+01
   8.4857300e+05   2.2888184e+01
   8.4863200e+05   2.4353027e+01
   8.4866600e+05   2.4841309e+01
   8.4868900e+05   1.8798828e+01
   8.4871000e+05   2.1057129e+01
   8.4877600e+05   1.8920898e+01
   8.4880300e+05   1.9653320e+01
   8.4883300e+05   1.9470215e+01
   8.4888200e+05   2.4658203e+01
   8.4890800e+05   1.8676758e+01
   8.4897400e+05   1.9653320e+01
   8.4898900e+05   1.9592285e+01
   8.4903000e+05   2.2460938e+01
   8.4906200e+05   1.9226074e+01
   8.4914100e+05   1.9104004e+01
   8.4921700e+05   2.5634766e+01
   8.4924800e+05   1.8920898e+01
   8.4927500e+05   1.9897461e+01
   8.4928700e+05   2.1484375e+01
   8.4935500e+05   2.0263672e+01
   8.4943100e+05   2.3193359e+01
   8.4949200e+05   2.1545410e+01
   8.4959700e+05   2.3437500e+01
   8.4966500e+05   1.8737793e+01
   8.4967700e+05   2.1057129e+01
   8.4972300e+05   2.3071289e+01
   8.4980200e+05   2.0507812e+01
   8.4983000e+05   2.2033691e+01
   8.4996600e+05   2.1423340e+01
   8.5001700e+05   2.1728516e+01
   8.5003100e+05   2.1667480e+01
   8.5008100e+05   1.9104004e+01
   8.5017300e+05   1.8859863e+01
   8.5027200e+05   2.8259277e+01
   8.5029100e+05   1.9348145e+01
   8.5035300e+05   2.3071289e+01
   8.5063700e+05   1.9897461e+01
   8.5075000e+05   1.9226074e+01
   8.5202000e+05   2.0874023e+01
   1.0621590e+06   2.0324707e+01
   1.0624150e+06   1.9226074e+01
   1.0624470e+06   2.1667480e+01
   1.0624640e+06   2.5451660e+01
   1.0624880e+06   2.5329590e+01
   1.0625100e+06   3.6254883e+01
   1.0625220e+06   2.4047852e+01
   1.0625490e+06   1.8920898e+01
   1.0626180e+06   2.6245117e+01
   1.0626430e+06   2.1362305e+01
   1.0626700e+06   2.1728516e+01
   1.0626890e+06   2.2888184e+01
   1.0627030e+06   2.1362305e+01
   1.0627200e+06   1.8798828e+01
   1.0627570e+06   2.1606445e+01
   1.0628150e+06   1.8798828e+01
   1.0628400e+06   1.8737793e+01
   1.0629320e+06   2.0324707e+01
   1.0629500e+06   2.8747559e+01
   1.0629690e+06   1.8615723e+01
   1.0630410e+06   2.0507812e+01
   1.0631700e+06   2.5512695e+01
   1.0632370e+06   2.4353027e+01
   1.0633250e+06   2.2644043e+01
   1.0634700e+06   2.2460938e+01
   1.0635100e+06   2.0690918e+01
   1.0636220e+06   1.9348145e+01
   1.0637100e+06   1.9165039e+01
   1.0637910e+06   2.4841309e+01
   1.0638380e+06   1.9531250e+01
   1.0638940e+06   2.5756836e+01
   1.0639970e+06   2.0690918e+01
   1.0640620e+06   2.1667480e+01
   1.0640820e+06   2.2888184e+01
   1.0641550e+06   2.5146484e+01
   1.0642530e+06   2.4475098e+01
   1.0643130e+06   2.6184082e+01
   1.0643560e+06   2.3803711e+01
   1.0643750e+06   2.0446777e+01
   1.0645710e+06   2.0263672e+01
   1.0647050e+06   2.1240234e+01
   1.0648890e+06   2.4230957e+01
   1.0649850e+06   2.5329590e+01
   1.0651620e+06   2.4963379e+01
   1.0657420e+06   2.1728516e+01
   1.2243140e+06   1.9836426e+01
   1.2243780e+06   2.0690918e+01
   1.2244750e+06   2.0996094e+01
   1.2245550e+06   2.0385742e+01
   1.2245960e+06   2.0812988e+01
   1.2246070e+06   3.7597656e+01
   1.2246310e+06   3.3142090e+01
   1.2246620e+06   2.8076172e+01
   1.2246900e+06   1.9836426e+01
   1.2247100e+06   2.6062012e+01
   1.2247290e+06   2.2827148e+01
   1.2247460e+06   2.0019531e+01
   1.2247570e+06   2.1911621e+01
   1.2247820e+06   2.4414062e+01
   1.2247980e+06   2.6672363e+01
   1.2248360e+06   2.4291992e+01
   1.2249400e+06   1.8737793e+01
   1.2249760e+06   2.1362305e+01
   1.2251400e+06   2.0385742e+01
   1.2252240e+06   1.9470215e+01
   1.2252470e+06   1.9104004e+01
   1.2253540e+06   2.3132324e+01
   1.2253910e+06   1.8737793e+01
   1.2254510e+06   1.9348145e+01
   1.2255060e+06   2.1301270e+01
   1.2255860e+06   2.2216797e+01
   1.2256210e+06   1.8615723e+01
   1.2256890e+06   2.1850586e+01
   1.2257620e+06   2.3498535e+01
   1.2258700e+06   1.8676758e+01
   1.2259140e+06   2.5634766e+01
   1.2259460e+06   2.0202637e+01
   1.2259700e+06   2.0141602e+01
   1.2260280e+06   2.0019531e+01
   1.2260920e+06   2.9846191e+01
   1.2261680e+06   1.9592285e+01
   1.2262090e+06   2.0507812e+01
   1.2262320e+06   1.9165039e+01
   1.2263070e+06   1.8859863e+01
   1.2264320e+06   2.1545410e+01
   1.2265610e+06   1.9592285e+01
   1.2266280e+06   2.2827148e+01
   1.2267110e+06   2.5207520e+01
   1.2267800e+06   2.9357910e+01
   1.2268980e+06   2.0751953e+01
   1.2270840e+06   2.2216797e+01
   1.3580020e+06   2.9418945e+01
   1.3580350e+06   3.5644531e+01
   1.3580600e+06   2.4353027e+01
   1.3580750e+06   2.9724121e+01
   1.3580930e+06   3.4545898e+01
   1.3581130e+06   2.0080566e+01
   1.3581440e+06   2.4963379e+01
   1.3581870e+06   2.1667480e+01
   1.3582000e+06   2.3498535e+01
   1.3582360e+06   1.8920898e+01
   1.3582830e+06   3.3752441e+01
   1.3583120e+06   2.3620605e+01
   1.3583840e+06   1.8859863e+01
   1.3584610e+06   2.1484375e+01
   1.3585290e+06   1.8920898e+01
   1.3586030e+06   2.1179199e+01
   1.3586610e+06   1.9348145e+01
   1.3586780e+06   1.8859863e+01
   1.3588480e+06   1.8615723e+01
   1.3589090e+06   2.3193359e+01
   1.3589540e+06   1.9836426e+01
   1.3590310e+06   1.9592285e+01
   1.3590930e+06   1.9592285e+01
   1.3591260e+06   1.8859863e+01
   1.3591810e+06   2.1606445e+01
   1.3592070e+06   1.8981934e+01
   1.3592670e+06   2.0263672e+01
   1.3593620e+06   2.6000977e+01
   1.3594310e+06   2.0141602e+01
   1.3595900e+06   2.0263672e+01
   1.3596230e+06   2.3315430e+01
   1.3597270e+06   1.9287109e+01
   1.3598980e+06   2.1728516e+01
   1.3599170e+06   1.9409180e+01
   1.3599980e+06   2.1362305e+01
   1.3601380e+06   2.0263672e+01
   1.3601690e+06   2.1545410e+01
   1.3602550e+06   2.2460938e+01
   1.3603420e+06   2.0507812e+01
   1.3606730e+06   1.9470215e+01
   1.3608100e+06   2.0141602e+01
   1.5101340e+06   1.9226074e+01
   1.5101820e+06   1.9592285e+01
   1.5101940e+06   1.9287109e+01
   1.5102220e+06   2.1362305e+01
   1.5102440e+06   2.3986816e+01
   1.5102780e+06   2.5878906e+01
   1.5103020e+06   2.0141602e+01
   1.5103170e+06   2.9724121e+01
   1.5103340e+06   3.1188965e+01
   1.5103720e+06   1.9714355e+01
   1.5103870e+06   2.3620605e+01
   1.5104280e+06   2.5390625e+01
   1.5104590e+06   1.9653320e+01
   1.5105150e+06   2.3376465e+01
   1.5105370e+06   2.4658203e+01
   1.5105800e+06   2.2521973e+01
   1.5106590e+06   2.1362305e+01
   1.5106960e+06   1.9348145e+01
   1.5107680e+06   1.9409180e+01
   1.5107920e+06   1.9775391e+01
   1.5108160e+06   2.0996094e+01
   1.5109770e+06   1.9165039e+01
   1.5111010e+06   2.0996094e+01
   1.5111600e+06   1.8981934e+01
   1.5112990e+06   2.0446777e+01
   1.5113520e+06   2.0263672e+01
   1.5114670e+06   2.2827148e+01
   1.5115140e+06   2.0996094e+01
   1.5115640e+06   2.0568848e+01
   1.5115980e+06   2.4536133e+01
   1.5116790e+06   2.0935059e+01
   1.5117250e+06   2.2888184e+01
   1.5117800e+06   1.8798828e+01
   1.5118740e+06   1.9958496e+01
   1.5118840e+06   1.9958496e+01
   1.5120010e+06   2.1118164e+01
   1.5120290e+06   1.9104004e+01
   1.5120750e+06   2.0080566e+01
   1.5121530e+06   2.5573730e+01
   1.5122140e+06   2.1545410e+01
   1.5122490e+06   2.1911621e+01
   1.5123180e+06   2.1545410e+01
   1.5124120e+06   1.9531250e+01
   1.5124850e+06   2.4841309e+01
   1.5127120e+06   1.9836426e+01
   1.5128080e+06   2.0080566e+01
   1.5130490e+06   2.3437500e+01
   1.5133710e+06   2.1728516e+01
   1.5146930e+06   1.9653320e+01
   1.5170930e+06   2.1362305e+01
   1.5574750e+06   1.9348145e+01
   1.5574880e+06   2.0568848e+01
   1.5576240e+06   1.8981934e+01
   1.5577700e+06   2.8381348e+01
   1.5577990e+06   3.4362793e+01
   1.5578090e+06   2.1057129e+01
   1.5578370e+06   3.7170410e+01
   1.5578530e+06   2.2216797e+01
   1.5578780e+06   2.7343750e+01
   1.5579140e+06   2.6123047e+01
   1.5579390e+06   2.0080566e+01
   1.5579640e+06   2.0446777e+01
   1.5579970e+06   1.9104004e+01
   1.5580140e+06   2.7832031e+01
   1.5580350e+06   2.1423340e+01
   1.5581050e+06   1.8798828e+01
   1.5581210e+06   2.3925781e+01
   1.5581800e+06   1.8676758e+01
   1.5582260e+06   2.3620605e+01
   1.5582500e+06   2.1057129e+01
   1.5583750e+06   2.4169922e+01
   1.5584250e+06   1.9897461e+01
   1.5584470e+06   1.9897461e+01
   1.5584720e+06   1.8676758e+01
   1.5585280e+06   2.1911621e+01
   1.5587990e+06   1.9287109e+01
   1.5589430e+06   2.0019531e+01
   1.5590050e+06   2.3925781e+01
   1.5590150e+06   2.1362305e+01
   1.5591430e+06   2.3315430e+01
   1.5592210e+06   1.9775391e+01
   1.5592490e+06   2.4353027e+01
   1.5593510e+06   2.5329590e+01
   1.5593730e+06   1.9775391e+01
   1.5594010e+06   2.0141602e+01
   1.5594770e+06   1.9958496e+01
   1.5594950e+06   2.2888184e+01
   1.5595450e+06   2.4353027e+01
   1.5599120e+06   1.9653320e+01
   1.5600960e+06   1.9714355e+01
   1.5602700e+06   2.3071289e+01
   1.5602980e+06   1.8615723e+01
   1.7062690e+06   2.2583008e+01
   1.7063880e+06   1.9531250e+01
   1.7064280e+06   2.0629883e+01
   1.7064510e+06   3.8513184e+01
   1.7064760e+06   2.5512695e+01
   1.7064900e+06   2.8076172e+01
   1.7065180e+06   2.4108887e+01
   1.7065280e+06   3.0151367e+01
   1.7065650e+06   1.9531250e+01
   1.7065850e+06   2.9968262e+01
   1.7066300e+06   2.7160645e+01
   1.7066480e+06   2.2766113e+01
   1.7066640e+06   2.1606445e+01
   1.7066900e+06   2.3498535e+01
   1.7067110e+06   2.0385742e+01
   1.7067430e+06   1.8737793e+01
   1.7068800e+06   1.8920898e+01
   1.7070650e+06   1.9897461e+01
   1.7070950e+06   2.7832031e+01
   1.7071510e+06   1.9592285e+01
   1.7071700e+06   1.9104004e+01
   1.7072740e+06   2.0324707e+01
   1.7072980e+06   1.9897461e+01
   1.7075510e+06   1.9897461e+01
   1.7075650e+06   2.6977539e+01
   1.7076030e+06   2.0690918e+01
   1.7076270e+06   2.0568848e+01
   1.7076570e+06   2.0935059e+01
   1.7077120e+06   2.0019531e+01
   1.7077540e+06   1.9958496e+01
   1.7077730e+06   2.2338867e+01
   1.7078290e+06   2.1423340e+01
   1.7078910e+06   1.9714355e+01
   1.7081140e+06   2.4841309e+01
   1.7081750e+06   2.4780273e+01
   1.7084640e+06   1.9836426e+01
   1.7085290e+06   1.9714355e+01
   1.7085900e+06   2.0385742e+01
   1.7087500e+06   2.4780273e+01
   1.7087800e+06   1.8676758e+01
   1.7088610e+06   1.9836426e+01
   1.7098650e+06   1.9042969e+01
   1.7154980e+06   1.8615723e+01
   1.7224720e+06   1.8859863e+01
   1.7226590e+06   1.9958496e+01
   1.7227320e+06   1.9409180e+01
   1.7227490e+06   2.7404785e+01
   1.7227760e+06   2.3254395e+01
   1.7227970e+06   2.6062012e+01
   1.7228130e+06   2.0446777e+01
   1.7228400e+06   2.0568848e+01
   1.7228630e+06   2.2827148e+01
   1.7228730e+06   2.8320312e+01
   1.7228940e+06   2.7404785e+01
   1.7229250e+06   2.6245117e+01
   1.7229350e+06   2.1606445e+01
   1.7229810e+06   2.0019531e+01
   1.7229970e+06   3.6315918e+01
   1.7230270e+06   1.9958496e+01
   1.7230810e+06   1.9531250e+01
   1.7231000e+06   2.9724121e+01
   1.7231210e+06   2.1667480e+01
   1.7231620e+06   2.0324707e+01
   1.7231810e+06   2.2399902e+01
   1.7232080e+06   1.8859863e+01
   1.7232290e+06   2.3559570e+01
   1.7232650e+06   1.9653320e+01
   1.7234390e+06   2.2155762e+01
   1.7235390e+06   1.9714355e+01
   1.7235540e+06   2.0141602e+01
   1.7236320e+06   1.8615723e+01
   1.7236550e+06   2.0935059e+01
   1.7237410e+06   1.8920898e+01
   1.7239240e+06   2.3498535e+01
   1.7239760e+06   1.8798828e+01
   1.7241470e+06   1.9592285e+01
   1.7242020e+06   1.9897461e+01
   1.7243660e+06   1.9348145e+01
   1.7244820e+06   2.2460938e+01
   1.7245010e+06   1.8737793e+01
   1.7246140e+06   1.8920898e+01
   1.7246610e+06   2.0568848e+01
   1.7247730e+06   1.9775391e+01
   1.7249310e+06   2.2155762e+01
   1.7362480e+06   1.8981934e+01
   1.7364410e+06   3.0578613e+01
   1.7364770e+06   2.3498535e+01
   1.7364890e+06   2.4230957e+01
   1.7365250e+06   3.4301758e+01
   1.7365370e+06   2.7526855e+01
   1.7365500e+06   2.1545410e+01
   1.7365780e+06   1.9287109e+01
   1.7365890e+06   2.7893066e+01
   1.7366190e+06   3.4729004e+01
   1.7366320e+06   1.9287109e+01
   1.7366570e+06   2.1728516e+01
   1.7366680e+06   3.4423828e+01
   1.7366880e+06   1.9287109e+01
   1.7367150e+06   2.3742676e+01
   1.7367410e+06   2.4230957e+01
   1.7367670e+06   2.4108887e+01
   1.7367810e+06   2.3071289e+01
   1.7368070e+06   3.0029297e+01
   1.7368940e+06   2.5695801e+01
   1.7369050e+06   2.2521973e+01
   1.7369640e+06   1.8920898e+01
   1.7369810e+06   2.1423340e+01
   1.7370670e+06   1.9165039e+01
   1.7371150e+06   2.2033691e+01
   1.7371280e+06   2.0080566e+01
   1.7371960e+06   2.2583008e+01
   1.7372480e+06   3.1372070e+01
   1.7372750e+06   1.9653320e+01
   1.7373060e+06   1.9470215e+01
   1.7374040e+06   2.9785156e+01
   1.7374400e+06   1.8920898e+01
   1.7375290e+06   2.0935059e+01
   1.7375730e+06   1.8981934e+01
   1.7376120e+06   2.3437500e+01
   1.7376940e+06   1.9104004e+01
   1.7378410e+06   2.0019531e+01
   1.7378690e+06   2.2644043e+01
   1.7378960e+06   1.8676758e+01
   1.7379410e+06   2.0385742e+01
   1.7380880e+06   2.4658203e+01
   1.7381320e+06   1.9714355e+01
   1.7381900e+06   2.2399902e+01
   1.7383490e+06   2.3071289e+01
   1.7385560e+06   2.3132324e+01
   1.7962840e+06   1.8859863e+01
   1.7963380e+06   2.4047852e+01
   1.7963720e+06   2.1240234e+01
   1.7964040e+06   2.7648926e+01
   1.7964200e+06   2.0324707e+01
   1.7964460e+06   2.9235840e+01
   1.7964730e+06   4.0832520e+01
   1.7964870e+06   2.6245117e+01
   1.7965120e+06   2.0324707e+01
   1.7965420e+06   2.7404785e+01
   1.7965630e+06   2.3132324e+01
   1.7965850e+06   3.0578613e+01
   1.7966100e+06   2.3864746e+01
   1.7966350e+06   2.8747559e+01
   1.7966550e+06   2.1728516e+01
   1.7966990e+06   2.1972656e+01
   1.7967540e+06   1.8676758e+01
   1.7967730e+06   2.5695801e+01
   1.7968220e+06   2.0141602e+01
   1.7969130e+06   2.4414063e+01
   1.7969580e+06   1.9714355e+01
   1.7970280e+06   1.9836426e+01
   1.7970970e+06   1.8859863e+01
   1.7971630e+06   2.0019531e+01
   1.7973040e+06   1.9836426e+01
   1.7973810e+06   2.0141602e+01
   1.7974490e+06   2.2460938e+01
   1.7974950e+06   2.0324707e+01
   1.7975810e+06   2.0751953e+01
   1.7976380e+06   1.9104004e+01
   1.7977210e+06   1.9104004e+01
   1.7977510e+06   2.1606445e+01
   1.7978030e+06   1.9714355e+01
   1.7979750e+06   1.9653320e+01
   1.7979960e+06   2.6062012e+01
   1.7980990e+06   2.3864746e+01
   1.7983630e+06   2.9724121e+01
   1.7983770e+06   2.0690918e+01
   1.7985500e+06   2.1179199e+01
   1.7994060e+06   1.8676758e+01
   1.8005680e+06   2.0874023e+01
   1.8304910e+06   1.9104004e+01
   1.8305630e+06   2.1240234e+01
   1.8306070e+06   2.8320312e+01
   1.8306370e+06   2.2460938e+01
   1.8306520e+06   1.9592285e+01
   1.8306750e+06   1.9775391e+01
   1.8307050e+06   1.9348145e+01
   1.8307170e+06   3.9306641e+01
   1.8307570e+06   1.8676758e+01
   1.8307690e+06   3.1188965e+01
   1.8307910e+06   2.5207520e+01
   1.8308100e+06   2.0202637e+01
   1.8308310e+06   2.4597168e+01
   1.8308600e+06   2.1179199e+01
   1.8308700e+06   2.1667480e+01
   1.8308930e+06   2.1240234e+01
   1.8309320e+06   2.5756836e+01
   1.8309460e+06   2.3803711e+01
   1.8309830e+06   1.8615723e+01
   1.8310020e+06   2.2277832e+01
   1.8310450e+06   2.3010254e+01
   1.8310640e+06   2.5939941e+01
   1.8310820e+06   1.9409180e+01
   1.8311020e+06   2.0935059e+01
   1.8311440e+06   2.3620605e+01
   1.8311660e+06   2.1484375e+01
   1.8313520e+06   2.2827148e+01
   1.8314230e+06   1.8981934e+01
   1.8314710e+06   1.9165039e+01
   1.8315520e+06   2.8076172e+01
   1.8316310e+06   2.3132324e+01
   1.8316420e+06   1.9165039e+01
   1.8316910e+06   1.8737793e+01
   1.8317160e+06   2.0385742e+01
   1.8318060e+06   1.9714355e+01
   1.8318990e+06   2.0751953e+01
   1.8319280e+06   2.7160645e+01
   1.8319890e+06   2.7587891e+01
   1.8320900e+06   1.9836426e+01
   1.8321900e+06   1.9042969e+01
   1.8323430e+06   2.2644043e+01
   1.8324250e+06   1.9714355e+01
   1.8324670e+06   1.9531250e+01
   1.8325160e+06   2.0080566e+01
   1.8327500e+06   1.9836426e+01
   1.8327830e+06   2.0202637e+01
   1.8328120e+06   1.9470215e+01
   1.8329140e+06   1.9104004e+01
   1.8331200e+06   1.8615723e+01
   1.8464430e+06   2.3742676e+01
   1.8464540e+06   3.0578613e+01
   1.8465050e+06   3.0883789e+01
   1.8465280e+06   5.7434082e+01
   1.8465490e+06   2.0690918e+01
   1.8465730e+06   3.1738281e+01
   1.8465960e+06   2.5268555e+01
   1.8466210e+06   3.1433105e+01
   1.8466750e+06   2.2766113e+01
   1.8467030e+06   1.9714355e+01
   1.8467210e+06   2.2216797e+01
   1.8467620e+06   2.3620605e+01
   1.8468380e+06   2.1118164e+01
   1.8469420e+06   1.9348145e+01
   1.8470030e+06   2.0141602e+01
   1.8471420e+06   2.2216797e+01
   1.8472700e+06   2.3315430e+01
   1.8473010e+06   1.9104004e+01
   1.8473750e+06   2.0019531e+01
   1.8474590e+06   2.2155762e+01
   1.8474710e+06   2.0812988e+01
   1.8476160e+06   1.8737793e+01
   1.8477010e+06   2.3864746e+01
   1.8480090e+06   1.9348145e+01
   1.8480620e+06   1.9897461e+01
   1.8481000e+06   1.8798828e+01
   1.8482460e+06   3.2043457e+01
   1.8483030e+06   2.7709961e+01
   1.8486860e+06   1.9287109e+01
   1.8583110e+06   2.0446777e+01
   1.8583640e+06   2.1484375e+01
   1.8583920e+06   2.7343750e+01
   1.8584030e+06   2.7282715e+01
   1.8584430e+06   1.8676758e+01
   1.8584650e+06   2.8503418e+01
   1.8584900e+06   2.8442383e+01
   1.8585320e+06   2.4169922e+01
   1.8585600e+06   2.3132324e+01
   1.8585740e+06   2.5756836e+01
   1.8585930e+06   1.9592285e+01
   1.8586420e+06   2.4230957e+01
   1.8586560e+06   2.0385742e+01
   1.8587270e+06   1.8981934e+01
   1.8587430e+06   3.4301758e+01
   1.8587940e+06   2.0507812e+01
   1.8588220e+06   2.7282715e+01
   1.8588980e+06   2.7160645e+01
   1.8589280e+06   2.3925781e+01
   1.8589780e+06   2.3498535e+01
   1.8590040e+06   2.5085449e+01
   1.8590200e+06   1.8615723e+01
   1.8590710e+06   1.8859863e+01
   1.8590940e+06   1.8920898e+01
   1.8591710e+06   1.9470215e+01
   1.8592460e+06   1.8615723e+01
   1.8593010e+06   2.1789551e+01
   1.8594790e+06   2.7099609e+01
   1.8595510e+06   2.0141602e+01
   1.8596610e+06   2.2949219e+01
   1.8597970e+06   2.1301270e+01
   1.8598260e+06   1.8615723e+01
   1.8598690e+06   1.9104004e+01
   1.8599990e+06   2.2644043e+01
   1.8602050e+06   1.9592285e+01
   1.8603360e+06   2.3559570e+01
   1.8612500e+06   1.9775391e+01
   1.8694460e+06   1.9653320e+01
   1.8694680e+06   2.1484375e+01
   1.8694920e+06   2.2155762e+01
   1.8695120e+06   2.2583008e+01
   1.8695280e+06   3.1066895e+01
   1.8695520e+06   2.2644043e+01
   1.8695700e+06   2.1667480e+01
   1.8695990e+06   3.0090332e+01
   1.8696690e+06   2.6733398e+01
   1.8696850e+06   2.7221680e+01
   1.8697140e+06   2.8625488e+01
   1.8697270e+06   2.1179199e+01
   1.8697470e+06   1.8676758e+01
   1.8697640e+06   2.8503418e+01
   1.8697830e+06   1.9348145e+01
   1.8698540e+06   2.6184082e+01
   1.8698880e+06   2.3559570e+01
   1.8699760e+06   2.1423340e+01
   1.8700080e+06   2.5939941e+01
   1.8700750e+06   2.3925781e+01
   1.8701930e+06   1.8981934e+01
   1.8702420e+06   2.1850586e+01
   1.8703750e+06   2.1057129e+01
   1.8704640e+06   2.0751953e+01
   1.8706070e+06   2.1545410e+01
   1.8706180e+06   2.2827148e+01
   1.8706830e+06   1.9775391e+01
   1.8718820e+06   1.8920898e+01
   1.8789760e+06   2.0019531e+01
   1.8790100e+06   3.4362793e+01
   1.8790590e+06   4.0588379e+01
   1.8790800e+06   2.7404785e+01
   1.8790900e+06   1.9042969e+01
   1.8791140e+06   2.0751953e+01
   1.8791400e+06   2.3986816e+01
   1.8791760e+06   2.0385742e+01
   1.8791940e+06   2.1240234e+01
   1.8792190e+06   4.0100098e+01
   1.8792300e+06   2.6062012e+01
   1.8793040e+06   2.2705078e+01
   1.8793390e+06   1.8615723e+01
   1.8793720e+06   3.2836914e+01
   1.8793960e+06   2.1545410e+01
   1.8794330e+06   2.1606445e+01
   1.8794780e+06   1.8920898e+01
   1.8795290e+06   1.8798828e+01
   1.8795990e+06   2.3010254e+01
   1.8796790e+06   2.6184082e+01
   1.8797570e+06   2.1301270e+01
   1.8799660e+06   2.0324707e+01
   1.8800880e+06   2.1728516e+01
   1.8803140e+06   1.9287109e+01
   1.8822220e+06   2.0812988e+01
   2.3993350e+06   1.9958496e+01
   2.3993630e+06   2.4291992e+01
   2.3993900e+06   3.0151367e+01
   2.3994090e+06   2.5817871e+01
   2.3994220e+06   3.0090332e+01
   2.3994490e+06   1.8859863e+01
   2.3994610e+06   2.6611328e+01
   2.3994860e+06   3.0822754e+01
   2.3995250e+06   2.1362305e+01
   2.3995370e+06   2.6367188e+01
   2.3995580e+06   2.2277832e+01
   2.3995910e+06   2.3986816e+01
   2.3997100e+06   2.0874023e+01
   2.3998320e+06   2.2521973e+01
   2.3998520e+06   2.0141602e+01
   2.3999270e+06   1.8737793e+01
   2.3999540e+06   2.0935059e+01
   2.4000000e+06   1.8737793e+01
   2.4000520e+06   2.0568848e+01
   2.4000850e+06   1.8798828e+01
   2.4002270e+06   1.9531250e+01
   2.4004360e+06   2.0812988e+01
   2.4005230e+06   2.0935059e+01
   2.4005920e+06   2.1911621e+01
   2.4006300e+06   2.1972656e+01
   2.4007560e+06   2.5817871e+01
   2.4007820e+06   1.9958496e+01
   2.4008680e+06   2.7404785e+01
   2.4008940e+06   1.9348145e+01
   2.4009260e+06   2.2827148e+01
   2.4009760e+06   3.4301758e+01
   2.4010590e+06   2.0812988e+01
   2.4011660e+06   2.4475098e+01
   2.4012040e+06   2.0324707e+01
   2.4012410e+06   2.0996094e+01
   2.4013570e+06   2.0751953e+01
   2.4013990e+06   1.9531250e+01
   2.4014590e+06   2.1179199e+01
   2.4014870e+06   2.6428223e+01
   2.4017810e+06   2.1850586e+01
   2.4020150e+06   1.8981934e+01
   2.4022650e+06   2.1179199e+01
   2.4023440e+06   1.9409180e+01
   2.4501350e+06   1.8615723e+01
   2.4620090e+06   1.8676758e+01
   2.5324620e+06   1.8676758e+01
   2.5325610e+06   2.0080566e+01
   2.5325820e+06   3.4973145e+01
   2.5325990e+06   3.1677246e+01
   2.5326160e+06   1.9836426e+01
   2.5326340e+06   1.8798828e+01
   2.5326530e+06   2.5512695e+01
   2.5326840e+06   3.1188965e+01
   2.5326980e+06   3.3325195e+01
   2.5327240e+06   2.4719238e+01
   2.5327480e+06   2.6062012e+01
   2.5327710e+06   2.1362305e+01
   2.5328290e+06   2.0019531e+01
   2.5328710e+06   1.9042969e+01
   2.5328940e+06   2.6794434e+01
   2.5329240e+06   1.8798828e+01
   2.5329680e+06   2.8747559e+01
   2.5330050e+06   2.2399902e+01
   2.5330600e+06   2.1728516e+01
   2.5331820e+06   2.3498535e+01
   2.5332470e+06   1.9897461e+01
   2.5333060e+06   2.1789551e+01
   2.5333310e+06   1.9836426e+01
   2.5334920e+06   2.1728516e+01
   2.5335260e+06   1.8737793e+01
   2.5336100e+06   1.9653320e+01
   2.5337030e+06   2.1789551e+01
   2.5337640e+06   2.0385742e+01
   2.5338550e+06   1.9836426e+01
   2.5339660e+06   1.9287109e+01
   2.5339880e+06   1.8615723e+01
   2.5340100e+06   2.0446777e+01
   2.5340640e+06   2.0629883e+01
   2.5340980e+06   2.4230957e+01
   2.5341770e+06   1.9042969e+01
   2.5343050e+06   2.4902344e+01
   2.5344270e+06   1.8737793e+01
   2.5345800e+06   1.9287109e+01
   2.5346730e+06   2.0324707e+01
   2.5352260e+06   2.4597168e+01
   2.5355180e+06   2.1301270e+01
   2.5356750e+06   2.0568848e+01
   2.7618430e+06   1.9348145e+01
   2.7619050e+06   2.1423340e+01
   2.7619680e+06   3.3691406e+01
   2.7619930e+06   4.0161133e+01
   2.7620040e+06   3.1799316e+01
   2.7620210e+06   2.2277832e+01
   2.7620510e+06   3.0517578e+01
   2.7620700e+06   3.0517578e+01
   2.7620940e+06   3.1616211e+01
   2.7621250e+06   2.1728516e+01
   2.7621450e+06   2.3559570e+01
   2.7621680e+06   2.0874023e+01
   2.7622380e+06   2.0019531e+01
   2.7622690e+06   1.8920898e+01
   2.7623020e+06   1.9287109e+01
   2.7623480e+06   2.2705078e+01
   2.7625800e+06   1.9042969e+01
   2.7627070e+06   1.8920898e+01
   2.7627680e+06   1.8920898e+01
   2.7628290e+06   1.9104004e+01
   2.7628960e+06   1.9836426e+01
   2.7629810e+06   2.5512695e+01
   2.7631180e+06   1.9287109e+01
   2.7632050e+06   2.3742676e+01
   2.7632750e+06   1.8859863e+01
   2.7633500e+06   2.4658203e+01
   2.7633690e+06   2.2827148e+01
   2.7634690e+06   2.3742676e+01
   2.7635410e+06   1.9592285e+01
   2.7635830e+06   1.8615723e+01
   2.7637490e+06   2.0935059e+01
   2.7638510e+06   1.8615723e+01
   2.7639370e+06   2.1118164e+01
   2.7639600e+06   2.0690918e+01
   2.7640240e+06   3.3020020e+01
   2.7641950e+06   2.4108887e+01
   2.7644330e+06   2.0446777e+01
   2.7644980e+06   1.8920898e+01
   2.7645580e+06   2.1667480e+01
   2.7648720e+06   1.8615723e+01
   2.7651600e+06   2.0935059e+01
   2.9717240e+06   1.8676758e+01
   2.9719050e+06   2.1240234e+01
   2.9719190e+06   2.1057129e+01
   2.9719300e+06   2.4291992e+01
   2.9719490e+06   2.4108887e+01
   2.9719630e+06   2.9357910e+01
   2.9719840e+06   1.8737793e+01
   2.9719970e+06   3.4973145e+01
   2.9720210e+06   1.9592285e+01
   2.9720500e+06   2.4719238e+01
   2.9720650e+06   2.1301270e+01
   2.9720850e+06   2.2888184e+01
   2.9721190e+06   2.0507813e+01
   2.9721320e+06   2.0324707e+01
   2.9721670e+06   1.9592285e+01
   2.9723320e+06   1.9714355e+01
   2.9725340e+06   2.0507813e+01
   2.9726110e+06   1.8981934e+01
   2.9726340e+06   2.3742676e+01
   2.9727110e+06   1.9592285e+01
   2.9727900e+06   2.1484375e+01
   2.9728090e+06   2.1057129e+01
   2.9729340e+06   2.0324707e+01
   2.9729690e+06   2.4780273e+01
   2.9730130e+06   2.4230957e+01
   2.9732370e+06   2.6123047e+01
   2.9732510e+06   2.2033691e+01
   2.9733920e+06   1.8859863e+01
   2.9734310e+06   2.4108887e+01
   2.9735870e+06   1.9287109e+01
   2.9736130e+06   2.3132324e+01
   2.9738390e+06   3.0944824e+01
   2.9738990e+06   1.9226074e+01
   2.9739350e+06   2.3193359e+01
   2.9740820e+06   1.9470215e+01
   2.9741830e+06   2.4536133e+01
   2.9742830e+06   1.8798828e+01
   2.9744290e+06   2.1789551e+01
   2.9747250e+06   2.0080566e+01
   2.9749330e+06   2.0935059e+01
   2.9753090e+06   2.1972656e+01
   3.0549560e+06   1.9287109e+01
   3.0549690e+06   1.8676758e+01
   3.0550960e+06   2.7160645e+01
   3.0551170e+06   3.7902832e+01
   3.0551320e+06   2.1911621e+01
   3.0551520e+06   3.0944824e+01
   3.0551680e+06   2.0812988e+01
   3.0551880e+06   3.0944824e+01
   3.0551980e+06   3.2043457e+01
   3.0552190e+06   2.1484375e+01
   3.0552410e+06   3.1494141e+01
   3.0552780e+06   2.6916504e+01
   3.0552960e+06   1.8798828e+01
   3.0553260e+06   2.8015137e+01
   3.0553390e+06   2.2705078e+01
   3.0553910e+06   2.0080566e+01
   3.0554430e+06   2.0080566e+01
   3.0555380e+06   2.0263672e+01
   3.0555550e+06   1.9104004e+01
   3.0555960e+06   2.1606445e+01
   3.0557040e+06   1.8981934e+01
   3.0558410e+06   2.0935059e+01
   3.0560060e+06   2.0080566e+01
   3.0560920e+06   1.8981934e+01
   3.0561400e+06   2.2033691e+01
   3.0561620e+06   3.2043457e+01
   3.0561970e+06   2.1240234e+01
   3.0562420e+06   2.1606445e+01
   3.0562660e+06   1.9714355e+01
   3.0563600e+06   1.9348145e+01
   3.0564890e+06   2.0263672e+01
   3.0565190e+06   2.4963379e+01
   3.0566680e+06   2.0446777e+01
   3.0568840e+06   1.9531250e+01
   3.0569870e+06   1.8920898e+01
   3.0571490e+06   2.0141602e+01
   3.0573630e+06   1.9897461e+01
   3.0574010e+06   2.1728516e+01
   3.0576060e+06   2.1667480e+01
   3.0579320e+06   1.8615723e+01
   3.1567020e+06   2.0263672e+01
   3.1567130e+06   3.2836914e+01
   3.1567490e+06   2.3681641e+01
   3.1567860e+06   2.5573730e+01
   3.1568040e+06   1.9714355e+01
   3.1568330e+06   2.8076172e+01
   3.1568440e+06   2.3559570e+01
   3.1568750e+06   2.3376465e+01
   3.1569070e+06   1.8859863e+01
   3.1569210e+06   2.4902344e+01
   3.1569790e+06   1.9470215e+01
   3.1570160e+06   2.2155762e+01
   3.1570910e+06   2.5573730e+01
   3.1571220e+06   1.8920898e+01
   3.1571730e+06   2.0446777e+01
   3.1573350e+06   2.0935059e+01
   3.1573640e+06   1.8859863e+01
   3.1574920e+06   1.8615723e+01
   3.1575430e+06   2.0324707e+01
   3.1576510e+06   1.9592285e+01
   3.1577010e+06   2.1789551e+01
   3.1577390e+06   1.8737793e+01
   3.1578070e+06   2.2399902e+01
   3.1578550e+06   1.9653320e+01
   3.1579410e+06   2.1301270e+01
   3.1580810e+06   1.9165039e+01
   3.1581220e+06   2.0385742e+01
   3.1582530e+06   2.1545410e+01
   3.1583300e+06   1.8920898e+01
   3.1584880e+06   1.9409180e+01
   3.1585570e+06   2.6611328e+01
   3.1586320e+06   2.0568848e+01
   3.1586660e+06   1.8859863e+01
   3.1587770e+06   1.9287109e+01
   3.1588450e+06   1.8615723e+01
   3.1588870e+06   1.9409180e+01
   3.1593880e+06   1.9348145e+01
   3.1597290e+06   1.9348145e+01
   3.1615160e+06   1.8981934e+01
   3.1619340e+06   1.8615723e+01
   3.1620270e+06   1.9836426e+01
   3.1623900e+06   1.8859863e+01
   3.1814620e+06   2.0507812e+01
   3.1814770e+06   2.0263672e+01
   3.1815070e+06   4.2907715e+01
   3.1815240e+06   4.4860840e+01
   3.1815470e+06   3.0151367e+01
   3.1815670e+06   3.1738281e+01
   3.1815880e+06   3.2775879e+01
   3.1816080e+06   3.9611816e+01
   3.1816240e+06   1.9897461e+01
   3.1816530e+06   2.6550293e+01
   3.1816750e+06   1.8859863e+01
   3.1816930e+06   2.4353027e+01
   3.1817710e+06   1.9775391e+01
   3.1817850e+06   1.9714355e+01
   3.1819380e+06   1.9409180e+01
   3.1821480e+06   2.2216797e+01
   3.1821640e+06   2.1179199e+01
   3.1822440e+06   2.3071289e+01
   3.1824890e+06   2.0446777e+01
   3.1825920e+06   1.9042969e+01
   3.1826200e+06   1.8737793e+01
   3.1826580e+06   1.9409180e+01
   3.1826810e+06   2.3254395e+01
   3.1827230e+06   2.1911621e+01
   3.1827670e+06   2.0996094e+01
   3.1828830e+06   2.3376465e+01
   3.1829440e+06   2.7404785e+01
   3.1829790e+06   2.1057129e+01
   3.1830980e+06   2.0996094e+01
   3.1832230e+06   2.3803711e+01
   3.1832500e+06   1.9897461e+01
   3.1833230e+06   2.0874023e+01
   3.1836510e+06   2.4353027e+01
   3.1858650e+06   1.8859863e+01
   3.1863450e+06   1.8920898e+01
   3.1915380e+06   1.8798828e+01
   3.1917220e+06   1.9409180e+01
   3.1917400e+06   2.1972656e+01
   3.1917860e+06   2.2033691e+01
   3.1918150e+06   1.8615723e+01
   3.1918410e+06   2.3986816e+01
   3.1918590e+06   2.0385742e+01
   3.1918750e+06   3.1555176e+01
   3.1919130e+06   2.8015137e+01
   3.1919510e+06   2.4108887e+01
   3.1919760e+06   4.3090820e+01
   3.1920140e+06   2.1728516e+01
   3.1920350e+06   1.9836426e+01
   3.1920610e+06   2.4902344e+01
   3.1921000e+06   2.7221680e+01
   3.1921640e+06   2.6916504e+01
   3.1921840e+06   2.1667480e+01
   3.1922030e+06   1.9287109e+01
   3.1922360e+06   3.0029297e+01
   3.1923080e+06   1.9714355e+01
   3.1923450e+06   1.9409180e+01
   3.1923880e+06   2.1179199e+01
   3.1924300e+06   2.6611328e+01
   3.1924580e+06   2.1667480e+01
   3.1924840e+06   1.9592285e+01
   3.1925060e+06   2.1118164e+01
   3.1925580e+06   2.8930664e+01
   3.1926190e+06   2.0019531e+01
   3.1926670e+06   2.6306152e+01
   3.1927110e+06   2.2644043e+01
   3.1927440e+06   1.9226074e+01
   3.1928520e+06   2.0568848e+01
   3.1929250e+06   2.0629883e+01
   3.1929620e+06   1.9653320e+01
   3.1929870e+06   1.9348145e+01
   3.1931060e+06   1.9042969e+01
   3.1932120e+06   2.0751953e+01
   3.1936370e+06   1.8859863e+01
   3.2012190e+06   2.1728516e+01
   3.2012510e+06   2.1667480e+01
   3.2012710e+06   1.9042969e+01
   3.2013120e+06   3.1555176e+01
   3.2013380e+06   2.4597168e+01
   3.2013620e+06   2.9785156e+01
   3.2014010e+06   2.2033691e+01
   3.2014160e+06   1.9287109e+01
   3.2014380e+06   2.1606445e+01
   3.2014770e+06   2.1972656e+01
   3.2014880e+06   2.7465820e+01
   3.2015050e+06   2.0751953e+01
   3.2015470e+06   2.4353027e+01
   3.2015850e+06   2.4291992e+01
   3.2016020e+06   2.0935059e+01
   3.2016420e+06   2.1240234e+01
   3.2016670e+06   2.0629883e+01
   3.2017020e+06   2.6794434e+01
   3.2017340e+06   2.3681641e+01
   3.2017480e+06   2.1240234e+01
   3.2017770e+06   2.1911621e+01
   3.2018260e+06   2.2949219e+01
   3.2018530e+06   1.9836426e+01
   3.2018720e+06   2.2460938e+01
   3.2019080e+06   1.9775391e+01
   3.2019240e+06   2.2766113e+01
   3.2019700e+06   2.8869629e+01
   3.2019930e+06   2.3986816e+01
   3.2021100e+06   2.5024414e+01
   3.2022070e+06   2.1484375e+01
   3.2022970e+06   2.1667480e+01
   3.2024300e+06   2.5024414e+01
   3.2025310e+06   2.1972656e+01
   3.2026040e+06   2.0019531e+01
   3.2032720e+06   1.9042969e+01
   3.2035510e+06   2.0507812e+01
   3.2042060e+06   1.8798828e+01
   3.2096520e+06   2.2583008e+01
   3.2096790e+06   2.0568848e+01
   3.2097080e+06   2.3559570e+01
   3.2097380e+06   2.9479980e+01
   3.2097550e+06   2.4963379e+01
   3.2097700e+06   2.9418945e+01
   3.2097820e+06   2.3620605e+01
   3.2098150e+06   2.9357910e+01
   3.2098520e+06   2.9541016e+01
   3.2098820e+06   2.0629883e+01
   3.2099090e+06   3.1799316e+01
   3.2099410e+06   2.3681641e+01
   3.2099770e+06   2.9296875e+01
   3.2100090e+06   1.9836426e+01
   3.2100290e+06   2.0263672e+01
   3.2100440e+06   2.1667480e+01
   3.2100790e+06   1.8798828e+01
   3.2101060e+06   3.1494141e+01
   3.2101810e+06   2.1240234e+01
   3.2102320e+06   2.0812988e+01
   3.2103060e+06   1.9775391e+01
   3.2103370e+06   1.9958496e+01
   3.2104710e+06   2.2094727e+01
   3.2105530e+06   2.3986816e+01
   3.2107790e+06   2.7526855e+01
   3.2109160e+06   2.0874023e+01
   3.2110760e+06   3.1921387e+01
   3.2196500e+06   1.8798828e+01
   3.2196680e+06   2.1545410e+01
   3.2196850e+06   3.1188965e+01
   3.2197260e+06   2.8869629e+01
   3.2197550e+06   3.1188965e+01
   3.2197690e+06   2.7282715e+01
   3.2198020e+06   3.2714844e+01
   3.2198300e+06   2.6000977e+01
   3.2198560e+06   2.2949219e+01
   3.2198700e+06   1.9165039e+01
   3.2199020e+06   2.3010254e+01
   3.2199170e+06   2.6611328e+01
   3.2199520e+06   2.3437500e+01
   3.2199770e+06   1.9348145e+01
   3.2200130e+06   2.7954102e+01
   3.2200670e+06   2.7526855e+01
   3.2200990e+06   2.9296875e+01
   3.2201780e+06   2.9846191e+01
   3.2202420e+06   2.3010254e+01
   3.2203160e+06   1.9226074e+01
   3.2203580e+06   2.2644043e+01
   3.2204210e+06   2.4780273e+01
   3.2204430e+06   2.1850586e+01
   3.2204790e+06   1.9470215e+01
   3.2205160e+06   1.8798828e+01
   3.2206060e+06   2.1118164e+01
   3.2206310e+06   2.0507812e+01
   3.2208410e+06   2.2949219e+01
   3.2209520e+06   2.2094727e+01
   3.2213740e+06   2.2583008e+01
   3.2214860e+06   2.0324707e+01
   3.2228630e+06   1.9592285e+01
   3.2293650e+06   2.2521973e+01
   3.2294190e+06   1.9287109e+01
   3.2294480e+06   2.0629883e+01
   3.2294750e+06   1.9592285e+01
   3.2295070e+06   3.3935547e+01
   3.2295220e+06   2.5024414e+01
   3.2295380e+06   3.1311035e+01
   3.2295660e+06   1.8615723e+01
   3.2295790e+06   2.5939941e+01
   3.2296080e+06   1.9165039e+01
   3.2296560e+06   3.3203125e+01
   3.2296860e+06   2.1179199e+01
   3.2297000e+06   2.8503418e+01
   3.2297170e+06   1.9775391e+01
   3.2297770e+06   2.4414063e+01
   3.2297950e+06   1.8859863e+01
   3.2298300e+06   2.4353027e+01
   3.2298950e+06   1.9531250e+01
   3.2299280e+06   2.0202637e+01
   3.2299880e+06   1.8920898e+01
   3.2300330e+06   2.3925781e+01
   3.2300840e+06   1.8676758e+01
   3.2301880e+06   2.6733398e+01
   3.2302600e+06   2.7832031e+01
   3.2303920e+06   2.0080566e+01
   3.2304540e+06   2.8930664e+01
   3.2305090e+06   1.8920898e+01
   3.2306840e+06   2.7160645e+01
   3.2307880e+06   2.5207520e+01
   3.2308210e+06   1.8676758e+01
   3.2311870e+06   2.3193359e+01
   3.2312670e+06   1.9836426e+01
   3.2315490e+06   2.0629883e+01
   3.2469550e+06   2.0690918e+01
   3.2470120e+06   2.2033691e+01
   3.2470430e+06   3.5705566e+01
   3.2470710e+06   3.1738281e+01
   3.2470870e+06   2.2888184e+01
   3.2471120e+06   3.0578613e+01
   3.2471220e+06   2.7221680e+01
   3.2471490e+06   2.8808594e+01
   3.2471660e+06   2.0690918e+01
   3.2471900e+06   2.1789551e+01
   3.2472450e+06   2.2460938e+01
   3.2472790e+06   1.9409180e+01
   3.2473030e+06   2.3010254e+01
   3.2473270e+06   2.4658203e+01
   3.2473530e+06   1.9836426e+01
   3.2473740e+06   2.0080566e+01
   3.2474050e+06   3.1982422e+01
   3.2474650e+06   2.2094727e+01
   3.2474790e+06   1.9348145e+01
   3.2475050e+06   2.3193359e+01
   3.2475330e+06   2.1118164e+01
   3.2475550e+06   2.0446777e+01
   3.2475870e+06   1.9531250e+01
   3.2476640e+06   1.9531250e+01
   3.2477120e+06   2.0080566e+01
   3.2477750e+06   1.9226074e+01
   3.2477850e+06   1.9714355e+01
   3.2478080e+06   1.9470215e+01
   3.2478290e+06   1.8676758e+01
   3.2479310e+06   1.9104004e+01
   3.2480010e+06   2.3254395e+01
   3.2480990e+06   2.0629883e+01
   3.2481200e+06   1.9958496e+01
   3.2484310e+06   2.3559570e+01
   3.2485080e+06   1.9104004e+01
   3.2485330e+06   2.0507812e+01
   3.2485820e+06   2.7526855e+01
   3.2492000e+06   2.6306152e+01
   3.2495770e+06   1.9897461e+01
   3.2500000e+06   1.9958496e+01
   3.2500410e+06   1.9287109e+01
   3.4857600e+06   2.0263672e+01
   3.4859470e+06   2.0080566e+01
   3.4860100e+06   2.6062012e+01
   3.4860280e+06   2.1423340e+01
   3.4860470e+06   1.9287109e+01
   3.4860630e+06   3.8269043e+01
   3.4861010e+06   2.0324707e+01
   3.4861320e+06   4.5410156e+01
   3.4861600e+06   2.3376465e+01
   3.4861860e+06   3.3935547e+01
   3.4862220e+06   1.8920898e+01
   3.4862410e+06   1.9042969e+01
   3.4862840e+06   1.9104004e+01
   3.4866260e+06   2.1118164e+01
   3.4868650e+06   2.5878906e+01
   3.4869090e+06   2.1118164e+01
   3.4870300e+06   2.1118164e+01
   3.4871070e+06   1.9348145e+01
   3.4871850e+06   1.9714355e+01
   3.4872520e+06   2.0202637e+01
   3.4872780e+06   2.1057129e+01
   3.4873840e+06   2.8503418e+01
   3.4874540e+06   2.0507812e+01
   3.4874950e+06   2.0324707e+01
   3.4875370e+06   2.0263672e+01
   3.4876820e+06   1.9470215e+01
   3.4877170e+06   1.9836426e+01
   3.4877980e+06   1.9470215e+01
   3.4878200e+06   2.2216797e+01
   3.4878380e+06   1.8859863e+01
   3.4879300e+06   2.0019531e+01
   3.4879790e+06   2.0141602e+01
   3.4882420e+06   2.5634766e+01
   3.4883090e+06   2.3681641e+01
   3.8470410e+06   1.9165039e+01
   3.8471220e+06   2.2399902e+01
   3.8471490e+06   2.8503418e+01
   3.8471610e+06   2.4108887e+01
   3.8471940e+06   2.8381348e+01
   3.8472190e+06   2.0202637e+01
   3.8472300e+06   2.2827148e+01
   3.8472510e+06   2.5939941e+01
   3.8472620e+06   2.5634766e+01
   3.8472900e+06   2.1606445e+01
   3.8473160e+06   1.9836426e+01
   3.8473370e+06   2.1789551e+01
   3.8474170e+06   2.1545410e+01
   3.8474860e+06   1.9409180e+01
   3.8475280e+06   1.8737793e+01
   3.8476760e+06   2.9113770e+01
   3.8477920e+06   1.9470215e+01
   3.8478250e+06   1.8737793e+01
   3.8479040e+06   1.9836426e+01
   3.8479640e+06   2.0019531e+01
   3.8479940e+06   2.1972656e+01
   3.8480370e+06   2.0690918e+01
   3.8483180e+06   2.1057129e+01
   3.8483890e+06   2.1484375e+01
   3.8484190e+06   2.2766113e+01
   3.8484990e+06   2.1606445e+01
   3.8485370e+06   1.9104004e+01
   3.8485930e+06   1.9775391e+01
   3.8486350e+06   2.1484375e+01
   3.8487300e+06   2.3620605e+01
   3.8487920e+06   2.4108887e+01
   3.8488670e+06   2.0080566e+01
   3.8489980e+06   2.0141602e+01
   3.8490840e+06   2.1728516e+01
   3.8492430e+06   1.9470215e+01
   3.8493080e+06   2.9479980e+01
   3.8494090e+06   2.0568848e+01
   3.8495740e+06   1.9653320e+01
   3.8499280e+06   2.3681641e+01
   3.8504100e+06   2.3315430e+01
   4.0588180e+06   1.9409180e+01
   4.0589630e+06   2.0385742e+01
   4.0590140e+06   2.0141602e+01
   4.0590380e+06   1.8981934e+01
   4.0590540e+06   3.1677246e+01
   4.0590680e+06   2.8381348e+01
   4.0591010e+06   2.7893066e+01
   4.0591110e+06   2.5329590e+01
   4.0591420e+06   2.5146484e+01
   4.0591780e+06   2.3986816e+01
   4.0591890e+06   3.7902832e+01
   4.0592090e+06   2.1484375e+01
   4.0592320e+06   1.8859863e+01
   4.0592540e+06   1.8676758e+01
   4.0592750e+06   2.0568848e+01
   4.0593710e+06   1.8615723e+01
   4.0594380e+06   2.2155762e+01
   4.0596760e+06   1.8676758e+01
   4.0597260e+06   1.9653320e+01
   4.0597810e+06   1.9409180e+01
   4.0598300e+06   2.1606445e+01
   4.0600890e+06   1.8859863e+01
   4.0601200e+06   1.9470215e+01
   4.0602250e+06   2.0324707e+01
   4.0602950e+06   2.0446777e+01
   4.0603240e+06   2.1118164e+01
   4.0603560e+06   2.0935059e+01
   4.0604550e+06   2.0019531e+01
   4.0604790e+06   2.2460938e+01
   4.0605600e+06   2.0690918e+01
   4.0606590e+06   1.9531250e+01
   4.0607950e+06   2.5695801e+01
   4.0608310e+06   2.4230957e+01
   4.0609200e+06   2.3681641e+01
   4.0609550e+06   1.9104004e+01
   4.0610290e+06   1.8981934e+01
   4.0611500e+06   2.3315430e+01
   4.0612220e+06   2.5634766e+01
   4.0613770e+06   1.8859863e+01
   4.0614320e+06   1.9287109e+01
   4.0614420e+06   2.0629883e+01
   4.0617050e+06   1.9470215e+01
   4.0621190e+06   1.9531250e+01
   4.0845220e+06   2.4414062e+01
   4.0845770e+06   2.1545410e+01
   4.0846190e+06   3.7902832e+01
   4.0846390e+06   2.0141602e+01
   4.0846580e+06   3.3264160e+01
   4.0846800e+06   2.7954102e+01
   4.0847060e+06   3.2409668e+01
   4.0847210e+06   2.9907227e+01
   4.0847540e+06   2.5512695e+01
   4.0847740e+06   3.5217285e+01
   4.0848140e+06   2.6428223e+01
   4.0848450e+06   2.9846191e+01
   4.0848940e+06   2.3803711e+01
   4.0849070e+06   2.6245117e+01
   4.0849330e+06   2.0507812e+01
   4.0849720e+06   1.8798828e+01
   4.0849840e+06   2.2705078e+01
   4.0850810e+06   1.8859863e+01
   4.0851240e+06   1.9165039e+01
   4.0851760e+06   2.4780273e+01
   4.0852610e+06   1.8920898e+01
   4.0853260e+06   1.9958496e+01
   4.0853500e+06   2.0263672e+01
   4.0854550e+06   1.9226074e+01
   4.0855390e+06   2.1362305e+01
   4.0856070e+06   1.8859863e+01
   4.0856950e+06   1.8798828e+01
   4.0857200e+06   2.2277832e+01
   4.0857440e+06   1.8859863e+01
   4.0857720e+06   1.9653320e+01
   4.0858160e+06   2.5146484e+01
   4.0859280e+06   2.8381348e+01
   4.0859560e+06   2.0874023e+01
   4.0860890e+06   2.3071289e+01
   4.0861040e+06   1.9348145e+01
   4.0861540e+06   2.6245117e+01
   4.0864050e+06   1.9348145e+01
   4.0865530e+06   2.3315430e+01
   4.0866170e+06   2.0446777e+01
   4.0866540e+06   2.0751953e+01
   4.0866700e+06   1.9897461e+01
   4.0868030e+06   2.7893066e+01
   4.0869080e+06   3.3691406e+01
   4.0981800e+06   1.9592285e+01
   4.1060350e+06   3.0456543e+01
   4.1060690e+06   2.5390625e+01
   4.1061020e+06   3.1188965e+01
   4.1061150e+06   3.1311035e+01
   4.1061400e+06   2.9846191e+01
   4.1061600e+06   2.5634766e+01
   4.1061800e+06   2.3193359e+01
   4.1062110e+06   2.1057129e+01
   4.1062420e+06   2.1728516e+01
   4.1062670e+06   2.5268555e+01
   4.1063170e+06   2.2583008e+01
   4.1063530e+06   2.3071289e+01
   4.1064010e+06   1.9714355e+01
   4.1064190e+06   1.9165039e+01
   4.1064410e+06   2.0446777e+01
   4.1065290e+06   1.9348145e+01
   4.1065620e+06   2.3620605e+01
   4.1067190e+06   1.9836426e+01
   4.1068230e+06   2.0019531e+01
   4.1068710e+06   2.1423340e+01
   4.1069960e+06   2.0202637e+01
   4.1070760e+06   2.7099609e+01
   4.1071320e+06   1.9470215e+01
   4.1071490e+06   2.1667480e+01
   4.1072780e+06   2.0568848e+01
   4.1073210e+06   3.3386230e+01
   4.1073550e+06   2.2094727e+01
   4.1073900e+06   1.9531250e+01
   4.1075710e+06   1.9348145e+01
   4.1076040e+06   2.0141602e+01
   4.1077990e+06   2.0019531e+01
   4.1080060e+06   2.3437500e+01
   4.1080280e+06   1.9714355e+01
   4.1080870e+06   1.9104004e+01
   4.1082740e+06   2.3254395e+01
   4.1083800e+06   2.2949219e+01
   4.1085160e+06   2.2399902e+01
   4.1086610e+06   2.2338867e+01
   4.1089010e+06   2.4414062e+01
   4.1091210e+06   2.1301270e+01
   4.1096200e+06   2.0080566e+01
   4.1176370e+06   2.8442383e+01
   4.1176520e+06   1.9226074e+01
   4.1176740e+06   3.1616211e+01
   4.1176910e+06   2.6916504e+01
   4.1177130e+06   2.1179199e+01
   4.1177350e+06   3.1982422e+01
   4.1177490e+06   2.0568848e+01
   4.1177590e+06   2.5512695e+01
   4.1177860e+06   2.5451660e+01
   4.1178040e+06   2.2094727e+01
   4.1178400e+06   2.7404785e+01
   4.1178600e+06   2.5512695e+01
   4.1179100e+06   1.9287109e+01
   4.1179270e+06   2.1179199e+01
   4.1179760e+06   1.9714355e+01
   4.1179870e+06   2.4780273e+01
   4.1180240e+06   1.8615723e+01
   4.1180540e+06   2.5512695e+01
   4.1181360e+06   1.8676758e+01
   4.1181560e+06   3.1738281e+01
   4.1181960e+06   1.9531250e+01
   4.1182190e+06   2.1911621e+01
   4.1182520e+06   1.9104004e+01
   4.1183040e+06   3.2836914e+01
   4.1183770e+06   3.0334473e+01
   4.1184470e+06   2.2277832e+01
   4.1185420e+06   2.1240234e+01
   4.1186810e+06   1.9042969e+01
   4.1187380e+06   2.1972656e+01
   4.1187740e+06   2.2766113e+01
   4.1189400e+06   2.6367188e+01
   4.1192550e+06   1.9348145e+01
   4.1193670e+06   1.8676758e+01
   4.1195250e+06   2.1118164e+01
   4.1201570e+06   2.2216797e+01
   4.1270350e+06   1.8981934e+01
   4.1270540e+06   1.9042969e+01
   4.1270800e+06   2.4169922e+01
   4.1271090e+06   2.4414062e+01
   4.1271250e+06   2.4658203e+01
   4.1271490e+06   1.8615723e+01
   4.1271640e+06   3.2348633e+01
   4.1272010e+06   2.5207520e+01
   4.1272240e+06   1.9897461e+01
   4.1272450e+06   2.0935059e+01
   4.1272740e+06   2.0202637e+01
   4.1272880e+06   1.9836426e+01
   4.1273240e+06   2.1484375e+01
   4.1273400e+06   2.4169922e+01
   4.1273750e+06   2.2155762e+01
   4.1274000e+06   2.0507813e+01
   4.1274340e+06   2.2766113e+01
   4.1274900e+06   2.6062012e+01
   4.1275620e+06   1.9653320e+01
   4.1275940e+06   2.2766113e+01
   4.1276550e+06   2.0690918e+01
   4.1276880e+06   2.3010254e+01
   4.1277930e+06   2.4780273e+01
   4.1279250e+06   3.0639648e+01
   4.1280050e+06   1.8859863e+01
   4.1281090e+06   2.1301270e+01
   4.1281450e+06   2.4719238e+01
   4.1282600e+06   2.1850586e+01
   4.1283570e+06   2.3254395e+01
   4.1284980e+06   2.2766113e+01
   4.1290930e+06   2.0629883e+01
   4.1386130e+06   2.0080566e+01
   4.1386610e+06   3.4362793e+01
   4.1386820e+06   2.5695801e+01
   4.1386960e+06   3.2226562e+01
   4.1387170e+06   2.8869629e+01
   4.1387350e+06   2.4108887e+01
   4.1387600e+06   2.6489258e+01
   4.1387710e+06   3.4973145e+01
   4.1388110e+06   1.9897461e+01
   4.1388260e+06   2.2705078e+01
   4.1388420e+06   2.3071289e+01
   4.1388810e+06   3.2714844e+01
   4.1389060e+06   1.8981934e+01
   4.1389610e+06   1.9348145e+01
   4.1389770e+06   2.1362305e+01
   4.1390030e+06   2.0019531e+01
   4.1390460e+06   2.5817871e+01
   4.1391250e+06   2.3559570e+01
   4.1391760e+06   2.0690918e+01
   4.1392190e+06   2.6672363e+01
   4.1393780e+06   2.6916504e+01
   4.1394160e+06   2.0446777e+01
   4.1394360e+06   1.9226074e+01
   4.1394650e+06   1.9165039e+01
   4.1395380e+06   1.8737793e+01
   4.1396790e+06   1.8737793e+01
   4.1398360e+06   2.2155762e+01
   4.1398940e+06   1.8676758e+01
   4.1399190e+06   2.6000977e+01
   4.1400690e+06   2.0385742e+01
   4.1401270e+06   1.8859863e+01
   4.1405080e+06   2.4597168e+01
   4.1407930e+06   2.7160645e+01
   4.1410580e+06   2.0446777e+01
   4.1424700e+06   1.9775391e+01
   4.1469560e+06   2.0935059e+01
   4.1470400e+06   2.1789551e+01
   4.1470720e+06   3.4484863e+01
   4.1470990e+06   2.2399902e+01
   4.1471470e+06   2.2888184e+01
   4.1472190e+06   2.2766113e+01
   4.1472580e+06   2.0751953e+01
   4.1473020e+06   2.1606445e+01
   4.1473120e+06   2.4658203e+01
   4.1473300e+06   3.6437988e+01
   4.1473900e+06   3.6987305e+01
   4.1474250e+06   2.0263672e+01
   4.1474540e+06   2.0141602e+01
   4.1474820e+06   1.9653320e+01
   4.1475020e+06   3.1311035e+01
   4.1475780e+06   2.0324707e+01
   4.1476240e+06   2.4597168e+01
   4.1476670e+06   1.9165039e+01
   4.1477470e+06   2.8137207e+01
   4.1479400e+06   1.9104004e+01
   4.1480210e+06   2.0812988e+01
   4.1481160e+06   2.6062012e+01
   4.1482810e+06   2.1972656e+01
   4.1484980e+06   2.2705078e+01
   4.1487700e+06   1.8615723e+01
   4.1554250e+06   2.2827148e+01
   4.1554530e+06   2.0568848e+01
   4.1555070e+06   3.1677246e+01
   4.1555370e+06   2.0080566e+01
   4.1555990e+06   2.5878906e+01
   4.1556100e+06   2.9418945e+01
   4.1556390e+06   1.8676758e+01
   4.1556540e+06   2.3864746e+01
   4.1556780e+06   2.3925781e+01
   4.1557230e+06   2.3925781e+01
   4.1557670e+06   2.0996094e+01
   4.1557840e+06   3.0700684e+01
   4.1558330e+06   1.8676758e+01
   4.1558440e+06   2.2766113e+01
   4.1558640e+06   2.1667480e+01
   4.1559550e+06   2.2644043e+01
   4.1561410e+06   2.0202637e+01
   4.1561620e+06   2.0568848e+01
   4.1561880e+06   1.9836426e+01
   4.1562970e+06   1.8920898e+01
   4.1563240e+06   2.4047852e+01
   4.1563800e+06   1.8676758e+01
   4.1564580e+06   1.9836426e+01
   4.1566390e+06   2.0202637e+01
   4.1568770e+06   2.3071289e+01
   4.1569260e+06   1.9165039e+01
   4.1570910e+06   2.1789551e+01
   4.6614070e+06   1.8859863e+01
   4.6614420e+06   2.2583008e+01
   4.6614530e+06   2.3620605e+01
   4.6614730e+06   2.0385742e+01
   4.6614950e+06   3.3203125e+01
   4.6615210e+06   3.3325195e+01
   4.6615420e+06   2.9113770e+01
   4.6615580e+06   4.0588379e+01
   4.6615760e+06   1.9104004e+01
   4.6616080e+06   2.9113770e+01
   4.6616220e+06   1.8859863e+01
   4.6616520e+06   2.3681641e+01
   4.6616860e+06   1.8737793e+01
   4.6618230e+06   2.2521973e+01
   4.6618710e+06   1.8981934e+01
   4.6619010e+06   1.9714355e+01
   4.6620010e+06   2.0690918e+01
   4.6620730e+06   2.1301270e+01
   4.6621050e+06   2.5085449e+01
   4.6622710e+06   1.9836426e+01
   4.6626410e+06   1.8981934e+01
   4.6626770e+06   2.5085449e+01
   4.6626880e+06   1.8981934e+01
   4.6627950e+06   1.8859863e+01
   4.6630330e+06   1.9348145e+01
   4.6630890e+06   1.8737793e+01
   4.6631150e+06   2.0935059e+01
   4.6632360e+06   1.8859863e+01
   4.6632570e+06   2.0935059e+01
   4.6633310e+06   1.9226074e+01
   4.6636600e+06   2.0568848e+01
   4.6637600e+06   2.3986816e+01
   4.6638330e+06   1.8981934e+01
   4.6639780e+06   2.0019531e+01
   4.6641540e+06   1.8676758e+01
   4.6641830e+06   2.3315430e+01
   4.6642650e+06   1.8859863e+01
   4.6643070e+06   2.1423340e+01
   4.6643930e+06   2.9174805e+01
   4.6647910e+06   2.2399902e+01
   4.8744550e+06   2.6855469e+01
   4.8744950e+06   3.3020020e+01
   4.8745180e+06   3.7292480e+01
   4.8745410e+06   2.5451660e+01
   4.8745740e+06   2.7954102e+01
   4.8746060e+06   2.2338867e+01
   4.8746290e+06   2.8991699e+01
   4.8746420e+06   2.6489258e+01
   4.8746540e+06   2.1789551e+01
   4.8746670e+06   1.9042969e+01
   4.8746920e+06   2.1118164e+01
   4.8747180e+06   2.4108887e+01
   4.8747290e+06   2.0874023e+01
   4.8747490e+06   2.1545410e+01
   4.8748390e+06   2.0629883e+01
   4.8748710e+06   1.9592285e+01
   4.8749160e+06   2.2705078e+01
   4.8750750e+06   1.9287109e+01
   4.8752520e+06   1.9836426e+01
   4.8754050e+06   2.0080566e+01
   4.8754900e+06   2.2888184e+01
   4.8757200e+06   2.0019531e+01
   4.8757530e+06   1.8859863e+01
   4.8758370e+06   2.2094727e+01
   4.8758580e+06   2.2216797e+01
   4.8759020e+06   2.0568848e+01
   4.8760030e+06   2.4047852e+01
   4.8760710e+06   2.1850586e+01
   4.8761420e+06   2.0324707e+01
   4.8761880e+06   1.9042969e+01
   4.8762360e+06   1.9165039e+01
   4.8765980e+06   1.9592285e+01
   4.8766260e+06   2.5207520e+01
   4.8768350e+06   2.1606445e+01
   4.8768620e+06   1.8615723e+01
   4.8769380e+06   1.8615723e+01
   4.8770550e+06   1.9409180e+01
   4.8771940e+06   2.0324707e+01
   4.8772980e+06   2.0019531e+01
   4.8786100e+06   1.8676758e+01
   4.9940790e+06   1.9653320e+01
   4.9941060e+06   2.4108887e+01
   4.9941530e+06   1.8798828e+01
   4.9941930e+06   3.9367676e+01
   4.9942100e+06   2.7648926e+01
   4.9942390e+06   2.1484375e+01
   4.9942530e+06   3.0578613e+01
   4.9942820e+06   2.4475098e+01
   4.9942950e+06   3.3081055e+01
   4.9943270e+06   2.4230957e+01
   4.9943430e+06   2.3864746e+01
   4.9943770e+06   2.3376465e+01
   4.9944450e+06   2.0019531e+01
   4.9945310e+06   1.9470215e+01
   4.9946090e+06   1.9531250e+01
   4.9946990e+06   1.8920898e+01
   4.9948200e+06   2.2460937e+01
   4.9948980e+06   1.8859863e+01
   4.9949490e+06   1.9958496e+01
   4.9950500e+06   1.9714355e+01
   4.9950650e+06   1.9104004e+01
   4.9951380e+06   2.0507812e+01
   4.9952070e+06   1.9897461e+01
   4.9952470e+06   2.1850586e+01
   4.9952820e+06   2.0202637e+01
   4.9954150e+06   2.0935059e+01
   4.9954490e+06   1.8920898e+01
   4.9955770e+06   1.8737793e+01
   4.9956120e+06   2.8381348e+01
   4.9956300e+06   2.0812988e+01
   4.9956550e+06   2.3925781e+01
   4.9957110e+06   2.0446777e+01
   4.9957610e+06   2.1545410e+01
   4.9959520e+06   2.1362305e+01
   4.9961630e+06   2.6794434e+01
   4.9961880e+06   2.5146484e+01
   4.9962090e+06   2.0263672e+01
   4.9962670e+06   1.9348145e+01
   4.9963190e+06   1.8737793e+01
   4.9963890e+06   2.1728516e+01
   4.9965500e+06   1.9470215e+01
   4.9966110e+06   1.8737793e+01
   4.9968980e+06   1.9348145e+01
   4.9969330e+06   2.2705078e+01
   4.9975150e+06   2.7160645e+01
   5.3230020e+06   2.3376465e+01
   5.3230390e+06   1.9775391e+01
   5.3230740e+06   2.4047852e+01
   5.3230950e+06   3.6071777e+01
   5.3231200e+06   3.0883789e+01
   5.3231390e+06   1.8615723e+01
   5.3231540e+06   2.0446777e+01
   5.3231670e+06   2.8747559e+01
   5.3232000e+06   2.1667480e+01
   5.3232160e+06   2.1240234e+01
   5.3232460e+06   2.4841309e+01
   5.3232830e+06   2.8625488e+01
   5.3233600e+06   2.5756836e+01
   5.3233790e+06   1.9958496e+01
   5.3234770e+06   2.0751953e+01
   5.3236070e+06   2.0141602e+01
   5.3236330e+06   1.9348145e+01
   5.3237330e+06   1.9470215e+01
   5.3238230e+06   1.9897461e+01
   5.3239610e+06   1.8798828e+01
   5.3240140e+06   2.3010254e+01
   5.3240490e+06   2.0263672e+01
   5.3240910e+06   1.9287109e+01
   5.3241400e+06   1.9836426e+01
   5.3243770e+06   1.8981934e+01
   5.3245420e+06   2.1118164e+01
   5.3245620e+06   2.1179199e+01
   5.3245820e+06   1.9836426e+01
   5.3247070e+06   2.1545410e+01
   5.3247260e+06   2.3498535e+01
   5.3247670e+06   2.8259277e+01
   5.3249500e+06   1.8981934e+01
   5.3250110e+06   2.1118164e+01
   5.3250260e+06   1.8615723e+01
   5.3250870e+06   1.9531250e+01
   5.3252220e+06   2.1850586e+01
   5.3252360e+06   2.4108887e+01
   5.3253170e+06   1.9775391e+01
   5.3254020e+06   2.3132324e+01
   5.3256050e+06   1.9714355e+01
   5.3258840e+06   2.1423340e+01
   5.3261030e+06   1.8920898e+01
   5.3262770e+06   2.1057129e+01
   5.3264400e+06   1.9226074e+01
   5.3265970e+06   2.0202637e+01
   5.3268380e+06   1.9531250e+01
   5.3269180e+06   2.0751953e+01
   5.5039540e+06   1.9592285e+01
   5.5039880e+06   2.1545410e+01
   5.5040240e+06   2.0019531e+01
   5.5040510e+06   2.2094727e+01
   5.5040800e+06   2.3071289e+01
   5.5040920e+06   2.2338867e+01
   5.5041070e+06   1.9531250e+01
   5.5041290e+06   2.5329590e+01
   5.5041420e+06   2.9479980e+01
   5.5041840e+06   2.0385742e+01
   5.5041980e+06   3.1921387e+01
   5.5042210e+06   2.0751953e+01
   5.5042450e+06   2.1911621e+01
   5.5042860e+06   1.9470215e+01
   5.5042980e+06   1.9165039e+01
   5.5043330e+06   2.2827148e+01
   5.5043700e+06   2.1057129e+01
   5.5044060e+06   2.1911621e+01
   5.5044160e+06   1.9226074e+01
   5.5045050e+06   2.3498535e+01
   5.5046660e+06   2.0629883e+01
   5.5048550e+06   2.0568848e+01
   5.5049110e+06   1.9348145e+01
   5.5049260e+06   2.0751953e+01
   5.5049610e+06   2.2338867e+01
   5.5049940e+06   1.9104004e+01
   5.5050640e+06   1.8981934e+01
   5.5051120e+06   2.0690918e+01
   5.5051320e+06   1.9775391e+01
   5.5052250e+06   1.8615723e+01
   5.5052770e+06   1.8737793e+01
   5.5053810e+06   1.9409180e+01
   5.5055150e+06   1.8615723e+01
   5.5055270e+06   1.9104004e+01
   5.5055530e+06   2.1911621e+01
   5.5056440e+06   1.9104004e+01
   5.5056930e+06   2.2888184e+01
   5.5057210e+06   2.1545410e+01
   5.5057430e+06   2.2644043e+01
   5.5059460e+06   1.9470215e+01
   5.5060280e+06   2.2521973e+01
   5.5060690e+06   1.9042969e+01
   5.5061090e+06   2.3071289e+01
   5.5061870e+06   1.8798828e+01
   5.5063840e+06   2.4475098e+01
   5.5064750e+06   2.0263672e+01
   5.5067790e+06   1.9836426e+01
   5.5068630e+06   2.1179199e+01
   5.5106750e+06   2.0141602e+01
   5.5109540e+06   1.9897461e+01
   5.5198360e+06   1.9592285e+01
   5.5199220e+06   2.6184082e+01
   5.5199640e+06   2.5207520e+01
   5.5199900e+06   3.0822754e+01
   5.5200090e+06   2.4047852e+01
   5.5200390e+06   2.0751953e+01
   5.5200630e+06   3.1494141e+01
   5.5200820e+06   2.0568848e+01
   5.5201000e+06   2.8381348e+01
   5.5201420e+06   2.5207520e+01
   5.5201820e+06   2.2827148e+01
   5.5202320e+06   2.1301270e+01
   5.5202520e+06   3.0029297e+01
   5.5203030e+06   2.0080566e+01
   5.5203360e+06   2.3986816e+01
   5.5203660e+06   2.0080566e+01
   5.5204430e+06   2.0751953e+01
   5.5205520e+06   2.1118164e+01
   5.5205690e+06   1.9592285e+01
   5.5206450e+06   2.0751953e+01
   5.5208570e+06   2.2583008e+01
   5.5209910e+06   1.9470215e+01
   5.5210610e+06   1.9287109e+01
   5.5211390e+06   2.1728516e+01
   5.5212170e+06   2.2949219e+01
   5.5212400e+06   2.0385742e+01
   5.5213410e+06   1.9042969e+01
   5.5215330e+06   1.8737793e+01
   5.5216740e+06   2.1057129e+01
   5.5218490e+06   1.9897461e+01
   5.5219040e+06   2.3376465e+01
   5.5220070e+06   2.2766113e+01
   5.5223220e+06   2.2216797e+01
   5.5226730e+06   1.9042969e+01
   5.5233250e+06   1.9226074e+01
   5.5235360e+06   1.9836426e+01
   5.5247960e+06   2.1667480e+01
   5.5272410e+06   1.9104004e+01
   5.5310270e+06   2.1423340e+01
   5.5372250e+06   2.3925781e+01
   5.5373180e+06   3.7597656e+01
   5.5373420e+06   2.0263672e+01
   5.5373570e+06   2.3803711e+01
   5.5373890e+06   2.7282715e+01
   5.5374160e+06   3.2409668e+01
   5.5374370e+06   3.1066895e+01
   5.5374470e+06   3.3935547e+01
   5.5374710e+06   2.8625488e+01
   5.5375350e+06   1.9348145e+01
   5.5375780e+06   2.0263672e+01
   5.5375900e+06   2.8564453e+01
   5.5376140e+06   2.1057129e+01
   5.5376660e+06   1.9531250e+01
   5.5376770e+06   1.9592285e+01
   5.5377070e+06   2.3620605e+01
   5.5377540e+06   1.9775391e+01
   5.5377950e+06   2.2094727e+01
   5.5378600e+06   2.0507812e+01
   5.5379410e+06   1.9653320e+01
   5.5380740e+06   1.9531250e+01
   5.5382310e+06   2.1118164e+01
   5.5382900e+06   2.0507812e+01
   5.5384320e+06   2.3010254e+01
   5.5384890e+06   1.9287109e+01
   5.5385850e+06   2.5268555e+01
   5.5386430e+06   1.9287109e+01
   5.5386950e+06   1.8798828e+01
   5.5388680e+06   1.9470215e+01
   5.5389710e+06   1.9531250e+01
   5.5390350e+06   1.9409180e+01
   5.5391270e+06   2.4353027e+01
   5.5393030e+06   2.3559570e+01
   5.5395490e+06   2.1423340e+01
   5.5398440e+06   1.8615723e+01
   5.5400350e+06   2.1606445e+01
   5.5479700e+06   1.8676758e+01
   5.5480700e+06   2.1484375e+01
   5.5480950e+06   2.0690918e+01
   5.5481370e+06   2.4169922e+01
   5.5481740e+06   2.2705078e+01
   5.5481910e+06   3.1921387e+01
   5.5482240e+06   3.9978027e+01
   5.5482390e+06   2.9479980e+01
   5.5482690e+06   3.6865234e+01
   5.5482850e+06   2.9724121e+01
   5.5482990e+06   1.8981934e+01
   5.5483380e+06   2.4780273e+01
   5.5483480e+06   2.6367188e+01
   5.5483610e+06   2.1118164e+01
   5.5483990e+06   2.3986816e+01
   5.5484320e+06   1.8737793e+01
   5.5484570e+06   2.3193359e+01
   5.5484760e+06   2.1789551e+01
   5.5485060e+06   2.0996094e+01
   5.5485340e+06   2.3620605e+01
   5.5485550e+06   2.0446777e+01
   5.5485720e+06   1.8920898e+01
   5.5485980e+06   2.1240234e+01
   5.5486260e+06   2.4841309e+01
   5.5486760e+06   2.1667480e+01
   5.5486960e+06   2.1545410e+01
   5.5487770e+06   2.3681641e+01
   5.5488650e+06   1.8676758e+01
   5.5489590e+06   2.0019531e+01
   5.5490560e+06   2.4475098e+01
   5.5491370e+06   1.9836426e+01
   5.5492110e+06   2.0996094e+01
   5.5492950e+06   1.9897461e+01
   5.5493730e+06   2.2521973e+01
   5.5494610e+06   2.5268555e+01
   5.5495320e+06   1.9714355e+01
   5.5495610e+06   1.8615723e+01
   5.5497100e+06   2.2583008e+01
   5.5497980e+06   1.9592285e+01
   5.5498940e+06   1.9714355e+01
   5.5503590e+06   1.9531250e+01
   5.5565570e+06   1.8737793e+01
   5.5566470e+06   2.0568848e+01
   5.5566580e+06   1.8859863e+01
   5.5567020e+06   3.1250000e+01
   5.5567490e+06   1.9165039e+01
   5.5567900e+06   2.7832031e+01
   5.5568250e+06   3.8818359e+01
   5.5568850e+06   2.3925781e+01
   5.5569420e+06   2.3071289e+01
   5.5569770e+06   1.9409180e+01
   5.5570100e+06   1.8615723e+01
   5.5570390e+06   2.6794434e+01
   5.5570590e+06   3.3020020e+01
   5.5571270e+06   3.1616211e+01
   5.5572290e+06   2.6062012e+01
   5.5572390e+06   2.1179199e+01
   5.5572850e+06   1.8798828e+01
   5.5573290e+06   3.2836914e+01
   5.5573990e+06   1.8981934e+01
   5.5574560e+06   1.9897461e+01
   5.5574700e+06   2.1484375e+01
   5.5574860e+06   2.0019531e+01
   5.5575210e+06   1.8676758e+01
   5.5575710e+06   2.0690918e+01
   5.5576140e+06   1.9409180e+01
   5.5576290e+06   2.3254395e+01
   5.5577210e+06   2.7465820e+01
   5.5578380e+06   2.2216797e+01
   5.5578530e+06   2.3315430e+01
   5.5579280e+06   2.0568848e+01
   5.5579780e+06   2.2705078e+01
   5.5581010e+06   2.5268555e+01
   5.5581110e+06   2.0019531e+01
   5.5581830e+06   1.9775391e+01
   5.5582210e+06   2.2033691e+01
   5.5582510e+06   2.0080566e+01
   5.5592740e+06   2.0935059e+01
   5.5662110e+06   2.1118164e+01
   5.5662760e+06   2.0019531e+01
   5.5663090e+06   2.4169922e+01
   5.5663310e+06   2.0629883e+01
   5.5663560e+06   2.5024414e+01
   5.5663870e+06   1.9836426e+01
   5.5664140e+06   2.0263672e+01
   5.5664350e+06   1.9775391e+01
   5.5664450e+06   3.1372070e+01
   5.5664810e+06   3.2836914e+01
   5.5664970e+06   2.4230957e+01
   5.5665180e+06   2.1484375e+01
   5.5665460e+06   2.2521973e+01
   5.5665680e+06   1.9287109e+01
   5.5665810e+06   2.9724121e+01
   5.5666020e+06   2.0263672e+01
   5.5666730e+06   2.0812988e+01
   5.5666970e+06   2.7099609e+01
   5.5667160e+06   1.9653320e+01
   5.5667550e+06   2.0690918e+01
   5.5667770e+06   3.0639648e+01
   5.5668220e+06   1.8920898e+01
   5.5668580e+06   2.2644043e+01
   5.5668870e+06   2.4169922e+01
   5.5669490e+06   2.3864746e+01
   5.5669780e+06   1.8737793e+01
   5.5670760e+06   2.6184082e+01
   5.5671580e+06   2.0080566e+01
   5.5672160e+06   2.4047852e+01
   5.5673860e+06   1.9287109e+01
   5.5674470e+06   2.4902344e+01
   5.5675390e+06   2.1667480e+01
   5.5676460e+06   2.1362305e+01
   5.5677720e+06   2.0812988e+01
   5.5679020e+06   2.0385742e+01
   5.5684430e+06   2.3132324e+01
   5.5710790e+06   1.9592285e+01
   5.5770820e+06   3.2714844e+01
   5.5771120e+06   2.6550293e+01
   5.5771250e+06   2.6794434e+01
   5.5771510e+06   3.4179688e+01
   5.5771810e+06   2.4475098e+01
   5.5771980e+06   2.1850586e+01
   5.5772220e+06   1.9958496e+01
   5.5772350e+06   2.6550293e+01
   5.5772760e+06   2.4475098e+01
   5.5772880e+06   2.7038574e+01
   5.5773130e+06   2.0080566e+01
   5.5773520e+06   1.9531250e+01
   5.5774030e+06   2.4902344e+01
   5.5774390e+06   3.1250000e+01
   5.5775020e+06   2.0141602e+01
   5.5775340e+06   2.3925781e+01
   5.5775700e+06   2.6367188e+01
   5.5775870e+06   2.2888184e+01
   5.5776170e+06   2.0812988e+01
   5.5776460e+06   1.9958496e+01
   5.5776710e+06   2.3986816e+01
   5.5777050e+06   1.9470215e+01
   5.5777300e+06   1.9775391e+01
   5.5778060e+06   1.8676758e+01
   5.5778320e+06   1.8920898e+01
   5.5778570e+06   2.3498535e+01
   5.5778780e+06   2.0507812e+01
   5.5778990e+06   2.0080566e+01
   5.5779440e+06   1.9042969e+01
   5.5779590e+06   2.1423340e+01
   5.5780850e+06   1.8981934e+01
   5.5781830e+06   2.4658203e+01
   5.5782750e+06   2.3376465e+01
   5.5788380e+06   1.9409180e+01
   5.5797390e+06   1.8676758e+01
   5.5803720e+06   1.9775391e+01
   5.5861250e+06   2.0263672e+01
   5.5861450e+06   2.3010254e+01
   5.5861720e+06   2.0141602e+01
   5.5862050e+06   3.0639648e+01
   5.5862280e+06   3.3996582e+01
   5.5862450e+06   2.0568848e+01
   5.5862670e+06   2.8625488e+01
   5.5862920e+06   2.1789551e+01
   5.5863150e+06   1.8615723e+01
   5.5863310e+06   2.7587891e+01
   5.5863640e+06   2.5817871e+01
   5.5864080e+06   1.9775391e+01
   5.5864500e+06   2.0751953e+01
   5.5864680e+06   2.8625488e+01
   5.5865050e+06   2.1484375e+01
   5.5865720e+06   1.9592285e+01
   5.5866400e+06   2.4230957e+01
   5.5867140e+06   2.5817871e+01
   5.5867370e+06   1.8737793e+01
   5.5867720e+06   2.1911621e+01
   5.5868790e+06   2.0690918e+01
   5.5870520e+06   1.8981934e+01
   5.5870950e+06   2.1362305e+01
   5.5871770e+06   2.1057129e+01
   5.5875510e+06   2.4902344e+01
   5.8529440e+06   2.1240234e+01
   5.8530820e+06   2.1728516e+01
   5.8530950e+06   2.6489258e+01
   5.8531080e+06   2.4963379e+01
   5.8531210e+06   2.8076172e+01
   5.8531410e+06   2.7893066e+01
   5.8531730e+06   2.1118164e+01
   5.8531950e+06   1.9653320e+01
   5.8532220e+06   2.5695801e+01
   5.8532560e+06   2.0690918e+01
   5.8532780e+06   2.7893066e+01
   5.8533070e+06   1.9226074e+01
   5.8533450e+06   1.8920898e+01
   5.8534190e+06   2.6245117e+01
   5.8534840e+06   1.9531250e+01
   5.8535460e+06   1.9287109e+01
   5.8537840e+06   2.1484375e+01
   5.8538060e+06   2.2766113e+01
   5.8538530e+06   2.0263672e+01
   5.8538990e+06   2.0324707e+01
   5.8539240e+06   2.1850586e+01
   5.8540460e+06   2.0935059e+01
   5.8542100e+06   1.8737793e+01
   5.8543060e+06   1.8676758e+01
   5.8544790e+06   1.9226074e+01
   5.8545740e+06   2.2155762e+01
   5.8545960e+06   2.3071289e+01
   5.8546580e+06   2.1301270e+01
   5.8546700e+06   1.9042969e+01
   5.8547370e+06   1.9104004e+01
   5.8547880e+06   2.2399902e+01
   5.8548660e+06   1.9226074e+01
   5.8549380e+06   2.0568848e+01
   5.8550270e+06   2.3986816e+01
   5.8551400e+06   1.9348145e+01
   5.8552200e+06   1.8676758e+01
   5.8553000e+06   2.1972656e+01
   5.8553800e+06   2.6611328e+01
   5.8555570e+06   1.9958496e+01
   5.8557950e+06   2.2216797e+01
   5.8560040e+06   2.2216797e+01
   5.8564340e+06   1.8981934e+01
   5.9193770e+06   2.0996094e+01
   5.9195330e+06   2.0935059e+01
   5.9197590e+06   1.9287109e+01
   5.9197980e+06   2.4841309e+01
   5.9198160e+06   3.0517578e+01
   5.9198260e+06   2.8320313e+01
   5.9198480e+06   3.4179688e+01
   5.9198720e+06   2.1179199e+01
   5.9198960e+06   2.5268555e+01
   5.9199140e+06   3.1677246e+01
   5.9199560e+06   2.9724121e+01
   5.9199690e+06   2.1484375e+01
   5.9200080e+06   2.4780273e+01
   5.9200340e+06   2.1057129e+01
   5.9200760e+06   1.8737793e+01
   5.9200890e+06   1.8920898e+01
   5.9201150e+06   2.0935059e+01
   5.9201610e+06   2.1057129e+01
   5.9202620e+06   1.9409180e+01
   5.9204420e+06   2.1423340e+01
   5.9206760e+06   2.0751953e+01
   5.9207890e+06   2.0019531e+01
   5.9208310e+06   1.8981934e+01
   5.9208620e+06   1.9714355e+01
   5.9208750e+06   2.0812988e+01
   5.9210560e+06   1.9042969e+01
   5.9210710e+06   1.8859863e+01
   5.9211360e+06   2.0751953e+01
   5.9211610e+06   2.3315430e+01
   5.9212250e+06   2.0080566e+01
   5.9212970e+06   2.3193359e+01
   5.9213130e+06   2.5146484e+01
   5.9214260e+06   2.2705078e+01
   5.9214880e+06   1.9775391e+01
   5.9215610e+06   2.0080566e+01
   5.9216150e+06   2.0507812e+01
   5.9216880e+06   2.5512695e+01
   5.9218880e+06   1.9470215e+01
   5.9219180e+06   1.9165039e+01
   5.9221900e+06   2.5329590e+01
   5.9226470e+06   2.3132324e+01
   5.9227370e+06   2.0202637e+01
