   5.9990000e+06   0.0000000e+00
   1.0041000e+04   2.4719238e+01
   1.0129000e+04   1.9409180e+01
   1.0189000e+04   1.7272949e+01
   1.3125500e+05   2.4108887e+01
   1.3131900e+05   1.8005371e+01
   1.3143300e+05   1.8127441e+01
   1.7572000e+05   2.0629883e+01
   1.7575800e+05   1.7333984e+01
   1.7576800e+05   1.8554688e+01
   4.4833100e+05   1.8066406e+01
   4.4848300e+05   1.8432617e+01
   6.1089500e+05   1.9104004e+01
   6.1095800e+05   1.9897461e+01
   7.4778600e+05   1.7639160e+01
   7.4834500e+05   1.7089844e+01
   8.1104000e+05   1.7211914e+01
   8.1143700e+05   1.7700195e+01
   8.4829200e+05   1.7517090e+01
   1.0625670e+06   1.7150879e+01
   1.2245860e+06   2.0874023e+01
   1.2246470e+06   1.9409180e+01
   1.3579190e+06   1.9531250e+01
   1.3580370e+06   2.0202637e+01
   1.5101860e+06   1.8371582e+01
   1.5102440e+06   2.0690918e+01
   1.5578040e+06   2.0446777e+01
   1.5578620e+06   1.9104004e+01
   1.7064490e+06   2.3498535e+01
   1.7064940e+06   1.7822266e+01
   1.7065300e+06   1.7395020e+01
   1.7227260e+06   1.8188477e+01
   1.7228220e+06   1.9470215e+01
   1.7228750e+06   1.7272949e+01
   1.7367540e+06   1.7700195e+01
   1.7964270e+06   1.8981934e+01
   1.7964770e+06   1.7944336e+01
   1.8308030e+06   2.1606445e+01
   1.8465660e+06   1.7456055e+01
   1.8466240e+06   1.7517090e+01
   1.8585140e+06   2.7893066e+01
   1.8585870e+06   1.9042969e+01
   1.8586530e+06   1.9531250e+01
   1.8587180e+06   1.8554688e+01
   1.8694520e+06   2.1545410e+01
   1.8695080e+06   1.7333984e+01
   1.8695380e+06   1.7395020e+01
   1.8696880e+06   1.7944336e+01
   1.8789910e+06   1.9775391e+01
   1.8790380e+06   1.9592285e+01
   2.3993140e+06   2.0019531e+01
   2.3993770e+06   2.1606445e+01
   2.3994200e+06   1.7822266e+01
   2.5325290e+06   2.1301270e+01
   2.5327610e+06   1.7944336e+01
   2.7619290e+06   1.7456055e+01
   2.7619770e+06   2.3681641e+01
   2.7620750e+06   1.7639160e+01
   2.9718870e+06   2.0690918e+01
   2.9719360e+06   1.8676758e+01
   2.9721200e+06   1.7761230e+01
   3.0549970e+06   2.0507812e+01
   3.0550670e+06   2.0751953e+01
   3.1565910e+06   1.8676758e+01
   3.1566700e+06   2.6550293e+01
   3.1813110e+06   1.8371582e+01
   3.1814090e+06   2.5390625e+01
   3.1814660e+06   1.7089844e+01
   3.1918270e+06   1.8188477e+01
   3.1918740e+06   1.8798828e+01
   3.2013830e+06   1.9836426e+01
   3.2096130e+06   1.9592285e+01
   3.2097760e+06   1.7150879e+01
   3.2195660e+06   1.7761230e+01
   3.2196700e+06   1.7517090e+01
   3.2293410e+06   1.8859863e+01
   3.2295380e+06   1.8371582e+01
   3.2297160e+06   1.7761230e+01
   3.2470060e+06   2.3010254e+01
   3.2470760e+06   2.3010254e+01
   3.2471330e+06   2.0263672e+01
   3.4859550e+06   1.8859863e+01
   3.4860260e+06   2.4353027e+01
   3.8470860e+06   1.9897461e+01
   3.8471560e+06   2.3376465e+01
   3.8472770e+06   1.9897461e+01
   4.0590340e+06   2.2766113e+01
   4.0590840e+06   2.1545410e+01
   4.0846300e+06   1.9653320e+01
   4.0847520e+06   1.8981934e+01
   4.1059940e+06   2.2338867e+01
   4.1061360e+06   1.7883301e+01
   4.1175370e+06   1.7333984e+01
   4.1270160e+06   2.1545410e+01
   4.1270670e+06   1.8798828e+01
   4.1271030e+06   2.4047852e+01
   4.1272410e+06   1.7700195e+01
   4.1274840e+06   1.7395020e+01
   4.1275700e+06   1.8737793e+01
   4.1385310e+06   2.4719238e+01
   4.1386370e+06   1.7761230e+01
   4.1470920e+06   1.9653320e+01
   4.1471940e+06   1.8859863e+01
   4.1553960e+06   1.8249512e+01
   4.6614410e+06   1.8249512e+01
   4.6615110e+06   1.8188477e+01
   4.8744920e+06   2.1545410e+01
   4.8745340e+06   2.1606445e+01
   4.9941100e+06   2.1850586e+01
   5.3231270e+06   1.8554688e+01
   5.3231650e+06   2.2705078e+01
   5.3232230e+06   1.7272949e+01
   5.5041050e+06   2.0568848e+01
   5.5041460e+06   1.8188477e+01
   5.5198770e+06   2.2766113e+01
   5.5199460e+06   1.7700195e+01
   5.5201820e+06   1.7517090e+01
   5.5372940e+06   1.9897461e+01
   5.5373740e+06   2.3437500e+01
   5.5375700e+06   1.9165039e+01
   5.5568500e+06   2.0080566e+01
   5.5569280e+06   1.9958496e+01
   5.5570130e+06   1.7333984e+01
   5.5665140e+06   1.7761230e+01
   5.5769870e+06   2.3742676e+01
   5.5770770e+06   1.8798828e+01
   5.5771540e+06   1.8798828e+01
   5.5772260e+06   1.7333984e+01
   5.5862640e+06   2.0874023e+01
   5.8530330e+06   2.0202637e+01
   5.9196550e+06   1.7944336e+01
   5.9197630e+06   1.7944336e+01
   5.9198260e+06   1.8005371e+01
