   5.9990000e+06   0.0000000e+00
   9.7650000e+03   2.7038574e+01
   1.0175000e+04   2.4963379e+01
   1.0241000e+04   2.6794434e+01
   1.0281000e+04   1.6662598e+01
   1.0311000e+04   1.6784668e+01
   1.0380000e+04   2.0324707e+01
   1.0405000e+04   1.6601562e+01
   1.0480000e+04   1.6601562e+01
   1.0550000e+04   1.9592285e+01
   1.0560000e+04   1.4831543e+01
   1.0612000e+04   1.8798828e+01
   1.0751000e+04   1.6662598e+01
   1.0794000e+04   1.7700195e+01
   1.0814000e+04   1.5747070e+01
   1.0882000e+04   1.5869141e+01
   1.0957000e+04   1.5441895e+01
   1.1018000e+04   1.6906738e+01
   1.1051000e+04   1.4587402e+01
   1.1709000e+04   1.5747070e+01
   1.3102500e+05   2.6550293e+01
   1.3104500e+05   1.6296387e+01
   1.3128100e+05   1.4953613e+01
   1.3130400e+05   1.7028809e+01
   1.3132700e+05   1.5930176e+01
   1.3136000e+05   1.6601562e+01
   1.3138800e+05   2.6367188e+01
   1.3140700e+05   1.5258789e+01
   1.3145400e+05   2.2644043e+01
   1.3148700e+05   1.5686035e+01
   1.3151700e+05   2.0507812e+01
   1.3155600e+05   1.5319824e+01
   1.3162800e+05   1.7333984e+01
   1.3163800e+05   1.7700195e+01
   1.3170000e+05   1.6906738e+01
   1.3175300e+05   1.5136719e+01
   1.3178900e+05   1.4648438e+01
   1.3183700e+05   1.4892578e+01
   1.3193100e+05   1.4221191e+01
   1.3207700e+05   1.8127441e+01
   1.3210700e+05   2.1545410e+01
   1.3215300e+05   1.6052246e+01
   1.3221700e+05   1.6113281e+01
   1.3225100e+05   1.5747070e+01
   1.3243200e+05   1.7822266e+01
   1.3257900e+05   1.4404297e+01
   1.3268500e+05   1.9470215e+01
   1.7549500e+05   1.9348145e+01
   1.7583400e+05   2.5207520e+01
   1.7584800e+05   1.5319824e+01
   1.7587300e+05   1.5197754e+01
   1.7589700e+05   2.2583008e+01
   1.7592500e+05   1.8798828e+01
   1.7597400e+05   1.5441895e+01
   1.7598600e+05   2.0507812e+01
   1.7602400e+05   1.9531250e+01
   1.7607200e+05   2.1972656e+01
   1.7611200e+05   1.5502930e+01
   1.7612400e+05   1.5563965e+01
   1.7653500e+05   1.4221191e+01
   1.7674200e+05   1.4770508e+01
   1.7683700e+05   1.6479492e+01
   1.7686700e+05   1.5808105e+01
   1.7695100e+05   1.6174316e+01
   1.7708600e+05   1.6174316e+01
   1.7720400e+05   1.5136719e+01
   4.4813200e+05   2.2216797e+01
   4.4829000e+05   1.4770508e+01
   4.4851800e+05   1.4953613e+01
   4.4856100e+05   2.3864746e+01
   4.4859600e+05   1.5991211e+01
   4.4862600e+05   2.3803711e+01
   4.4865300e+05   1.4953613e+01
   4.4866700e+05   1.7089844e+01
   4.4868300e+05   1.6235352e+01
   4.4871200e+05   1.9653320e+01
   4.4873400e+05   1.7822266e+01
   4.4875600e+05   1.4221191e+01
   4.4879900e+05   1.5869141e+01
   4.4887000e+05   1.8737793e+01
   4.4892400e+05   1.8737793e+01
   4.4897900e+05   1.7272949e+01
   4.4904400e+05   1.5380859e+01
   4.4907700e+05   1.6601562e+01
   4.4915900e+05   1.4526367e+01
   4.4917200e+05   1.4892578e+01
   4.4924200e+05   2.0874023e+01
   4.4930500e+05   1.5502930e+01
   4.4939200e+05   1.4221191e+01
   4.4940200e+05   1.5625000e+01
   4.4949500e+05   1.4831543e+01
   4.4959800e+05   1.9653320e+01
   4.4971900e+05   1.9104004e+01
   4.4988100e+05   1.4648438e+01
   6.1062300e+05   2.4597168e+01
   6.1068300e+05   1.4404297e+01
   6.1080300e+05   2.3681641e+01
   6.1101500e+05   1.4343262e+01
   6.1106400e+05   1.6906738e+01
   6.1108700e+05   3.1005859e+01
   6.1113200e+05   1.4953613e+01
   6.1114600e+05   1.7150879e+01
   6.1121900e+05   1.6784668e+01
   6.1127200e+05   1.4282227e+01
   6.1132300e+05   1.4587402e+01
   6.1133900e+05   1.8005371e+01
   6.1139000e+05   2.2216797e+01
   6.1145300e+05   1.6174316e+01
   6.1157700e+05   1.4526367e+01
   6.1163600e+05   1.5197754e+01
   6.1172200e+05   1.6357422e+01
   6.1173500e+05   1.5258789e+01
   6.1197200e+05   1.4221191e+01
   6.1202700e+05   1.4526367e+01
   6.1224800e+05   1.4221191e+01
   6.1246200e+05   2.1850586e+01
   7.4765800e+05   1.9836426e+01
   7.4771600e+05   1.4221191e+01
   7.4781700e+05   1.4709473e+01
   7.4785200e+05   1.4221191e+01
   7.4790200e+05   1.5686035e+01
   7.4797200e+05   2.1423340e+01
   7.4803600e+05   1.5625000e+01
   7.4805300e+05   1.4221191e+01
   7.4808600e+05   1.7028809e+01
   7.4811800e+05   1.6296387e+01
   7.4814100e+05   1.9958496e+01
   7.4823700e+05   1.4587402e+01
   7.4825100e+05   1.5747070e+01
   7.4840400e+05   1.5625000e+01
   7.4857600e+05   1.7456055e+01
   7.4871100e+05   1.6601562e+01
   7.4888900e+05   1.6052246e+01
   7.4891500e+05   1.5441895e+01
   7.4899900e+05   2.3132324e+01
   8.1054700e+05   1.7944336e+01
   8.1139500e+05   1.4831543e+01
   8.1145000e+05   1.5441895e+01
   8.1148100e+05   2.2705078e+01
   8.1154400e+05   1.6113281e+01
   8.1156900e+05   1.5258789e+01
   8.1160500e+05   1.9470215e+01
   8.1163400e+05   1.5258789e+01
   8.1169900e+05   1.6113281e+01
   8.1171200e+05   1.7822266e+01
   8.1176600e+05   1.4648438e+01
   8.1183700e+05   1.7700195e+01
   8.1190200e+05   1.4953613e+01
   8.1195800e+05   1.8127441e+01
   8.1202900e+05   1.6235352e+01
   8.1204500e+05   1.5930176e+01
   8.1212700e+05   2.1789551e+01
   8.1222700e+05   1.5930176e+01
   8.1230600e+05   1.5869141e+01
   8.1240100e+05   1.8310547e+01
   8.1252000e+05   1.4709473e+01
   8.1253600e+05   1.4526367e+01
   8.1267000e+05   1.5075684e+01
   8.4826400e+05   1.8127441e+01
   8.4843600e+05   1.5014648e+01
   8.4850400e+05   2.1972656e+01
   8.4854100e+05   1.4526367e+01
   8.4858000e+05   2.0874023e+01
   8.4861900e+05   1.4526367e+01
   8.4863400e+05   2.8808594e+01
   8.4868300e+05   2.6611328e+01
   8.4872500e+05   1.6418457e+01
   8.4874500e+05   1.5625000e+01
   8.4880200e+05   1.7944336e+01
   8.4885400e+05   1.9592285e+01
   8.4887800e+05   1.6723633e+01
   8.4900400e+05   1.4770508e+01
   8.4902500e+05   1.5197754e+01
   8.4908000e+05   1.8371582e+01
   8.4919300e+05   1.5808105e+01
   8.4930400e+05   1.4404297e+01
   8.4938100e+05   1.8493652e+01
   8.4948700e+05   1.4648438e+01
   8.4968900e+05   1.8249512e+01
   8.4981000e+05   1.4404297e+01
   8.4999900e+05   1.4831543e+01
   1.0622390e+06   2.1179199e+01
   1.0622560e+06   1.7639160e+01
   1.0623190e+06   1.4831543e+01
   1.0624390e+06   2.0507812e+01
   1.0626170e+06   1.5747070e+01
   1.0626320e+06   2.3803711e+01
   1.0626960e+06   1.5136719e+01
   1.0627510e+06   1.8432617e+01
   1.0628150e+06   1.7028809e+01
   1.0628330e+06   1.5869141e+01
   1.0628720e+06   1.7028809e+01
   1.0628980e+06   1.6845703e+01
   1.0629160e+06   1.4526367e+01
   1.0629420e+06   2.2338867e+01
   1.0630930e+06   1.4953613e+01
   1.0631560e+06   1.6113281e+01
   1.0632260e+06   1.5808105e+01
   1.0634100e+06   2.1545410e+01
   1.2244410e+06   1.6113281e+01
   1.2244620e+06   2.3498535e+01
   1.2244750e+06   1.8920898e+01
   1.2246390e+06   1.6967773e+01
   1.2247040e+06   1.6357422e+01
   1.2247410e+06   1.4709473e+01
   1.2247580e+06   2.1057129e+01
   1.2248240e+06   2.1179199e+01
   1.2248910e+06   2.8503418e+01
   1.2249550e+06   2.6184082e+01
   1.2250210e+06   2.7099609e+01
   1.2250860e+06   2.0996094e+01
   1.2251080e+06   1.9226074e+01
   1.2252760e+06   1.6662598e+01
   1.2253470e+06   1.5319824e+01
   1.2254460e+06   1.8615723e+01
   1.2255390e+06   2.0935059e+01
   1.2255790e+06   1.7944336e+01
   1.2257590e+06   1.5075684e+01
   1.2257930e+06   1.7456055e+01
   1.3580860e+06   1.7883301e+01
   1.3581310e+06   1.6235352e+01
   1.3581610e+06   1.5441895e+01
   1.3582010e+06   2.5085449e+01
   1.3582110e+06   2.0874023e+01
   1.3582330e+06   1.4648438e+01
   1.3582680e+06   2.5878906e+01
   1.3583320e+06   2.0324707e+01
   1.3583830e+06   1.7639160e+01
   1.3584160e+06   1.5014648e+01
   1.3584420e+06   1.8310547e+01
   1.3585660e+06   1.8066406e+01
   1.3586470e+06   2.0996094e+01
   1.3587080e+06   1.8432617e+01
   1.3587730e+06   1.6845703e+01
   1.3588540e+06   1.7028809e+01
   1.3589430e+06   1.4892578e+01
   1.3590340e+06   1.4282227e+01
   1.3591400e+06   1.9775391e+01
   1.3592990e+06   1.5930176e+01
   1.5098830e+06   1.9531250e+01
   1.5100460e+06   1.5075684e+01
   1.5103460e+06   1.6662598e+01
   1.5103560e+06   2.0874023e+01
   1.5104140e+06   1.5563965e+01
   1.5104360e+06   1.7761230e+01
   1.5104920e+06   1.4587402e+01
   1.5105120e+06   1.4526367e+01
   1.5105590e+06   1.6479492e+01
   1.5106220e+06   2.0507812e+01
   1.5106460e+06   1.4221191e+01
   1.5106780e+06   1.5380859e+01
   1.5107430e+06   2.0996094e+01
   1.5108160e+06   1.9836426e+01
   1.5108670e+06   1.6845703e+01
   1.5108830e+06   1.5991211e+01
   1.5109500e+06   1.6601562e+01
   1.5110230e+06   1.8310547e+01
   1.5110800e+06   1.4831543e+01
   1.5113490e+06   1.8737793e+01
   1.5115300e+06   1.6479492e+01
   1.5574760e+06   2.5634766e+01
   1.5575240e+06   1.5625000e+01
   1.5576510e+06   2.6916504e+01
   1.5579070e+06   1.6174316e+01
   1.5579810e+06   1.5502930e+01
   1.5580550e+06   1.9653320e+01
   1.5580930e+06   1.5502930e+01
   1.5581210e+06   1.7211914e+01
   1.5581420e+06   1.4953613e+01
   1.5581840e+06   2.3742676e+01
   1.5582650e+06   2.5634766e+01
   1.5583360e+06   1.5808105e+01
   1.5583550e+06   1.4282227e+01
   1.5584760e+06   1.8371582e+01
   1.5584860e+06   1.4892578e+01
   1.5586160e+06   1.9226074e+01
   1.5587140e+06   1.6540527e+01
   1.5587920e+06   2.4658203e+01
   1.5588830e+06   1.4892578e+01
   1.5591370e+06   1.7272949e+01
   1.5592190e+06   1.4221191e+01
   1.7062020e+06   1.7761230e+01
   1.7063000e+06   2.5451660e+01
   1.7065980e+06   1.5136719e+01
   1.7066100e+06   2.3620605e+01
   1.7066420e+06   1.6052246e+01
   1.7066720e+06   2.8930664e+01
   1.7067030e+06   1.5808105e+01
   1.7067230e+06   1.6540527e+01
   1.7067780e+06   1.9042969e+01
   1.7068630e+06   1.6296387e+01
   1.7068960e+06   1.6479492e+01
   1.7069440e+06   1.7272949e+01
   1.7069580e+06   2.0935059e+01
   1.7070260e+06   1.5686035e+01
   1.7070370e+06   1.7944336e+01
   1.7071210e+06   1.8066406e+01
   1.7072450e+06   1.4892578e+01
   1.7073250e+06   2.1606445e+01
   1.7074140e+06   1.7089844e+01
   1.7075020e+06   1.4892578e+01
   1.7075750e+06   1.7150879e+01
   1.7077110e+06   1.6052246e+01
   1.7221320e+06   2.3254395e+01
   1.7227340e+06   1.4404297e+01
   1.7228610e+06   1.5258789e+01
   1.7229110e+06   1.5075684e+01
   1.7229250e+06   2.2399902e+01
   1.7229480e+06   2.2521973e+01
   1.7229910e+06   2.6611328e+01
   1.7230210e+06   1.4953613e+01
   1.7230560e+06   1.8554688e+01
   1.7231160e+06   1.7761230e+01
   1.7231360e+06   1.4709473e+01
   1.7232370e+06   1.6296387e+01
   1.7233210e+06   1.4282227e+01
   1.7233440e+06   1.8432617e+01
   1.7234850e+06   1.4465332e+01
   1.7240020e+06   1.6174316e+01
   1.7243750e+06   1.4770508e+01
   1.7361740e+06   2.3620605e+01
   1.7362020e+06   1.7883301e+01
   1.7364680e+06   1.8859863e+01
   1.7365330e+06   1.7211914e+01
   1.7366410e+06   1.8005371e+01
   1.7366550e+06   2.1972656e+01
   1.7367100e+06   1.6601562e+01
   1.7367680e+06   1.6662598e+01
   1.7367780e+06   1.8432617e+01
   1.7368980e+06   1.4709473e+01
   1.7369120e+06   1.4526367e+01
   1.7372900e+06   1.4587402e+01
   1.7373650e+06   2.1179199e+01
   1.7374540e+06   1.8127441e+01
   1.7378280e+06   1.4587402e+01
   1.7961980e+06   1.6357422e+01
   1.7962110e+06   1.6113281e+01
   1.7962540e+06   1.4587402e+01
   1.7962800e+06   2.0202637e+01
   1.7963620e+06   1.6296387e+01
   1.7964050e+06   1.6296387e+01
   1.7964280e+06   1.5014648e+01
   1.7965260e+06   2.7648926e+01
   1.7965460e+06   1.4953613e+01
   1.7966050e+06   2.0141602e+01
   1.7966680e+06   1.8188477e+01
   1.7966920e+06   1.4404297e+01
   1.7967270e+06   2.1118164e+01
   1.7967840e+06   1.7089844e+01
   1.7969200e+06   1.4282227e+01
   1.7971350e+06   1.5563965e+01
   1.7971730e+06   1.4282227e+01
   1.7972680e+06   1.4465332e+01
   1.7973050e+06   1.5930176e+01
   1.7973910e+06   1.4892578e+01
   1.7974880e+06   1.4709473e+01
   1.7978850e+06   1.4282227e+01
   1.8306420e+06   1.5747070e+01
   1.8306620e+06   2.2155762e+01
   1.8307490e+06   1.5075684e+01
   1.8307700e+06   1.5075684e+01
   1.8307920e+06   1.4526367e+01
   1.8308460e+06   1.8859863e+01
   1.8308630e+06   1.7395020e+01
   1.8308980e+06   1.6479492e+01
   1.8309170e+06   1.6906738e+01
   1.8309720e+06   1.9531250e+01
   1.8309900e+06   1.4587402e+01
   1.8310190e+06   1.4770508e+01
   1.8310960e+06   1.7822266e+01
   1.8313030e+06   1.4648438e+01
   1.8314910e+06   1.8432617e+01
   1.8316790e+06   1.5197754e+01
   1.8317020e+06   1.4404297e+01
   1.8317650e+06   1.4465332e+01
   1.8319200e+06   1.5014648e+01
   1.8321510e+06   1.5136719e+01
   1.8325910e+06   1.4282227e+01
   1.8464530e+06   2.0385742e+01
   1.8465030e+06   1.5075684e+01
   1.8465330e+06   1.8188477e+01
   1.8465430e+06   1.9958496e+01
   1.8465850e+06   1.8798828e+01
   1.8465970e+06   2.8320312e+01
   1.8466600e+06   2.0751953e+01
   1.8466960e+06   2.1606445e+01
   1.8467220e+06   2.0141602e+01
   1.8468260e+06   1.6540527e+01
   1.8468920e+06   1.4465332e+01
   1.8470180e+06   1.6296387e+01
   1.8472590e+06   1.6357422e+01
   1.8478670e+06   1.5197754e+01
   1.8583950e+06   2.4291992e+01
   1.8584280e+06   1.7028809e+01
   1.8584680e+06   2.2399902e+01
   1.8585110e+06   1.6418457e+01
   1.8585480e+06   1.7517090e+01
   1.8586290e+06   2.0202637e+01
   1.8586570e+06   1.6784668e+01
   1.8587790e+06   1.4587402e+01
   1.8587890e+06   1.5380859e+01
   1.8588360e+06   1.4465332e+01
   1.8590010e+06   1.4953613e+01
   1.8592280e+06   1.6662598e+01
   1.8594240e+06   1.4770508e+01
   1.8595410e+06   1.8493652e+01
   1.8694870e+06   1.9592285e+01
   1.8695010e+06   1.4953613e+01
   1.8695220e+06   1.5380859e+01
   1.8695490e+06   1.4587402e+01
   1.8695590e+06   2.3925781e+01
   1.8695820e+06   1.6479492e+01
   1.8696220e+06   1.4831543e+01
   1.8696430e+06   1.7395020e+01
   1.8696610e+06   1.4526367e+01
   1.8696910e+06   3.2836914e+01
   1.8697050e+06   1.4648438e+01
   1.8697510e+06   1.8798828e+01
   1.8697750e+06   1.7517090e+01
   1.8698180e+06   1.5502930e+01
   1.8698520e+06   1.9348145e+01
   1.8698680e+06   1.4221191e+01
   1.8699170e+06   1.7272949e+01
   1.8699910e+06   1.6113281e+01
   1.8700830e+06   1.4404297e+01
   1.8702890e+06   1.7456055e+01
   1.8704020e+06   1.9104004e+01
   1.8789040e+06   2.3925781e+01
   1.8789460e+06   2.1545410e+01
   1.8789910e+06   1.4465332e+01
   1.8791020e+06   1.7150879e+01
   1.8791800e+06   2.6123047e+01
   1.8792570e+06   1.9165039e+01
   1.8793250e+06   1.8005371e+01
   1.8793640e+06   1.4953613e+01
   1.8794690e+06   1.4831543e+01
   1.8795360e+06   1.4709473e+01
   1.8798280e+06   1.4709473e+01
   2.3990950e+06   2.9846191e+01
   2.3995220e+06   2.0385742e+01
   2.3995890e+06   1.9897461e+01
   2.3996510e+06   2.2583008e+01
   2.3997070e+06   2.0751953e+01
   2.3997760e+06   1.6235352e+01
   2.3998290e+06   1.5563965e+01
   2.3999640e+06   1.4648438e+01
   2.4000050e+06   1.6845703e+01
   2.4000330e+06   1.7517090e+01
   2.4001180e+06   1.6479492e+01
   2.4001420e+06   1.4221191e+01
   2.4002500e+06   1.6967773e+01
   2.4003650e+06   1.4709473e+01
   2.4004900e+06   1.5075684e+01
   2.5322220e+06   2.4841309e+01
   2.5323590e+06   1.4770508e+01
   2.5323920e+06   2.1789551e+01
   2.5326480e+06   1.7456055e+01
   2.5327200e+06   3.5156250e+01
   2.5327940e+06   1.5625000e+01
   2.5328250e+06   1.5258789e+01
   2.5328520e+06   1.7272949e+01
   2.5329090e+06   1.7333984e+01
   2.5330630e+06   1.4587402e+01
   2.5331200e+06   1.8127441e+01
   2.5332980e+06   1.7089844e+01
   2.5333910e+06   1.9165039e+01
   2.5334740e+06   1.5014648e+01
   2.5335360e+06   1.4221191e+01
   2.5335810e+06   1.4648438e+01
   2.5336760e+06   1.7822266e+01
   2.7602570e+06   1.4221191e+01
   2.7616920e+06   2.2338867e+01
   2.7617810e+06   1.8493652e+01
   2.7618120e+06   1.5075684e+01
   2.7618220e+06   2.7160645e+01
   2.7619750e+06   1.5502930e+01
   2.7620090e+06   1.5808105e+01
   2.7620540e+06   1.4587402e+01
   2.7620910e+06   2.2277832e+01
   2.7621090e+06   1.4709473e+01
   2.7621420e+06   1.4831543e+01
   2.7621580e+06   1.9897461e+01
   2.7622100e+06   2.1789551e+01
   2.7622590e+06   1.8554688e+01
   2.7623840e+06   1.4587402e+01
   2.7625160e+06   2.0812988e+01
   2.7625850e+06   1.4831543e+01
   2.7628210e+06   1.4648438e+01
   2.7629250e+06   1.4709473e+01
   2.7630260e+06   1.4953613e+01
   2.7631620e+06   1.7150879e+01
   2.7631840e+06   1.5686035e+01
   2.9715280e+06   1.5014648e+01
   2.9718050e+06   2.4108887e+01
   2.9718170e+06   1.5014648e+01
   2.9719580e+06   1.5441895e+01
   2.9719980e+06   1.4465332e+01
   2.9720480e+06   2.0385742e+01
   2.9720600e+06   1.5991211e+01
   2.9721100e+06   2.1484375e+01
   2.9721210e+06   1.6113281e+01
   2.9721670e+06   1.5136719e+01
   2.9721840e+06   1.4831543e+01
   2.9722280e+06   1.9653320e+01
   2.9722550e+06   1.5747070e+01
   2.9722940e+06   1.8249512e+01
   2.9723360e+06   2.1728516e+01
   2.9724010e+06   1.5563965e+01
   2.9724590e+06   1.5502930e+01
   2.9725320e+06   1.4526367e+01
   2.9725840e+06   2.0080566e+01
   2.9726570e+06   2.0507813e+01
   2.9727350e+06   1.9714355e+01
   2.9727600e+06   1.7639160e+01
   2.9728280e+06   1.4953613e+01
   2.9729330e+06   1.5808105e+01
   2.9729770e+06   1.4404297e+01
   2.9731170e+06   1.5197754e+01
   2.9732790e+06   1.5319824e+01
   2.9735710e+06   1.7578125e+01
   2.9739130e+06   1.4892578e+01
   3.0549200e+06   2.1606445e+01
   3.0551370e+06   1.5686035e+01
   3.0551940e+06   2.6733398e+01
   3.0552320e+06   1.6784668e+01
   3.0552730e+06   2.2766113e+01
   3.0553110e+06   1.7639160e+01
   3.0553360e+06   1.5502930e+01
   3.0553570e+06   1.4770508e+01
   3.0553880e+06   2.7587891e+01
   3.0554380e+06   1.4831543e+01
   3.0554990e+06   1.5502930e+01
   3.0555500e+06   2.1118164e+01
   3.0555600e+06   1.7700195e+01
   3.0556280e+06   1.4282227e+01
   3.0556380e+06   1.5563965e+01
   3.0557140e+06   1.5380859e+01
   3.0559160e+06   1.4648438e+01
   3.0560130e+06   1.4404297e+01
   3.0560940e+06   1.5625000e+01
   3.0561450e+06   1.4709473e+01
   3.0562250e+06   1.9714355e+01
   3.0563710e+06   1.8066406e+01
   3.0566680e+06   1.5686035e+01
   3.1567820e+06   3.2348633e+01
   3.1568010e+06   1.6601562e+01
   3.1568480e+06   2.5756836e+01
   3.1568910e+06   1.7272949e+01
   3.1569110e+06   1.8615723e+01
   3.1569630e+06   2.2277832e+01
   3.1569840e+06   1.7944336e+01
   3.1570250e+06   1.6601563e+01
   3.1570810e+06   2.3437500e+01
   3.1571070e+06   1.5319824e+01
   3.1571440e+06   1.9592285e+01
   3.1571970e+06   1.5197754e+01
   3.1572710e+06   1.5441895e+01
   3.1573400e+06   1.5625000e+01
   3.1574300e+06   1.6906738e+01
   3.1575000e+06   1.4892578e+01
   3.1575710e+06   1.8676758e+01
   3.1575860e+06   1.4343262e+01
   3.1576910e+06   1.5686035e+01
   3.1577520e+06   1.8249512e+01
   3.1578530e+06   1.7700195e+01
   3.1578790e+06   1.7211914e+01
   3.1580340e+06   2.0446777e+01
   3.1814670e+06   1.9409180e+01
   3.1814950e+06   1.9165039e+01
   3.1815170e+06   1.6662598e+01
   3.1815430e+06   1.5441895e+01
   3.1815590e+06   1.5197754e+01
   3.1815710e+06   2.3742676e+01
   3.1816050e+06   1.5014648e+01
   3.1816310e+06   1.8798828e+01
   3.1816520e+06   1.7150879e+01
   3.1816870e+06   1.9775391e+01
   3.1817100e+06   1.4282227e+01
   3.1817420e+06   1.6540527e+01
   3.1818110e+06   1.6174316e+01
   3.1825040e+06   1.8859863e+01
   3.1826120e+06   1.5502930e+01
   3.1917870e+06   2.0812988e+01
   3.1918470e+06   1.4343262e+01
   3.1919270e+06   1.5075684e+01
   3.1919750e+06   3.3447266e+01
   3.1920480e+06   2.1057129e+01
   3.1920700e+06   1.4770508e+01
   3.1921090e+06   1.6540527e+01
   3.1921920e+06   1.5136719e+01
   3.1922210e+06   1.7272949e+01
   3.1922700e+06   1.7395020e+01
   3.1924020e+06   2.0324707e+01
   3.1924690e+06   1.4221191e+01
   3.1925540e+06   1.4404297e+01
   3.1927960e+06   1.5625000e+01
   3.1929350e+06   1.4892578e+01
   3.1931570e+06   1.4953613e+01
   3.1933290e+06   1.8493652e+01
   3.1939100e+06   1.6418457e+01
   3.2012910e+06   1.6967773e+01
   3.2014140e+06   1.6296387e+01
   3.2014600e+06   2.3254395e+01
   3.2016150e+06   1.7333984e+01
   3.2016890e+06   1.6662598e+01
   3.2017500e+06   1.8859863e+01
   3.2018060e+06   1.6784668e+01
   3.2018950e+06   1.4465332e+01
   3.2020560e+06   1.6906738e+01
   3.2022820e+06   1.5319824e+01
   3.2096420e+06   2.4658203e+01
   3.2096820e+06   1.5686035e+01
   3.2097380e+06   1.6601562e+01
   3.2097850e+06   1.5075684e+01
   3.2098120e+06   1.7944336e+01
   3.2098550e+06   1.6784668e+01
   3.2098800e+06   1.7272949e+01
   3.2099700e+06   1.7395020e+01
   3.2100480e+06   1.4282227e+01
   3.2100780e+06   1.7761230e+01
   3.2196040e+06   2.3315430e+01
   3.2196960e+06   2.2399902e+01
   3.2197690e+06   2.0690918e+01
   3.2198180e+06   1.5502930e+01
   3.2198360e+06   1.7150879e+01
   3.2199050e+06   2.1789551e+01
   3.2200520e+06   1.5991211e+01
   3.2201500e+06   1.6052246e+01
   3.2202170e+06   1.7333984e+01
   3.2203100e+06   1.6662598e+01
   3.2204510e+06   1.4648438e+01
   3.2207760e+06   1.5075684e+01
   3.2293750e+06   2.3254395e+01
   3.2293980e+06   1.9775391e+01
   3.2294440e+06   1.6601562e+01
   3.2294630e+06   2.1179199e+01
   3.2295430e+06   2.1484375e+01
   3.2296070e+06   1.7578125e+01
   3.2296290e+06   1.6418457e+01
   3.2296870e+06   1.9165039e+01
   3.2297640e+06   1.6784668e+01
   3.2299720e+06   1.4282227e+01
   3.2303370e+06   1.4282227e+01
   3.2470010e+06   1.9531250e+01
   3.2470290e+06   2.0996094e+01
   3.2470440e+06   1.5075684e+01
   3.2470610e+06   3.7414551e+01
   3.2470790e+06   1.7028809e+01
   3.2471010e+06   1.9226074e+01
   3.2471170e+06   1.5441895e+01
   3.2471560e+06   1.6479492e+01
   3.2471710e+06   1.5625000e+01
   3.2472110e+06   1.5930176e+01
   3.2472310e+06   1.4709473e+01
   3.2472870e+06   1.9226074e+01
   3.2474690e+06   1.4709473e+01
   3.2475440e+06   1.4221191e+01
   3.2476480e+06   1.6418457e+01
   3.4855650e+06   2.3010254e+01
   3.4858120e+06   2.2766113e+01
   3.4859880e+06   1.4282227e+01
   3.4861240e+06   1.5625000e+01
   3.4862030e+06   2.4230957e+01
   3.4862340e+06   1.7883301e+01
   3.4862880e+06   2.1240234e+01
   3.4863130e+06   1.4343262e+01
   3.4863470e+06   1.5991211e+01
   3.4864450e+06   3.1250000e+01
   3.4865350e+06   1.8859863e+01
   3.4866110e+06   1.9714355e+01
   3.4867460e+06   2.4963379e+01
   3.8466970e+06   2.6672363e+01
   3.8468740e+06   1.4282227e+01
   3.8469270e+06   1.9653320e+01
   3.8469460e+06   1.4404297e+01
   3.8470590e+06   2.1789551e+01
   3.8471610e+06   1.6174316e+01
   3.8472010e+06   1.4282227e+01
   3.8472500e+06   1.5441895e+01
   3.8473000e+06   2.5390625e+01
   3.8473200e+06   1.5930176e+01
   3.8473720e+06   2.5573730e+01
   3.8474510e+06   1.6540527e+01
   3.8475070e+06   1.4221191e+01
   3.8477310e+06   1.4587402e+01
   3.8478060e+06   1.4526367e+01
   3.8478980e+06   1.7333984e+01
   3.8480060e+06   1.4709473e+01
   3.8481170e+06   1.5014648e+01
   3.8482320e+06   1.9470215e+01
   3.8484360e+06   1.4709473e+01
   4.0588260e+06   2.1484375e+01
   4.0588380e+06   1.7395020e+01
   4.0588890e+06   2.4353027e+01
   4.0589720e+06   1.4709473e+01
   4.0590580e+06   1.4648438e+01
   4.0591020e+06   1.7272949e+01
   4.0591770e+06   1.9348145e+01
   4.0591880e+06   1.7089844e+01
   4.0592190e+06   1.5686035e+01
   4.0592470e+06   2.1484375e+01
   4.0593020e+06   1.6601562e+01
   4.0593640e+06   2.1057129e+01
   4.0593760e+06   1.4343262e+01
   4.0594700e+06   1.6784668e+01
   4.0595020e+06   1.5319824e+01
   4.0595820e+06   1.9958496e+01
   4.0596400e+06   1.6235352e+01
   4.0599680e+06   1.8066406e+01
   4.0601090e+06   1.5869141e+01
   4.0601320e+06   1.4709473e+01
   4.0601790e+06   1.4282227e+01
   4.0602060e+06   1.7211914e+01
   4.0603460e+06   1.7883301e+01
   4.0604960e+06   1.6052246e+01
   4.0838070e+06   2.3315430e+01
   4.0838880e+06   1.5197754e+01
   4.0844990e+06   1.9287109e+01
   4.0847110e+06   1.6052246e+01
   4.0847450e+06   2.1118164e+01
   4.0847710e+06   1.5075684e+01
   4.0847810e+06   2.3681641e+01
   4.0848090e+06   2.0446777e+01
   4.0848460e+06   2.3071289e+01
   4.0848570e+06   2.0568848e+01
   4.0848770e+06   1.4953613e+01
   4.0849020e+06   1.8188477e+01
   4.0849350e+06   1.7272949e+01
   4.0849530e+06   1.9836426e+01
   4.0850060e+06   1.8188477e+01
   4.0850960e+06   1.4648438e+01
   4.0851140e+06   1.4648437e+01
   4.0853080e+06   1.4892578e+01
   4.0853940e+06   1.6296387e+01
   4.0855170e+06   1.4343262e+01
   4.0857470e+06   1.4953613e+01
   4.0858430e+06   1.5197754e+01
   4.0863510e+06   1.4221191e+01
   4.0866080e+06   1.6235352e+01
   4.1056990e+06   2.2033691e+01
   4.1060170e+06   2.0568848e+01
   4.1061430e+06   1.5686035e+01
   4.1061920e+06   2.9968262e+01
   4.1062320e+06   1.9409180e+01
   4.1062670e+06   1.7578125e+01
   4.1062890e+06   1.4892578e+01
   4.1063210e+06   1.9348145e+01
   4.1063320e+06   1.4343262e+01
   4.1063730e+06   1.6723633e+01
   4.1064170e+06   1.9897461e+01
   4.1064280e+06   1.4892578e+01
   4.1065820e+06   1.6662598e+01
   4.1066610e+06   1.4831543e+01
   4.1067310e+06   1.5136719e+01
   4.1068650e+06   1.4709473e+01
   4.1069520e+06   1.5075684e+01
   4.1072100e+06   1.4953613e+01
   4.1076960e+06   1.5136719e+01
   4.1079900e+06   1.8005371e+01
   4.1175820e+06   1.7761230e+01
   4.1176060e+06   1.7272949e+01
   4.1176670e+06   1.4587402e+01
   4.1176820e+06   1.5686035e+01
   4.1177200e+06   2.1057129e+01
   4.1177440e+06   1.9836426e+01
   4.1177880e+06   2.0751953e+01
   4.1178060e+06   1.9958496e+01
   4.1178530e+06   1.6723633e+01
   4.1178820e+06   2.6672363e+01
   4.1179560e+06   1.4709473e+01
   4.1180900e+06   1.8920898e+01
   4.1182110e+06   1.4465332e+01
   4.1187250e+06   1.5441895e+01
   4.1191710e+06   1.5747070e+01
   4.1270630e+06   2.3620605e+01
   4.1271220e+06   1.9592285e+01
   4.1271750e+06   1.5991211e+01
   4.1271950e+06   1.5930176e+01
   4.1272170e+06   1.6601562e+01
   4.1272480e+06   1.8432617e+01
   4.1272660e+06   1.4343262e+01
   4.1273120e+06   1.5380859e+01
   4.1273930e+06   1.5197754e+01
   4.1274860e+06   2.0751953e+01
   4.1275680e+06   1.4282227e+01
   4.1277240e+06   1.6052246e+01
   4.1277710e+06   1.4770508e+01
   4.1282820e+06   1.6723633e+01
   4.1385720e+06   1.9348145e+01
   4.1386230e+06   1.7150879e+01
   4.1386670e+06   1.9226074e+01
   4.1387120e+06   1.4892578e+01
   4.1387440e+06   2.2766113e+01
   4.1387540e+06   1.9470215e+01
   4.1388170e+06   1.8493652e+01
   4.1388850e+06   1.8066406e+01
   4.1389150e+06   1.4343262e+01
   4.1389830e+06   1.4587402e+01
   4.1390260e+06   1.9042969e+01
   4.1391710e+06   1.4709473e+01
   4.1391820e+06   1.5075684e+01
   4.1392570e+06   1.4892578e+01
   4.1392680e+06   1.6906738e+01
   4.1393430e+06   1.4587402e+01
   4.1396680e+06   1.4892578e+01
   4.1398810e+06   1.7150879e+01
   4.1469780e+06   2.3254395e+01
   4.1470800e+06   1.5502930e+01
   4.1471020e+06   2.1301270e+01
   4.1471570e+06   1.4587402e+01
   4.1472020e+06   2.2949219e+01
   4.1473570e+06   1.7822266e+01
   4.1474620e+06   1.5686035e+01
   4.1475640e+06   1.4953613e+01
   4.1553740e+06   2.0996094e+01
   4.1553980e+06   1.6784668e+01
   4.1554380e+06   1.9897461e+01
   4.1554600e+06   2.5512695e+01
   4.1555090e+06   1.5319824e+01
   4.1555430e+06   1.5502930e+01
   4.1555930e+06   1.5441895e+01
   4.1556320e+06   1.8920898e+01
   4.1556640e+06   1.5563965e+01
   4.1557300e+06   1.4953613e+01
   4.1558650e+06   1.4343262e+01
   4.1560020e+06   1.4770508e+01
   4.1560380e+06   1.7028809e+01
   4.1562900e+06   1.5136719e+01
   4.6612730e+06   2.2460938e+01
   4.6613590e+06   1.5808105e+01
   4.6613900e+06   2.6672363e+01
   4.6614550e+06   1.5502930e+01
   4.6614910e+06   1.5014648e+01
   4.6615220e+06   1.5869141e+01
   4.6615330e+06   1.4282227e+01
   4.6616200e+06   2.4658203e+01
   4.6616410e+06   1.4892578e+01
   4.6616630e+06   1.5991211e+01
   4.6617010e+06   2.1911621e+01
   4.6617680e+06   1.5014648e+01
   4.6618210e+06   1.8127441e+01
   4.6618790e+06   1.6967773e+01
   4.6619460e+06   1.7883301e+01
   4.6620110e+06   1.4343262e+01
   4.6620440e+06   1.4526367e+01
   4.6620820e+06   1.8676758e+01
   4.6621450e+06   1.5197754e+01
   4.6622350e+06   1.8920898e+01
   4.6624300e+06   1.4831543e+01
   4.6625240e+06   1.7578125e+01
   4.6628230e+06   1.5197754e+01
   4.8743920e+06   1.6479492e+01
   4.8744040e+06   2.2827148e+01
   4.8744300e+06   1.6235352e+01
   4.8745100e+06   1.9958496e+01
   4.8745350e+06   1.5625000e+01
   4.8745990e+06   1.7761230e+01
   4.8746110e+06   1.6784668e+01
   4.8746480e+06   1.8615723e+01
   4.8746820e+06   1.5563965e+01
   4.8747150e+06   1.8981934e+01
   4.8747640e+06   2.0812988e+01
   4.8748190e+06   1.7700195e+01
   4.8748750e+06   1.8066406e+01
   4.8749850e+06   1.4343262e+01
   4.8751520e+06   1.4465332e+01
   4.8751830e+06   1.5808105e+01
   4.8752400e+06   1.5136719e+01
   4.8753100e+06   1.6723633e+01
   4.8753980e+06   1.7517090e+01
   4.8755910e+06   1.4526367e+01
   4.8757840e+06   2.6733398e+01
   4.9938380e+06   2.1240234e+01
   4.9940100e+06   1.8493652e+01
   4.9940200e+06   1.4343262e+01
   4.9942240e+06   1.4465332e+01
   4.9942660e+06   1.6418457e+01
   4.9942920e+06   2.6977539e+01
   4.9943450e+06   1.4709473e+01
   4.9943710e+06   2.8320313e+01
   4.9944080e+06   1.5686035e+01
   4.9945390e+06   1.4404297e+01
   4.9946040e+06   1.5014648e+01
   4.9946350e+06   1.6784668e+01
   4.9947790e+06   2.1179199e+01
   4.9948430e+06   1.5441895e+01
   4.9949260e+06   2.2888184e+01
   4.9950060e+06   1.6601562e+01
   4.9951970e+06   1.9897461e+01
   4.9953330e+06   1.4282227e+01
   4.9954400e+06   1.4282227e+01
   4.9954950e+06   1.8310547e+01
   4.9956350e+06   1.5441895e+01
   5.3229510e+06   2.0263672e+01
   5.3230530e+06   1.8066406e+01
   5.3231860e+06   1.4465332e+01
   5.3232380e+06   1.5014648e+01
   5.3232520e+06   2.3132324e+01
   5.3232670e+06   1.4892578e+01
   5.3233160e+06   1.5075684e+01
   5.3233620e+06   2.1179199e+01
   5.3235310e+06   1.4953613e+01
   5.3236250e+06   2.1423340e+01
   5.3237440e+06   1.4831543e+01
   5.3238190e+06   2.1728516e+01
   5.3238900e+06   1.7089844e+01
   5.3239470e+06   1.4404297e+01
   5.3239920e+06   1.6235352e+01
   5.3240770e+06   1.6357422e+01
   5.3241640e+06   1.5014648e+01
   5.3243090e+06   1.5808105e+01
   5.3243950e+06   1.4221191e+01
   5.3245250e+06   1.7700195e+01
   5.3246630e+06   1.4953613e+01
   5.5039610e+06   2.6733398e+01
   5.5039920e+06   1.4709473e+01
   5.5040580e+06   1.6418457e+01
   5.5040920e+06   1.9348145e+01
   5.5041480e+06   1.5258789e+01
   5.5042290e+06   2.4902344e+01
   5.5042390e+06   1.4709473e+01
   5.5042870e+06   1.9775391e+01
   5.5043380e+06   1.4465332e+01
   5.5043690e+06   1.7272949e+01
   5.5043900e+06   1.9531250e+01
   5.5044330e+06   1.6052246e+01
   5.5044540e+06   1.4404297e+01
   5.5045700e+06   1.5686035e+01
   5.5046060e+06   1.5258789e+01
   5.5046390e+06   1.5441895e+01
   5.5047290e+06   1.5136719e+01
   5.5047470e+06   1.6845703e+01
   5.5048830e+06   1.7517090e+01
   5.5050360e+06   1.4221191e+01
   5.5051690e+06   1.6174316e+01
   5.5056360e+06   1.9592285e+01
   5.5199320e+06   1.4465332e+01
   5.5200020e+06   1.9714355e+01
   5.5200540e+06   1.7456055e+01
   5.5200840e+06   1.4709473e+01
   5.5201020e+06   1.6601562e+01
   5.5201360e+06   1.6967773e+01
   5.5201880e+06   1.7089844e+01
   5.5202190e+06   1.4404297e+01
   5.5202420e+06   1.8310547e+01
   5.5203520e+06   1.5197754e+01
   5.5206640e+06   1.4282227e+01
   5.5207210e+06   1.5319824e+01
   5.5207950e+06   1.4343262e+01
   5.5208840e+06   1.8310547e+01
   5.5210550e+06   1.4953613e+01
   5.5211560e+06   1.5441895e+01
   5.5216150e+06   1.4587402e+01
   5.5217430e+06   1.4709473e+01
   5.5369550e+06   2.1606445e+01
   5.5372790e+06   2.1423340e+01
   5.5373410e+06   1.5747070e+01
   5.5373820e+06   1.9653320e+01
   5.5374110e+06   1.8432617e+01
   5.5374360e+06   1.4709473e+01
   5.5374850e+06   2.2888184e+01
   5.5374950e+06   1.7211914e+01
   5.5375480e+06   2.0446777e+01
   5.5375810e+06   1.7517090e+01
   5.5377750e+06   1.5502930e+01
   5.5381260e+06   1.4221191e+01
   5.5384640e+06   1.5625000e+01
   5.5387720e+06   1.4648438e+01
   5.5481450e+06   2.4291992e+01
   5.5481620e+06   1.7089844e+01
   5.5482600e+06   1.8493652e+01
   5.5483140e+06   1.8188477e+01
   5.5483540e+06   1.5747070e+01
   5.5483680e+06   1.7333984e+01
   5.5484090e+06   1.5441895e+01
   5.5484330e+06   1.9775391e+01
   5.5484460e+06   1.8981934e+01
   5.5485030e+06   1.5869141e+01
   5.5485980e+06   1.9836426e+01
   5.5487120e+06   1.5075684e+01
   5.5487790e+06   1.4465332e+01
   5.5488480e+06   1.4587402e+01
   5.5490140e+06   1.4404297e+01
   5.5491660e+06   1.4221191e+01
   5.5567320e+06   1.6357422e+01
   5.5567570e+06   2.0751953e+01
   5.5568370e+06   1.7944336e+01
   5.5569230e+06   2.5878906e+01
   5.5570100e+06   1.4526367e+01
   5.5570260e+06   1.4221191e+01
   5.5571110e+06   1.8127441e+01
   5.5572590e+06   1.5380859e+01
   5.5573560e+06   1.4709473e+01
   5.5574770e+06   1.5686035e+01
   5.5576320e+06   1.4770508e+01
   5.5577990e+06   1.6357422e+01
   5.5664070e+06   2.1545410e+01
   5.5664400e+06   1.8554688e+01
   5.5665000e+06   2.4353027e+01
   5.5665730e+06   2.0385742e+01
   5.5666420e+06   1.5625000e+01
   5.5666730e+06   1.5197754e+01
   5.5667070e+06   1.4343262e+01
   5.5667220e+06   1.5075684e+01
   5.5668780e+06   1.6845703e+01
   5.5670810e+06   1.4221191e+01
   5.5673160e+06   1.6540527e+01
   5.5675880e+06   1.8554688e+01
   5.5770140e+06   1.4343262e+01
   5.5770340e+06   2.4719238e+01
   5.5770450e+06   1.8676758e+01
   5.5770770e+06   1.4953613e+01
   5.5771210e+06   2.0080566e+01
   5.5771330e+06   1.5258789e+01
   5.5771960e+06   2.3437500e+01
   5.5772320e+06   1.6601562e+01
   5.5772740e+06   1.6967773e+01
   5.5773440e+06   1.6601562e+01
   5.5774070e+06   1.5136719e+01
   5.5774910e+06   1.7883301e+01
   5.5775710e+06   1.5686035e+01
   5.5776530e+06   1.5563965e+01
   5.5777040e+06   1.6235352e+01
   5.5778700e+06   1.5014648e+01
   5.5860940e+06   2.6062012e+01
   5.5861390e+06   1.5075684e+01
   5.5861740e+06   1.7089844e+01
   5.5861840e+06   1.9653320e+01
   5.5862120e+06   1.4526367e+01
   5.5862280e+06   1.6601562e+01
   5.5862570e+06   1.6540527e+01
   5.5863360e+06   1.8066406e+01
   5.5863550e+06   1.6235352e+01
   5.5864380e+06   1.6479492e+01
   5.5864620e+06   1.8859863e+01
   5.5866490e+06   2.0019531e+01
   5.5866910e+06   1.5991211e+01
   5.5867180e+06   1.4892578e+01
   5.5867550e+06   1.7150879e+01
   5.8526410e+06   3.0029297e+01
   5.8528890e+06   1.8249512e+01
   5.8529430e+06   1.9226074e+01
   5.8530640e+06   1.5014648e+01
   5.8532240e+06   1.6357422e+01
   5.8532580e+06   2.7893066e+01
   5.8533010e+06   1.4770508e+01
   5.8533310e+06   3.2287598e+01
   5.8534000e+06   1.4526367e+01
   5.8534420e+06   1.4404297e+01
   5.8534630e+06   2.1423340e+01
   5.8535280e+06   1.6418457e+01
   5.8535980e+06   2.0751953e+01
   5.8536400e+06   1.5991211e+01
   5.8537990e+06   1.6967773e+01
   5.8538230e+06   1.4892578e+01
   5.8538640e+06   1.4892578e+01
   5.8539620e+06   1.4587402e+01
   5.8540490e+06   2.1057129e+01
   5.8542200e+06   1.7944336e+01
   5.9189770e+06   1.7150879e+01
   5.9195100e+06   1.7395020e+01
   5.9198460e+06   1.4282227e+01
   5.9198880e+06   1.4648438e+01
   5.9199610e+06   2.6306152e+01
   5.9199910e+06   1.4953613e+01
   5.9200410e+06   1.5563965e+01
   5.9201150e+06   2.7099609e+01
   5.9201950e+06   1.7028809e+01
   5.9202820e+06   1.6418457e+01
   5.9202990e+06   1.5808105e+01
   5.9203820e+06   2.3376465e+01
   5.9204790e+06   2.0019531e+01
   5.9205660e+06   1.6601563e+01
   5.9206840e+06   1.9653320e+01
   5.9211240e+06   1.4953613e+01
