   5.9990000e+06   0.0000000e+00
   1.0028000e+04   2.4169922e+01
   1.0063000e+04   2.8442383e+01
   1.0083000e+04   1.9653320e+01
   1.1265000e+04   1.8493652e+01
   1.3121400e+05   1.7761230e+01
   1.3123800e+05   2.3559570e+01
   1.3228900e+05   1.8493652e+01
   1.7569300e+05   2.8686523e+01
   1.7571400e+05   2.0385742e+01
   1.7573100e+05   2.0385742e+01
   4.4843100e+05   2.0751953e+01
   4.4846200e+05   2.6306152e+01
   4.4847600e+05   1.9958496e+01
   4.4849600e+05   2.3376465e+01
   4.4852600e+05   1.8554688e+01
   4.4854200e+05   2.0263672e+01
   4.4872400e+05   1.7761230e+01
   4.4877000e+05   1.9409180e+01
   4.4882000e+05   1.9714355e+01
   4.5219600e+05   1.7944336e+01
   6.1095700e+05   1.8798828e+01
   6.1097700e+05   2.3376465e+01
   6.1103700e+05   1.9042969e+01
   6.1107400e+05   1.8981934e+01
   6.1128300e+05   1.8188477e+01
   6.1257500e+05   2.2705078e+01
   7.4775200e+05   2.4169922e+01
   7.4778700e+05   3.2226562e+01
   7.4782700e+05   2.4414062e+01
   7.4788600e+05   1.9958496e+01
   7.4916900e+05   1.9775391e+01
   7.4948300e+05   1.8859863e+01
   7.5006200e+05   1.8127441e+01
   8.1131000e+05   2.7648926e+01
   8.1143400e+05   1.7761230e+01
   8.1328700e+05   2.0263672e+01
   8.1619600e+05   1.7822266e+01
   8.4841900e+05   2.0019531e+01
   8.4845200e+05   3.1311035e+01
   8.4848500e+05   2.1850586e+01
   8.4851500e+05   2.0385742e+01
   8.4857400e+05   1.8432617e+01
   8.5053300e+05   1.8981934e+01
   8.5065600e+05   2.0141602e+01
   8.5258500e+05   1.7883301e+01
   8.5278200e+05   1.7700195e+01
   1.0624640e+06   2.2949219e+01
   1.0625220e+06   2.4658203e+01
   1.0625560e+06   1.8310547e+01
   1.0625850e+06   2.5390625e+01
   1.0626440e+06   2.7282715e+01
   1.0639220e+06   1.7822266e+01
   1.2246060e+06   2.1972656e+01
   1.2246370e+06   2.3437500e+01
   1.2246680e+06   2.0751953e+01
   1.2247030e+06   1.8310547e+01
   1.2265850e+06   2.1972656e+01
   1.2278200e+06   1.8249512e+01
   1.3579920e+06   1.9470215e+01
   1.3580290e+06   2.1179199e+01
   1.3580640e+06   2.0202637e+01
   1.3581010e+06   2.0141602e+01
   1.3581800e+06   1.7822266e+01
   1.3598620e+06   1.8005371e+01
   1.5102290e+06   2.0141602e+01
   1.5102530e+06   2.0996094e+01
   1.5102780e+06   2.1484375e+01
   1.5102980e+06   1.8249512e+01
   1.5103330e+06   2.6184082e+01
   1.5578130e+06   1.9409180e+01
   1.5578480e+06   1.8493652e+01
   1.7064490e+06   2.1728516e+01
   1.7064610e+06   1.9165039e+01
   1.7064810e+06   2.2521973e+01
   1.7065230e+06   2.3376465e+01
   1.7066690e+06   1.7700195e+01
   1.7080480e+06   1.7883301e+01
   1.7227480e+06   2.2827148e+01
   1.7228030e+06   1.9348145e+01
   1.7228230e+06   1.9470215e+01
   1.7229350e+06   1.7883301e+01
   1.7229920e+06   2.1301270e+01
   1.7364060e+06   2.0019531e+01
   1.7364850e+06   1.8798828e+01
   1.7365050e+06   1.7700195e+01
   1.7365350e+06   2.0019531e+01
   1.7365460e+06   1.8493652e+01
   1.7366010e+06   2.1850586e+01
   1.7383160e+06   1.9104004e+01
   1.7964390e+06   2.0690918e+01
   1.7964640e+06   1.9714355e+01
   1.7965200e+06   1.8798828e+01
   1.7970280e+06   1.7944336e+01
   1.7978820e+06   1.8066406e+01
   1.7981060e+06   2.0690918e+01
   1.8307470e+06   2.1911621e+01
   1.8307580e+06   2.5146484e+01
   1.8307800e+06   1.8981934e+01
   1.8308110e+06   1.8310547e+01
   1.8308240e+06   2.4719238e+01
   1.8319040e+06   1.8432617e+01
   1.8464170e+06   1.7822266e+01
   1.8464770e+06   2.1423340e+01
   1.8479770e+06   1.7883301e+01
   1.8584120e+06   2.4230957e+01
   1.8584590e+06   1.9714355e+01
   1.8584750e+06   2.3315430e+01
   1.8585240e+06   1.8615723e+01
   1.8585370e+06   1.8066406e+01
   1.8585480e+06   2.2277832e+01
   1.8586010e+06   1.7822266e+01
   1.8586310e+06   1.8615723e+01
   1.8599940e+06   1.9348145e+01
   1.8613810e+06   1.7700195e+01
   1.8694070e+06   1.8188477e+01
   1.8694640e+06   2.0263672e+01
   1.8694890e+06   2.5207520e+01
   1.8695600e+06   1.8310547e+01
   1.8696000e+06   1.9042969e+01
   1.8697880e+06   1.8188477e+01
   1.8707350e+06   2.0507812e+01
   1.8790770e+06   2.3193359e+01
   1.8791400e+06   1.9775391e+01
   1.8792050e+06   1.9714355e+01
   1.8794360e+06   1.9836426e+01
   2.3993660e+06   2.2277832e+01
   2.3993780e+06   1.8005371e+01
   2.3994020e+06   1.8310547e+01
   2.3994200e+06   2.2888184e+01
   2.4006010e+06   1.8249512e+01
   2.4010110e+06   1.8432617e+01
   2.5325900e+06   2.0568848e+01
   2.5326150e+06   1.8798828e+01
   2.5336740e+06   1.9287109e+01
   2.7619760e+06   2.6000977e+01
   2.7619980e+06   2.2399902e+01
   2.7620650e+06   1.8249512e+01
   2.7621190e+06   1.8432617e+01
   2.7623380e+06   1.8310547e+01
   2.7635580e+06   2.0263672e+01
   2.9719140e+06   2.0751953e+01
   2.9719260e+06   2.1057129e+01
   2.9722310e+06   1.7822266e+01
   3.0551070e+06   1.8432617e+01
   3.0551390e+06   1.7944336e+01
   3.0551510e+06   1.8432617e+01
   3.0562600e+06   1.8066406e+01
   3.0571000e+06   1.9348145e+01
   3.1567320e+06   2.6550293e+01
   3.1567600e+06   1.7700195e+01
   3.1814840e+06   2.0263672e+01
   3.1815160e+06   2.8808594e+01
   3.1816180e+06   2.4169922e+01
   3.1816520e+06   1.8432617e+01
   3.1836710e+06   1.9897461e+01
   3.1917860e+06   2.2338867e+01
   3.1918270e+06   1.8188477e+01
   3.1918440e+06   1.7700195e+01
   3.1918590e+06   1.8127441e+01
   3.1919690e+06   2.3071289e+01
   3.1923220e+06   1.7761230e+01
   3.2013080e+06   1.8554688e+01
   3.2013830e+06   2.0080566e+01
   3.2015560e+06   2.6611328e+01
   3.2016960e+06   1.7761230e+01
   3.2096130e+06   2.7343750e+01
   3.2099360e+06   1.8432617e+01
   3.2103790e+06   1.9042969e+01
   3.2117910e+06   2.0446777e+01
   3.2196600e+06   1.8920898e+01
   3.2197240e+06   2.3437500e+01
   3.2197940e+06   1.9409180e+01
   3.2200280e+06   2.0446777e+01
   3.2294400e+06   1.9592285e+01
   3.2295000e+06   2.6306152e+01
   3.2295150e+06   2.0019531e+01
   3.2295760e+06   1.8676758e+01
   3.2296950e+06   1.8554688e+01
   3.2298960e+06   1.8615723e+01
   3.2305120e+06   1.9714355e+01
   3.2469720e+06   1.8737793e+01
   3.2470490e+06   1.8737793e+01
   3.2470650e+06   1.9165039e+01
   3.2473570e+06   2.0019531e+01
   3.2506370e+06   1.8249512e+01
   3.2510260e+06   1.8737793e+01
   3.4859920e+06   2.3254395e+01
   3.4860260e+06   2.0874023e+01
   3.4860580e+06   2.2644043e+01
   3.4861360e+06   1.8371582e+01
   3.4869770e+06   1.9592285e+01
   3.8471450e+06   1.8981934e+01
   3.8471600e+06   2.3742676e+01
   3.8471940e+06   2.0812988e+01
   3.8472910e+06   2.0935059e+01
   3.8484760e+06   1.9531250e+01
   3.8488200e+06   2.3681641e+01
   3.8489710e+06   1.7944336e+01
   4.0590600e+06   1.8493652e+01
   4.0590820e+06   1.8066406e+01
   4.0591410e+06   1.7761230e+01
   4.0591800e+06   1.9226074e+01
   4.0846410e+06   2.1911621e+01
   4.0846640e+06   2.3376465e+01
   4.0846950e+06   2.3925781e+01
   4.0847140e+06   1.8005371e+01
   4.1060430e+06   1.8371582e+01
   4.1060890e+06   2.4353027e+01
   4.1061290e+06   2.0385742e+01
   4.1062230e+06   1.8188477e+01
   4.1094650e+06   1.7822266e+01
   4.1175700e+06   1.9592285e+01
   4.1176800e+06   2.5024414e+01
   4.1177060e+06   1.8737793e+01
   4.1177590e+06   2.1545410e+01
   4.1192060e+06   1.9348145e+01
   4.1203690e+06   2.3010254e+01
   4.1271200e+06   2.2399902e+01
   4.1271720e+06   2.0996094e+01
   4.1286440e+06   1.8615723e+01
   4.1386320e+06   1.8676758e+01
   4.1386950e+06   3.0151367e+01
   4.1388080e+06   1.8188477e+01
   4.1390310e+06   1.7944336e+01
   4.1407510e+06   1.9287109e+01
   4.1412580e+06   1.8005371e+01
   4.1425930e+06   1.7700195e+01
   4.1470500e+06   1.9348145e+01
   4.1471760e+06   2.0019531e+01
   4.1474420e+06   1.8310547e+01
   4.1476670e+06   1.7944336e+01
   4.1555630e+06   2.0874023e+01
   4.1555820e+06   2.1240234e+01
   4.1556520e+06   2.0629883e+01
   4.1557450e+06   1.8981934e+01
   4.1557920e+06   1.8066406e+01
   4.6614590e+06   2.6000977e+01
   4.6615750e+06   1.8798828e+01
   4.6629690e+06   1.8920898e+01
   4.8744830e+06   2.5634766e+01
   4.8745190e+06   1.7883301e+01
   4.8745490e+06   1.9287109e+01
   4.8745790e+06   2.0324707e+01
   4.8746550e+06   1.8554688e+01
   4.8746850e+06   1.8127441e+01
   4.8748460e+06   1.9531250e+01
   4.8754930e+06   1.8798828e+01
   4.8763220e+06   1.8493652e+01
   4.9941920e+06   1.9470215e+01
   4.9942200e+06   2.4597168e+01
   4.9942920e+06   1.8737793e+01
   4.9955860e+06   1.8066406e+01
   5.3231030e+06   1.8127441e+01
   5.3231470e+06   1.7944336e+01
   5.3231580e+06   1.8676758e+01
   5.3231940e+06   2.1179199e+01
   5.3232120e+06   2.0019531e+01
   5.3232640e+06   2.1118164e+01
   5.3233070e+06   1.8737793e+01
   5.3239400e+06   1.9531250e+01
   5.5040890e+06   3.6193848e+01
   5.5041250e+06   1.9714355e+01
   5.5041480e+06   1.9531250e+01
   5.5058610e+06   1.7883301e+01
   5.5199050e+06   2.2338867e+01
   5.5199450e+06   1.9470215e+01
   5.5199700e+06   1.9348145e+01
   5.5200720e+06   2.2399902e+01
   5.5373700e+06   2.4291992e+01
   5.5373890e+06   1.9287109e+01
   5.5374190e+06   2.2399902e+01
   5.5374540e+06   1.7822266e+01
   5.5481500e+06   2.0446777e+01
   5.5482310e+06   1.7761230e+01
   5.5490460e+06   1.8249512e+01
   5.5567400e+06   1.8432617e+01
   5.5568260e+06   1.8066406e+01
   5.5568590e+06   2.0812988e+01
   5.5569180e+06   1.8371582e+01
   5.5569670e+06   1.8432617e+01
   5.5593660e+06   1.7822266e+01
   5.5664650e+06   1.8310547e+01
   5.5665110e+06   1.9775391e+01
   5.5665440e+06   1.7944336e+01
   5.5666100e+06   1.8066406e+01
   5.5667270e+06   1.7883301e+01
   5.5668430e+06   2.0751953e+01
   5.5682810e+06   2.0141602e+01
   5.5689120e+06   1.9165039e+01
   5.5771060e+06   1.8798828e+01
   5.5779990e+06   1.8188477e+01
   5.5796740e+06   1.8798828e+01
   5.5862050e+06   1.9348145e+01
   5.5865570e+06   1.8188477e+01
   5.8531150e+06   2.1728516e+01
   5.8531290e+06   2.0385742e+01
   5.8531730e+06   2.2399902e+01
   5.8531920e+06   1.9165039e+01
   5.9197790e+06   1.9226074e+01
   5.9197940e+06   1.7883301e+01
   5.9198180e+06   2.6428223e+01
   5.9198550e+06   1.8066406e+01
   5.9198900e+06   1.8676758e+01
   5.9199870e+06   1.8188477e+01
   5.9218410e+06   1.7761230e+01
