   5.9990000e+06   0.0000000e+00
   9.8100000e+03   1.7639160e+01
   9.9040000e+03   1.7028809e+01
   1.0062000e+04   1.8798828e+01
   1.0089000e+04   2.1118164e+01
   1.0136000e+04   1.5991211e+01
   1.0152000e+04   2.1179199e+01
   1.0228000e+04   4.2724609e+01
   1.0263000e+04   1.7456055e+01
   1.0283000e+04   3.7231445e+01
   1.0342000e+04   3.0456543e+01
   1.0392000e+04   3.3264160e+01
   1.0408000e+04   1.6235352e+01
   1.0439000e+04   2.5451660e+01
   1.0457000e+04   1.7089844e+01
   1.0490000e+04   2.5207520e+01
   1.0550000e+04   1.7333984e+01
   1.0568000e+04   1.8920898e+01
   1.0615000e+04   2.9357910e+01
   1.0660000e+04   1.6662598e+01
   1.0698000e+04   1.8676758e+01
   1.0825000e+04   1.7272949e+01
   1.0925000e+04   2.6550293e+01
   1.1033000e+04   1.5808105e+01
   1.1106000e+04   1.6418457e+01
   1.1252000e+04   1.7700195e+01
   1.1749000e+04   1.6845703e+01
   1.1810000e+04   1.6174316e+01
   1.1860000e+04   2.4169922e+01
   1.2040000e+04   1.5930176e+01
   1.2581000e+04   1.7944336e+01
   1.3112700e+05   1.5991211e+01
   1.3118000e+05   2.0996094e+01
   1.3125000e+05   2.2216797e+01
   1.3127700e+05   2.3620605e+01
   1.3131100e+05   1.9287109e+01
   1.3136300e+05   1.6174316e+01
   1.3143900e+05   4.7546387e+01
   1.3149000e+05   3.8085938e+01
   1.3150500e+05   2.0263672e+01
   1.3154200e+05   3.6193848e+01
   1.3159100e+05   1.9653320e+01
   1.3164400e+05   2.5939941e+01
   1.3167900e+05   1.9348145e+01
   1.3170100e+05   1.7028809e+01
   1.3173200e+05   2.3193359e+01
   1.3175000e+05   1.6967773e+01
   1.3180100e+05   1.9104004e+01
   1.3185400e+05   1.6052246e+01
   1.3188500e+05   2.1972656e+01
   1.3206700e+05   1.6296387e+01
   1.3219800e+05   1.7333984e+01
   1.3278600e+05   1.7639160e+01
   1.3291000e+05   1.6174316e+01
   1.3296500e+05   1.8310547e+01
   1.3345100e+05   1.8798828e+01
   1.3353300e+05   1.6235352e+01
   1.3367100e+05   1.6174316e+01
   1.3376700e+05   1.5808105e+01
   1.3396400e+05   1.6540527e+01
   1.7572300e+05   2.0324707e+01
   1.7576400e+05   1.9897461e+01
   1.7578900e+05   1.7272949e+01
   1.7580800e+05   3.4545898e+01
   1.7585300e+05   3.1066895e+01
   1.7587900e+05   1.6662598e+01
   1.7590200e+05   1.6174316e+01
   1.7591500e+05   1.7639160e+01
   1.7592700e+05   1.5991211e+01
   1.7595300e+05   2.1606445e+01
   1.7599500e+05   2.1301270e+01
   1.7603500e+05   2.5390625e+01
   1.7607900e+05   2.0019531e+01
   1.7612600e+05   1.6906738e+01
   1.7615000e+05   1.5930176e+01
   1.7617100e+05   1.5991211e+01
   1.7685200e+05   1.7944336e+01
   1.7690500e+05   1.6906738e+01
   1.7728900e+05   1.5808105e+01
   1.7732800e+05   1.6723633e+01
   1.7754900e+05   1.6906738e+01
   1.7773100e+05   1.5930176e+01
   1.7782300e+05   1.8371582e+01
   1.7800300e+05   1.6113281e+01
   1.7849000e+05   1.6418457e+01
   4.4811400e+05   1.9714355e+01
   4.4839100e+05   1.7456055e+01
   4.4845100e+05   1.5808105e+01
   4.4850800e+05   1.7150879e+01
   4.4854400e+05   1.6418457e+01
   4.4857600e+05   1.9958496e+01
   4.4861500e+05   1.7578125e+01
   4.4863300e+05   4.4311523e+01
   4.4868500e+05   4.2480469e+01
   4.4871800e+05   1.5869141e+01
   4.4876900e+05   3.5400391e+01
   4.4880800e+05   2.2949219e+01
   4.4881800e+05   1.8432617e+01
   4.4885200e+05   3.2165527e+01
   4.4890100e+05   1.9287109e+01
   4.4891500e+05   1.6967773e+01
   4.4894300e+05   1.6418457e+01
   4.4897100e+05   2.0874023e+01
   4.4901900e+05   1.6967773e+01
   4.4921500e+05   2.0385742e+01
   4.4939500e+05   1.7883301e+01
   4.4945200e+05   1.6662598e+01
   4.4955600e+05   1.6784668e+01
   4.4988100e+05   1.6723633e+01
   4.5016700e+05   1.5991211e+01
   4.5068200e+05   1.6601562e+01
   6.1075300e+05   1.7578125e+01
   6.1084600e+05   1.6296387e+01
   6.1095900e+05   1.7333984e+01
   6.1097500e+05   2.1667480e+01
   6.1099400e+05   1.6784668e+01
   6.1102200e+05   1.5808105e+01
   6.1104000e+05   1.6967773e+01
   6.1108200e+05   2.8320313e+01
   6.1111500e+05   1.9104004e+01
   6.1114000e+05   3.8208008e+01
   6.1117100e+05   1.9226074e+01
   6.1118300e+05   3.5949707e+01
   6.1123200e+05   2.9785156e+01
   6.1128700e+05   2.8747559e+01
   6.1129900e+05   1.9592285e+01
   6.1132600e+05   2.3742676e+01
   6.1136200e+05   2.2705078e+01
   6.1140800e+05   1.5869141e+01
   6.1146700e+05   1.8981934e+01
   6.1153100e+05   1.5869141e+01
   6.1161100e+05   1.7089844e+01
   6.1188500e+05   1.5930176e+01
   6.1218300e+05   1.6418457e+01
   6.1250000e+05   1.6662598e+01
   6.1375400e+05   1.6601562e+01
   7.4761900e+05   1.8249512e+01
   7.4778400e+05   1.6113281e+01
   7.4782700e+05   1.6174316e+01
   7.4790300e+05   3.5766602e+01
   7.4796500e+05   3.4606934e+01
   7.4801000e+05   3.0578613e+01
   7.4806200e+05   3.6132812e+01
   7.4811000e+05   2.5268555e+01
   7.4815400e+05   2.3803711e+01
   7.4819300e+05   2.3071289e+01
   7.4825100e+05   3.0151367e+01
   7.4829100e+05   1.8310547e+01
   7.4832300e+05   1.8432617e+01
   7.4883300e+05   1.6235352e+01
   7.4920100e+05   1.5869141e+01
   7.4924600e+05   1.9165039e+01
   7.4934500e+05   1.9348145e+01
   7.5110000e+05   1.8188477e+01
   8.1126000e+05   1.6967773e+01
   8.1127800e+05   1.6113281e+01
   8.1132300e+05   2.4597168e+01
   8.1135800e+05   1.6113281e+01
   8.1140200e+05   4.8095703e+01
   8.1144000e+05   1.7456055e+01
   8.1146000e+05   2.8320312e+01
   8.1148300e+05   2.0568848e+01
   8.1152100e+05   3.3813477e+01
   8.1153500e+05   2.2827148e+01
   8.1157500e+05   2.9846191e+01
   8.1163200e+05   3.0090332e+01
   8.1167400e+05   1.7272949e+01
   8.1173300e+05   2.0812988e+01
   8.1175700e+05   1.9714355e+01
   8.1190400e+05   1.8127441e+01
   8.1191700e+05   1.5869141e+01
   8.1196700e+05   1.6784668e+01
   8.1208000e+05   1.7517090e+01
   8.1212100e+05   1.6357422e+01
   8.1238200e+05   1.6662598e+01
   8.1245400e+05   1.9104004e+01
   8.1282900e+05   1.6479492e+01
   8.1378800e+05   1.8005371e+01
   8.4820300e+05   1.5869141e+01
   8.4830700e+05   1.5930176e+01
   8.4841100e+05   3.1066895e+01
   8.4844300e+05   1.6967773e+01
   8.4845900e+05   1.9287109e+01
   8.4847300e+05   1.9958496e+01
   8.4851100e+05   2.5512695e+01
   8.4856300e+05   2.5512695e+01
   8.4861000e+05   1.8554688e+01
   8.4863000e+05   1.5869141e+01
   8.4865100e+05   2.2766113e+01
   8.4869200e+05   1.9531250e+01
   8.4873200e+05   2.6672363e+01
   8.4877400e+05   2.2705078e+01
   8.4880200e+05   1.6357422e+01
   8.4882900e+05   1.6113281e+01
   8.4886600e+05   1.6540527e+01
   8.4891800e+05   1.9531250e+01
   8.4895700e+05   1.8310547e+01
   8.4904200e+05   2.0996094e+01
   8.4913400e+05   1.7150879e+01
   8.4927700e+05   1.7578125e+01
   8.4938700e+05   1.7333984e+01
   8.4961700e+05   1.8920898e+01
   8.4982100e+05   1.6174316e+01
   8.4988400e+05   1.8798828e+01
   8.4999300e+05   1.6540527e+01
   8.5024800e+05   1.6357422e+01
   1.0623230e+06   1.6113281e+01
   1.0623380e+06   3.7475586e+01
   1.0623660e+06   1.6113281e+01
   1.0624230e+06   1.7211914e+01
   1.0625140e+06   2.2277832e+01
   1.0625460e+06   1.8249512e+01
   1.0625590e+06   2.2277832e+01
   1.0626810e+06   4.2602539e+01
   1.0626970e+06   1.6052246e+01
   1.0627310e+06   4.6142578e+01
   1.0627930e+06   2.6184082e+01
   1.0628410e+06   2.7221680e+01
   1.0628900e+06   2.6245117e+01
   1.0629330e+06   1.8676758e+01
   1.0630150e+06   2.2644043e+01
   1.0630640e+06   1.9897461e+01
   1.0631250e+06   1.6174316e+01
   1.0633500e+06   1.8859863e+01
   1.0634130e+06   1.8432617e+01
   1.0635430e+06   1.9042969e+01
   1.0638200e+06   1.6235352e+01
   1.0643030e+06   1.7150879e+01
   1.0647590e+06   1.8127441e+01
   1.0649970e+06   1.6723633e+01
   1.2244580e+06   2.0568848e+01
   1.2246160e+06   1.6296387e+01
   1.2246350e+06   1.7333984e+01
   1.2246780e+06   2.2583008e+01
   1.2247210e+06   1.6540527e+01
   1.2247560e+06   1.6662598e+01
   1.2247770e+06   1.7089844e+01
   1.2247950e+06   3.2043457e+01
   1.2248190e+06   1.6235352e+01
   1.2248420e+06   3.4118652e+01
   1.2248900e+06   3.2470703e+01
   1.2249270e+06   2.9479980e+01
   1.2249770e+06   3.1005859e+01
   1.2250200e+06   2.9663086e+01
   1.2250420e+06   1.8920898e+01
   1.2250700e+06   1.9775391e+01
   1.2250950e+06   1.6845703e+01
   1.2251080e+06   1.5991211e+01
   1.2251540e+06   2.5146484e+01
   1.2251640e+06   1.6174316e+01
   1.2251980e+06   2.0080566e+01
   1.2252410e+06   1.8005371e+01
   1.2252830e+06   1.6235352e+01
   1.2257950e+06   1.8798828e+01
   1.2260590e+06   1.6296387e+01
   1.2261270e+06   1.7395020e+01
   1.2264370e+06   1.6357422e+01
   1.2267250e+06   1.8737793e+01
   1.2271780e+06   1.5869141e+01
   1.3580390e+06   2.0568848e+01
   1.3580690e+06   2.2766113e+01
   1.3580930e+06   2.2644043e+01
   1.3581300e+06   1.7761230e+01
   1.3581460e+06   1.7517090e+01
   1.3581750e+06   3.8269043e+01
   1.3581930e+06   1.7089844e+01
   1.3582520e+06   4.1931152e+01
   1.3582830e+06   2.3010254e+01
   1.3583190e+06   3.5400391e+01
   1.3583480e+06   1.6418457e+01
   1.3583640e+06   2.4658203e+01
   1.3583930e+06   1.5869141e+01
   1.3584130e+06   2.9602051e+01
   1.3584690e+06   2.8076172e+01
   1.3584800e+06   2.4291992e+01
   1.3585120e+06   1.8066406e+01
   1.3585950e+06   1.7761230e+01
   1.3586530e+06   2.7770996e+01
   1.3587100e+06   1.6845703e+01
   1.3588150e+06   1.6906738e+01
   1.3589310e+06   1.7028809e+01
   1.3590410e+06   1.5869141e+01
   1.3591140e+06   1.5991211e+01
   1.3591840e+06   1.6235352e+01
   1.3593410e+06   1.5930176e+01
   1.3594190e+06   1.5808105e+01
   1.3594540e+06   1.5808105e+01
   1.3595100e+06   1.6540527e+01
   1.3597880e+06   1.9226074e+01
   1.3598400e+06   1.7456055e+01
   1.3602360e+06   1.6906738e+01
   1.5100060e+06   1.7517090e+01
   1.5102060e+06   1.8432617e+01
   1.5102360e+06   1.7089844e+01
   1.5102560e+06   1.6906738e+01
   1.5103600e+06   1.7639160e+01
   1.5104030e+06   3.3508301e+01
   1.5104180e+06   2.0202637e+01
   1.5104370e+06   1.7272949e+01
   1.5104700e+06   3.7170410e+01
   1.5105080e+06   3.9306641e+01
   1.5105360e+06   1.8798828e+01
   1.5105610e+06   3.1738281e+01
   1.5106070e+06   2.8808594e+01
   1.5106260e+06   1.7822266e+01
   1.5106450e+06   2.0141602e+01
   1.5106790e+06   1.8127441e+01
   1.5106890e+06   2.3071289e+01
   1.5108360e+06   1.7700195e+01
   1.5109200e+06   2.3498535e+01
   1.5109870e+06   1.5869141e+01
   1.5110360e+06   1.6601562e+01
   1.5111500e+06   1.7578125e+01
   1.5118340e+06   1.9226074e+01
   1.5119330e+06   1.7089844e+01
   1.5119530e+06   1.6357422e+01
   1.5120370e+06   1.6967773e+01
   1.5121290e+06   1.5930176e+01
   1.5575830e+06   1.6296387e+01
   1.5577490e+06   1.6784668e+01
   1.5578340e+06   2.1911621e+01
   1.5578590e+06   1.9775391e+01
   1.5578960e+06   1.7089844e+01
   1.5579400e+06   2.1179199e+01
   1.5580020e+06   3.2714844e+01
   1.5580500e+06   1.6479492e+01
   1.5580640e+06   1.6906738e+01
   1.5580810e+06   1.8554688e+01
   1.5581120e+06   3.0334473e+01
   1.5581450e+06   1.6113281e+01
   1.5581620e+06   2.1057129e+01
   1.5582010e+06   3.5766602e+01
   1.5582310e+06   1.6723633e+01
   1.5582410e+06   1.6723633e+01
   1.5582670e+06   1.6357422e+01
   1.5582930e+06   2.1301270e+01
   1.5583650e+06   1.9470215e+01
   1.5584170e+06   1.6540527e+01
   1.5584390e+06   1.7761230e+01
   1.5584600e+06   1.6418457e+01
   1.5584930e+06   2.1972656e+01
   1.5585040e+06   1.6174316e+01
   1.5585600e+06   1.7517090e+01
   1.5588380e+06   1.6113281e+01
   1.5591420e+06   1.6052246e+01
   1.5592230e+06   1.8188477e+01
   1.5598520e+06   1.6540527e+01
   1.5610860e+06   1.6723633e+01
   1.7062630e+06   1.7150879e+01
   1.7063170e+06   1.7333984e+01
   1.7063740e+06   1.6723633e+01
   1.7064420e+06   1.6235352e+01
   1.7064740e+06   1.9409180e+01
   1.7064980e+06   1.6723633e+01
   1.7065290e+06   1.7395020e+01
   1.7065630e+06   1.8920898e+01
   1.7065740e+06   1.8859863e+01
   1.7066230e+06   4.6386719e+01
   1.7066730e+06   4.9194336e+01
   1.7067190e+06   2.4536133e+01
   1.7067620e+06   1.9409180e+01
   1.7067850e+06   2.4230957e+01
   1.7068410e+06   3.2165527e+01
   1.7068660e+06   1.8127441e+01
   1.7068850e+06   2.6245117e+01
   1.7069140e+06   1.5930176e+01
   1.7069370e+06   2.1057129e+01
   1.7070380e+06   1.9348145e+01
   1.7070880e+06   1.8127441e+01
   1.7071440e+06   2.5207520e+01
   1.7072040e+06   1.5869141e+01
   1.7073880e+06   1.6235352e+01
   1.7075160e+06   1.7456055e+01
   1.7077310e+06   1.5869141e+01
   1.7078070e+06   1.6540527e+01
   1.7078950e+06   1.6052246e+01
   1.7079930e+06   1.8493652e+01
   1.7086110e+06   2.2094727e+01
   1.7091060e+06   1.8859863e+01
   1.7227680e+06   1.7028809e+01
   1.7228170e+06   2.1728516e+01
   1.7228330e+06   1.6662598e+01
   1.7228720e+06   5.2978516e+01
   1.7229110e+06   1.6723633e+01
   1.7229310e+06   1.8249512e+01
   1.7229530e+06   3.1677246e+01
   1.7229850e+06   1.7089844e+01
   1.7229990e+06   2.7282715e+01
   1.7230440e+06   2.3315430e+01
   1.7230770e+06   2.1301270e+01
   1.7230960e+06   2.9479980e+01
   1.7231420e+06   2.0263672e+01
   1.7231630e+06   1.6479492e+01
   1.7232000e+06   1.9714355e+01
   1.7232530e+06   1.8493652e+01
   1.7233100e+06   1.7211914e+01
   1.7233860e+06   1.6418457e+01
   1.7234300e+06   1.6174316e+01
   1.7236860e+06   1.5991211e+01
   1.7238910e+06   1.5991211e+01
   1.7239760e+06   1.8676758e+01
   1.7243240e+06   1.5869141e+01
   1.7244100e+06   1.7517090e+01
   1.7251500e+06   1.5991211e+01
   1.7256600e+06   1.6113281e+01
   1.7363900e+06   1.6296387e+01
   1.7364800e+06   1.9348145e+01
   1.7364950e+06   4.1687012e+01
   1.7365230e+06   2.2521973e+01
   1.7365520e+06   2.2155762e+01
   1.7365710e+06   3.8208008e+01
   1.7366290e+06   3.1738281e+01
   1.7366390e+06   2.1972656e+01
   1.7366860e+06   3.0151367e+01
   1.7367230e+06   1.7395020e+01
   1.7367490e+06   2.3498535e+01
   1.7367940e+06   2.5085449e+01
   1.7368190e+06   1.5808105e+01
   1.7368430e+06   2.0324707e+01
   1.7368690e+06   1.8737793e+01
   1.7369200e+06   2.7282715e+01
   1.7369850e+06   1.6723633e+01
   1.7371040e+06   2.0751953e+01
   1.7371520e+06   1.7822266e+01
   1.7372370e+06   1.7578125e+01
   1.7374380e+06   1.6723633e+01
   1.7377580e+06   1.5991211e+01
   1.7383540e+06   1.6906738e+01
   1.7390370e+06   1.7028809e+01
   1.7962720e+06   1.6357422e+01
   1.7963300e+06   2.0507813e+01
   1.7963800e+06   2.5634766e+01
   1.7963910e+06   4.2785645e+01
   1.7964260e+06   1.7272949e+01
   1.7964490e+06   2.9479980e+01
   1.7964950e+06   2.2644043e+01
   1.7965310e+06   2.3864746e+01
   1.7965450e+06   2.9907227e+01
   1.7965860e+06   1.5991211e+01
   1.7966130e+06   4.4433594e+01
   1.7966730e+06   3.2470703e+01
   1.7967090e+06   2.4230957e+01
   1.7967270e+06   1.9226074e+01
   1.7967580e+06   2.7404785e+01
   1.7967720e+06   1.5930176e+01
   1.7967910e+06   1.9104004e+01
   1.7968140e+06   2.6367188e+01
   1.7968470e+06   1.9958496e+01
   1.7969180e+06   1.6845703e+01
   1.7975030e+06   1.7333984e+01
   1.7975790e+06   1.6479492e+01
   1.7976370e+06   1.6479492e+01
   1.7979890e+06   1.5991211e+01
   1.7982260e+06   1.9897461e+01
   1.8307360e+06   1.8005371e+01
   1.8307770e+06   4.3823242e+01
   1.8307970e+06   1.6357422e+01
   1.8308260e+06   1.7822266e+01
   1.8308370e+06   4.0039062e+01
   1.8308610e+06   2.1240234e+01
   1.8308770e+06   2.3376465e+01
   1.8308870e+06   2.2216797e+01
   1.8309270e+06   2.2705078e+01
   1.8309650e+06   2.1484375e+01
   1.8309910e+06   2.1911621e+01
   1.8310570e+06   1.6052246e+01
   1.8311460e+06   1.7883301e+01
   1.8312940e+06   1.8859863e+01
   1.8322440e+06   1.6662598e+01
   1.8324750e+06   1.7150879e+01
   1.8326880e+06   1.7211914e+01
   1.8329380e+06   1.7517090e+01
   1.8462780e+06   2.1789551e+01
   1.8463940e+06   1.8615723e+01
   1.8464070e+06   3.2226562e+01
   1.8464660e+06   1.9897461e+01
   1.8465080e+06   1.6052246e+01
   1.8465280e+06   2.1911621e+01
   1.8465410e+06   3.5034180e+01
   1.8465670e+06   1.8737793e+01
   1.8465900e+06   1.7272949e+01
   1.8466110e+06   1.6174316e+01
   1.8466500e+06   1.9165039e+01
   1.8466740e+06   1.8615723e+01
   1.8466940e+06   1.9897461e+01
   1.8467620e+06   1.6235352e+01
   1.8467870e+06   1.7333984e+01
   1.8468490e+06   1.6174316e+01
   1.8469760e+06   1.8188477e+01
   1.8471440e+06   1.8127441e+01
   1.8473420e+06   1.7272949e+01
   1.8474290e+06   1.8310547e+01
   1.8474760e+06   1.6113281e+01
   1.8476520e+06   1.8066406e+01
   1.8478740e+06   1.7150879e+01
   1.8480650e+06   1.6967773e+01
   1.8482520e+06   1.7456055e+01
   1.8488290e+06   1.5869141e+01
   1.8490440e+06   1.7395020e+01
   1.8498060e+06   1.6235352e+01
   1.8584270e+06   1.7639160e+01
   1.8584870e+06   2.5573730e+01
   1.8585020e+06   4.1687012e+01
   1.8585460e+06   2.6977539e+01
   1.8585630e+06   3.4118652e+01
   1.8586150e+06   2.1484375e+01
   1.8586280e+06   1.7761230e+01
   1.8586760e+06   2.6245117e+01
   1.8586890e+06   2.1484375e+01
   1.8587350e+06   1.5808105e+01
   1.8588840e+06   1.7822266e+01
   1.8589230e+06   1.6174316e+01
   1.8589980e+06   1.5991211e+01
   1.8591090e+06   2.0080566e+01
   1.8592120e+06   1.7639160e+01
   1.8592410e+06   1.7456055e+01
   1.8593200e+06   2.2033691e+01
   1.8594830e+06   1.7272949e+01
   1.8595610e+06   2.4414063e+01
   1.8597070e+06   1.8066406e+01
   1.8601360e+06   1.8676758e+01
   1.8602780e+06   1.6113281e+01
   1.8693730e+06   1.7028809e+01
   1.8694330e+06   4.6997070e+01
   1.8694670e+06   1.7333984e+01
   1.8695120e+06   4.0405273e+01
   1.8695270e+06   1.7395020e+01
   1.8695530e+06   1.7700195e+01
   1.8695910e+06   3.4851074e+01
   1.8696500e+06   1.8127441e+01
   1.8696610e+06   2.1789551e+01
   1.8697170e+06   2.9113770e+01
   1.8697840e+06   3.0944824e+01
   1.8697950e+06   2.1057129e+01
   1.8698520e+06   2.4963379e+01
   1.8699330e+06   2.0996094e+01
   1.8699460e+06   1.6784668e+01
   1.8700180e+06   1.7517090e+01
   1.8700730e+06   2.0324707e+01
   1.8701370e+06   1.7883301e+01
   1.8702530e+06   1.9226074e+01
   1.8703790e+06   1.6235352e+01
   1.8705670e+06   1.7333984e+01
   1.8706420e+06   1.6357422e+01
   1.8706670e+06   1.8371582e+01
   1.8708070e+06   1.7028809e+01
   1.8788780e+06   3.0639648e+01
   1.8789580e+06   1.5869141e+01
   1.8790090e+06   4.1931152e+01
   1.8790430e+06   1.6113281e+01
   1.8790920e+06   3.0029297e+01
   1.8791020e+06   2.9052734e+01
   1.8791660e+06   1.7395020e+01
   1.8791840e+06   2.6672363e+01
   1.8792740e+06   1.7089844e+01
   1.8793190e+06   1.6418457e+01
   1.8793360e+06   1.7211914e+01
   1.8794370e+06   1.6967773e+01
   1.8794770e+06   1.7700195e+01
   1.8794970e+06   1.6052246e+01
   1.8795460e+06   1.8066406e+01
   1.8797420e+06   2.0629883e+01
   1.8798780e+06   2.1423340e+01
   1.8800480e+06   1.7822266e+01
   1.8801390e+06   1.6174316e+01
   2.3990700e+06   1.7211914e+01
   2.3991020e+06   3.3691406e+01
   2.3992390e+06   1.7395020e+01
   2.3993600e+06   1.6784668e+01
   2.3993950e+06   1.7272949e+01
   2.3994160e+06   1.6357422e+01
   2.3994360e+06   1.6601562e+01
   2.3994630e+06   1.5869141e+01
   2.3995650e+06   3.8146973e+01
   2.3996200e+06   4.4677734e+01
   2.3996660e+06   3.0395508e+01
   2.3996760e+06   1.9104004e+01
   2.3997220e+06   3.3447266e+01
   2.3997410e+06   1.6052246e+01
   2.3997700e+06   2.7954102e+01
   2.3998220e+06   2.0690918e+01
   2.3998700e+06   1.6052246e+01
   2.3998990e+06   2.2521973e+01
   2.3999460e+06   1.9958496e+01
   2.4001320e+06   1.6174316e+01
   2.4006410e+06   1.6479492e+01
   2.4007040e+06   1.5808105e+01
   2.4008620e+06   1.7944336e+01
   2.4010580e+06   2.3925781e+01
   2.4011370e+06   1.9470215e+01
   2.4013510e+06   1.5869141e+01
   2.5323100e+06   1.9897461e+01
   2.5323750e+06   3.5400391e+01
   2.5323970e+06   1.6601563e+01
   2.5325500e+06   1.8310547e+01
   2.5325840e+06   1.7822266e+01
   2.5326100e+06   1.6967773e+01
   2.5326250e+06   2.6428223e+01
   2.5326600e+06   1.7211914e+01
   2.5326880e+06   3.6193848e+01
   2.5327530e+06   3.9245605e+01
   2.5327870e+06   1.8920898e+01
   2.5328010e+06   3.2531738e+01
   2.5328370e+06   1.9775391e+01
   2.5328590e+06   2.6977539e+01
   2.5329050e+06   3.1005859e+01
   2.5329490e+06   1.6845703e+01
   2.5330030e+06   2.6184082e+01
   2.5330160e+06   1.6418457e+01
   2.5330540e+06   1.6540527e+01
   2.5331010e+06   2.7954102e+01
   2.5331240e+06   1.7456055e+01
   2.5331990e+06   2.5390625e+01
   2.5332540e+06   1.7517090e+01
   2.5332750e+06   1.6418457e+01
   2.5338660e+06   1.6479492e+01
   2.5339580e+06   1.6174316e+01
   2.5340200e+06   1.7333984e+01
   2.5340510e+06   1.6967773e+01
   2.5341270e+06   1.8371582e+01
   2.5343140e+06   1.6662598e+01
   2.5343950e+06   1.7639160e+01
   2.5348840e+06   1.7150879e+01
   2.5354390e+06   1.9042969e+01
   2.7617760e+06   1.9226074e+01
   2.7618060e+06   3.9428711e+01
   2.7619510e+06   1.9409180e+01
   2.7620060e+06   1.5991211e+01
   2.7620610e+06   1.6296387e+01
   2.7620840e+06   1.5991211e+01
   2.7621470e+06   4.0710449e+01
   2.7621750e+06   2.2338867e+01
   2.7621970e+06   2.8442383e+01
   2.7622500e+06   4.3701172e+01
   2.7622710e+06   1.7517090e+01
   2.7623050e+06   2.4108887e+01
   2.7623550e+06   2.4475098e+01
   2.7623940e+06   2.2155762e+01
   2.7624450e+06   2.2277832e+01
   2.7625290e+06   1.9958496e+01
   2.7625800e+06   2.1423340e+01
   2.7626220e+06   2.0324707e+01
   2.7628140e+06   2.0141602e+01
   2.7630670e+06   1.6235352e+01
   2.7631430e+06   1.8554688e+01
   2.7634260e+06   1.6235352e+01
   2.7635450e+06   1.6357422e+01
   2.7636730e+06   1.9104004e+01
   2.7646750e+06   1.6601562e+01
   2.9718080e+06   1.7761230e+01
   2.9718620e+06   1.5869141e+01
   2.9719110e+06   1.6479492e+01
   2.9719250e+06   1.8371582e+01
   2.9719420e+06   1.6052246e+01
   2.9719630e+06   1.8920898e+01
   2.9720790e+06   3.9062500e+01
   2.9721350e+06   3.3874512e+01
   2.9721760e+06   3.7170410e+01
   2.9722100e+06   1.5930176e+01
   2.9722200e+06   3.2165527e+01
   2.9722740e+06   2.6550293e+01
   2.9722840e+06   1.8737793e+01
   2.9723210e+06   2.4353027e+01
   2.9723590e+06   1.7517090e+01
   2.9723700e+06   1.7395020e+01
   2.9724120e+06   2.0874023e+01
   2.9724580e+06   1.9042969e+01
   2.9724830e+06   1.6540527e+01
   2.9725260e+06   1.8005371e+01
   2.9726680e+06   1.6723633e+01
   2.9727570e+06   2.0202637e+01
   2.9728060e+06   1.6723633e+01
   2.9729520e+06   1.6967773e+01
   2.9730910e+06   1.5808105e+01
   2.9731330e+06   1.8005371e+01
   2.9733800e+06   1.6174316e+01
   2.9736550e+06   1.6845703e+01
   2.9737220e+06   1.9226074e+01
   2.9738130e+06   1.7700195e+01
   2.9739280e+06   1.6052246e+01
   2.9741070e+06   1.5808105e+01
   2.9746890e+06   1.7395020e+01
   2.9749430e+06   2.0751953e+01
   3.0547170e+06   1.8920898e+01
   3.0549120e+06   3.5461426e+01
   3.0549400e+06   1.6479492e+01
   3.0550860e+06   2.5512695e+01
   3.0551180e+06   1.9226074e+01
   3.0552120e+06   4.6142578e+01
   3.0552460e+06   1.7883301e+01
   3.0552820e+06   3.4973145e+01
   3.0553360e+06   3.5156250e+01
   3.0553580e+06   1.7456055e+01
   3.0553840e+06   2.3254395e+01
   3.0554430e+06   3.0761719e+01
   3.0554710e+06   2.1850586e+01
   3.0554850e+06   2.3803711e+01
   3.0555240e+06   2.1850586e+01
   3.0555700e+06   2.1484375e+01
   3.0556610e+06   1.8310547e+01
   3.0557210e+06   1.8493652e+01
   3.0557770e+06   1.6723633e+01
   3.0558220e+06   1.7150879e+01
   3.0558680e+06   1.6174316e+01
   3.0559290e+06   1.9775391e+01
   3.0559510e+06   1.8066406e+01
   3.0561060e+06   1.9042969e+01
   3.0564910e+06   1.8066406e+01
   3.0569760e+06   1.7028809e+01
   3.0571370e+06   1.7883301e+01
   3.0573170e+06   1.7089844e+01
   3.1566730e+06   2.2705078e+01
   3.1567190e+06   2.0812988e+01
   3.1567400e+06   1.7395020e+01
   3.1567660e+06   2.3681641e+01
   3.1567960e+06   1.8127441e+01
   3.1568100e+06   4.3212891e+01
   3.1568410e+06   2.6306152e+01
   3.1568820e+06   3.9123535e+01
   3.1569070e+06   1.6174316e+01
   3.1569380e+06   3.7475586e+01
   3.1569480e+06   1.8432617e+01
   3.1569870e+06   2.6123047e+01
   3.1570290e+06   2.3742676e+01
   3.1570740e+06   2.7770996e+01
   3.1571260e+06   1.7272949e+01
   3.1571540e+06   1.7761230e+01
   3.1571710e+06   1.6235352e+01
   3.1572290e+06   2.1667480e+01
   3.1575560e+06   1.6906738e+01
   3.1581210e+06   1.8676758e+01
   3.1582960e+06   1.7211914e+01
   3.1587220e+06   1.7456055e+01
   3.1588650e+06   1.6723633e+01
   3.1589850e+06   2.1545410e+01
   3.1591080e+06   1.6723633e+01
   3.1592590e+06   1.6967773e+01
   3.1812740e+06   1.8310547e+01
   3.1813880e+06   3.5278320e+01
   3.1814560e+06   1.8615723e+01
   3.1814760e+06   3.6499023e+01
   3.1814910e+06   1.9470215e+01
   3.1815400e+06   4.7119141e+01
   3.1815840e+06   2.2338867e+01
   3.1816280e+06   2.9968262e+01
   3.1816490e+06   2.0080566e+01
   3.1816730e+06   2.6733398e+01
   3.1817080e+06   2.0019531e+01
   3.1817180e+06   2.1850586e+01
   3.1817660e+06   1.6296387e+01
   3.1817930e+06   1.7211914e+01
   3.1820870e+06   2.1118164e+01
   3.1824850e+06   1.7639160e+01
   3.1827240e+06   1.6906738e+01
   3.1827540e+06   1.7089844e+01
   3.1829740e+06   1.6235352e+01
   3.1830190e+06   1.8127441e+01
   3.1833040e+06   1.8005371e+01
   3.1834070e+06   1.6540527e+01
   3.1836440e+06   1.5930176e+01
   3.1839100e+06   1.6235352e+01
   3.1843850e+06   1.6113281e+01
   3.1917470e+06   2.1911621e+01
   3.1918470e+06   3.8085937e+01
   3.1918570e+06   2.1362305e+01
   3.1919010e+06   1.9287109e+01
   3.1919370e+06   3.6071777e+01
   3.1919760e+06   1.6784668e+01
   3.1920170e+06   3.2653809e+01
   3.1920530e+06   1.7944336e+01
   3.1920970e+06   2.1301270e+01
   3.1921090e+06   2.4414062e+01
   3.1921380e+06   2.2033691e+01
   3.1921610e+06   1.6723633e+01
   3.1922190e+06   1.8859863e+01
   3.1922730e+06   1.7395020e+01
   3.1923960e+06   1.7822266e+01
   3.1924750e+06   1.9592285e+01
   3.1927880e+06   1.6418457e+01
   3.1931310e+06   2.2033691e+01
   3.1932770e+06   1.6235352e+01
   3.1933820e+06   1.6113281e+01
   3.1935210e+06   1.8737793e+01
   3.1935370e+06   1.6967773e+01
   3.2013150e+06   1.6784668e+01
   3.2013460e+06   3.3691406e+01
   3.2013900e+06   1.9653320e+01
   3.2014270e+06   2.6672363e+01
   3.2014500e+06   3.3874512e+01
   3.2014670e+06   1.8066406e+01
   3.2015000e+06   1.8920898e+01
   3.2015310e+06   2.8930664e+01
   3.2015430e+06   2.0507812e+01
   3.2015770e+06   1.6418457e+01
   3.2016040e+06   2.5146484e+01
   3.2016270e+06   1.7089844e+01
   3.2016760e+06   2.4902344e+01
   3.2017220e+06   2.1545410e+01
   3.2017550e+06   2.2888184e+01
   3.2017970e+06   1.7395020e+01
   3.2018350e+06   2.1057129e+01
   3.2019780e+06   1.8737793e+01
   3.2021260e+06   1.7333984e+01
   3.2021430e+06   2.0080566e+01
   3.2022310e+06   1.8066406e+01
   3.2022470e+06   1.8676758e+01
   3.2023180e+06   1.7150879e+01
   3.2027960e+06   1.6784668e+01
   3.2095710e+06   2.9968262e+01
   3.2096970e+06   1.9531250e+01
   3.2097250e+06   1.6113281e+01
   3.2097630e+06   3.1066895e+01
   3.2097970e+06   1.9470215e+01
   3.2098460e+06   2.0080566e+01
   3.2098880e+06   3.1921387e+01
   3.2099620e+06   2.2277832e+01
   3.2100130e+06   1.6845703e+01
   3.2100750e+06   1.8188477e+01
   3.2101330e+06   1.8432617e+01
   3.2101740e+06   1.9836426e+01
   3.2102990e+06   1.6296387e+01
   3.2103280e+06   1.6418457e+01
   3.2106170e+06   2.0629883e+01
   3.2107660e+06   1.6174316e+01
   3.2107950e+06   1.6784668e+01
   3.2108980e+06   1.5991211e+01
   3.2109540e+06   1.5869141e+01
   3.2112630e+06   1.5869141e+01
   3.2195020e+06   1.9592285e+01
   3.2195220e+06   3.1860352e+01
   3.2195360e+06   1.7211914e+01
   3.2195710e+06   1.7578125e+01
   3.2196370e+06   3.9916992e+01
   3.2197090e+06   1.7211914e+01
   3.2197190e+06   2.9724121e+01
   3.2197760e+06   1.5991211e+01
   3.2198040e+06   1.8310547e+01
   3.2198410e+06   3.3874512e+01
   3.2198810e+06   1.7211914e+01
   3.2199200e+06   2.3620605e+01
   3.2199760e+06   2.0690918e+01
   3.2199950e+06   1.9042969e+01
   3.2200720e+06   1.6479492e+01
   3.2200820e+06   1.7578125e+01
   3.2201590e+06   1.6540527e+01
   3.2201800e+06   1.6662598e+01
   3.2202260e+06   1.6052246e+01
   3.2202930e+06   1.7761230e+01
   3.2203810e+06   1.6723633e+01
   3.2204780e+06   1.7700195e+01
   3.2209240e+06   1.8737793e+01
   3.2210760e+06   1.6296387e+01
   3.2211050e+06   1.7456055e+01
   3.2212970e+06   1.7517090e+01
   3.2216760e+06   1.7883301e+01
   3.2219910e+06   1.6113281e+01
   3.2292830e+06   1.6601562e+01
   3.2293030e+06   3.1982422e+01
   3.2293440e+06   2.1301270e+01
   3.2294110e+06   3.2775879e+01
   3.2295050e+06   3.3081055e+01
   3.2295190e+06   1.6662598e+01
   3.2295710e+06   2.1972656e+01
   3.2296180e+06   1.5869141e+01
   3.2296590e+06   1.7150879e+01
   3.2297270e+06   1.6235352e+01
   3.2297550e+06   3.0456543e+01
   3.2298250e+06   1.7761230e+01
   3.2299130e+06   1.7761230e+01
   3.2299250e+06   1.8188477e+01
   3.2299550e+06   1.8005371e+01
   3.2301110e+06   1.7822266e+01
   3.2301320e+06   1.6662598e+01
   3.2302950e+06   1.6296387e+01
   3.2304280e+06   1.7028809e+01
   3.2305660e+06   1.6540527e+01
   3.2307220e+06   1.8981934e+01
   3.2311880e+06   1.7028809e+01
   3.2469750e+06   2.1667480e+01
   3.2469950e+06   3.9611816e+01
   3.2470180e+06   2.5512695e+01
   3.2470330e+06   3.5583496e+01
   3.2470760e+06   2.3925781e+01
   3.2470920e+06   1.7944336e+01
   3.2471100e+06   1.7639160e+01
   3.2471300e+06   1.9104004e+01
   3.2471520e+06   1.7395020e+01
   3.2471920e+06   1.8249512e+01
   3.2472130e+06   1.9226074e+01
   3.2472560e+06   1.7944336e+01
   3.2472670e+06   1.7822266e+01
   3.2472850e+06   1.6418457e+01
   3.2473590e+06   1.8737793e+01
   3.2477440e+06   1.7456055e+01
   3.2480330e+06   1.7456055e+01
   3.2481170e+06   1.7822266e+01
   3.2483390e+06   1.7272949e+01
   3.2486680e+06   2.2277832e+01
   3.2487560e+06   1.7700195e+01
   3.2488950e+06   1.8798828e+01
   3.2489050e+06   1.7517090e+01
   3.2490490e+06   1.5808105e+01
   3.2494570e+06   2.4047852e+01
   3.2497590e+06   1.5930176e+01
   3.4856190e+06   1.7639160e+01
   3.4856820e+06   1.9104004e+01
   3.4858640e+06   1.7700195e+01
   3.4859990e+06   1.6723633e+01
   3.4860240e+06   1.8615723e+01
   3.4860660e+06   1.7944336e+01
   3.4860890e+06   1.6174316e+01
   3.4861220e+06   2.1484375e+01
   3.4862090e+06   1.9897461e+01
   3.4863160e+06   3.7475586e+01
   3.4863780e+06   5.0659180e+01
   3.4864290e+06   2.8625488e+01
   3.4864660e+06   1.8615723e+01
   3.4864790e+06   2.4780273e+01
   3.4865280e+06   3.3935547e+01
   3.4865820e+06   3.9855957e+01
   3.4866330e+06   3.3325195e+01
   3.4866930e+06   3.0151367e+01
   3.4867410e+06   2.9113770e+01
   3.4867960e+06   2.2583008e+01
   3.4868580e+06   1.9592285e+01
   3.4869170e+06   1.6357422e+01
   3.4869640e+06   2.0568848e+01
   3.4870320e+06   2.3071289e+01
   3.4870730e+06   1.5869141e+01
   3.4871000e+06   2.4963379e+01
   3.4871650e+06   2.0141602e+01
   3.4872440e+06   2.2644043e+01
   3.4873850e+06   1.9348145e+01
   3.4874810e+06   1.5869141e+01
   3.4875080e+06   1.8615723e+01
   3.4876330e+06   1.7761230e+01
   3.4877530e+06   1.5869141e+01
   3.8468540e+06   1.8493652e+01
   3.8469620e+06   1.8188477e+01
   3.8470300e+06   1.6357422e+01
   3.8471390e+06   1.7456055e+01
   3.8471880e+06   1.5991211e+01
   3.8472410e+06   1.8981934e+01
   3.8473170e+06   3.6499023e+01
   3.8473680e+06   4.1870117e+01
   3.8473780e+06   1.7944336e+01
   3.8474050e+06   3.3325195e+01
   3.8474530e+06   2.6855469e+01
   3.8474990e+06   3.5034180e+01
   3.8475120e+06   2.1667480e+01
   3.8475420e+06   2.1240234e+01
   3.8475530e+06   1.7944336e+01
   3.8475870e+06   1.9470215e+01
   3.8475980e+06   1.8859863e+01
   3.8476390e+06   2.7709961e+01
   3.8476760e+06   1.7822266e+01
   3.8477190e+06   1.9409180e+01
   3.8480620e+06   1.7333984e+01
   3.8485040e+06   1.6418457e+01
   3.8485590e+06   1.6296387e+01
   3.8485900e+06   1.8615723e+01
   3.8486140e+06   1.5930176e+01
   3.8486850e+06   1.6174316e+01
   3.8487580e+06   1.6601562e+01
   3.8487870e+06   1.7944336e+01
   3.8491180e+06   1.7089844e+01
   4.0588630e+06   1.6174316e+01
   4.0589020e+06   1.8798828e+01
   4.0589120e+06   4.4250488e+01
   4.0589660e+06   1.6906738e+01
   4.0590590e+06   2.1423340e+01
   4.0590970e+06   1.7150879e+01
   4.0591420e+06   1.6967773e+01
   4.0591840e+06   2.0935059e+01
   4.0592280e+06   3.8391113e+01
   4.0592480e+06   1.8737793e+01
   4.0592810e+06   3.5766602e+01
   4.0592940e+06   2.6306152e+01
   4.0593320e+06   3.6865234e+01
   4.0593540e+06   1.9104004e+01
   4.0593840e+06   2.9968262e+01
   4.0594270e+06   1.6479492e+01
   4.0594570e+06   2.1667480e+01
   4.0594830e+06   1.9531250e+01
   4.0595150e+06   1.7822266e+01
   4.0595580e+06   1.6357422e+01
   4.0595910e+06   1.8554688e+01
   4.0596280e+06   2.1850586e+01
   4.0597110e+06   1.6662598e+01
   4.0598880e+06   1.9653320e+01
   4.0601020e+06   1.5991211e+01
   4.0601870e+06   1.5869141e+01
   4.0603230e+06   1.5869141e+01
   4.0603380e+06   1.8676758e+01
   4.0603920e+06   2.0874023e+01
   4.0604110e+06   1.6967773e+01
   4.0605090e+06   1.6113281e+01
   4.0605670e+06   2.0324707e+01
   4.0608440e+06   1.9226074e+01
   4.0610240e+06   1.5930176e+01
   4.0615670e+06   1.6357422e+01
   4.0845540e+06   1.7028809e+01
   4.0846350e+06   1.7883301e+01
   4.0846650e+06   2.9663086e+01
   4.0846800e+06   1.8066406e+01
   4.0847030e+06   1.9287109e+01
   4.0847310e+06   1.6113281e+01
   4.0847490e+06   4.5288086e+01
   4.0847780e+06   1.7150879e+01
   4.0848030e+06   2.3376465e+01
   4.0848310e+06   1.6296387e+01
   4.0848510e+06   1.7944336e+01
   4.0848910e+06   2.7832031e+01
   4.0849140e+06   1.7150879e+01
   4.0849290e+06   2.1301270e+01
   4.0849520e+06   1.7028809e+01
   4.0849750e+06   1.9226074e+01
   4.0850070e+06   1.6723633e+01
   4.0850220e+06   1.8249512e+01
   4.0850630e+06   1.6723633e+01
   4.0850840e+06   1.5869141e+01
   4.0860350e+06   1.9836426e+01
   4.0869740e+06   1.7333984e+01
   4.0873140e+06   1.9775391e+01
   4.0878450e+06   1.8127441e+01
   4.0902170e+06   1.7578125e+01
   4.1058560e+06   1.7211914e+01
   4.1059430e+06   4.1198730e+01
   4.1059590e+06   1.7700195e+01
   4.1060130e+06   3.9001465e+01
   4.1060860e+06   2.0263672e+01
   4.1060970e+06   2.7160645e+01
   4.1061500e+06   1.8493652e+01
   4.1061640e+06   3.3508301e+01
   4.1061900e+06   2.0751953e+01
   4.1062230e+06   2.7465820e+01
   4.1062670e+06   2.3437500e+01
   4.1062920e+06   1.7150879e+01
   4.1063130e+06   1.7883301e+01
   4.1064130e+06   2.1423340e+01
   4.1067890e+06   1.7150879e+01
   4.1068580e+06   1.7028809e+01
   4.1071220e+06   1.6296387e+01
   4.1075170e+06   1.8554688e+01
   4.1076930e+06   1.6174316e+01
   4.1078880e+06   1.5808105e+01
   4.1084430e+06   1.6601562e+01
   4.1086490e+06   1.6418457e+01
   4.1173870e+06   1.5869141e+01
   4.1174860e+06   3.1250000e+01
   4.1175830e+06   1.7395020e+01
   4.1176080e+06   2.9052734e+01
   4.1176230e+06   1.7211914e+01
   4.1176900e+06   1.7822266e+01
   4.1177280e+06   1.7333984e+01
   4.1177420e+06   2.5939941e+01
   4.1177530e+06   1.7211914e+01
   4.1177880e+06   1.6845703e+01
   4.1178180e+06   3.2104492e+01
   4.1178830e+06   3.5949707e+01
   4.1178940e+06   1.9470215e+01
   4.1179430e+06   1.6540527e+01
   4.1180130e+06   1.6479492e+01
   4.1180710e+06   1.7578125e+01
   4.1181180e+06   1.6906738e+01
   4.1181450e+06   2.0324707e+01
   4.1182010e+06   1.9287109e+01
   4.1184430e+06   1.7333984e+01
   4.1185400e+06   1.6479492e+01
   4.1186750e+06   1.7089844e+01
   4.1188750e+06   1.6235352e+01
   4.1192400e+06   2.0629883e+01
   4.1194620e+06   1.5930176e+01
   4.1206170e+06   1.6418457e+01
   4.1209170e+06   1.7333984e+01
   4.1219520e+06   1.8432617e+01
   4.1269010e+06   1.6845703e+01
   4.1269290e+06   2.8930664e+01
   4.1270550e+06   1.8554688e+01
   4.1271010e+06   1.6052246e+01
   4.1271390e+06   2.1911621e+01
   4.1271700e+06   1.6906738e+01
   4.1272040e+06   2.9357910e+01
   4.1272760e+06   1.9104004e+01
   4.1272960e+06   1.6052246e+01
   4.1273570e+06   2.1240234e+01
   4.1273730e+06   2.3498535e+01
   4.1274630e+06   2.0874023e+01
   4.1274890e+06   1.8493652e+01
   4.1275500e+06   1.5808105e+01
   4.1278870e+06   1.7639160e+01
   4.1280010e+06   2.3010254e+01
   4.1280700e+06   1.8798828e+01
   4.1282360e+06   1.6052246e+01
   4.1284080e+06   1.7822266e+01
   4.1285390e+06   1.6906738e+01
   4.1287560e+06   1.6418457e+01
   4.1384770e+06   2.1667480e+01
   4.1385220e+06   3.1066895e+01
   4.1385990e+06   3.4606934e+01
   4.1386120e+06   2.4230957e+01
   4.1386770e+06   2.9968262e+01
   4.1386940e+06   1.7639160e+01
   4.1387390e+06   2.8015137e+01
   4.1387580e+06   2.0263672e+01
   4.1387950e+06   1.8249512e+01
   4.1388530e+06   2.1972656e+01
   4.1389260e+06   1.9958496e+01
   4.1389680e+06   1.7333984e+01
   4.1393020e+06   1.6174316e+01
   4.1397090e+06   1.8005371e+01
   4.1401800e+06   1.6723633e+01
   4.1405660e+06   1.9226074e+01
   4.1407220e+06   1.7761230e+01
   4.1408990e+06   2.0202637e+01
   4.1424940e+06   1.7395020e+01
   4.1462830e+06   1.5808105e+01
   4.1470230e+06   1.7578125e+01
   4.1470610e+06   1.8737793e+01
   4.1470980e+06   1.7456055e+01
   4.1471190e+06   2.4353027e+01
   4.1471670e+06   1.7517090e+01
   4.1472280e+06   1.7578125e+01
   4.1472600e+06   1.6784668e+01
   4.1472980e+06   2.0996094e+01
   4.1473210e+06   1.6601562e+01
   4.1474110e+06   2.0568848e+01
   4.1474440e+06   2.0690918e+01
   4.1475170e+06   1.6723633e+01
   4.1475900e+06   1.5869141e+01
   4.1477200e+06   1.5869141e+01
   4.1478270e+06   2.0751953e+01
   4.1479550e+06   1.7333984e+01
   4.1479670e+06   1.6784668e+01
   4.1481720e+06   1.7211914e+01
   4.1485080e+06   1.5808105e+01
   4.1553090e+06   2.9235840e+01
   4.1553300e+06   1.6052246e+01
   4.1553420e+06   1.7089844e+01
   4.1554150e+06   3.1982422e+01
   4.1554980e+06   2.0629883e+01
   4.1555090e+06   2.5207520e+01
   4.1555520e+06   1.7395020e+01
   4.1556170e+06   2.7709961e+01
   4.1557490e+06   2.5878906e+01
   4.1559240e+06   1.6113281e+01
   4.1559570e+06   2.3620605e+01
   4.1560770e+06   2.1728516e+01
   4.1560920e+06   1.8615723e+01
   4.1564580e+06   1.7395020e+01
   4.1565270e+06   2.0141602e+01
   4.6612650e+06   1.8554688e+01
   4.6613350e+06   4.0649414e+01
   4.6613830e+06   1.8371582e+01
   4.6614220e+06   1.8493652e+01
   4.6614740e+06   2.2705078e+01
   4.6615080e+06   2.3437500e+01
   4.6615200e+06   1.7028809e+01
   4.6615500e+06   1.8554688e+01
   4.6616140e+06   4.0771484e+01
   4.6616850e+06   4.0710449e+01
   4.6617410e+06   3.5888672e+01
   4.6617880e+06   2.6672363e+01
   4.6618350e+06   3.0944824e+01
   4.6618770e+06   2.5878906e+01
   4.6619140e+06   2.3498535e+01
   4.6619640e+06   2.1789551e+01
   4.6619970e+06   1.8066406e+01
   4.6622590e+06   1.8615723e+01
   4.6623700e+06   1.5930176e+01
   4.6625500e+06   1.6906738e+01
   4.6627900e+06   1.6174316e+01
   4.6628710e+06   1.6784668e+01
   4.6631460e+06   1.6540527e+01
   4.8744630e+06   1.7456055e+01
   4.8744900e+06   1.7700195e+01
   4.8745190e+06   1.8493652e+01
   4.8745650e+06   2.0446777e+01
   4.8745780e+06   1.6418457e+01
   4.8746100e+06   2.5024414e+01
   4.8746610e+06   4.6020508e+01
   4.8747110e+06   4.6142578e+01
   4.8747480e+06   3.1250000e+01
   4.8747930e+06   3.7597656e+01
   4.8748250e+06   2.8869629e+01
   4.8748640e+06   2.0935059e+01
   4.8748920e+06   1.6418457e+01
   4.8749070e+06   1.6601562e+01
   4.8750810e+06   2.3681641e+01
   4.8751100e+06   1.7028809e+01
   4.8752440e+06   1.7333984e+01
   4.8752950e+06   2.2460938e+01
   4.8759060e+06   1.6601562e+01
   4.8759320e+06   1.7517090e+01
   4.8760190e+06   1.6418457e+01
   4.8761300e+06   2.0751953e+01
   4.8763030e+06   1.8249512e+01
   4.8763950e+06   2.2094727e+01
   4.8765670e+06   1.6052246e+01
   4.9938960e+06   1.7150879e+01
   4.9941630e+06   2.0935059e+01
   4.9942090e+06   2.0263672e+01
   4.9942860e+06   1.6052246e+01
   4.9943250e+06   4.2114258e+01
   4.9943570e+06   1.7517090e+01
   4.9943830e+06   3.3325195e+01
   4.9944040e+06   2.1606445e+01
   4.9944400e+06   3.7658691e+01
   4.9944590e+06   2.1850586e+01
   4.9944760e+06   1.8188477e+01
   4.9944880e+06   1.7578125e+01
   4.9945150e+06   2.3071289e+01
   4.9945600e+06   1.7211914e+01
   4.9946330e+06   1.9592285e+01
   4.9946690e+06   1.8737793e+01
   4.9947060e+06   1.6906738e+01
   4.9947480e+06   1.7700195e+01
   4.9954280e+06   1.6540527e+01
   4.9957070e+06   1.6235352e+01
   4.9957390e+06   1.6235352e+01
   4.9958680e+06   1.5808105e+01
   4.9959300e+06   1.7211914e+01
   4.9965030e+06   1.6418457e+01
   5.3230380e+06   1.5991211e+01
   5.3230570e+06   3.8269043e+01
   5.3230800e+06   1.5991211e+01
   5.3231460e+06   2.0324707e+01
   5.3231680e+06   1.9775391e+01
   5.3231840e+06   1.7761230e+01
   5.3232230e+06   4.4982910e+01
   5.3232990e+06   4.1198730e+01
   5.3233140e+06   1.9897461e+01
   5.3233400e+06   2.9357910e+01
   5.3233560e+06   1.7822266e+01
   5.3233760e+06   2.8869629e+01
   5.3234160e+06   3.4545898e+01
   5.3234370e+06   2.1423340e+01
   5.3234650e+06   1.9775391e+01
   5.3234940e+06   1.6540527e+01
   5.3235080e+06   2.1179199e+01
   5.3235480e+06   3.1677246e+01
   5.3235970e+06   1.8432617e+01
   5.3236300e+06   1.7761230e+01
   5.3238310e+06   1.5808105e+01
   5.3239360e+06   1.5808105e+01
   5.3244470e+06   1.6418457e+01
   5.3249630e+06   1.5808105e+01
   5.3250110e+06   1.5991211e+01
   5.3252000e+06   1.6418457e+01
   5.3256330e+06   1.6235352e+01
   5.5039520e+06   1.7089844e+01
   5.5040390e+06   1.6296387e+01
   5.5040580e+06   4.1687012e+01
   5.5041070e+06   1.6235352e+01
   5.5041310e+06   1.6052246e+01
   5.5041530e+06   2.0080566e+01
   5.5041810e+06   2.0568848e+01
   5.5042220e+06   3.4301758e+01
   5.5042450e+06   1.9592285e+01
   5.5042660e+06   3.9794922e+01
   5.5043000e+06   1.7883301e+01
   5.5043380e+06   3.1372070e+01
   5.5043860e+06   3.0334473e+01
   5.5044090e+06   2.0019531e+01
   5.5044450e+06   1.7089844e+01
   5.5044590e+06   1.6113281e+01
   5.5045050e+06   2.3803711e+01
   5.5045660e+06   1.7395020e+01
   5.5046830e+06   1.8432617e+01
   5.5049000e+06   2.1240234e+01
   5.5053310e+06   1.7211914e+01
   5.5054040e+06   1.6357422e+01
   5.5055880e+06   1.6540527e+01
   5.5056010e+06   1.6235352e+01
   5.5057580e+06   2.2216797e+01
   5.5062950e+06   1.6113281e+01
   5.5068300e+06   1.7517090e+01
   5.5197590e+06   1.7395020e+01
   5.5198630e+06   1.9409180e+01
   5.5198810e+06   4.7546387e+01
   5.5199410e+06   1.9836426e+01
   5.5199680e+06   3.0395508e+01
   5.5199890e+06   1.6540527e+01
   5.5200230e+06   3.1921387e+01
   5.5200540e+06   1.9287109e+01
   5.5200700e+06   3.0944824e+01
   5.5200860e+06   1.6296387e+01
   5.5201200e+06   1.9653320e+01
   5.5201490e+06   1.7822266e+01
   5.5201610e+06   2.0263672e+01
   5.5201990e+06   1.7578125e+01
   5.5202240e+06   1.8920898e+01
   5.5202650e+06   1.8981934e+01
   5.5203590e+06   1.6479492e+01
   5.5205310e+06   1.6174316e+01
   5.5207120e+06   1.7883301e+01
   5.5209280e+06   1.6662598e+01
   5.5210130e+06   1.9531250e+01
   5.5218090e+06   1.9042969e+01
   5.5219130e+06   1.7578125e+01
   5.5221070e+06   1.9592285e+01
   5.5229890e+06   1.6662598e+01
   5.5231660e+06   1.7578125e+01
   5.5249040e+06   1.7211914e+01
   5.5268710e+06   1.6479492e+01
   5.5371920e+06   1.7700195e+01
   5.5372230e+06   3.1982422e+01
   5.5372680e+06   1.9714355e+01
   5.5373040e+06   3.3996582e+01
   5.5373290e+06   2.3498535e+01
   5.5373410e+06   1.6113281e+01
   5.5373570e+06   3.3264160e+01
   5.5373810e+06   2.1667480e+01
   5.5374120e+06   3.6926270e+01
   5.5374390e+06   1.9592285e+01
   5.5374730e+06   2.7404785e+01
   5.5374970e+06   1.7333984e+01
   5.5375300e+06   2.8320312e+01
   5.5375540e+06   2.5085449e+01
   5.5376010e+06   2.5695801e+01
   5.5376520e+06   1.8310547e+01
   5.5376760e+06   1.9470215e+01
   5.5387040e+06   2.0812988e+01
   5.5389300e+06   1.6296387e+01
   5.5389420e+06   2.0507812e+01
   5.5390430e+06   1.6601562e+01
   5.5391700e+06   1.8676758e+01
   5.5392610e+06   1.8188477e+01
   5.5393980e+06   1.7883301e+01
   5.5427880e+06   1.8127441e+01
   5.5481860e+06   1.6235352e+01
   5.5482280e+06   2.7343750e+01
   5.5482590e+06   1.8005371e+01
   5.5482720e+06   2.2644043e+01
   5.5483180e+06   2.4841309e+01
   5.5483420e+06   2.0324707e+01
   5.5484250e+06   1.5991211e+01
   5.5484550e+06   1.6479492e+01
   5.5484900e+06   1.5930176e+01
   5.5485040e+06   1.7456055e+01
   5.5485320e+06   2.2216797e+01
   5.5485590e+06   1.5869141e+01
   5.5486120e+06   1.6418457e+01
   5.5486390e+06   1.6174316e+01
   5.5487420e+06   1.7395020e+01
   5.5489360e+06   1.9409180e+01
   5.5491480e+06   1.6052246e+01
   5.5492430e+06   1.5808105e+01
   5.5495750e+06   1.9531250e+01
   5.5497520e+06   1.7944336e+01
   5.5501420e+06   1.8066406e+01
   5.5505540e+06   1.7456055e+01
   5.5567610e+06   1.7456055e+01
   5.5568060e+06   3.4667969e+01
   5.5568410e+06   1.8188477e+01
   5.5568710e+06   1.7395020e+01
   5.5569280e+06   3.0944824e+01
   5.5569380e+06   1.7578125e+01
   5.5569850e+06   1.7761230e+01
   5.5570070e+06   2.4963379e+01
   5.5570260e+06   1.6296387e+01
   5.5570580e+06   1.7272949e+01
   5.5571000e+06   2.1728516e+01
   5.5571400e+06   1.6235352e+01
   5.5571810e+06   1.9226074e+01
   5.5572420e+06   1.9958496e+01
   5.5573540e+06   1.5869141e+01
   5.5574660e+06   1.6479492e+01
   5.5575860e+06   2.0080566e+01
   5.5576330e+06   1.6174316e+01
   5.5577010e+06   2.1972656e+01
   5.5582000e+06   1.6296387e+01
   5.5582560e+06   1.5808105e+01
   5.5664610e+06   1.5869141e+01
   5.5664800e+06   3.0578613e+01
   5.5665150e+06   2.5573730e+01
   5.5665450e+06   3.3264160e+01
   5.5665870e+06   2.1911621e+01
   5.5666140e+06   2.2521973e+01
   5.5666420e+06   3.4545898e+01
   5.5666960e+06   1.5930176e+01
   5.5667610e+06   2.4169922e+01
   5.5667800e+06   2.0080566e+01
   5.5668580e+06   1.5869141e+01
   5.5669140e+06   1.9470215e+01
   5.5669780e+06   1.7456055e+01
   5.5670050e+06   1.8005371e+01
   5.5670790e+06   1.7028809e+01
   5.5673750e+06   1.5869141e+01
   5.5673980e+06   1.7761230e+01
   5.5675030e+06   2.3254395e+01
   5.5677300e+06   1.6662598e+01
   5.5678430e+06   1.8554688e+01
   5.5679920e+06   1.7028809e+01
   5.5681560e+06   1.6174316e+01
   5.5682460e+06   1.6479492e+01
   5.5769440e+06   3.1738281e+01
   5.5770230e+06   2.4902344e+01
   5.5770610e+06   1.7395020e+01
   5.5771050e+06   2.5207520e+01
   5.5771180e+06   3.2287598e+01
   5.5771900e+06   2.2949219e+01
   5.5772030e+06   2.0874023e+01
   5.5772830e+06   2.3315430e+01
   5.5773610e+06   2.1484375e+01
   5.5774030e+06   1.9653320e+01
   5.5774490e+06   1.6662598e+01
   5.5774880e+06   1.7272949e+01
   5.5775290e+06   1.6113281e+01
   5.5775920e+06   1.8005371e+01
   5.5776480e+06   1.7089844e+01
   5.5777580e+06   1.8737793e+01
   5.5778140e+06   2.0263672e+01
   5.5778750e+06   2.0996094e+01
   5.5780000e+06   2.1423340e+01
   5.5780100e+06   1.5991211e+01
   5.5781170e+06   1.6296387e+01
   5.5783670e+06   1.5991211e+01
   5.5785140e+06   1.6418457e+01
   5.5786650e+06   2.0141602e+01
   5.5790160e+06   1.6967773e+01
   5.5860090e+06   3.0456543e+01
   5.5860360e+06   1.6296387e+01
   5.5860770e+06   1.7761230e+01
   5.5861230e+06   2.9418945e+01
   5.5862220e+06   2.0874023e+01
   5.5862640e+06   2.0263672e+01
   5.5863090e+06   1.9592285e+01
   5.5863590e+06   1.9165039e+01
   5.5863990e+06   2.6428223e+01
   5.5864320e+06   1.5930176e+01
   5.5864920e+06   1.8310547e+01
   5.5865030e+06   1.7944336e+01
   5.5865540e+06   2.3559570e+01
   5.5865830e+06   1.5991211e+01
   5.5866590e+06   1.6235352e+01
   5.5869860e+06   2.0874023e+01
   5.5872780e+06   1.6967773e+01
   5.8530790e+06   1.8798828e+01
   5.8531030e+06   2.1423340e+01
   5.8532400e+06   2.2521973e+01
   5.8532850e+06   3.7536621e+01
   5.8533050e+06   1.6113281e+01
   5.8533340e+06   3.4484863e+01
   5.8533560e+06   1.6296387e+01
   5.8533960e+06   3.7353516e+01
   5.8534500e+06   3.3935547e+01
   5.8535020e+06   2.4658203e+01
   5.8535460e+06   2.9541016e+01
   5.8535830e+06   2.2766113e+01
   5.8536240e+06   1.8249512e+01
   5.8536600e+06   1.5991211e+01
   5.8537100e+06   2.0141602e+01
   5.8537530e+06   1.8920898e+01
   5.8537960e+06   1.6052246e+01
   5.8538170e+06   1.6418457e+01
   5.8539010e+06   1.5991211e+01
   5.8539690e+06   1.6845703e+01
   5.8541760e+06   1.6540527e+01
   5.8543600e+06   1.6357422e+01
   5.8544340e+06   2.1118164e+01
   5.8545100e+06   1.6052246e+01
   5.8549290e+06   1.5808105e+01
   5.8550300e+06   1.8554688e+01
   5.8552220e+06   1.5991211e+01
   5.8553420e+06   1.7395020e+01
   5.9197980e+06   1.7089844e+01
   5.9198250e+06   1.5869141e+01
   5.9198450e+06   1.8127441e+01
   5.9199520e+06   4.6997070e+01
   5.9199700e+06   1.8798828e+01
   5.9200210e+06   4.3579102e+01
   5.9200730e+06   3.2653809e+01
   5.9200890e+06   1.7333984e+01
   5.9201200e+06   1.5930176e+01
   5.9201310e+06   3.0395508e+01
   5.9201830e+06   3.7231445e+01
   5.9202350e+06   2.3193359e+01
   5.9202770e+06   2.1118164e+01
   5.9203320e+06   3.0700684e+01
   5.9203890e+06   2.5329590e+01
   5.9204000e+06   1.7089844e+01
   5.9204460e+06   2.9113770e+01
   5.9204910e+06   2.7832031e+01
   5.9205360e+06   1.6784668e+01
   5.9205460e+06   2.5451660e+01
   5.9205890e+06   1.9104004e+01
   5.9206640e+06   1.8371582e+01
   5.9207310e+06   1.8859863e+01
   5.9208080e+06   1.8859863e+01
   5.9208740e+06   1.6113281e+01
   5.9209690e+06   2.0446777e+01
   5.9210440e+06   2.0385742e+01
   5.9211110e+06   1.5991211e+01
   5.9211400e+06   1.6357422e+01
   5.9211840e+06   1.5808105e+01
   5.9212020e+06   1.7028809e+01
   5.9213460e+06   1.5930176e+01
   5.9214070e+06   1.7395020e+01
   5.9215050e+06   1.6418457e+01
   5.9218090e+06   1.9165039e+01
   5.9219060e+06   1.6479492e+01
