   5.9990000e+06   0.0000000e+00
   7.7720000e+03   1.7944336e+01
   1.0044000e+04   1.8737793e+01
   1.0073000e+04   2.3864746e+01
   1.0101000e+04   3.0029297e+01
   1.0113000e+04   2.1301270e+01
   1.0148000e+04   3.3691406e+01
   1.0196000e+04   2.4536133e+01
   1.0207000e+04   2.3498535e+01
   1.0220000e+04   4.5776367e+01
   1.0241000e+04   2.2216797e+01
   1.0266000e+04   2.1179199e+01
   1.0287000e+04   1.9348145e+01
   1.0324000e+04   4.6691895e+01
   1.0372000e+04   3.3081055e+01
   1.0419000e+04   1.8432617e+01
   1.0433000e+04   3.6499023e+01
   1.0476000e+04   2.1728516e+01
   1.0491000e+04   3.3935547e+01
   1.0544000e+04   3.1799316e+01
   1.0717000e+04   2.2766113e+01
   1.0841000e+04   2.0751953e+01
   1.0932000e+04   1.8615723e+01
   1.0981000e+04   2.2644043e+01
   1.1133000e+04   1.8188477e+01
   1.1205000e+04   1.8615723e+01
   1.1275000e+04   1.8615723e+01
   1.1487000e+04   1.8005371e+01
   1.1633000e+04   2.2705078e+01
   1.4145000e+04   1.8859863e+01
   1.1642200e+05   2.0263672e+01
   1.3127700e+05   1.7822266e+01
   1.3130000e+05   2.0324707e+01
   1.3132200e+05   2.6611328e+01
   1.3133500e+05   5.7250977e+01
   1.3136900e+05   2.2094727e+01
   1.3138800e+05   1.9775391e+01
   1.3141000e+05   5.4077148e+01
   1.3142400e+05   1.8493652e+01
   1.3146300e+05   4.1076660e+01
   1.3148500e+05   2.1118164e+01
   1.3152100e+05   4.5227051e+01
   1.3154200e+05   2.5390625e+01
   1.3156100e+05   3.7536621e+01
   1.3159800e+05   2.3498535e+01
   1.3161900e+05   3.6560059e+01
   1.3165200e+05   2.7099609e+01
   1.3167400e+05   3.5278320e+01
   1.3169600e+05   1.9897461e+01
   1.3173200e+05   2.6062012e+01
   1.3177300e+05   2.6123047e+01
   1.3178400e+05   2.3437500e+01
   1.3182900e+05   1.8188477e+01
   1.3184300e+05   2.9296875e+01
   1.3191600e+05   2.1118164e+01
   1.3202600e+05   1.9592285e+01
   1.3206400e+05   2.3010254e+01
   1.3213800e+05   1.8920898e+01
   1.3216500e+05   1.8005371e+01
   1.3224500e+05   2.1728516e+01
   1.3227200e+05   2.3254395e+01
   1.3244400e+05   1.7822266e+01
   1.3246800e+05   1.8371582e+01
   1.3263700e+05   1.9226074e+01
   1.3267600e+05   1.8859863e+01
   1.3282900e+05   1.9531250e+01
   1.3284500e+05   1.7944336e+01
   1.3290100e+05   2.0935059e+01
   1.3292700e+05   1.8249512e+01
   1.3298900e+05   1.7944336e+01
   1.3365700e+05   1.8371582e+01
   1.7582900e+05   2.1606445e+01
   1.7584100e+05   1.8310547e+01
   1.7587800e+05   4.0161133e+01
   1.7589500e+05   4.2724609e+01
   1.7592200e+05   2.5756836e+01
   1.7596700e+05   4.2419434e+01
   1.7599100e+05   2.6489258e+01
   1.7601700e+05   3.6071777e+01
   1.7607000e+05   3.3264160e+01
   1.7610100e+05   1.8310547e+01
   1.7611400e+05   2.5268555e+01
   1.7615400e+05   1.9104004e+01
   1.7616800e+05   3.0212402e+01
   1.7622800e+05   1.8554688e+01
   1.7628200e+05   1.9104004e+01
   1.7631300e+05   1.8432617e+01
   1.7643300e+05   1.8005371e+01
   1.7649400e+05   1.9409180e+01
   1.7691000e+05   1.8005371e+01
   1.7716900e+05   1.8188477e+01
   1.7736500e+05   1.9165039e+01
   1.7755400e+05   1.8798828e+01
   1.7788500e+05   1.8005371e+01
   1.7815600e+05   2.0385742e+01
   1.7860300e+05   1.8615723e+01
   3.0272400e+05   1.8859863e+01
   3.3731100e+05   1.7944336e+01
   3.4296100e+05   1.8798828e+01
   3.4731800e+05   1.9958496e+01
   3.4937000e+05   1.9226074e+01
   3.5551400e+05   1.8127441e+01
   3.6002300e+05   1.7883301e+01
   3.9990100e+05   2.0141602e+01
   4.1771700e+05   1.9775391e+01
   4.3517700e+05   2.0019531e+01
   4.4647900e+05   2.0629883e+01
   4.4839200e+05   2.7404785e+01
   4.4843600e+05   2.6184082e+01
   4.4848700e+05   2.4230957e+01
   4.4851200e+05   5.3100586e+01
   4.4852400e+05   1.8676758e+01
   4.4856200e+05   4.5227051e+01
   4.4857700e+05   2.5146484e+01
   4.4861000e+05   4.4311523e+01
   4.4865800e+05   1.9958496e+01
   4.4868300e+05   1.9592285e+01
   4.4870800e+05   1.7944336e+01
   4.4871900e+05   4.5959473e+01
   4.4876700e+05   3.3874512e+01
   4.4878100e+05   2.2521973e+01
   4.4882200e+05   3.7475586e+01
   4.4884100e+05   1.9836426e+01
   4.4888300e+05   2.2888184e+01
   4.4894000e+05   2.4291992e+01
   4.4897400e+05   1.9470215e+01
   4.4899400e+05   2.2583008e+01
   4.4914200e+05   2.1484375e+01
   4.4918000e+05   2.2216797e+01
   4.4926300e+05   2.5024414e+01
   4.4932200e+05   1.9165039e+01
   4.4937700e+05   2.0812988e+01
   4.4957900e+05   1.8188477e+01
   4.4963400e+05   2.1484375e+01
   4.4968100e+05   1.8249512e+01
   4.4971500e+05   1.8859863e+01
   4.4982800e+05   2.3132324e+01
   4.5030700e+05   1.9042969e+01
   4.5068900e+05   1.8249512e+01
   4.8435500e+05   1.9409180e+01
   4.9032800e+05   1.8310547e+01
   5.7359200e+05   1.8371582e+01
   5.7483800e+05   1.9897461e+01
   6.0574100e+05   1.8310547e+01
   6.1076700e+05   1.8127441e+01
   6.1084100e+05   1.8066406e+01
   6.1092700e+05   2.4963379e+01
   6.1096700e+05   1.9348145e+01
   6.1100100e+05   2.2521973e+01
   6.1102600e+05   5.3222656e+01
   6.1106000e+05   2.0812988e+01
   6.1107500e+05   1.8676758e+01
   6.1109700e+05   2.5451660e+01
   6.1112200e+05   1.8249512e+01
   6.1113800e+05   4.6081543e+01
   6.1119000e+05   4.9560547e+01
   6.1120500e+05   2.8686523e+01
   6.1123800e+05   2.7587891e+01
   6.1124900e+05   1.9409180e+01
   6.1127600e+05   2.2583008e+01
   6.1129000e+05   3.7109375e+01
   6.1133900e+05   2.3315430e+01
   6.1134900e+05   3.6804199e+01
   6.1138100e+05   1.8432617e+01
   6.1141200e+05   2.7832031e+01
   6.1151100e+05   3.4240723e+01
   6.1165200e+05   2.2460938e+01
   6.1183500e+05   2.2155762e+01
   6.1188800e+05   1.9958496e+01
   6.1212200e+05   1.8554688e+01
   6.1221700e+05   2.5207520e+01
   6.1231200e+05   2.0935059e+01
   6.1245200e+05   2.2033691e+01
   6.1251000e+05   2.0446777e+01
   6.1305300e+05   2.0385742e+01
   6.1306300e+05   1.8493652e+01
   6.1389000e+05   2.0080566e+01
   6.6654700e+05   1.8554688e+01
   7.2843500e+05   1.9042969e+01
   7.4759400e+05   2.3742676e+01
   7.4764700e+05   1.9226074e+01
   7.4767700e+05   1.8066406e+01
   7.4772200e+05   2.0751953e+01
   7.4774200e+05   1.8554688e+01
   7.4775500e+05   2.0568848e+01
   7.4777400e+05   4.5593262e+01
   7.4783400e+05   2.1362305e+01
   7.4785900e+05   5.0781250e+01
   7.4787900e+05   1.8066406e+01
   7.4789400e+05   1.8554688e+01
   7.4792800e+05   3.6987305e+01
   7.4794300e+05   1.9897461e+01
   7.4797600e+05   4.0222168e+01
   7.4801400e+05   2.0080566e+01
   7.4803100e+05   4.8217773e+01
   7.4806500e+05   1.9592285e+01
   7.4808800e+05   4.0344238e+01
   7.4811600e+05   1.8798828e+01
   7.4814800e+05   3.2653809e+01
   7.4819600e+05   2.1118164e+01
   7.4820600e+05   2.2705078e+01
   7.4825300e+05   2.2033691e+01
   7.4831600e+05   1.8554688e+01
   7.4843300e+05   1.8737793e+01
   7.4863900e+05   1.9836426e+01
   7.4870700e+05   2.0751953e+01
   7.4884100e+05   1.8371582e+01
   7.4886900e+05   2.1301270e+01
   7.4907500e+05   1.8005371e+01
   7.4926700e+05   1.8005371e+01
   7.4928200e+05   1.9226074e+01
   7.4941600e+05   1.8371582e+01
   7.4944600e+05   2.0202637e+01
   7.4951200e+05   2.2766113e+01
   7.4962900e+05   1.9287109e+01
   7.4984900e+05   1.9409180e+01
   7.5001500e+05   2.0019531e+01
   7.5166900e+05   1.8066406e+01
   8.1122700e+05   2.0263672e+01
   8.1128700e+05   2.7465820e+01
   8.1130300e+05   2.2399902e+01
   8.1134300e+05   3.4790039e+01
   8.1139200e+05   2.2705078e+01
   8.1141000e+05   2.5817871e+01
   8.1143800e+05   1.9592285e+01
   8.1145200e+05   1.9958496e+01
   8.1146200e+05   5.2978516e+01
   8.1150200e+05   2.0629883e+01
   8.1151800e+05   4.5166016e+01
   8.1154300e+05   1.9042969e+01
   8.1156900e+05   3.8818359e+01
   8.1161800e+05   4.3701172e+01
   8.1167100e+05   3.9367676e+01
   8.1172800e+05   3.1860352e+01
   8.1176000e+05   1.9165039e+01
   8.1178200e+05   2.9418945e+01
   8.1181600e+05   2.2827148e+01
   8.1183300e+05   2.2033691e+01
   8.1189700e+05   2.2705078e+01
   8.1195800e+05   2.5085449e+01
   8.1203200e+05   1.9531250e+01
   8.1215200e+05   2.1362305e+01
   8.1216400e+05   1.7944336e+01
   8.1217800e+05   1.8127441e+01
   8.1225400e+05   2.0690918e+01
   8.1231900e+05   2.0019531e+01
   8.1245400e+05   2.0202637e+01
   8.1249500e+05   2.1118164e+01
   8.1267900e+05   2.1728516e+01
   8.1283000e+05   2.0629883e+01
   8.1285900e+05   2.0446777e+01
   8.1295700e+05   2.0874023e+01
   8.1354200e+05   1.8554688e+01
   8.1396800e+05   1.9592285e+01
   8.4846900e+05   2.1057129e+01
   8.4848000e+05   2.7832031e+01
   8.4853900e+05   2.4658203e+01
   8.4857200e+05   4.1870117e+01
   8.4858500e+05   2.3193359e+01
   8.4863000e+05   2.7526855e+01
   8.4864200e+05   2.0080566e+01
   8.4866000e+05   1.8310547e+01
   8.4868600e+05   2.0385742e+01
   8.4872500e+05   2.0690918e+01
   8.4873900e+05   2.9052734e+01
   8.4876700e+05   1.8554688e+01
   8.4879800e+05   2.8991699e+01
   8.4884500e+05   2.5207520e+01
   8.4887400e+05   1.8493652e+01
   8.4890400e+05   2.4841309e+01
   8.4904600e+05   1.8005371e+01
   8.4918700e+05   1.8554688e+01
   8.4923000e+05   1.9897461e+01
   8.4929400e+05   1.9470215e+01
   8.4948100e+05   1.8798828e+01
   8.4952700e+05   1.8310547e+01
   8.4965200e+05   1.9226074e+01
   8.5005000e+05   2.0202637e+01
   8.5220000e+05   1.9165039e+01
   9.9383600e+05   1.8310547e+01
   1.0264820e+06   1.8737793e+01
   1.0344960e+06   2.1179199e+01
   1.0549960e+06   1.8310547e+01
   1.0602350e+06   1.9165039e+01
   1.0624150e+06   2.0629883e+01
   1.0624710e+06   1.8798828e+01
   1.0624850e+06   1.8676758e+01
   1.0625050e+06   2.3132324e+01
   1.0625320e+06   2.1484375e+01
   1.0625660e+06   1.9409180e+01
   1.0625960e+06   2.6672363e+01
   1.0626110e+06   2.1057129e+01
   1.0626420e+06   2.2583008e+01
   1.0626570e+06   1.8249512e+01
   1.0626900e+06   2.4597168e+01
   1.0627090e+06   3.5095215e+01
   1.0627260e+06   1.9470215e+01
   1.0627600e+06   4.2236328e+01
   1.0627870e+06   1.8005371e+01
   1.0628060e+06   4.2785645e+01
   1.0628210e+06   2.5451660e+01
   1.0628520e+06   5.3588867e+01
   1.0629010e+06   2.6489258e+01
   1.0629370e+06   1.8066406e+01
   1.0629610e+06   2.4719238e+01
   1.0630220e+06   3.3752441e+01
   1.0630800e+06   3.0700684e+01
   1.0631370e+06   2.7404785e+01
   1.0631890e+06   2.3376465e+01
   1.0632360e+06   2.1057129e+01
   1.0632980e+06   2.0751953e+01
   1.0633970e+06   1.8493652e+01
   1.0635810e+06   1.8676758e+01
   1.0636180e+06   2.6855469e+01
   1.0637180e+06   1.8249512e+01
   1.0637640e+06   1.9165039e+01
   1.0637940e+06   1.9470215e+01
   1.0638330e+06   1.8554688e+01
   1.0641440e+06   2.0690918e+01
   1.0642400e+06   2.2949219e+01
   1.0643300e+06   2.0141602e+01
   1.0649500e+06   1.8798828e+01
   1.1633570e+06   1.9042969e+01
   1.1838190e+06   1.8249512e+01
   1.1949570e+06   2.1301270e+01
   1.2245570e+06   1.8310547e+01
   1.2245980e+06   2.0202637e+01
   1.2246510e+06   6.0546875e+01
   1.2246700e+06   2.4536133e+01
   1.2246980e+06   2.4963379e+01
   1.2247380e+06   2.1850586e+01
   1.2247620e+06   4.8828125e+01
   1.2247820e+06   1.9287109e+01
   1.2247980e+06   2.5939941e+01
   1.2248150e+06   4.1076660e+01
   1.2248480e+06   2.2644043e+01
   1.2248660e+06   4.2907715e+01
   1.2248920e+06   2.2094727e+01
   1.2249170e+06   3.0395508e+01
   1.2249470e+06   2.3498535e+01
   1.2249640e+06   3.8757324e+01
   1.2250220e+06   3.1127930e+01
   1.2250550e+06   1.8066406e+01
   1.2250920e+06   3.1555176e+01
   1.2251560e+06   2.7099609e+01
   1.2251740e+06   1.8920898e+01
   1.2252160e+06   1.8798828e+01
   1.2252690e+06   1.9104004e+01
   1.2252840e+06   2.1057129e+01
   1.2253510e+06   1.7944336e+01
   1.2253750e+06   1.9653320e+01
   1.2254290e+06   1.8310547e+01
   1.2254820e+06   1.7822266e+01
   1.2255490e+06   2.2949219e+01
   1.2256580e+06   2.2460938e+01
   1.2257350e+06   2.5085449e+01
   1.2258220e+06   2.2338867e+01
   1.2259930e+06   2.0263672e+01
   1.2261670e+06   2.4963379e+01
   1.3253830e+06   1.9165039e+01
   1.3575920e+06   1.8005371e+01
   1.3580040e+06   1.9348145e+01
   1.3580530e+06   2.0507812e+01
   1.3580720e+06   2.8564453e+01
   1.3581170e+06   5.3039551e+01
   1.3581770e+06   4.6142578e+01
   1.3582380e+06   4.9926758e+01
   1.3582660e+06   2.0507812e+01
   1.3582910e+06   3.7780762e+01
   1.3583380e+06   3.6437988e+01
   1.3583550e+06   1.8859863e+01
   1.3583850e+06   2.4353027e+01
   1.3584480e+06   1.9470215e+01
   1.3584590e+06   3.9794922e+01
   1.3585250e+06   3.2287598e+01
   1.3585910e+06   2.1484375e+01
   1.3586680e+06   3.0761719e+01
   1.3587330e+06   2.2399902e+01
   1.3587430e+06   1.8249512e+01
   1.3587930e+06   2.4475098e+01
   1.3588280e+06   1.8371582e+01
   1.3588570e+06   2.1545410e+01
   1.3590370e+06   1.9348145e+01
   1.3591020e+06   1.9348145e+01
   1.3592320e+06   1.9531250e+01
   1.3592550e+06   2.0751953e+01
   1.3593250e+06   1.8859863e+01
   1.3593640e+06   1.8737793e+01
   1.3594290e+06   1.8127441e+01
   1.3595690e+06   2.1240234e+01
   1.3597330e+06   2.0629883e+01
   1.3602040e+06   1.9958496e+01
   1.4257430e+06   1.8493652e+01
   1.4680340e+06   2.0629883e+01
   1.5101130e+06   5.3894043e+01
   1.5102040e+06   2.3132324e+01
   1.5102220e+06   2.2216797e+01
   1.5102570e+06   1.8249512e+01
   1.5102810e+06   2.1728516e+01
   1.5102930e+06   2.6672363e+01
   1.5103190e+06   2.0202637e+01
   1.5103440e+06   1.8676758e+01
   1.5103630e+06   2.0202637e+01
   1.5103760e+06   2.1850586e+01
   1.5104110e+06   2.0690918e+01
   1.5104380e+06   4.5715332e+01
   1.5104870e+06   1.8737793e+01
   1.5105080e+06   1.8066406e+01
   1.5105360e+06   3.9489746e+01
   1.5105890e+06   1.9042969e+01
   1.5106010e+06   4.1259766e+01
   1.5106590e+06   4.3395996e+01
   1.5106790e+06   1.8432617e+01
   1.5107210e+06   2.9968262e+01
   1.5107540e+06   1.9226074e+01
   1.5107890e+06   2.8137207e+01
   1.5108130e+06   2.0507812e+01
   1.5108550e+06   2.4047852e+01
   1.5109130e+06   2.3803711e+01
   1.5110260e+06   2.4597168e+01
   1.5110810e+06   2.4658203e+01
   1.5112360e+06   1.8310547e+01
   1.5112520e+06   2.1240234e+01
   1.5113040e+06   1.8249512e+01
   1.5113200e+06   1.9775391e+01
   1.5115030e+06   1.9470215e+01
   1.5115840e+06   1.8371582e+01
   1.5116790e+06   1.8432617e+01
   1.5116940e+06   2.0019531e+01
   1.5124550e+06   1.8005371e+01
   1.5131270e+06   1.8127441e+01
   1.5578240e+06   1.8188477e+01
   1.5578630e+06   1.8798828e+01
   1.5578900e+06   2.0690918e+01
   1.5579110e+06   1.9775391e+01
   1.5579370e+06   2.1850586e+01
   1.5579620e+06   3.6437988e+01
   1.5579850e+06   1.8920898e+01
   1.5580090e+06   3.0273438e+01
   1.5580370e+06   1.8981934e+01
   1.5581240e+06   4.2785645e+01
   1.5581390e+06   1.9104004e+01
   1.5581820e+06   3.8330078e+01
   1.5582100e+06   1.8737793e+01
   1.5582370e+06   3.5156250e+01
   1.5582820e+06   2.5146484e+01
   1.5582980e+06   3.0090332e+01
   1.5583470e+06   3.0517578e+01
   1.5584080e+06   2.7709961e+01
   1.5584620e+06   2.4841309e+01
   1.5585070e+06   2.0751953e+01
   1.5585700e+06   1.9836426e+01
   1.5586290e+06   2.0141602e+01
   1.5586420e+06   1.9836426e+01
   1.5587830e+06   1.9042969e+01
   1.5588790e+06   1.9958496e+01
   1.5588950e+06   1.8310547e+01
   1.5589570e+06   1.8676758e+01
   1.5589720e+06   1.7883301e+01
   1.5593200e+06   1.9287109e+01
   1.5594120e+06   1.8737793e+01
   1.5595230e+06   2.7343750e+01
   1.5596680e+06   1.8005371e+01
   1.5602910e+06   2.0507812e+01
   1.5604400e+06   1.8188477e+01
   1.6030730e+06   1.7883301e+01
   1.6166620e+06   1.9042969e+01
   1.6705070e+06   1.8676758e+01
   1.6749250e+06   1.9409180e+01
   1.7064870e+06   2.2827148e+01
   1.7065050e+06   2.4658203e+01
   1.7065480e+06   1.9775391e+01
   1.7065600e+06   4.6936035e+01
   1.7066020e+06   2.8381348e+01
   1.7066200e+06   4.4921875e+01
   1.7066730e+06   2.6672363e+01
   1.7066860e+06   2.0935059e+01
   1.7067100e+06   1.8249512e+01
   1.7067320e+06   4.6325684e+01
   1.7067470e+06   1.7944336e+01
   1.7067760e+06   2.2155762e+01
   1.7067900e+06   2.9235840e+01
   1.7068150e+06   2.0935059e+01
   1.7068510e+06   3.6804199e+01
   1.7068740e+06   1.7883301e+01
   1.7069250e+06   3.6865234e+01
   1.7069490e+06   1.9775391e+01
   1.7069930e+06   3.3264160e+01
   1.7070460e+06   3.0700684e+01
   1.7070560e+06   1.8798828e+01
   1.7071270e+06   2.5512695e+01
   1.7071520e+06   1.8493652e+01
   1.7071810e+06   2.3864746e+01
   1.7072140e+06   2.0996094e+01
   1.7073150e+06   1.9714355e+01
   1.7073360e+06   1.9592285e+01
   1.7074030e+06   1.9409180e+01
   1.7075810e+06   2.0812988e+01
   1.7077150e+06   1.8432617e+01
   1.7077280e+06   2.1484375e+01
   1.7077820e+06   1.8005371e+01
   1.7079240e+06   2.4780273e+01
   1.7079630e+06   1.8859863e+01
   1.7082150e+06   1.8005371e+01
   1.7082890e+06   1.9104004e+01
   1.7083590e+06   1.8981934e+01
   1.7226610e+06   1.7944336e+01
   1.7228590e+06   2.0751953e+01
   1.7228700e+06   1.7944336e+01
   1.7228990e+06   2.5878906e+01
   1.7229550e+06   1.8737793e+01
   1.7230120e+06   3.8635254e+01
   1.7230360e+06   2.6611328e+01
   1.7230550e+06   1.8737793e+01
   1.7230710e+06   4.2114258e+01
   1.7231200e+06   3.1860352e+01
   1.7231350e+06   2.0690918e+01
   1.7231700e+06   3.1799316e+01
   1.7231990e+06   1.8127441e+01
   1.7232170e+06   1.9348145e+01
   1.7232710e+06   1.8676758e+01
   1.7233210e+06   2.6245117e+01
   1.7233760e+06   2.3925781e+01
   1.7234040e+06   1.8005371e+01
   1.7236190e+06   1.8005371e+01
   1.7237880e+06   1.8005371e+01
   1.7238450e+06   1.7822266e+01
   1.7239480e+06   1.9592285e+01
   1.7239890e+06   1.8676758e+01
   1.7240190e+06   1.8127441e+01
   1.7241370e+06   1.9836426e+01
   1.7244890e+06   1.8432617e+01
   1.7247020e+06   1.8798828e+01
   1.7365730e+06   2.1850586e+01
   1.7366010e+06   2.1606445e+01
   1.7366250e+06   4.0405273e+01
   1.7366570e+06   1.9714355e+01
   1.7366710e+06   1.9592285e+01
   1.7366920e+06   3.9489746e+01
   1.7367140e+06   1.8798828e+01
   1.7367680e+06   3.8208008e+01
   1.7367940e+06   1.8859863e+01
   1.7368140e+06   2.4230957e+01
   1.7368640e+06   1.9714355e+01
   1.7368800e+06   2.2094727e+01
   1.7369130e+06   1.9287109e+01
   1.7369570e+06   2.5207520e+01
   1.7369830e+06   1.8859863e+01
   1.7370330e+06   2.0202637e+01
   1.7370680e+06   2.0629883e+01
   1.7371200e+06   2.1789551e+01
   1.7372090e+06   1.8127441e+01
   1.7372820e+06   1.8005371e+01
   1.7374240e+06   1.9714355e+01
   1.7377970e+06   2.0935059e+01
   1.7379200e+06   1.7883301e+01
   1.7379540e+06   1.9287109e+01
   1.7382850e+06   1.8310547e+01
   1.7964590e+06   2.0629883e+01
   1.7965030e+06   2.9174805e+01
   1.7965470e+06   2.6611328e+01
   1.7965950e+06   2.0629883e+01
   1.7966090e+06   1.8798828e+01
   1.7966280e+06   2.2216797e+01
   1.7966470e+06   3.9062500e+01
   1.7966690e+06   2.2705078e+01
   1.7966830e+06   1.7944336e+01
   1.7967130e+06   2.2033691e+01
   1.7967240e+06   3.9367676e+01
   1.7967560e+06   1.8615723e+01
   1.7967760e+06   2.0812988e+01
   1.7967950e+06   2.0446777e+01
   1.7968190e+06   1.8981934e+01
   1.7968300e+06   2.1789551e+01
   1.7968430e+06   2.3620605e+01
   1.7968790e+06   2.7893066e+01
   1.7969160e+06   1.9348145e+01
   1.7969280e+06   2.2827148e+01
   1.7969770e+06   3.8818359e+01
   1.7970350e+06   3.1860352e+01
   1.7970810e+06   1.8859863e+01
   1.7975220e+06   1.8859863e+01
   1.7980210e+06   1.9287109e+01
   1.7980780e+06   1.8188477e+01
   1.7981670e+06   1.8371582e+01
   1.7982410e+06   1.8798828e+01
   1.7983640e+06   1.8920898e+01
   1.7984310e+06   1.7944336e+01
   1.7985520e+06   2.0385742e+01
   1.8000720e+06   1.8737793e+01
   1.8308170e+06   1.8066406e+01
   1.8308650e+06   2.0568848e+01
   1.8308810e+06   2.7282715e+01
   1.8309110e+06   1.9592285e+01
   1.8309220e+06   3.0700684e+01
   1.8309470e+06   2.3437500e+01
   1.8309700e+06   4.0954590e+01
   1.8309810e+06   1.9775391e+01
   1.8310160e+06   4.1198730e+01
   1.8310460e+06   2.2766113e+01
   1.8310630e+06   2.3498535e+01
   1.8311070e+06   2.2644043e+01
   1.8311320e+06   1.7822266e+01
   1.8311480e+06   2.1423340e+01
   1.8311680e+06   2.2644043e+01
   1.8311910e+06   2.0202637e+01
   1.8312290e+06   1.8920898e+01
   1.8312910e+06   2.0568848e+01
   1.8316170e+06   1.9226074e+01
   1.8318360e+06   2.1240234e+01
   1.8318760e+06   1.8920898e+01
   1.8320110e+06   1.8493652e+01
   1.8321110e+06   1.7944336e+01
   1.8321700e+06   1.7883301e+01
   1.8323040e+06   2.0019531e+01
   1.8324410e+06   2.1118164e+01
   1.8325560e+06   2.0202637e+01
   1.8325670e+06   1.8371582e+01
   1.8328130e+06   1.8615723e+01
   1.8330630e+06   1.9165039e+01
   1.8464770e+06   3.7475586e+01
   1.8465220e+06   2.8991699e+01
   1.8465470e+06   2.4291992e+01
   1.8465730e+06   2.5939941e+01
   1.8466000e+06   2.6611328e+01
   1.8466130e+06   3.3508301e+01
   1.8466490e+06   1.9104004e+01
   1.8466690e+06   2.8808594e+01
   1.8467270e+06   2.6672363e+01
   1.8467770e+06   2.1667480e+01
   1.8467980e+06   2.3681641e+01
   1.8468720e+06   2.4536133e+01
   1.8469070e+06   1.8432617e+01
   1.8470650e+06   1.8615723e+01
   1.8471070e+06   2.1423340e+01
   1.8471490e+06   2.0690918e+01
   1.8472790e+06   2.1423340e+01
   1.8473840e+06   2.1423340e+01
   1.8483310e+06   1.8920898e+01
   1.8513410e+06   1.8371582e+01
   1.8585370e+06   1.8432617e+01
   1.8585490e+06   4.0466309e+01
   1.8585880e+06   2.3071289e+01
   1.8586150e+06   3.3325195e+01
   1.8586350e+06   1.8371582e+01
   1.8586880e+06   3.2836914e+01
   1.8587240e+06   1.8737793e+01
   1.8587530e+06   3.1127930e+01
   1.8588140e+06   1.8493652e+01
   1.8588820e+06   2.1423340e+01
   1.8589000e+06   2.2888184e+01
   1.8589570e+06   2.0690918e+01
   1.8590310e+06   2.0202637e+01
   1.8592310e+06   2.0019531e+01
   1.8592410e+06   1.9897461e+01
   1.8592760e+06   1.8249512e+01
   1.8595980e+06   1.8554688e+01
   1.8597130e+06   2.3498535e+01
   1.8607900e+06   1.8127441e+01
   1.8611170e+06   1.9287109e+01
   1.8638330e+06   1.8188477e+01
   1.8693070e+06   1.9226074e+01
   1.8694020e+06   1.8127441e+01
   1.8694390e+06   3.9916992e+01
   1.8694910e+06   2.4902344e+01
   1.8695040e+06   1.8127441e+01
   1.8695280e+06   3.4606934e+01
   1.8695520e+06   2.1362305e+01
   1.8696220e+06   2.7038574e+01
   1.8696430e+06   2.6306152e+01
   1.8696870e+06   2.1362305e+01
   1.8697140e+06   2.4169922e+01
   1.8697320e+06   1.9531250e+01
   1.8697770e+06   2.6367188e+01
   1.8698370e+06   2.4353027e+01
   1.8699140e+06   1.8981934e+01
   1.8699360e+06   2.9174805e+01
   1.8700280e+06   1.8493652e+01
   1.8701250e+06   2.0568848e+01
   1.8702800e+06   2.2094727e+01
   1.8703920e+06   2.4108887e+01
   1.8706420e+06   2.1423340e+01
   1.8710280e+06   1.8310547e+01
   1.8788710e+06   2.0263672e+01
   1.8789840e+06   5.2246094e+01
   1.8790050e+06   2.1423340e+01
   1.8790250e+06   1.8737793e+01
   1.8790390e+06   2.0263672e+01
   1.8790620e+06   2.1667480e+01
   1.8791080e+06   3.4790039e+01
   1.8791420e+06   2.5390625e+01
   1.8791770e+06   2.6611328e+01
   1.8792210e+06   2.5573730e+01
   1.8793070e+06   2.2338867e+01
   1.8793180e+06   3.3996582e+01
   1.8793960e+06   3.2104492e+01
   1.8794680e+06   2.2949219e+01
   1.8794920e+06   2.3925781e+01
   1.8795810e+06   1.8554688e+01
   1.8796100e+06   2.6489258e+01
   1.8796940e+06   1.9104004e+01
   1.8797810e+06   2.3376465e+01
   1.8799270e+06   1.7883301e+01
   1.9076830e+06   1.7822266e+01
   2.0861460e+06   1.8554688e+01
   2.1107400e+06   1.9897461e+01
   2.1539150e+06   2.0019531e+01
   2.2645920e+06   1.8859863e+01
   2.2808870e+06   1.8615723e+01
   2.3139330e+06   1.7822266e+01
   2.3480370e+06   1.8066406e+01
   2.3834630e+06   1.8310547e+01
   2.3993520e+06   2.2827148e+01
   2.3993760e+06   1.7944336e+01
   2.3994130e+06   2.1057129e+01
   2.3994370e+06   1.8676758e+01
   2.3994530e+06   5.8959961e+01
   2.3995050e+06   4.5471191e+01
   2.3995160e+06   1.8005371e+01
   2.3995540e+06   1.8493652e+01
   2.3995730e+06   2.2094727e+01
   2.3996090e+06   5.1086426e+01
   2.3996630e+06   5.1574707e+01
   2.3997140e+06   1.8920898e+01
   2.3997240e+06   2.4230957e+01
   2.3997540e+06   1.9348145e+01
   2.3997700e+06   2.4536133e+01
   2.3997830e+06   2.6062012e+01
   2.3998290e+06   2.5268555e+01
   2.3998970e+06   2.0385742e+01
   2.3999530e+06   1.9958496e+01
   2.3999850e+06   1.9653320e+01
   2.4000420e+06   1.8188477e+01
   2.4000960e+06   2.6000977e+01
   2.4001100e+06   2.4780273e+01
   2.4001750e+06   2.2827148e+01
   2.4002200e+06   2.1362305e+01
   2.4003160e+06   1.9775391e+01
   2.4003930e+06   2.0080566e+01
   2.4004610e+06   1.9958496e+01
   2.4005530e+06   1.9409180e+01
   2.4010520e+06   1.8188477e+01
   2.5325370e+06   1.7822266e+01
   2.5325530e+06   2.6550293e+01
   2.5326110e+06   2.9235840e+01
   2.5326370e+06   1.7883301e+01
   2.5326500e+06   2.3742676e+01
   2.5326770e+06   1.8249512e+01
   2.5327070e+06   1.8066406e+01
   2.5327300e+06   4.9133301e+01
   2.5327450e+06   1.9470215e+01
   2.5327570e+06   2.3376465e+01
   2.5327810e+06   4.3212891e+01
   2.5328320e+06   4.1503906e+01
   2.5328810e+06   4.1931152e+01
   2.5329440e+06   2.0019531e+01
   2.5330030e+06   3.0578613e+01
   2.5330830e+06   3.1738281e+01
   2.5331360e+06   2.0324707e+01
   2.5331680e+06   1.9470215e+01
   2.5331910e+06   2.4902344e+01
   2.5332180e+06   2.0507812e+01
   2.5332280e+06   2.0568848e+01
   2.5332540e+06   1.8066406e+01
   2.5332850e+06   2.8930664e+01
   2.5333350e+06   1.8615723e+01
   2.5333630e+06   1.9653320e+01
   2.5334120e+06   2.1972656e+01
   2.5335610e+06   1.9958496e+01
   2.5336130e+06   2.0263672e+01
   2.5337090e+06   2.0202637e+01
   2.5337470e+06   2.0019531e+01
   2.5338310e+06   1.9409180e+01
   2.5340040e+06   1.8066406e+01
   2.5340820e+06   1.8188477e+01
   2.5342360e+06   1.7944336e+01
   2.5342560e+06   2.0751953e+01
   2.5345440e+06   2.0751953e+01
   2.5346140e+06   1.7883301e+01
   2.6082510e+06   1.8920898e+01
   2.7618570e+06   2.1972656e+01
   2.7618880e+06   4.7546387e+01
   2.7619470e+06   1.9775391e+01
   2.7619720e+06   2.1057129e+01
   2.7620010e+06   3.0212402e+01
   2.7620200e+06   2.6611328e+01
   2.7620390e+06   2.7832031e+01
   2.7620650e+06   2.1484375e+01
   2.7620920e+06   2.2521973e+01
   2.7621250e+06   4.6020508e+01
   2.7621480e+06   2.1667480e+01
   2.7621720e+06   3.2836914e+01
   2.7621950e+06   1.8371582e+01
   2.7622330e+06   3.5949707e+01
   2.7622520e+06   1.8676758e+01
   2.7622680e+06   2.0812988e+01
   2.7622780e+06   3.7353516e+01
   2.7623270e+06   2.8442383e+01
   2.7623370e+06   2.4536133e+01
   2.7623810e+06   2.3620605e+01
   2.7624560e+06   2.4047852e+01
   2.7625340e+06   2.3315430e+01
   2.7626730e+06   1.8249512e+01
   2.7627350e+06   2.0629883e+01
   2.7628610e+06   2.1301270e+01
   2.7629190e+06   1.9042969e+01
   2.7630170e+06   1.9592285e+01
   2.7630610e+06   2.4230957e+01
   2.7631430e+06   2.6428223e+01
   2.7632770e+06   2.1606445e+01
   2.7635240e+06   1.8188477e+01
   2.7636890e+06   1.8066406e+01
   2.7637630e+06   1.9958496e+01
   2.7658610e+06   1.7883301e+01
   2.9503700e+06   1.9226074e+01
   2.9523510e+06   1.7944336e+01
   2.9717980e+06   1.8127441e+01
   2.9718440e+06   1.7944336e+01
   2.9718750e+06   2.1118164e+01
   2.9718980e+06   1.7822266e+01
   2.9719170e+06   2.3620605e+01
   2.9719470e+06   5.3344727e+01
   2.9719590e+06   1.9714355e+01
   2.9719850e+06   2.0935059e+01
   2.9720000e+06   3.3569336e+01
   2.9720590e+06   5.7861328e+01
   2.9720730e+06   1.8493652e+01
   2.9721050e+06   4.7058105e+01
   2.9721190e+06   1.8310547e+01
   2.9721480e+06   3.7170410e+01
   2.9721880e+06   2.7160645e+01
   2.9721990e+06   4.1748047e+01
   2.9722600e+06   3.7963867e+01
   2.9722960e+06   1.8493652e+01
   2.9723350e+06   2.3498535e+01
   2.9723710e+06   1.8554688e+01
   2.9723970e+06   2.3803711e+01
   2.9724520e+06   2.0568848e+01
   2.9725250e+06   1.9226074e+01
   2.9726240e+06   2.2583008e+01
   2.9726730e+06   2.6794434e+01
   2.9726920e+06   2.1118164e+01
   2.9727690e+06   2.2888184e+01
   2.9727890e+06   1.8005371e+01
   2.9729400e+06   1.8127441e+01
   2.9731980e+06   2.2705078e+01
   2.9733170e+06   1.8310547e+01
   2.9734240e+06   1.8920898e+01
   2.9734820e+06   2.2399902e+01
   2.9735500e+06   1.8188477e+01
   2.9736470e+06   1.9775391e+01
   2.9742210e+06   1.9165039e+01
   2.9747570e+06   1.8676758e+01
   3.0548020e+06   1.9287109e+01
   3.0549410e+06   1.7883301e+01
   3.0550060e+06   1.9531250e+01
   3.0550660e+06   2.1606445e+01
   3.0551060e+06   1.8981934e+01
   3.0551330e+06   2.2766113e+01
   3.0551740e+06   6.8115234e+01
   3.0551850e+06   1.9836426e+01
   3.0552250e+06   1.7944336e+01
   3.0552350e+06   5.4565430e+01
   3.0552570e+06   2.0629883e+01
   3.0552910e+06   4.8828125e+01
   3.0553040e+06   1.8188477e+01
   3.0553330e+06   1.7822266e+01
   3.0553430e+06   4.0100098e+01
   3.0553950e+06   4.5837402e+01
   3.0554340e+06   1.8432617e+01
   3.0554450e+06   3.5827637e+01
   3.0555060e+06   3.0456543e+01
   3.0555800e+06   3.2226562e+01
   3.0556540e+06   2.6672363e+01
   3.0557050e+06   2.3132324e+01
   3.0557310e+06   2.3864746e+01
   3.0558520e+06   2.2827148e+01
   3.0558770e+06   1.8676758e+01
   3.0559660e+06   2.0141602e+01
   3.0560540e+06   1.9165039e+01
   3.0561640e+06   1.7883301e+01
   3.0561810e+06   2.0507812e+01
   3.0562870e+06   1.8737793e+01
   3.0563280e+06   1.8188477e+01
   3.0564080e+06   2.4902344e+01
   3.0564300e+06   2.0568848e+01
   3.0564870e+06   2.8686523e+01
   3.0567900e+06   2.1606445e+01
   3.0568050e+06   2.0751953e+01
   3.0570470e+06   1.8310547e+01
   3.0576080e+06   1.8127441e+01
   3.0976160e+06   1.8920898e+01
   3.1566820e+06   2.1850586e+01
   3.1567050e+06   1.8920898e+01
   3.1567170e+06   1.8066406e+01
   3.1567460e+06   2.0141602e+01
   3.1567630e+06   4.9072266e+01
   3.1567730e+06   2.3498535e+01
   3.1567940e+06   2.1118164e+01
   3.1568270e+06   2.4719238e+01
   3.1568400e+06   2.5573730e+01
   3.1568700e+06   2.2277832e+01
   3.1569100e+06   4.0161133e+01
   3.1569700e+06   4.2480469e+01
   3.1569870e+06   2.4230957e+01
   3.1570200e+06   1.8127441e+01
   3.1570900e+06   2.9663086e+01
   3.1571470e+06   2.6184082e+01
   3.1571650e+06   1.9592285e+01
   3.1571940e+06   1.9226074e+01
   3.1572280e+06   2.6123047e+01
   3.1573070e+06   2.5573730e+01
   3.1573200e+06   2.0446777e+01
   3.1573810e+06   2.3132324e+01
   3.1573970e+06   1.8920898e+01
   3.1574910e+06   2.3132324e+01
   3.1575580e+06   1.7822266e+01
   3.1576320e+06   1.9836426e+01
   3.1577340e+06   1.8615723e+01
   3.1578930e+06   2.3010254e+01
   3.1579310e+06   1.9531250e+01
   3.1581110e+06   2.6062012e+01
   3.1581350e+06   1.8005371e+01
   3.1581950e+06   1.8859863e+01
   3.1582980e+06   2.0385742e+01
   3.1583330e+06   1.8188477e+01
   3.1591890e+06   2.0385742e+01
   3.1813470e+06   1.8981934e+01
   3.1814130e+06   1.8310547e+01
   3.1814800e+06   5.4748535e+01
   3.1815130e+06   1.9714355e+01
   3.1815360e+06   3.1311035e+01
   3.1815460e+06   1.8920898e+01
   3.1815680e+06   2.2155762e+01
   3.1815920e+06   1.9836426e+01
   3.1816230e+06   1.9042969e+01
   3.1816460e+06   2.0019531e+01
   3.1816770e+06   4.2297363e+01
   3.1816970e+06   2.4597168e+01
   3.1817220e+06   2.0874023e+01
   3.1817520e+06   3.2897949e+01
   3.1817670e+06   2.5207520e+01
   3.1818120e+06   2.8991699e+01
   3.1818780e+06   1.8066406e+01
   3.1818950e+06   2.0507812e+01
   3.1819350e+06   2.0324707e+01
   3.1819750e+06   1.9348145e+01
   3.1820360e+06   2.0568848e+01
   3.1821460e+06   2.0385742e+01
   3.1822320e+06   1.8676758e+01
   3.1824610e+06   1.8066406e+01
   3.1827080e+06   2.0629883e+01
   3.1828310e+06   2.1362305e+01
   3.1828550e+06   1.8798828e+01
   3.1831290e+06   2.2094727e+01
   3.1832240e+06   1.8310547e+01
   3.1835250e+06   2.0568848e+01
   3.1836730e+06   2.0202637e+01
   3.1843520e+06   1.8371582e+01
   3.1918920e+06   2.7770996e+01
   3.1919510e+06   2.4658203e+01
   3.1919610e+06   4.6203613e+01
   3.1919960e+06   1.9165039e+01
   3.1920160e+06   2.3986816e+01
   3.1920430e+06   4.0893555e+01
   3.1920750e+06   2.1972656e+01
   3.1920980e+06   2.3254395e+01
   3.1921100e+06   2.9663086e+01
   3.1921440e+06   1.8249512e+01
   3.1921780e+06   3.3264160e+01
   3.1921930e+06   2.0690918e+01
   3.1922310e+06   3.0944824e+01
   3.1923670e+06   1.8676758e+01
   3.1924570e+06   1.9531250e+01
   3.1925990e+06   2.0996094e+01
   3.1927590e+06   1.7944336e+01
   3.1929350e+06   2.2766113e+01
   3.1932840e+06   1.7944336e+01
   3.1933720e+06   1.8432617e+01
   3.1934870e+06   1.8249512e+01
   3.1935160e+06   1.9775391e+01
   3.1936470e+06   2.6855469e+01
   3.1952230e+06   1.9042969e+01
   3.2014030e+06   1.8920898e+01
   3.2014320e+06   2.1545410e+01
   3.2014690e+06   1.8188477e+01
   3.2014850e+06   5.8532715e+01
   3.2015070e+06   1.8920898e+01
   3.2015390e+06   1.9714355e+01
   3.2015770e+06   1.8188477e+01
   3.2015990e+06   4.1442871e+01
   3.2016200e+06   1.8188477e+01
   3.2016580e+06   1.7883301e+01
   3.2016740e+06   3.5400391e+01
   3.2017070e+06   1.9409180e+01
   3.2017360e+06   2.1606445e+01
   3.2017950e+06   1.8554688e+01
   3.2018080e+06   2.2949219e+01
   3.2018930e+06   2.2644043e+01
   3.2019750e+06   2.1179199e+01
   3.2020810e+06   1.8371582e+01
   3.2021400e+06   2.2155762e+01
   3.2023060e+06   1.8432617e+01
   3.2023720e+06   1.8615723e+01
   3.2024030e+06   1.9104004e+01
   3.2024450e+06   1.9165039e+01
   3.2026470e+06   1.9714355e+01
   3.2029560e+06   1.9104004e+01
   3.2031130e+06   1.8371582e+01
   3.2033550e+06   1.7944336e+01
   3.2039370e+06   1.8127441e+01
   3.2096720e+06   2.0996094e+01
   3.2096980e+06   1.7944336e+01
   3.2097650e+06   1.9958496e+01
   3.2098270e+06   2.0874023e+01
   3.2098520e+06   1.9897461e+01
   3.2098760e+06   3.8757324e+01
   3.2099050e+06   2.0996094e+01
   3.2099280e+06   1.9042969e+01
   3.2099530e+06   1.8737793e+01
   3.2099690e+06   3.2348633e+01
   3.2100010e+06   2.1606445e+01
   3.2100490e+06   2.3559570e+01
   3.2101350e+06   3.2470703e+01
   3.2102230e+06   2.6733398e+01
   3.2103120e+06   2.1545410e+01
   3.2103620e+06   1.9042969e+01
   3.2104060e+06   1.8981934e+01
   3.2104600e+06   1.8554688e+01
   3.2104900e+06   1.9104004e+01
   3.2106880e+06   2.0935059e+01
   3.2131470e+06   1.8859863e+01
   3.2195110e+06   1.8249512e+01
   3.2195490e+06   1.9592285e+01
   3.2195810e+06   2.5756836e+01
   3.2196450e+06   2.1057129e+01
   3.2196570e+06   2.9418945e+01
   3.2196960e+06   1.8615723e+01
   3.2197170e+06   3.8269043e+01
   3.2197400e+06   1.8493652e+01
   3.2197590e+06   2.7404785e+01
   3.2197980e+06   2.1179199e+01
   3.2198220e+06   3.8513184e+01
   3.2198500e+06   2.1545410e+01
   3.2198900e+06   3.1066895e+01
   3.2199140e+06   1.8920898e+01
   3.2199300e+06   1.9836426e+01
   3.2199560e+06   3.6682129e+01
   3.2200200e+06   2.7099609e+01
   3.2200610e+06   1.8066406e+01
   3.2200910e+06   2.0507812e+01
   3.2201450e+06   1.9653320e+01
   3.2201710e+06   1.9470215e+01
   3.2201940e+06   1.8005371e+01
   3.2202140e+06   1.8249512e+01
   3.2202470e+06   2.1606445e+01
   3.2202610e+06   2.6306152e+01
   3.2203330e+06   1.8798828e+01
   3.2204210e+06   2.5756836e+01
   3.2206290e+06   2.2338867e+01
   3.2207570e+06   1.9104004e+01
   3.2209580e+06   1.8066406e+01
   3.2292900e+06   1.8737793e+01
   3.2293120e+06   1.9226074e+01
   3.2294090e+06   2.0507812e+01
   3.2294430e+06   2.3498535e+01
   3.2294740e+06   1.9409180e+01
   3.2295120e+06   2.3559570e+01
   3.2295690e+06   3.7231445e+01
   3.2295950e+06   2.8564453e+01
   3.2296420e+06   1.8371582e+01
   3.2296680e+06   2.9541016e+01
   3.2297340e+06   2.6428223e+01
   3.2297540e+06   2.7893066e+01
   3.2297930e+06   1.8493652e+01
   3.2298270e+06   3.1494141e+01
   3.2298980e+06   2.3193359e+01
   3.2299950e+06   1.8737793e+01
   3.2301080e+06   1.8859863e+01
   3.2302060e+06   2.3376465e+01
   3.2305810e+06   2.0202637e+01
   3.2470060e+06   2.4658203e+01
   3.2470370e+06   3.6621094e+01
   3.2470560e+06   2.0324707e+01
   3.2470740e+06   2.0996094e+01
   3.2470850e+06   2.3254395e+01
   3.2471330e+06   3.0944824e+01
   3.2471520e+06   4.3212891e+01
   3.2471840e+06   2.1057129e+01
   3.2472230e+06   3.2653809e+01
   3.2472360e+06   1.9042969e+01
   3.2472810e+06   2.4108887e+01
   3.2473340e+06   2.8320312e+01
   3.2474370e+06   1.9287109e+01
   3.2476330e+06   1.9958496e+01
   3.2506650e+06   1.8188477e+01
   3.4855770e+06   2.0324707e+01
   3.4856970e+06   1.9165039e+01
   3.4859010e+06   1.7822266e+01
   3.4859720e+06   2.1179199e+01
   3.4860390e+06   2.0507812e+01
   3.4861010e+06   1.8249512e+01
   3.4861290e+06   1.8798828e+01
   3.4861690e+06   2.4047852e+01
   3.4861930e+06   2.0568848e+01
   3.4862580e+06   2.2033691e+01
   3.4862720e+06   2.4475098e+01
   3.4863370e+06   2.0080566e+01
   3.4863840e+06   2.0324707e+01
   3.4864080e+06   1.9897461e+01
   3.4864310e+06   3.8513184e+01
   3.4864460e+06   1.8310547e+01
   3.4864930e+06   4.3640137e+01
   3.4865340e+06   1.8310547e+01
   3.4865580e+06   3.7780762e+01
   3.4866450e+06   4.5471191e+01
   3.4867100e+06   3.8696289e+01
   3.4867650e+06   1.8798828e+01
   3.4867830e+06   2.2155762e+01
   3.4868650e+06   3.4606934e+01
   3.4869120e+06   1.8676758e+01
   3.4869710e+06   2.0263672e+01
   3.4870310e+06   1.7944336e+01
   3.4870470e+06   2.2033691e+01
   3.4870890e+06   1.8127441e+01
   3.4871390e+06   1.7822266e+01
   3.4871580e+06   1.8310547e+01
   3.4872690e+06   2.2888184e+01
   3.4874000e+06   1.9775391e+01
   3.4875910e+06   1.9226074e+01
   3.4877480e+06   1.8981934e+01
   3.4882690e+06   3.9062500e+01
   3.4888360e+06   1.8981934e+01
   3.5446940e+06   1.8859863e+01
   3.5846910e+06   1.7944336e+01
   3.7362070e+06   1.8005371e+01
   3.7767820e+06   1.9226074e+01
   3.8470250e+06   4.2297363e+01
   3.8471230e+06   2.2338867e+01
   3.8471590e+06   5.8898926e+01
   3.8471730e+06   2.8564453e+01
   3.8472030e+06   5.4443359e+01
   3.8472350e+06   2.1911621e+01
   3.8472730e+06   5.3649902e+01
   3.8473050e+06   1.8737793e+01
   3.8473190e+06   4.2236328e+01
   3.8473450e+06   1.8615723e+01
   3.8473730e+06   4.2846680e+01
   3.8474030e+06   1.9775391e+01
   3.8474390e+06   1.9409180e+01
   3.8474550e+06   1.9653320e+01
   3.8474920e+06   3.0883789e+01
   3.8475130e+06   1.9104004e+01
   3.8475280e+06   2.0263672e+01
   3.8475800e+06   2.8076172e+01
   3.8476320e+06   2.4414062e+01
   3.8477200e+06   2.7587891e+01
   3.8478360e+06   1.8310547e+01
   3.8478710e+06   2.0568848e+01
   3.8478960e+06   2.4414062e+01
   3.8479450e+06   2.1423340e+01
   3.8480600e+06   1.9958496e+01
   3.8481390e+06   2.1972656e+01
   3.8481590e+06   1.8066406e+01
   3.8482150e+06   2.3803711e+01
   3.8482850e+06   2.5024414e+01
   3.8483700e+06   1.8005371e+01
   3.8484440e+06   1.8554688e+01
   3.8485710e+06   1.9836426e+01
   3.8485900e+06   1.8249512e+01
   3.8486480e+06   2.1240234e+01
   3.8488850e+06   2.2216797e+01
   3.8489960e+06   1.8371582e+01
   3.8495300e+06   1.8920898e+01
   3.9310310e+06   1.8615723e+01
   4.0058950e+06   1.7883301e+01
   4.0571340e+06   1.8554688e+01
   4.0589560e+06   1.9165039e+01
   4.0590140e+06   1.7822266e+01
   4.0590550e+06   1.8615723e+01
   4.0590760e+06   2.9357910e+01
   4.0590900e+06   2.0568848e+01
   4.0591000e+06   5.6884766e+01
   4.0591220e+06   2.4475098e+01
   4.0591420e+06   1.9226074e+01
   4.0591710e+06   5.9326172e+01
   4.0592200e+06   5.5725098e+01
   4.0592410e+06   2.4658203e+01
   4.0592700e+06   4.2480469e+01
   4.0593090e+06   2.6062012e+01
   4.0593380e+06   2.1362305e+01
   4.0593700e+06   3.1127930e+01
   4.0594240e+06   3.5156250e+01
   4.0594340e+06   2.4719238e+01
   4.0594810e+06   3.1127930e+01
   4.0595430e+06   2.2827148e+01
   4.0595720e+06   1.8920898e+01
   4.0595880e+06   1.8432617e+01
   4.0596440e+06   1.7822266e+01
   4.0596670e+06   2.1301270e+01
   4.0597130e+06   1.8310547e+01
   4.0597700e+06   1.8005371e+01
   4.0598150e+06   2.1301270e+01
   4.0598690e+06   2.7587891e+01
   4.0598850e+06   2.2888184e+01
   4.0602370e+06   1.8493652e+01
   4.0603290e+06   2.1240234e+01
   4.0603480e+06   2.3986816e+01
   4.0603950e+06   1.8066406e+01
   4.0605330e+06   1.7822266e+01
   4.0606910e+06   2.0324707e+01
   4.0607560e+06   2.2155762e+01
   4.0609520e+06   1.9653320e+01
   4.0610310e+06   2.0446777e+01
   4.0738680e+06   1.9348145e+01
   4.0836350e+06   1.8371582e+01
   4.0846520e+06   1.8676758e+01
   4.0847260e+06   2.0751953e+01
   4.0847920e+06   5.3955078e+01
   4.0848120e+06   2.2827148e+01
   4.0848260e+06   1.8310547e+01
   4.0848520e+06   5.1574707e+01
   4.0848890e+06   2.7282715e+01
   4.0849050e+06   3.4484863e+01
   4.0849570e+06   4.2114258e+01
   4.0849950e+06   3.9123535e+01
   4.0850120e+06   1.8188477e+01
   4.0850520e+06   3.0700684e+01
   4.0850840e+06   1.8188477e+01
   4.0851110e+06   1.8493652e+01
   4.0851340e+06   1.9531250e+01
   4.0851710e+06   1.9104004e+01
   4.0852390e+06   1.8310547e+01
   4.0853600e+06   1.8737793e+01
   4.0854550e+06   1.9958496e+01
   4.0856590e+06   1.9165039e+01
   4.0857000e+06   1.7883301e+01
   4.0857180e+06   1.8249512e+01
   4.0857640e+06   2.0568848e+01
   4.0857830e+06   2.0263672e+01
   4.0858200e+06   2.3681641e+01
   4.0858600e+06   1.8127441e+01
   4.0862400e+06   2.3010254e+01
   4.0863350e+06   1.9897461e+01
   4.0864920e+06   1.8798828e+01
   4.0865600e+06   1.8432617e+01
   4.0866300e+06   1.9226074e+01
   4.0866910e+06   1.8737793e+01
   4.0868660e+06   1.8798828e+01
   4.0871940e+06   1.8188477e+01
   4.0874720e+06   1.8554688e+01
   4.1059950e+06   1.8615723e+01
   4.1060180e+06   2.1179199e+01
   4.1060570e+06   1.8676758e+01
   4.1061010e+06   4.4189453e+01
   4.1061180e+06   2.0874023e+01
   4.1061330e+06   3.2714844e+01
   4.1061430e+06   3.0944824e+01
   4.1061770e+06   2.7343750e+01
   4.1061970e+06   2.5878906e+01
   4.1062450e+06   4.5349121e+01
   4.1062880e+06   2.5329590e+01
   4.1063400e+06   3.2287598e+01
   4.1063520e+06   1.9042969e+01
   4.1063720e+06   2.0324707e+01
   4.1064920e+06   2.3315430e+01
   4.1065990e+06   2.2094727e+01
   4.1066840e+06   1.8432617e+01
   4.1068970e+06   2.0141602e+01
   4.1070610e+06   1.8371582e+01
   4.1071020e+06   1.9104004e+01
   4.1072370e+06   1.8493652e+01
   4.1072780e+06   1.7944336e+01
   4.1073970e+06   1.7883301e+01
   4.1074550e+06   2.0141602e+01
   4.1077770e+06   1.9592285e+01
   4.1081300e+06   1.9104004e+01
   4.1082850e+06   1.9714355e+01
   4.1091270e+06   1.8798828e+01
   4.1095780e+06   1.8249512e+01
   4.1176220e+06   1.9836426e+01
   4.1176520e+06   1.9348145e+01
   4.1176830e+06   4.6447754e+01
   4.1176930e+06   2.0141602e+01
   4.1177260e+06   2.0507812e+01
   4.1177450e+06   2.5451660e+01
   4.1177610e+06   3.5156250e+01
   4.1178170e+06   2.1789551e+01
   4.1178280e+06   3.0212402e+01
   4.1178720e+06   2.1972656e+01
   4.1179070e+06   3.4545898e+01
   4.1179410e+06   2.0812988e+01
   4.1179810e+06   2.8381348e+01
   4.1180300e+06   1.7883301e+01
   4.1180560e+06   1.8249512e+01
   4.1181250e+06   2.0263672e+01
   4.1181500e+06   1.9287109e+01
   4.1182400e+06   1.8249512e+01
   4.1183060e+06   1.9958496e+01
   4.1183190e+06   2.0751953e+01
   4.1184640e+06   1.9775391e+01
   4.1184910e+06   2.0263672e+01
   4.1185990e+06   2.1301270e+01
   4.1268430e+06   1.8493652e+01
   4.1271080e+06   2.6489258e+01
   4.1271390e+06   1.8554688e+01
   4.1271800e+06   2.2338867e+01
   4.1271980e+06   4.5532227e+01
   4.1272500e+06   1.8920898e+01
   4.1272910e+06   1.8005371e+01
   4.1273170e+06   3.6193848e+01
   4.1273780e+06   2.2033691e+01
   4.1273980e+06   2.2094727e+01
   4.1274500e+06   2.6977539e+01
   4.1274790e+06   1.8310547e+01
   4.1275060e+06   1.9470215e+01
   4.1275230e+06   2.2644043e+01
   4.1275330e+06   2.3193359e+01
   4.1276010e+06   1.8859863e+01
   4.1276320e+06   1.9958496e+01
   4.1276890e+06   1.8127441e+01
   4.1277430e+06   1.8371582e+01
   4.1277900e+06   2.0629883e+01
   4.1278430e+06   1.7883301e+01
   4.1280760e+06   1.9042969e+01
   4.1281470e+06   1.8920898e+01
   4.1281880e+06   2.6611328e+01
   4.1283020e+06   1.8737793e+01
   4.1285870e+06   1.9042969e+01
   4.1385740e+06   4.1931152e+01
   4.1386350e+06   2.5146484e+01
   4.1386650e+06   3.9245605e+01
   4.1386970e+06   1.9226074e+01
   4.1387350e+06   2.9968262e+01
   4.1387570e+06   1.9592285e+01
   4.1387920e+06   1.9897461e+01
   4.1388140e+06   3.1738281e+01
   4.1388250e+06   2.4169922e+01
   4.1388830e+06   2.0629883e+01
   4.1389080e+06   2.1972656e+01
   4.1389520e+06   2.0385742e+01
   4.1389670e+06   2.0202637e+01
   4.1389800e+06   2.0385742e+01
   4.1390330e+06   2.0324707e+01
   4.1390460e+06   1.8005371e+01
   4.1390960e+06   1.9531250e+01
   4.1391150e+06   2.0141602e+01
   4.1391980e+06   2.1728516e+01
   4.1392550e+06   1.8615723e+01
   4.1393090e+06   1.8737793e+01
   4.1393700e+06   1.9165039e+01
   4.1394960e+06   2.1728516e+01
   4.1400050e+06   1.8249512e+01
   4.1467790e+06   2.1972656e+01
   4.1470550e+06   2.2766113e+01
   4.1471070e+06   4.3212891e+01
   4.1471200e+06   2.0812988e+01
   4.1471960e+06   2.0446777e+01
   4.1472150e+06   3.5400391e+01
   4.1472660e+06   2.0874023e+01
   4.1473230e+06   1.8432617e+01
   4.1473550e+06   3.4790039e+01
   4.1474230e+06   2.5146484e+01
   4.1474650e+06   3.0822754e+01
   4.1474960e+06   1.8371582e+01
   4.1478770e+06   1.9897461e+01
   4.1480180e+06   1.8432617e+01
   4.1553390e+06   1.8127441e+01
   4.1554750e+06   1.9531250e+01
   4.1554940e+06   4.8889160e+01
   4.1555620e+06   2.6428223e+01
   4.1556040e+06   2.1118164e+01
   4.1556260e+06   4.5227051e+01
   4.1556960e+06   2.1667480e+01
   4.1557180e+06   1.8798828e+01
   4.1557310e+06   1.7883301e+01
   4.1557860e+06   3.5034180e+01
   4.1558170e+06   1.9470215e+01
   4.1558600e+06   2.6855469e+01
   4.1558710e+06   2.1911621e+01
   4.1559550e+06   1.8310547e+01
   4.1560200e+06   1.8920898e+01
   4.1560430e+06   2.1118164e+01
   4.1561040e+06   2.3681641e+01
   4.1561510e+06   2.1606445e+01
   4.1562170e+06   1.8981934e+01
   4.1562510e+06   2.4536133e+01
   4.1563040e+06   1.8615723e+01
   4.1563770e+06   1.9165039e+01
   4.1573470e+06   1.9165039e+01
   4.4328160e+06   1.8066406e+01
   4.5041530e+06   1.9165039e+01
   4.6612950e+06   1.8066406e+01
   4.6614080e+06   2.2155762e+01
   4.6614290e+06   1.8066406e+01
   4.6614620e+06   2.1911621e+01
   4.6614840e+06   3.0273438e+01
   4.6614990e+06   1.7944336e+01
   4.6615210e+06   2.4230957e+01
   4.6615470e+06   2.0629883e+01
   4.6615610e+06   5.5480957e+01
   4.6615860e+06   2.2583008e+01
   4.6616170e+06   5.1452637e+01
   4.6616380e+06   2.7526855e+01
   4.6616660e+06   3.7170410e+01
   4.6616810e+06   1.9226074e+01
   4.6616920e+06   1.8310547e+01
   4.6617240e+06   3.8391113e+01
   4.6617510e+06   1.7822266e+01
   4.6617760e+06   3.6010742e+01
   4.6617920e+06   1.9714355e+01
   4.6618360e+06   2.7465820e+01
   4.6618920e+06   2.4658203e+01
   4.6619130e+06   2.2705078e+01
   4.6619750e+06   2.3132324e+01
   4.6620280e+06   2.6428223e+01
   4.6620960e+06   3.0578613e+01
   4.6621580e+06   2.8564453e+01
   4.6622330e+06   1.9836426e+01
   4.6623170e+06   1.9348145e+01
   4.6623540e+06   1.9042969e+01
   4.6624530e+06   2.1057129e+01
   4.6625720e+06   2.3254395e+01
   4.6626850e+06   1.9958496e+01
   4.6627670e+06   1.7822266e+01
   4.6628220e+06   2.1179199e+01
   4.6629330e+06   1.7883301e+01
   4.6629610e+06   2.2949219e+01
   4.6630910e+06   2.0935059e+01
   4.6631560e+06   1.9409180e+01
   4.6631890e+06   1.9165039e+01
   4.7363360e+06   1.9714355e+01
   4.7511800e+06   1.9775391e+01
   4.8448640e+06   1.8127441e+01
   4.8492800e+06   1.8249512e+01
   4.8744490e+06   2.1301270e+01
   4.8745010e+06   2.1850586e+01
   4.8745460e+06   5.3100586e+01
   4.8745680e+06   2.4719238e+01
   4.8745860e+06   2.7160645e+01
   4.8746040e+06   4.8034668e+01
   4.8746250e+06   2.2949219e+01
   4.8746400e+06   2.8625488e+01
   4.8746680e+06   4.6020508e+01
   4.8747160e+06   5.3894043e+01
   4.8747310e+06   1.9958496e+01
   4.8747670e+06   1.7822266e+01
   4.8748210e+06   1.9165039e+01
   4.8748830e+06   2.9296875e+01
   4.8749040e+06   2.4658203e+01
   4.8749310e+06   2.4719238e+01
   4.8749860e+06   1.9409180e+01
   4.8750210e+06   1.8981934e+01
   4.8750570e+06   1.8310547e+01
   4.8751140e+06   1.8554688e+01
   4.8751800e+06   2.0080566e+01
   4.8752560e+06   1.9104004e+01
   4.8753100e+06   2.1118164e+01
   4.8753360e+06   1.9226074e+01
   4.8754910e+06   2.0446777e+01
   4.8755220e+06   1.7944336e+01
   4.8756430e+06   1.7822266e+01
   4.8756530e+06   2.0019531e+01
   4.8757230e+06   2.3437500e+01
   4.8757600e+06   2.1118164e+01
   4.8758190e+06   2.1301270e+01
   4.8759170e+06   1.8005371e+01
   4.8760970e+06   1.9409180e+01
   4.8764860e+06   1.8798828e+01
   4.8766860e+06   1.9104004e+01
   4.8768730e+06   1.8066406e+01
   4.8775950e+06   1.7883301e+01
   4.9940640e+06   1.8249512e+01
   4.9941320e+06   2.3376465e+01
   4.9941840e+06   5.4138184e+01
   4.9942170e+06   1.9897461e+01
   4.9942360e+06   2.0263672e+01
   4.9942580e+06   2.2277832e+01
   4.9942730e+06   2.0507812e+01
   4.9943090e+06   4.6691895e+01
   4.9943240e+06   1.9470215e+01
   4.9943510e+06   1.8432617e+01
   4.9943650e+06   3.7048340e+01
   4.9944020e+06   2.0141602e+01
   4.9944140e+06   4.1564941e+01
   4.9944430e+06   2.2888184e+01
   4.9944720e+06   4.8522949e+01
   4.9944970e+06   1.8066406e+01
   4.9945490e+06   3.4545898e+01
   4.9945590e+06   2.0812988e+01
   4.9946280e+06   2.8930664e+01
   4.9946900e+06   2.6245117e+01
   4.9947330e+06   1.9592285e+01
   4.9947540e+06   2.1972656e+01
   4.9948320e+06   1.8676758e+01
   4.9949500e+06   2.0141602e+01
   4.9950400e+06   1.8737793e+01
   4.9950570e+06   2.0996094e+01
   4.9951590e+06   1.8249512e+01
   4.9951840e+06   2.0629883e+01
   4.9952240e+06   2.2399902e+01
   4.9953080e+06   1.9531250e+01
   4.9953540e+06   1.8676758e+01
   4.9954230e+06   2.2888184e+01
   4.9954700e+06   2.0019531e+01
   4.9956400e+06   1.9470215e+01
   4.9958220e+06   2.1972656e+01
   4.9960700e+06   1.9287109e+01
   5.0537660e+06   1.9409180e+01
   5.0793070e+06   1.8371582e+01
   5.1010160e+06   1.8493652e+01
   5.1209690e+06   1.8981934e+01
   5.1563510e+06   1.7883301e+01
   5.1695770e+06   1.8676758e+01
   5.1861720e+06   2.0935059e+01
   5.1888430e+06   2.0751953e+01
   5.2205100e+06   1.7883301e+01
   5.2428140e+06   1.9042969e+01
   5.2469180e+06   1.9348145e+01
   5.3230640e+06   1.8859863e+01
   5.3231130e+06   2.0446777e+01
   5.3231520e+06   3.1860352e+01
   5.3231750e+06   4.7180176e+01
   5.3232010e+06   2.6062012e+01
   5.3232180e+06   1.8554688e+01
   5.3232400e+06   4.1259766e+01
   5.3232640e+06   2.6855469e+01
   5.3232870e+06   4.8889160e+01
   5.3233090e+06   2.2827148e+01
   5.3233360e+06   1.9714355e+01
   5.3233710e+06   2.8991699e+01
   5.3233830e+06   2.8076172e+01
   5.3233980e+06   2.2033691e+01
   5.3234310e+06   3.0090332e+01
   5.3234840e+06   2.8747559e+01
   5.3235350e+06   2.7343750e+01
   5.3235890e+06   2.0629883e+01
   5.3236460e+06   2.2033691e+01
   5.3236990e+06   1.8676758e+01
   5.3238250e+06   2.0141602e+01
   5.3238630e+06   1.8371582e+01
   5.3240770e+06   1.9042969e+01
   5.3242790e+06   1.8005371e+01
   5.3247160e+06   1.8188477e+01
   5.3249350e+06   2.2216797e+01
   5.3250290e+06   1.8859863e+01
   5.3252880e+06   1.8737793e+01
   5.3260470e+06   1.7883301e+01
   5.3263760e+06   1.7822266e+01
   5.3265070e+06   1.8249512e+01
   5.3266820e+06   1.8981934e+01
   5.3355050e+06   1.8127441e+01
   5.4372250e+06   1.7944336e+01
   5.4508200e+06   1.7883301e+01
   5.5041230e+06   2.0874023e+01
   5.5041420e+06   1.8127441e+01
   5.5041680e+06   4.7302246e+01
   5.5041990e+06   2.6794434e+01
   5.5042230e+06   1.8066406e+01
   5.5042430e+06   2.5268555e+01
   5.5042710e+06   2.1911621e+01
   5.5042840e+06   2.6733398e+01
   5.5042980e+06   1.9714355e+01
   5.5043210e+06   5.1696777e+01
   5.5043460e+06   2.5573730e+01
   5.5043630e+06   3.2836914e+01
   5.5044120e+06   2.8747559e+01
   5.5044580e+06   1.8432617e+01
   5.5045130e+06   1.9348145e+01
   5.5047130e+06   2.1179199e+01
   5.5047390e+06   1.8676758e+01
   5.5047750e+06   2.1301270e+01
   5.5048810e+06   1.9531250e+01
   5.5049820e+06   1.8798828e+01
   5.5050670e+06   1.8249512e+01
   5.5051530e+06   1.9714355e+01
   5.5052120e+06   1.7883301e+01
   5.5054760e+06   2.0324707e+01
   5.5057090e+06   1.8493652e+01
   5.5058020e+06   1.8615723e+01
   5.5065030e+06   1.8676758e+01
   5.5071500e+06   1.8249512e+01
   5.5194250e+06   1.8859863e+01
   5.5196240e+06   2.1423340e+01
   5.5198010e+06   1.9348145e+01
   5.5198970e+06   5.6945801e+01
   5.5199650e+06   2.2583008e+01
   5.5199910e+06   1.9470215e+01
   5.5200010e+06   2.7526855e+01
   5.5200240e+06   2.4719238e+01
   5.5200560e+06   4.2358398e+01
   5.5200720e+06   2.1057129e+01
   5.5201220e+06   3.7902832e+01
   5.5201570e+06   2.0141602e+01
   5.5201730e+06   2.5878906e+01
   5.5201860e+06   1.9592285e+01
   5.5202250e+06   3.0029297e+01
   5.5202410e+06   1.9470215e+01
   5.5202560e+06   1.9958496e+01
   5.5202720e+06   1.7944336e+01
   5.5203600e+06   1.7822266e+01
   5.5203730e+06   1.9531250e+01
   5.5204440e+06   2.0568848e+01
   5.5204770e+06   1.7883301e+01
   5.5206220e+06   1.9104004e+01
   5.5206800e+06   1.9836426e+01
   5.5207920e+06   1.8493652e+01
   5.5208450e+06   1.7883301e+01
   5.5212610e+06   1.9042969e+01
   5.5212860e+06   1.7822266e+01
   5.5215030e+06   1.9958496e+01
   5.5227120e+06   1.8249512e+01
   5.5246970e+06   1.8310547e+01
   5.5372450e+06   1.9775391e+01
   5.5372920e+06   2.0080566e+01
   5.5373390e+06   2.1301270e+01
   5.5373530e+06   5.0537109e+01
   5.5373950e+06   2.0019531e+01
   5.5374110e+06   2.1789551e+01
   5.5374350e+06   3.6071777e+01
   5.5374700e+06   2.3803711e+01
   5.5374950e+06   3.0761719e+01
   5.5375140e+06   1.8188477e+01
   5.5375500e+06   3.0273438e+01
   5.5375680e+06   1.9897461e+01
   5.5375980e+06   3.7719727e+01
   5.5376450e+06   1.9897461e+01
   5.5376650e+06   1.8615723e+01
   5.5376900e+06   1.8798828e+01
   5.5377550e+06   1.8615723e+01
   5.5377950e+06   1.8859863e+01
   5.5378580e+06   2.1728516e+01
   5.5379230e+06   1.9592285e+01
   5.5381700e+06   1.8554688e+01
   5.5382950e+06   1.8615723e+01
   5.5384150e+06   2.0812988e+01
   5.5385100e+06   2.0446777e+01
   5.5386420e+06   2.0507812e+01
   5.5397620e+06   1.9348145e+01
   5.5483320e+06   3.7048340e+01
   5.5483600e+06   2.0629883e+01
   5.5484160e+06   3.7719727e+01
   5.5484690e+06   2.6367188e+01
   5.5485210e+06   1.8371582e+01
   5.5485460e+06   2.9968262e+01
   5.5485650e+06   2.0874023e+01
   5.5486010e+06   2.3315430e+01
   5.5486690e+06   2.6428223e+01
   5.5486850e+06   1.8615723e+01
   5.5487540e+06   2.7893066e+01
   5.5488280e+06   2.0080566e+01
   5.5488980e+06   1.8676758e+01
   5.5489100e+06   1.9042969e+01
   5.5489310e+06   2.0263672e+01
   5.5489560e+06   2.2338867e+01
   5.5492600e+06   1.8249512e+01
   5.5492990e+06   1.8554688e+01
   5.5494630e+06   1.8676758e+01
   5.5501360e+06   2.1911621e+01
   5.5501860e+06   1.9104004e+01
   5.5568450e+06   1.9897461e+01
   5.5569220e+06   3.8146973e+01
   5.5569410e+06   2.2216797e+01
   5.5569810e+06   1.8981934e+01
   5.5570140e+06   3.7475586e+01
   5.5570320e+06   2.0080566e+01
   5.5570620e+06   2.0141602e+01
   5.5571060e+06   3.7536621e+01
   5.5571390e+06   1.8493652e+01
   5.5571810e+06   3.4301758e+01
   5.5572110e+06   1.9226074e+01
   5.5572510e+06   2.5878906e+01
   5.5573130e+06   1.8676758e+01
   5.5573320e+06   2.6245117e+01
   5.5574640e+06   2.1789551e+01
   5.5575560e+06   1.9409180e+01
   5.5576320e+06   1.8127441e+01
   5.5576600e+06   2.2766113e+01
   5.5576740e+06   2.6733398e+01
   5.5577700e+06   1.9348145e+01
   5.5578350e+06   2.0324707e+01
   5.5580300e+06   1.9409180e+01
   5.5582920e+06   1.9287109e+01
   5.5589490e+06   2.1057129e+01
   5.5665780e+06   4.4799805e+01
   5.5665880e+06   2.1362305e+01
   5.5666120e+06   2.2583008e+01
   5.5666430e+06   3.4851074e+01
   5.5666540e+06   3.3874512e+01
   5.5666880e+06   2.1972656e+01
   5.5667230e+06   3.6254883e+01
   5.5667420e+06   1.8371582e+01
   5.5667710e+06   1.9653320e+01
   5.5667950e+06   2.7709961e+01
   5.5668540e+06   2.1545410e+01
   5.5668660e+06   2.3925781e+01
   5.5669240e+06   2.1972656e+01
   5.5669710e+06   1.9287109e+01
   5.5669980e+06   2.0690918e+01
   5.5670740e+06   2.1179199e+01
   5.5670850e+06   2.1240234e+01
   5.5671590e+06   2.3376465e+01
   5.5673050e+06   1.8188477e+01
   5.5676170e+06   1.8981934e+01
   5.5677960e+06   1.8981934e+01
   5.5769540e+06   3.6071777e+01
   5.5770740e+06   2.1484375e+01
   5.5771170e+06   3.5949707e+01
   5.5771470e+06   3.1860352e+01
   5.5771930e+06   2.6367188e+01
   5.5772180e+06   2.1362305e+01
   5.5772520e+06   1.8432617e+01
   5.5772690e+06   2.1240234e+01
   5.5773210e+06   2.9968262e+01
   5.5773420e+06   1.8981934e+01
   5.5774460e+06   1.9653320e+01
   5.5774720e+06   3.0334473e+01
   5.5775290e+06   1.9165039e+01
   5.5775650e+06   2.2094727e+01
   5.5775780e+06   2.1606445e+01
   5.5776370e+06   2.0446777e+01
   5.5777290e+06   2.0690918e+01
   5.5778210e+06   2.8747559e+01
   5.5780680e+06   2.0568848e+01
   5.5781980e+06   1.7883301e+01
   5.5795140e+06   1.8920898e+01
   5.5795980e+06   1.7944336e+01
   5.5859490e+06   1.7883301e+01
   5.5859960e+06   4.5959473e+01
   5.5860580e+06   2.8259277e+01
   5.5861370e+06   2.0874023e+01
   5.5861470e+06   3.3508301e+01
   5.5861630e+06   1.9348145e+01
   5.5862280e+06   3.1982422e+01
   5.5862410e+06   2.5085449e+01
   5.5862570e+06   1.7822266e+01
   5.5862940e+06   1.8859863e+01
   5.5863260e+06   1.9226074e+01
   5.5864600e+06   3.1677246e+01
   5.5865090e+06   2.3437500e+01
   5.5865530e+06   2.2705078e+01
   5.5866090e+06   1.8981934e+01
   5.5866450e+06   3.3935547e+01
   5.5867370e+06   2.0446777e+01
   5.5870430e+06   1.8920898e+01
   5.6828350e+06   2.4780273e+01
   5.8528850e+06   1.7883301e+01
   5.8529580e+06   2.0385742e+01
   5.8530670e+06   2.6428223e+01
   5.8531040e+06   2.7587891e+01
   5.8531560e+06   1.9165039e+01
   5.8531780e+06   1.9592285e+01
   5.8532100e+06   2.6916504e+01
   5.8532370e+06   2.2583008e+01
   5.8532690e+06   2.1057129e+01
   5.8533130e+06   5.4443359e+01
   5.8533360e+06   2.1911621e+01
   5.8533690e+06   3.5949707e+01
   5.8533830e+06   2.0263672e+01
   5.8534170e+06   3.2592773e+01
   5.8534460e+06   1.8188477e+01
   5.8534700e+06   3.1372070e+01
   5.8534920e+06   2.5085449e+01
   5.8535180e+06   3.2836914e+01
   5.8535630e+06   2.1850586e+01
   5.8535770e+06   2.9418945e+01
   5.8536300e+06   3.1738281e+01
   5.8536880e+06   2.9296875e+01
   5.8537090e+06   2.1301270e+01
   5.8537580e+06   2.0080566e+01
   5.8537980e+06   1.9348145e+01
   5.8538270e+06   2.6123047e+01
   5.8538910e+06   1.9531250e+01
   5.8539370e+06   2.2094727e+01
   5.8539680e+06   2.2399902e+01
   5.8540000e+06   1.8066406e+01
   5.8540140e+06   3.1616211e+01
   5.8540790e+06   2.2949219e+01
   5.8541200e+06   1.7822266e+01
   5.8541680e+06   2.0568848e+01
   5.8542220e+06   2.0507812e+01
   5.8542560e+06   1.7883301e+01
   5.8543310e+06   1.7822266e+01
   5.8544430e+06   2.4902344e+01
   5.8545570e+06   1.8066406e+01
   5.8926020e+06   2.1423340e+01
   5.8936090e+06   2.2644043e+01
   5.9110410e+06   1.8310547e+01
   5.9190580e+06   1.8310547e+01
   5.9197210e+06   2.2094727e+01
   5.9197780e+06   1.8249512e+01
   5.9198080e+06   5.9570312e+01
   5.9198370e+06   2.5756836e+01
   5.9198750e+06   1.9836426e+01
   5.9198860e+06   2.7893066e+01
   5.9199130e+06   5.7434082e+01
   5.9199440e+06   2.9357910e+01
   5.9199710e+06   1.9714355e+01
   5.9199920e+06   4.6691895e+01
   5.9200490e+06   4.9621582e+01
   5.9200940e+06   1.9226074e+01
   5.9201160e+06   3.1616211e+01
   5.9201440e+06   2.3620605e+01
   5.9201630e+06   1.9958496e+01
   5.9201850e+06   3.8879395e+01
   5.9202190e+06   2.5451660e+01
   5.9202710e+06   2.0507812e+01
   5.9203410e+06   3.5827637e+01
   5.9203760e+06   1.9165039e+01
   5.9203970e+06   1.9409180e+01
   5.9204660e+06   3.5949707e+01
   5.9205350e+06   3.1005859e+01
   5.9205790e+06   1.7822266e+01
   5.9206070e+06   2.5512695e+01
   5.9206910e+06   2.1179199e+01
   5.9207110e+06   1.8066406e+01
   5.9207290e+06   1.8188477e+01
   5.9213160e+06   1.8676758e+01
   5.9215940e+06   2.0141602e+01
   5.9225040e+06   1.8249512e+01
