   3.0000000e+06   0.0000000e+00
   1.9552700e+05   2.3742676e+01
   1.9555500e+05   1.4709473e+01
   1.9562000e+05   1.7700195e+01
   1.9565700e+05   1.6052246e+01
   1.9570900e+05   2.2705078e+01
   1.9581700e+05   1.4892578e+01
   1.9584900e+05   1.8981934e+01
   1.9592300e+05   1.4404297e+01
   1.9593500e+05   1.4770508e+01
   1.9598100e+05   1.4953613e+01
   1.9602900e+05   1.9165039e+01
   1.9606800e+05   1.9104004e+01
   1.9613900e+05   1.7456055e+01
   1.9618000e+05   1.4587402e+01
   1.9645400e+05   1.4282227e+01
   1.9650900e+05   1.5808105e+01
   1.9694100e+05   1.5991211e+01
   1.9703600e+05   1.4526367e+01
   1.9716800e+05   1.4587402e+01
   1.9728700e+05   2.0751953e+01
   1.9745400e+05   2.0202637e+01
   2.0833500e+05   1.4526367e+01
   2.2271200e+05   1.8859863e+01
   2.2589800e+05   2.2766113e+01
   2.2849800e+05   2.4353027e+01
   2.2863800e+05   1.6784668e+01
   2.2866100e+05   2.3620605e+01
   2.2874200e+05   1.7578125e+01
   2.2876800e+05   1.5869141e+01
   2.2878400e+05   2.1118164e+01
   2.2882400e+05   1.5258789e+01
   2.2884200e+05   1.4770508e+01
   2.2892400e+05   2.2155762e+01
   2.2895300e+05   1.6052246e+01
   2.2898100e+05   1.4831543e+01
   2.2900700e+05   1.4770508e+01
   2.2903800e+05   1.4221191e+01
   2.2908400e+05   1.4953613e+01
   2.2911700e+05   1.4831543e+01
   2.2996900e+05   1.4526367e+01
   2.3008400e+05   1.4343262e+01
   2.3015200e+05   1.4587402e+01
   2.3033400e+05   1.4953613e+01
   2.3119200e+05   1.4343262e+01
   2.4237800e+05   1.9287109e+01
   2.4251200e+05   1.4465332e+01
   2.4256200e+05   1.8371582e+01
   2.4258100e+05   1.6662598e+01
   2.4262000e+05   1.4465332e+01
   2.4266800e+05   2.1118164e+01
   2.4272100e+05   1.5197754e+01
   2.4273900e+05   1.9531250e+01
   2.4282500e+05   1.7944336e+01
   2.4289400e+05   1.6601562e+01
   2.4294300e+05   1.6662598e+01
   2.4297200e+05   1.5136719e+01
   2.4298900e+05   1.7333984e+01
   2.4304500e+05   1.4831543e+01
   2.4310100e+05   1.5258789e+01
   2.4311600e+05   1.5136719e+01
   2.4317700e+05   1.8554688e+01
   2.4334700e+05   1.4831543e+01
   2.4339600e+05   1.4465332e+01
   2.4346900e+05   1.4343262e+01
   2.4359000e+05   1.5197754e+01
   2.4372200e+05   1.8310547e+01
   2.5226700e+05   1.9958496e+01
   2.5237300e+05   1.5197754e+01
   2.5246300e+05   2.2216797e+01
   2.5255200e+05   1.4892578e+01
   2.5257300e+05   1.9592285e+01
   2.5258700e+05   1.9226074e+01
   2.5267700e+05   2.4597168e+01
   2.5278100e+05   1.4465332e+01
   2.5280100e+05   1.5625000e+01
   2.5287700e+05   1.4343262e+01
   2.5290500e+05   1.7150879e+01
   2.5297000e+05   1.5563965e+01
   2.5300400e+05   1.5258789e+01
   2.5311300e+05   1.5991211e+01
   2.5333400e+05   1.4465332e+01
   2.5356200e+05   1.4404297e+01
   2.6235200e+05   1.8737793e+01
   2.6242500e+05   1.4587402e+01
   2.6245300e+05   2.6611328e+01
   2.6255200e+05   1.6540527e+01
   2.6259900e+05   1.6052246e+01
   2.6272200e+05   1.6113281e+01
   2.6281900e+05   1.9226074e+01
   2.6286600e+05   1.8310547e+01
   2.6289300e+05   1.6052246e+01
   2.6298200e+05   1.4953613e+01
   2.6305900e+05   1.5380859e+01
   2.6308700e+05   1.4953613e+01
   2.6319000e+05   1.4343262e+01
   2.7217100e+05   2.7526855e+01
   2.7238900e+05   1.6357422e+01
   2.7245200e+05   1.4221191e+01
   2.7258000e+05   1.9348145e+01
   2.7270300e+05   1.7517090e+01
   2.7292600e+05   1.5502930e+01
   2.8055000e+05   2.4108887e+01
   2.8059000e+05   1.5991211e+01
   2.8065100e+05   1.7395020e+01
   2.8066800e+05   1.4709473e+01
   2.8071800e+05   1.7028809e+01
   2.8074400e+05   1.8615723e+01
   2.8083200e+05   1.8798828e+01
   2.8087500e+05   1.5625000e+01
   2.8090100e+05   1.6845703e+01
   2.8091400e+05   1.4831543e+01
   2.8107100e+05   1.4526367e+01
   2.8120400e+05   1.4770508e+01
   2.8128500e+05   1.6113281e+01
   2.8130800e+05   1.6235352e+01
   2.8137900e+05   1.4343262e+01
   2.8152100e+05   1.4587402e+01
   2.9328100e+05   2.2399902e+01
   2.9338900e+05   1.7211914e+01
   2.9360500e+05   1.5747070e+01
   2.9371700e+05   2.1484375e+01
   2.9413500e+05   1.5441895e+01
   2.9421600e+05   1.4282227e+01
   3.0840200e+05   1.7517090e+01
   3.0844300e+05   1.5136719e+01
   3.0847400e+05   1.8859863e+01
   3.0852400e+05   1.6052246e+01
   3.0854700e+05   1.7700195e+01
   3.0856100e+05   1.4404297e+01
   3.0859900e+05   2.0874023e+01
   3.0864200e+05   1.7700195e+01
   3.0872900e+05   2.3498535e+01
   3.0876900e+05   1.4892578e+01
   3.0880600e+05   1.4465332e+01
   3.0881600e+05   2.0141602e+01
   3.0886800e+05   1.4648438e+01
   3.0900300e+05   1.4831543e+01
   3.0977800e+05   1.4953613e+01
   9.3084800e+05   1.5686035e+01
   9.3087000e+05   1.4221191e+01
   9.3093900e+05   2.9785156e+01
   9.3109900e+05   2.4353027e+01
   9.3111900e+05   1.8310547e+01
   9.3116200e+05   2.5939941e+01
   9.3122200e+05   1.4526367e+01
   9.3124800e+05   1.4404297e+01
   9.3126700e+05   2.0446777e+01
   9.3131500e+05   1.5136719e+01
   9.3135300e+05   1.7456055e+01
   9.3137800e+05   1.4709473e+01
   9.3142100e+05   1.6357422e+01
   9.3150500e+05   1.5563965e+01
   9.3226800e+05   1.5808105e+01
   9.3237600e+05   2.1179199e+01
   9.3257300e+05   1.9165039e+01
   1.1222080e+06   1.4648438e+01
   1.1553810e+06   2.3986816e+01
   1.1555480e+06   2.1911621e+01
   1.1557310e+06   1.5136719e+01
   1.1557880e+06   3.0883789e+01
   1.1558310e+06   1.4526367e+01
   1.1558520e+06   1.7333984e+01
   1.1558650e+06   2.1179199e+01
   1.1559190e+06   1.6601562e+01
   1.1559470e+06   1.5075684e+01
   1.1559660e+06   1.5625000e+01
   1.1560410e+06   2.0874023e+01
   1.1560930e+06   1.5380859e+01
   1.1561380e+06   1.7944336e+01
   1.1565580e+06   1.7150879e+01
   1.1565890e+06   1.4526367e+01
   1.1566540e+06   1.7395020e+01
   1.1566770e+06   1.4648438e+01
   1.1567370e+06   1.5319824e+01
   1.1567840e+06   1.4953613e+01
   1.1568970e+06   1.8493652e+01
   1.1569960e+06   1.5502930e+01
   1.1570280e+06   1.4953613e+01
   1.1571170e+06   1.7761230e+01
   1.1571420e+06   1.4282227e+01
   1.4603320e+06   3.1921387e+01
   1.4603740e+06   1.4404297e+01
   1.4604780e+06   2.3071289e+01
   1.4605840e+06   1.4526367e+01
   1.4606980e+06   2.3254395e+01
   1.4607290e+06   1.5075684e+01
   1.4607660e+06   2.1789551e+01
   1.4607780e+06   1.5014648e+01
   1.4608120e+06   1.5563965e+01
   1.4608330e+06   1.5930176e+01
   1.4608830e+06   1.5258789e+01
   1.4610340e+06   1.4831543e+01
   1.4610970e+06   1.4343262e+01
   1.4614720e+06   1.4648438e+01
   1.4615140e+06   1.5258789e+01
   1.4615510e+06   1.4404297e+01
   1.4616470e+06   1.5808105e+01
   1.4618260e+06   1.6662598e+01
   1.4619320e+06   1.7456055e+01
   1.4620390e+06   1.5258789e+01
   1.4621760e+06   1.5197754e+01
   1.4624510e+06   1.8554688e+01
   1.4628050e+06   1.4465332e+01
   1.6115640e+06   1.6357422e+01
   1.6116230e+06   1.6479492e+01
   1.6116470e+06   1.4648438e+01
   1.6116650e+06   1.5197754e+01
   1.6117050e+06   1.4221191e+01
   1.6117220e+06   1.7639160e+01
   1.6118470e+06   1.6906738e+01
   1.6118770e+06   2.0324707e+01
   1.6119180e+06   1.7944336e+01
   1.6119380e+06   1.8066406e+01
   1.6119590e+06   1.8371582e+01
   1.6119800e+06   1.5563965e+01
   1.6120080e+06   1.6479492e+01
   1.6120690e+06   2.2460937e+01
   1.6121480e+06   1.4648438e+01
   1.6121630e+06   1.6784668e+01
   1.6122080e+06   1.4770508e+01
   1.6122780e+06   1.5747070e+01
   1.6123400e+06   1.4587402e+01
   1.6123970e+06   1.5930176e+01
   1.6125920e+06   1.4282227e+01
   1.6127150e+06   1.5808105e+01
   1.6128990e+06   1.6601562e+01
   1.6129260e+06   1.5991211e+01
   1.6130070e+06   1.5197754e+01
   1.6359180e+06   2.2338867e+01
   1.6381980e+06   1.7578125e+01
   1.6404450e+06   2.1484375e+01
   1.6602070e+06   1.8310547e+01
   1.6603280e+06   1.5136719e+01
   1.6603830e+06   1.9165039e+01
   1.6604090e+06   2.0202637e+01
   1.6604590e+06   1.5319824e+01
   1.6605200e+06   1.5991211e+01
   1.6605470e+06   1.7578125e+01
   1.6605860e+06   2.2460938e+01
   1.6606380e+06   1.6479492e+01
   1.6606520e+06   1.6662598e+01
   1.6606930e+06   1.6906738e+01
   1.6607090e+06   1.7089844e+01
   1.6607430e+06   1.7028809e+01
   1.6608320e+06   1.5014648e+01
   1.6609200e+06   1.4404297e+01
   1.6614950e+06   1.7639160e+01
   1.6615070e+06   1.6357422e+01
   1.6617140e+06   1.6479492e+01
   1.6618100e+06   1.6906738e+01
   1.6618280e+06   1.4770508e+01
   1.6624220e+06   1.8554688e+01
   1.6848470e+06   2.2094727e+01
   1.6891240e+06   2.3620605e+01
   1.6892120e+06   2.2399902e+01
   1.6892310e+06   1.8737793e+01
   1.6892940e+06   2.3010254e+01
   1.6893100e+06   1.5747070e+01
   1.6893540e+06   1.7822266e+01
   1.6893680e+06   1.5441895e+01
   1.6894040e+06   1.9775391e+01
   1.6894210e+06   1.5441895e+01
   1.6894820e+06   1.7333984e+01
   1.6895530e+06   1.5869141e+01
   1.6895870e+06   1.4587402e+01
   1.6896420e+06   1.6723633e+01
   1.6903020e+06   1.4892578e+01
   1.6906350e+06   1.8798828e+01
   1.7083680e+06   2.4536133e+01
   1.7084090e+06   1.6967773e+01
   1.7084450e+06   1.5747070e+01
   1.7084920e+06   2.5024414e+01
   1.7085260e+06   1.4648438e+01
   1.7085430e+06   1.9958496e+01
   1.7085700e+06   1.5563965e+01
   1.7085810e+06   1.7211914e+01
   1.7086440e+06   1.4892578e+01
   1.7086700e+06   1.5563965e+01
   1.7087050e+06   1.4404297e+01
   1.7087170e+06   1.9958496e+01
   1.7087630e+06   1.4526367e+01
   1.7088850e+06   1.4709473e+01
   1.7090110e+06   1.5747070e+01
   1.7090880e+06   1.6113281e+01
   1.7092000e+06   1.4587402e+01
   1.7093300e+06   1.9226074e+01
   1.7094180e+06   1.9592285e+01
   1.7097740e+06   1.6235352e+01
   1.7225160e+06   1.8676758e+01
   1.7225740e+06   1.6723633e+01
   1.7226250e+06   1.4709473e+01
   1.7226590e+06   2.0385742e+01
   1.7227530e+06   2.1179199e+01
   1.7228520e+06   1.6113281e+01
   1.7228750e+06   1.6296387e+01
   1.7229310e+06   1.6479492e+01
   1.7229780e+06   1.8310547e+01
   1.7230080e+06   1.4404297e+01
   1.7230560e+06   1.5136719e+01
   1.7230850e+06   1.8737793e+01
   1.7231690e+06   1.6296387e+01
   1.7231930e+06   1.7456055e+01
   1.7235850e+06   1.7395020e+01
   1.7337400e+06   1.8371582e+01
   1.7337630e+06   1.8798828e+01
   1.7338470e+06   1.5441895e+01
   1.7338820e+06   1.8493652e+01
   1.7339230e+06   1.6906738e+01
   1.7339460e+06   1.4343262e+01
   1.7340500e+06   2.0019531e+01
   1.7341510e+06   1.7517090e+01
   1.7342230e+06   1.7761230e+01
   1.7342490e+06   1.6296387e+01
   1.7342690e+06   1.9775391e+01
   1.7343320e+06   1.4404297e+01
   1.7343640e+06   1.8920898e+01
   1.7449920e+06   2.3498535e+01
   1.7450300e+06   1.4831543e+01
   1.7451000e+06   1.7028809e+01
   1.7451800e+06   1.6845703e+01
   1.7452130e+06   2.4169922e+01
   1.7452960e+06   1.7211914e+01
   1.7453890e+06   1.6784668e+01
   1.7454910e+06   1.4892578e+01
   1.7455430e+06   1.6967773e+01
   1.7455660e+06   1.9409180e+01
   1.7456530e+06   1.4526367e+01
   1.7457060e+06   1.4648438e+01
   1.7457650e+06   1.6723633e+01
   1.7458790e+06   1.4343262e+01
   1.7461240e+06   2.0751953e+01
   1.7607340e+06   1.6296387e+01
   1.7607810e+06   1.7333984e+01
   1.7608020e+06   1.4282227e+01
   1.7608320e+06   1.7395020e+01
   1.7608520e+06   1.4343262e+01
   1.7608990e+06   1.5197754e+01
   1.7609270e+06   1.9226074e+01
   1.7610060e+06   1.6235352e+01
   1.7610220e+06   1.4465332e+01
   1.7610780e+06   1.8005371e+01
   1.7611120e+06   1.6235352e+01
   1.7611800e+06   1.5075684e+01
   1.7612710e+06   1.8249512e+01
   1.7613270e+06   1.5930176e+01
   1.7613490e+06   1.7517090e+01
   1.7614500e+06   1.4770508e+01
   1.7615420e+06   1.5136719e+01
   1.7616420e+06   1.6967773e+01
   1.7831140e+06   2.9602051e+01
   1.7831240e+06   1.4892578e+01
   1.7831820e+06   1.4221191e+01
   1.7832270e+06   1.5991211e+01
   1.7833040e+06   1.7333984e+01
   1.7833480e+06   1.8493652e+01
   1.7833700e+06   1.4282227e+01
   1.7834150e+06   1.5502930e+01
   1.7834760e+06   1.5075684e+01
   1.7836140e+06   1.6906738e+01
   1.7836830e+06   1.6235352e+01
   1.7837620e+06   1.6357422e+01
   1.7838410e+06   1.6784668e+01
   1.7839230e+06   1.4465332e+01
   1.7839990e+06   1.8859863e+01
   1.7843170e+06   2.0568848e+01
   2.4382880e+06   2.0568848e+01
   2.4383700e+06   2.6367188e+01
   2.4385370e+06   1.4709473e+01
   2.4385570e+06   1.5563965e+01
   2.4385750e+06   1.5502930e+01
   2.4386060e+06   2.3376465e+01
   2.4386430e+06   1.5502930e+01
   2.4386650e+06   1.9470215e+01
   2.4387130e+06   2.1911621e+01
   2.4387310e+06   1.4282227e+01
   2.4387510e+06   1.5197754e+01
   2.4387900e+06   1.9409180e+01
   2.4388430e+06   1.5258789e+01
   2.4389940e+06   1.5014648e+01
   2.4393230e+06   1.4404297e+01
   2.4393560e+06   1.6296387e+01
   2.4394020e+06   1.6357422e+01
   2.4394120e+06   1.7944336e+01
   2.4395380e+06   1.4831543e+01
   2.4396080e+06   1.5380859e+01
   2.4397060e+06   1.4465332e+01
   2.4398170e+06   1.7639160e+01
   2.4399720e+06   1.4343262e+01
   2.7713660e+06   3.5705566e+01
   2.7714440e+06   1.6906738e+01
   2.7714680e+06   1.5930176e+01
   2.7714910e+06   1.4282227e+01
   2.7715250e+06   1.6113281e+01
   2.7715990e+06   2.2094727e+01
   2.7716580e+06   2.0812988e+01
   2.7716970e+06   1.7700195e+01
   2.7717370e+06   1.6784668e+01
   2.7717760e+06   1.4831543e+01
   2.7718330e+06   1.5136719e+01
   2.7718640e+06   1.4526367e+01
   2.7719880e+06   1.6113281e+01
   2.7721170e+06   1.6113281e+01
   2.7721530e+06   1.4282227e+01
   2.7722710e+06   1.9531250e+01
   2.7723930e+06   1.4526367e+01
   2.7724630e+06   1.6479492e+01
   2.7725330e+06   1.8676758e+01
   2.7726330e+06   1.4831543e+01
   2.7727220e+06   1.5502930e+01
   2.7729490e+06   1.7272949e+01
   2.7730990e+06   1.7028809e+01
   2.7732270e+06   1.6296387e+01
   2.7734960e+06   1.7700195e+01
