   3.0000000e+06   0.0000000e+00
   1.9575600e+05   7.0556641e+01
   1.9582200e+05   5.8410645e+01
   1.9583300e+05   2.6245117e+01
   1.9586200e+05   4.0222168e+01
   1.9588900e+05   2.7709961e+01
   1.9592400e+05   3.2287598e+01
   1.9595900e+05   3.0456543e+01
   1.9598200e+05   2.5878906e+01
   1.9600100e+05   2.6428223e+01
   1.9601900e+05   2.3437500e+01
   1.9605400e+05   2.1301270e+01
   1.9608000e+05   2.3986816e+01
   1.9619800e+05   2.0324707e+01
   1.9624500e+05   2.1850586e+01
   1.9630600e+05   2.2521973e+01
   1.9637700e+05   2.0385742e+01
   1.9712000e+05   2.6550293e+01
   1.9713500e+05   2.0629883e+01
   1.9715600e+05   2.1545410e+01
   1.9725000e+05   2.3986816e+01
   1.9753800e+05   1.9897461e+01
   2.2871500e+05   6.4086914e+01
   2.2879700e+05   2.5939941e+01
   2.2882800e+05   7.8857422e+01
   2.2885500e+05   2.8564453e+01
   2.2889300e+05   6.6772461e+01
   2.2892100e+05   2.5085449e+01
   2.2893600e+05   4.1198730e+01
   2.2898400e+05   3.9428711e+01
   2.2901800e+05   2.3254395e+01
   2.2905100e+05   2.0385742e+01
   2.2907600e+05   1.9714355e+01
   2.2908900e+05   2.4353027e+01
   2.2975000e+05   1.9714355e+01
   2.2977800e+05   2.1179199e+01
   2.3008900e+05   2.1423340e+01
   2.3040500e+05   2.3254395e+01
   2.3137800e+05   2.0568848e+01
   2.4234400e+05   5.9631348e+01
   2.4247400e+05   5.5847168e+01
   2.4249100e+05   2.1362305e+01
   2.4254600e+05   4.5349121e+01
   2.4257100e+05   2.3864746e+01
   2.4261100e+05   4.7119141e+01
   2.4267000e+05   3.4301758e+01
   2.4270100e+05   2.5878906e+01
   2.4272100e+05   4.1503906e+01
   2.4274500e+05   2.3437500e+01
   2.4278300e+05   2.3681641e+01
   2.4283500e+05   2.4841309e+01
   2.4284600e+05   2.0690918e+01
   2.4288400e+05   2.2888184e+01
   2.4290900e+05   2.2521973e+01
   2.4306400e+05   1.9714355e+01
   2.4328500e+05   2.0568848e+01
   2.4356800e+05   2.0935059e+01
   2.4374900e+05   2.2766113e+01
   2.5208900e+05   2.0874023e+01
   2.5225800e+05   4.6264648e+01
   2.5242400e+05   5.1574707e+01
   2.5245600e+05   2.1301270e+01
   2.5248000e+05   2.1362305e+01
   2.5251900e+05   5.1940918e+01
   2.5255600e+05   2.0324707e+01
   2.5259600e+05   5.1330566e+01
   2.5262200e+05   2.3132324e+01
   2.5263900e+05   2.0935059e+01
   2.5268000e+05   4.0710449e+01
   2.5272300e+05   2.5512695e+01
   2.5275800e+05   2.7526855e+01
   2.5276900e+05   1.9653320e+01
   2.5282300e+05   2.4719238e+01
   2.5288800e+05   2.4230957e+01
   2.5293600e+05   2.1911621e+01
   2.5296700e+05   2.8442383e+01
   2.5304300e+05   3.1677246e+01
   2.5309900e+05   2.3986816e+01
   2.5313800e+05   2.6184082e+01
   2.5320000e+05   2.0568848e+01
   2.5321100e+05   2.1240234e+01
   2.5337100e+05   2.7038574e+01
   2.5354200e+05   2.4475098e+01
   2.6234800e+05   4.2663574e+01
   2.6241100e+05   2.2277832e+01
   2.6244000e+05   2.0812988e+01
   2.6246300e+05   4.9926758e+01
   2.6249100e+05   2.0080566e+01
   2.6252300e+05   2.8564453e+01
   2.6253800e+05   3.8757324e+01
   2.6260100e+05   3.6071777e+01
   2.6262100e+05   1.9897461e+01
   2.6265800e+05   4.1931152e+01
   2.6267900e+05   2.3742676e+01
   2.6272700e+05   2.5451660e+01
   2.6275100e+05   2.5207520e+01
   2.6278100e+05   3.0334473e+01
   2.6281500e+05   2.2644043e+01
   2.6284600e+05   2.3559570e+01
   2.6290200e+05   2.2033691e+01
   2.6307700e+05   1.9653320e+01
   2.6312700e+05   2.4414062e+01
   2.6325500e+05   2.0263672e+01
   2.6335800e+05   2.0141602e+01
   2.6358900e+05   2.0751953e+01
   2.7225300e+05   5.1574707e+01
   2.7235400e+05   2.0812988e+01
   2.7236800e+05   6.5795898e+01
   2.7253800e+05   5.2001953e+01
   2.7269900e+05   4.6936035e+01
   2.7280000e+05   3.5217285e+01
   2.7297900e+05   3.6987305e+01
   2.8054700e+05   7.0922852e+01
   2.8060000e+05   2.2277832e+01
   2.8061500e+05   2.1789551e+01
   2.8065200e+05   5.0720215e+01
   2.8069800e+05   2.2460938e+01
   2.8072900e+05   4.5104980e+01
   2.8076200e+05   1.9836426e+01
   2.8079400e+05   4.6569824e+01
   2.8083600e+05   2.0751953e+01
   2.8086600e+05   3.0212402e+01
   2.8092300e+05   2.1423340e+01
   2.8093500e+05   2.8137207e+01
   2.8097000e+05   2.3193359e+01
   2.8099600e+05   2.6062012e+01
   2.8101000e+05   2.6611328e+01
   2.8105500e+05   2.4597168e+01
   2.8107300e+05   2.5939941e+01
   2.8111500e+05   2.3010254e+01
   2.8117100e+05   2.7221680e+01
   2.8123200e+05   2.3193359e+01
   2.8126700e+05   2.0507812e+01
   2.8194800e+05   2.0202637e+01
   2.9326600e+05   6.0852051e+01
   2.9337500e+05   5.2124023e+01
   2.9345900e+05   4.6081543e+01
   2.9353000e+05   4.5593262e+01
   2.9358300e+05   2.6367188e+01
   2.9361400e+05   4.0710449e+01
   2.9363200e+05   2.0629883e+01
   2.9365500e+05   2.0019531e+01
   2.9369300e+05   4.5593262e+01
   2.9372900e+05   2.3803711e+01
   2.9379100e+05   4.7790527e+01
   2.9385700e+05   2.4108887e+01
   2.9387400e+05   3.8330078e+01
   2.9399400e+05   3.0395508e+01
   2.9410000e+05   1.9653320e+01
   2.9425500e+05   2.2827148e+01
   3.0833800e+05   6.0668945e+01
   3.0836400e+05   2.3071289e+01
   3.0840900e+05   2.2644043e+01
   3.0842700e+05   2.6489258e+01
   3.0845200e+05   2.2338867e+01
   3.0848200e+05   5.2062988e+01
   3.0850600e+05   2.0019531e+01
   3.0854900e+05   3.6132812e+01
   3.0860600e+05   2.7526855e+01
   3.0866100e+05   2.9235840e+01
   3.0869600e+05   2.0996094e+01
   3.0879300e+05   2.1362305e+01
   3.0886300e+05   2.0568848e+01
   3.0895400e+05   2.0812988e+01
   3.0903900e+05   2.2460938e+01
   9.3099900e+05   6.3476562e+01
   9.3101600e+05   2.1850586e+01
   9.3105400e+05   6.6589355e+01
   9.3106800e+05   2.2583008e+01
   9.3109200e+05   2.7526855e+01
   9.3111200e+05   2.5085449e+01
   9.3114700e+05   2.6000977e+01
   9.3116500e+05   2.1301270e+01
   9.3122800e+05   1.9714355e+01
   9.3127500e+05   2.3864746e+01
   9.3131200e+05   3.0578613e+01
   9.3197600e+05   2.1057129e+01
   9.3209100e+05   2.0812988e+01
   9.3234600e+05   1.9714355e+01
   9.3263200e+05   1.9714355e+01
   9.3269300e+05   2.3803711e+01
   1.1556450e+06   6.3232422e+01
   1.1557370e+06   6.0302734e+01
   1.1557540e+06   2.0019531e+01
   1.1557790e+06   3.4545898e+01
   1.1557990e+06   2.2705078e+01
   1.1558230e+06   2.2033691e+01
   1.1558470e+06   2.7709961e+01
   1.1558760e+06   2.2949219e+01
   1.1559260e+06   2.5939941e+01
   1.1559420e+06   2.5024414e+01
   1.1560890e+06   2.0446777e+01
   1.1561690e+06   2.0141602e+01
   1.1563260e+06   2.1484375e+01
   1.1564170e+06   2.0751953e+01
   1.1565790e+06   1.9714355e+01
   1.1568950e+06   2.2277832e+01
   1.1571810e+06   2.1057129e+01
   1.1572080e+06   2.1911621e+01
   1.1576500e+06   2.3254395e+01
   1.1580240e+06   2.1972656e+01
   1.4605600e+06   6.2561035e+01
   1.4606110e+06   2.1423340e+01
   1.4606320e+06   5.9448242e+01
   1.4606430e+06   2.8259277e+01
   1.4606750e+06   3.7109375e+01
   1.4606900e+06   2.1972656e+01
   1.4607140e+06   2.8503418e+01
   1.4607260e+06   2.0202637e+01
   1.4607660e+06   2.1667480e+01
   1.4607810e+06   2.2094727e+01
   1.4608210e+06   2.1423340e+01
   1.4608370e+06   2.1118164e+01
   1.4608530e+06   2.0141602e+01
   1.4608750e+06   1.9958496e+01
   1.4608980e+06   2.1850586e+01
   1.4610160e+06   2.0874023e+01
   1.4610340e+06   2.5207520e+01
   1.4610780e+06   2.0080566e+01
   1.4622740e+06   2.2583008e+01
   1.6116740e+06   7.1044922e+01
   1.6117410e+06   2.0690918e+01
   1.6117580e+06   5.3039551e+01
   1.6118110e+06   5.7189941e+01
   1.6118500e+06   3.3813477e+01
   1.6118720e+06   2.0202637e+01
   1.6119230e+06   2.2094727e+01
   1.6120080e+06   2.3620605e+01
   1.6120430e+06   2.0019531e+01
   1.6121550e+06   2.1728516e+01
   1.6124980e+06   2.3376465e+01
   1.6128380e+06   1.9897461e+01
   1.6130440e+06   2.0324707e+01
   1.6132560e+06   2.0263672e+01
   1.6132890e+06   2.2460938e+01
   1.6138530e+06   2.0385742e+01
   1.6139830e+06   2.1423340e+01
   1.6604390e+06   6.1096191e+01
   1.6604530e+06   2.1789551e+01
   1.6605330e+06   6.1767578e+01
   1.6605510e+06   2.5024414e+01
   1.6605900e+06   4.1259766e+01
   1.6606180e+06   2.4108887e+01
   1.6606290e+06   3.3325195e+01
   1.6606670e+06   2.5512695e+01
   1.6606910e+06   2.1057129e+01
   1.6607360e+06   2.2277832e+01
   1.6607940e+06   1.9653320e+01
   1.6608380e+06   1.9653320e+01
   1.6609100e+06   1.9714355e+01
   1.6609860e+06   2.1423340e+01
   1.6620090e+06   2.1057129e+01
   1.6622610e+06   2.1850586e+01
   1.6627350e+06   1.9836426e+01
   1.6891650e+06   6.2622070e+01
   1.6892310e+06   2.2521973e+01
   1.6892510e+06   4.2602539e+01
   1.6892710e+06   2.4291992e+01
   1.6893080e+06   4.4921875e+01
   1.6893390e+06   2.2705078e+01
   1.6893580e+06   3.4973145e+01
   1.6893720e+06   2.0080566e+01
   1.6893980e+06   2.3132324e+01
   1.6894390e+06   2.0568848e+01
   1.6895550e+06   2.0202637e+01
   1.6896050e+06   2.1057129e+01
   1.6896860e+06   2.2827148e+01
   1.6912920e+06   2.0080566e+01
   1.7084430e+06   6.7138672e+01
   1.7085340e+06   2.1667480e+01
   1.7085550e+06   5.2368164e+01
   1.7085930e+06   2.5878906e+01
   1.7086100e+06   4.8706055e+01
   1.7086600e+06   3.7231445e+01
   1.7087080e+06   2.1789551e+01
   1.7087340e+06   2.7770996e+01
   1.7087520e+06   2.2094727e+01
   1.7088040e+06   2.0080566e+01
   1.7088320e+06   2.7893066e+01
   1.7088720e+06   2.6794434e+01
   1.7090270e+06   2.3071289e+01
   1.7090840e+06   2.1911621e+01
   1.7091940e+06   2.0324707e+01
   1.7096000e+06   2.0324707e+01
   1.7100590e+06   1.9836426e+01
   1.7225050e+06   5.6518555e+01
   1.7226110e+06   5.5114746e+01
   1.7226290e+06   2.1789551e+01
   1.7226620e+06   2.1484375e+01
   1.7226810e+06   3.6376953e+01
   1.7227450e+06   2.9846191e+01
   1.7228110e+06   4.8156738e+01
   1.7228410e+06   2.1972656e+01
   1.7228670e+06   3.0883789e+01
   1.7229530e+06   2.5573730e+01
   1.7230440e+06   2.0202637e+01
   1.7230770e+06   2.0996094e+01
   1.7233020e+06   2.0141602e+01
   1.7234820e+06   2.0874023e+01
   1.7337110e+06   5.4077148e+01
   1.7338340e+06   4.8583984e+01
   1.7338740e+06   1.9775391e+01
   1.7339190e+06   5.2551270e+01
   1.7339960e+06   4.7241211e+01
   1.7340200e+06   2.1301270e+01
   1.7340710e+06   4.5898438e+01
   1.7341110e+06   2.0263672e+01
   1.7341390e+06   2.8442383e+01
   1.7341610e+06   2.0019531e+01
   1.7342190e+06   3.7658691e+01
   1.7342520e+06   2.1118164e+01
   1.7342880e+06   3.1677246e+01
   1.7343690e+06   2.0263672e+01
   1.7343800e+06   2.5756836e+01
   1.7344480e+06   2.0507812e+01
   1.7344930e+06   2.4230957e+01
   1.7346890e+06   2.0507812e+01
   1.7350730e+06   2.0690918e+01
   1.7449650e+06   5.4565430e+01
   1.7450300e+06   2.6000977e+01
   1.7450620e+06   4.9011230e+01
   1.7451480e+06   5.5419922e+01
   1.7451670e+06   2.8259277e+01
   1.7452090e+06   4.7546387e+01
   1.7452350e+06   2.1301270e+01
   1.7452900e+06   3.4301758e+01
   1.7453040e+06   2.1972656e+01
   1.7453520e+06   3.4912109e+01
   1.7453960e+06   2.4047852e+01
   1.7454150e+06   2.6184082e+01
   1.7454940e+06   3.1188965e+01
   1.7455680e+06   2.8869629e+01
   1.7456390e+06   2.7893066e+01
   1.7606400e+06   2.1118164e+01
   1.7606640e+06   5.8044434e+01
   1.7607400e+06   2.0324707e+01
   1.7607570e+06   4.5532227e+01
   1.7607740e+06   2.2644043e+01
   1.7608150e+06   2.2277832e+01
   1.7608320e+06   4.6325684e+01
   1.7608840e+06   2.1850586e+01
   1.7608970e+06   4.8339844e+01
   1.7609630e+06   3.0639648e+01
   1.7610280e+06   3.7841797e+01
   1.7611040e+06   3.4118652e+01
   1.7611160e+06   2.4353027e+01
   1.7611460e+06   2.0629883e+01
   1.7611770e+06   2.8381348e+01
   1.7613290e+06   1.9714355e+01
   1.7614950e+06   2.4414062e+01
   1.7617720e+06   2.3559570e+01
   1.7830440e+06   6.0241699e+01
   1.7831240e+06   5.0842285e+01
   1.7831400e+06   2.3559570e+01
   1.7831690e+06   2.1850586e+01
   1.7832010e+06   5.3039551e+01
   1.7832630e+06   4.5288086e+01
   1.7833250e+06   3.4606934e+01
   1.7833490e+06   2.2705078e+01
   1.7833790e+06   2.2155762e+01
   1.7834320e+06   2.7648926e+01
   1.7834720e+06   2.0812988e+01
   1.7835710e+06   2.1423340e+01
   1.7835840e+06   2.0507812e+01
   1.7839690e+06   2.0690918e+01
   1.9305090e+06   1.9653320e+01
   2.4384340e+06   6.2744141e+01
   2.4384990e+06   2.1972656e+01
   2.4385160e+06   6.3293457e+01
   2.4385540e+06   4.0466309e+01
   2.4385860e+06   2.6733398e+01
   2.4386040e+06   2.6062012e+01
   2.4386300e+06   1.9653320e+01
   2.4386520e+06   2.5817871e+01
   2.4386900e+06   2.2766113e+01
   2.4387320e+06   2.4902344e+01
   2.4387730e+06   2.0141602e+01
   2.4388200e+06   2.3742676e+01
   2.4388830e+06   2.5634766e+01
   2.4403780e+06   2.4230957e+01
   2.4405820e+06   3.3508301e+01
   2.4412840e+06   2.0080566e+01
   2.7714330e+06   6.5429688e+01
   2.7714900e+06   5.3710938e+01
   2.7715110e+06   2.3925781e+01
   2.7715340e+06   4.6813965e+01
   2.7715640e+06   2.6367188e+01
   2.7715800e+06   2.6611328e+01
   2.7716200e+06   2.3986816e+01
   2.7716370e+06   2.2460938e+01
   2.7716640e+06   2.3132324e+01
   2.7717030e+06   2.0019531e+01
   2.7717440e+06   2.1911621e+01
   2.7717670e+06   2.1179199e+01
   2.7717880e+06   2.0324707e+01
   2.7720710e+06   2.0751953e+01
   2.7721240e+06   2.0141602e+01
   2.7721490e+06   2.0812988e+01
   2.7730710e+06   2.2827148e+01
   2.7734030e+06   2.5817871e+01
   2.7735250e+06   2.0080566e+01
   2.7737070e+06   2.0568848e+01
