   3.0000000e+06   0.0000000e+00
   1.9576100e+05   2.0324707e+01
   1.9580200e+05   2.1606445e+01
   1.9584300e+05   3.6315918e+01
   1.9587400e+05   1.7517090e+01
   1.9615700e+05   1.7761230e+01
   1.9642800e+05   1.6662598e+01
   2.0422500e+05   1.7456055e+01
   2.0522000e+05   1.6296387e+01
   2.0586400e+05   1.5991211e+01
   2.1036600e+05   1.6967773e+01
   2.1061200e+05   2.0629883e+01
   2.2879900e+05   1.8310547e+01
   2.2887900e+05   1.7395020e+01
   2.2889700e+05   1.8432617e+01
   2.2895000e+05   2.1362305e+01
   2.2898000e+05   1.8005371e+01
   2.2906300e+05   1.8005371e+01
   2.2915400e+05   1.6662598e+01
   2.3983400e+05   1.6113281e+01
   2.4003300e+05   1.8371582e+01
   2.4045900e+05   2.1057129e+01
   2.4260100e+05   1.7822266e+01
   2.4268200e+05   1.7211914e+01
   2.4281600e+05   2.0141602e+01
   2.4312700e+05   1.6845703e+01
   2.4320200e+05   1.6479492e+01
   2.5253600e+05   1.8859863e+01
   2.5281500e+05   1.6479492e+01
   2.6266200e+05   1.9226074e+01
   2.6277300e+05   2.1301270e+01
   2.6296900e+05   1.8615723e+01
   2.6301500e+05   2.7526855e+01
   2.8069900e+05   1.6174316e+01
   2.8084700e+05   1.7517090e+01
   2.8094900e+05   2.1057129e+01
   2.8104700e+05   1.8737793e+01
   2.8113900e+05   1.6296387e+01
   2.8122000e+05   1.6601562e+01
   2.8251000e+05   1.6235352e+01
   2.9362900e+05   1.8981934e+01
   2.9378600e+05   2.1606445e+01
   2.9386900e+05   1.7211914e+01
   3.0850200e+05   2.0996094e+01
   3.0865200e+05   1.6052246e+01
   3.0871700e+05   1.6052246e+01
   3.0906200e+05   1.8127441e+01
   9.3093500e+05   2.0446777e+01
   9.3099600e+05   1.6418457e+01
   9.3103800e+05   2.7709961e+01
   9.3105000e+05   1.6723633e+01
   9.3108700e+05   1.7822266e+01
   9.3123700e+05   1.6845703e+01
   9.3238800e+05   1.7333984e+01
   9.3735900e+05   1.7456055e+01
   9.3748600e+05   1.8310547e+01
   9.3760100e+05   1.6601562e+01
   9.4571400e+05   1.6113281e+01
   9.4601800e+05   1.9226074e+01
   1.1556060e+06   2.0019531e+01
   1.1556720e+06   1.7639160e+01
   1.1557410e+06   1.8310547e+01
   1.1557880e+06   1.7028809e+01
   1.1560110e+06   1.6784668e+01
   1.4605200e+06   1.8676758e+01
   1.4606350e+06   1.8493652e+01
   1.4606670e+06   2.1118164e+01
   1.4711040e+06   1.7944336e+01
   1.4712720e+06   1.6906738e+01
   1.6117370e+06   2.0996094e+01
   1.6117870e+06   2.6184082e+01
   1.6118190e+06   2.7587891e+01
   1.6118510e+06   1.9042969e+01
   1.6118960e+06   1.6113281e+01
   1.6121340e+06   1.7333984e+01
   1.6121810e+06   1.7517090e+01
   1.6122810e+06   1.5991211e+01
   1.6605080e+06   1.9104004e+01
   1.6605670e+06   1.7578125e+01
   1.6605770e+06   1.6601562e+01
   1.6605990e+06   1.9714355e+01
   1.6606200e+06   2.4658203e+01
   1.6606300e+06   1.9226074e+01
   1.6606580e+06   1.8981934e+01
   1.6628500e+06   1.7089844e+01
   1.6630600e+06   1.6845703e+01
   1.6892870e+06   1.7517090e+01
   1.6893620e+06   2.2521973e+01
   1.6894140e+06   1.7456055e+01
   1.6897150e+06   1.8310547e+01
   1.6900320e+06   1.6540527e+01
   1.6903770e+06   1.6601562e+01
   1.6907050e+06   1.6174316e+01
   1.6911210e+06   1.6601562e+01
   1.7086270e+06   1.7150879e+01
   1.7086490e+06   1.8737793e+01
   1.7087240e+06   2.2766113e+01
   1.7089990e+06   1.8127441e+01
   1.7091580e+06   1.6601563e+01
   1.7229500e+06   1.6052246e+01
   1.7233800e+06   1.5991211e+01
   1.7341530e+06   1.6601562e+01
   1.7344800e+06   1.7272949e+01
   1.7451850e+06   1.9226074e+01
   1.7453420e+06   2.3559570e+01
   1.7455330e+06   1.6662598e+01
   1.7455640e+06   1.8920898e+01
   1.7456690e+06   1.7028809e+01
   1.7459390e+06   1.7211914e+01
   1.7609040e+06   1.6113281e+01
   1.7610210e+06   2.1301270e+01
   1.7611110e+06   1.6845703e+01
   1.7615060e+06   1.7211914e+01
   1.7615270e+06   1.6113281e+01
   1.7619020e+06   1.7211914e+01
   1.7832440e+06   2.0202637e+01
   1.7833070e+06   1.6540527e+01
   1.7833270e+06   1.7333984e+01
   1.7833540e+06   1.6906738e+01
   1.7834080e+06   2.0568848e+01
   1.7834760e+06   1.9104004e+01
   1.7835350e+06   2.4108887e+01
   1.7835860e+06   1.6601562e+01
   1.7836750e+06   1.9775391e+01
   1.7837920e+06   1.5991211e+01
   1.7842100e+06   1.5991211e+01
   2.4383480e+06   1.9531250e+01
   2.4384720e+06   1.9531250e+01
   2.4385130e+06   2.0202637e+01
   2.4385940e+06   1.9042969e+01
   2.4386220e+06   1.6174316e+01
   2.4389290e+06   1.6540527e+01
   2.4392400e+06   1.6113281e+01
   2.7714350e+06   2.6184082e+01
   2.7714720e+06   1.6967773e+01
   2.7714880e+06   1.8127441e+01
   2.7715250e+06   2.3193359e+01
   2.7715470e+06   1.7456055e+01
   2.7812180e+06   1.7700195e+01
   2.7813640e+06   1.7150879e+01
