   3.0000000e+06   0.0000000e+00
   1.9568300e+05   2.2460938e+01
   1.9573600e+05   1.5502930e+01
   1.9577700e+05   1.4831543e+01
   1.9580500e+05   2.3986816e+01
   1.9582500e+05   1.6479492e+01
   1.9584300e+05   1.5869141e+01
   1.9587900e+05   1.7333984e+01
   1.9589300e+05   1.5808105e+01
   1.9595200e+05   1.5502930e+01
   1.9605400e+05   1.7639160e+01
   1.9607600e+05   1.5747070e+01
   1.9619400e+05   1.5136719e+01
   1.9655500e+05   1.4648438e+01
   1.9673400e+05   1.6113281e+01
   1.9702100e+05   1.5563965e+01
   1.9749600e+05   1.4953613e+01
   1.9766200e+05   1.5258789e+01
   1.9795600e+05   1.4587402e+01
   1.9797800e+05   1.5869141e+01
   1.9920900e+05   1.4404297e+01
   2.1687400e+05   1.4892578e+01
   2.2073700e+05   1.4953613e+01
   2.2446800e+05   1.4709473e+01
   2.2877100e+05   2.2583008e+01
   2.2881200e+05   1.7333984e+01
   2.2884600e+05   2.5207520e+01
   2.2886000e+05   1.4526367e+01
   2.2888300e+05   1.7395020e+01
   2.2890500e+05   2.2521973e+01
   2.2893000e+05   1.8737793e+01
   2.2896500e+05   1.5441895e+01
   2.2899300e+05   2.1240234e+01
   2.2900400e+05   1.9714355e+01
   2.2902500e+05   1.6357422e+01
   2.2903800e+05   1.6174316e+01
   2.2912600e+05   1.4648438e+01
   2.2933600e+05   1.5869141e+01
   2.2939400e+05   1.5441895e+01
   2.2942700e+05   1.8249512e+01
   2.2988800e+05   1.4404297e+01
   2.3052500e+05   1.8493652e+01
   2.3056400e+05   1.4831543e+01
   2.4253400e+05   1.8005371e+01
   2.4256200e+05   1.5136719e+01
   2.4259700e+05   1.7089844e+01
   2.4262300e+05   1.6296387e+01
   2.4264300e+05   1.8249512e+01
   2.4272400e+05   1.7272949e+01
   2.4276500e+05   2.3925781e+01
   2.4281700e+05   1.6357422e+01
   2.4284000e+05   2.6489258e+01
   2.4285100e+05   1.5930176e+01
   2.4288800e+05   1.6418457e+01
   2.4290300e+05   1.4465332e+01
   2.4294900e+05   1.4892578e+01
   2.4320500e+05   1.7028809e+01
   2.4364100e+05   1.5075684e+01
   2.4448700e+05   1.8249512e+01
   2.4470100e+05   1.4526367e+01
   2.4523300e+05   1.4953613e+01
   2.5236400e+05   1.6235352e+01
   2.5246700e+05   1.4648438e+01
   2.5251000e+05   1.5380859e+01
   2.5259600e+05   1.6601562e+01
   2.5273100e+05   1.8066406e+01
   2.5284000e+05   1.4770508e+01
   2.5290600e+05   1.4953613e+01
   2.5295300e+05   1.8066406e+01
   2.5297200e+05   1.7456055e+01
   2.5307100e+05   1.8615723e+01
   2.5329400e+05   1.6906738e+01
   2.5340800e+05   1.9348145e+01
   2.5536700e+05   1.4770508e+01
   2.6236100e+05   1.5014648e+01
   2.6238600e+05   1.5563965e+01
   2.6247000e+05   1.4892578e+01
   2.6248400e+05   1.8859863e+01
   2.6251800e+05   1.4709473e+01
   2.6261900e+05   1.5747070e+01
   2.6263400e+05   1.4892578e+01
   2.6264900e+05   1.7517090e+01
   2.6271000e+05   1.6906738e+01
   2.6273900e+05   1.6052246e+01
   2.6279100e+05   1.6906738e+01
   2.6281600e+05   1.6113281e+01
   2.6289500e+05   1.5258789e+01
   2.6305800e+05   1.6052246e+01
   2.6320600e+05   1.4770508e+01
   2.6323800e+05   1.6052246e+01
   2.6326500e+05   1.5563965e+01
   2.6348400e+05   1.4709473e+01
   2.6350700e+05   1.4404297e+01
   2.7257500e+05   1.6174316e+01
   2.8060600e+05   2.4536133e+01
   2.8070500e+05   1.7150879e+01
   2.8075200e+05   2.1606445e+01
   2.8083000e+05   1.6235352e+01
   2.8084700e+05   1.7822266e+01
   2.8087500e+05   1.9104004e+01
   2.8093000e+05   1.4892578e+01
   2.8096000e+05   1.5380859e+01
   2.8100000e+05   1.4404297e+01
   2.8115600e+05   1.7456055e+01
   2.8132200e+05   1.4953613e+01
   2.8185000e+05   1.6174316e+01
   2.8214900e+05   1.6906738e+01
   2.8380700e+05   1.4831543e+01
   2.8408400e+05   1.4831543e+01
   2.9332400e+05   1.6784668e+01
   2.9343700e+05   1.6540527e+01
   2.9359600e+05   1.4709473e+01
   2.9373600e+05   1.5441895e+01
   2.9375500e+05   1.5991211e+01
   2.9381400e+05   1.5808105e+01
   2.9382800e+05   1.5136719e+01
   2.9399900e+05   1.4831543e+01
   3.0842400e+05   1.7028809e+01
   3.0843700e+05   1.5197754e+01
   3.0850800e+05   2.3437500e+01
   3.0852400e+05   1.5136719e+01
   3.0857000e+05   1.8920898e+01
   3.0860400e+05   1.4465332e+01
   3.0864800e+05   1.4465332e+01
   3.0866400e+05   1.6296387e+01
   3.0869200e+05   1.5258789e+01
   3.0870200e+05   1.9226074e+01
   3.0881000e+05   1.8249512e+01
   3.0883900e+05   1.5502930e+01
   3.0949500e+05   1.6235352e+01
   5.6955900e+05   1.5747070e+01
   9.3096300e+05   1.4831543e+01
   9.3099800e+05   1.6845703e+01
   9.3102400e+05   2.4230957e+01
   9.3105600e+05   2.0324707e+01
   9.3107400e+05   1.8676758e+01
   9.3110200e+05   1.6174316e+01
   9.3114500e+05   1.7822266e+01
   9.3116200e+05   1.6662598e+01
   9.3126000e+05   1.6418457e+01
   9.3127200e+05   1.6235352e+01
   9.3130800e+05   1.4953613e+01
   9.3175700e+05   1.5380859e+01
   9.3178300e+05   1.4831543e+01
   9.3212600e+05   1.5258789e+01
   9.3240100e+05   1.5075684e+01
   9.3782700e+05   1.4770508e+01
   9.4878100e+05   1.5502930e+01
   1.1556280e+06   2.0263672e+01
   1.1556640e+06   2.0568848e+01
   1.1556880e+06   1.7089844e+01
   1.1557160e+06   2.3742676e+01
   1.1557540e+06   1.8798828e+01
   1.1557860e+06   1.7456055e+01
   1.1558080e+06   1.6113281e+01
   1.1558370e+06   1.6479492e+01
   1.1559890e+06   1.5136719e+01
   1.1560230e+06   1.6174316e+01
   1.1560900e+06   1.4892578e+01
   1.1561280e+06   1.5747070e+01
   1.1567170e+06   1.4526367e+01
   1.1569570e+06   1.5991211e+01
   1.1576730e+06   1.4831543e+01
   1.4605460e+06   2.2277832e+01
   1.4605740e+06   1.5869141e+01
   1.4606130e+06   2.6550293e+01
   1.4606500e+06   2.5085449e+01
   1.4606810e+06   2.1118164e+01
   1.4607110e+06   1.6967773e+01
   1.4607260e+06   1.6540527e+01
   1.4607370e+06   1.6662598e+01
   1.4608570e+06   1.4709473e+01
   1.4608780e+06   1.6540527e+01
   1.4613070e+06   1.4587402e+01
   1.4614150e+06   1.5808105e+01
   1.4615280e+06   1.5075684e+01
   1.4617580e+06   1.6235352e+01
   1.4651440e+06   1.4709473e+01
   1.5404080e+06   1.4709473e+01
   1.6116630e+06   1.4465332e+01
   1.6116980e+06   2.1972656e+01
   1.6117100e+06   1.7944336e+01
   1.6117600e+06   2.2338867e+01
   1.6117820e+06   1.8554688e+01
   1.6117980e+06   1.5136719e+01
   1.6118270e+06   1.7517090e+01
   1.6118370e+06   1.5319824e+01
   1.6118710e+06   1.5441895e+01
   1.6119690e+06   1.7028809e+01
   1.6120050e+06   1.4526367e+01
   1.6120230e+06   1.4587402e+01
   1.6120450e+06   1.6052246e+01
   1.6121780e+06   1.4831543e+01
   1.6123690e+06   1.4404297e+01
   1.6126470e+06   1.5014648e+01
   1.6127600e+06   1.4465332e+01
   1.6134470e+06   1.5502930e+01
   1.6135640e+06   1.5258789e+01
   1.6142050e+06   1.5686035e+01
   1.6604640e+06   1.5563965e+01
   1.6604900e+06   1.4892578e+01
   1.6605050e+06   2.0812988e+01
   1.6605430e+06   1.8127441e+01
   1.6605600e+06   1.9287109e+01
   1.6605760e+06   1.8310547e+01
   1.6606030e+06   1.9226074e+01
   1.6606250e+06   1.7089844e+01
   1.6606490e+06   2.1179199e+01
   1.6606830e+06   1.4709473e+01
   1.6607080e+06   1.8249512e+01
   1.6607390e+06   1.5014648e+01
   1.6607800e+06   1.4709473e+01
   1.6608470e+06   1.8981934e+01
   1.6609310e+06   1.5930176e+01
   1.6610100e+06   1.5075684e+01
   1.6611860e+06   1.4526367e+01
   1.6615160e+06   1.4770508e+01
   1.6615670e+06   1.4953613e+01
   1.6617390e+06   1.5075684e+01
   1.6620000e+06   1.5686035e+01
   1.6622570e+06   1.5563965e+01
   1.6891940e+06   1.6296387e+01
   1.6892300e+06   1.6357422e+01
   1.6892880e+06   2.2583008e+01
   1.6893280e+06   2.0202637e+01
   1.6893600e+06   1.5197754e+01
   1.6893810e+06   1.5258789e+01
   1.6894070e+06   2.2827148e+01
   1.6894300e+06   1.8615723e+01
   1.6894620e+06   1.8554688e+01
   1.6894840e+06   1.4526367e+01
   1.6895060e+06   1.5380859e+01
   1.6895360e+06   1.5136719e+01
   1.6895580e+06   1.5808105e+01
   1.6895760e+06   1.5014648e+01
   1.6898420e+06   1.4526367e+01
   1.6900590e+06   1.6174316e+01
   1.6907910e+06   1.5075684e+01
   1.7083820e+06   1.5991211e+01
   1.7084770e+06   1.5502930e+01
   1.7085260e+06   1.5319824e+01
   1.7085950e+06   1.5991211e+01
   1.7086340e+06   1.5808105e+01
   1.7087010e+06   1.5136719e+01
   1.7087230e+06   1.6235352e+01
   1.7088270e+06   1.9226074e+01
   1.7089090e+06   1.5014648e+01
   1.7089800e+06   1.5930176e+01
   1.7090320e+06   1.4953613e+01
   1.7091290e+06   1.5930176e+01
   1.7093060e+06   1.4892578e+01
   1.7227110e+06   1.4709473e+01
   1.7228230e+06   1.5869141e+01
   1.7228520e+06   1.7211914e+01
   1.7229010e+06   1.4587402e+01
   1.7229360e+06   1.6174316e+01
   1.7229850e+06   1.8127441e+01
   1.7230050e+06   1.7211914e+01
   1.7230590e+06   1.6113281e+01
   1.7232360e+06   1.5136719e+01
   1.7238910e+06   1.5075684e+01
   1.7338580e+06   1.5075684e+01
   1.7340370e+06   1.5136719e+01
   1.7341200e+06   1.4404297e+01
   1.7342360e+06   1.8127441e+01
   1.7450110e+06   1.7395020e+01
   1.7450820e+06   1.5014648e+01
   1.7451810e+06   1.5625000e+01
   1.7452380e+06   1.6540527e+01
   1.7453500e+06   1.6113281e+01
   1.7453770e+06   1.5808105e+01
   1.7454220e+06   1.4709473e+01
   1.7454940e+06   1.4526367e+01
   1.7455990e+06   1.4404297e+01
   1.7459970e+06   1.4709473e+01
   1.7466060e+06   1.4953613e+01
   1.7608560e+06   1.4465332e+01
   1.7609200e+06   1.5563965e+01
   1.7609510e+06   1.9775391e+01
   1.7610300e+06   1.8249512e+01
   1.7610410e+06   1.8859863e+01
   1.7610660e+06   1.6357422e+01
   1.7611050e+06   1.5136719e+01
   1.7612140e+06   1.5380859e+01
   1.7612780e+06   1.4648438e+01
   1.7613360e+06   1.7700195e+01
   1.7614050e+06   1.5441895e+01
   1.7614950e+06   1.6906738e+01
   1.7617480e+06   1.4526367e+01
   1.7831420e+06   1.5502930e+01
   1.7831680e+06   1.9653320e+01
   1.7832180e+06   1.6113281e+01
   1.7832370e+06   2.0751953e+01
   1.7832660e+06   1.6723633e+01
   1.7833280e+06   1.5441895e+01
   1.7833550e+06   1.4831543e+01
   1.7834150e+06   1.8432617e+01
   1.7834770e+06   1.7578125e+01
   1.7835250e+06   1.8676758e+01
   1.7835730e+06   1.6113281e+01
   1.7836200e+06   1.5136719e+01
   1.7840410e+06   1.5441895e+01
   1.7953340e+06   1.5441895e+01
   1.8307270e+06   1.4892578e+01
   2.4384050e+06   1.6723633e+01
   2.4384490e+06   1.5930176e+01
   2.4384660e+06   1.6113281e+01
   2.4384760e+06   1.5258789e+01
   2.4385030e+06   2.2094727e+01
   2.4385330e+06   2.2033691e+01
   2.4385500e+06   1.4648438e+01
   2.4385660e+06   1.4404297e+01
   2.4385910e+06   1.6479492e+01
   2.4386340e+06   1.6052246e+01
   2.4386930e+06   1.6052246e+01
   2.4387590e+06   1.5197754e+01
   2.4388900e+06   1.5014648e+01
   2.4390530e+06   1.4526367e+01
   2.4394750e+06   1.5869141e+01
   2.4396130e+06   1.4526367e+01
   2.4397450e+06   1.5258789e+01
   2.4408960e+06   1.4526367e+01
   2.4455930e+06   1.5380859e+01
   2.4744170e+06   1.6479492e+01
   2.7714670e+06   3.2958984e+01
   2.7715070e+06   1.5563965e+01
   2.7715200e+06   1.4465332e+01
   2.7715350e+06   1.6540527e+01
   2.7715520e+06   1.6235352e+01
   2.7715800e+06   1.4831543e+01
   2.7716120e+06   2.2460938e+01
   2.7717040e+06   1.4465332e+01
   2.7717770e+06   1.4526367e+01
   2.7718360e+06   1.5319824e+01
   2.7722640e+06   1.4404297e+01
   2.7722810e+06   1.5502930e+01
   2.7730660e+06   1.4404297e+01
   2.7731270e+06   1.4526367e+01
   2.7732010e+06   1.6906738e+01
   2.7738240e+06   1.5258789e+01
   2.7795370e+06   1.4709473e+01
