   3.0000000e+06   0.0000000e+00
   1.9580900e+05   2.4597168e+01
   1.9587100e+05   1.9653320e+01
   2.2888100e+05   2.7038574e+01
   2.4258000e+05   1.9897461e+01
   2.4262500e+05   2.3071289e+01
   2.4266600e+05   2.1362305e+01
   2.5271200e+05   2.3742676e+01
   2.5282900e+05   2.4475098e+01
   2.5304900e+05   2.0874023e+01
   2.6250900e+05   2.0446777e+01
   2.6260000e+05   2.1789551e+01
   2.6269300e+05   1.9470215e+01
   2.6275500e+05   2.1301270e+01
   2.6376300e+05   1.9775391e+01
   2.8083700e+05   2.0507812e+01
   2.8115800e+05   1.9714355e+01
   2.8128800e+05   2.1728516e+01
   2.9346000e+05   2.1606445e+01
   3.0847300e+05   1.9897461e+01
   3.0857000e+05   1.9287109e+01
   3.0864100e+05   2.4658203e+01
   3.0870300e+05   2.0019531e+01
   3.0882800e+05   2.0141602e+01
   9.3101900e+05   2.1545410e+01
   1.1557080e+06   2.2094727e+01
   1.6117720e+06   2.3498535e+01
   1.6118100e+06   2.2705078e+01
   1.6118450e+06   2.2644043e+01
   1.6605710e+06   2.1606445e+01
   1.6623960e+06   1.9470215e+01
   1.6893390e+06   2.0690918e+01
   1.6902370e+06   2.0690918e+01
   1.7085630e+06   2.2460938e+01
   1.7086090e+06   2.5268555e+01
   1.7095780e+06   2.0446777e+01
   1.7235810e+06   2.0812988e+01
   1.7236750e+06   1.9348145e+01
   1.7451480e+06   1.9470215e+01
   1.7452500e+06   2.3925781e+01
   1.7454650e+06   2.0446777e+01
   1.7455190e+06   2.0202637e+01
   1.7608060e+06   2.1667480e+01
   1.7613640e+06   2.1850586e+01
   1.7832620e+06   2.1484375e+01
   1.7832860e+06   2.1362305e+01
   1.7833390e+06   1.9714355e+01
   1.7841670e+06   1.9470215e+01
   2.4384890e+06   2.1728516e+01
   2.4399190e+06   1.9592285e+01
   2.7715010e+06   1.9226074e+01
