   3.0000000e+06   0.0000000e+00
   1.9552300e+05   1.9042969e+01
   1.9559900e+05   2.1057129e+01
   1.9563500e+05   1.6784668e+01
   1.9569400e+05   1.8249512e+01
   1.9573800e+05   1.5319824e+01
   1.9579300e+05   2.2094727e+01
   1.9583800e+05   2.0568848e+01
   1.9586500e+05   2.0080566e+01
   1.9588000e+05   2.5085449e+01
   1.9589900e+05   1.5686035e+01
   1.9590900e+05   1.5502930e+01
   1.9592100e+05   1.5869141e+01
   1.9595600e+05   1.5625000e+01
   1.9602800e+05   1.8615723e+01
   1.9609400e+05   2.5817871e+01
   1.9614700e+05   2.2338867e+01
   1.9619000e+05   1.5686035e+01
   1.9639000e+05   1.6418457e+01
   1.9644900e+05   1.6174316e+01
   1.9667000e+05   1.8432617e+01
   1.9678200e+05   1.6113281e+01
   1.9687200e+05   1.5502930e+01
   1.9708100e+05   1.5869141e+01
   2.2861200e+05   2.2949219e+01
   2.2863200e+05   1.5808105e+01
   2.2869400e+05   2.4597168e+01
   2.2876500e+05   2.1789551e+01
   2.2877800e+05   1.6174316e+01
   2.2880000e+05   1.5441895e+01
   2.2883700e+05   1.9470215e+01
   2.2885200e+05   2.1057129e+01
   2.2890100e+05   2.8015137e+01
   2.2891100e+05   3.1982422e+01
   2.2893700e+05   1.8798828e+01
   2.2897100e+05   2.7770996e+01
   2.2898300e+05   2.2460938e+01
   2.2902800e+05   2.4169922e+01
   2.2907800e+05   1.9042969e+01
   2.2912000e+05   2.0324707e+01
   2.2913200e+05   1.8432617e+01
   2.2919700e+05   1.5625000e+01
   2.2922600e+05   1.5808105e+01
   2.2923600e+05   1.8127441e+01
   2.2953100e+05   1.5625000e+01
   2.2964400e+05   1.5747070e+01
   2.2969700e+05   1.6357422e+01
   2.2974000e+05   1.5991211e+01
   2.2978200e+05   1.5441895e+01
   2.3082400e+05   1.6784668e+01
   2.3136100e+05   1.6174316e+01
   2.3148700e+05   1.6967773e+01
   2.3399000e+05   1.6296387e+01
   2.3518800e+05   1.5747070e+01
   2.3609600e+05   1.5258789e+01
   2.4238500e+05   1.8066406e+01
   2.4247100e+05   1.9104004e+01
   2.4248700e+05   1.6967773e+01
   2.4250800e+05   1.9165039e+01
   2.4254400e+05   2.3193359e+01
   2.4255900e+05   1.9531250e+01
   2.4257800e+05   1.7883301e+01
   2.4262200e+05   2.3559570e+01
   2.4264100e+05   2.0385742e+01
   2.4267400e+05   2.0446777e+01
   2.4268800e+05   1.6479492e+01
   2.4270000e+05   1.5319824e+01
   2.4273100e+05   2.2583008e+01
   2.4276800e+05   1.5686035e+01
   2.4279800e+05   2.0019531e+01
   2.4282900e+05   2.0385742e+01
   2.4290900e+05   1.6235352e+01
   2.4293700e+05   1.5258789e+01
   2.4297500e+05   1.6845703e+01
   2.4304800e+05   1.5441895e+01
   2.4311300e+05   1.9592285e+01
   2.4313400e+05   1.5930176e+01
   2.4330200e+05   1.6113281e+01
   2.4337800e+05   1.7761230e+01
   2.4340800e+05   1.5502930e+01
   2.4344600e+05   1.5502930e+01
   2.4346700e+05   1.5747070e+01
   2.4409700e+05   1.7211914e+01
   2.4549400e+05   1.5441895e+01
   2.5211700e+05   1.6967773e+01
   2.5226800e+05   1.9226074e+01
   2.5230300e+05   1.7578125e+01
   2.5240500e+05   1.7639160e+01
   2.5242900e+05   1.5441895e+01
   2.5244600e+05   1.7761230e+01
   2.5252300e+05   2.4169922e+01
   2.5256000e+05   1.6540527e+01
   2.5258400e+05   2.2705078e+01
   2.5261600e+05   2.5146484e+01
   2.5263700e+05   1.5380859e+01
   2.5269000e+05   2.6123047e+01
   2.5271200e+05   1.7456055e+01
   2.5276200e+05   1.5869141e+01
   2.5279700e+05   1.6845703e+01
   2.5283400e+05   1.7761230e+01
   2.5288900e+05   1.5502930e+01
   2.5291400e+05   1.5991211e+01
   2.5296500e+05   1.9470215e+01
   2.5299800e+05   2.2583008e+01
   2.5327900e+05   1.6235352e+01
   2.5351100e+05   1.6601562e+01
   2.5367400e+05   1.6723633e+01
   2.6236400e+05   1.8005371e+01
   2.6239000e+05   2.1362305e+01
   2.6240600e+05   1.8981934e+01
   2.6242100e+05   2.2216797e+01
   2.6246700e+05   2.4963379e+01
   2.6247900e+05   2.0446777e+01
   2.6250000e+05   3.5888672e+01
   2.6253700e+05   1.9653320e+01
   2.6256200e+05   3.1372070e+01
   2.6258700e+05   2.7221680e+01
   2.6260500e+05   1.9836426e+01
   2.6263900e+05   1.7944336e+01
   2.6266400e+05   1.6235352e+01
   2.6269400e+05   2.2888184e+01
   2.6272300e+05   1.7700195e+01
   2.6275900e+05   1.8554688e+01
   2.6279000e+05   1.8310547e+01
   2.6280900e+05   1.5625000e+01
   2.6282900e+05   1.6601562e+01
   2.6287100e+05   1.5502930e+01
   2.6297200e+05   1.8920898e+01
   2.6299500e+05   1.5747070e+01
   2.6302800e+05   1.6052246e+01
   2.6345100e+05   1.6479492e+01
   2.6365100e+05   1.5502930e+01
   2.6374200e+05   1.6357422e+01
   2.7205100e+05   2.0996094e+01
   2.7212000e+05   1.7822266e+01
   2.7215000e+05   1.6296387e+01
   2.7226700e+05   1.5930176e+01
   2.7229700e+05   2.0080566e+01
   2.7239000e+05   2.7343750e+01
   2.7242300e+05   1.8493652e+01
   2.7259300e+05   1.6845703e+01
   2.7265100e+05   1.6906738e+01
   2.7288600e+05   1.8127441e+01
   2.7290900e+05   1.8859863e+01
   2.7301300e+05   1.5930176e+01
   2.8058000e+05   1.7089844e+01
   2.8061600e+05   1.7089844e+01
   2.8063500e+05   1.7333984e+01
   2.8065600e+05   1.7395020e+01
   2.8069700e+05   1.7150879e+01
   2.8071300e+05   2.5146484e+01
   2.8076600e+05   2.8076172e+01
   2.8085800e+05   1.7700195e+01
   2.8087800e+05   1.7700195e+01
   2.8093300e+05   1.6601562e+01
   2.8098900e+05   2.1728516e+01
   2.8101700e+05   1.9470215e+01
   2.8103400e+05   1.6601562e+01
   2.8112300e+05   1.6784668e+01
   2.8113700e+05   1.5502930e+01
   2.8121700e+05   1.5747070e+01
   2.8127400e+05   1.6845703e+01
   2.8165500e+05   1.5319824e+01
   2.9330800e+05   2.5146484e+01
   2.9333900e+05   2.6611328e+01
   2.9336600e+05   1.8432617e+01
   2.9340400e+05   3.5522461e+01
   2.9342900e+05   2.2155762e+01
   2.9350500e+05   2.3376465e+01
   2.9352400e+05   1.5869141e+01
   2.9360600e+05   2.1667480e+01
   2.9362600e+05   1.6174316e+01
   2.9366300e+05   1.5991211e+01
   2.9368500e+05   1.5319824e+01
   2.9371800e+05   1.5625000e+01
   2.9378400e+05   1.6906738e+01
   2.9382800e+05   1.5808105e+01
   2.9384700e+05   1.6845703e+01
   2.9396000e+05   1.6174316e+01
   2.9427700e+05   2.2766113e+01
   3.0843000e+05   2.3132324e+01
   3.0845900e+05   1.8371582e+01
   3.0847400e+05   2.0141602e+01
   3.0848900e+05   2.3071289e+01
   3.0851800e+05   2.9846191e+01
   3.0855600e+05   2.7038574e+01
   3.0857800e+05   1.8310547e+01
   3.0862600e+05   2.2827148e+01
   3.0866800e+05   1.5563965e+01
   3.0875200e+05   1.6357422e+01
   3.0889300e+05   1.5747070e+01
   3.0897800e+05   1.9592285e+01
   3.0926700e+05   1.6906738e+01
   3.0943800e+05   1.5380859e+01
   3.1044700e+05   1.5380859e+01
   9.3079200e+05   1.8798828e+01
   9.3086400e+05   2.0629883e+01
   9.3090000e+05   2.4169922e+01
   9.3102300e+05   2.9907227e+01
   9.3103300e+05   2.2827148e+01
   9.3106800e+05   3.6254883e+01
   9.3109500e+05   2.3498535e+01
   9.3110800e+05   3.8146973e+01
   9.3114000e+05   2.7343750e+01
   9.3118000e+05   2.0019531e+01
   9.3124100e+05   1.5991211e+01
   9.3133900e+05   1.9409180e+01
   9.3135000e+05   1.5563965e+01
   9.3143100e+05   1.7639160e+01
   9.3152400e+05   1.6052246e+01
   9.3213500e+05   1.5258789e+01
   9.3224600e+05   1.6113281e+01
   9.3268000e+05   1.6784668e+01
   9.3276400e+05   1.5808105e+01
   1.1554120e+06   1.7700195e+01
   1.1556490e+06   2.3864746e+01
   1.1556710e+06   2.2705078e+01
   1.1556870e+06   1.6113281e+01
   1.1557070e+06   2.3254395e+01
   1.1557370e+06   2.2827148e+01
   1.1557710e+06   2.7526855e+01
   1.1557960e+06   2.4169922e+01
   1.1558220e+06   2.5939941e+01
   1.1558570e+06   1.8798828e+01
   1.1558860e+06   1.7089844e+01
   1.1559010e+06   2.2216797e+01
   1.1559170e+06   1.6906738e+01
   1.1559530e+06   1.7333984e+01
   1.1560140e+06   1.5747070e+01
   1.1560600e+06   1.6113281e+01
   1.1560730e+06   1.8676758e+01
   1.1561220e+06   1.5625000e+01
   1.1561730e+06   1.6723633e+01
   1.1571570e+06   1.6723633e+01
   1.1572990e+06   1.5991211e+01
   1.1590350e+06   1.5441895e+01
   1.4603380e+06   1.7700195e+01
   1.4605770e+06   2.4230957e+01
   1.4606060e+06   2.2827148e+01
   1.4606380e+06   1.8310547e+01
   1.4606520e+06   2.2583008e+01
   1.4606860e+06   2.6062012e+01
   1.4607060e+06   2.1667480e+01
   1.4607220e+06   1.7883301e+01
   1.4607330e+06   1.6723633e+01
   1.4607490e+06   1.8920898e+01
   1.4607660e+06   2.3193359e+01
   1.4607800e+06   1.6784668e+01
   1.4608140e+06   1.8310547e+01
   1.4608270e+06   1.9836426e+01
   1.4608640e+06   1.7456055e+01
   1.4609570e+06   2.0324707e+01
   1.4610110e+06   1.9287109e+01
   1.4610630e+06   1.5625000e+01
   1.4656090e+06   1.6601562e+01
   1.6115800e+06   1.8249512e+01
   1.6116430e+06   2.1301270e+01
   1.6116750e+06   2.4536133e+01
   1.6117300e+06   1.9470215e+01
   1.6117610e+06   3.8818359e+01
   1.6117920e+06   1.6540527e+01
   1.6118030e+06   2.4597168e+01
   1.6118240e+06   2.0568848e+01
   1.6118460e+06   2.5939941e+01
   1.6118720e+06   2.1118164e+01
   1.6118900e+06   1.9714355e+01
   1.6119090e+06   1.5869141e+01
   1.6119550e+06   1.6662598e+01
   1.6119830e+06   2.3010254e+01
   1.6119990e+06   1.6601562e+01
   1.6120310e+06   2.4902344e+01
   1.6120680e+06   1.5747070e+01
   1.6120960e+06   2.1423340e+01
   1.6121390e+06   2.2033691e+01
   1.6121820e+06   2.1484375e+01
   1.6131350e+06   1.5563965e+01
   1.6145890e+06   1.5686035e+01
   1.6149140e+06   1.7639160e+01
   1.6603460e+06   1.6052246e+01
   1.6604000e+06   2.6000977e+01
   1.6604280e+06   1.9409180e+01
   1.6604750e+06   1.5869141e+01
   1.6604950e+06   1.6784668e+01
   1.6605100e+06   2.6184082e+01
   1.6605460e+06   2.7465820e+01
   1.6605650e+06   1.9348145e+01
   1.6605910e+06   2.5390625e+01
   1.6606060e+06   1.5686035e+01
   1.6606290e+06   2.3803711e+01
   1.6606510e+06   1.6235352e+01
   1.6606720e+06   1.5747070e+01
   1.6606920e+06   1.6052246e+01
   1.6607300e+06   2.0202637e+01
   1.6607860e+06   1.9226074e+01
   1.6608890e+06   1.8371582e+01
   1.6609970e+06   1.6479492e+01
   1.6614540e+06   1.5625000e+01
   1.6619170e+06   1.5319824e+01
   1.6619810e+06   1.5258789e+01
   1.6625880e+06   1.7456055e+01
   1.6630800e+06   1.5441895e+01
   1.6645520e+06   1.5441895e+01
   1.6685760e+06   1.6296387e+01
   1.6891770e+06   1.7211914e+01
   1.6892100e+06   2.3498535e+01
   1.6892380e+06   2.2399902e+01
   1.6892670e+06   1.7700195e+01
   1.6892810e+06   2.6489258e+01
   1.6893170e+06   1.7944336e+01
   1.6893370e+06   2.5451660e+01
   1.6893720e+06   1.5502930e+01
   1.6893950e+06   2.3437500e+01
   1.6894150e+06   1.9531250e+01
   1.6894430e+06   2.4475098e+01
   1.6894800e+06   2.0568848e+01
   1.6895100e+06   2.4719238e+01
   1.6895630e+06   1.5686035e+01
   1.6896000e+06   1.9714355e+01
   1.6896880e+06   1.6845703e+01
   1.6900360e+06   1.9042969e+01
   1.6904360e+06   1.5319824e+01
   1.6994660e+06   1.6418457e+01
   1.7083030e+06   1.8371582e+01
   1.7083180e+06   2.2094727e+01
   1.7083760e+06   2.1423340e+01
   1.7083970e+06   1.8859863e+01
   1.7084550e+06   2.2399902e+01
   1.7084920e+06   3.0395508e+01
   1.7085180e+06   2.2766113e+01
   1.7085400e+06   1.6479492e+01
   1.7085580e+06   2.0141602e+01
   1.7085950e+06   2.5024414e+01
   1.7086200e+06   1.7761230e+01
   1.7086490e+06   1.5686035e+01
   1.7086730e+06   2.0812988e+01
   1.7086880e+06   1.5930176e+01
   1.7087140e+06   1.6601562e+01
   1.7087410e+06   1.7272949e+01
   1.7087720e+06   1.8554688e+01
   1.7088050e+06   1.8615723e+01
   1.7088370e+06   1.7639160e+01
   1.7088980e+06   1.5258789e+01
   1.7089580e+06   1.9042969e+01
   1.7091080e+06   1.8798828e+01
   1.7093610e+06   1.5625000e+01
   1.7225400e+06   2.0629883e+01
   1.7225780e+06   1.6723633e+01
   1.7225990e+06   1.9042969e+01
   1.7226330e+06   1.8432617e+01
   1.7226610e+06   1.9775391e+01
   1.7226770e+06   2.1423340e+01
   1.7226940e+06   1.7761230e+01
   1.7227610e+06   2.5878906e+01
   1.7227710e+06   1.6784668e+01
   1.7228090e+06   2.3010254e+01
   1.7228570e+06   1.6723633e+01
   1.7228920e+06   1.5686035e+01
   1.7229210e+06   1.7028809e+01
   1.7229700e+06   1.8981934e+01
   1.7231040e+06   1.8127441e+01
   1.7231270e+06   1.9592285e+01
   1.7336990e+06   1.5869141e+01
   1.7337320e+06   2.0324707e+01
   1.7337710e+06   1.6662598e+01
   1.7338070e+06   1.6052246e+01
   1.7338450e+06   1.7333984e+01
   1.7338560e+06   1.5380859e+01
   1.7338830e+06   1.5686035e+01
   1.7339140e+06   2.7832031e+01
   1.7339610e+06   1.7578125e+01
   1.7340290e+06   2.4597168e+01
   1.7340920e+06   1.8249512e+01
   1.7341260e+06   1.9653320e+01
   1.7342010e+06   1.5869141e+01
   1.7342870e+06   1.8676758e+01
   1.7343480e+06   2.1789551e+01
   1.7344150e+06   1.8859863e+01
   1.7344480e+06   1.8615723e+01
   1.7345850e+06   1.5502930e+01
   1.7349810e+06   1.5686035e+01
   1.7449990e+06   1.5563965e+01
   1.7450090e+06   1.5930176e+01
   1.7450250e+06   2.2216797e+01
   1.7450450e+06   1.5869141e+01
   1.7450610e+06   1.6479492e+01
   1.7450900e+06   2.1972656e+01
   1.7451220e+06   2.1484375e+01
   1.7451340e+06   2.4658203e+01
   1.7451580e+06   1.7456055e+01
   1.7451820e+06   1.9836426e+01
   1.7452530e+06   2.9357910e+01
   1.7452660e+06   1.6235352e+01
   1.7452880e+06   2.1362305e+01
   1.7453350e+06   1.6357422e+01
   1.7454160e+06   1.6601562e+01
   1.7454380e+06   2.1484375e+01
   1.7455040e+06   1.7761230e+01
   1.7456050e+06   1.9042969e+01
   1.7597750e+06   1.7395020e+01
   1.7607550e+06   2.0568848e+01
   1.7608000e+06   2.1667480e+01
   1.7608370e+06   2.4169922e+01
   1.7608570e+06   1.9287109e+01
   1.7608700e+06   3.1799316e+01
   1.7609170e+06   1.5380859e+01
   1.7609310e+06   1.9348145e+01
   1.7609600e+06   1.5319824e+01
   1.7610410e+06   1.6296387e+01
   1.7611270e+06   1.5869141e+01
   1.7611620e+06   1.5930176e+01
   1.7611930e+06   1.6540527e+01
   1.7612540e+06   2.1179199e+01
   1.7612700e+06   1.5258789e+01
   1.7612970e+06   1.7211914e+01
   1.7613280e+06   1.5319824e+01
   1.7613730e+06   1.7150879e+01
   1.7614430e+06   1.5319824e+01
   1.7615700e+06   1.6296387e+01
   1.7640570e+06   1.5502930e+01
   1.7831290e+06   2.2888184e+01
   1.7831530e+06   2.7709961e+01
   1.7831710e+06   1.7578125e+01
   1.7832230e+06   3.2348633e+01
   1.7832400e+06   3.1738281e+01
   1.7832800e+06   2.0019531e+01
   1.7832920e+06   1.6418457e+01
   1.7833340e+06   2.7709961e+01
   1.7833510e+06   1.7089844e+01
   1.7833770e+06   1.7944336e+01
   1.7833980e+06   1.6540527e+01
   1.7835310e+06   1.6906738e+01
   1.7835590e+06   1.6845703e+01
   1.7836430e+06   1.5625000e+01
   1.7836830e+06   2.3254395e+01
   1.7837360e+06   1.6479492e+01
   1.7843620e+06   1.5502930e+01
   1.7845590e+06   1.6723633e+01
   2.4382540e+06   2.2705078e+01
   2.4382930e+06   1.9287109e+01
   2.4384470e+06   2.1667480e+01
   2.4384960e+06   2.1301270e+01
   2.4385280e+06   1.6296387e+01
   2.4385430e+06   2.6794434e+01
   2.4385850e+06   2.2705078e+01
   2.4386050e+06   1.5441895e+01
   2.4386560e+06   1.8188477e+01
   2.4386840e+06   2.3864746e+01
   2.4387170e+06   1.7639160e+01
   2.4388130e+06   2.1911621e+01
   2.4389010e+06   2.3620605e+01
   2.4389560e+06   1.6113281e+01
   2.4390000e+06   2.3132324e+01
   2.4390420e+06   1.8432617e+01
   2.4390830e+06   1.6113281e+01
   2.4392800e+06   1.6052246e+01
   2.4399900e+06   1.7089844e+01
   2.4401340e+06   1.5319824e+01
   2.4417920e+06   1.6418457e+01
   2.4430040e+06   1.5930176e+01
   2.7713800e+06   2.1728516e+01
   2.7714030e+06   1.7517090e+01
   2.7714320e+06   1.6784668e+01
   2.7714550e+06   1.9287109e+01
   2.7714680e+06   2.0324707e+01
   2.7715040e+06   3.1677246e+01
   2.7715350e+06   2.1667480e+01
   2.7715670e+06   2.8930664e+01
   2.7715870e+06   2.5878906e+01
   2.7716140e+06   1.9104004e+01
   2.7716530e+06   2.7954102e+01
   2.7716860e+06   1.9470215e+01
   2.7717200e+06   1.9226074e+01
   2.7717990e+06   1.9653320e+01
   2.7718450e+06   1.5380859e+01
   2.7719390e+06   1.6113281e+01
   2.7720320e+06   1.6784668e+01
   2.7780000e+06   1.5808105e+01
