   3.0000000e+06   0.0000000e+00
   1.9573400e+05   1.9104004e+01
   1.9584500e+05   2.9602051e+01
   1.9586200e+05   5.2124023e+01
   1.9589000e+05   1.9897461e+01
   1.9592200e+05   2.0690918e+01
   1.9593600e+05   4.4311523e+01
   1.9596900e+05   2.0812988e+01
   1.9599400e+05   2.0996094e+01
   1.9604100e+05   1.8310547e+01
   1.9605500e+05   1.7822266e+01
   1.9609300e+05   2.7832031e+01
   1.9610900e+05   1.9409180e+01
   1.9613800e+05   3.2714844e+01
   1.9617800e+05   2.5390625e+01
   1.9620500e+05   1.8493652e+01
   1.9621800e+05   2.1728516e+01
   1.9626600e+05   2.4780273e+01
   1.9649700e+05   1.8066406e+01
   1.9659600e+05   2.2827148e+01
   1.9664600e+05   2.2338867e+01
   1.9669700e+05   1.7944336e+01
   1.9677500e+05   1.8493652e+01
   1.9697700e+05   1.9714355e+01
   1.9700500e+05   1.8432617e+01
   1.9724900e+05   1.8432617e+01
   1.9745400e+05   1.9531250e+01
   1.9754200e+05   1.8676758e+01
   1.9768100e+05   2.0629883e+01
   1.9775700e+05   1.8310547e+01
   1.9778400e+05   1.8432617e+01
   1.9813400e+05   1.8066406e+01
   1.9818600e+05   1.8615723e+01
   1.9839100e+05   1.7883301e+01
   1.9937300e+05   2.1240234e+01
   2.0092100e+05   1.8920898e+01
   2.0222500e+05   1.8005371e+01
   2.0490900e+05   1.9775391e+01
   2.2875100e+05   1.8188477e+01
   2.2880700e+05   1.7883301e+01
   2.2885100e+05   4.1809082e+01
   2.2888000e+05   2.3315430e+01
   2.2891200e+05   4.7973633e+01
   2.2893400e+05   3.2409668e+01
   2.2894500e+05   1.9470215e+01
   2.2896600e+05   1.7944336e+01
   2.2899400e+05   5.3710938e+01
   2.2900900e+05   1.9531250e+01
   2.2903900e+05   4.8583984e+01
   2.2907000e+05   2.5878906e+01
   2.2908400e+05   3.3508301e+01
   2.2910700e+05   2.0812988e+01
   2.2912400e+05   2.8442383e+01
   2.2916700e+05   2.2338867e+01
   2.2920200e+05   1.7883301e+01
   2.2923100e+05   1.9897461e+01
   2.2928200e+05   2.1240234e+01
   2.2934000e+05   2.0751953e+01
   2.2939600e+05   1.9836426e+01
   2.2942000e+05   1.7883301e+01
   2.2952200e+05   1.8798828e+01
   2.2954600e+05   1.9531250e+01
   2.2986100e+05   2.0996094e+01
   2.3015400e+05   2.1423340e+01
   2.3020800e+05   2.1484375e+01
   2.3024400e+05   2.1362305e+01
   2.3035400e+05   1.8188477e+01
   2.3052600e+05   1.8066406e+01
   2.3060600e+05   1.8737793e+01
   2.3076600e+05   1.9104004e+01
   2.3083400e+05   1.8859863e+01
   2.3098700e+05   1.8188477e+01
   2.3120600e+05   1.8981934e+01
   2.3345100e+05   1.8676758e+01
   2.3356300e+05   2.0202637e+01
   2.4268900e+05   1.9409180e+01
   2.4271800e+05   4.1076660e+01
   2.4274200e+05   1.8310547e+01
   2.4281800e+05   3.2775879e+01
   2.4283400e+05   1.9042969e+01
   2.4286200e+05   1.9226074e+01
   2.4289100e+05   3.1127930e+01
   2.4293000e+05   1.9409180e+01
   2.4295400e+05   2.2094727e+01
   2.4300600e+05   2.2827148e+01
   2.4308600e+05   2.5390625e+01
   2.4312000e+05   2.5817871e+01
   2.4315800e+05   2.3010254e+01
   2.4318100e+05   2.4353027e+01
   2.4327000e+05   2.0690918e+01
   2.4331200e+05   2.1667480e+01
   2.4332300e+05   2.1972656e+01
   2.4339100e+05   1.7883301e+01
   2.4355900e+05   2.3864746e+01
   2.4364000e+05   1.8005371e+01
   2.4366600e+05   1.8676758e+01
   2.4368800e+05   2.4414062e+01
   2.4372500e+05   1.9897461e+01
   2.4375500e+05   1.8249512e+01
   2.4408000e+05   1.8188477e+01
   2.4419500e+05   1.8310547e+01
   2.5039800e+05   1.8188477e+01
   2.5268800e+05   2.7770996e+01
   2.5277900e+05   2.3864746e+01
   2.5283600e+05   2.0507812e+01
   2.5284600e+05   2.9785156e+01
   2.5289600e+05   1.7822266e+01
   2.5292400e+05   3.6560059e+01
   2.5297500e+05   2.0568848e+01
   2.5300200e+05   1.8310547e+01
   2.5302900e+05   3.0456543e+01
   2.5311200e+05   2.1667480e+01
   2.5313700e+05   3.5766602e+01
   2.5326100e+05   2.0874023e+01
   2.5327200e+05   2.8320313e+01
   2.5334500e+05   2.1179199e+01
   2.5338200e+05   2.2888184e+01
   2.5341300e+05   2.8991699e+01
   2.5345600e+05   1.9470215e+01
   2.5351000e+05   1.8981934e+01
   2.5355400e+05   2.5390625e+01
   2.5360500e+05   1.9104004e+01
   2.5363600e+05   1.8127441e+01
   2.5390100e+05   1.8066406e+01
   2.5403500e+05   1.9348145e+01
   2.5409300e+05   2.1362305e+01
   2.5508000e+05   1.8249512e+01
   2.6003600e+05   1.9042969e+01
   2.6245600e+05   1.8127441e+01
   2.6255300e+05   1.8432617e+01
   2.6259700e+05   1.8859863e+01
   2.6263700e+05   4.1259766e+01
   2.6267000e+05   2.3254395e+01
   2.6273400e+05   2.5390625e+01
   2.6275100e+05   1.8920898e+01
   2.6277200e+05   2.0996094e+01
   2.6278800e+05   1.8371582e+01
   2.6282400e+05   1.9287109e+01
   2.6286600e+05   3.7353516e+01
   2.6290800e+05   1.9592285e+01
   2.6293300e+05   2.8747559e+01
   2.6297900e+05   2.3986816e+01
   2.6300400e+05   2.4475098e+01
   2.6302300e+05   2.5756836e+01
   2.6307500e+05   3.2409668e+01
   2.6314000e+05   2.3986816e+01
   2.6321200e+05   2.3803711e+01
   2.6328400e+05   1.9958496e+01
   2.6331000e+05   1.7944336e+01
   2.6332800e+05   1.8615723e+01
   2.6334800e+05   2.0202637e+01
   2.6339100e+05   1.9287109e+01
   2.6362500e+05   2.3986816e+01
   2.6387700e+05   1.7944336e+01
   2.6400100e+05   1.8737793e+01
   2.6404400e+05   2.2399902e+01
   2.6408900e+05   1.8615723e+01
   2.6416500e+05   1.9226074e+01
   2.6452100e+05   1.9897461e+01
   2.6776400e+05   1.8554688e+01
   2.7250000e+05   1.9470215e+01
   2.7255600e+05   1.8493652e+01
   2.7269800e+05   2.3559570e+01
   2.7282300e+05   1.9897461e+01
   2.7297700e+05   1.8005371e+01
   2.7318500e+05   1.8371582e+01
   2.8082100e+05   4.3457031e+01
   2.8086200e+05   1.8249512e+01
   2.8090600e+05   1.8737793e+01
   2.8091800e+05   2.7038574e+01
   2.8093500e+05   3.1799316e+01
   2.8095500e+05   2.0996094e+01
   2.8098500e+05   1.8066406e+01
   2.8101000e+05   5.2490234e+01
   2.8105400e+05   2.1057129e+01
   2.8107300e+05   2.2949219e+01
   2.8113700e+05   3.6193848e+01
   2.8116700e+05   2.4536133e+01
   2.8120400e+05   2.5939941e+01
   2.8122800e+05   1.8859863e+01
   2.8126600e+05   2.1240234e+01
   2.8130500e+05   2.5512695e+01
   2.8132700e+05   1.8493652e+01
   2.8134800e+05   2.1301270e+01
   2.8139700e+05   1.8981934e+01
   2.8146700e+05   1.7944336e+01
   2.8161900e+05   2.4047852e+01
   2.8165500e+05   2.1057129e+01
   2.8172100e+05   1.9226074e+01
   2.8176800e+05   2.0751953e+01
   2.8185600e+05   1.8371582e+01
   2.8199600e+05   2.3010254e+01
   2.8212300e+05   1.8066406e+01
   2.8219400e+05   1.8676758e+01
   2.8228000e+05   1.9958496e+01
   2.8248100e+05   1.8066406e+01
   2.8268900e+05   2.1972656e+01
   2.8288700e+05   1.8493652e+01
   2.9355200e+05   1.9836426e+01
   2.9359400e+05   3.9978027e+01
   2.9361800e+05   1.9042969e+01
   2.9369500e+05   2.8503418e+01
   2.9371500e+05   3.0334473e+01
   2.9377500e+05   3.8391113e+01
   2.9379500e+05   2.0385742e+01
   2.9385400e+05   1.9226074e+01
   2.9389000e+05   1.8188477e+01
   2.9391800e+05   2.7587891e+01
   2.9400100e+05   1.8432617e+01
   2.9403200e+05   2.2399902e+01
   2.9406400e+05   2.8930664e+01
   2.9407500e+05   2.1179199e+01
   2.9434300e+05   1.8981934e+01
   2.9447200e+05   1.9104004e+01
   2.9451000e+05   1.9348145e+01
   2.9467000e+05   1.7944336e+01
   2.9498700e+05   1.9775391e+01
   2.9528600e+05   1.7883301e+01
   2.9584300e+05   1.9409180e+01
   3.0856200e+05   1.8798828e+01
   3.0859000e+05   1.8188477e+01
   3.0860400e+05   4.1320801e+01
   3.0862700e+05   2.1728516e+01
   3.0867000e+05   2.5695801e+01
   3.0868200e+05   4.1320801e+01
   3.0870100e+05   2.6245117e+01
   3.0875800e+05   4.5959473e+01
   3.0877900e+05   1.8005371e+01
   3.0881500e+05   3.6254883e+01
   3.0884600e+05   1.9897461e+01
   3.0887300e+05   2.9418945e+01
   3.0888300e+05   1.8554688e+01
   3.0892900e+05   1.8005371e+01
   3.0895400e+05   1.8859863e+01
   3.0896600e+05   1.9287109e+01
   3.0898200e+05   2.8686523e+01
   3.0903900e+05   1.9653320e+01
   3.0909300e+05   2.0446777e+01
   3.0910700e+05   1.8066406e+01
   3.0917700e+05   2.6245117e+01
   3.0925300e+05   1.8859863e+01
   3.0941800e+05   1.8371582e+01
   3.0945400e+05   1.8005371e+01
   3.0947700e+05   2.0446777e+01
   3.0955500e+05   1.8554688e+01
   3.0959400e+05   1.9714355e+01
   3.0981900e+05   2.4780273e+01
   3.1002000e+05   1.9348145e+01
   3.1009500e+05   1.9653320e+01
   3.1011300e+05   2.1667480e+01
   3.1015000e+05   2.1301270e+01
   3.1025700e+05   1.8737793e+01
   3.1061000e+05   1.7883301e+01
   3.1078400e+05   1.8005371e+01
   3.1172700e+05   1.8737793e+01
   3.1532800e+05   2.0507812e+01
   9.3089300e+05   1.7822266e+01
   9.3101300e+05   2.4902344e+01
   9.3102300e+05   2.9418945e+01
   9.3106200e+05   3.3935547e+01
   9.3108700e+05   4.5532227e+01
   9.3110100e+05   2.1301270e+01
   9.3115100e+05   5.5114746e+01
   9.3118200e+05   1.8554688e+01
   9.3121400e+05   4.1625977e+01
   9.3126500e+05   3.3569336e+01
   9.3130100e+05   2.4597168e+01
   9.3131200e+05   2.9846191e+01
   9.3135900e+05   2.5512695e+01
   9.3142900e+05   1.8554688e+01
   9.3147000e+05   2.3315430e+01
   9.3153900e+05   2.3254395e+01
   9.3159600e+05   1.9226074e+01
   9.3179500e+05   2.0202637e+01
   9.3193300e+05   1.8249512e+01
   9.3201500e+05   1.8798828e+01
   9.3205400e+05   1.8432617e+01
   9.3209100e+05   1.7883301e+01
   9.3228800e+05   1.7944336e+01
   9.3231800e+05   2.1850586e+01
   9.3234900e+05   1.9897461e+01
   9.3242100e+05   1.8737793e+01
   9.3257900e+05   1.8676758e+01
   9.3280500e+05   1.8615723e+01
   9.3288800e+05   1.8127441e+01
   9.3298500e+05   1.7883301e+01
   9.3381300e+05   1.7883301e+01
   9.3431300e+05   1.9714355e+01
   9.4565800e+05   1.8066406e+01
   1.0887320e+06   1.9287109e+01
   1.1557120e+06   1.9775391e+01
   1.1557530e+06   2.6977539e+01
   1.1557720e+06   2.4169922e+01
   1.1558000e+06   5.2246094e+01
   1.1558310e+06   1.9592285e+01
   1.1558680e+06   3.5034180e+01
   1.1559040e+06   2.0874023e+01
   1.1559230e+06   4.4860840e+01
   1.1559540e+06   2.5390625e+01
   1.1559790e+06   2.7343750e+01
   1.1560270e+06   2.9296875e+01
   1.1560720e+06   2.9968262e+01
   1.1561240e+06   3.2531738e+01
   1.1562050e+06   2.0263672e+01
   1.1562150e+06   2.0751953e+01
   1.1563110e+06   2.5329590e+01
   1.1564820e+06   1.8127441e+01
   1.1565540e+06   1.7883301e+01
   1.1568480e+06   2.0324707e+01
   1.1569680e+06   1.9775391e+01
   1.1572640e+06   1.8676758e+01
   1.1573730e+06   1.8371582e+01
   1.1574060e+06   1.9470215e+01
   1.1575890e+06   1.8859863e+01
   1.1577410e+06   1.8798828e+01
   1.1599730e+06   1.8798828e+01
   1.1602080e+06   1.8981934e+01
   1.1663190e+06   1.9470215e+01
   1.2752010e+06   1.8676758e+01
   1.2777700e+06   1.8127441e+01
   1.3364490e+06   1.8920898e+01
   1.4604610e+06   1.7883301e+01
   1.4605970e+06   5.7067871e+01
   1.4606240e+06   2.1484375e+01
   1.4606470e+06   3.4057617e+01
   1.4606800e+06   1.7883301e+01
   1.4606940e+06   1.9287109e+01
   1.4607130e+06   5.1818848e+01
   1.4607290e+06   2.0935059e+01
   1.4607640e+06   1.8127441e+01
   1.4607760e+06   4.0161133e+01
   1.4608190e+06   3.1127930e+01
   1.4608390e+06   3.5034180e+01
   1.4608630e+06   3.1250000e+01
   1.4609070e+06   3.5461426e+01
   1.4609270e+06   2.0263672e+01
   1.4609590e+06   2.5695801e+01
   1.4609970e+06   1.8432617e+01
   1.4610980e+06   2.1545410e+01
   1.4611280e+06   2.4719238e+01
   1.4611720e+06   1.8371582e+01
   1.4614330e+06   1.8859863e+01
   1.4614930e+06   2.0080566e+01
   1.4616270e+06   1.9470215e+01
   1.4616670e+06   2.0568848e+01
   1.4619030e+06   1.8493652e+01
   1.4619660e+06   1.7944336e+01
   1.4619940e+06   1.8676758e+01
   1.4623290e+06   1.8981934e+01
   1.4624270e+06   1.8005371e+01
   1.4629460e+06   1.8005371e+01
   1.4647480e+06   1.8066406e+01
   1.4715190e+06   1.8066406e+01
   1.6117980e+06   1.8066406e+01
   1.6118370e+06   1.9775391e+01
   1.6118560e+06   2.0690918e+01
   1.6118870e+06   2.0507812e+01
   1.6119060e+06   4.5715332e+01
   1.6119340e+06   3.6071777e+01
   1.6119680e+06   3.8818359e+01
   1.6119980e+06   2.3132324e+01
   1.6120230e+06   4.7912598e+01
   1.6120680e+06   3.7475586e+01
   1.6120800e+06   2.1240234e+01
   1.6121080e+06   2.4291992e+01
   1.6121450e+06   2.0019531e+01
   1.6121960e+06   2.9785156e+01
   1.6122910e+06   1.8066406e+01
   1.6123490e+06   1.9531250e+01
   1.6129580e+06   1.9531250e+01
   1.6130180e+06   2.6672363e+01
   1.6132660e+06   1.9592285e+01
   1.6133490e+06   1.8066406e+01
   1.6135240e+06   2.1545410e+01
   1.6139760e+06   1.8981934e+01
   1.6149380e+06   2.0568848e+01
   1.6151520e+06   1.9104004e+01
   1.6153300e+06   1.8371582e+01
   1.6159140e+06   1.9287109e+01
   1.6165320e+06   1.8676758e+01
   1.6605090e+06   4.5104980e+01
   1.6605590e+06   2.5207520e+01
   1.6605930e+06   4.2480469e+01
   1.6606040e+06   2.6245117e+01
   1.6606360e+06   2.0812988e+01
   1.6606690e+06   2.2888184e+01
   1.6606860e+06   3.0639648e+01
   1.6607200e+06   4.4738770e+01
   1.6607320e+06   1.7944336e+01
   1.6607660e+06   3.8696289e+01
   1.6607840e+06   2.2583008e+01
   1.6608170e+06   2.8076172e+01
   1.6608490e+06   2.3010254e+01
   1.6608700e+06   2.0935059e+01
   1.6608860e+06   2.2399902e+01
   1.6609210e+06   2.1606445e+01
   1.6609750e+06   2.2827148e+01
   1.6610730e+06   1.9409180e+01
   1.6613210e+06   1.8066406e+01
   1.6618680e+06   1.9348145e+01
   1.6621080e+06   2.4902344e+01
   1.6621350e+06   1.8188477e+01
   1.6623310e+06   2.0446777e+01
   1.6623740e+06   1.8981934e+01
   1.6625200e+06   2.2277832e+01
   1.6625490e+06   1.8127441e+01
   1.6627100e+06   1.8676758e+01
   1.6628410e+06   1.8066406e+01
   1.6642840e+06   1.9042969e+01
   1.6892550e+06   2.1728516e+01
   1.6892880e+06   1.7822266e+01
   1.6893200e+06   1.8066406e+01
   1.6893590e+06   2.0019531e+01
   1.6893840e+06   4.3518066e+01
   1.6894120e+06   3.0273438e+01
   1.6894310e+06   2.6306152e+01
   1.6894540e+06   1.7822266e+01
   1.6894830e+06   3.4057617e+01
   1.6895240e+06   2.9418945e+01
   1.6895660e+06   2.5878906e+01
   1.6896140e+06   2.0446777e+01
   1.6896310e+06   1.8310547e+01
   1.6896840e+06   1.9775391e+01
   1.6897010e+06   2.0690918e+01
   1.6898180e+06   2.2521973e+01
   1.6898580e+06   2.0751953e+01
   1.6898800e+06   1.9653320e+01
   1.6900300e+06   1.9714355e+01
   1.6900500e+06   2.1362305e+01
   1.6903400e+06   1.9653320e+01
   1.6904670e+06   1.8676758e+01
   1.6908390e+06   1.7883301e+01
   1.6915310e+06   2.2766113e+01
   1.6924130e+06   1.8005371e+01
   1.6955470e+06   2.0141602e+01
   1.7003170e+06   2.3681641e+01
   1.7052650e+06   1.9042969e+01
   1.7082560e+06   1.8554688e+01
   1.7082870e+06   1.8615723e+01
   1.7083210e+06   1.8737793e+01
   1.7084100e+06   1.9775391e+01
   1.7084540e+06   4.0832520e+01
   1.7085330e+06   2.6672363e+01
   1.7085630e+06   4.1259766e+01
   1.7086430e+06   2.8930664e+01
   1.7086650e+06   1.9592285e+01
   1.7086930e+06   2.2521973e+01
   1.7087150e+06   2.2583008e+01
   1.7087280e+06   1.8127441e+01
   1.7087600e+06   1.8676758e+01
   1.7087760e+06   2.8015137e+01
   1.7087950e+06   1.9775391e+01
   1.7088190e+06   1.9836426e+01
   1.7088900e+06   2.1667480e+01
   1.7089290e+06   1.8859863e+01
   1.7089410e+06   2.2521973e+01
   1.7089800e+06   2.2216797e+01
   1.7090690e+06   1.7822266e+01
   1.7092570e+06   1.7944336e+01
   1.7092810e+06   1.8432617e+01
   1.7093520e+06   1.8798828e+01
   1.7095630e+06   2.1728516e+01
   1.7097940e+06   2.5329590e+01
   1.7102750e+06   2.1484375e+01
   1.7104540e+06   2.0080566e+01
   1.7106490e+06   2.3498535e+01
   1.7110450e+06   2.2155762e+01
   1.7114460e+06   2.0019531e+01
   1.7130460e+06   1.8432617e+01
   1.7227650e+06   2.3742676e+01
   1.7227920e+06   3.3569336e+01
   1.7228070e+06   2.2338867e+01
   1.7228310e+06   2.5268555e+01
   1.7228580e+06   2.6794434e+01
   1.7228830e+06   3.3813477e+01
   1.7229030e+06   2.0019531e+01
   1.7229520e+06   3.8757324e+01
   1.7229800e+06   1.8005371e+01
   1.7230270e+06   3.3386230e+01
   1.7230930e+06   2.1423340e+01
   1.7231420e+06   1.9165039e+01
   1.7231660e+06   2.5878906e+01
   1.7231820e+06   2.0935059e+01
   1.7232260e+06   2.6672363e+01
   1.7232400e+06   1.8493652e+01
   1.7232920e+06   2.2766113e+01
   1.7233040e+06   2.1545410e+01
   1.7233740e+06   2.0690918e+01
   1.7234660e+06   1.8249512e+01
   1.7235170e+06   1.8737793e+01
   1.7235610e+06   2.0080566e+01
   1.7236170e+06   2.0080566e+01
   1.7236730e+06   1.7944336e+01
   1.7238120e+06   2.0141602e+01
   1.7239100e+06   2.1362305e+01
   1.7239990e+06   2.0629883e+01
   1.7242350e+06   2.1362305e+01
   1.7244810e+06   2.0446777e+01
   1.7248830e+06   1.8432617e+01
   1.7255340e+06   1.8798828e+01
   1.7260130e+06   1.8310547e+01
   1.7340290e+06   1.9958496e+01
   1.7340630e+06   2.8869629e+01
   1.7340910e+06   3.6804199e+01
   1.7341250e+06   1.9104004e+01
   1.7342310e+06   3.4606934e+01
   1.7343310e+06   3.5095215e+01
   1.7343610e+06   2.0629883e+01
   1.7344260e+06   2.6855469e+01
   1.7344630e+06   2.3010254e+01
   1.7345390e+06   3.1555176e+01
   1.7346040e+06   1.9409180e+01
   1.7346200e+06   2.1667480e+01
   1.7348540e+06   2.1789551e+01
   1.7350100e+06   1.8615723e+01
   1.7351930e+06   2.0751953e+01
   1.7356880e+06   2.0385742e+01
   1.7362150e+06   1.8188477e+01
   1.7362260e+06   1.8676758e+01
   1.7430330e+06   1.7822266e+01
   1.7452800e+06   3.5278320e+01
   1.7452900e+06   2.9785156e+01
   1.7453440e+06   2.0080566e+01
   1.7453640e+06   2.0507812e+01
   1.7453760e+06   3.3020020e+01
   1.7454510e+06   2.0751953e+01
   1.7454900e+06   2.9479980e+01
   1.7455340e+06   2.3498535e+01
   1.7455720e+06   3.5888672e+01
   1.7456470e+06   2.8991699e+01
   1.7457490e+06   2.6306152e+01
   1.7458040e+06   2.4597168e+01
   1.7458380e+06   2.1057129e+01
   1.7459520e+06   2.3986816e+01
   1.7460470e+06   2.3315430e+01
   1.7461130e+06   1.8859863e+01
   1.7461970e+06   1.8554688e+01
   1.7464330e+06   1.9165039e+01
   1.7471360e+06   1.7883301e+01
   1.7471740e+06   1.9348145e+01
   1.7476240e+06   2.5085449e+01
   1.7478400e+06   2.0446777e+01
   1.7501920e+06   1.7822266e+01
   1.7609680e+06   4.4982910e+01
   1.7609950e+06   1.8920898e+01
   1.7610640e+06   2.8991699e+01
   1.7610780e+06   3.4057617e+01
   1.7611180e+06   2.2644043e+01
   1.7611480e+06   3.4301758e+01
   1.7612130e+06   3.5156250e+01
   1.7612810e+06   3.2409668e+01
   1.7613190e+06   2.0385742e+01
   1.7613470e+06   2.5756836e+01
   1.7613830e+06   2.0996094e+01
   1.7614450e+06   2.1728516e+01
   1.7614710e+06   2.3620605e+01
   1.7615170e+06   2.0202637e+01
   1.7615920e+06   2.3864746e+01
   1.7616810e+06   2.1179199e+01
   1.7617760e+06   2.8869629e+01
   1.7618880e+06   2.5329590e+01
   1.7619830e+06   1.7822266e+01
   1.7623750e+06   1.8127441e+01
   1.7629220e+06   1.8127441e+01
   1.7633220e+06   1.8554688e+01
   1.7635870e+06   1.7944336e+01
   1.7640980e+06   1.8249512e+01
   1.7724190e+06   1.7883301e+01
   1.7832760e+06   2.0202637e+01
   1.7832960e+06   1.8432617e+01
   1.7833510e+06   4.9377441e+01
   1.7833790e+06   1.9165039e+01
   1.7834100e+06   2.7343750e+01
   1.7834200e+06   3.3569336e+01
   1.7834710e+06   1.8920898e+01
   1.7835090e+06   2.9235840e+01
   1.7835470e+06   1.8249512e+01
   1.7835610e+06   2.6428223e+01
   1.7836080e+06   2.7770996e+01
   1.7836650e+06   2.3315430e+01
   1.7837480e+06   1.7944336e+01
   1.7837600e+06   2.2277832e+01
   1.7837960e+06   1.8859863e+01
   1.7839830e+06   1.8554688e+01
   1.7841350e+06   1.8066406e+01
   1.7841490e+06   1.9348145e+01
   1.7843000e+06   1.7883301e+01
   1.7844610e+06   1.8493652e+01
   1.7845860e+06   1.8615723e+01
   1.7847480e+06   1.7822266e+01
   1.7849080e+06   1.7883301e+01
   1.7852650e+06   2.4719238e+01
   1.7858260e+06   2.0751953e+01
   1.7860920e+06   1.8615723e+01
   1.7865170e+06   1.7822266e+01
   1.7867480e+06   1.8554688e+01
   1.7876930e+06   1.8188477e+01
   2.4384690e+06   2.1240234e+01
   2.4385010e+06   2.2705078e+01
   2.4385460e+06   5.1757812e+01
   2.4385560e+06   3.3508301e+01
   2.4386010e+06   3.0578613e+01
   2.4386190e+06   4.1259766e+01
   2.4386370e+06   2.1789551e+01
   2.4386630e+06   1.8737793e+01
   2.4387230e+06   3.7536621e+01
   2.4387750e+06   3.6865234e+01
   2.4388170e+06   2.2033691e+01
   2.4388300e+06   2.1057129e+01
   2.4388600e+06   2.3559570e+01
   2.4388750e+06   1.8493652e+01
   2.4389220e+06   1.8188477e+01
   2.4389350e+06   1.8859863e+01
   2.4389650e+06   1.8249512e+01
   2.4390090e+06   1.9348145e+01
   2.4390690e+06   2.0202637e+01
   2.4391010e+06   1.8554688e+01
   2.4391970e+06   1.7883301e+01
   2.4392960e+06   1.9287109e+01
   2.4394410e+06   1.8432617e+01
   2.4395000e+06   1.7883301e+01
   2.4396690e+06   2.3681641e+01
   2.4398510e+06   2.1606445e+01
   2.4400640e+06   1.8798828e+01
   2.4401660e+06   1.8188477e+01
   2.4410190e+06   1.9470215e+01
   2.4421500e+06   1.7944336e+01
   2.4421940e+06   1.8432617e+01
   2.4470810e+06   1.7822266e+01
   2.4650410e+06   1.9836426e+01
   2.4782310e+06   1.7883301e+01
   2.7468340e+06   1.8737793e+01
   2.7713950e+06   2.1850586e+01
   2.7714250e+06   3.8513184e+01
   2.7714690e+06   1.9592285e+01
   2.7714810e+06   3.1127930e+01
   2.7715240e+06   2.5573730e+01
   2.7715380e+06   1.8737793e+01
   2.7715570e+06   5.0720215e+01
   2.7715770e+06   1.9592285e+01
   2.7715900e+06   2.7587891e+01
   2.7716250e+06   4.9072266e+01
   2.7716570e+06   2.0996094e+01
   2.7716760e+06   2.2827148e+01
   2.7717300e+06   2.3925781e+01
   2.7717880e+06   1.9592285e+01
   2.7718090e+06   2.3864746e+01
   2.7718290e+06   2.0751953e+01
   2.7720150e+06   1.9104004e+01
   2.7720570e+06   1.8371582e+01
   2.7721750e+06   1.9775391e+01
   2.7723930e+06   1.7883301e+01
   2.7726790e+06   1.8859863e+01
   2.7727410e+06   2.2460938e+01
   2.7728370e+06   2.0874023e+01
   2.7730480e+06   1.7822266e+01
   2.7743160e+06   1.8188477e+01
   2.7750460e+06   1.7944336e+01
   2.7755110e+06   2.1240234e+01
   2.7761990e+06   1.9409180e+01
   2.9325500e+06   1.8005371e+01
   2.9462370e+06   1.9653320e+01
   2.9911070e+06   1.9165039e+01
