   3.0000000e+06   0.0000000e+00
   1.9568500e+05   2.2460938e+01
   1.9577100e+05   2.3193359e+01
   1.9580800e+05   2.1606445e+01
   1.9583700e+05   2.7648926e+01
   1.9584900e+05   3.6499023e+01
   1.9587600e+05   2.0812988e+01
   1.9588700e+05   2.4108887e+01
   1.9591200e+05   2.2949219e+01
   1.9594600e+05   3.1616211e+01
   1.9598500e+05   1.8127441e+01
   1.9599700e+05   2.1667480e+01
   1.9603200e+05   2.0568848e+01
   1.9604900e+05   2.6245117e+01
   1.9606400e+05   2.1362305e+01
   1.9608000e+05   2.0690918e+01
   1.9610600e+05   1.7517090e+01
   1.9613100e+05   3.7719727e+01
   1.9617800e+05   3.7292480e+01
   1.9619100e+05   2.9174805e+01
   1.9621300e+05   2.8259277e+01
   1.9622300e+05   2.0324707e+01
   1.9625400e+05   3.1982422e+01
   1.9629000e+05   2.9052734e+01
   1.9632700e+05   2.3071289e+01
   1.9635600e+05   2.8564453e+01
   1.9640400e+05   2.0080566e+01
   1.9641600e+05   2.4841309e+01
   1.9648200e+05   1.7578125e+01
   1.9652300e+05   2.3010254e+01
   1.9658600e+05   2.6672363e+01
   1.9663700e+05   2.1118164e+01
   1.9669000e+05   1.8737793e+01
   1.9673700e+05   1.7822266e+01
   1.9679200e+05   1.8371582e+01
   1.9684500e+05   1.8188477e+01
   1.9687600e+05   1.8127441e+01
   1.9694000e+05   1.8493652e+01
   1.9703600e+05   1.9653320e+01
   1.9708400e+05   2.3315430e+01
   1.9714100e+05   2.2644043e+01
   1.9719500e+05   2.5817871e+01
   1.9731200e+05   2.7038574e+01
   1.9736100e+05   1.7761230e+01
   1.9743500e+05   1.8005371e+01
   1.9747800e+05   2.0141602e+01
   1.9754000e+05   1.9287109e+01
   1.9760600e+05   1.8066406e+01
   1.9766700e+05   2.1606445e+01
   1.9775200e+05   1.8066406e+01
   1.9782100e+05   2.0446777e+01
   1.9795600e+05   1.8371582e+01
   1.9802700e+05   1.8615723e+01
   1.9809700e+05   1.7456055e+01
   1.9817300e+05   2.0324707e+01
   1.9824600e+05   2.1179199e+01
   1.9832600e+05   1.8859863e+01
   1.9842400e+05   1.9531250e+01
   1.9851000e+05   1.7639160e+01
   1.9859800e+05   1.9653320e+01
   1.9866900e+05   2.4353027e+01
   1.9876400e+05   2.0935059e+01
   1.9888700e+05   2.0324707e+01
   1.9898500e+05   1.8127441e+01
   1.9907700e+05   2.4719238e+01
   1.9948400e+05   1.8676758e+01
   1.9956600e+05   2.1301270e+01
   1.9975400e+05   2.0935059e+01
   1.9985200e+05   1.9592285e+01
   1.9997300e+05   1.8920898e+01
   2.0007100e+05   2.1545410e+01
   2.0017100e+05   1.8920898e+01
   2.0035100e+05   1.8920898e+01
   2.0292200e+05   2.3742676e+01
   2.2879400e+05   1.8798828e+01
   2.2880600e+05   1.8127441e+01
   2.2882900e+05   3.5095215e+01
   2.2884600e+05   2.4719238e+01
   2.2886600e+05   2.1057129e+01
   2.2888200e+05   3.8818359e+01
   2.2890500e+05   2.8930664e+01
   2.2893900e+05   4.2602539e+01
   2.2895500e+05   2.7404785e+01
   2.2898900e+05   2.7099609e+01
   2.2900300e+05   4.1442871e+01
   2.2901800e+05   2.5329590e+01
   2.2904400e+05   3.1066895e+01
   2.2908100e+05   4.0283203e+01
   2.2911500e+05   4.3273926e+01
   2.2913500e+05   2.0812988e+01
   2.2915700e+05   3.2897949e+01
   2.2916800e+05   2.2644043e+01
   2.2920400e+05   2.1606445e+01
   2.2922500e+05   3.2470703e+01
   2.2925500e+05   2.0080566e+01
   2.2926500e+05   2.5695801e+01
   2.2930200e+05   2.8747559e+01
   2.2934800e+05   2.3376465e+01
   2.2938700e+05   1.8188477e+01
   2.2942900e+05   2.0324707e+01
   2.2948000e+05   2.1789551e+01
   2.2955700e+05   2.1972656e+01
   2.2960100e+05   2.2888184e+01
   2.2962300e+05   2.1057129e+01
   2.2963700e+05   2.0202637e+01
   2.2967400e+05   1.7700195e+01
   2.2970300e+05   1.9897461e+01
   2.2973200e+05   1.9042969e+01
   2.2984300e+05   1.9653320e+01
   2.2989300e+05   2.0812988e+01
   2.2994900e+05   2.1057129e+01
   2.3000300e+05   1.9897461e+01
   2.3005500e+05   2.5695801e+01
   2.3014900e+05   2.0751953e+01
   2.3015900e+05   2.2949219e+01
   2.3020000e+05   1.9836426e+01
   2.3026600e+05   1.9287109e+01
   2.3035300e+05   2.8747559e+01
   2.3042300e+05   2.6123047e+01
   2.3048900e+05   1.9287109e+01
   2.3056000e+05   2.4597168e+01
   2.3062500e+05   2.0507812e+01
   2.3064000e+05   1.9409180e+01
   2.3067700e+05   1.8127441e+01
   2.3084600e+05   1.7578125e+01
   2.3090700e+05   2.5024414e+01
   2.3098200e+05   1.9470215e+01
   2.3105300e+05   2.0446777e+01
   2.3112300e+05   1.7517090e+01
   2.3121800e+05   2.1911621e+01
   2.3130300e+05   2.0935059e+01
   2.3140500e+05   2.4658203e+01
   2.3147700e+05   1.9775391e+01
   2.3149600e+05   1.7578125e+01
   2.3161400e+05   1.7944336e+01
   2.3163700e+05   1.8615723e+01
   2.3179100e+05   2.1118164e+01
   2.3184800e+05   2.0935059e+01
   2.3269100e+05   1.8859863e+01
   2.4256600e+05   2.6733398e+01
   2.4261000e+05   1.7822266e+01
   2.4263300e+05   2.9296875e+01
   2.4266200e+05   1.8249512e+01
   2.4269800e+05   1.7578125e+01
   2.4272700e+05   2.4169922e+01
   2.4275900e+05   2.1423340e+01
   2.4278800e+05   1.7822266e+01
   2.4281700e+05   1.9409180e+01
   2.4283000e+05   3.2775879e+01
   2.4286200e+05   4.2114258e+01
   2.4288800e+05   1.7944336e+01
   2.4292000e+05   4.9255371e+01
   2.4301000e+05   4.6752930e+01
   2.4302500e+05   2.0202637e+01
   2.4305000e+05   1.9042969e+01
   2.4307300e+05   1.8432617e+01
   2.4310700e+05   2.0324707e+01
   2.4312100e+05   1.9958496e+01
   2.4314000e+05   1.8859863e+01
   2.4316200e+05   1.7578125e+01
   2.4320800e+05   3.2592773e+01
   2.4322000e+05   2.0690918e+01
   2.4326500e+05   2.0751953e+01
   2.4328600e+05   2.1179199e+01
   2.4331700e+05   2.2216797e+01
   2.4336200e+05   1.9836426e+01
   2.4338300e+05   2.1850586e+01
   2.4343100e+05   2.0385742e+01
   2.4349300e+05   2.2827148e+01
   2.4354900e+05   3.3020020e+01
   2.4360800e+05   2.2949219e+01
   2.4363000e+05   2.1850586e+01
   2.4367600e+05   2.4719238e+01
   2.4373400e+05   2.1789551e+01
   2.4379700e+05   1.7639160e+01
   2.4381000e+05   1.7822266e+01
   2.4387000e+05   1.9165039e+01
   2.4395700e+05   1.8493652e+01
   2.4403500e+05   2.2399902e+01
   2.4411900e+05   2.3010254e+01
   2.4420900e+05   2.0690918e+01
   2.4429000e+05   1.9104004e+01
   2.4434100e+05   1.9470215e+01
   2.4438400e+05   2.7893066e+01
   2.4449500e+05   2.0874023e+01
   2.4488900e+05   1.9958496e+01
   2.5249300e+05   2.1728516e+01
   2.5251500e+05   1.8127441e+01
   2.5257300e+05   2.4963379e+01
   2.5263800e+05   2.7648926e+01
   2.5269300e+05   1.8127441e+01
   2.5272600e+05   1.9226074e+01
   2.5278200e+05   2.3071289e+01
   2.5280100e+05   2.2583008e+01
   2.5281900e+05   1.8981934e+01
   2.5285600e+05   2.7893066e+01
   2.5291000e+05   1.8920898e+01
   2.5295200e+05   2.7587891e+01
   2.5296400e+05   2.2338867e+01
   2.5300400e+05   1.7883301e+01
   2.5302300e+05   1.7761230e+01
   2.5308000e+05   1.8493652e+01
   2.5314800e+05   2.3742676e+01
   2.5316700e+05   2.5268555e+01
   2.5318100e+05   1.9287109e+01
   2.5320400e+05   1.9836426e+01
   2.5322200e+05   2.0996094e+01
   2.5336500e+05   1.8493652e+01
   2.5337700e+05   1.8066406e+01
   2.5347300e+05   1.8676758e+01
   2.5352100e+05   1.7944336e+01
   2.5357200e+05   1.7944336e+01
   2.5360200e+05   1.9409180e+01
   2.5369500e+05   2.0446777e+01
   2.5379500e+05   2.0690918e+01
   2.5389800e+05   1.8859863e+01
   2.5400500e+05   1.8493652e+01
   2.5411200e+05   2.0507812e+01
   2.5424800e+05   1.9165039e+01
   2.6251200e+05   3.3874512e+01
   2.6258100e+05   2.6855469e+01
   2.6262100e+05   3.4301758e+01
   2.6263800e+05   2.1789551e+01
   2.6266500e+05   1.8554688e+01
   2.6268900e+05   2.6184082e+01
   2.6270600e+05   1.7944336e+01
   2.6274100e+05   1.9958496e+01
   2.6276400e+05   3.0517578e+01
   2.6279900e+05   3.7475586e+01
   2.6281800e+05   1.9653320e+01
   2.6285100e+05   3.2226562e+01
   2.6287100e+05   2.3681641e+01
   2.6288900e+05   2.2277832e+01
   2.6292600e+05   3.0944824e+01
   2.6295700e+05   2.0324707e+01
   2.6298000e+05   2.7160645e+01
   2.6300400e+05   2.8381348e+01
   2.6303300e+05   2.9418945e+01
   2.6304500e+05   2.0629883e+01
   2.6308800e+05   3.6010742e+01
   2.6314400e+05   2.1728516e+01
   2.6315900e+05   1.8493652e+01
   2.6317400e+05   2.1789551e+01
   2.6321100e+05   3.0273438e+01
   2.6325900e+05   2.2705078e+01
   2.6331900e+05   1.8371582e+01
   2.6344100e+05   2.6428223e+01
   2.6350600e+05   2.6306152e+01
   2.6358300e+05   1.7456055e+01
   2.6364600e+05   1.7761230e+01
   2.6372100e+05   2.3681641e+01
   2.6379600e+05   2.5939941e+01
   2.6387100e+05   2.1606445e+01
   2.6395000e+05   2.0996094e+01
   2.6412600e+05   2.4353027e+01
   2.6422800e+05   1.9104004e+01
   2.6433500e+05   2.3986816e+01
   2.6444000e+05   1.7639160e+01
   2.6456200e+05   1.9226074e+01
   2.7242800e+05   2.4597168e+01
   2.7255600e+05   2.3620605e+01
   2.7264100e+05   3.1738281e+01
   2.7274100e+05   1.9348145e+01
   2.7282200e+05   1.7883301e+01
   2.7291500e+05   2.9235840e+01
   2.7300800e+05   2.5756836e+01
   2.7313500e+05   1.9042969e+01
   2.7329100e+05   1.7700195e+01
   2.8072100e+05   2.1728516e+01
   2.8074100e+05   1.7517090e+01
   2.8077100e+05   2.3986816e+01
   2.8079300e+05   3.1921387e+01
   2.8082600e+05   3.2897949e+01
   2.8083800e+05   2.8137207e+01
   2.8086200e+05   3.8085938e+01
   2.8090800e+05   3.4912109e+01
   2.8092300e+05   1.8798828e+01
   2.8093900e+05   2.9174805e+01
   2.8096100e+05   3.1188965e+01
   2.8098400e+05   3.3264160e+01
   2.8103300e+05   2.1850586e+01
   2.8105500e+05   2.4841309e+01
   2.8106600e+05   2.1301270e+01
   2.8110100e+05   2.2216797e+01
   2.8111300e+05   2.0263672e+01
   2.8115800e+05   3.2897949e+01
   2.8119600e+05   1.8493652e+01
   2.8120800e+05   2.6367188e+01
   2.8124300e+05   2.0263672e+01
   2.8125500e+05   2.0751953e+01
   2.8128300e+05   2.3254395e+01
   2.8130800e+05   2.5207520e+01
   2.8134400e+05   1.9348145e+01
   2.8135800e+05   2.8259277e+01
   2.8137600e+05   2.1728516e+01
   2.8141000e+05   2.1118164e+01
   2.8142800e+05   1.7639160e+01
   2.8145600e+05   2.6062012e+01
   2.8146600e+05   2.0629883e+01
   2.8153500e+05   1.8432617e+01
   2.8157500e+05   2.2033691e+01
   2.8169300e+05   2.2460938e+01
   2.8172400e+05   2.4291992e+01
   2.8176100e+05   2.0019531e+01
   2.8177300e+05   2.1728516e+01
   2.8182500e+05   2.3803711e+01
   2.8183500e+05   1.9470215e+01
   2.8189100e+05   2.0935059e+01
   2.8196000e+05   1.8127441e+01
   2.8198800e+05   1.8737793e+01
   2.8203800e+05   1.9592285e+01
   2.8211500e+05   2.2033691e+01
   2.8219600e+05   2.1545410e+01
   2.8227200e+05   2.4047852e+01
   2.8236600e+05   2.2705078e+01
   2.8247800e+05   2.5451660e+01
   2.8261700e+05   1.9775391e+01
   2.8272200e+05   2.0690918e+01
   2.8286200e+05   2.6672363e+01
   2.9344300e+05   2.0263672e+01
   2.9353000e+05   3.0944824e+01
   2.9356100e+05   2.0385742e+01
   2.9359000e+05   4.5898438e+01
   2.9360100e+05   2.1118164e+01
   2.9362300e+05   3.0578613e+01
   2.9365500e+05   2.0690918e+01
   2.9368500e+05   2.1789551e+01
   2.9371600e+05   3.0090332e+01
   2.9374200e+05   1.8737793e+01
   2.9376800e+05   2.4169922e+01
   2.9379200e+05   2.0446777e+01
   2.9383800e+05   2.7038574e+01
   2.9386300e+05   2.4414062e+01
   2.9391100e+05   2.0324707e+01
   2.9398400e+05   2.5268555e+01
   2.9400600e+05   1.9042969e+01
   2.9403200e+05   2.5390625e+01
   2.9405600e+05   2.4658203e+01
   2.9412800e+05   2.4108887e+01
   2.9421300e+05   1.7944336e+01
   2.9429400e+05   1.9348145e+01
   2.9438800e+05   3.1799316e+01
   2.9449400e+05   2.2399902e+01
   2.9460800e+05   2.6123047e+01
   2.9474400e+05   2.2766113e+01
   2.9490400e+05   2.0141602e+01
   2.9510600e+05   1.9836426e+01
   3.0851600e+05   3.0700684e+01
   3.0854600e+05   3.6865234e+01
   3.0856500e+05   3.8208008e+01
   3.0858600e+05   4.3273926e+01
   3.0860300e+05   2.1911621e+01
   3.0863400e+05   3.9123535e+01
   3.0865200e+05   2.2705078e+01
   3.0866900e+05   2.1606445e+01
   3.0868100e+05   2.2399902e+01
   3.0870700e+05   2.2827148e+01
   3.0873200e+05   2.9479980e+01
   3.0875200e+05   2.4536133e+01
   3.0877300e+05   4.8217773e+01
   3.0880200e+05   3.3508301e+01
   3.0881700e+05   2.3071289e+01
   3.0883600e+05   2.6184082e+01
   3.0886500e+05   3.4484863e+01
   3.0888300e+05   1.9592285e+01
   3.0892000e+05   2.8442383e+01
   3.0893500e+05   2.9968262e+01
   3.0897700e+05   3.6132812e+01
   3.0898800e+05   2.3010254e+01
   3.0903500e+05   1.7578125e+01
   3.0908300e+05   2.2033691e+01
   3.0911500e+05   3.2653809e+01
   3.0914900e+05   1.8432617e+01
   3.0916100e+05   2.7404785e+01
   3.0923900e+05   1.9470215e+01
   3.0932400e+05   2.8198242e+01
   3.0938400e+05   2.6550293e+01
   3.0944500e+05   1.8981934e+01
   3.0947100e+05   1.8920898e+01
   3.0950800e+05   2.2888184e+01
   3.0956500e+05   1.9592285e+01
   3.0962100e+05   2.0935059e+01
   3.0970400e+05   2.8076172e+01
   3.0977200e+05   2.6062012e+01
   3.0981900e+05   2.0080566e+01
   3.0991700e+05   1.7700195e+01
   3.0998900e+05   3.8696289e+01
   3.1006400e+05   2.2033691e+01
   3.1016700e+05   1.9714355e+01
   3.1025600e+05   2.1972656e+01
   3.1035500e+05   2.0080566e+01
   3.1049400e+05   2.3803711e+01
   3.1060100e+05   2.1057129e+01
   9.3085500e+05   2.9724121e+01
   9.3090500e+05   2.1118164e+01
   9.3094200e+05   3.2531738e+01
   9.3097500e+05   1.8920898e+01
   9.3098600e+05   2.2277832e+01
   9.3102200e+05   1.7456055e+01
   9.3103900e+05   2.4169922e+01
   9.3105200e+05   3.0151367e+01
   9.3107900e+05   3.6315918e+01
   9.3111200e+05   2.4963379e+01
   9.3113700e+05   2.4475098e+01
   9.3115200e+05   2.1667480e+01
   9.3118600e+05   2.6977539e+01
   9.3120300e+05   2.3986816e+01
   9.3121800e+05   2.8442383e+01
   9.3124200e+05   2.5634766e+01
   9.3127100e+05   3.9184570e+01
   9.3128200e+05   1.9287109e+01
   9.3131700e+05   3.0212402e+01
   9.3133600e+05   2.3193359e+01
   9.3136000e+05   4.2480469e+01
   9.3138500e+05   2.0751953e+01
   9.3140000e+05   3.4667969e+01
   9.3142200e+05   2.1606445e+01
   9.3143900e+05   3.0517578e+01
   9.3147600e+05   3.3447266e+01
   9.3150300e+05   2.6550293e+01
   9.3152100e+05   2.3620605e+01
   9.3154300e+05   2.5573730e+01
   9.3155400e+05   2.4841309e+01
   9.3159200e+05   2.0751953e+01
   9.3163900e+05   2.1423340e+01
   9.3169800e+05   2.0690918e+01
   9.3172100e+05   1.7761230e+01
   9.3174600e+05   2.7404785e+01
   9.3180100e+05   2.5756836e+01
   9.3190300e+05   1.8981934e+01
   9.3197900e+05   2.1545410e+01
   9.3200700e+05   1.7883301e+01
   9.3205200e+05   1.7517090e+01
   9.3209800e+05   2.0080566e+01
   9.3221100e+05   1.8798828e+01
   9.3225800e+05   1.8798828e+01
   9.3231700e+05   1.9775391e+01
   9.3239400e+05   1.7517090e+01
   9.3251700e+05   2.5634766e+01
   9.3255200e+05   2.6489258e+01
   9.3257000e+05   2.1301270e+01
   9.3263000e+05   2.3376465e+01
   9.3266400e+05   1.8249512e+01
   9.3270600e+05   2.5085449e+01
   9.3280000e+05   1.8493652e+01
   9.3304100e+05   2.1423340e+01
   9.3311000e+05   2.4414062e+01
   9.3327300e+05   2.2827148e+01
   9.3336600e+05   1.7639160e+01
   9.3342900e+05   2.1972656e+01
   9.3358100e+05   1.9409180e+01
   9.3373400e+05   2.0629883e+01
   9.3380800e+05   1.9226074e+01
   9.3395200e+05   2.3864746e+01
   9.3412100e+05   1.8493652e+01
   9.3481600e+05   2.4108887e+01
   9.3499200e+05   2.2155762e+01
   9.3548700e+05   1.8249512e+01
   1.1555990e+06   2.6855469e+01
   1.1556570e+06   1.7517090e+01
   1.1556940e+06   2.2705078e+01
   1.1557200e+06   3.0456543e+01
   1.1557440e+06   2.0080566e+01
   1.1557620e+06   3.8330078e+01
   1.1557790e+06   2.0996094e+01
   1.1558030e+06   2.1667480e+01
   1.1558350e+06   2.5268555e+01
   1.1558760e+06   2.0874023e+01
   1.1559020e+06   2.5207520e+01
   1.1559170e+06   2.2766113e+01
   1.1559300e+06   2.2888184e+01
   1.1559560e+06   3.9733887e+01
   1.1559730e+06   1.8127441e+01
   1.1559990e+06   3.5705566e+01
   1.1560240e+06   2.0019531e+01
   1.1560430e+06   2.8076172e+01
   1.1560700e+06   2.7526855e+01
   1.1560800e+06   1.8188477e+01
   1.1560990e+06   2.5268555e+01
   1.1561300e+06   2.6489258e+01
   1.1561430e+06   1.8432617e+01
   1.1561800e+06   1.7456055e+01
   1.1562010e+06   2.4658203e+01
   1.1562140e+06   2.2399902e+01
   1.1562490e+06   2.3681641e+01
   1.1563050e+06   3.5034180e+01
   1.1563880e+06   1.8371582e+01
   1.1564030e+06   1.8920898e+01
   1.1564400e+06   3.2287598e+01
   1.1564660e+06   1.8493652e+01
   1.1564870e+06   1.7578125e+01
   1.1565860e+06   1.8066406e+01
   1.1566390e+06   2.1911621e+01
   1.1566700e+06   1.8859863e+01
   1.1566960e+06   1.8127441e+01
   1.1567640e+06   1.9470215e+01
   1.1568270e+06   1.7456055e+01
   1.1569080e+06   1.8310547e+01
   1.1569260e+06   1.9470215e+01
   1.1569620e+06   2.0263672e+01
   1.1570070e+06   2.1972656e+01
   1.1570370e+06   1.7578125e+01
   1.1570710e+06   1.9287109e+01
   1.1571190e+06   1.8432617e+01
   1.1571400e+06   2.2949219e+01
   1.1571950e+06   1.7456055e+01
   1.1572210e+06   2.1179199e+01
   1.1573620e+06   2.1789551e+01
   1.1574250e+06   1.7822266e+01
   1.1575160e+06   2.0874023e+01
   1.1576140e+06   2.1911621e+01
   1.1576800e+06   2.5268555e+01
   1.1578710e+06   2.2033691e+01
   1.1579550e+06   2.0874023e+01
   1.1580920e+06   1.9531250e+01
   1.1581620e+06   1.9348145e+01
   1.1582750e+06   1.7822266e+01
   1.1583480e+06   2.0507812e+01
   1.1584360e+06   1.9165039e+01
   1.1585200e+06   2.1118164e+01
   1.1586880e+06   2.3376465e+01
   1.1587790e+06   2.0690918e+01
   1.1589170e+06   1.8615723e+01
   1.1596360e+06   1.9958496e+01
   1.4604750e+06   2.5451660e+01
   1.4605430e+06   2.6855469e+01
   1.4605820e+06   2.0568848e+01
   1.4605930e+06   2.5085449e+01
   1.4606190e+06   2.1728516e+01
   1.4606320e+06   2.6672363e+01
   1.4606480e+06   3.0456543e+01
   1.4606670e+06   3.7902832e+01
   1.4606990e+06   2.4841309e+01
   1.4607280e+06   2.4780273e+01
   1.4607400e+06   2.0324707e+01
   1.4607570e+06   2.5695801e+01
   1.4607870e+06   3.1005859e+01
   1.4608000e+06   2.9602051e+01
   1.4608450e+06   3.2958984e+01
   1.4608630e+06   4.6264648e+01
   1.4608870e+06   3.6071777e+01
   1.4609090e+06   3.4667969e+01
   1.4609240e+06   3.1188965e+01
   1.4609480e+06   3.3813477e+01
   1.4609810e+06   2.8991699e+01
   1.4609930e+06   2.6916504e+01
   1.4610280e+06   2.0507812e+01
   1.4610580e+06   1.9775391e+01
   1.4610920e+06   2.4841309e+01
   1.4611210e+06   1.8310547e+01
   1.4611510e+06   2.8198242e+01
   1.4611850e+06   1.8066406e+01
   1.4612410e+06   2.0263672e+01
   1.4613180e+06   2.1972656e+01
   1.4613630e+06   1.8432617e+01
   1.4613880e+06   2.0507812e+01
   1.4614390e+06   1.9226074e+01
   1.4614860e+06   2.5817871e+01
   1.4615380e+06   1.8554688e+01
   1.4615870e+06   2.2949219e+01
   1.4616490e+06   2.2277832e+01
   1.4616880e+06   2.4047852e+01
   1.4617660e+06   2.1057129e+01
   1.4618390e+06   1.9042969e+01
   1.4619210e+06   1.9165039e+01
   1.4619620e+06   1.8981934e+01
   1.4621030e+06   1.7761230e+01
   1.4621710e+06   1.8615723e+01
   1.4622310e+06   1.9348145e+01
   1.4623230e+06   2.3803711e+01
   1.4623870e+06   2.5451660e+01
   1.4624720e+06   2.1728516e+01
   1.4625410e+06   1.7517090e+01
   1.4626070e+06   2.1423340e+01
   1.4627410e+06   1.8310547e+01
   1.4627730e+06   2.3986816e+01
   1.4628470e+06   2.1301270e+01
   1.4628620e+06   2.7648926e+01
   1.4629370e+06   1.8737793e+01
   1.4631190e+06   1.8432617e+01
   1.4640500e+06   1.8188477e+01
   1.4641460e+06   2.1362305e+01
   1.4645130e+06   1.8127441e+01
   1.6117140e+06   2.1606445e+01
   1.6117250e+06   1.9470215e+01
   1.6117650e+06   2.7954102e+01
   1.6117960e+06   2.3193359e+01
   1.6118190e+06   3.1005859e+01
   1.6118400e+06   1.7761230e+01
   1.6118790e+06   3.1799316e+01
   1.6118970e+06   1.8432617e+01
   1.6119350e+06   2.3254395e+01
   1.6119610e+06   3.1799316e+01
   1.6119940e+06   2.3315430e+01
   1.6120080e+06   2.5268555e+01
   1.6120280e+06   3.8879395e+01
   1.6120400e+06   2.1362305e+01
   1.6120620e+06   3.4423828e+01
   1.6120950e+06   1.9897461e+01
   1.6121060e+06   3.7170410e+01
   1.6121330e+06   3.0822754e+01
   1.6121510e+06   2.9785156e+01
   1.6121980e+06   2.5573730e+01
   1.6122240e+06   2.6855469e+01
   1.6122550e+06   2.8442383e+01
   1.6122870e+06   2.3498535e+01
   1.6123090e+06   3.1066895e+01
   1.6123530e+06   1.9897461e+01
   1.6123920e+06   2.1179199e+01
   1.6124440e+06   3.1921387e+01
   1.6124780e+06   2.0141602e+01
   1.6125240e+06   1.8310547e+01
   1.6126260e+06   2.1240234e+01
   1.6126750e+06   2.0812988e+01
   1.6127220e+06   1.8005371e+01
   1.6127820e+06   1.8066406e+01
   1.6128080e+06   1.8005371e+01
   1.6128880e+06   2.1362305e+01
   1.6129060e+06   2.3620605e+01
   1.6129740e+06   2.3315430e+01
   1.6129920e+06   1.8981934e+01
   1.6130900e+06   2.0202637e+01
   1.6131450e+06   2.0019531e+01
   1.6132310e+06   1.7883301e+01
   1.6132600e+06   1.8554688e+01
   1.6133470e+06   2.3803711e+01
   1.6134160e+06   1.9042969e+01
   1.6134840e+06   1.8127441e+01
   1.6135710e+06   2.0080566e+01
   1.6136180e+06   1.9226074e+01
   1.6136870e+06   1.9958496e+01
   1.6138460e+06   2.0996094e+01
   1.6139290e+06   1.8981934e+01
   1.6139510e+06   1.9836426e+01
   1.6140140e+06   2.4841309e+01
   1.6141050e+06   1.8249512e+01
   1.6142060e+06   2.1972656e+01
   1.6142790e+06   1.9042969e+01
   1.6143500e+06   2.1850586e+01
   1.6145590e+06   2.2155762e+01
   1.6147980e+06   2.2766113e+01
   1.6149060e+06   1.9531250e+01
   1.6151470e+06   2.4597168e+01
   1.6152680e+06   2.1423340e+01
   1.6153740e+06   1.8432617e+01
   1.6604940e+06   3.4790039e+01
   1.6605200e+06   1.8249512e+01
   1.6605380e+06   3.3508301e+01
   1.6605490e+06   2.1667480e+01
   1.6605620e+06   3.6071777e+01
   1.6605920e+06   3.5034180e+01
   1.6606240e+06   3.0395508e+01
   1.6606550e+06   4.4921875e+01
   1.6606860e+06   2.8991699e+01
   1.6606960e+06   3.3264160e+01
   1.6607310e+06   3.8330078e+01
   1.6607440e+06   2.9418945e+01
   1.6607700e+06   2.9418945e+01
   1.6607900e+06   3.4851074e+01
   1.6608220e+06   1.9592285e+01
   1.6608380e+06   2.3803711e+01
   1.6608660e+06   2.3559570e+01
   1.6608940e+06   1.9714355e+01
   1.6609070e+06   1.7944336e+01
   1.6609370e+06   2.1423340e+01
   1.6609790e+06   1.9531250e+01
   1.6610150e+06   2.0141602e+01
   1.6610520e+06   2.7770996e+01
   1.6611100e+06   2.1240234e+01
   1.6611900e+06   2.0751953e+01
   1.6612420e+06   2.2521973e+01
   1.6612580e+06   1.8005371e+01
   1.6612910e+06   1.9592285e+01
   1.6613400e+06   1.8371582e+01
   1.6613910e+06   1.7944336e+01
   1.6614500e+06   1.8737793e+01
   1.6615030e+06   1.9470215e+01
   1.6616270e+06   1.8005371e+01
   1.6616870e+06   2.2338867e+01
   1.6617190e+06   1.9348145e+01
   1.6617730e+06   1.8676758e+01
   1.6618460e+06   1.8920898e+01
   1.6619090e+06   2.4536133e+01
   1.6619650e+06   1.7639160e+01
   1.6620040e+06   1.9409180e+01
   1.6620450e+06   2.7709961e+01
   1.6621160e+06   2.4047852e+01
   1.6621670e+06   1.8676758e+01
   1.6622490e+06   2.2705078e+01
   1.6623260e+06   2.0324707e+01
   1.6623940e+06   2.1118164e+01
   1.6624740e+06   1.8005371e+01
   1.6625570e+06   1.9165039e+01
   1.6626370e+06   2.3498535e+01
   1.6627190e+06   1.7517090e+01
   1.6628050e+06   2.3742676e+01
   1.6628920e+06   2.6062012e+01
   1.6629940e+06   2.0629883e+01
   1.6630850e+06   3.2897949e+01
   1.6631820e+06   2.2399902e+01
   1.6632490e+06   2.0446777e+01
   1.6633400e+06   2.0507812e+01
   1.6634180e+06   1.9531250e+01
   1.6892950e+06   2.6794434e+01
   1.6893050e+06   4.8583984e+01
   1.6893390e+06   2.9602051e+01
   1.6893630e+06   4.8950195e+01
   1.6893810e+06   2.0141602e+01
   1.6894010e+06   4.2968750e+01
   1.6894260e+06   2.1240234e+01
   1.6894490e+06   3.3325195e+01
   1.6894590e+06   2.6550293e+01
   1.6895090e+06   3.0151367e+01
   1.6895280e+06   1.8066406e+01
   1.6895510e+06   2.7099609e+01
   1.6895730e+06   2.0629883e+01
   1.6896090e+06   3.8208008e+01
   1.6896340e+06   1.8127441e+01
   1.6896490e+06   2.9113770e+01
   1.6896850e+06   2.1911621e+01
   1.6897080e+06   1.8005371e+01
   1.6897290e+06   2.1423340e+01
   1.6897690e+06   1.7944336e+01
   1.6898010e+06   1.8615723e+01
   1.6898210e+06   1.7639160e+01
   1.6898550e+06   1.8005371e+01
   1.6899400e+06   1.9592285e+01
   1.6899510e+06   2.6062012e+01
   1.6899970e+06   1.9104004e+01
   1.6900090e+06   1.8005371e+01
   1.6900430e+06   2.2155762e+01
   1.6900960e+06   1.7578125e+01
   1.6901410e+06   1.9653320e+01
   1.6901970e+06   2.0935059e+01
   1.6902570e+06   1.9287109e+01
   1.6903160e+06   2.2705078e+01
   1.6903660e+06   2.0568848e+01
   1.6904320e+06   2.3986816e+01
   1.6904900e+06   1.7639160e+01
   1.6905420e+06   2.0812988e+01
   1.6905660e+06   1.9653320e+01
   1.6906800e+06   2.4902344e+01
   1.6907560e+06   2.0568848e+01
   1.6908010e+06   2.1423340e+01
   1.6908860e+06   1.9042969e+01
   1.6909440e+06   2.1789551e+01
   1.6910210e+06   2.1362305e+01
   1.6910460e+06   1.8066406e+01
   1.6911740e+06   1.8127441e+01
   1.6912520e+06   2.2216797e+01
   1.6913350e+06   2.1728516e+01
   1.6914150e+06   2.2888184e+01
   1.6915030e+06   2.2155762e+01
   1.6915950e+06   2.4353027e+01
   1.6917150e+06   1.9226074e+01
   1.6918050e+06   2.0629883e+01
   1.6918970e+06   2.0507812e+01
   1.6921020e+06   2.3498535e+01
   1.7052870e+06   2.0751953e+01
   1.7083000e+06   1.9958496e+01
   1.7083210e+06   2.2583008e+01
   1.7083540e+06   2.0996094e+01
   1.7083710e+06   1.7822266e+01
   1.7084290e+06   3.3691406e+01
   1.7084450e+06   1.9714355e+01
   1.7084710e+06   2.0385742e+01
   1.7085310e+06   2.8137207e+01
   1.7085530e+06   2.3559570e+01
   1.7085650e+06   2.5573730e+01
   1.7086080e+06   2.5451660e+01
   1.7086370e+06   2.8564453e+01
   1.7086650e+06   2.0202637e+01
   1.7086820e+06   4.6508789e+01
   1.7086980e+06   2.8503418e+01
   1.7087260e+06   2.8259277e+01
   1.7087540e+06   2.7954102e+01
   1.7087740e+06   2.7648926e+01
   1.7087980e+06   2.3742676e+01
   1.7088190e+06   3.3935547e+01
   1.7088390e+06   2.0263672e+01
   1.7088560e+06   2.1972656e+01
   1.7088860e+06   2.3986816e+01
   1.7089060e+06   1.7578125e+01
   1.7089330e+06   2.2033691e+01
   1.7089520e+06   1.9897461e+01
   1.7089830e+06   2.5085449e+01
   1.7089940e+06   2.5329590e+01
   1.7090270e+06   1.7761230e+01
   1.7090590e+06   3.0212402e+01
   1.7090730e+06   1.9104004e+01
   1.7091260e+06   4.0832520e+01
   1.7091820e+06   2.3010254e+01
   1.7092360e+06   1.9409180e+01
   1.7092920e+06   3.4729004e+01
   1.7093400e+06   2.0263672e+01
   1.7093720e+06   1.8371582e+01
   1.7094120e+06   2.0690918e+01
   1.7094810e+06   2.2583008e+01
   1.7095090e+06   2.0812988e+01
   1.7095460e+06   2.2827148e+01
   1.7096020e+06   2.1606445e+01
   1.7096880e+06   1.9165039e+01
   1.7097340e+06   2.0629883e+01
   1.7097490e+06   2.5390625e+01
   1.7098260e+06   1.8493652e+01
   1.7099100e+06   1.8127441e+01
   1.7100730e+06   1.9348145e+01
   1.7101710e+06   2.0385742e+01
   1.7102660e+06   2.2277832e+01
   1.7103760e+06   2.1606445e+01
   1.7104760e+06   2.3620605e+01
   1.7106060e+06   2.1118164e+01
   1.7107110e+06   2.1850586e+01
   1.7109230e+06   1.9104004e+01
   1.7227050e+06   1.9836426e+01
   1.7227630e+06   2.9602051e+01
   1.7227730e+06   4.7485352e+01
   1.7227910e+06   2.8564453e+01
   1.7228210e+06   2.1545410e+01
   1.7228470e+06   1.8737793e+01
   1.7228680e+06   3.0822754e+01
   1.7228930e+06   3.2104492e+01
   1.7229200e+06   2.2705078e+01
   1.7229320e+06   2.1667480e+01
   1.7229540e+06   2.9296875e+01
   1.7229740e+06   2.1606445e+01
   1.7230120e+06   4.0161133e+01
   1.7230250e+06   1.9226074e+01
   1.7230740e+06   4.7851562e+01
   1.7230840e+06   2.3010254e+01
   1.7231240e+06   1.8798828e+01
   1.7231480e+06   1.8127441e+01
   1.7231660e+06   3.5034180e+01
   1.7231800e+06   2.8564453e+01
   1.7232160e+06   2.3193359e+01
   1.7232430e+06   2.2399902e+01
   1.7233500e+06   2.3864746e+01
   1.7233710e+06   2.1118164e+01
   1.7234170e+06   3.2531738e+01
   1.7234700e+06   1.8249512e+01
   1.7235500e+06   2.5878906e+01
   1.7235640e+06   2.1484375e+01
   1.7236190e+06   1.8066406e+01
   1.7236400e+06   1.8981934e+01
   1.7236920e+06   1.8676758e+01
   1.7237710e+06   2.2460938e+01
   1.7238480e+06   2.3986816e+01
   1.7239250e+06   2.2949219e+01
   1.7240080e+06   2.1728516e+01
   1.7241020e+06   2.6977539e+01
   1.7241890e+06   2.0996094e+01
   1.7243080e+06   1.9104004e+01
   1.7244240e+06   1.8981934e+01
   1.7245750e+06   2.2705078e+01
   1.7247400e+06   2.1972656e+01
   1.7339100e+06   1.9470215e+01
   1.7339960e+06   4.2907715e+01
   1.7340170e+06   2.6794434e+01
   1.7340530e+06   3.4790039e+01
   1.7340740e+06   1.8676758e+01
   1.7340940e+06   2.3376465e+01
   1.7341520e+06   2.0019531e+01
   1.7341690e+06   2.7648926e+01
   1.7341950e+06   3.7170410e+01
   1.7342630e+06   1.9531250e+01
   1.7342730e+06   3.1066895e+01
   1.7343240e+06   1.9042969e+01
   1.7343360e+06   1.8432617e+01
   1.7343850e+06   2.3071289e+01
   1.7344230e+06   2.1057129e+01
   1.7344530e+06   2.0751953e+01
   1.7344770e+06   1.7944336e+01
   1.7345140e+06   3.1738281e+01
   1.7345270e+06   1.8432617e+01
   1.7345650e+06   2.4414062e+01
   1.7345920e+06   1.8066406e+01
   1.7346640e+06   2.6367188e+01
   1.7347550e+06   2.8076172e+01
   1.7348410e+06   2.0202637e+01
   1.7349340e+06   1.8981934e+01
   1.7350240e+06   1.8005371e+01
   1.7351180e+06   2.1911621e+01
   1.7352750e+06   1.9042969e+01
   1.7354530e+06   2.2094727e+01
   1.7356350e+06   2.2155762e+01
   1.7451310e+06   2.3376465e+01
   1.7451910e+06   2.6489258e+01
   1.7452060e+06   3.3203125e+01
   1.7452280e+06   2.5390625e+01
   1.7452430e+06   1.9165039e+01
   1.7452670e+06   3.7170410e+01
   1.7453050e+06   1.8615723e+01
   1.7453240e+06   2.1545410e+01
   1.7453580e+06   2.9418945e+01
   1.7453910e+06   2.3925781e+01
   1.7454110e+06   2.3742676e+01
   1.7454400e+06   1.8432617e+01
   1.7454540e+06   2.3498535e+01
   1.7454720e+06   3.1066895e+01
   1.7455300e+06   4.7485352e+01
   1.7455400e+06   1.8127441e+01
   1.7455760e+06   2.9907227e+01
   1.7456160e+06   2.7587891e+01
   1.7456300e+06   4.0710449e+01
   1.7456650e+06   2.0141602e+01
   1.7456980e+06   2.8564453e+01
   1.7457110e+06   1.7822266e+01
   1.7457490e+06   2.2583008e+01
   1.7457920e+06   2.1057129e+01
   1.7458080e+06   2.7038574e+01
   1.7458210e+06   2.4841309e+01
   1.7458520e+06   1.8615723e+01
   1.7458700e+06   1.9226074e+01
   1.7459330e+06   2.7221680e+01
   1.7459560e+06   2.2216797e+01
   1.7459950e+06   1.9531250e+01
   1.7460590e+06   2.3132324e+01
   1.7461130e+06   1.8249512e+01
   1.7461240e+06   2.4047852e+01
   1.7462060e+06   1.8310547e+01
   1.7462820e+06   2.0019531e+01
   1.7463530e+06   2.1850586e+01
   1.7465460e+06   1.9592285e+01
   1.7466500e+06   2.0629883e+01
   1.7467450e+06   1.9409180e+01
   1.7608610e+06   2.3864746e+01
   1.7608980e+06   1.8432617e+01
   1.7609270e+06   2.7709961e+01
   1.7609590e+06   4.7912598e+01
   1.7609850e+06   2.6794434e+01
   1.7610060e+06   3.0700684e+01
   1.7610350e+06   4.1503906e+01
   1.7610550e+06   2.3437500e+01
   1.7610800e+06   1.8005371e+01
   1.7611130e+06   2.5146484e+01
   1.7611420e+06   3.5888672e+01
   1.7611690e+06   1.7639160e+01
   1.7611920e+06   3.4301758e+01
   1.7612100e+06   2.1301270e+01
   1.7612270e+06   2.0385742e+01
   1.7612600e+06   3.0212402e+01
   1.7612740e+06   2.4291992e+01
   1.7613180e+06   2.5024414e+01
   1.7613420e+06   2.1911621e+01
   1.7613730e+06   2.5878906e+01
   1.7613950e+06   2.1179199e+01
   1.7614220e+06   2.6916504e+01
   1.7614450e+06   2.0141602e+01
   1.7614680e+06   1.7944336e+01
   1.7615240e+06   1.7761230e+01
   1.7615510e+06   2.9602051e+01
   1.7615910e+06   1.9958496e+01
   1.7616030e+06   1.7700195e+01
   1.7616300e+06   1.7578125e+01
   1.7616840e+06   2.0568848e+01
   1.7616960e+06   1.9653320e+01
   1.7617360e+06   1.9958496e+01
   1.7617710e+06   1.7517090e+01
   1.7618030e+06   2.6245117e+01
   1.7618740e+06   2.2338867e+01
   1.7619480e+06   2.2399902e+01
   1.7619810e+06   2.2277832e+01
   1.7620270e+06   2.1179199e+01
   1.7621070e+06   2.2888184e+01
   1.7621810e+06   2.0446777e+01
   1.7624100e+06   1.9470215e+01
   1.7625410e+06   1.8920898e+01
   1.7832250e+06   2.3986816e+01
   1.7832430e+06   1.8005371e+01
   1.7832730e+06   4.3579102e+01
   1.7832890e+06   2.8808594e+01
   1.7833190e+06   2.8564453e+01
   1.7833470e+06   4.0039062e+01
   1.7833580e+06   1.9287109e+01
   1.7833780e+06   1.7517090e+01
   1.7833910e+06   2.3315430e+01
   1.7834100e+06   2.0690918e+01
   1.7834360e+06   3.1250000e+01
   1.7834600e+06   2.0141602e+01
   1.7834840e+06   4.6936035e+01
   1.7835160e+06   1.8066406e+01
   1.7835400e+06   4.2419434e+01
   1.7835590e+06   2.6367188e+01
   1.7835770e+06   1.7578125e+01
   1.7836040e+06   3.9428711e+01
   1.7836270e+06   2.8564453e+01
   1.7836450e+06   1.8554688e+01
   1.7836760e+06   3.0944824e+01
   1.7836910e+06   2.1484375e+01
   1.7837130e+06   2.5512695e+01
   1.7837430e+06   1.8859863e+01
   1.7837630e+06   1.9775391e+01
   1.7838160e+06   2.9174805e+01
   1.7838270e+06   1.9104004e+01
   1.7838740e+06   3.5644531e+01
   1.7839240e+06   2.3132324e+01
   1.7839690e+06   1.7639160e+01
   1.7840370e+06   2.4963379e+01
   1.7840920e+06   2.5268555e+01
   1.7841560e+06   2.0935059e+01
   1.7843380e+06   1.8066406e+01
   1.7843480e+06   3.1127930e+01
   1.7844100e+06   1.8371582e+01
   1.7844320e+06   1.7578125e+01
   1.7844760e+06   2.4536133e+01
   1.7845550e+06   1.8310547e+01
   1.7845910e+06   2.1240234e+01
   1.7846160e+06   1.8798828e+01
   1.7847000e+06   1.9409180e+01
   1.7848720e+06   1.9470215e+01
   1.7851350e+06   1.9592285e+01
   1.7854300e+06   2.0324707e+01
   1.7855760e+06   1.8920898e+01
   2.4381720e+06   2.6062012e+01
   2.4381950e+06   2.0263672e+01
   2.4382100e+06   3.0822754e+01
   2.4382560e+06   1.8920898e+01
   2.4383560e+06   2.3742676e+01
   2.4383980e+06   2.8137207e+01
   2.4384470e+06   2.6489258e+01
   2.4384720e+06   1.9531250e+01
   2.4384920e+06   2.1301270e+01
   2.4385070e+06   3.6071777e+01
   2.4385300e+06   2.0629883e+01
   2.4385410e+06   2.5634766e+01
   2.4385740e+06   2.1423340e+01
   2.4385970e+06   1.8432617e+01
   2.4386210e+06   2.2949219e+01
   2.4386830e+06   2.4047852e+01
   2.4387410e+06   1.7944336e+01
   2.4387740e+06   2.0385742e+01
   2.4388080e+06   1.7700195e+01
   2.4388480e+06   2.9052734e+01
   2.4388760e+06   1.8127441e+01
   2.4388890e+06   2.7282715e+01
   2.4389070e+06   1.9165039e+01
   2.4389380e+06   3.0517578e+01
   2.4389870e+06   1.7639160e+01
   2.4390020e+06   2.9785156e+01
   2.4390400e+06   3.0456543e+01
   2.4391130e+06   2.8747559e+01
   2.4391870e+06   2.5634766e+01
   2.4392290e+06   1.9897461e+01
   2.4392650e+06   2.3071289e+01
   2.4392810e+06   1.7761230e+01
   2.4392960e+06   1.8615723e+01
   2.4393290e+06   2.2216797e+01
   2.4393590e+06   2.2460938e+01
   2.4394370e+06   2.8076172e+01
   2.4394950e+06   2.1362305e+01
   2.4395060e+06   1.9470215e+01
   2.4395430e+06   1.8005371e+01
   2.4396050e+06   1.8615723e+01
   2.4396720e+06   1.7700195e+01
   2.4397810e+06   2.1545410e+01
   2.4398670e+06   2.1301270e+01
   2.4399120e+06   2.3132324e+01
   2.4399610e+06   2.1362305e+01
   2.4400050e+06   1.8981934e+01
   2.4400320e+06   1.7822266e+01
   2.4401020e+06   1.8859863e+01
   2.4401910e+06   2.0507812e+01
   2.4402440e+06   2.0019531e+01
   2.4403860e+06   2.5756836e+01
   2.4404530e+06   1.7822266e+01
   2.4405320e+06   1.8432617e+01
   2.4405440e+06   1.9897461e+01
   2.4405760e+06   1.7578125e+01
   2.4408100e+06   1.9958496e+01
   2.4410800e+06   2.1789551e+01
   2.4411740e+06   2.7038574e+01
   2.4412570e+06   2.0385742e+01
   2.4413550e+06   2.1179199e+01
   2.4414450e+06   1.8127441e+01
   2.4415290e+06   2.1179199e+01
   2.4416150e+06   2.6977539e+01
   2.4416940e+06   2.6367188e+01
   2.4418140e+06   2.3986816e+01
   2.4421110e+06   2.1728516e+01
   2.7713860e+06   4.3212891e+01
   2.7714210e+06   2.5207520e+01
   2.7714390e+06   2.2766113e+01
   2.7714580e+06   2.8381348e+01
   2.7714900e+06   2.1789551e+01
   2.7715160e+06   3.3752441e+01
   2.7715340e+06   2.1179199e+01
   2.7715590e+06   2.5207520e+01
   2.7715800e+06   2.4230957e+01
   2.7715950e+06   2.6855469e+01
   2.7716300e+06   2.2155762e+01
   2.7716460e+06   2.8076172e+01
   2.7716720e+06   2.0202637e+01
   2.7716830e+06   1.8188477e+01
   2.7717110e+06   4.0832520e+01
   2.7717450e+06   2.9663086e+01
   2.7717560e+06   3.1616211e+01
   2.7717920e+06   2.3742676e+01
   2.7718030e+06   1.7883301e+01
   2.7718290e+06   3.5827637e+01
   2.7718590e+06   2.8869629e+01
   2.7718910e+06   2.0324707e+01
   2.7719080e+06   2.7648926e+01
   2.7719430e+06   2.7404785e+01
   2.7719700e+06   2.2766113e+01
   2.7719950e+06   1.7944336e+01
   2.7720180e+06   2.4536133e+01
   2.7720470e+06   2.1179199e+01
   2.7721200e+06   1.7639160e+01
   2.7721920e+06   1.7761230e+01
   2.7722140e+06   2.2277832e+01
   2.7722580e+06   1.7517090e+01
   2.7723070e+06   1.7639160e+01
   2.7723460e+06   1.7700195e+01
   2.7723600e+06   1.8310547e+01
   2.7724100e+06   1.7456055e+01
   2.7724440e+06   2.0690918e+01
   2.7725150e+06   2.3132324e+01
   2.7725970e+06   2.0324707e+01
   2.7726180e+06   2.0385742e+01
   2.7726760e+06   2.0812988e+01
   2.7727910e+06   2.4658203e+01
   2.7728990e+06   2.3864746e+01
   2.7729810e+06   1.9958496e+01
   2.7730360e+06   1.9165039e+01
   2.7731120e+06   2.6855469e+01
   2.7732290e+06   2.8503418e+01
   2.7732950e+06   2.4230957e+01
   2.7733270e+06   1.8493652e+01
   2.7733430e+06   2.3193359e+01
   2.7734370e+06   1.9226074e+01
   2.7735590e+06   1.7578125e+01
   2.7735890e+06   1.8554688e+01
   2.7736470e+06   1.8737793e+01
   2.7737680e+06   1.7578125e+01
   2.7738540e+06   2.3742676e+01
   2.7739440e+06   2.2277832e+01
   2.7739680e+06   1.8676758e+01
   2.7740280e+06   2.2094727e+01
   2.7741210e+06   1.7578125e+01
   2.7745530e+06   1.8127441e+01
   2.7746520e+06   2.5512695e+01
   2.7747500e+06   2.8381348e+01
   2.7748350e+06   2.2460938e+01
