   3.0000000e+06   0.0000000e+00
   1.9574400e+05   1.7761230e+01
   1.9584000e+05   1.8188477e+01
   1.9587600e+05   2.1606445e+01
   1.9590100e+05   2.6794434e+01
   1.9606000e+05   2.0751953e+01
   1.9611100e+05   1.8981934e+01
   1.9615700e+05   1.7944336e+01
   1.9628300e+05   1.7639160e+01
   1.9640700e+05   1.8066406e+01
   1.9694000e+05   1.7761230e+01
   1.9725400e+05   1.8249512e+01
   1.9793900e+05   2.0751953e+01
   1.9859700e+05   1.7578125e+01
   2.2879200e+05   1.8981934e+01
   2.2883600e+05   1.8005371e+01
   2.2886000e+05   1.8920898e+01
   2.2888700e+05   2.0507812e+01
   2.2891800e+05   1.7211914e+01
   2.2894200e+05   1.8676758e+01
   2.2898600e+05   1.8615723e+01
   2.2902200e+05   1.7578125e+01
   2.2903500e+05   2.0141602e+01
   2.2912400e+05   1.8005371e+01
   2.2915700e+05   1.7822266e+01
   2.2920000e+05   2.6611328e+01
   2.2925800e+05   1.9775391e+01
   2.2939200e+05   1.9470215e+01
   2.2952900e+05   1.7333984e+01
   2.3023800e+05   1.8493652e+01
   2.3029400e+05   1.8737793e+01
   2.3082600e+05   1.9714355e+01
   2.3094800e+05   1.7944336e+01
   2.3105100e+05   1.7395020e+01
   2.3117600e+05   1.8249512e+01
   2.3171100e+05   1.7761230e+01
   2.3322000e+05   1.7272949e+01
   2.3612100e+05   1.8066406e+01
   2.4278600e+05   1.8554688e+01
   2.4291300e+05   1.7150879e+01
   2.4311200e+05   1.7517090e+01
   2.5285200e+05   1.7272949e+01
   2.5298800e+05   1.7944336e+01
   2.6271900e+05   2.2155762e+01
   2.6279200e+05   1.9958496e+01
   2.6285200e+05   1.9714355e+01
   2.6296600e+05   2.0324707e+01
   2.6312500e+05   2.5756836e+01
   2.6352900e+05   1.7761230e+01
   2.8079100e+05   1.9409180e+01
   2.8087500e+05   2.1301270e+01
   2.8096100e+05   1.9042969e+01
   2.8098200e+05   2.0080566e+01
   2.8103600e+05   1.7883301e+01
   2.8106600e+05   1.7456055e+01
   2.8135900e+05   2.1423340e+01
   3.0856800e+05   1.7272949e+01
   3.0858500e+05   1.8920898e+01
   3.0878600e+05   1.7211914e+01
   3.0881200e+05   1.9287109e+01
   3.0890800e+05   2.4291992e+01
   3.0910800e+05   1.8676758e+01
   9.3081000e+05   1.7028809e+01
   9.3093400e+05   1.9653320e+01
   9.3099900e+05   2.0202637e+01
   9.3105200e+05   2.2888184e+01
   9.3107500e+05   1.7700195e+01
   9.3122500e+05   1.7028809e+01
   9.3127500e+05   2.0202637e+01
   9.3130100e+05   1.9348145e+01
   9.3139900e+05   1.9042969e+01
   9.3219100e+05   1.7761230e+01
   9.3240700e+05   1.7272949e+01
   9.3294100e+05   1.7700195e+01
   9.3351800e+05   1.8615723e+01
   9.3395500e+05   2.5024414e+01
   9.3435500e+05   1.9226074e+01
   1.1556720e+06   1.7211914e+01
   1.1557140e+06   2.2094727e+01
   1.1558630e+06   2.1850586e+01
   1.1558840e+06   1.7028809e+01
   1.1559320e+06   1.8554688e+01
   1.1559460e+06   2.6123047e+01
   1.1559620e+06   1.9470215e+01
   1.1560480e+06   1.7944336e+01
   1.1560920e+06   2.0263672e+01
   1.1561300e+06   1.8249512e+01
   1.1562150e+06   1.8249512e+01
   1.1568510e+06   1.7761230e+01
   1.1571780e+06   1.8432617e+01
   1.1577000e+06   2.0202637e+01
   1.1580780e+06   1.7028809e+01
   1.1585380e+06   1.8005371e+01
   1.1589550e+06   1.8066406e+01
   1.4606010e+06   2.4536133e+01
   1.4606220e+06   1.8371582e+01
   1.4606620e+06   1.7211914e+01
   1.4606890e+06   1.8066406e+01
   1.4607430e+06   1.8920898e+01
   1.4607640e+06   2.2460938e+01
   1.4607950e+06   1.8005371e+01
   1.4608410e+06   2.3498535e+01
   1.4609660e+06   2.1728516e+01
   1.4620190e+06   1.7578125e+01
   1.4621910e+06   1.8432617e+01
   1.4625480e+06   1.7089844e+01
   1.4626960e+06   1.7089844e+01
   1.4627390e+06   1.9287109e+01
   1.4631760e+06   2.0996094e+01
   1.6117890e+06   1.7150879e+01
   1.6118240e+06   2.9479980e+01
   1.6118680e+06   2.0019531e+01
   1.6120130e+06   1.7883301e+01
   1.6121030e+06   1.7211914e+01
   1.6125030e+06   1.8310547e+01
   1.6128860e+06   1.8798828e+01
   1.6135370e+06   1.9104004e+01
   1.6142550e+06   1.8432617e+01
   1.6143500e+06   2.1789551e+01
   1.6604910e+06   1.7150879e+01
   1.6605160e+06   1.7333984e+01
   1.6605940e+06   1.9470215e+01
   1.6606130e+06   2.5451660e+01
   1.6606580e+06   1.8188477e+01
   1.6607260e+06   2.0507812e+01
   1.6609890e+06   1.7517090e+01
   1.6610430e+06   2.2888184e+01
   1.6610790e+06   1.9042969e+01
   1.6611390e+06   1.7700195e+01
   1.6612340e+06   1.8676758e+01
   1.6613350e+06   1.7944336e+01
   1.6614510e+06   1.9165039e+01
   1.6615590e+06   1.8981934e+01
   1.6618430e+06   1.8127441e+01
   1.6619900e+06   1.7211914e+01
   1.6621630e+06   1.7089844e+01
   1.6633790e+06   1.8737793e+01
   1.6892570e+06   1.9409180e+01
   1.6893380e+06   1.8432617e+01
   1.6894000e+06   2.4475098e+01
   1.6894560e+06   2.0385742e+01
   1.6895140e+06   1.8737793e+01
   1.6895750e+06   2.5634766e+01
   1.6896350e+06   1.9409180e+01
   1.6898390e+06   1.9165039e+01
   1.6899070e+06   1.7395020e+01
   1.6899750e+06   2.4536133e+01
   1.6903380e+06   1.7700195e+01
   1.6905790e+06   1.7700195e+01
   1.6907680e+06   2.1423340e+01
   1.6908600e+06   1.7822266e+01
   1.7085740e+06   1.8920898e+01
   1.7086500e+06   1.7700195e+01
   1.7086940e+06   1.7211914e+01
   1.7087260e+06   1.7883301e+01
   1.7088590e+06   1.7700195e+01
   1.7089220e+06   2.1484375e+01
   1.7089900e+06   1.7211914e+01
   1.7091870e+06   1.7395020e+01
   1.7227820e+06   1.9348145e+01
   1.7228610e+06   1.7211914e+01
   1.7229960e+06   1.8554688e+01
   1.7339860e+06   1.7150879e+01
   1.7453070e+06   1.8554688e+01
   1.7609510e+06   1.7028809e+01
   1.7611540e+06   2.2949219e+01
   1.7616940e+06   1.7211914e+01
   1.7832960e+06   1.7150879e+01
   1.7834040e+06   2.1789551e+01
   1.7835010e+06   1.7089844e+01
   1.7835310e+06   2.2644043e+01
   1.7836800e+06   1.9531250e+01
   1.7837290e+06   1.7395020e+01
   1.7841840e+06   2.1057129e+01
   2.4384620e+06   1.9348145e+01
   2.4385180e+06   2.2827148e+01
   2.4385460e+06   1.7822266e+01
   2.4386190e+06   1.7883301e+01
   2.4386680e+06   1.7272949e+01
   2.4388120e+06   1.9409180e+01
   2.4388950e+06   2.1301270e+01
   2.4389360e+06   1.7333984e+01
   2.4390140e+06   1.8615723e+01
   2.4393600e+06   1.7272949e+01
   2.4397190e+06   2.0385742e+01
   2.4399690e+06   1.9653320e+01
   2.4402780e+06   2.3071289e+01
   2.4408110e+06   2.2705078e+01
   2.4409520e+06   2.4719238e+01
   2.4411120e+06   1.9165039e+01
   2.7713570e+06   2.0812988e+01
   2.7713990e+06   1.8005371e+01
   2.7714160e+06   1.9165039e+01
   2.7714440e+06   2.4353027e+01
   2.7714960e+06   2.1606445e+01
   2.7715360e+06   1.7883301e+01
   2.7715630e+06   2.7465820e+01
   2.7716030e+06   1.7700195e+01
   2.7716820e+06   2.0324707e+01
   2.7717030e+06   1.8615723e+01
   2.7718120e+06   1.8798828e+01
   2.7718920e+06   1.8127441e+01
   2.7721420e+06   1.8188477e+01
   2.7727410e+06   1.8676758e+01
   2.7727910e+06   1.7517090e+01
   2.7732480e+06   2.0996094e+01
   2.7733100e+06   1.7272949e+01
   2.7736670e+06   1.9531250e+01
   2.7738750e+06   1.7395020e+01
