   3.0000000e+06   0.0000000e+00
   1.9565500e+05   2.8625488e+01
   1.9571300e+05   2.3010254e+01
   1.9573800e+05   1.8798828e+01
   1.9579300e+05   2.5939941e+01
   1.9580800e+05   3.4606934e+01
   1.9582200e+05   3.0090332e+01
   1.9584100e+05   2.1728516e+01
   1.9585900e+05   2.5695801e+01
   1.9587800e+05   1.9897461e+01
   1.9590100e+05   2.9113770e+01
   1.9591800e+05   2.3803711e+01
   1.9593900e+05   2.9907227e+01
   1.9596000e+05   1.7395020e+01
   1.9599400e+05   2.1301270e+01
   1.9601000e+05   2.4658203e+01
   1.9603600e+05   1.7456055e+01
   1.9608000e+05   2.4597168e+01
   1.9610700e+05   1.8005371e+01
   1.9613700e+05   2.4536133e+01
   1.9616800e+05   1.9714355e+01
   1.9619800e+05   1.8676758e+01
   1.9623800e+05   2.1789551e+01
   1.9637100e+05   1.9348145e+01
   1.9645300e+05   1.7456055e+01
   1.9648300e+05   1.8371582e+01
   1.9654300e+05   2.1179199e+01
   1.9657200e+05   1.9409180e+01
   1.9671400e+05   1.8005371e+01
   1.9674000e+05   1.8859863e+01
   1.9684900e+05   2.3254395e+01
   1.9687400e+05   1.9653320e+01
   1.9694300e+05   1.8371582e+01
   1.9695800e+05   1.8249512e+01
   1.9703200e+05   1.7639160e+01
   1.9716500e+05   1.9714355e+01
   1.9724700e+05   1.8127441e+01
   1.9773800e+05   1.8371582e+01
   1.9778600e+05   1.7761230e+01
   1.9838700e+05   1.7700195e+01
   2.2868100e+05   1.7822266e+01
   2.2874600e+05   2.3498535e+01
   2.2876300e+05   2.1606445e+01
   2.2879600e+05   2.3010254e+01
   2.2881500e+05   1.7517090e+01
   2.2883800e+05   1.8554688e+01
   2.2885600e+05   2.3742676e+01
   2.2886600e+05   2.4169922e+01
   2.2890200e+05   2.2949219e+01
   2.2893000e+05   2.8442383e+01
   2.2896300e+05   1.7456055e+01
   2.2898300e+05   1.8005371e+01
   2.2899700e+05   1.9409180e+01
   2.2901300e+05   2.2216797e+01
   2.2904000e+05   2.4841309e+01
   2.2908200e+05   2.6184082e+01
   2.2910000e+05   2.0935059e+01
   2.2913400e+05   2.2338867e+01
   2.2916800e+05   2.7893066e+01
   2.2919200e+05   1.7883301e+01
   2.2924500e+05   2.0080566e+01
   2.2926800e+05   1.9104004e+01
   2.2936000e+05   2.0202637e+01
   2.2955400e+05   2.1606445e+01
   2.2960400e+05   1.9653320e+01
   2.2985900e+05   1.9409180e+01
   2.2998600e+05   1.7944336e+01
   2.3002800e+05   1.7700195e+01
   2.3015100e+05   1.9958496e+01
   2.3026100e+05   1.9897461e+01
   2.3028500e+05   1.7822266e+01
   2.3033500e+05   1.8371582e+01
   2.3039800e+05   2.0446777e+01
   2.3050000e+05   2.0019531e+01
   2.3055700e+05   2.3925781e+01
   2.3057100e+05   2.2949219e+01
   2.3074100e+05   1.7456055e+01
   2.3269000e+05   1.7700195e+01
   2.4217000e+05   2.3437500e+01
   2.4224600e+05   2.9357910e+01
   2.4227400e+05   2.0812988e+01
   2.4229000e+05   2.2644043e+01
   2.4233700e+05   1.8005371e+01
   2.4236600e+05   3.6865234e+01
   2.4238300e+05   2.1240234e+01
   2.4243500e+05   2.0568848e+01
   2.4246500e+05   1.8005371e+01
   2.4248800e+05   2.0751953e+01
   2.4251200e+05   2.1972656e+01
   2.4253800e+05   2.2460938e+01
   2.4255000e+05   2.1728516e+01
   2.4256600e+05   2.7709961e+01
   2.4259500e+05   1.7822266e+01
   2.4263300e+05   3.2287598e+01
   2.4266500e+05   2.4536133e+01
   2.4271900e+05   2.3986816e+01
   2.4275000e+05   1.8188477e+01
   2.4277600e+05   2.0202637e+01
   2.4282400e+05   1.7639160e+01
   2.4285200e+05   2.2766113e+01
   2.4293500e+05   2.1179199e+01
   2.4295800e+05   1.8127441e+01
   2.4299200e+05   1.8310547e+01
   2.4303100e+05   2.0446777e+01
   2.4315400e+05   1.7761230e+01
   2.4325700e+05   1.9165039e+01
   2.4333200e+05   1.7578125e+01
   2.4343500e+05   1.7456055e+01
   2.4353100e+05   1.7456055e+01
   2.4371300e+05   2.6855469e+01
   2.4376100e+05   1.8737793e+01
   2.5209900e+05   2.6000977e+01
   2.5222200e+05   2.0996094e+01
   2.5224900e+05   3.0334473e+01
   2.5230200e+05   2.2583008e+01
   2.5231200e+05   2.2949219e+01
   2.5236500e+05   2.6977539e+01
   2.5239600e+05   2.1728516e+01
   2.5244700e+05   1.9714355e+01
   2.5246400e+05   2.0324707e+01
   2.5251600e+05   2.2094727e+01
   2.5255800e+05   2.2094727e+01
   2.5258500e+05   1.7517090e+01
   2.5260100e+05   2.3864746e+01
   2.5267300e+05   2.1972656e+01
   2.5272400e+05   1.8737793e+01
   2.5275200e+05   2.2094727e+01
   2.5277900e+05   1.8981934e+01
   2.5280100e+05   2.2094727e+01
   2.5281800e+05   1.7456055e+01
   2.5283000e+05   2.2338867e+01
   2.5285900e+05   1.7578125e+01
   2.5290100e+05   1.9653320e+01
   2.5297200e+05   2.2155762e+01
   2.5303000e+05   1.8920898e+01
   2.5316700e+05   1.8066406e+01
   2.5320400e+05   2.3254395e+01
   2.5331000e+05   2.0568848e+01
   2.5334700e+05   1.7883301e+01
   2.5350000e+05   1.9775391e+01
   2.6228300e+05   3.6254883e+01
   2.6230600e+05   2.1362305e+01
   2.6235600e+05   1.7395020e+01
   2.6237100e+05   1.8981934e+01
   2.6245200e+05   1.7822266e+01
   2.6249100e+05   2.1423340e+01
   2.6254300e+05   2.7221680e+01
   2.6257200e+05   2.4414062e+01
   2.6259200e+05   1.9470215e+01
   2.6264000e+05   2.0507812e+01
   2.6265100e+05   2.0690918e+01
   2.6267400e+05   2.4353027e+01
   2.6269700e+05   1.7395020e+01
   2.6272900e+05   2.1728516e+01
   2.6275000e+05   2.2827148e+01
   2.6280300e+05   2.4841309e+01
   2.6282500e+05   2.8625488e+01
   2.6285700e+05   1.8005371e+01
   2.6290800e+05   1.8249512e+01
   2.6293000e+05   1.8066406e+01
   2.6296500e+05   1.8798828e+01
   2.6312500e+05   1.7395020e+01
   2.6316200e+05   1.8249512e+01
   2.6343500e+05   2.2399902e+01
   2.6358100e+05   1.9592285e+01
   2.7193800e+05   2.5024414e+01
   2.7195300e+05   2.0507812e+01
   2.7211600e+05   2.5695801e+01
   2.7217000e+05   3.0578613e+01
   2.7219700e+05   1.9104004e+01
   2.7221100e+05   2.2644043e+01
   2.7227600e+05   1.9409180e+01
   2.7229900e+05   3.6926270e+01
   2.7233700e+05   1.7822266e+01
   2.7234700e+05   2.0568848e+01
   2.7237000e+05   3.1433105e+01
   2.7238900e+05   1.8920898e+01
   2.7241700e+05   1.9775391e+01
   2.7246900e+05   1.8066406e+01
   2.7250100e+05   1.8249512e+01
   2.7251100e+05   1.9958496e+01
   2.7254200e+05   1.9287109e+01
   2.7258700e+05   1.9775391e+01
   2.7261600e+05   2.4719238e+01
   2.7266800e+05   2.0629883e+01
   2.7272200e+05   2.8015137e+01
   2.7275700e+05   1.8066406e+01
   2.7277300e+05   1.7639160e+01
   2.7281600e+05   1.9653320e+01
   2.7286100e+05   1.9409180e+01
   2.7290100e+05   1.9042969e+01
   2.7300100e+05   2.0568848e+01
   2.7319200e+05   2.0446777e+01
   2.7333600e+05   1.8310547e+01
   2.8046700e+05   1.7578125e+01
   2.8049900e+05   3.1188965e+01
   2.8053900e+05   2.2094727e+01
   2.8055600e+05   1.9775391e+01
   2.8057400e+05   2.0324707e+01
   2.8063700e+05   1.9470215e+01
   2.8066100e+05   2.2644043e+01
   2.8069900e+05   2.5512695e+01
   2.8074200e+05   1.9409180e+01
   2.8075800e+05   2.0324707e+01
   2.8077100e+05   1.8188477e+01
   2.8080400e+05   1.8188477e+01
   2.8089400e+05   2.0874023e+01
   2.8095100e+05   1.8676758e+01
   2.8097400e+05   2.3132324e+01
   2.8101400e+05   2.0263672e+01
   2.8103200e+05   2.2888184e+01
   2.8107400e+05   1.8981934e+01
   2.8116200e+05   2.0080566e+01
   2.8123000e+05   1.9470215e+01
   2.8130200e+05   1.9714355e+01
   2.8136600e+05   1.8310547e+01
   2.8154100e+05   2.1118164e+01
   2.8189300e+05   2.1850586e+01
   2.9315500e+05   1.8432617e+01
   2.9320400e+05   2.3742676e+01
   2.9323500e+05   2.2949219e+01
   2.9328200e+05   2.5329590e+01
   2.9331800e+05   1.7456055e+01
   2.9332800e+05   1.7456055e+01
   2.9336000e+05   2.4841309e+01
   2.9340000e+05   1.7944336e+01
   2.9341700e+05   1.8920898e+01
   2.9343900e+05   1.7700195e+01
   2.9352700e+05   2.0690918e+01
   2.9353900e+05   1.8981934e+01
   2.9359000e+05   1.8920898e+01
   2.9361400e+05   1.8554688e+01
   2.9370400e+05   2.5451660e+01
   2.9371900e+05   1.8432617e+01
   2.9375500e+05   1.9165039e+01
   2.9377900e+05   1.9348145e+01
   2.9401900e+05   1.7761230e+01
   2.9414600e+05   1.7822266e+01
   2.9430300e+05   1.8005371e+01
   2.9437500e+05   1.9287109e+01
   2.9460000e+05   1.8127441e+01
   2.9499000e+05   1.9714355e+01
   3.0821900e+05   2.2399902e+01
   3.0824800e+05   2.8442383e+01
   3.0827000e+05   2.3681641e+01
   3.0829600e+05   1.8005371e+01
   3.0830900e+05   2.2277832e+01
   3.0834800e+05   2.4291992e+01
   3.0839400e+05   1.9226074e+01
   3.0843500e+05   1.7578125e+01
   3.0845000e+05   1.9409180e+01
   3.0848600e+05   1.8981934e+01
   3.0849700e+05   1.9592285e+01
   3.0855000e+05   2.6916504e+01
   3.0856700e+05   1.8249512e+01
   3.0861800e+05   1.8188477e+01
   3.0865900e+05   2.0629883e+01
   3.0867200e+05   2.1545410e+01
   3.0873700e+05   1.8127441e+01
   3.0896700e+05   1.8005371e+01
   3.0934400e+05   1.7578125e+01
   9.3091000e+05   1.8737793e+01
   9.3093400e+05   3.2897949e+01
   9.3095600e+05   2.0935059e+01
   9.3100200e+05   2.0324707e+01
   9.3103900e+05   2.3071289e+01
   9.3106300e+05   2.2216797e+01
   9.3110400e+05   2.8625488e+01
   9.3114600e+05   2.3010254e+01
   9.3116600e+05   2.3437500e+01
   9.3119800e+05   1.7944336e+01
   9.3122000e+05   2.1423340e+01
   9.3124700e+05   2.7038574e+01
   9.3127000e+05   1.8676758e+01
   9.3143400e+05   1.9165039e+01
   9.3146700e+05   1.7944336e+01
   9.3157100e+05   1.8676758e+01
   9.3166600e+05   1.8188477e+01
   9.3174300e+05   1.9470215e+01
   9.3176700e+05   1.9042969e+01
   9.3198200e+05   1.7883301e+01
   9.3202500e+05   2.1545410e+01
   9.3213700e+05   1.9104004e+01
   9.3227300e+05   1.9653320e+01
   9.3233200e+05   2.6489258e+01
   9.3243600e+05   1.9531250e+01
   9.3249800e+05   1.9775391e+01
   9.3255800e+05   2.4719238e+01
   9.3267300e+05   2.3254395e+01
   9.3288700e+05   1.8005371e+01
   9.3304100e+05   2.2460938e+01
   1.1556090e+06   2.0935059e+01
   1.1556630e+06   3.0395508e+01
   1.1556860e+06   2.4169922e+01
   1.1557070e+06   3.1982422e+01
   1.1557440e+06   2.8076172e+01
   1.1557650e+06   2.9663086e+01
   1.1558060e+06   3.2043457e+01
   1.1558280e+06   2.2766113e+01
   1.1558660e+06   2.4902344e+01
   1.1559060e+06   1.8798828e+01
   1.1559280e+06   1.8371582e+01
   1.1559560e+06   1.9042969e+01
   1.1559890e+06   1.8676758e+01
   1.1560150e+06   1.8798828e+01
   1.1560470e+06   2.0629883e+01
   1.1561390e+06   1.9958496e+01
   1.1561950e+06   1.9287109e+01
   1.1562230e+06   1.7761230e+01
   1.1563030e+06   1.7761230e+01
   1.1563680e+06   1.9287109e+01
   1.1564190e+06   1.7578125e+01
   1.1564390e+06   2.1118164e+01
   1.1565350e+06   2.2583008e+01
   1.1567670e+06   1.7700195e+01
   1.1568920e+06   1.7456055e+01
   1.1569750e+06   1.9165039e+01
   1.1571360e+06   1.8859863e+01
   1.1572570e+06   1.7456055e+01
   1.1573990e+06   1.8737793e+01
   1.1574970e+06   2.0202637e+01
   1.1578310e+06   1.8920898e+01
   1.4605220e+06   2.0446777e+01
   1.4605710e+06   2.7465820e+01
   1.4606130e+06   1.9165039e+01
   1.4606260e+06   2.5207520e+01
   1.4606550e+06   2.6184082e+01
   1.4606850e+06   2.5634766e+01
   1.4607060e+06   2.6794434e+01
   1.4607280e+06   3.1066895e+01
   1.4607460e+06   2.0812988e+01
   1.4607760e+06   1.9592285e+01
   1.4608080e+06   2.0629883e+01
   1.4608320e+06   2.0874023e+01
   1.4608510e+06   1.8737793e+01
   1.4608710e+06   2.4047852e+01
   1.4609050e+06   1.9531250e+01
   1.4609210e+06   1.8615723e+01
   1.4609430e+06   2.2338867e+01
   1.4609530e+06   3.3203125e+01
   1.4610030e+06   2.0324707e+01
   1.4610550e+06   2.4230957e+01
   1.4610830e+06   2.9846191e+01
   1.4610940e+06   1.7822266e+01
   1.4612170e+06   1.9592285e+01
   1.4612480e+06   2.4475098e+01
   1.4612870e+06   1.8432617e+01
   1.4613280e+06   1.7700195e+01
   1.4613690e+06   1.7944336e+01
   1.4613880e+06   2.1972656e+01
   1.4614340e+06   2.2094727e+01
   1.4614800e+06   2.0019531e+01
   1.4616810e+06   1.7639160e+01
   1.4620420e+06   1.8127441e+01
   1.4620740e+06   2.2094727e+01
   1.5737720e+06   2.1911621e+01
   1.5738620e+06   1.8859863e+01
   1.6116350e+06   3.5766602e+01
   1.6116680e+06   2.3498535e+01
   1.6116890e+06   2.1850586e+01
   1.6117050e+06   2.2155762e+01
   1.6117170e+06   2.1911621e+01
   1.6117600e+06   1.7578125e+01
   1.6117770e+06   3.0944824e+01
   1.6118100e+06   3.0517578e+01
   1.6118540e+06   3.3325195e+01
   1.6118860e+06   3.3630371e+01
   1.6119250e+06   1.7700195e+01
   1.6119610e+06   1.8615723e+01
   1.6120310e+06   2.4047852e+01
   1.6120490e+06   2.2705078e+01
   1.6120840e+06   2.0080566e+01
   1.6121220e+06   2.4597168e+01
   1.6121450e+06   2.0019531e+01
   1.6121650e+06   3.3752441e+01
   1.6121890e+06   1.7761230e+01
   1.6122840e+06   2.6123047e+01
   1.6123970e+06   1.9348145e+01
   1.6124430e+06   1.8371582e+01
   1.6124690e+06   1.8188477e+01
   1.6125210e+06   1.7761230e+01
   1.6126020e+06   1.8127441e+01
   1.6126280e+06   2.5573730e+01
   1.6127030e+06   2.0996094e+01
   1.6127880e+06   1.7517090e+01
   1.6128610e+06   1.9165039e+01
   1.6129410e+06   2.2766113e+01
   1.6132210e+06   1.8493652e+01
   1.6132990e+06   1.7700195e+01
   1.6133110e+06   2.9418945e+01
   1.6137240e+06   1.7883301e+01
   1.6145160e+06   1.7456055e+01
   1.6604290e+06   3.0883789e+01
   1.6604500e+06   1.9470215e+01
   1.6604690e+06   2.9724121e+01
   1.6605200e+06   2.1484375e+01
   1.6605530e+06   2.2827148e+01
   1.6605640e+06   2.0935059e+01
   1.6605800e+06   1.9409180e+01
   1.6606070e+06   2.1606445e+01
   1.6606190e+06   2.2521973e+01
   1.6606450e+06   2.4169922e+01
   1.6606640e+06   1.9165039e+01
   1.6606990e+06   2.4902344e+01
   1.6607330e+06   1.8249512e+01
   1.6607570e+06   2.4780273e+01
   1.6607830e+06   2.3925781e+01
   1.6608070e+06   2.0324707e+01
   1.6608250e+06   2.2399902e+01
   1.6608590e+06   1.8493652e+01
   1.6609360e+06   2.3071289e+01
   1.6609520e+06   2.0629883e+01
   1.6609870e+06   1.8371582e+01
   1.6610130e+06   2.6672363e+01
   1.6610450e+06   2.0019531e+01
   1.6610680e+06   1.8188477e+01
   1.6610860e+06   1.7883301e+01
   1.6611270e+06   1.7456055e+01
   1.6612100e+06   2.1484375e+01
   1.6612420e+06   1.8249512e+01
   1.6613250e+06   1.8005371e+01
   1.6613620e+06   1.7395020e+01
   1.6614680e+06   1.8066406e+01
   1.6614950e+06   2.1118164e+01
   1.6616520e+06   2.0507812e+01
   1.6617340e+06   1.7456055e+01
   1.6617690e+06   2.1301270e+01
   1.6618830e+06   1.8798828e+01
   1.6619500e+06   2.0568848e+01
   1.6619710e+06   1.8737793e+01
   1.6620130e+06   2.0263672e+01
   1.6620490e+06   2.0568848e+01
   1.6622050e+06   1.7639160e+01
   1.6623430e+06   2.1362305e+01
   1.6626740e+06   1.8615723e+01
   1.6627740e+06   1.7761230e+01
   1.6629030e+06   1.7395020e+01
   1.6632820e+06   1.7944336e+01
   1.6891190e+06   3.2836914e+01
   1.6891570e+06   1.9165039e+01
   1.6891700e+06   2.3925781e+01
   1.6891850e+06   2.9235840e+01
   1.6891990e+06   2.7038574e+01
   1.6892540e+06   2.0324707e+01
   1.6892740e+06   1.8066406e+01
   1.6892970e+06   2.0629883e+01
   1.6893170e+06   2.2033691e+01
   1.6893380e+06   2.5634766e+01
   1.6893730e+06   1.7517090e+01
   1.6893860e+06   1.7639160e+01
   1.6893990e+06   2.0324707e+01
   1.6894450e+06   1.9958496e+01
   1.6894620e+06   1.8371582e+01
   1.6895010e+06   1.8920898e+01
   1.6895280e+06   2.5756836e+01
   1.6895690e+06   1.8127441e+01
   1.6896140e+06   1.8005371e+01
   1.6897460e+06   2.3498535e+01
   1.6901300e+06   1.9104004e+01
   1.6902740e+06   1.9958496e+01
   1.6903940e+06   1.7700195e+01
   1.6906300e+06   1.8127441e+01
   1.6906770e+06   1.7761230e+01
   1.6907020e+06   1.8005371e+01
   1.6907690e+06   1.8066406e+01
   1.6908150e+06   1.7395020e+01
   1.6908820e+06   1.7578125e+01
   1.6910570e+06   1.9042969e+01
   1.7085210e+06   2.9785156e+01
   1.7085460e+06   2.3986816e+01
   1.7085680e+06   2.8930664e+01
   1.7085920e+06   2.9113770e+01
   1.7086160e+06   2.0935059e+01
   1.7086470e+06   2.0935059e+01
   1.7087300e+06   1.8066406e+01
   1.7087590e+06   1.7517090e+01
   1.7088090e+06   1.9653320e+01
   1.7088760e+06   1.7517090e+01
   1.7089220e+06   1.8310547e+01
   1.7090590e+06   2.1057129e+01
   1.7091990e+06   1.8493652e+01
   1.7092990e+06   1.9775391e+01
   1.7096510e+06   1.7639160e+01
   1.7098680e+06   2.0446777e+01
   1.7099130e+06   1.7456055e+01
   1.7105170e+06   1.8920898e+01
   1.7224220e+06   2.5756836e+01
   1.7224510e+06   1.8005371e+01
   1.7224860e+06   2.4780273e+01
   1.7225000e+06   2.6489258e+01
   1.7225230e+06   2.8808594e+01
   1.7225790e+06   1.9897461e+01
   1.7226010e+06   2.1362305e+01
   1.7226270e+06   1.9653320e+01
   1.7226640e+06   2.6245117e+01
   1.7226820e+06   1.8188477e+01
   1.7227150e+06   2.5695801e+01
   1.7227830e+06   1.9836426e+01
   1.7227990e+06   1.7578125e+01
   1.7228260e+06   1.9836426e+01
   1.7228520e+06   1.7578125e+01
   1.7228640e+06   1.9470215e+01
   1.7228830e+06   2.1545410e+01
   1.7229080e+06   2.0141602e+01
   1.7229600e+06   1.7944336e+01
   1.7230200e+06   2.7893066e+01
   1.7230840e+06   2.4169922e+01
   1.7231230e+06   2.2705078e+01
   1.7231810e+06   1.7700195e+01
   1.7232510e+06   1.7395020e+01
   1.7233290e+06   1.9409180e+01
   1.7234540e+06   2.0812988e+01
   1.7235950e+06   1.8310547e+01
   1.7236420e+06   1.9042969e+01
   1.7242120e+06   2.0629883e+01
   1.7335750e+06   2.9907227e+01
   1.7336460e+06   2.6794434e+01
   1.7336950e+06   2.3620605e+01
   1.7337180e+06   2.2705078e+01
   1.7337380e+06   2.7160645e+01
   1.7337680e+06   1.9714355e+01
   1.7338130e+06   1.7944336e+01
   1.7338350e+06   1.7700195e+01
   1.7338730e+06   1.8249512e+01
   1.7339190e+06   2.6550293e+01
   1.7339510e+06   1.9836426e+01
   1.7340120e+06   1.9042969e+01
   1.7340470e+06   2.0507813e+01
   1.7340670e+06   2.1545410e+01
   1.7341030e+06   1.9470215e+01
   1.7341690e+06   2.5268555e+01
   1.7342230e+06   1.7761230e+01
   1.7342970e+06   1.8493652e+01
   1.7344100e+06   1.7517090e+01
   1.7345270e+06   1.8188477e+01
   1.7345450e+06   2.2216797e+01
   1.7346790e+06   1.7517090e+01
   1.7348120e+06   1.7456055e+01
   1.7348320e+06   1.8066406e+01
   1.7448630e+06   2.0690918e+01
   1.7448900e+06   2.4902344e+01
   1.7449220e+06   2.5329590e+01
   1.7449410e+06   1.8371582e+01
   1.7449590e+06   2.7770996e+01
   1.7450060e+06   2.0629883e+01
   1.7450210e+06   2.3010254e+01
   1.7450790e+06   1.7883301e+01
   1.7451030e+06   1.8310547e+01
   1.7451480e+06   2.4291992e+01
   1.7451700e+06   2.6062012e+01
   1.7452040e+06   1.7700195e+01
   1.7452470e+06   2.5329590e+01
   1.7452600e+06   1.8920898e+01
   1.7452790e+06   1.8005371e+01
   1.7453190e+06   3.1066895e+01
   1.7453970e+06   1.8310547e+01
   1.7454830e+06   2.2827148e+01
   1.7456710e+06   1.7456055e+01
   1.7457820e+06   1.8127441e+01
   1.7458110e+06   1.7639160e+01
   1.7461190e+06   1.7822266e+01
   1.7462210e+06   1.9531250e+01
   1.7605320e+06   2.1423340e+01
   1.7605640e+06   2.3193359e+01
   1.7605930e+06   2.0629883e+01
   1.7606280e+06   2.4963379e+01
   1.7606830e+06   1.7517090e+01
   1.7606940e+06   1.7822266e+01
   1.7607140e+06   1.8127441e+01
   1.7607520e+06   2.8747559e+01
   1.7607680e+06   2.0629883e+01
   1.7608140e+06   2.0935059e+01
   1.7608500e+06   2.0690918e+01
   1.7608770e+06   2.0080566e+01
   1.7609490e+06   2.0690918e+01
   1.7611770e+06   2.1057129e+01
   1.7613030e+06   1.8798828e+01
   1.7616080e+06   1.8005371e+01
   1.7618030e+06   1.9042969e+01
   1.7618420e+06   1.7456055e+01
   1.7624240e+06   1.7456055e+01
   1.7829010e+06   1.7578125e+01
   1.7829170e+06   2.8137207e+01
   1.7829270e+06   2.3376465e+01
   1.7829630e+06   2.0751953e+01
   1.7829880e+06   2.6367188e+01
   1.7830530e+06   2.2155762e+01
   1.7830960e+06   3.5705566e+01
   1.7831250e+06   1.8371582e+01
   1.7831480e+06   1.9226074e+01
   1.7831600e+06   2.6794434e+01
   1.7831860e+06   1.7822266e+01
   1.7832130e+06   2.4719238e+01
   1.7832350e+06   2.2277832e+01
   1.7832630e+06   2.2888184e+01
   1.7833370e+06   2.0202637e+01
   1.7833850e+06   2.0568848e+01
   1.7834620e+06   2.2399902e+01
   1.7834750e+06   2.1118164e+01
   1.7835040e+06   1.7578125e+01
   1.7835270e+06   1.8798828e+01
   1.7839290e+06   1.7944336e+01
   1.7839600e+06   1.7395020e+01
   1.7839700e+06   1.7700195e+01
   1.7839970e+06   1.8432617e+01
   1.7841240e+06   1.8310547e+01
   1.7841450e+06   1.7517090e+01
   1.7842400e+06   1.7822266e+01
   1.7845380e+06   2.2033691e+01
   2.4383460e+06   1.8066406e+01
   2.4383640e+06   3.9123535e+01
   2.4383980e+06   2.8625488e+01
   2.4384430e+06   1.9226074e+01
   2.4384770e+06   2.4536133e+01
   2.4385020e+06   2.7221680e+01
   2.4385270e+06   2.5512695e+01
   2.4385410e+06   1.9897461e+01
   2.4385600e+06   2.7832031e+01
   2.4385700e+06   2.0507813e+01
   2.4386010e+06   2.2155762e+01
   2.4386440e+06   2.7099609e+01
   2.4386590e+06   1.8981934e+01
   2.4386740e+06   1.9653320e+01
   2.4386910e+06   2.3803711e+01
   2.4387280e+06   2.0996094e+01
   2.4387590e+06   2.0690918e+01
   2.4387870e+06   1.7456055e+01
   2.4388000e+06   1.8127441e+01
   2.4388260e+06   1.7578125e+01
   2.4388550e+06   1.9592285e+01
   2.4388940e+06   1.7761230e+01
   2.4389110e+06   2.5634766e+01
   2.4389670e+06   1.8188477e+01
   2.4390490e+06   1.9287109e+01
   2.4390970e+06   1.9775391e+01
   2.4392360e+06   1.8493652e+01
   2.4393310e+06   1.9348145e+01
   2.4395180e+06   1.9531250e+01
   2.4396130e+06   2.2094727e+01
   2.4397080e+06   1.9287109e+01
   2.4397270e+06   1.8310547e+01
   2.4397580e+06   1.7395020e+01
   2.4397940e+06   1.7395020e+01
   2.4398290e+06   2.3132324e+01
   2.4398470e+06   2.0080566e+01
   2.4399340e+06   1.7456055e+01
   2.4400080e+06   1.8127441e+01
   2.4400690e+06   2.3132324e+01
   2.4402410e+06   1.7395020e+01
   2.4402950e+06   1.8249512e+01
   2.4404360e+06   1.9226074e+01
   2.4415530e+06   1.8249512e+01
   2.6012410e+06   1.7517090e+01
   2.7713890e+06   2.1484375e+01
   2.7714210e+06   2.2460938e+01
   2.7714540e+06   2.4658203e+01
   2.7714980e+06   2.8442383e+01
   2.7715140e+06   2.6306152e+01
   2.7715410e+06   2.3681641e+01
   2.7715570e+06   2.0935059e+01
   2.7715670e+06   1.9775391e+01
   2.7715930e+06   1.8127441e+01
   2.7716610e+06   2.6489258e+01
   2.7716830e+06   1.9409180e+01
   2.7717600e+06   1.8554688e+01
   2.7718290e+06   1.8249512e+01
   2.7718430e+06   1.8432617e+01
   2.7719130e+06   2.0568848e+01
   2.7719600e+06   2.3803711e+01
   2.7720960e+06   1.8920898e+01
   2.7721250e+06   1.7578125e+01
   2.7721880e+06   1.8310547e+01
   2.7722020e+06   1.9653320e+01
   2.7723020e+06   1.7578125e+01
   2.7723730e+06   1.7700195e+01
   2.7724560e+06   2.0324707e+01
   2.7725920e+06   2.1118164e+01
   2.7727880e+06   1.8005371e+01
   2.7728270e+06   1.8249512e+01
   2.7728570e+06   2.1240234e+01
   2.7729040e+06   1.7700195e+01
   2.7729370e+06   2.0324707e+01
   2.7729990e+06   2.0263672e+01
   2.7730620e+06   1.8371582e+01
   2.7731280e+06   1.7822266e+01
   2.7733700e+06   1.8188477e+01
   2.7734120e+06   1.7456055e+01
   2.7739510e+06   1.8676758e+01
