   3.0000000e+06   0.0000000e+00
   1.9584200e+05   1.5686035e+01
   2.2892500e+05   1.5014648e+01
   2.2893500e+05   1.6052246e+01
   2.5280600e+05   1.6418457e+01
   2.6267200e+05   1.7333984e+01
   2.9354000e+05   1.5502930e+01
   3.0866900e+05   1.4953613e+01
   3.0989900e+05   1.5075684e+01
   9.3111100e+05   1.6845703e+01
   1.6118650e+06   1.6601562e+01
   1.6606260e+06   1.5441895e+01
   1.6893720e+06   1.8005371e+01
   1.6894330e+06   1.6357422e+01
   1.7084970e+06   1.5808105e+01
   1.7085750e+06   1.6052246e+01
   1.7831550e+06   1.5197754e+01
   2.4384820e+06   1.5869141e+01
   2.7715480e+06   1.7517090e+01
