   3.0000000e+06   0.0000000e+00
   1.3091300e+05   1.5014648e+01
   1.9583300e+05   1.4953613e+01
   1.9592500e+05   1.5319824e+01
   1.9709900e+05   1.5563965e+01
   2.2887800e+05   1.8493652e+01
   2.2891800e+05   1.6601562e+01
   2.2896300e+05   1.5197754e+01
   2.2905700e+05   1.6418457e+01
   2.2914300e+05   1.5258789e+01
   2.3024700e+05   1.6723633e+01
   2.3065400e+05   1.4526367e+01
   2.4259600e+05   1.6296387e+01
   2.4279400e+05   1.6784668e+01
   2.4285400e+05   1.6113281e+01
   2.4354200e+05   1.4526367e+01
   2.4405300e+05   1.8737793e+01
   2.5252600e+05   1.4892578e+01
   2.5279700e+05   1.5319824e+01
   2.5320400e+05   1.6052246e+01
   2.6252200e+05   1.9653320e+01
   2.6253200e+05   1.6174316e+01
   2.6260100e+05   1.5869141e+01
   2.6262700e+05   1.8432617e+01
   2.6267100e+05   1.9958496e+01
   2.6273800e+05   1.7883301e+01
   2.6297000e+05   1.4526367e+01
   2.6301700e+05   1.7700195e+01
   2.6369200e+05   1.5319824e+01
   2.6450200e+05   1.4770508e+01
   2.7273600e+05   1.4770508e+01
   2.7299400e+05   1.5747070e+01
   2.7307800e+05   1.4831543e+01
   2.7336500e+05   1.4465332e+01
   2.8073700e+05   1.4953613e+01
   2.8096100e+05   1.4892578e+01
   2.8105500e+05   1.5258789e+01
   2.8112200e+05   1.5014648e+01
   2.8119500e+05   1.4831543e+01
   2.8137900e+05   2.3071289e+01
   2.9342200e+05   1.9226074e+01
   2.9343700e+05   1.6418457e+01
   2.9351600e+05   1.7761230e+01
   2.9359400e+05   1.6052246e+01
   2.9381100e+05   1.5625000e+01
   2.9398900e+05   1.7150879e+01
   2.9447400e+05   1.4465332e+01
   3.0853800e+05   2.0935059e+01
   3.0863200e+05   1.5014648e+01
   3.0869300e+05   1.4953613e+01
   3.0875500e+05   1.4648438e+01
   3.0899500e+05   1.5625000e+01
   3.0925600e+05   1.5319824e+01
   3.0952100e+05   1.5747070e+01
   3.0990900e+05   1.5258789e+01
   3.1219200e+05   1.4648438e+01
   4.8949200e+05   1.5625000e+01
   7.4134900e+05   1.4770508e+01
   9.3102600e+05   1.9104004e+01
   9.3106800e+05   1.6357422e+01
   9.3120100e+05   1.4648438e+01
   1.1556720e+06   1.5014648e+01
   1.1556890e+06   1.8310547e+01
   1.1557290e+06   2.2094727e+01
   1.1557980e+06   1.6174316e+01
   1.1558500e+06   1.4892578e+01
   1.1571370e+06   1.4587402e+01
   1.1594260e+06   1.4709473e+01
   1.1846820e+06   1.4831543e+01
   1.2165380e+06   1.4465332e+01
   1.4606000e+06   1.4831543e+01
   1.4606320e+06   1.5502930e+01
   1.4606720e+06   1.5075684e+01
   1.4607280e+06   2.2705078e+01
   1.4608750e+06   1.4648438e+01
   1.4621120e+06   1.5441895e+01
   1.4629680e+06   1.4465332e+01
   1.6117870e+06   1.6174316e+01
   1.6118090e+06   2.2644043e+01
   1.6129830e+06   1.5014648e+01
   1.6605700e+06   2.1057129e+01
   1.6606040e+06   1.6845703e+01
   1.6606280e+06   1.5197754e+01
   1.6607400e+06   1.5075684e+01
   1.6607950e+06   1.4526367e+01
   1.6631490e+06   1.7028809e+01
   1.6893300e+06   1.9775391e+01
   1.6893630e+06   1.5991211e+01
   1.6893810e+06   1.6296387e+01
   1.6894280e+06   1.5136719e+01
   1.6894670e+06   1.4587402e+01
   1.7086090e+06   1.4953613e+01
   1.7086790e+06   1.6052246e+01
   1.7092950e+06   1.4709473e+01
   1.7226720e+06   1.5869141e+01
   1.7227020e+06   1.7272949e+01
   1.7227510e+06   1.5563965e+01
   1.7227780e+06   1.5197754e+01
   1.7227930e+06   1.4648438e+01
   1.7228830e+06   1.5686035e+01
   1.7340610e+06   1.6174316e+01
   1.7341920e+06   1.5258789e+01
   1.7344190e+06   1.6235352e+01
   1.7345190e+06   1.5808105e+01
   1.7348500e+06   1.6967773e+01
   1.7356170e+06   1.5502930e+01
   1.7451380e+06   1.4709473e+01
   1.7451650e+06   1.5136719e+01
   1.7452000e+06   1.6235352e+01
   1.7452160e+06   1.4526367e+01
   1.7453120e+06   1.8371582e+01
   1.7455850e+06   1.4587402e+01
   1.7457780e+06   1.5258789e+01
   1.7608750e+06   1.6235352e+01
   1.7609400e+06   1.5380859e+01
   1.7832400e+06   1.5930176e+01
   1.7832890e+06   1.7822266e+01
   1.7833540e+06   1.5686035e+01
   1.7834900e+06   1.4465332e+01
   1.7838160e+06   1.5258789e+01
   1.7840180e+06   1.5075684e+01
   1.7844170e+06   1.6174316e+01
   1.7847740e+06   1.5136719e+01
   2.3441040e+06   1.6174316e+01
   2.4384410e+06   1.7089844e+01
   2.4384940e+06   1.6845703e+01
   2.4386570e+06   1.5197754e+01
   2.4387300e+06   1.5136719e+01
   2.4427740e+06   1.4587402e+01
   2.4676370e+06   1.4526367e+01
   2.5487550e+06   1.4892578e+01
   2.7106710e+06   1.5258789e+01
   2.7714840e+06   1.5991211e+01
   2.7715050e+06   1.6235352e+01
   2.7715260e+06   1.4892578e+01
   2.7715480e+06   1.8981934e+01
   2.7716390e+06   1.5563965e+01
