   3.0000000e+06   0.0000000e+00
   1.9584300e+05   1.8188477e+01
   1.9585900e+05   1.7150879e+01
   1.9588700e+05   2.0263672e+01
   1.9591200e+05   1.7639160e+01
   1.9594100e+05   1.9958496e+01
   2.2893100e+05   1.7272949e+01
   2.2896000e+05   1.9531250e+01
   2.2898200e+05   1.9226074e+01
   2.2901500e+05   1.8371582e+01
   2.4280300e+05   2.0629883e+01
   2.4324400e+05   1.9897461e+01
   2.5278900e+05   1.7395020e+01
   2.6258900e+05   1.9287109e+01
   2.6270600e+05   1.7150879e+01
   2.6295300e+05   1.7272949e+01
   2.7282400e+05   1.8310547e+01
   2.8104200e+05   1.9042969e+01
   3.0863100e+05   1.7578125e+01
   3.0881800e+05   1.6967773e+01
   7.0829000e+05   1.7578125e+01
   9.3104300e+05   2.4414063e+01
   9.3108700e+05   2.3620605e+01
   9.3113100e+05   2.0996094e+01
   9.3117400e+05   1.7028809e+01
   9.3465000e+05   1.9226074e+01
   1.1556780e+06   1.7272949e+01
   1.1557330e+06   2.1362305e+01
   1.1557460e+06   2.0385742e+01
   1.1557780e+06   1.9104004e+01
   1.1558560e+06   1.8127441e+01
   1.3972560e+06   2.0324707e+01
   1.4541200e+06   1.8066406e+01
   1.4574520e+06   1.6967773e+01
   1.4606810e+06   1.8066406e+01
   1.4606980e+06   1.8310547e+01
   1.4607450e+06   1.8615723e+01
   1.4607660e+06   1.9165039e+01
   1.4608040e+06   1.7150879e+01
   1.4609660e+06   1.8371582e+01
   1.6118240e+06   1.8615723e+01
   1.6118620e+06   1.9409180e+01
   1.6118800e+06   1.7517090e+01
   1.6605790e+06   1.8188477e+01
   1.6606940e+06   1.7211914e+01
   1.6608640e+06   1.8066406e+01
   1.6893430e+06   2.1484375e+01
   1.6893700e+06   1.7639160e+01
   1.6894520e+06   2.2644043e+01
   1.7080960e+06   1.7150879e+01
   1.7086040e+06   1.8798828e+01
   1.7086580e+06   1.7211914e+01
   1.7086850e+06   1.9470215e+01
   1.7088340e+06   1.7456055e+01
   1.7227280e+06   1.8615723e+01
   1.7228300e+06   1.7700195e+01
   1.7228600e+06   2.0629883e+01
   1.7245150e+06   1.7333984e+01
   1.7339460e+06   1.9714355e+01
   1.7452730e+06   1.7089844e+01
   1.7453410e+06   1.8859863e+01
   1.7453830e+06   2.1789551e+01
   1.7455520e+06   1.7639160e+01
   1.7455960e+06   1.7150879e+01
   1.7458270e+06   1.8432617e+01
   1.7610180e+06   1.7395020e+01
   1.7611710e+06   1.6967773e+01
   1.7833150e+06   1.7150879e+01
   1.7833880e+06   2.1728516e+01
   1.7835700e+06   1.7211914e+01
   2.4385160e+06   3.0029297e+01
   2.4385560e+06   1.7700195e+01
   2.4386110e+06   1.8371582e+01
   2.7714230e+06   1.9104004e+01
   2.7714850e+06   2.2399902e+01
   2.7715170e+06   1.8737793e+01
   2.7715710e+06   1.7761230e+01
   2.7715920e+06   1.7089844e+01
   2.7716370e+06   1.8249512e+01
   2.7717810e+06   2.0080566e+01
