   3.0000000e+06   0.0000000e+00
   1.9577800e+05   2.0080566e+01
   1.9581000e+05   3.7780762e+01
   1.9584000e+05   3.1738281e+01
   1.9586700e+05   3.1799316e+01
   1.9587700e+05   3.2531738e+01
   1.9589000e+05   2.5268555e+01
   1.9590900e+05   2.9663086e+01
   1.9591900e+05   2.3681641e+01
   1.9595500e+05   2.0324707e+01
   1.9597600e+05   2.3437500e+01
   1.9600300e+05   4.8461914e+01
   1.9601900e+05   1.9714355e+01
   1.9604300e+05   3.3447266e+01
   1.9608000e+05   2.9724121e+01
   1.9610900e+05   2.2766113e+01
   1.9615100e+05   1.8737793e+01
   1.9618500e+05   2.4291992e+01
   1.9620900e+05   2.1667480e+01
   1.9653700e+05   1.8493652e+01
   1.9661800e+05   2.0080566e+01
   1.9669900e+05   1.9348145e+01
   1.9674400e+05   1.8005371e+01
   1.9678300e+05   2.1789551e+01
   1.9689000e+05   2.6245117e+01
   1.9698100e+05   2.0690918e+01
   1.9721900e+05   1.8615723e+01
   1.9795600e+05   2.0385742e+01
   1.9814200e+05   1.8554688e+01
   1.9870400e+05   1.9775391e+01
   1.9883100e+05   1.8066406e+01
   2.0137300e+05   1.9409180e+01
   2.2881900e+05   2.5451660e+01
   2.2883600e+05   1.8493652e+01
   2.2891600e+05   2.0935059e+01
   2.2893000e+05   4.4616699e+01
   2.2894400e+05   4.0771484e+01
   2.2897200e+05   2.9296875e+01
   2.2899200e+05   2.5146484e+01
   2.2900400e+05   4.0283203e+01
   2.2903000e+05   2.1423340e+01
   2.2904900e+05   4.6020508e+01
   2.2906900e+05   1.9714355e+01
   2.2908300e+05   2.8442383e+01
   2.2909600e+05   3.2653809e+01
   2.2910800e+05   2.0874023e+01
   2.2913000e+05   1.9775391e+01
   2.2914300e+05   2.4291992e+01
   2.2917300e+05   2.4047852e+01
   2.2920700e+05   2.6123047e+01
   2.2922000e+05   2.6245117e+01
   2.2924100e+05   2.8259277e+01
   2.2926900e+05   2.3498535e+01
   2.2930600e+05   2.0019531e+01
   2.2932300e+05   2.7343750e+01
   2.2935100e+05   2.5451660e+01
   2.2937900e+05   2.0568848e+01
   2.2940400e+05   2.0874023e+01
   2.2947100e+05   2.2399902e+01
   2.2948600e+05   2.0202637e+01
   2.2958800e+05   1.9409180e+01
   2.2963300e+05   2.0385742e+01
   2.2970200e+05   1.9775391e+01
   2.2977600e+05   1.8676758e+01
   2.2979400e+05   2.3742676e+01
   2.2981200e+05   1.9165039e+01
   2.2987100e+05   3.0944824e+01
   2.2989900e+05   1.8920898e+01
   2.3000500e+05   2.1606445e+01
   2.3002500e+05   1.8188477e+01
   2.3012000e+05   2.2583008e+01
   2.3014800e+05   2.0385742e+01
   2.3020800e+05   1.8798828e+01
   2.3024400e+05   1.9470215e+01
   2.3028700e+05   1.8432617e+01
   2.3031400e+05   1.9348145e+01
   2.3035700e+05   1.7883301e+01
   2.3045700e+05   2.6306152e+01
   2.3047600e+05   2.2521973e+01
   2.3054600e+05   2.2521973e+01
   2.3069600e+05   1.8432617e+01
   2.3073200e+05   1.8310547e+01
   2.3080000e+05   2.1423340e+01
   2.3090700e+05   2.0385742e+01
   2.3102600e+05   1.9470215e+01
   2.3127400e+05   1.8737793e+01
   2.3201200e+05   1.9714355e+01
   2.3291500e+05   1.9104004e+01
   2.4251200e+05   2.3925781e+01
   2.4254800e+05   2.0690918e+01
   2.4256600e+05   4.3701172e+01
   2.4261200e+05   2.0751953e+01
   2.4262400e+05   3.9184570e+01
   2.4265900e+05   3.8391113e+01
   2.4268000e+05   3.1250000e+01
   2.4270900e+05   2.0263672e+01
   2.4273700e+05   3.5827637e+01
   2.4276800e+05   2.3254395e+01
   2.4280900e+05   2.8198242e+01
   2.4283000e+05   2.2338867e+01
   2.4286400e+05   3.0395508e+01
   2.4288000e+05   2.6000977e+01
   2.4289200e+05   2.5573730e+01
   2.4292300e+05   2.0202637e+01
   2.4294000e+05   1.8920898e+01
   2.4297500e+05   3.6743164e+01
   2.4300300e+05   2.6245117e+01
   2.4302500e+05   1.8554688e+01
   2.4303700e+05   1.8737793e+01
   2.4306600e+05   2.0568848e+01
   2.4308100e+05   1.8066406e+01
   2.4309300e+05   2.0751953e+01
   2.4313700e+05   1.9470215e+01
   2.4318000e+05   2.1179199e+01
   2.4322100e+05   1.8432617e+01
   2.4325000e+05   2.0507812e+01
   2.4327300e+05   2.3864746e+01
   2.4356900e+05   1.8127441e+01
   2.4390200e+05   2.4475098e+01
   2.4403200e+05   2.1301270e+01
   2.4410800e+05   1.8188477e+01
   2.4412300e+05   2.2644043e+01
   2.4418300e+05   1.8981934e+01
   2.4426300e+05   1.8920898e+01
   2.4460600e+05   1.8798828e+01
   2.4640200e+05   1.8249512e+01
   2.5233700e+05   2.5451660e+01
   2.5249400e+05   4.4128418e+01
   2.5260000e+05   3.5522461e+01
   2.5262500e+05   3.8269043e+01
   2.5264900e+05   2.0812988e+01
   2.5269000e+05   2.2521973e+01
   2.5272600e+05   2.6855469e+01
   2.5275500e+05   2.3498535e+01
   2.5276600e+05   3.6987305e+01
   2.5279700e+05   2.6428223e+01
   2.5282400e+05   1.8371582e+01
   2.5287300e+05   3.4423828e+01
   2.5292300e+05   2.0141602e+01
   2.5294900e+05   2.0446777e+01
   2.5297600e+05   3.1311035e+01
   2.5298800e+05   2.8137207e+01
   2.5302900e+05   1.8005371e+01
   2.5304600e+05   2.2460938e+01
   2.5309200e+05   2.6367188e+01
   2.5316300e+05   1.9287109e+01
   2.5318300e+05   2.2338867e+01
   2.5324800e+05   1.8737793e+01
   2.5333100e+05   2.1545410e+01
   2.5342400e+05   2.0202637e+01
   2.5345800e+05   1.9531250e+01
   2.5363400e+05   1.9653320e+01
   2.5366900e+05   1.8493652e+01
   2.5373800e+05   1.8981934e+01
   2.5392900e+05   2.0385742e+01
   2.5466300e+05   1.8432617e+01
   2.6244400e+05   3.1494141e+01
   2.6252100e+05   3.1555176e+01
   2.6257400e+05   2.8137207e+01
   2.6259100e+05   2.0446777e+01
   2.6261300e+05   3.6987305e+01
   2.6265900e+05   2.5146484e+01
   2.6268900e+05   2.3254395e+01
   2.6272900e+05   3.1433105e+01
   2.6277300e+05   1.8493652e+01
   2.6281900e+05   1.9592285e+01
   2.6285300e+05   3.3813477e+01
   2.6287000e+05   3.0517578e+01
   2.6289300e+05   3.0578613e+01
   2.6292300e+05   2.1301270e+01
   2.6294600e+05   2.2338867e+01
   2.6296700e+05   2.5634766e+01
   2.6299300e+05   1.8127441e+01
   2.6301800e+05   4.0527344e+01
   2.6305000e+05   1.7883301e+01
   2.6307600e+05   1.8676758e+01
   2.6310800e+05   1.9470215e+01
   2.6316500e+05   2.2399902e+01
   2.6321000e+05   2.2399902e+01
   2.6324100e+05   1.8737793e+01
   2.6333300e+05   2.0202637e+01
   2.6335000e+05   1.8676758e+01
   2.6346100e+05   2.1484375e+01
   2.6349500e+05   2.3803711e+01
   2.6352800e+05   1.8432617e+01
   2.6358800e+05   2.1545410e+01
   2.6360100e+05   2.3864746e+01
   2.7228200e+05   2.7404785e+01
   2.7245900e+05   2.4353027e+01
   2.7248300e+05   2.2644043e+01
   2.7258500e+05   2.3742676e+01
   2.7266000e+05   3.1982422e+01
   2.7270300e+05   2.3864746e+01
   2.7273500e+05   2.8503418e+01
   2.7283200e+05   2.3803711e+01
   2.7284700e+05   1.8005371e+01
   2.7294100e+05   2.0812988e+01
   2.7295900e+05   1.9226074e+01
   2.7302300e+05   3.4545898e+01
   2.7305800e+05   2.0446777e+01
   2.7309000e+05   2.2705078e+01
   2.7322100e+05   3.3996582e+01
   2.7328200e+05   1.9042969e+01
   2.7329400e+05   2.0263672e+01
   2.7361900e+05   1.8371582e+01
   2.8067400e+05   2.8869629e+01
   2.8074200e+05   2.2644043e+01
   2.8078200e+05   3.1127930e+01
   2.8079300e+05   2.0263672e+01
   2.8082000e+05   3.2897949e+01
   2.8083200e+05   1.8493652e+01
   2.8086500e+05   3.2165527e+01
   2.8087500e+05   3.0212402e+01
   2.8090300e+05   3.1188965e+01
   2.8092000e+05   2.0080566e+01
   2.8094300e+05   1.9958496e+01
   2.8095300e+05   4.4189453e+01
   2.8097600e+05   2.2216797e+01
   2.8100900e+05   2.7099609e+01
   2.8102200e+05   2.9296875e+01
   2.8104700e+05   1.9287109e+01
   2.8107300e+05   2.7709961e+01
   2.8110100e+05   2.5939941e+01
   2.8113600e+05   2.0019531e+01
   2.8116000e+05   2.9907227e+01
   2.8117400e+05   2.3071289e+01
   2.8124900e+05   1.8310547e+01
   2.8126700e+05   2.5207520e+01
   2.8128900e+05   1.9836426e+01
   2.8135500e+05   2.4169922e+01
   2.8140600e+05   1.8676758e+01
   2.8144300e+05   2.5634766e+01
   2.8152600e+05   2.0935059e+01
   2.8160000e+05   1.9531250e+01
   2.8162800e+05   2.0324707e+01
   2.8172300e+05   1.8005371e+01
   2.8199400e+05   1.9348145e+01
   2.8210200e+05   1.9592285e+01
   2.8214000e+05   1.8066406e+01
   2.8234700e+05   1.8676758e+01
   2.8237200e+05   2.0751953e+01
   2.9337700e+05   2.7282715e+01
   2.9344300e+05   1.9592285e+01
   2.9350000e+05   2.8259277e+01
   2.9354700e+05   3.6621094e+01
   2.9359700e+05   3.6132812e+01
   2.9364000e+05   3.3020020e+01
   2.9368300e+05   2.2399902e+01
   2.9370200e+05   1.8981934e+01
   2.9372300e+05   2.1179199e+01
   2.9376000e+05   3.5583496e+01
   2.9378600e+05   2.6977539e+01
   2.9380700e+05   2.7526855e+01
   2.9383200e+05   3.0700684e+01
   2.9385300e+05   2.9541016e+01
   2.9388600e+05   2.2155762e+01
   2.9390700e+05   3.6010742e+01
   2.9396900e+05   2.2644043e+01
   2.9400800e+05   3.2165527e+01
   2.9403000e+05   2.2277832e+01
   2.9407700e+05   2.4475098e+01
   2.9413300e+05   3.4057617e+01
   2.9418200e+05   2.2399902e+01
   2.9420000e+05   2.1911621e+01
   2.9424100e+05   1.8981934e+01
   2.9430300e+05   2.4963379e+01
   2.9447000e+05   2.1850586e+01
   2.9465900e+05   1.8127441e+01
   2.9477900e+05   1.8371582e+01
   2.9573500e+05   1.8066406e+01
   3.0840500e+05   4.2968750e+01
   3.0844900e+05   3.5583496e+01
   3.0847200e+05   2.0080566e+01
   3.0850100e+05   2.3681641e+01
   3.0851900e+05   2.4597168e+01
   3.0855000e+05   2.3803711e+01
   3.0858200e+05   2.9357910e+01
   3.0859300e+05   3.2287598e+01
   3.0862600e+05   2.0324707e+01
   3.0866200e+05   3.3081055e+01
   3.0867300e+05   3.5888672e+01
   3.0871800e+05   4.0527344e+01
   3.0874600e+05   2.4780273e+01
   3.0878300e+05   1.9409180e+01
   3.0882200e+05   3.0944824e+01
   3.0885200e+05   1.7883301e+01
   3.0888300e+05   2.4291992e+01
   3.0894400e+05   1.8066406e+01
   3.0901000e+05   2.8320312e+01
   3.0902700e+05   1.8493652e+01
   3.0906200e+05   2.1484375e+01
   3.0907400e+05   2.4108887e+01
   3.0911300e+05   2.4597168e+01
   3.0914800e+05   2.6123047e+01
   3.0921000e+05   1.8066406e+01
   3.0929600e+05   2.4230957e+01
   3.0938900e+05   2.6855469e+01
   3.0940700e+05   1.8005371e+01
   3.0947100e+05   2.0263672e+01
   3.0953100e+05   2.0385742e+01
   3.0963400e+05   1.8188477e+01
   3.0985200e+05   1.9165039e+01
   3.0995200e+05   1.8493652e+01
   3.1027400e+05   1.9958496e+01
   3.5135300e+05   1.8737793e+01
   9.3074200e+05   1.9653320e+01
   9.3080600e+05   1.9104004e+01
   9.3083000e+05   2.4414062e+01
   9.3085300e+05   2.9235840e+01
   9.3089700e+05   3.4301758e+01
   9.3092900e+05   3.7414551e+01
   9.3094300e+05   3.9123535e+01
   9.3096700e+05   2.5329590e+01
   9.3100600e+05   1.8981934e+01
   9.3102600e+05   3.0578613e+01
   9.3104900e+05   2.0202637e+01
   9.3107000e+05   3.4973145e+01
   9.3109000e+05   2.9235840e+01
   9.3111500e+05   2.0935059e+01
   9.3112800e+05   2.3071289e+01
   9.3115400e+05   1.8493652e+01
   9.3116500e+05   2.3315430e+01
   9.3118900e+05   4.7241211e+01
   9.3120900e+05   2.3620605e+01
   9.3123800e+05   3.2470703e+01
   9.3125000e+05   2.4902344e+01
   9.3128600e+05   2.5695801e+01
   9.3129900e+05   1.8371582e+01
   9.3140900e+05   2.1179199e+01
   9.3150800e+05   2.0690918e+01
   9.3177900e+05   1.9897461e+01
   9.3284800e+05   2.2094727e+01
   9.3296500e+05   2.2338867e+01
   9.3305800e+05   2.4597168e+01
   9.3325700e+05   1.9897461e+01
   9.3331300e+05   1.8432617e+01
   9.3358300e+05   2.1606445e+01
   1.0352620e+06   1.8920898e+01
   1.1556480e+06   2.3742676e+01
   1.1556710e+06   2.3681641e+01
   1.1557240e+06   3.1372070e+01
   1.1557570e+06   3.5278320e+01
   1.1557690e+06   2.3742676e+01
   1.1557970e+06   5.4016113e+01
   1.1558140e+06   2.1423340e+01
   1.1558510e+06   2.7282715e+01
   1.1558620e+06   3.7231445e+01
   1.1559050e+06   3.4729004e+01
   1.1559380e+06   2.7282715e+01
   1.1559620e+06   2.5878906e+01
   1.1559860e+06   3.6865234e+01
   1.1560200e+06   3.3264160e+01
   1.1560570e+06   1.8310547e+01
   1.1560930e+06   2.0874023e+01
   1.1561740e+06   2.3193359e+01
   1.1566560e+06   2.0446777e+01
   1.1567070e+06   1.8127441e+01
   1.1567950e+06   1.8188477e+01
   1.1568820e+06   2.1240234e+01
   1.1569470e+06   2.1972656e+01
   1.1570630e+06   2.2766113e+01
   1.1571390e+06   1.9897461e+01
   1.1572430e+06   1.7883301e+01
   1.1572840e+06   1.8371582e+01
   1.1573550e+06   2.0141602e+01
   1.1574730e+06   1.9897461e+01
   1.1574850e+06   2.4719238e+01
   1.1575510e+06   1.9104004e+01
   1.1575940e+06   2.0812988e+01
   1.1576880e+06   1.8981934e+01
   1.1577880e+06   2.2094727e+01
   1.1578050e+06   1.9409180e+01
   1.1578730e+06   1.7944336e+01
   1.1581820e+06   1.9958496e+01
   1.1582050e+06   1.9409180e+01
   1.1583310e+06   1.8188477e+01
   1.1882110e+06   1.9165039e+01
   1.1949870e+06   1.8310547e+01
   1.4605460e+06   1.7944336e+01
   1.4605750e+06   3.0883789e+01
   1.4605950e+06   1.9348145e+01
   1.4606260e+06   3.3630371e+01
   1.4606580e+06   3.6132812e+01
   1.4606890e+06   2.6428223e+01
   1.4607000e+06   2.3376465e+01
   1.4607280e+06   2.2949219e+01
   1.4607470e+06   3.4179688e+01
   1.4607770e+06   3.9062500e+01
   1.4607890e+06   1.9775391e+01
   1.4608220e+06   3.8269043e+01
   1.4608340e+06   1.9897461e+01
   1.4608600e+06   2.2583008e+01
   1.4608730e+06   2.5024414e+01
   1.4608990e+06   2.1728516e+01
   1.4609130e+06   2.0202637e+01
   1.4609680e+06   2.0202637e+01
   1.4610510e+06   2.4230957e+01
   1.4611360e+06   1.9287109e+01
   1.4611910e+06   1.8310547e+01
   1.4612590e+06   1.9042969e+01
   1.4615450e+06   2.2521973e+01
   1.4616410e+06   1.9287109e+01
   1.4617560e+06   2.1850586e+01
   1.4618270e+06   3.3508301e+01
   1.4619620e+06   2.2827148e+01
   1.4620320e+06   2.2338867e+01
   1.4620790e+06   2.0141602e+01
   1.4622230e+06   1.9714355e+01
   1.4623710e+06   1.9897461e+01
   1.4625500e+06   2.7038574e+01
   1.4626610e+06   1.9897461e+01
   1.4628890e+06   2.6550293e+01
   1.6117200e+06   3.9367676e+01
   1.6117750e+06   2.1240234e+01
   1.6118180e+06   4.3823242e+01
   1.6118330e+06   1.9775391e+01
   1.6118630e+06   4.4067383e+01
   1.6118890e+06   2.9846191e+01
   1.6119180e+06   3.4667969e+01
   1.6119360e+06   4.0832520e+01
   1.6119740e+06   3.0456543e+01
   1.6119940e+06   1.9409180e+01
   1.6120090e+06   2.7282715e+01
   1.6120310e+06   2.7526855e+01
   1.6120640e+06   2.5329590e+01
   1.6120930e+06   2.5817871e+01
   1.6121030e+06   3.2897949e+01
   1.6121340e+06   1.8005371e+01
   1.6122020e+06   1.9836426e+01
   1.6122420e+06   1.9531250e+01
   1.6123040e+06   2.9113770e+01
   1.6123380e+06   1.8066406e+01
   1.6123670e+06   1.8920898e+01
   1.6124700e+06   1.8615723e+01
   1.6126410e+06   2.0996094e+01
   1.6127270e+06   2.2583008e+01
   1.6128320e+06   2.3498535e+01
   1.6129010e+06   2.0996094e+01
   1.6129480e+06   1.8310547e+01
   1.6129840e+06   2.0263672e+01
   1.6129980e+06   2.0812988e+01
   1.6130550e+06   2.0202637e+01
   1.6131280e+06   2.0996094e+01
   1.6131400e+06   2.3254395e+01
   1.6131870e+06   2.0202637e+01
   1.6133710e+06   2.1301270e+01
   1.6135070e+06   3.1311035e+01
   1.6136960e+06   1.7944336e+01
   1.6137690e+06   1.9958496e+01
   1.6138600e+06   1.8188477e+01
   1.6142140e+06   1.8981934e+01
   1.6146000e+06   1.9348145e+01
   1.6347070e+06   1.8066406e+01
   1.6605260e+06   3.2287598e+01
   1.6605610e+06   1.9653320e+01
   1.6605860e+06   4.1687012e+01
   1.6606070e+06   3.0029297e+01
   1.6606350e+06   5.2490234e+01
   1.6606640e+06   2.8320313e+01
   1.6606930e+06   2.6672363e+01
   1.6607230e+06   2.6489258e+01
   1.6607350e+06   3.6987305e+01
   1.6607730e+06   3.6010742e+01
   1.6607840e+06   2.1972656e+01
   1.6608210e+06   2.9724121e+01
   1.6608380e+06   2.1850586e+01
   1.6608630e+06   2.5451660e+01
   1.6608800e+06   2.4719238e+01
   1.6609030e+06   2.4658203e+01
   1.6609200e+06   1.8188477e+01
   1.6609660e+06   2.7954102e+01
   1.6609940e+06   1.9226074e+01
   1.6610160e+06   2.3193359e+01
   1.6612070e+06   3.2470703e+01
   1.6614020e+06   2.2033691e+01
   1.6616340e+06   3.1799316e+01
   1.6616490e+06   2.2521973e+01
   1.6617170e+06   2.0507812e+01
   1.6617720e+06   3.0761719e+01
   1.6619370e+06   2.4780273e+01
   1.6619530e+06   2.4719238e+01
   1.6620300e+06   1.9409180e+01
   1.6621000e+06   1.9104004e+01
   1.6621530e+06   1.9653320e+01
   1.6622050e+06   2.7954102e+01
   1.6622410e+06   2.2033691e+01
   1.6623050e+06   1.8859863e+01
   1.6623270e+06   1.9226074e+01
   1.6625050e+06   1.9531250e+01
   1.6625970e+06   2.3071289e+01
   1.6626800e+06   1.7883301e+01
   1.6629380e+06   2.1179199e+01
   1.6881680e+06   1.8493652e+01
   1.6892780e+06   3.5217285e+01
   1.6893200e+06   2.6550293e+01
   1.6893340e+06   2.1789551e+01
   1.6893520e+06   2.2949219e+01
   1.6893630e+06   3.4057617e+01
   1.6893860e+06   3.2104492e+01
   1.6894110e+06   3.4057617e+01
   1.6894250e+06   4.1748047e+01
   1.6894460e+06   2.1850586e+01
   1.6894640e+06   3.2409668e+01
   1.6894780e+06   2.3010254e+01
   1.6895090e+06   2.8808594e+01
   1.6895420e+06   2.6184082e+01
   1.6895640e+06   2.4902344e+01
   1.6895890e+06   2.8259277e+01
   1.6896110e+06   2.2766113e+01
   1.6896360e+06   1.8615723e+01
   1.6896690e+06   2.5085449e+01
   1.6897160e+06   2.1118164e+01
   1.6897570e+06   2.1240234e+01
   1.6898720e+06   2.7770996e+01
   1.6899710e+06   1.8615723e+01
   1.6900920e+06   2.6000977e+01
   1.6901700e+06   2.8747559e+01
   1.6902540e+06   1.9653320e+01
   1.6903170e+06   1.8310547e+01
   1.6903720e+06   2.1362305e+01
   1.6904250e+06   2.0690918e+01
   1.6905160e+06   2.3559570e+01
   1.6905960e+06   1.9958496e+01
   1.6906190e+06   2.2949219e+01
   1.6910240e+06   1.9348145e+01
   1.6912380e+06   2.1240234e+01
   1.6913570e+06   1.8066406e+01
   1.7085300e+06   3.3264160e+01
   1.7086020e+06   2.9052734e+01
   1.7086140e+06   2.7587891e+01
   1.7086290e+06   5.2307129e+01
   1.7086450e+06   1.8249512e+01
   1.7086580e+06   4.8461914e+01
   1.7086960e+06   3.1494141e+01
   1.7087190e+06   2.3681641e+01
   1.7087520e+06   4.9865723e+01
   1.7087620e+06   2.7587891e+01
   1.7087990e+06   3.2043457e+01
   1.7088110e+06   2.4169922e+01
   1.7088420e+06   2.9968262e+01
   1.7088530e+06   1.8859863e+01
   1.7088850e+06   2.1301270e+01
   1.7089020e+06   2.3315430e+01
   1.7089180e+06   2.1179199e+01
   1.7089430e+06   1.8127441e+01
   1.7089710e+06   2.8808594e+01
   1.7089910e+06   2.4414063e+01
   1.7090300e+06   2.4475098e+01
   1.7090470e+06   2.0202637e+01
   1.7090940e+06   2.0202637e+01
   1.7091040e+06   2.1118164e+01
   1.7091570e+06   1.8249512e+01
   1.7091920e+06   2.7770996e+01
   1.7092820e+06   1.9226074e+01
   1.7095010e+06   1.8310547e+01
   1.7096000e+06   1.8249512e+01
   1.7097330e+06   2.0568848e+01
   1.7097640e+06   2.4536133e+01
   1.7097940e+06   1.8066406e+01
   1.7098290e+06   1.9958496e+01
   1.7099010e+06   2.5146484e+01
   1.7099110e+06   2.2338867e+01
   1.7099970e+06   2.0385742e+01
   1.7108220e+06   1.8005371e+01
   1.7226330e+06   2.6916504e+01
   1.7226610e+06   2.5756836e+01
   1.7226900e+06   4.7180176e+01
   1.7227140e+06   2.6672363e+01
   1.7227290e+06   4.5593262e+01
   1.7227460e+06   3.1799316e+01
   1.7227940e+06   3.8391113e+01
   1.7228290e+06   2.3437500e+01
   1.7228560e+06   3.5278320e+01
   1.7228720e+06   3.3630371e+01
   1.7229130e+06   3.0822754e+01
   1.7229430e+06   2.1240234e+01
   1.7229780e+06   3.3081055e+01
   1.7230080e+06   2.0690918e+01
   1.7230260e+06   2.7587891e+01
   1.7230540e+06   2.4597168e+01
   1.7230690e+06   2.2827148e+01
   1.7231140e+06   4.2419434e+01
   1.7231600e+06   2.0202637e+01
   1.7231890e+06   2.4841309e+01
   1.7232280e+06   1.9104004e+01
   1.7232460e+06   2.1179199e+01
   1.7232670e+06   2.0996094e+01
   1.7233360e+06   1.9226074e+01
   1.7233460e+06   2.2827148e+01
   1.7234090e+06   2.9235840e+01
   1.7234440e+06   2.1057129e+01
   1.7235230e+06   2.5024414e+01
   1.7236530e+06   2.5634766e+01
   1.7236830e+06   1.9287109e+01
   1.7237000e+06   2.2766113e+01
   1.7237720e+06   2.2583008e+01
   1.7245520e+06   1.9653320e+01
   1.7246510e+06   1.9775391e+01
   1.7338290e+06   3.2775879e+01
   1.7338680e+06   3.7658691e+01
   1.7339080e+06   2.3803711e+01
   1.7339360e+06   3.5034180e+01
   1.7339790e+06   3.8024902e+01
   1.7340070e+06   2.6550293e+01
   1.7340320e+06   2.8320312e+01
   1.7340580e+06   3.1433105e+01
   1.7340730e+06   2.0812988e+01
   1.7341100e+06   1.8371582e+01
   1.7341300e+06   3.3020020e+01
   1.7341480e+06   2.2338867e+01
   1.7341810e+06   2.3559570e+01
   1.7342100e+06   3.3874512e+01
   1.7342400e+06   2.2216797e+01
   1.7342550e+06   2.1423340e+01
   1.7342930e+06   3.5034180e+01
   1.7343210e+06   3.0700684e+01
   1.7343470e+06   1.8005371e+01
   1.7343670e+06   2.6916504e+01
   1.7343960e+06   2.3376465e+01
   1.7344090e+06   2.0874023e+01
   1.7344820e+06   2.0202637e+01
   1.7345060e+06   2.1911621e+01
   1.7345230e+06   2.8503418e+01
   1.7345540e+06   2.1484375e+01
   1.7345670e+06   1.8432617e+01
   1.7346070e+06   2.1240234e+01
   1.7346350e+06   2.4841309e+01
   1.7349520e+06   2.3010254e+01
   1.7352090e+06   1.8676758e+01
   1.7357410e+06   1.8676758e+01
   1.7450730e+06   3.0151367e+01
   1.7451340e+06   4.1015625e+01
   1.7451480e+06   2.0446777e+01
   1.7451760e+06   3.9367676e+01
   1.7452070e+06   2.3193359e+01
   1.7452290e+06   2.4719238e+01
   1.7452580e+06   4.8522949e+01
   1.7452750e+06   2.1667480e+01
   1.7453220e+06   2.8137207e+01
   1.7453390e+06   3.3386230e+01
   1.7453640e+06   2.9846191e+01
   1.7453960e+06   3.4606934e+01
   1.7454110e+06   3.2897949e+01
   1.7454370e+06   2.1545410e+01
   1.7454680e+06   4.6142578e+01
   1.7454790e+06   1.8615723e+01
   1.7455150e+06   2.3376465e+01
   1.7455500e+06   1.9042969e+01
   1.7455740e+06   3.5034180e+01
   1.7456070e+06   2.1423340e+01
   1.7456400e+06   1.8676758e+01
   1.7456650e+06   3.0395508e+01
   1.7456870e+06   2.2399902e+01
   1.7457130e+06   1.8432617e+01
   1.7457320e+06   1.9104004e+01
   1.7457460e+06   2.9602051e+01
   1.7457880e+06   1.8676758e+01
   1.7458090e+06   1.9226074e+01
   1.7458760e+06   2.1240234e+01
   1.7458890e+06   2.8442383e+01
   1.7459200e+06   1.8432617e+01
   1.7459440e+06   2.1118164e+01
   1.7459620e+06   2.3071289e+01
   1.7460160e+06   1.8676758e+01
   1.7460500e+06   2.1240234e+01
   1.7460780e+06   2.1240234e+01
   1.7461560e+06   1.9042969e+01
   1.7462390e+06   1.8005371e+01
   1.7463590e+06   1.8676758e+01
   1.7476540e+06   1.8310547e+01
   1.7607720e+06   3.3325195e+01
   1.7608100e+06   4.5410156e+01
   1.7608240e+06   2.1789551e+01
   1.7608420e+06   1.8432617e+01
   1.7608700e+06   2.9724121e+01
   1.7609020e+06   1.8981934e+01
   1.7609150e+06   2.5817871e+01
   1.7609410e+06   3.7841797e+01
   1.7609570e+06   3.5400391e+01
   1.7609720e+06   2.8503418e+01
   1.7610010e+06   1.9714355e+01
   1.7610320e+06   2.9602051e+01
   1.7610520e+06   4.0954590e+01
   1.7610660e+06   2.6367188e+01
   1.7610940e+06   2.5451660e+01
   1.7611100e+06   2.6855469e+01
   1.7611330e+06   1.8798828e+01
   1.7611570e+06   1.9836426e+01
   1.7611790e+06   1.9348145e+01
   1.7612290e+06   2.4291992e+01
   1.7612420e+06   2.7954102e+01
   1.7612830e+06   2.5817871e+01
   1.7613070e+06   2.1728516e+01
   1.7613250e+06   1.9348145e+01
   1.7613600e+06   2.0812988e+01
   1.7613910e+06   2.9663086e+01
   1.7614640e+06   1.8615723e+01
   1.7614800e+06   3.0578613e+01
   1.7615020e+06   2.3925781e+01
   1.7615330e+06   2.3803711e+01
   1.7615450e+06   2.4291992e+01
   1.7616000e+06   1.9287109e+01
   1.7616430e+06   2.6611328e+01
   1.7616620e+06   2.1301270e+01
   1.7617500e+06   2.2827148e+01
   1.7617810e+06   1.9226074e+01
   1.7632090e+06   1.7944336e+01
   1.7831200e+06   3.7414551e+01
   1.7831750e+06   4.1931152e+01
   1.7832020e+06   3.1921387e+01
   1.7832160e+06   2.6000977e+01
   1.7832570e+06   4.4738770e+01
   1.7832800e+06   1.8859863e+01
   1.7833020e+06   1.8737793e+01
   1.7833160e+06   1.8188477e+01
   1.7833370e+06   1.9714355e+01
   1.7833510e+06   2.2338867e+01
   1.7833620e+06   4.3457031e+01
   1.7833820e+06   3.4545898e+01
   1.7834280e+06   2.9968262e+01
   1.7834560e+06   4.6203613e+01
   1.7834810e+06   3.1738281e+01
   1.7835200e+06   2.8564453e+01
   1.7835530e+06   2.4108887e+01
   1.7835840e+06   3.5339355e+01
   1.7835960e+06   1.8493652e+01
   1.7836190e+06   2.0690918e+01
   1.7836530e+06   2.4780273e+01
   1.7836690e+06   2.5878906e+01
   1.7837300e+06   2.2338867e+01
   1.7838010e+06   3.2287598e+01
   1.7838520e+06   2.0874023e+01
   1.7838650e+06   1.7883301e+01
   1.7839300e+06   2.9113770e+01
   1.7839720e+06   2.6000977e+01
   1.7840060e+06   2.3681641e+01
   1.7840770e+06   2.4963379e+01
   1.7842090e+06   2.5512695e+01
   1.7843260e+06   1.8310547e+01
   1.7843950e+06   1.8066406e+01
   1.7844640e+06   2.6733398e+01
   1.7846930e+06   1.7944336e+01
   1.7863350e+06   1.8432617e+01
   2.3685310e+06   1.8737793e+01
   2.4383190e+06   2.3986816e+01
   2.4384040e+06   2.6733398e+01
   2.4384250e+06   3.5034180e+01
   2.4384450e+06   2.0080566e+01
   2.4384800e+06   1.8676758e+01
   2.4385090e+06   3.1250000e+01
   2.4385250e+06   2.6245117e+01
   2.4385530e+06   3.3325195e+01
   2.4385760e+06   2.8991699e+01
   2.4385930e+06   2.5268555e+01
   2.4386130e+06   1.8127441e+01
   2.4386300e+06   2.5939941e+01
   2.4386510e+06   4.5349121e+01
   2.4386650e+06   3.0090332e+01
   2.4386940e+06   4.0710449e+01
   2.4387240e+06   1.8676758e+01
   2.4387510e+06   2.0019531e+01
   2.4387730e+06   3.8452148e+01
   2.4387960e+06   1.9531250e+01
   2.4388320e+06   1.8798828e+01
   2.4388650e+06   3.3081055e+01
   2.4388770e+06   2.3315430e+01
   2.4389390e+06   1.8066406e+01
   2.4389740e+06   2.0751953e+01
   2.4390030e+06   1.8859863e+01
   2.4393620e+06   1.8737793e+01
   2.4393730e+06   1.8981934e+01
   2.4394330e+06   1.8615723e+01
   2.4394620e+06   1.9592285e+01
   2.4395060e+06   2.2460938e+01
   2.4395350e+06   1.8371582e+01
   2.4396160e+06   2.1057129e+01
   2.4397310e+06   2.0568848e+01
   2.4397490e+06   1.8432617e+01
   2.4398730e+06   2.2094727e+01
   2.4399920e+06   1.8310547e+01
   2.4400170e+06   1.8493652e+01
   2.4400680e+06   2.9296875e+01
   2.4401530e+06   2.3132324e+01
   2.4404340e+06   1.8005371e+01
   2.4404490e+06   1.9897461e+01
   2.4406260e+06   2.1484375e+01
   2.4409600e+06   1.8310547e+01
   2.4412270e+06   1.8005371e+01
   2.4940750e+06   1.8066406e+01
   2.5622630e+06   1.8310547e+01
   2.7713250e+06   2.3864746e+01
   2.7713520e+06   1.8005371e+01
   2.7713670e+06   3.0883789e+01
   2.7713980e+06   5.0476074e+01
   2.7714400e+06   3.6804199e+01
   2.7714510e+06   3.3508301e+01
   2.7714740e+06   5.1452637e+01
   2.7715060e+06   4.1748047e+01
   2.7715230e+06   2.3559570e+01
   2.7715420e+06   1.9348145e+01
   2.7715770e+06   4.1564941e+01
   2.7715930e+06   2.0385742e+01
   2.7716190e+06   2.2521973e+01
   2.7716290e+06   4.4372559e+01
   2.7716730e+06   2.7770996e+01
   2.7716960e+06   2.1484375e+01
   2.7717390e+06   1.8127441e+01
   2.7717930e+06   2.5634766e+01
   2.7718270e+06   2.0812988e+01
   2.7720140e+06   1.8066406e+01
   2.7722510e+06   2.0568848e+01
   2.7724120e+06   2.6123047e+01
   2.7724810e+06   1.9836426e+01
   2.7725550e+06   2.0141602e+01
   2.7726100e+06   1.8310547e+01
   2.7726680e+06   2.1728516e+01
   2.7727310e+06   2.1850586e+01
   2.7728310e+06   1.9958496e+01
   2.7728680e+06   1.9531250e+01
   2.7729820e+06   2.1057129e+01
   2.7730440e+06   2.0874023e+01
   2.7730830e+06   2.5024414e+01
   2.7731370e+06   1.8432617e+01
   2.7732990e+06   1.8737793e+01
   2.7733190e+06   1.8371582e+01
   2.7733890e+06   2.5024414e+01
   2.7734470e+06   1.9104004e+01
   2.7734930e+06   2.6611328e+01
   2.7735300e+06   2.0385742e+01
   2.7736330e+06   2.9968262e+01
   2.7737740e+06   1.8432617e+01
   2.7753050e+06   1.7944336e+01
