   3.0000000e+06   0.0000000e+00
   1.9557200e+05   2.3803711e+01
   1.9561300e+05   2.9052734e+01
   1.9562700e+05   2.0629883e+01
   1.9564300e+05   1.9653320e+01
   1.9567800e+05   1.8615723e+01
   1.9570100e+05   1.9531250e+01
   1.9575500e+05   1.8798828e+01
   1.9578400e+05   1.8249512e+01
   1.9580000e+05   2.2644043e+01
   1.9583200e+05   1.9714355e+01
   1.9584300e+05   1.5502930e+01
   1.9589500e+05   1.6113281e+01
   1.9591700e+05   1.5930176e+01
   1.9599200e+05   1.4831543e+01
   1.9668100e+05   1.5930176e+01
   1.9678400e+05   2.1118164e+01
   1.9684500e+05   1.5380859e+01
   1.9688300e+05   1.5808105e+01
   1.9691600e+05   1.5747070e+01
   1.9702700e+05   1.9958496e+01
   1.9710400e+05   1.7822266e+01
   1.9713500e+05   1.4953613e+01
   1.9717800e+05   1.8310547e+01
   1.9720400e+05   1.6906738e+01
   1.9727000e+05   1.6174316e+01
   1.9732400e+05   1.5625000e+01
   1.9738000e+05   1.7089844e+01
   1.9739000e+05   1.8066406e+01
   1.9745900e+05   1.5380859e+01
   1.9747800e+05   1.6601562e+01
   1.9751100e+05   1.8432617e+01
   1.9754700e+05   1.7150879e+01
   1.9764300e+05   1.7150879e+01
   1.9770800e+05   1.5563965e+01
   1.9771900e+05   1.5380859e+01
   1.9784500e+05   1.7944336e+01
   1.9786700e+05   1.7028809e+01
   1.9803400e+05   1.9226074e+01
   1.9819100e+05   1.5869141e+01
   1.9843600e+05   1.7456055e+01
   2.2868800e+05   2.3498535e+01
   2.2877700e+05   1.8676758e+01
   2.2878800e+05   1.7517090e+01
   2.2883000e+05   1.9104004e+01
   2.2885700e+05   2.2277832e+01
   2.2889200e+05   1.5563965e+01
   2.2892200e+05   1.5136719e+01
   2.2894300e+05   2.0507812e+01
   2.2933300e+05   1.6296387e+01
   2.2968000e+05   1.6784668e+01
   2.2975300e+05   1.5441895e+01
   2.2977100e+05   1.5930176e+01
   2.2983400e+05   1.5075684e+01
   2.2997400e+05   1.5319824e+01
   2.3006400e+05   2.9785156e+01
   2.3015900e+05   1.7761230e+01
   2.3024400e+05   1.5441895e+01
   2.3035500e+05   1.9348145e+01
   2.3041100e+05   2.2460938e+01
   2.3049700e+05   1.5502930e+01
   2.3060400e+05   2.0263672e+01
   2.3068800e+05   1.9653320e+01
   2.3078700e+05   1.5136719e+01
   2.3085400e+05   2.2460938e+01
   2.3098900e+05   1.9470215e+01
   2.3109800e+05   1.9775391e+01
   2.3112000e+05   1.5258789e+01
   2.4247300e+05   2.2766113e+01
   2.4256200e+05   2.8747559e+01
   2.4257600e+05   2.3193359e+01
   2.4260900e+05   1.9348145e+01
   2.4263100e+05   1.5441895e+01
   2.4266800e+05   1.8981934e+01
   2.4268700e+05   1.5563965e+01
   2.4272000e+05   1.7761230e+01
   2.4274800e+05   1.4831543e+01
   2.4277300e+05   1.9958496e+01
   2.4280400e+05   1.8920898e+01
   2.4286400e+05   2.0751953e+01
   2.4291600e+05   1.8920898e+01
   2.4303300e+05   1.6784668e+01
   2.4315700e+05   1.6357422e+01
   2.4322700e+05   1.6296387e+01
   2.4329500e+05   1.5319824e+01
   2.4336500e+05   1.9958496e+01
   2.4343500e+05   1.8127441e+01
   2.4353700e+05   1.6723633e+01
   2.4358400e+05   1.4831543e+01
   2.4362300e+05   1.9409180e+01
   2.4369800e+05   1.5991211e+01
   2.4380200e+05   1.7211914e+01
   2.4386100e+05   2.4108887e+01
   2.4392800e+05   1.5869141e+01
   2.4399800e+05   1.5686035e+01
   2.4406800e+05   1.6418457e+01
   2.4415600e+05   1.7517090e+01
   2.4417400e+05   1.8005371e+01
   2.4424300e+05   1.6845703e+01
   2.4436800e+05   1.5258789e+01
   2.4458500e+05   2.5085449e+01
   2.4475900e+05   2.0385742e+01
   2.4577800e+05   2.1545410e+01
   2.5229000e+05   2.8747559e+01
   2.5239700e+05   2.7282715e+01
   2.5243000e+05   2.4536133e+01
   2.5248500e+05   3.1738281e+01
   2.5251300e+05   1.7822266e+01
   2.5255000e+05   2.0141602e+01
   2.5257600e+05   1.8920898e+01
   2.5260800e+05   1.9348145e+01
   2.5265500e+05   2.9602051e+01
   2.5270700e+05   1.9226074e+01
   2.5271800e+05   2.1606445e+01
   2.5279000e+05   1.5136719e+01
   2.5286200e+05   2.5878906e+01
   2.5294100e+05   1.7272949e+01
   2.5296400e+05   1.5808105e+01
   2.5302700e+05   1.5625000e+01
   2.5311600e+05   1.8371582e+01
   2.5320500e+05   1.6479492e+01
   2.5330900e+05   2.0996094e+01
   2.5346900e+05   1.8615723e+01
   2.5354000e+05   1.4831543e+01
   2.5382800e+05   1.5869141e+01
   2.5396300e+05   1.6052246e+01
   2.5410100e+05   1.9287109e+01
   2.6240900e+05   2.0874023e+01
   2.6247300e+05   1.9958496e+01
   2.6248700e+05   2.2033691e+01
   2.6252500e+05   1.4953613e+01
   2.6254500e+05   2.0874023e+01
   2.6258700e+05   1.7456055e+01
   2.6262500e+05   2.0629883e+01
   2.6263700e+05   1.6113281e+01
   2.6268500e+05   1.6296387e+01
   2.6269800e+05   1.8371582e+01
   2.6274900e+05   1.6052246e+01
   2.6281100e+05   1.9226074e+01
   2.6288600e+05   1.7944336e+01
   2.6293900e+05   1.5136719e+01
   2.6301300e+05   1.7150879e+01
   2.6306800e+05   2.0202637e+01
   2.6322000e+05   1.8249512e+01
   2.6333000e+05   1.5380859e+01
   2.6342600e+05   1.8859863e+01
   2.6349600e+05   2.5695801e+01
   2.6361200e+05   1.7333984e+01
   2.6372500e+05   1.5258789e+01
   2.6382600e+05   1.5869141e+01
   2.6390300e+05   1.5686035e+01
   2.6400300e+05   1.7456055e+01
   2.6413100e+05   1.6540527e+01
   2.6423100e+05   1.6235352e+01
   2.7214200e+05   2.2766113e+01
   2.7224400e+05   2.0324707e+01
   2.7231700e+05   2.5939941e+01
   2.7232700e+05   1.7578125e+01
   2.7234900e+05   2.2277832e+01
   2.7242500e+05   2.1179199e+01
   2.7247700e+05   2.3315430e+01
   2.7251200e+05   2.0751953e+01
   2.7258900e+05   1.8005371e+01
   2.7267800e+05   1.7517090e+01
   2.7279100e+05   1.9653320e+01
   2.7282200e+05   1.8798828e+01
   2.7289000e+05   2.2521973e+01
   2.7297800e+05   1.6052246e+01
   2.7307100e+05   1.8066406e+01
   2.7316500e+05   1.6357422e+01
   2.7328000e+05   1.8005371e+01
   2.7342800e+05   1.8798828e+01
   2.8058700e+05   1.6113281e+01
   2.8062100e+05   2.0996094e+01
   2.8066000e+05   1.7761230e+01
   2.8068800e+05   2.7954102e+01
   2.8072900e+05   1.5686035e+01
   2.8074900e+05   1.7211914e+01
   2.8081200e+05   2.9052734e+01
   2.8084300e+05   1.9897461e+01
   2.8086900e+05   1.6723633e+01
   2.8091500e+05   1.6174316e+01
   2.8093400e+05   1.7578125e+01
   2.8099000e+05   2.0019531e+01
   2.8105700e+05   1.6967773e+01
   2.8111400e+05   1.5930176e+01
   2.8113800e+05   1.6479492e+01
   2.8118400e+05   1.5991211e+01
   2.8123800e+05   2.0874023e+01
   2.8135300e+05   1.7089844e+01
   2.8144900e+05   1.8310547e+01
   2.8150500e+05   1.6723633e+01
   2.8167500e+05   1.8981934e+01
   2.8176800e+05   1.8249512e+01
   2.8192700e+05   1.5380859e+01
   2.8201000e+05   1.5686035e+01
   2.8209300e+05   1.5197754e+01
   2.8216500e+05   1.9226074e+01
   2.8226900e+05   1.6052246e+01
   2.8240100e+05   1.5869141e+01
   2.9334000e+05   1.9348145e+01
   2.9340600e+05   3.6743164e+01
   2.9346500e+05   1.4831543e+01
   2.9348400e+05   2.1911621e+01
   2.9353200e+05   1.8920898e+01
   2.9356700e+05   2.3559570e+01
   2.9359800e+05   1.7150879e+01
   2.9365700e+05   2.9235840e+01
   2.9375100e+05   2.2949219e+01
   2.9381600e+05   1.6967773e+01
   2.9386100e+05   2.3437500e+01
   2.9392800e+05   1.5502930e+01
   2.9395700e+05   1.9042969e+01
   2.9412000e+05   2.0202637e+01
   2.9420500e+05   1.8005371e+01
   2.9432600e+05   1.8615723e+01
   2.9446000e+05   1.6845703e+01
   2.9459000e+05   1.5380859e+01
   2.9470500e+05   1.6479492e+01
   3.0844900e+05   2.3559570e+01
   3.0849500e+05   2.3071289e+01
   3.0854900e+05   2.5329590e+01
   3.0859200e+05   1.7700195e+01
   3.0864800e+05   1.5136719e+01
   3.0869600e+05   1.8371582e+01
   3.0874000e+05   1.6296387e+01
   3.0877800e+05   1.6174316e+01
   3.0879400e+05   1.9042969e+01
   3.0886100e+05   1.7700195e+01
   3.0892200e+05   2.1606445e+01
   3.0904300e+05   1.8615723e+01
   3.0912900e+05   1.8432617e+01
   3.0921000e+05   1.6540527e+01
   3.0929700e+05   1.4953613e+01
   3.0938200e+05   1.8798828e+01
   3.0951100e+05   1.7028809e+01
   3.0961000e+05   1.4831543e+01
   3.0983900e+05   1.5747070e+01
   3.0992200e+05   1.8127441e+01
   3.1004000e+05   1.8066406e+01
   3.1015200e+05   1.7395020e+01
   9.3087400e+05   2.5756836e+01
   9.3089300e+05   2.9357910e+01
   9.3090700e+05   1.8615723e+01
   9.3096400e+05   3.2714844e+01
   9.3100100e+05   1.6174316e+01
   9.3105500e+05   1.5747070e+01
   9.3107000e+05   1.4953613e+01
   9.3111200e+05   1.7700195e+01
   9.3113800e+05   1.4770508e+01
   9.3115000e+05   1.5808105e+01
   9.3191200e+05   1.4770508e+01
   9.3203800e+05   1.8188477e+01
   9.3209400e+05   1.7211914e+01
   9.3221900e+05   1.5563965e+01
   9.3234300e+05   1.5869141e+01
   9.3240300e+05   1.8127441e+01
   9.3246900e+05   1.6052246e+01
   9.3256400e+05   1.5319824e+01
   9.3262600e+05   3.0395508e+01
   9.3269800e+05   1.6662598e+01
   9.3271500e+05   1.6357422e+01
   9.3278600e+05   1.8188477e+01
   9.3286300e+05   2.2399902e+01
   9.3290300e+05   2.0202637e+01
   9.3296100e+05   1.6601562e+01
   9.3299300e+05   1.8859863e+01
   9.3315300e+05   1.6601562e+01
   9.3316500e+05   1.7272949e+01
   9.3323800e+05   1.8798828e+01
   9.3333700e+05   1.9653320e+01
   9.3345300e+05   1.8066406e+01
   9.3575400e+05   1.9836426e+01
   9.3763400e+05   2.0996094e+01
   1.1553560e+06   2.4780273e+01
   1.1554730e+06   2.0996094e+01
   1.1554890e+06   1.6174316e+01
   1.1555490e+06   1.6723633e+01
   1.1556200e+06   2.0385742e+01
   1.1556310e+06   2.1423340e+01
   1.1556900e+06   1.7333984e+01
   1.1557010e+06   2.3193359e+01
   1.1557380e+06   1.7272949e+01
   1.1557620e+06   1.8005371e+01
   1.1557980e+06   1.9042969e+01
   1.1558460e+06   1.7211914e+01
   1.1560960e+06   1.5258789e+01
   1.1566720e+06   1.6235352e+01
   1.1567800e+06   1.6601562e+01
   1.1568600e+06   1.6601562e+01
   1.1569310e+06   1.7822266e+01
   1.1570030e+06   1.9531250e+01
   1.1570130e+06   1.7639160e+01
   1.1570780e+06   2.5390625e+01
   1.1571510e+06   1.7700195e+01
   1.1572200e+06   1.9165039e+01
   1.1573010e+06   1.8798828e+01
   1.1573730e+06   2.3132324e+01
   1.1574770e+06   2.0385742e+01
   1.1575340e+06   2.0324707e+01
   1.1575610e+06   1.5197754e+01
   1.1576400e+06   1.8005371e+01
   1.1576500e+06   2.0507812e+01
   1.1577410e+06   1.5441895e+01
   1.1578130e+06   1.6479492e+01
   1.1581970e+06   2.0812988e+01
   1.1582230e+06   1.5747070e+01
   1.1583440e+06   1.6357422e+01
   1.4603000e+06   2.1728516e+01
   1.4603290e+06   2.2521973e+01
   1.4604650e+06   1.5808105e+01
   1.4604900e+06   2.5512695e+01
   1.4605720e+06   1.5747070e+01
   1.4606110e+06   3.1311035e+01
   1.4606610e+06   2.0996094e+01
   1.4606770e+06   1.4831543e+01
   1.4607190e+06   1.8127441e+01
   1.4615110e+06   1.5563965e+01
   1.4616380e+06   1.7517090e+01
   1.4616970e+06   1.9287109e+01
   1.4618990e+06   1.7028809e+01
   1.4619400e+06   1.9836426e+01
   1.4619680e+06   1.6601562e+01
   1.4619950e+06   1.5991211e+01
   1.4620290e+06   1.5075684e+01
   1.4620630e+06   1.6784668e+01
   1.4621300e+06   1.7517090e+01
   1.4621430e+06   2.3376465e+01
   1.4622070e+06   1.8737793e+01
   1.4622420e+06   1.6540527e+01
   1.4622720e+06   1.6113281e+01
   1.4623180e+06   1.6296387e+01
   1.4623930e+06   1.6845703e+01
   1.4624810e+06   1.6418457e+01
   1.4626210e+06   1.8188477e+01
   1.4627430e+06   1.8188477e+01
   1.4629100e+06   2.1728516e+01
   1.4631700e+06   1.9348145e+01
   1.6116110e+06   1.9592285e+01
   1.6116740e+06   2.0446777e+01
   1.6116950e+06   2.0690918e+01
   1.6117440e+06   1.7578125e+01
   1.6117640e+06   1.8127441e+01
   1.6117950e+06   1.6784668e+01
   1.6118170e+06   1.8554688e+01
   1.6118430e+06   1.7395020e+01
   1.6118650e+06   2.8564453e+01
   1.6119580e+06   1.5014648e+01
   1.6120110e+06   1.8310547e+01
   1.6127700e+06   2.1423340e+01
   1.6128750e+06   1.5075684e+01
   1.6129440e+06   1.5258789e+01
   1.6129590e+06   1.6601562e+01
   1.6129870e+06   1.5380859e+01
   1.6130770e+06   1.4953613e+01
   1.6131470e+06   1.7578125e+01
   1.6132050e+06   1.7578125e+01
   1.6132710e+06   1.5380859e+01
   1.6133310e+06   1.6601562e+01
   1.6133960e+06   1.8615723e+01
   1.6134250e+06   1.7700195e+01
   1.6134750e+06   1.5014648e+01
   1.6135090e+06   1.5380859e+01
   1.6135550e+06   1.5258789e+01
   1.6136220e+06   2.2583008e+01
   1.6136640e+06   1.8981934e+01
   1.6137470e+06   1.9714355e+01
   1.6138540e+06   1.5136719e+01
   1.6139660e+06   1.6601562e+01
   1.6603930e+06   2.2583008e+01
   1.6604510e+06   2.5756836e+01
   1.6604740e+06   1.4892578e+01
   1.6605030e+06   2.0935059e+01
   1.6605130e+06   2.2033691e+01
   1.6605620e+06   2.2338867e+01
   1.6605850e+06   2.3193359e+01
   1.6606060e+06   1.7028809e+01
   1.6606410e+06   1.5014648e+01
   1.6606520e+06   1.7333984e+01
   1.6607270e+06   1.6235352e+01
   1.6607480e+06   1.5380859e+01
   1.6610790e+06   1.5869141e+01
   1.6611310e+06   1.6235352e+01
   1.6612510e+06   2.0568848e+01
   1.6613180e+06   1.5319824e+01
   1.6613660e+06   1.5258789e+01
   1.6613770e+06   1.4770508e+01
   1.6614380e+06   1.5136719e+01
   1.6614900e+06   1.5075684e+01
   1.6615330e+06   1.5136719e+01
   1.6615790e+06   1.6418457e+01
   1.6616840e+06   1.4770508e+01
   1.6618280e+06   1.7150879e+01
   1.6618380e+06   1.6723633e+01
   1.6619120e+06   2.0324707e+01
   1.6620320e+06   1.7517090e+01
   1.6620450e+06   1.4953613e+01
   1.6621090e+06   2.7099609e+01
   1.6622000e+06   1.6540527e+01
   1.6622430e+06   1.8005371e+01
   1.6623150e+06   1.6357422e+01
   1.6624250e+06   1.5319824e+01
   1.6625370e+06   1.8615723e+01
   1.6626560e+06   1.5563965e+01
   1.6628160e+06   1.7700195e+01
   1.6892000e+06   2.4841309e+01
   1.6892660e+06   2.3010254e+01
   1.6893110e+06   2.0446777e+01
   1.6893360e+06   1.7028809e+01
   1.6893640e+06   1.5136719e+01
   1.6893870e+06   1.6357422e+01
   1.6894040e+06   1.9958496e+01
   1.6894400e+06   1.6479492e+01
   1.6897220e+06   1.5075684e+01
   1.6897630e+06   1.5991211e+01
   1.6898190e+06   2.0996094e+01
   1.6898630e+06   1.7761230e+01
   1.6900270e+06   1.6235352e+01
   1.6901050e+06   1.5747070e+01
   1.6901710e+06   1.7333984e+01
   1.6902420e+06   2.0446777e+01
   1.6903840e+06   1.6357422e+01
   1.6904220e+06   1.8737793e+01
   1.6905020e+06   1.6174316e+01
   1.6905630e+06   1.5380859e+01
   1.6905880e+06   1.6418457e+01
   1.6906340e+06   1.7517090e+01
   1.6907250e+06   2.4658203e+01
   1.6908950e+06   1.6296387e+01
   1.6909590e+06   1.6479492e+01
   1.6909790e+06   1.6052246e+01
   1.6910660e+06   1.7517090e+01
   1.6911450e+06   1.7089844e+01
   1.6911560e+06   1.8371582e+01
   1.6916660e+06   1.9653320e+01
   1.6919380e+06   2.4230957e+01
   1.7082880e+06   2.3376465e+01
   1.7083760e+06   2.4841309e+01
   1.7084350e+06   1.5075684e+01
   1.7084490e+06   2.2521973e+01
   1.7085000e+06   2.7954102e+01
   1.7085200e+06   1.7272949e+01
   1.7085690e+06   2.5878906e+01
   1.7086130e+06   2.8076172e+01
   1.7086390e+06   1.6174316e+01
   1.7086660e+06   1.9592285e+01
   1.7087170e+06   1.5869141e+01
   1.7087700e+06   1.5380859e+01
   1.7088630e+06   1.5136719e+01
   1.7088790e+06   1.7517090e+01
   1.7090110e+06   1.5563965e+01
   1.7090640e+06   1.6906738e+01
   1.7091230e+06   1.5808105e+01
   1.7092090e+06   1.5625000e+01
   1.7092780e+06   1.6845703e+01
   1.7093060e+06   1.5197754e+01
   1.7093520e+06   2.1911621e+01
   1.7093680e+06   1.4892578e+01
   1.7094600e+06   1.6357422e+01
   1.7095740e+06   1.6723633e+01
   1.7097190e+06   1.7456055e+01
   1.7098440e+06   1.6784668e+01
   1.7099850e+06   1.6723633e+01
   1.7100760e+06   1.5380859e+01
   1.7101880e+06   2.0874023e+01
   1.7225630e+06   1.5258789e+01
   1.7226030e+06   2.6611328e+01
   1.7226580e+06   2.5634766e+01
   1.7226710e+06   2.0080566e+01
   1.7227010e+06   1.8127441e+01
   1.7227380e+06   1.7028809e+01
   1.7227650e+06   1.9409180e+01
   1.7227980e+06   1.8554688e+01
   1.7228270e+06   2.3803711e+01
   1.7228520e+06   1.7028809e+01
   1.7228900e+06   1.6662598e+01
   1.7229660e+06   1.8066406e+01
   1.7230250e+06   2.0019531e+01
   1.7230870e+06   2.0324707e+01
   1.7231720e+06   2.0141602e+01
   1.7232300e+06   1.5441895e+01
   1.7232650e+06   1.5747070e+01
   1.7233420e+06   1.8798828e+01
   1.7234320e+06   1.6357422e+01
   1.7235260e+06   2.3254395e+01
   1.7236160e+06   1.6418457e+01
   1.7236410e+06   1.5747070e+01
   1.7237130e+06   1.6357422e+01
   1.7237580e+06   1.5686035e+01
   1.7238070e+06   1.5197754e+01
   1.7238860e+06   1.5686035e+01
   1.7239740e+06   1.7211914e+01
   1.7241240e+06   1.8066406e+01
   1.7242690e+06   2.6916504e+01
   1.7337630e+06   2.2705078e+01
   1.7338540e+06   2.8198242e+01
   1.7339240e+06   2.5207520e+01
   1.7339490e+06   1.8066406e+01
   1.7339990e+06   1.7456055e+01
   1.7340340e+06   1.8432617e+01
   1.7340660e+06   1.5502930e+01
   1.7341310e+06   2.4169922e+01
   1.7341830e+06   1.9531250e+01
   1.7342370e+06   2.2644043e+01
   1.7342800e+06   1.4953613e+01
   1.7343030e+06   1.7822266e+01
   1.7343430e+06   1.6357422e+01
   1.7343580e+06   1.5625000e+01
   1.7343990e+06   1.5258789e+01
   1.7344550e+06   2.7282715e+01
   1.7345440e+06   1.5747070e+01
   1.7346140e+06   2.2460938e+01
   1.7347080e+06   1.8188477e+01
   1.7348990e+06   2.1301270e+01
   1.7351210e+06   1.8005371e+01
   1.7450000e+06   1.7639160e+01
   1.7450340e+06   2.2033691e+01
   1.7451150e+06   2.0446777e+01
   1.7451940e+06   3.0151367e+01
   1.7452070e+06   2.3071289e+01
   1.7452580e+06   1.5747070e+01
   1.7452890e+06   1.8249512e+01
   1.7453470e+06   2.6550293e+01
   1.7453670e+06   1.7517090e+01
   1.7454190e+06   3.0273438e+01
   1.7454880e+06   1.5380859e+01
   1.7455240e+06   2.2888184e+01
   1.7456050e+06   1.7028809e+01
   1.7456690e+06   1.4831543e+01
   1.7456930e+06   1.6296387e+01
   1.7457590e+06   2.6489258e+01
   1.7459400e+06   1.9836426e+01
   1.7460810e+06   1.7211914e+01
   1.7461340e+06   1.6723633e+01
   1.7463170e+06   1.7761230e+01
   1.7607850e+06   2.2888184e+01
   1.7608530e+06   1.6906738e+01
   1.7608640e+06   1.5625000e+01
   1.7609120e+06   1.7761230e+01
   1.7609250e+06   1.5747070e+01
   1.7609850e+06   1.8432617e+01
   1.7610580e+06   2.0202637e+01
   1.7611170e+06   1.6723633e+01
   1.7611450e+06   1.5380859e+01
   1.7611890e+06   2.3071289e+01
   1.7612450e+06   1.9042969e+01
   1.7613290e+06   1.5319824e+01
   1.7613600e+06   1.7089844e+01
   1.7614420e+06   1.4953613e+01
   1.7615970e+06   1.7456055e+01
   1.7617380e+06   2.5756836e+01
   1.7618750e+06   1.6540527e+01
   1.7619710e+06   2.8686523e+01
   1.7620610e+06   1.5808105e+01
   1.7622250e+06   1.7456055e+01
   1.7623830e+06   1.5991211e+01
   1.7831450e+06   2.1850586e+01
   1.7832190e+06   3.3508301e+01
   1.7832570e+06   1.9409180e+01
   1.7832770e+06   1.6967773e+01
   1.7833000e+06   1.8859863e+01
   1.7833390e+06   1.6540527e+01
   1.7834050e+06   1.6479492e+01
   1.7835100e+06   1.5197754e+01
   1.7836070e+06   1.8737793e+01
   1.7837220e+06   2.2033691e+01
   1.7837850e+06   1.8737793e+01
   1.7838570e+06   1.8859863e+01
   1.7839060e+06   1.6418457e+01
   1.7840060e+06   2.0324707e+01
   1.7840850e+06   1.8920898e+01
   1.7844550e+06   1.5808105e+01
   1.7845160e+06   1.7639160e+01
   1.7845580e+06   1.7517090e+01
   1.7846150e+06   1.6784668e+01
   1.7847720e+06   1.7822266e+01
   2.4382920e+06   2.7282715e+01
   2.4383280e+06   2.0751953e+01
   2.4384030e+06   1.4770508e+01
   2.4384140e+06   1.4892578e+01
   2.4384690e+06   2.3376465e+01
   2.4384930e+06   1.7211914e+01
   2.4385270e+06   1.5930176e+01
   2.4385440e+06   1.8371582e+01
   2.4385930e+06   1.5258789e+01
   2.4386160e+06   1.5136719e+01
   2.4386380e+06   1.6418457e+01
   2.4391870e+06   1.6479492e+01
   2.4394930e+06   1.6601562e+01
   2.4395990e+06   1.7272949e+01
   2.4396270e+06   1.5747070e+01
   2.4397780e+06   2.0385742e+01
   2.4397970e+06   2.0812988e+01
   2.4398730e+06   1.6845703e+01
   2.4399460e+06   1.8554688e+01
   2.4400000e+06   1.9897461e+01
   2.4400290e+06   1.5319824e+01
   2.4401100e+06   1.5136719e+01
   2.4401880e+06   2.0202637e+01
   2.4402370e+06   1.7089844e+01
   2.4402660e+06   1.7883301e+01
   2.4403630e+06   1.5686035e+01
   2.4404490e+06   1.9653320e+01
   2.4404720e+06   1.4953613e+01
   2.4406950e+06   3.1372070e+01
   2.4408300e+06   2.0141602e+01
   2.4408670e+06   1.6357422e+01
   2.4410240e+06   2.0812988e+01
   2.4412700e+06   1.8798828e+01
   2.4849370e+06   2.4597168e+01
   2.7713720e+06   1.8737793e+01
   2.7714040e+06   2.2583008e+01
   2.7714280e+06   2.7709961e+01
   2.7714650e+06   2.3193359e+01
   2.7715220e+06   2.1972656e+01
   2.7715400e+06   1.5625000e+01
   2.7715730e+06   2.0751953e+01
   2.7716340e+06   2.1240234e+01
   2.7717020e+06   1.5441895e+01
   2.7724870e+06   2.0751953e+01
   2.7725590e+06   1.6967773e+01
   2.7726070e+06   1.5014648e+01
   2.7726260e+06   1.6174316e+01
   2.7726940e+06   1.4953613e+01
   2.7727490e+06   1.6296387e+01
   2.7728150e+06   1.5258789e+01
   2.7728800e+06   1.5380859e+01
   2.7729620e+06   1.9531250e+01
   2.7729790e+06   1.5075684e+01
   2.7730350e+06   1.5380859e+01
   2.7731550e+06   1.5625000e+01
   2.7732170e+06   1.6784668e+01
   2.7732950e+06   1.8310547e+01
   2.7733260e+06   1.9592285e+01
   2.7734840e+06   1.6784668e+01
   2.7735760e+06   1.9531250e+01
   2.7736820e+06   1.6418457e+01
   2.7737440e+06   1.7578125e+01
   2.7738270e+06   1.6906738e+01
   2.7738480e+06   1.6113281e+01
   2.7740430e+06   1.6296387e+01
