   5.9990000e+06   0.0000000e+00
   9.7243000e+04   2.7648926e+01
   9.8822000e+04   2.2766113e+01
   1.7486200e+05   1.7883301e+01
   1.7493200e+05   1.8676758e+01
   1.7497000e+05   2.7038574e+01
   1.7686900e+05   1.7761230e+01
   2.4476400e+05   2.0446777e+01
   2.9059100e+05   1.7517090e+01
   2.9107700e+05   1.7700195e+01
   3.3055300e+05   1.7578125e+01
   3.3057000e+05   2.4597168e+01
   3.3061700e+05   1.7700195e+01
   3.3392000e+05   1.8127441e+01
   3.8282500e+05   1.8188477e+01
   4.1769000e+05   2.8686523e+01
   5.9296600e+05   1.9348145e+01
   6.0743500e+05   1.7089844e+01
   6.1336500e+05   2.9235840e+01
   6.5036300e+05   2.1667480e+01
   7.0576400e+05   3.0395508e+01
   7.1421200e+05   3.3020020e+01
   7.3063200e+05   2.1057129e+01
   7.4418100e+05   2.7832031e+01
   7.4421600e+05   2.7099609e+01
   8.4785200e+05   2.3071289e+01
   8.4788600e+05   2.4414062e+01
   8.5480800e+05   1.8676758e+01
   9.1842400e+05   2.5573730e+01
   9.2373200e+05   2.4963379e+01
   9.2518000e+05   2.0446777e+01
   9.6061700e+05   2.6794434e+01
   9.6748000e+05   2.8503418e+01
   1.0029270e+06   2.7038574e+01
   1.0029560e+06   1.7944336e+01
   1.0665020e+06   2.4902344e+01
   1.1100520e+06   2.6367188e+01
   1.1531370e+06   2.6306152e+01
   1.1532070e+06   2.2949219e+01
   1.1880280e+06   2.4963379e+01
   1.2662780e+06   2.5756836e+01
   1.2663120e+06   2.4597168e+01
   1.3152470e+06   2.0507812e+01
   1.3360980e+06   2.9724121e+01
   1.3755170e+06   2.4597168e+01
   1.3952850e+06   2.4841309e+01
   1.4304500e+06   2.4414062e+01
   1.4304740e+06   2.2338867e+01
   1.4305160e+06   2.6367188e+01
   1.4791930e+06   1.9653320e+01
   1.4853190e+06   1.7272949e+01
   1.4853500e+06   1.8798828e+01
   1.4853860e+06   1.8493652e+01
   1.5289790e+06   2.4841309e+01
   1.5443160e+06   2.2949219e+01
   1.5443400e+06   1.7150879e+01
   1.5444030e+06   2.6184082e+01
   1.5719600e+06   3.0395508e+01
   1.5948870e+06   2.6184082e+01
   1.5949340e+06   2.2583008e+01
   1.5949700e+06   1.8371582e+01
   1.6329650e+06   1.9775391e+01
   1.6517010e+06   2.7893066e+01
   1.7390310e+06   2.7893066e+01
   1.7629950e+06   2.9479980e+01
   1.8370160e+06   3.0212402e+01
   1.8370550e+06   2.2888184e+01
   1.8758360e+06   2.2338867e+01
   1.8758640e+06   2.5939941e+01
   1.8759310e+06   2.4047852e+01
   1.8883520e+06   2.4658203e+01
   1.9023190e+06   2.1667480e+01
   1.9251360e+06   3.1738281e+01
   1.9251790e+06   2.6672363e+01
   1.9252370e+06   1.7150879e+01
   1.9252660e+06   3.0212402e+01
   1.9536880e+06   2.1911621e+01
   1.9966750e+06   2.5817871e+01
   1.9967040e+06   2.9052734e+01
   1.9967340e+06   2.6855469e+01
   2.0290990e+06   2.0507812e+01
   2.0525710e+06   2.3498535e+01
   2.0526150e+06   2.3681641e+01
   2.0981410e+06   2.2399902e+01
   2.0982070e+06   2.8076172e+01
   2.1085530e+06   1.9958496e+01
   2.1163470e+06   1.7456055e+01
   2.1187500e+06   2.6184082e+01
   2.1406710e+06   2.2216797e+01
   2.1407030e+06   2.0629883e+01
   2.1407760e+06   2.7893066e+01
   2.1679350e+06   2.7282715e+01
   2.1679760e+06   2.8198242e+01
   2.2156430e+06   1.9042969e+01
   2.2156590e+06   1.8676758e+01
   2.2157020e+06   2.5878906e+01
   2.2157400e+06   1.9775391e+01
   2.2157670e+06   1.7761230e+01
   2.2158400e+06   2.2033691e+01
   2.2316330e+06   2.4719238e+01
   2.2431230e+06   2.9602051e+01
   2.2600930e+06   2.9479980e+01
   2.2601290e+06   2.1728516e+01
   2.2601560e+06   2.7587891e+01
   2.2602080e+06   3.8818359e+01
   2.2602560e+06   3.8391113e+01
   2.2602690e+06   2.0263672e+01
   2.2602810e+06   1.9042969e+01
   2.2603330e+06   2.7465820e+01
   2.2727770e+06   3.6560059e+01
   2.2728120e+06   2.2094727e+01
   2.2728400e+06   2.3254395e+01
   2.2728730e+06   3.1799316e+01
   2.2728960e+06   5.5480957e+01
   2.2729390e+06   4.0466309e+01
   2.2729540e+06   2.3803711e+01
   2.2729780e+06   1.7089844e+01
   2.2730120e+06   2.2827148e+01
   2.2799820e+06   2.3681641e+01
   2.2800470e+06   3.0151367e+01
   2.2800770e+06   2.9541016e+01
   2.2801100e+06   2.7770996e+01
   2.2801400e+06   3.0334473e+01
   2.2801620e+06   3.5339355e+01
   2.2801820e+06   2.7954102e+01
   2.2801940e+06   1.7395020e+01
   2.2802120e+06   2.0690918e+01
   2.2802550e+06   2.0324707e+01
   2.2802700e+06   2.0935059e+01
   2.2803110e+06   2.3010254e+01
   2.2804900e+06   2.2460938e+01
   2.2805720e+06   1.9042969e+01
   2.2806810e+06   1.7272949e+01
   2.2866370e+06   1.9531250e+01
   2.2866830e+06   1.7639160e+01
   2.2867220e+06   2.0874023e+01
   2.2867380e+06   2.3010254e+01
   2.2867790e+06   1.9653320e+01
   2.2867950e+06   2.3193359e+01
   2.2868250e+06   2.4291992e+01
   2.2868370e+06   2.2583008e+01
   2.2868760e+06   1.9531250e+01
   2.2868970e+06   1.7395020e+01
   2.2869230e+06   1.7700195e+01
   2.2869560e+06   1.7944336e+01
   2.2869920e+06   1.7578125e+01
   2.2870330e+06   1.9531250e+01
   2.2870910e+06   1.9409180e+01
   2.2871750e+06   1.8554688e+01
   2.2948780e+06   2.2766113e+01
   2.2949130e+06   3.2287598e+01
   2.2949270e+06   2.0812988e+01
   2.2949590e+06   3.2104492e+01
   2.2949700e+06   1.8493652e+01
   2.2949890e+06   1.9226074e+01
   2.2949990e+06   2.0812988e+01
   2.2950210e+06   1.9714355e+01
   2.2950930e+06   1.8127441e+01
   2.2951910e+06   1.7700195e+01
   2.2952460e+06   2.0507812e+01
   2.2953060e+06   3.1066895e+01
   2.2953430e+06   1.9226074e+01
   2.2954360e+06   1.7883301e+01
   2.2955840e+06   2.3925781e+01
   2.3015280e+06   2.2460938e+01
   2.3015720e+06   2.3071289e+01
   2.3016010e+06   2.5695801e+01
   2.3016330e+06   3.3142090e+01
   2.3016570e+06   3.6010742e+01
   2.3016750e+06   2.5146484e+01
   2.3017190e+06   2.2277832e+01
   2.3017490e+06   2.0324707e+01
   2.3018830e+06   1.8676758e+01
   2.3019320e+06   1.7761230e+01
   2.3020140e+06   1.8920898e+01
   2.3021820e+06   2.0141602e+01
   2.3023090e+06   1.9226074e+01
   2.3075450e+06   1.9042969e+01
   2.3076020e+06   2.2399902e+01
   2.3076390e+06   2.7099609e+01
   2.3076700e+06   2.6916504e+01
   2.3077000e+06   3.1066895e+01
   2.3077230e+06   2.6062012e+01
   2.3077410e+06   2.7465820e+01
   2.3077670e+06   2.4841309e+01
   2.3078010e+06   2.4169922e+01
   2.3078140e+06   2.1667480e+01
   2.3078640e+06   2.7160645e+01
   2.3078970e+06   1.9470215e+01
   2.3125790e+06   2.4658203e+01
   2.3126210e+06   2.3498535e+01
   2.3126940e+06   2.4475098e+01
   2.3127540e+06   2.4414062e+01
   2.3153020e+06   2.0263672e+01
   2.3153640e+06   2.1301270e+01
   2.3154110e+06   1.8371582e+01
   2.3154280e+06   2.7038574e+01
   2.3154760e+06   2.7770996e+01
   2.3155080e+06   2.0446777e+01
   2.3155190e+06   1.9958496e+01
   2.3155400e+06   1.9287109e+01
   2.3155580e+06   1.7517090e+01
   2.3156030e+06   1.7761230e+01
   2.3156330e+06   2.6428223e+01
   2.3202600e+06   2.3803711e+01
   2.3203190e+06   2.5024414e+01
   2.3203490e+06   2.7099609e+01
   2.3203610e+06   3.4851074e+01
   2.3203760e+06   2.5390625e+01
   2.3204070e+06   3.5827637e+01
   2.3204330e+06   2.0629883e+01
   2.3205250e+06   2.4902344e+01
   2.3240650e+06   3.0090332e+01
   2.3240990e+06   2.2705078e+01
   2.3241480e+06   2.1057129e+01
   2.3241880e+06   2.2766113e+01
   2.3268440e+06   2.6184082e+01
   2.3268650e+06   1.8676758e+01
   2.3268890e+06   2.2216797e+01
   2.3269030e+06   2.1667480e+01
   2.3269150e+06   1.8920898e+01
   2.3269350e+06   3.1494141e+01
   2.3269470e+06   2.1545410e+01
   2.3269730e+06   2.3986816e+01
   2.3270020e+06   2.2583008e+01
   2.3270160e+06   1.9104004e+01
   2.3270660e+06   1.8127441e+01
   2.3271440e+06   1.9531250e+01
   2.3320950e+06   2.2277832e+01
   2.3321250e+06   2.2399902e+01
   2.3321480e+06   2.7709961e+01
   2.3321790e+06   2.1606445e+01
   2.3321990e+06   2.8259277e+01
   2.3322360e+06   3.0090332e+01
   2.3324370e+06   2.2766113e+01
   2.3325110e+06   2.0751953e+01
   2.3325900e+06   2.0263672e+01
   2.3359530e+06   2.7832031e+01
   2.3384510e+06   1.8859863e+01
   2.3384820e+06   4.2907715e+01
   2.3385090e+06   2.9724121e+01
   2.3385380e+06   2.9052734e+01
   2.3385680e+06   2.0019531e+01
   2.3386720e+06   1.7211914e+01
   2.3387760e+06   2.3010254e+01
   2.3388480e+06   2.2277832e+01
   2.3389550e+06   2.1667480e+01
   2.3423250e+06   2.9541016e+01
   2.3423640e+06   1.9836426e+01
   2.3424010e+06   1.7150879e+01
   2.3424240e+06   1.8310547e+01
   2.3424400e+06   1.9714355e+01
   2.3424770e+06   2.6123047e+01
   2.3425110e+06   3.8208008e+01
   2.3453600e+06   2.1240234e+01
   2.3454050e+06   2.1545410e+01
   2.3454470e+06   1.7944336e+01
   2.3454780e+06   2.3620605e+01
   2.3455020e+06   2.1667480e+01
   2.3455190e+06   2.2338867e+01
   2.3455730e+06   2.0019531e+01
   2.3456250e+06   1.8859863e+01
   2.3485160e+06   2.7221680e+01
   2.3485600e+06   2.1972656e+01
   2.3485960e+06   3.8757324e+01
   2.3486080e+06   1.7700195e+01
   2.3486630e+06   2.9113770e+01
   2.3486850e+06   2.0996094e+01
   2.3486950e+06   1.7761230e+01
   2.3487360e+06   2.5329590e+01
   2.3487690e+06   2.0507812e+01
   2.3517450e+06   2.7954102e+01
   2.3517850e+06   2.7648926e+01
   2.3518390e+06   2.2216797e+01
   2.3518950e+06   2.2033691e+01
   2.3544560e+06   3.3325195e+01
   2.3544900e+06   2.4291992e+01
   2.3545170e+06   1.8615723e+01
   2.3545300e+06   2.5573730e+01
   2.3545650e+06   2.2460938e+01
   2.3545860e+06   1.7089844e+01
   2.3546330e+06   2.5817871e+01
   2.3547940e+06   1.9958496e+01
   2.3577140e+06   3.0639648e+01
   2.3577700e+06   2.3742676e+01
   2.3600490e+06   2.2583008e+01
   2.3600710e+06   3.2775879e+01
   2.3601010e+06   4.6997070e+01
   2.3601120e+06   2.3986816e+01
   2.3601340e+06   2.0874023e+01
   2.3601500e+06   2.0263672e+01
   2.3601690e+06   2.1911621e+01
   2.3602670e+06   2.1545410e+01
   2.3603240e+06   2.1667480e+01
   2.3604450e+06   1.9165039e+01
   2.3605430e+06   1.7822266e+01
   2.3636500e+06   2.4475098e+01
   2.3636880e+06   2.7404785e+01
   2.3637280e+06   2.2216797e+01
   2.3637520e+06   2.5512695e+01
   2.3637810e+06   2.6062012e+01
   2.3638170e+06   1.8127441e+01
   2.3638670e+06   1.7578125e+01
   2.3671050e+06   2.8198242e+01
   2.3671430e+06   2.6184082e+01
   2.3671540e+06   4.0954590e+01
   2.3671790e+06   1.9897461e+01
   2.3672060e+06   3.7597656e+01
   2.3672300e+06   1.7822266e+01
   2.3672770e+06   2.3254395e+01
   2.3706580e+06   2.7404785e+01
   2.3707220e+06   2.1362305e+01
   2.3708150e+06   2.3315430e+01
   2.3736800e+06   2.8869629e+01
   2.3736930e+06   3.0761719e+01
   2.3737260e+06   2.6977539e+01
   2.3737420e+06   1.7822266e+01
   2.3737620e+06   2.1850586e+01
   2.3737870e+06   1.9531250e+01
   2.3738430e+06   1.7639160e+01
   2.3739260e+06   1.8493652e+01
   2.3772660e+06   2.5878906e+01
   2.3772950e+06   2.5817871e+01
   2.3773290e+06   1.9287109e+01
   2.3773560e+06   1.7089844e+01
   2.3773660e+06   2.0812988e+01
   2.3773850e+06   2.2094727e+01
   2.3774420e+06   1.8493652e+01
   2.3774820e+06   3.1799316e+01
   2.3806720e+06   2.8869629e+01
   2.3806880e+06   2.0263672e+01
   2.3807090e+06   4.1992188e+01
   2.3807380e+06   2.7404785e+01
   2.3807580e+06   3.1677246e+01
   2.3807830e+06   2.7832031e+01
   2.3808100e+06   2.1240234e+01
   2.3808220e+06   1.9531250e+01
   2.3808700e+06   2.2216797e+01
   2.3840060e+06   2.4353027e+01
   2.3840550e+06   2.0629883e+01
   2.3841070e+06   1.7333984e+01
   2.3842130e+06   1.9348145e+01
   2.3872250e+06   2.8381348e+01
   2.3872440e+06   3.3203125e+01
   2.3872870e+06   1.8249512e+01
   2.3873010e+06   3.0700684e+01
   2.3873260e+06   1.7639160e+01
   2.3875330e+06   1.8920898e+01
   2.3876310e+06   2.3193359e+01
   2.3910070e+06   1.8310547e+01
   2.3910270e+06   2.3620605e+01
   2.3910470e+06   3.1738281e+01
   2.3910650e+06   2.2766113e+01
   2.3910940e+06   2.1911621e+01
   2.3911070e+06   2.1484375e+01
   2.3911220e+06   2.3315430e+01
   2.3911590e+06   2.5085449e+01
   2.3912340e+06   2.5695801e+01
   2.3913060e+06   1.9531250e+01
   2.3946300e+06   3.1677246e+01
   2.3946570e+06   3.4790039e+01
   2.3946860e+06   2.4963379e+01
   2.3947120e+06   2.6611328e+01
   2.3947390e+06   2.6000977e+01
   2.3947950e+06   1.9104004e+01
   2.3985080e+06   1.9531250e+01
   2.3985390e+06   2.3010254e+01
   2.3985490e+06   2.2094727e+01
   2.3985690e+06   1.9897461e+01
   2.3985980e+06   3.3630371e+01
   2.3986590e+06   2.0080566e+01
   2.3987700e+06   1.8981934e+01
   2.3988390e+06   1.8798828e+01
   2.4020760e+06   2.6367188e+01
   2.4020920e+06   2.0263672e+01
   2.4021030e+06   2.0446777e+01
   2.4021170e+06   1.8066406e+01
   2.4021680e+06   2.2216797e+01
   2.4022360e+06   1.9042969e+01
   2.4056250e+06   2.6306152e+01
   2.4056570e+06   3.5827637e+01
   2.4056820e+06   2.5207520e+01
   2.4057100e+06   2.8869629e+01
   2.4057310e+06   1.7456055e+01
   2.4057610e+06   2.0874023e+01
   2.4059950e+06   2.0629883e+01
   2.4098910e+06   3.5095215e+01
   2.4099130e+06   3.0395508e+01
   2.4099420e+06   2.6855469e+01
   2.4099670e+06   2.9846191e+01
   2.4100180e+06   1.9653320e+01
   2.4100500e+06   1.9531250e+01
   2.4101680e+06   1.7211914e+01
   2.4102430e+06   1.8005371e+01
   2.4143460e+06   1.7333984e+01
   2.4143730e+06   2.4658203e+01
   2.4143880e+06   2.7465820e+01
   2.4144180e+06   1.8798828e+01
   2.4144290e+06   2.6916504e+01
   2.4144440e+06   2.1972656e+01
   2.4144790e+06   2.1301270e+01
   2.4145080e+06   1.8432617e+01
   2.4145320e+06   1.7089844e+01
   2.4187220e+06   3.2409668e+01
   2.4187480e+06   2.5085449e+01
   2.4187780e+06   2.8991699e+01
   2.4188050e+06   3.3630371e+01
   2.4188340e+06   2.5451660e+01
   2.4188590e+06   2.1972656e+01
   2.4189030e+06   1.8005371e+01
   2.4233590e+06   2.8076172e+01
   2.4233870e+06   2.7587891e+01
   2.4234170e+06   2.1118164e+01
   2.4234350e+06   2.1240234e+01
   2.4234610e+06   2.5085449e+01
   2.4235460e+06   1.7639160e+01
   2.4237810e+06   1.7639160e+01
   2.4238580e+06   1.8005371e+01
   2.4281200e+06   1.8249512e+01
   2.4281370e+06   2.8137207e+01
   2.4281490e+06   2.2521973e+01
   2.4281730e+06   2.5573730e+01
   2.4281990e+06   1.7700195e+01
   2.4282120e+06   1.8432617e+01
   2.4283400e+06   2.3193359e+01
   2.4330300e+06   2.0446777e+01
   2.4330500e+06   2.2644043e+01
   2.4330650e+06   1.8981934e+01
   2.4331050e+06   2.6977539e+01
   2.4331210e+06   2.5573730e+01
   2.4331440e+06   1.9958496e+01
   2.4332650e+06   1.8798828e+01
   2.4382010e+06   6.0852051e+01
   2.4382270e+06   2.8869629e+01
   2.4382500e+06   2.7282715e+01
   2.4382740e+06   2.9968262e+01
   2.4383580e+06   1.7211914e+01
   2.4384230e+06   1.7333984e+01
   2.4384650e+06   1.7639160e+01
   2.4385180e+06   1.7272949e+01
   2.4438140e+06   3.0456543e+01
   2.4438290e+06   3.1372070e+01
   2.4438760e+06   2.7465820e+01
   2.4438900e+06   1.8859863e+01
   2.4439200e+06   2.0812988e+01
   2.4439700e+06   1.8188477e+01
   2.4440090e+06   2.2827148e+01
   2.4440340e+06   1.7089844e+01
   2.4443420e+06   2.0507812e+01
   2.4485170e+06   2.5695801e+01
   2.4485400e+06   2.3864746e+01
   2.4485700e+06   2.0080566e+01
   2.4486040e+06   2.2033691e+01
   2.4486140e+06   1.9287109e+01
   2.4486310e+06   1.8554688e+01
   2.4486680e+06   1.7456055e+01
   2.4486890e+06   2.3315430e+01
   2.4487300e+06   1.8737793e+01
   2.4537680e+06   3.0761719e+01
   2.4537870e+06   3.5095215e+01
   2.4538070e+06   2.0385742e+01
   2.4538240e+06   2.0690918e+01
   2.4538470e+06   1.9653320e+01
   2.4538660e+06   1.8554688e+01
   2.4538790e+06   2.0690918e+01
   2.4539180e+06   1.9958496e+01
   2.4539460e+06   1.8493652e+01
   2.4540840e+06   2.8198242e+01
   2.4541520e+06   1.8920898e+01
   2.4541960e+06   2.1179199e+01
   2.4542840e+06   1.7150879e+01
   2.4600720e+06   2.3071289e+01
   2.4600840e+06   2.0263672e+01
   2.4600990e+06   2.5695801e+01
   2.4601280e+06   3.3081055e+01
   2.4601450e+06   2.7832031e+01
   2.4601700e+06   1.7517090e+01
   2.4605340e+06   2.0874023e+01
   2.4665910e+06   1.7761230e+01
   2.4666010e+06   2.2155762e+01
   2.4666210e+06   2.8198242e+01
   2.4666500e+06   2.4536133e+01
   2.4666650e+06   2.0568848e+01
   2.4667300e+06   1.8066406e+01
   2.4667560e+06   1.7578125e+01
   2.4669560e+06   1.7456055e+01
   2.4727890e+06   3.5583496e+01
   2.4728110e+06   2.8808594e+01
   2.4728230e+06   1.8249512e+01
   2.4728360e+06   1.8554688e+01
   2.4728570e+06   2.1484375e+01
   2.4728770e+06   3.2104492e+01
   2.4729110e+06   2.1545410e+01
   2.4729380e+06   1.7395020e+01
   2.4731640e+06   2.2705078e+01
   2.4796910e+06   1.7578125e+01
   2.4797120e+06   2.2521973e+01
   2.4797260e+06   2.3071289e+01
   2.4797710e+06   2.5207520e+01
   2.4797830e+06   2.3742676e+01
   2.4798070e+06   1.8249512e+01
   2.4799160e+06   1.8920898e+01
   2.4800420e+06   1.8310547e+01
   2.4801490e+06   1.8981934e+01
   2.4802630e+06   2.1484375e+01
   2.4803450e+06   1.7211914e+01
   2.4873500e+06   1.7089844e+01
   2.4873630e+06   1.7578125e+01
   2.4873830e+06   2.7648926e+01
   2.4873930e+06   2.5634766e+01
   2.4874100e+06   2.1728516e+01
   2.4874310e+06   1.7150879e+01
   2.4874450e+06   1.7578125e+01
   2.4874650e+06   2.2155762e+01
   2.4876650e+06   2.0996094e+01
   2.4877500e+06   1.9042969e+01
   2.4877650e+06   2.0141602e+01
   2.4878120e+06   1.7456055e+01
   2.4940830e+06   2.3986816e+01
   2.4940950e+06   2.2766113e+01
   2.4941140e+06   2.7404785e+01
   2.4941390e+06   3.3874512e+01
   2.4941580e+06   1.8981934e+01
   2.4941740e+06   2.1179199e+01
   2.4941990e+06   3.3325195e+01
   2.4942510e+06   1.7395020e+01
   2.4942770e+06   1.7272949e+01
   2.4944290e+06   2.8198242e+01
   2.5018000e+06   2.1240234e+01
   2.5018250e+06   2.6489258e+01
   2.5018510e+06   2.6184082e+01
   2.5018660e+06   3.2470703e+01
   2.5018790e+06   2.4291992e+01
   2.5019040e+06   2.3193359e+01
   2.5019710e+06   1.8554688e+01
   2.5019980e+06   1.7395020e+01
   2.5020750e+06   1.7150879e+01
   2.5021220e+06   1.8920898e+01
   2.5022070e+06   2.5329590e+01
   2.5022430e+06   2.1118164e+01
   2.5023410e+06   2.0874023e+01
   2.5023740e+06   1.8310547e+01
   2.5110150e+06   2.9785156e+01
   2.5110300e+06   2.7099609e+01
   2.5110510e+06   2.5573730e+01
   2.5110700e+06   3.4362793e+01
   2.5110930e+06   3.2348633e+01
   2.5111090e+06   1.8188477e+01
   2.5111460e+06   2.3986816e+01
   2.5112080e+06   1.8310547e+01
   2.5112340e+06   1.7700195e+01
   2.5112620e+06   1.7517090e+01
   2.5112950e+06   1.7333984e+01
   2.5113270e+06   1.9226074e+01
   2.5114070e+06   2.0324707e+01
   2.5114590e+06   1.8066406e+01
   2.5114820e+06   2.1240234e+01
   2.5115350e+06   1.8554688e+01
   2.5116080e+06   1.8005371e+01
   2.5200570e+06   3.2470703e+01
   2.5200700e+06   1.9470215e+01
   2.5200880e+06   2.0996094e+01
   2.5201100e+06   2.8625488e+01
   2.5201230e+06   2.8076172e+01
   2.5201420e+06   2.8564453e+01
   2.5201980e+06   2.0324707e+01
   2.5202480e+06   1.7517090e+01
   2.5204190e+06   1.9470215e+01
   2.5204450e+06   2.8259277e+01
   2.5205710e+06   1.9653320e+01
   2.5206470e+06   1.7272949e+01
   2.5288490e+06   2.7465820e+01
   2.5288750e+06   2.1606445e+01
   2.5288950e+06   2.6123047e+01
   2.5289060e+06   1.7944336e+01
   2.5289230e+06   3.0029297e+01
   2.5289340e+06   2.3681641e+01
   2.5289650e+06   2.2460938e+01
   2.5290170e+06   1.8615723e+01
   2.5291870e+06   2.1240234e+01
   2.5292120e+06   1.7089844e+01
   2.5292480e+06   1.9348145e+01
   2.5293570e+06   2.0385742e+01
   2.5384590e+06   3.0090332e+01
   2.5384710e+06   2.3925781e+01
   2.5384870e+06   3.0029297e+01
   2.5385180e+06   2.7648926e+01
   2.5385430e+06   2.7526855e+01
   2.5385670e+06   2.1545410e+01
   2.5385840e+06   2.3620605e+01
   2.5386100e+06   2.0324707e+01
   2.5386200e+06   2.5817871e+01
   2.5386480e+06   2.0324707e+01
   2.5387070e+06   1.8493652e+01
   2.5387930e+06   1.9042969e+01
   2.5388740e+06   1.8310547e+01
   2.5389240e+06   1.8859863e+01
   2.5390050e+06   1.9348145e+01
   2.5391660e+06   1.7639160e+01
   2.5496220e+06   3.3508301e+01
   2.5496450e+06   2.8747559e+01
   2.5496780e+06   2.0385742e+01
   2.5497160e+06   2.7099609e+01
   2.5497330e+06   2.0629883e+01
   2.5497620e+06   2.0141602e+01
   2.5498110e+06   2.0812988e+01
   2.5498770e+06   1.7517090e+01
   2.5499320e+06   1.8005371e+01
   2.5500110e+06   2.4414062e+01
   2.5500720e+06   1.7150879e+01
   2.5501310e+06   1.9287109e+01
   2.5502160e+06   2.0446777e+01
   2.5593630e+06   3.2104492e+01
   2.5593830e+06   3.5888672e+01
   2.5593930e+06   3.0883789e+01
   2.5594110e+06   2.1911621e+01
   2.5594330e+06   2.8259277e+01
   2.5594560e+06   2.4291992e+01
   2.5594930e+06   2.1606445e+01
   2.5595180e+06   2.0507812e+01
   2.5595330e+06   1.7761230e+01
   2.5595680e+06   1.9775391e+01
   2.5596980e+06   1.9531250e+01
   2.5597520e+06   1.8920898e+01
   2.5597760e+06   1.9165039e+01
   2.5766070e+06   1.8920898e+01
   2.5766300e+06   2.6428223e+01
   2.5766470e+06   4.1503906e+01
   2.5766620e+06   2.2583008e+01
   2.5766780e+06   1.9287109e+01
   2.5766920e+06   3.0700684e+01
   2.5767080e+06   2.7099609e+01
   2.5767450e+06   2.5878906e+01
   2.5767810e+06   1.9226074e+01
   2.5768130e+06   1.9958496e+01
   2.5768250e+06   1.7944336e+01
   2.5768570e+06   2.0690918e+01
   2.5769830e+06   1.7578125e+01
   2.5770240e+06   1.9714355e+01
   2.5770680e+06   3.1127930e+01
   2.5772150e+06   1.9348145e+01
   2.5772890e+06   1.7456055e+01
   3.0065490e+06   1.9958496e+01
   3.0281600e+06   1.7456055e+01
   3.0285580e+06   1.8188477e+01
   3.0599160e+06   1.7456055e+01
   3.0607340e+06   1.7761230e+01
   3.0818030e+06   1.7822266e+01
   3.1064230e+06   2.4780273e+01
   3.1064750e+06   1.7089844e+01
   3.1065130e+06   1.7150879e+01
   3.1291890e+06   1.7089844e+01
   3.1292060e+06   1.9287109e+01
   3.1292710e+06   1.8493652e+01
   3.1500510e+06   1.7883301e+01
   3.1501380e+06   1.8920898e+01
   3.1501940e+06   1.7333984e+01
   3.1707030e+06   1.8005371e+01
   3.1899060e+06   3.9611816e+01
   3.1899240e+06   2.1362305e+01
   3.1900230e+06   1.7700195e+01
   3.2083320e+06   2.2521973e+01
   3.2083600e+06   1.9653320e+01
   3.2220820e+06   3.3508301e+01
   3.2221270e+06   2.3010254e+01
   3.2222100e+06   2.0935059e+01
   3.2333680e+06   3.0456543e+01
   3.2333860e+06   2.0080566e+01
   3.2334250e+06   2.7465820e+01
   3.2334400e+06   3.0822754e+01
   3.2334880e+06   3.6193848e+01
   3.2335610e+06   2.7893066e+01
   3.2429160e+06   1.7272949e+01
   3.2429270e+06   2.9663086e+01
   3.2429460e+06   2.3315430e+01
   3.2429630e+06   4.1015625e+01
   3.2429900e+06   3.5400391e+01
   3.2430000e+06   1.9836426e+01
   3.2430170e+06   3.3813477e+01
   3.2430340e+06   2.0507812e+01
   3.2430520e+06   2.8442383e+01
   3.2430710e+06   2.0202637e+01
   3.2431010e+06   2.7709961e+01
   3.2431350e+06   3.2226562e+01
   3.2431820e+06   1.9104004e+01
   3.2432070e+06   2.1057129e+01
   3.2433150e+06   2.3986816e+01
   3.2433830e+06   1.9226074e+01
   3.2434340e+06   1.8859863e+01
   3.2435360e+06   2.8381348e+01
   3.2436260e+06   1.7333984e+01
   3.2536170e+06   2.3681641e+01
   3.2536360e+06   3.7353516e+01
   3.2536470e+06   2.9541016e+01
   3.2536790e+06   2.6672363e+01
   3.2537040e+06   1.7089844e+01
   3.2537300e+06   2.3132324e+01
   3.2537510e+06   2.3498535e+01
   3.2538820e+06   1.7456055e+01
   3.2539030e+06   1.8432617e+01
   3.2539440e+06   2.5146484e+01
   3.2539950e+06   1.8066406e+01
   3.2540160e+06   1.7395020e+01
   3.2540740e+06   2.1240234e+01
   3.2541400e+06   2.9541016e+01
   3.2541770e+06   1.7211914e+01
   3.2542620e+06   2.4291992e+01
   3.2655530e+06   2.1728516e+01
   3.2655660e+06   2.2155762e+01
   3.2655810e+06   3.4851074e+01
   3.2656010e+06   3.9978027e+01
   3.2656350e+06   2.4536133e+01
   3.2656580e+06   2.2338867e+01
   3.2656790e+06   3.0639648e+01
   3.2657020e+06   1.8493652e+01
   3.2657470e+06   1.9653320e+01
   3.2658350e+06   1.8371582e+01
   3.2658560e+06   2.0080566e+01
   3.2659020e+06   1.8249512e+01
   3.2659380e+06   1.7456055e+01
   3.2659780e+06   2.4475098e+01
   3.2660020e+06   1.9104004e+01
   3.2660730e+06   2.1606445e+01
   3.2660920e+06   2.1728516e+01
   3.2661500e+06   2.2766113e+01
   3.2661650e+06   1.8554688e+01
   3.2662270e+06   1.8615723e+01
   3.2662990e+06   2.3742676e+01
   3.2664750e+06   2.1667480e+01
   3.2740470e+06   1.9531250e+01
   3.2740770e+06   2.9724121e+01
   3.2740970e+06   2.4597168e+01
   3.2741140e+06   2.2460938e+01
   3.2741360e+06   3.3813477e+01
   3.2741570e+06   3.5400391e+01
   3.2741840e+06   2.2949219e+01
   3.2742100e+06   2.4780273e+01
   3.2742340e+06   2.5939941e+01
   3.2742650e+06   1.7700195e+01
   3.2742850e+06   2.0996094e+01
   3.2743230e+06   1.8127441e+01
   3.2743770e+06   2.0324707e+01
   3.2744100e+06   1.7272949e+01
   3.2744710e+06   2.1911621e+01
   3.2745560e+06   1.9470215e+01
   3.2746150e+06   2.0690918e+01
   3.2746940e+06   2.1850586e+01
   3.2817770e+06   3.1677246e+01
   3.2818130e+06   2.0263672e+01
   3.2818260e+06   3.3081055e+01
   3.2818400e+06   2.3376465e+01
   3.2818660e+06   4.3273926e+01
   3.2818850e+06   1.7395020e+01
   3.2819100e+06   3.0883789e+01
   3.2819220e+06   2.1362305e+01
   3.2819470e+06   3.6621094e+01
   3.2819880e+06   1.8188477e+01
   3.2820290e+06   1.8981934e+01
   3.2820630e+06   2.6306152e+01
   3.2822610e+06   1.8005371e+01
   3.2823100e+06   2.0202637e+01
   3.2824050e+06   2.4475098e+01
   3.2873260e+06   2.6184082e+01
   3.2873790e+06   2.7832031e+01
   3.2874000e+06   1.8981934e+01
   3.2874140e+06   2.5085449e+01
   3.2874510e+06   1.7944336e+01
   3.2874780e+06   2.3376465e+01
   3.2874900e+06   1.8249512e+01
   3.2875100e+06   4.1015625e+01
   3.2875200e+06   2.1972656e+01
   3.2875370e+06   1.7883301e+01
   3.2875680e+06   2.6489258e+01
   3.2876120e+06   1.7822266e+01
   3.2876660e+06   1.7272949e+01
   3.2878490e+06   2.0751953e+01
   3.2927300e+06   3.0334473e+01
   3.2927960e+06   2.4597168e+01
   3.2928280e+06   2.2216797e+01
   3.2928440e+06   1.7822266e+01
   3.2928720e+06   3.2531738e+01
   3.2928900e+06   2.0629883e+01
   3.2929200e+06   2.0751953e+01
   3.2929300e+06   2.0507812e+01
   3.2929780e+06   2.5756836e+01
   3.2930130e+06   1.9287109e+01
   3.2931060e+06   1.9287109e+01
   3.2931920e+06   1.7333984e+01
   3.2972080e+06   1.8432617e+01
   3.2972430e+06   2.2094727e+01
   3.2973120e+06   2.7832031e+01
   3.2973390e+06   3.2165527e+01
   3.2973680e+06   2.0568848e+01
   3.2973970e+06   4.8400879e+01
   3.2974490e+06   2.3132324e+01
   3.2974760e+06   2.1667480e+01
   3.2974860e+06   1.8615723e+01
   3.3012830e+06   2.6794434e+01
   3.3013290e+06   1.8981934e+01
   3.3013650e+06   2.7343750e+01
   3.3013820e+06   3.0090332e+01
   3.3013940e+06   2.1179199e+01
   3.3014290e+06   2.3864746e+01
   3.3014470e+06   2.7099609e+01
   3.3014970e+06   1.9836426e+01
   3.3015350e+06   2.0446777e+01
   3.3017120e+06   1.7272949e+01
   3.3018700e+06   1.9592285e+01
   3.3056680e+06   2.6306152e+01
   3.3057070e+06   2.7282715e+01
   3.3057210e+06   2.1545410e+01
   3.3057510e+06   2.8320312e+01
   3.3057710e+06   4.0466309e+01
   3.3058040e+06   2.9479980e+01
   3.3058240e+06   2.2827148e+01
   3.3058370e+06   1.9836426e+01
   3.3058710e+06   2.6000977e+01
   3.3104560e+06   2.8625488e+01
   3.3104940e+06   3.0212402e+01
   3.3105170e+06   2.8625488e+01
   3.3105430e+06   2.4658203e+01
   3.3105620e+06   2.9968262e+01
   3.3106000e+06   1.8066406e+01
   3.3106560e+06   2.1118164e+01
   3.3107180e+06   1.8188477e+01
   3.3108660e+06   1.9409180e+01
   3.3109520e+06   2.0690918e+01
   3.3144700e+06   2.4291992e+01
   3.3145610e+06   2.3864746e+01
   3.3145960e+06   3.0090332e+01
   3.3146310e+06   3.5339355e+01
   3.3146670e+06   1.7211914e+01
   3.3147070e+06   2.0263672e+01
   3.3147480e+06   1.9592285e+01
   3.3180860e+06   2.6916504e+01
   3.3181210e+06   2.4536133e+01
   3.3181490e+06   1.7822266e+01
   3.3181670e+06   3.0822754e+01
   3.3182010e+06   1.9897461e+01
   3.3182120e+06   2.5146484e+01
   3.3182510e+06   1.8188477e+01
   3.3182640e+06   2.7526855e+01
   3.3218520e+06   2.8259277e+01
   3.3218910e+06   1.8066406e+01
   3.3219370e+06   2.4597168e+01
   3.3219670e+06   3.4118652e+01
   3.3219840e+06   2.0080566e+01
   3.3220000e+06   2.7465820e+01
   3.3220300e+06   2.0263672e+01
   3.3220740e+06   1.7333984e+01
   3.3221360e+06   1.8127441e+01
   3.3255880e+06   2.5878906e+01
   3.3256180e+06   3.4423828e+01
   3.3256640e+06   2.6489258e+01
   3.3256750e+06   2.3803711e+01
   3.3257010e+06   2.5878906e+01
   3.3257380e+06   1.7089844e+01
   3.3257840e+06   1.7211914e+01
   3.3258680e+06   1.9653320e+01
   3.3294220e+06   2.5756836e+01
   3.3294440e+06   2.1301270e+01
   3.3294550e+06   2.3071289e+01
   3.3294930e+06   1.8066406e+01
   3.3295280e+06   4.2907715e+01
   3.3295430e+06   2.0568848e+01
   3.3295620e+06   2.1301270e+01
   3.3295900e+06   2.9785156e+01
   3.3296290e+06   2.0080566e+01
   3.3332060e+06   2.4963379e+01
   3.3332610e+06   2.7160645e+01
   3.3332850e+06   2.2521973e+01
   3.3333260e+06   3.3142090e+01
   3.3333780e+06   2.6489258e+01
   3.3334160e+06   1.7883301e+01
   3.3370880e+06   2.0263672e+01
   3.3371160e+06   1.9287109e+01
   3.3371350e+06   3.2531738e+01
   3.3371510e+06   2.5756836e+01
   3.3371830e+06   1.8798828e+01
   3.3372320e+06   3.2592773e+01
   3.3372810e+06   1.7700195e+01
   3.3372910e+06   2.1911621e+01
   3.3409550e+06   3.0517578e+01
   3.3409870e+06   2.3132324e+01
   3.3410210e+06   2.5695801e+01
   3.3410450e+06   2.7343750e+01
   3.3410660e+06   2.6123047e+01
   3.3410970e+06   2.1850586e+01
   3.3445650e+06   2.7404785e+01
   3.3445930e+06   3.9794922e+01
   3.3446260e+06   3.5888672e+01
   3.3446440e+06   2.8442383e+01
   3.3446700e+06   2.6428223e+01
   3.3446910e+06   1.7700195e+01
   3.3447070e+06   1.7639160e+01
   3.3447210e+06   1.7333984e+01
   3.3447650e+06   2.0385742e+01
   3.3447940e+06   1.8066406e+01
   3.3448440e+06   1.7089844e+01
   3.3483940e+06   2.7709961e+01
   3.3484180e+06   2.7648926e+01
   3.3484430e+06   2.4047852e+01
   3.3484600e+06   3.0395508e+01
   3.3484730e+06   2.3010254e+01
   3.3485060e+06   2.0080566e+01
   3.3485260e+06   2.4597168e+01
   3.3485880e+06   1.7456055e+01
   3.3519440e+06   2.1545410e+01
   3.3519810e+06   1.9348145e+01
   3.3520040e+06   1.7456055e+01
   3.3520190e+06   2.0324707e+01
   3.3520400e+06   2.5207520e+01
   3.3520510e+06   3.0517578e+01
   3.3520820e+06   1.8371582e+01
   3.3521060e+06   1.7761230e+01
   3.3556760e+06   2.9052734e+01
   3.3557030e+06   3.0517578e+01
   3.3557420e+06   2.2155762e+01
   3.3557570e+06   3.5034180e+01
   3.3557840e+06   2.0568848e+01
   3.3558080e+06   4.2419434e+01
   3.3558290e+06   1.7700195e+01
   3.3558720e+06   2.9968262e+01
   3.3595420e+06   1.8981934e+01
   3.3595650e+06   1.9042969e+01
   3.3596020e+06   2.4169922e+01
   3.3596270e+06   2.8991699e+01
   3.3596490e+06   2.3620605e+01
   3.3596590e+06   2.0690918e+01
   3.3596870e+06   1.7395020e+01
   3.3597190e+06   1.9348145e+01
   3.3597330e+06   2.0629883e+01
   3.3598140e+06   1.7761230e+01
   3.3635560e+06   2.7770996e+01
   3.3635860e+06   2.7282715e+01
   3.3636330e+06   2.0507812e+01
   3.3636570e+06   2.1972656e+01
   3.3636830e+06   2.9235840e+01
   3.3637010e+06   2.3071289e+01
   3.3637360e+06   1.9470215e+01
   3.3676710e+06   2.5756836e+01
   3.3677220e+06   2.1179199e+01
   3.3677820e+06   1.7395020e+01
   3.3678100e+06   1.9470215e+01
   3.3710410e+06   2.0324707e+01
   3.3710510e+06   1.7700195e+01
   3.3710750e+06   4.0344238e+01
   3.3710920e+06   2.6123047e+01
   3.3711210e+06   2.7587891e+01
   3.3711660e+06   2.1057129e+01
   3.3713310e+06   2.1057129e+01
   3.3753060e+06   2.2705078e+01
   3.3753210e+06   2.7282715e+01
   3.3753330e+06   2.0446777e+01
   3.3753700e+06   1.8005371e+01
   3.3753940e+06   2.5207520e+01
   3.3754150e+06   1.7150879e+01
   3.3754450e+06   2.5878906e+01
   3.3755750e+06   2.0874023e+01
   3.3799740e+06   2.8442383e+01
   3.3800040e+06   3.4729004e+01
   3.3800470e+06   2.7465820e+01
   3.3800740e+06   1.9348145e+01
   3.3801120e+06   1.8371582e+01
   3.3801230e+06   1.7395020e+01
   3.3801490e+06   2.1850586e+01
   3.3802240e+06   1.9897461e+01
   3.3849610e+06   2.3010254e+01
   3.3849880e+06   2.2888184e+01
   3.3850260e+06   3.2592773e+01
   3.3850460e+06   2.5268555e+01
   3.3850640e+06   2.8320313e+01
   3.3850850e+06   1.8188477e+01
   3.3851320e+06   1.7456055e+01
   3.3851570e+06   1.9409180e+01
   3.3852130e+06   2.0202637e+01
   3.3900370e+06   2.7648926e+01
   3.3900670e+06   2.5390625e+01
   3.3900810e+06   3.0151367e+01
   3.3901220e+06   3.0212402e+01
   3.3901430e+06   1.9348145e+01
   3.3901680e+06   1.9836426e+01
   3.3902370e+06   1.8432617e+01
   3.3953230e+06   1.7761230e+01
   3.3953490e+06   4.3090820e+01
   3.3953740e+06   2.0690918e+01
   3.3953870e+06   3.2897949e+01
   3.3954280e+06   4.0405273e+01
   3.3954680e+06   1.9104004e+01
   3.3954840e+06   2.0935059e+01
   3.3955150e+06   1.9958496e+01
   3.3955910e+06   1.9348145e+01
   3.3956340e+06   1.9165039e+01
   3.4001510e+06   1.7150879e+01
   3.4001760e+06   1.7272949e+01
   3.4002130e+06   4.2419434e+01
   3.4002300e+06   2.6611328e+01
   3.4002590e+06   1.8371582e+01
   3.4002690e+06   2.5573730e+01
   3.4002890e+06   3.0212402e+01
   3.4003470e+06   2.7404785e+01
   3.4003920e+06   1.7883301e+01
   3.4059970e+06   2.6123047e+01
   3.4060120e+06   2.2155762e+01
   3.4060570e+06   2.8808594e+01
   3.4060850e+06   1.7333984e+01
   3.4061330e+06   1.9714355e+01
   3.4061570e+06   1.8615723e+01
   3.4061820e+06   1.9409180e+01
   3.4061950e+06   1.8920898e+01
   3.4062780e+06   1.7272949e+01
   3.4064290e+06   1.7639160e+01
   3.4121720e+06   2.4536133e+01
   3.4122020e+06   1.9775391e+01
   3.4122370e+06   2.4414063e+01
   3.4122550e+06   1.9042969e+01
   3.4122940e+06   3.0944824e+01
   3.4123150e+06   1.7089844e+01
   3.4123520e+06   1.8920898e+01
   3.4184600e+06   2.1301270e+01
   3.4184810e+06   2.4719238e+01
   3.4185000e+06   3.4240723e+01
   3.4185240e+06   2.0324707e+01
   3.4185440e+06   4.2114258e+01
   3.4185820e+06   2.4902344e+01
   3.4186010e+06   2.1057129e+01
   3.4186280e+06   2.1728516e+01
   3.4188300e+06   1.8249512e+01
   3.4189180e+06   1.7578125e+01
   3.4248030e+06   2.0629883e+01
   3.4248250e+06   1.9042969e+01
   3.4248450e+06   2.3681641e+01
   3.4248560e+06   2.6428223e+01
   3.4248880e+06   3.6376953e+01
   3.4249020e+06   1.9348145e+01
   3.4249470e+06   2.8076172e+01
   3.4249750e+06   1.9348145e+01
   3.4250630e+06   1.7578125e+01
   3.4316310e+06   1.7089844e+01
   3.4316430e+06   2.4169922e+01
   3.4316730e+06   2.5878906e+01
   3.4317050e+06   2.2033691e+01
   3.4317240e+06   1.7700195e+01
   3.4317510e+06   1.7700195e+01
   3.4317770e+06   1.7211914e+01
   3.4318020e+06   2.4902344e+01
   3.4318580e+06   2.1362305e+01
   3.4318710e+06   1.8737793e+01
   3.4319210e+06   1.8798828e+01
   3.4319700e+06   2.4902344e+01
   3.4321050e+06   2.4475098e+01
   3.4383670e+06   1.9897461e+01
   3.4383770e+06   3.3691406e+01
   3.4383930e+06   2.8259277e+01
   3.4384080e+06   2.1240234e+01
   3.4384290e+06   1.7333984e+01
   3.4384440e+06   2.4719238e+01
   3.4384860e+06   2.7343750e+01
   3.4385120e+06   2.1118164e+01
   3.4385320e+06   2.4780273e+01
   3.4385710e+06   1.9775391e+01
   3.4386010e+06   2.0446777e+01
   3.4386460e+06   1.7578125e+01
   3.4387180e+06   2.2155762e+01
   3.4471050e+06   1.9409180e+01
   3.4471220e+06   1.8737793e+01
   3.4471460e+06   3.6132813e+01
   3.4471590e+06   2.7038574e+01
   3.4471850e+06   2.7404785e+01
   3.4472300e+06   2.4291992e+01
   3.4473110e+06   2.0263672e+01
   3.4473480e+06   1.7822266e+01
   3.4473780e+06   1.9226074e+01
   3.4474930e+06   2.8503418e+01
   3.4475790e+06   1.7578125e+01
   3.4476190e+06   2.8686523e+01
   3.4476400e+06   1.7456055e+01
   3.4476980e+06   1.7150879e+01
   3.4562600e+06   2.8564453e+01
   3.4562960e+06   1.9958496e+01
   3.4563230e+06   2.9785156e+01
   3.4563350e+06   2.3071289e+01
   3.4563580e+06   2.3010254e+01
   3.4564080e+06   2.6306152e+01
   3.4565040e+06   1.7639160e+01
   3.4565420e+06   2.5207520e+01
   3.4566000e+06   1.7700195e+01
   3.4566580e+06   1.7700195e+01
   3.4567250e+06   2.0874023e+01
   3.4568050e+06   2.0751953e+01
   3.4667510e+06   5.2124023e+01
   3.4667800e+06   2.7221680e+01
   3.4667950e+06   2.3132324e+01
   3.4668330e+06   2.7770996e+01
   3.4668640e+06   1.7089844e+01
   3.4668860e+06   2.3681641e+01
   3.4669100e+06   2.0507812e+01
   3.4669400e+06   1.7517090e+01
   3.4669850e+06   1.7333984e+01
   3.4670060e+06   1.7761230e+01
   3.4670350e+06   1.9226074e+01
   3.4670750e+06   1.7822266e+01
   3.4671130e+06   2.3620605e+01
   3.4671240e+06   1.8066406e+01
   3.4671680e+06   1.8310547e+01
   3.4671940e+06   2.1789551e+01
   3.4672670e+06   2.2338867e+01
   3.4673110e+06   1.7272949e+01
   3.4673860e+06   1.7822266e+01
   3.4780770e+06   2.8625488e+01
   3.4781040e+06   3.8818359e+01
   3.4781300e+06   4.6569824e+01
   3.4781440e+06   1.8249512e+01
   3.4781610e+06   2.6611328e+01
   3.4781780e+06   1.9775391e+01
   3.4782120e+06   2.3986816e+01
   3.4782410e+06   2.3925781e+01
   3.4782950e+06   2.1423340e+01
   3.4783330e+06   2.2705078e+01
   3.4783750e+06   2.0385742e+01
   3.4784130e+06   1.7761230e+01
   3.4784230e+06   1.8432617e+01
   3.4784380e+06   1.7395020e+01
   3.4785050e+06   1.9409180e+01
   3.4785480e+06   1.8188477e+01
   3.4785970e+06   2.0324707e+01
   3.4787690e+06   2.0446777e+01
   3.4945530e+06   3.0151367e+01
   3.4945790e+06   4.0710449e+01
   3.4946200e+06   3.4423828e+01
   3.4946580e+06   3.1921387e+01
   3.4946830e+06   2.1240234e+01
   3.4946930e+06   1.8981934e+01
   3.4947300e+06   1.9836426e+01
   3.4947610e+06   1.7333984e+01
   3.4947730e+06   1.7395020e+01
   3.4948560e+06   1.9592285e+01
   3.4949100e+06   1.9653320e+01
   3.4949380e+06   2.0141602e+01
   3.4949510e+06   2.1667480e+01
   3.4949770e+06   1.7639160e+01
   3.4950000e+06   2.1301270e+01
   3.4950420e+06   2.3254395e+01
   3.4950550e+06   2.2460938e+01
   3.4951230e+06   1.7395020e+01
   3.5268390e+06   2.4597168e+01
   3.5268670e+06   1.7517090e+01
   3.5268860e+06   2.9907227e+01
   3.5269050e+06   1.8615723e+01
   3.5269220e+06   2.4353027e+01
   3.5269670e+06   3.6682129e+01
   3.5269770e+06   1.9958496e+01
   3.5269900e+06   2.0446777e+01
   3.5270360e+06   1.9958496e+01
   3.5270520e+06   2.5451660e+01
   3.5270670e+06   3.8391113e+01
   3.5271100e+06   1.7517090e+01
   3.5271660e+06   2.4353027e+01
   3.5271830e+06   1.7150879e+01
   3.5273170e+06   1.7578125e+01
   3.8831070e+06   1.7211914e+01
   3.9255650e+06   1.7822266e+01
   3.9545980e+06   1.7150879e+01
   3.9546210e+06   1.9104004e+01
   3.9862930e+06   1.9165039e+01
   4.0093670e+06   1.8249512e+01
   4.0095860e+06   1.7150879e+01
   4.0308030e+06   1.9470215e+01
   4.0308520e+06   1.9104004e+01
   4.0309460e+06   1.9653320e+01
   4.0729030e+06   1.9165039e+01
   4.0928640e+06   2.0935059e+01
   4.0930120e+06   1.8066406e+01
   4.0930390e+06   1.7944336e+01
   4.1082230e+06   1.7883301e+01
   4.1082330e+06   1.7517090e+01
   4.1082860e+06   1.8676758e+01
   4.1083930e+06   1.8493652e+01
   4.1085140e+06   1.8371582e+01
   4.1282570e+06   1.7333984e+01
   4.1282740e+06   1.7333984e+01
   4.1396800e+06   2.1545410e+01
   4.1397170e+06   1.8188477e+01
   4.1536190e+06   2.2460938e+01
   4.1537110e+06   2.2644043e+01
   4.1538200e+06   1.7272949e+01
   4.1649540e+06   1.7700195e+01
   4.1650000e+06   1.9042969e+01
   4.1650180e+06   3.1555176e+01
   4.1650920e+06   2.6428223e+01
   4.1762960e+06   2.0935059e+01
   4.1763100e+06   3.0212402e+01
   4.1763280e+06   2.1057129e+01
   4.1763540e+06   2.5756836e+01
   4.1764140e+06   2.1545410e+01
   4.1857460e+06   1.7517090e+01
   4.1857910e+06   3.2470703e+01
   4.1858210e+06   2.5939941e+01
   4.1858330e+06   1.9226074e+01
   4.1858490e+06   2.7404785e+01
   4.1858730e+06   2.4353027e+01
   4.1858950e+06   2.5329590e+01
   4.1859310e+06   2.2277832e+01
   4.1859410e+06   2.0812988e+01
   4.1859610e+06   1.8920898e+01
   4.1985640e+06   2.5817871e+01
   4.1985950e+06   2.9357910e+01
   4.1986110e+06   5.9265137e+01
   4.1986480e+06   5.0170898e+01
   4.1986730e+06   2.2460938e+01
   4.1986840e+06   1.7639160e+01
   4.1986990e+06   2.5695801e+01
   4.1987220e+06   1.8188477e+01
   4.1987400e+06   1.8432617e+01
   4.1987510e+06   1.7211914e+01
   4.1987810e+06   1.7822266e+01
   4.1988170e+06   2.7343750e+01
   4.1988560e+06   3.0456543e+01
   4.1989240e+06   2.6733398e+01
   4.1989720e+06   1.7761230e+01
   4.1990290e+06   2.5756836e+01
   4.1991640e+06   1.7150879e+01
   4.1994010e+06   2.1362305e+01
   4.2106500e+06   2.7526855e+01
   4.2106900e+06   1.7578125e+01
   4.2107140e+06   4.2480469e+01
   4.2107300e+06   3.3874512e+01
   4.2107600e+06   2.5756836e+01
   4.2107940e+06   2.0629883e+01
   4.2108180e+06   1.7761230e+01
   4.2108390e+06   1.8981934e+01
   4.2108680e+06   1.7456055e+01
   4.2109040e+06   2.0690918e+01
   4.2110340e+06   2.5268555e+01
   4.2110770e+06   1.9958496e+01
   4.2111470e+06   2.0629883e+01
   4.2112000e+06   2.1545410e+01
   4.2209560e+06   1.9592285e+01
   4.2209940e+06   2.5085449e+01
   4.2210740e+06   2.1667480e+01
   4.2210930e+06   4.8461914e+01
   4.2211040e+06   1.9042969e+01
   4.2211350e+06   2.7648926e+01
   4.2211600e+06   1.9714355e+01
   4.2211840e+06   1.7211914e+01
   4.2212410e+06   2.1240234e+01
   4.2212640e+06   1.8615723e+01
   4.2212920e+06   1.7639160e+01
   4.2213720e+06   2.1423340e+01
   4.2214890e+06   2.2766113e+01
   4.2215960e+06   2.1789551e+01
   4.2216730e+06   1.9531250e+01
   4.2308720e+06   2.9113770e+01
   4.2309190e+06   1.8676758e+01
   4.2309320e+06   2.9479980e+01
   4.2309470e+06   3.0639648e+01
   4.2309600e+06   1.7211914e+01
   4.2309730e+06   3.8452148e+01
   4.2310050e+06   2.2033691e+01
   4.2310840e+06   2.0324707e+01
   4.2311180e+06   1.8127441e+01
   4.2311560e+06   2.0019531e+01
   4.2311910e+06   2.0812988e+01
   4.2312330e+06   1.8920898e+01
   4.2312810e+06   1.8066406e+01
   4.2313990e+06   2.0935059e+01
   4.2314270e+06   1.8127441e+01
   4.2314900e+06   1.9775391e+01
   4.2387620e+06   2.2888184e+01
   4.2387860e+06   1.8554688e+01
   4.2388030e+06   1.9165039e+01
   4.2388150e+06   2.1789551e+01
   4.2388350e+06   3.5156250e+01
   4.2388560e+06   1.9592285e+01
   4.2388720e+06   1.9470215e+01
   4.2388880e+06   1.7517090e+01
   4.2389080e+06   2.0996094e+01
   4.2389340e+06   1.7578125e+01
   4.2390030e+06   1.8127441e+01
   4.2390420e+06   1.9348145e+01
   4.2390910e+06   1.8737793e+01
   4.2391700e+06   1.8676758e+01
   4.2392240e+06   1.9348145e+01
   4.2393090e+06   1.8798828e+01
   4.2394160e+06   2.0568848e+01
   4.2446700e+06   2.5878906e+01
   4.2447080e+06   2.3437500e+01
   4.2447420e+06   2.3010254e+01
   4.2447710e+06   2.4780273e+01
   4.2447890e+06   3.2470703e+01
   4.2448270e+06   3.0151367e+01
   4.2448740e+06   2.5024414e+01
   4.2449110e+06   2.0141602e+01
   4.2449460e+06   1.9653320e+01
   4.2449600e+06   2.3864746e+01
   4.2501250e+06   2.8137207e+01
   4.2501540e+06   2.8625488e+01
   4.2501730e+06   2.5024414e+01
   4.2501940e+06   3.4973145e+01
   4.2502110e+06   2.2399902e+01
   4.2502430e+06   2.5329590e+01
   4.2502710e+06   2.2644043e+01
   4.2503180e+06   2.3315430e+01
   4.2503970e+06   1.8005371e+01
   4.2504490e+06   2.5329590e+01
   4.2505320e+06   2.3315430e+01
   4.2506400e+06   2.1606445e+01
   4.2552240e+06   1.7211914e+01
   4.2552730e+06   1.9470215e+01
   4.2553200e+06   3.1127930e+01
   4.2553470e+06   4.2663574e+01
   4.2553590e+06   1.7639160e+01
   4.2553750e+06   2.0629883e+01
   4.2553930e+06   2.2644043e+01
   4.2554230e+06   2.1179199e+01
   4.2554390e+06   2.9724121e+01
   4.2554490e+06   2.0935059e+01
   4.2555790e+06   1.8066406e+01
   4.2594210e+06   2.0874023e+01
   4.2594540e+06   2.1301270e+01
   4.2594900e+06   2.7465820e+01
   4.2595040e+06   1.7822266e+01
   4.2595220e+06   1.7578125e+01
   4.2595350e+06   3.7658691e+01
   4.2595860e+06   3.5339355e+01
   4.2596160e+06   2.1301270e+01
   4.2596360e+06   1.7761230e+01
   4.2634290e+06   2.0690918e+01
   4.2634660e+06   2.3559570e+01
   4.2634970e+06   2.4475098e+01
   4.2635280e+06   3.4545898e+01
   4.2635610e+06   2.5878906e+01
   4.2635780e+06   3.3935547e+01
   4.2636120e+06   1.7822266e+01
   4.2636470e+06   2.6000977e+01
   4.2674490e+06   1.8859863e+01
   4.2674840e+06   2.7893066e+01
   4.2675130e+06   3.1311035e+01
   4.2675470e+06   2.9418945e+01
   4.2675620e+06   1.8371582e+01
   4.2675780e+06   1.7211914e+01
   4.2676150e+06   3.9184570e+01
   4.2676890e+06   1.8554688e+01
   4.2714800e+06   2.8808594e+01
   4.2715070e+06   1.7517090e+01
   4.2715200e+06   3.1433105e+01
   4.2715460e+06   4.0771484e+01
   4.2715700e+06   2.1972656e+01
   4.2715920e+06   3.0273438e+01
   4.2716200e+06   1.8371582e+01
   4.2716450e+06   2.0446777e+01
   4.2716580e+06   2.2583008e+01
   4.2716920e+06   2.0751953e+01
   4.2717440e+06   1.7395020e+01
   4.2754900e+06   2.3803711e+01
   4.2755250e+06   2.1362305e+01
   4.2755710e+06   3.5400391e+01
   4.2756450e+06   2.0568848e+01
   4.2756870e+06   1.9287109e+01
   4.2791650e+06   1.7456055e+01
   4.2792080e+06   2.7038574e+01
   4.2792400e+06   2.6428223e+01
   4.2792740e+06   4.0649414e+01
   4.2792980e+06   3.9733887e+01
   4.2793200e+06   1.7211914e+01
   4.2793300e+06   2.0629883e+01
   4.2793590e+06   2.7893066e+01
   4.2794220e+06   2.1362305e+01
   4.2794330e+06   2.1667480e+01
   4.2794830e+06   1.8981934e+01
   4.2832870e+06   1.9226074e+01
   4.2833200e+06   2.4353027e+01
   4.2833440e+06   2.3071289e+01
   4.2833640e+06   2.5695801e+01
   4.2833750e+06   2.6306152e+01
   4.2834190e+06   2.9174805e+01
   4.2834330e+06   2.6245117e+01
   4.2834730e+06   2.0751953e+01
   4.2834910e+06   2.3620605e+01
   4.2835380e+06   1.8310547e+01
   4.2872180e+06   1.9714355e+01
   4.2872440e+06   3.5034180e+01
   4.2872740e+06   2.0019531e+01
   4.2872880e+06   2.5634766e+01
   4.2873000e+06   2.0629883e+01
   4.2873350e+06   1.9409180e+01
   4.2873490e+06   1.8554688e+01
   4.2873710e+06   1.7089844e+01
   4.2874040e+06   1.9409180e+01
   4.2909410e+06   1.8493652e+01
   4.2909580e+06   2.2766113e+01
   4.2909850e+06   1.9348145e+01
   4.2910180e+06   3.9611816e+01
   4.2910460e+06   3.8085938e+01
   4.2910660e+06   2.6489258e+01
   4.2911190e+06   1.7639160e+01
   4.2912150e+06   1.7639160e+01
   4.2950880e+06   2.0263672e+01
   4.2951240e+06   3.0029297e+01
   4.2951450e+06   2.4230957e+01
   4.2951780e+06   2.6977539e+01
   4.2951930e+06   1.8066406e+01
   4.2952190e+06   2.1423340e+01
   4.2952440e+06   2.1423340e+01
   4.2952610e+06   2.0629883e+01
   4.2953320e+06   1.7700195e+01
   4.2991010e+06   2.0019531e+01
   4.2991400e+06   1.7822266e+01
   4.2991680e+06   3.0151367e+01
   4.2992000e+06   1.9897461e+01
   4.2992190e+06   3.1127930e+01
   4.2992800e+06   2.1972656e+01
   4.3033610e+06   2.0935059e+01
   4.3033950e+06   2.2521973e+01
   4.3034060e+06   2.2094727e+01
   4.3034300e+06   3.0395508e+01
   4.3034560e+06   3.2531738e+01
   4.3034790e+06   2.5207520e+01
   4.3034940e+06   2.3864746e+01
   4.3035390e+06   2.1301270e+01
   4.3035500e+06   2.6977539e+01
   4.3036270e+06   3.2653809e+01
   4.3072980e+06   2.2277832e+01
   4.3073300e+06   1.9897461e+01
   4.3073660e+06   2.3986816e+01
   4.3073800e+06   3.2409668e+01
   4.3074180e+06   2.8808594e+01
   4.3074800e+06   1.8371582e+01
   4.3075030e+06   1.7211914e+01
   4.3114800e+06   2.0324707e+01
   4.3115070e+06   2.3132324e+01
   4.3115320e+06   2.0690918e+01
   4.3115570e+06   4.1076660e+01
   4.3116000e+06   3.4484863e+01
   4.3116150e+06   2.2705078e+01
   4.3116460e+06   2.3864746e+01
   4.3116560e+06   2.1179199e+01
   4.3116870e+06   1.9470215e+01
   4.3117980e+06   1.7578125e+01
   4.3157670e+06   2.3803711e+01
   4.3157970e+06   2.4475098e+01
   4.3158260e+06   4.0100098e+01
   4.3158860e+06   4.0588379e+01
   4.3159170e+06   2.0080566e+01
   4.3159430e+06   2.9968262e+01
   4.3159800e+06   2.0690918e+01
   4.3201640e+06   2.2949219e+01
   4.3201970e+06   2.1545410e+01
   4.3202250e+06   4.1198730e+01
   4.3202400e+06   1.7944336e+01
   4.3202820e+06   2.1057129e+01
   4.3203890e+06   1.8310547e+01
   4.3247850e+06   2.5085449e+01
   4.3248100e+06   2.2644043e+01
   4.3248410e+06   4.1687012e+01
   4.3248700e+06   2.5085449e+01
   4.3248950e+06   2.7832031e+01
   4.3249050e+06   2.0812988e+01
   4.3250360e+06   1.9775391e+01
   4.3291710e+06   1.7333984e+01
   4.3292050e+06   1.8798828e+01
   4.3292370e+06   2.2583008e+01
   4.3292550e+06   2.4841309e+01
   4.3292650e+06   1.7456055e+01
   4.3292770e+06   2.3254395e+01
   4.3293170e+06   3.2287598e+01
   4.3293340e+06   1.7272949e+01
   4.3293810e+06   2.0080566e+01
   4.3294310e+06   1.7211914e+01
   4.3343130e+06   3.4912109e+01
   4.3343450e+06   2.9663086e+01
   4.3343680e+06   2.2949219e+01
   4.3343870e+06   2.0385742e+01
   4.3344160e+06   1.8676758e+01
   4.3344370e+06   2.9174805e+01
   4.3344680e+06   1.8676758e+01
   4.3346220e+06   1.8615723e+01
   4.3397840e+06   2.8808594e+01
   4.3397970e+06   2.3132324e+01
   4.3398080e+06   2.0141602e+01
   4.3398380e+06   2.8076172e+01
   4.3398700e+06   2.9663086e+01
   4.3398850e+06   2.1850586e+01
   4.3399140e+06   2.8930664e+01
   4.3399430e+06   2.2949219e+01
   4.3399840e+06   1.9165039e+01
   4.3400110e+06   1.7578125e+01
   4.3400850e+06   1.7456055e+01
   4.3448220e+06   3.4912109e+01
   4.3448360e+06   1.9958496e+01
   4.3448620e+06   2.8869629e+01
   4.3448880e+06   2.2521973e+01
   4.3449140e+06   4.1198730e+01
   4.3449490e+06   1.7578125e+01
   4.3449610e+06   1.7883301e+01
   4.3450480e+06   1.7578125e+01
   4.3501070e+06   2.0019531e+01
   4.3501390e+06   2.1728516e+01
   4.3501660e+06   4.1259766e+01
   4.3501920e+06   1.8554688e+01
   4.3502080e+06   2.1972656e+01
   4.3502490e+06   2.3315430e+01
   4.3503500e+06   1.8493652e+01
   4.3504180e+06   1.8066406e+01
   4.3561910e+06   2.1057129e+01
   4.3562150e+06   2.4841309e+01
   4.3562270e+06   3.3569336e+01
   4.3562400e+06   1.7700195e+01
   4.3562660e+06   2.4841309e+01
   4.3562890e+06   2.1850586e+01
   4.3563130e+06   1.7272949e+01
   4.3563620e+06   1.8554688e+01
   4.3563940e+06   1.8737793e+01
   4.3564310e+06   1.9409180e+01
   4.3620810e+06   2.5390625e+01
   4.3620910e+06   2.1911621e+01
   4.3621210e+06   2.5817871e+01
   4.3621380e+06   3.6743164e+01
   4.3621640e+06   2.6916504e+01
   4.3621900e+06   2.0263672e+01
   4.3622140e+06   2.3010254e+01
   4.3623350e+06   1.8310547e+01
   4.3679180e+06   3.1494141e+01
   4.3679430e+06   2.2766113e+01
   4.3679610e+06   4.3151855e+01
   4.3679990e+06   2.6855469e+01
   4.3680330e+06   1.7211914e+01
   4.3680540e+06   2.8625488e+01
   4.3681220e+06   1.7578125e+01
   4.3681600e+06   1.7395020e+01
   4.3681950e+06   1.9775391e+01
   4.3682880e+06   2.1240234e+01
   4.3740010e+06   1.8554688e+01
   4.3740410e+06   3.0212402e+01
   4.3740700e+06   2.8625488e+01
   4.3740950e+06   2.5390625e+01
   4.3741200e+06   2.8564453e+01
   4.3741330e+06   2.1606445e+01
   4.3741770e+06   2.9602051e+01
   4.3742230e+06   2.1484375e+01
   4.3743140e+06   1.8371582e+01
   4.3743900e+06   2.3620605e+01
   4.3801970e+06   1.8615723e+01
   4.3802110e+06   1.8859863e+01
   4.3802260e+06   2.1240234e+01
   4.3802510e+06   2.8442383e+01
   4.3802860e+06   1.9897461e+01
   4.3802960e+06   2.4597168e+01
   4.3803140e+06   2.1057129e+01
   4.3803430e+06   2.2216797e+01
   4.3803780e+06   2.3315430e+01
   4.3804240e+06   1.9592285e+01
   4.3805920e+06   1.7944336e+01
   4.3874260e+06   2.0996094e+01
   4.3874560e+06   2.3803711e+01
   4.3874750e+06   4.9316406e+01
   4.3874930e+06   1.9836426e+01
   4.3875150e+06   2.3925781e+01
   4.3875440e+06   1.7822266e+01
   4.3875740e+06   2.3437500e+01
   4.3876620e+06   2.0263672e+01
   4.3877430e+06   1.8615723e+01
   4.3877800e+06   1.8310547e+01
   4.3878210e+06   2.5878906e+01
   4.3878880e+06   2.2399902e+01
   4.3949240e+06   2.5756836e+01
   4.3949530e+06   2.5207520e+01
   4.3949820e+06   3.2897949e+01
   4.3949940e+06   2.1423340e+01
   4.3950260e+06   2.5878906e+01
   4.3950450e+06   2.1667480e+01
   4.3950710e+06   2.5573730e+01
   4.3950880e+06   1.9592285e+01
   4.3950990e+06   1.9836426e+01
   4.3951300e+06   2.5207520e+01
   4.3951430e+06   1.9226074e+01
   4.3951690e+06   2.1545410e+01
   4.3952040e+06   2.0812988e+01
   4.3953750e+06   2.5451660e+01
   4.4037270e+06   2.1118164e+01
   4.4037440e+06   2.7343750e+01
   4.4037560e+06   2.0141602e+01
   4.4037740e+06   3.8085938e+01
   4.4038190e+06   2.5817871e+01
   4.4038490e+06   2.9418945e+01
   4.4038760e+06   2.1911621e+01
   4.4039040e+06   2.3559570e+01
   4.4039410e+06   1.7700195e+01
   4.4039530e+06   2.0935059e+01
   4.4040870e+06   3.6804199e+01
   4.4041550e+06   2.1972656e+01
   4.4041710e+06   2.4475098e+01
   4.4140660e+06   2.6245117e+01
   4.4140910e+06   2.4414062e+01
   4.4141130e+06   3.1311035e+01
   4.4141430e+06   2.6367188e+01
   4.4141530e+06   3.2714844e+01
   4.4141710e+06   1.8432617e+01
   4.4141960e+06   2.2399902e+01
   4.4142280e+06   1.9104004e+01
   4.4142430e+06   1.8066406e+01
   4.4142580e+06   2.5512695e+01
   4.4142930e+06   1.8005371e+01
   4.4143150e+06   1.7578125e+01
   4.4143520e+06   2.5817871e+01
   4.4144610e+06   1.8066406e+01
   4.4144860e+06   2.1179199e+01
   4.4145450e+06   1.8554688e+01
   4.4145610e+06   2.0568848e+01
   4.4146550e+06   1.8981934e+01
   4.4146790e+06   1.7761230e+01
   4.4148110e+06   2.0629883e+01
   4.4397610e+06   1.7272949e+01
   4.4398320e+06   2.3315430e+01
   4.4398540e+06   2.0385742e+01
   4.4398810e+06   2.5817871e+01
   4.4399030e+06   2.4169922e+01
   4.4399400e+06   3.7597656e+01
   4.4399700e+06   2.9541016e+01
   4.4399900e+06   1.8066406e+01
   4.4400120e+06   2.0935059e+01
   4.4400610e+06   2.1057129e+01
   4.4401380e+06   2.0568848e+01
   4.4401640e+06   2.2155762e+01
   4.4401910e+06   1.8615723e+01
   4.4402280e+06   2.6733398e+01
   4.4403260e+06   1.7150879e+01
   4.4403810e+06   2.3437500e+01
   4.4403980e+06   1.8432617e+01
   4.4404840e+06   2.1179199e+01
   4.4730840e+06   1.7517090e+01
   4.4731160e+06   2.8442383e+01
   4.4731500e+06   3.2043457e+01
   4.4731910e+06   2.6428223e+01
   4.4732530e+06   2.5817871e+01
   4.4733510e+06   2.0202637e+01
   4.9633660e+06   1.7211914e+01
   4.9634060e+06   2.0263672e+01
   5.0169810e+06   1.8676758e+01
   5.0613340e+06   1.7761230e+01
   5.0765470e+06   1.7089844e+01
   5.0766030e+06   1.7089844e+01
   5.1064060e+06   1.7395020e+01
   5.1064420e+06   1.8554688e+01
   5.1161420e+06   1.7822266e+01
   5.1161660e+06   1.7089844e+01
   5.1161890e+06   2.0019531e+01
   5.1162170e+06   4.2480469e+01
   5.1162870e+06   2.4230957e+01
   5.1282890e+06   2.2827148e+01
   5.1283370e+06   4.4250488e+01
   5.1283660e+06   1.7944336e+01
   5.1283770e+06   4.5715332e+01
   5.1284130e+06   2.2338867e+01
   5.1284250e+06   4.1442871e+01
   5.1284530e+06   1.7211914e+01
   5.1285120e+06   3.2897949e+01
   5.1285220e+06   1.9653320e+01
   5.1401270e+06   2.4475098e+01
   5.1401650e+06   2.5207520e+01
   5.1401870e+06   2.8503418e+01
   5.1402050e+06   4.0832520e+01
   5.1402260e+06   2.6428223e+01
   5.1402390e+06   1.7211914e+01
   5.1402530e+06   2.8137207e+01
   5.1402830e+06   3.8146973e+01
   5.1403160e+06   1.7761230e+01
   5.1403290e+06   2.6977539e+01
   5.1403540e+06   1.8371582e+01
   5.1404340e+06   1.8798828e+01
   5.1407070e+06   1.8371582e+01
   5.1407340e+06   2.4780273e+01
   5.1408240e+06   1.7700195e+01
   5.1500780e+06   2.8686523e+01
   5.1501070e+06   2.3620605e+01
   5.1501240e+06   1.7089844e+01
   5.1501360e+06   3.5034180e+01
   5.1501600e+06   3.1677246e+01
   5.1501800e+06   2.1728516e+01
   5.1502100e+06   2.8015137e+01
   5.1502280e+06   2.3864746e+01
   5.1502540e+06   1.8676758e+01
   5.1502770e+06   1.8310547e+01
   5.1503110e+06   3.3081055e+01
   5.1503600e+06   2.0690918e+01
   5.1505560e+06   2.1179199e+01
   5.1506560e+06   2.0996094e+01
   5.1507940e+06   1.9836426e+01
   5.1573570e+06   2.4963379e+01
   5.1573960e+06   2.7099609e+01
   5.1574230e+06   2.7404785e+01
   5.1574420e+06   1.7272949e+01
   5.1574550e+06   2.6855469e+01
   5.1574800e+06   1.8188477e+01
   5.1574970e+06   2.6550293e+01
   5.1575140e+06   2.1362305e+01
   5.1575370e+06   2.7099609e+01
   5.1576400e+06   1.7761230e+01
   5.1577370e+06   2.0385742e+01
   5.1579180e+06   2.1179199e+01
   5.1580050e+06   2.0568848e+01
   5.1652950e+06   2.1606445e+01
   5.1653640e+06   2.5329590e+01
   5.1653860e+06   1.8371582e+01
   5.1654220e+06   3.9978027e+01
   5.1654570e+06   2.7160645e+01
   5.1654880e+06   2.0080566e+01
   5.1655000e+06   2.1057129e+01
   5.1655520e+06   2.3254395e+01
   5.1655820e+06   2.1484375e+01
   5.1656210e+06   1.9165039e+01
   5.1656390e+06   2.0751953e+01
   5.1657710e+06   2.1484375e+01
   5.1659330e+06   1.7822266e+01
   5.1660010e+06   1.7944336e+01
   5.1738990e+06   1.9165039e+01
   5.1739200e+06   1.7578125e+01
   5.1739390e+06   2.7526855e+01
   5.1739720e+06   3.2409668e+01
   5.1739970e+06   3.4912109e+01
   5.1740110e+06   2.7465820e+01
   5.1740280e+06   2.2155762e+01
   5.1740540e+06   2.0629883e+01
   5.1740750e+06   2.0507812e+01
   5.1742400e+06   2.5451660e+01
   5.1743590e+06   1.9653320e+01
   5.1746020e+06   1.8859863e+01
   5.1804220e+06   2.0812988e+01
   5.1804460e+06   1.8798828e+01
   5.1804750e+06   2.6428223e+01
   5.1805060e+06   2.7160645e+01
   5.1805400e+06   2.9602051e+01
   5.1805810e+06   1.7089844e+01
   5.1806180e+06   1.7395020e+01
   5.1806360e+06   1.7883301e+01
   5.1806990e+06   1.8371582e+01
   5.1809110e+06   2.2094727e+01
   5.1868440e+06   2.6489258e+01
   5.1868720e+06   2.5451660e+01
   5.1868920e+06   2.1667480e+01
   5.1869070e+06   4.2907715e+01
   5.1869350e+06   2.5573730e+01
   5.1869570e+06   1.7333984e+01
   5.1869970e+06   2.4658203e+01
   5.1870130e+06   2.1911621e+01
   5.1870490e+06   2.7770996e+01
   5.1870680e+06   2.0629883e+01
   5.1870840e+06   2.3376465e+01
   5.1871230e+06   1.8188477e+01
   5.1871990e+06   2.0996094e+01
   5.1913620e+06   2.5573730e+01
   5.1914270e+06   2.2583008e+01
   5.1914490e+06   2.3559570e+01
   5.1914650e+06   2.5817871e+01
   5.1914840e+06   2.5512695e+01
   5.1914980e+06   2.5695801e+01
   5.1915150e+06   4.1198730e+01
   5.1915590e+06   2.2399902e+01
   5.1915740e+06   2.3193359e+01
   5.1915920e+06   2.0263672e+01
   5.1916270e+06   1.7639160e+01
   5.1916430e+06   2.0996094e+01
   5.1916700e+06   1.8432617e+01
   5.1957290e+06   2.5451660e+01
   5.1957420e+06   1.8310547e+01
   5.1957740e+06   2.7709961e+01
   5.1958020e+06   2.7709961e+01
   5.1958250e+06   3.4973145e+01
   5.1958410e+06   4.1442871e+01
   5.1958660e+06   2.6123047e+01
   5.1958880e+06   2.3864746e+01
   5.1959050e+06   2.4230957e+01
   5.1959380e+06   2.6184082e+01
   5.1959750e+06   2.5085449e+01
   5.1996520e+06   2.6916504e+01
   5.1997000e+06   2.3864746e+01
   5.1997220e+06   2.7893066e+01
   5.1997470e+06   2.1850586e+01
   5.1997590e+06   3.2958984e+01
   5.1997910e+06   2.0141602e+01
   5.1998090e+06   2.7099609e+01
   5.1998350e+06   2.3254395e+01
   5.1998720e+06   2.2216797e+01
   5.2041040e+06   2.8015137e+01
   5.2041360e+06   4.1015625e+01
   5.2041540e+06   3.0639648e+01
   5.2041830e+06   2.3376465e+01
   5.2041990e+06   2.1179199e+01
   5.2042100e+06   2.6184082e+01
   5.2042370e+06   2.4536133e+01
   5.2042570e+06   3.2104492e+01
   5.2043540e+06   2.1545410e+01
   5.2088900e+06   2.3742676e+01
   5.2089080e+06   1.9409180e+01
   5.2089370e+06   2.2338867e+01
   5.2089620e+06   3.5339355e+01
   5.2089960e+06   2.0324707e+01
   5.2090230e+06   2.8503418e+01
   5.2090520e+06   1.7211914e+01
   5.2090880e+06   1.9653320e+01
   5.2091170e+06   2.0324707e+01
   5.2091950e+06   1.9592285e+01
   5.2129340e+06   2.4841309e+01
   5.2129700e+06   3.7353516e+01
   5.2130060e+06   3.4606934e+01
   5.2130270e+06   1.8554688e+01
   5.2130530e+06   2.8564453e+01
   5.2131110e+06   2.1789551e+01
   5.2131610e+06   1.8066406e+01
   5.2171700e+06   2.0080566e+01
   5.2172010e+06   2.8747559e+01
   5.2172150e+06   1.8310547e+01
   5.2172260e+06   3.0456543e+01
   5.2172580e+06   2.7526855e+01
   5.2172730e+06   2.0812988e+01
   5.2172910e+06   2.1057129e+01
   5.2173080e+06   2.0812988e+01
   5.2173470e+06   1.7150879e+01
   5.2173840e+06   2.0568848e+01
   5.2209420e+06   2.1484375e+01
   5.2209720e+06   2.4047852e+01
   5.2210070e+06   2.6062012e+01
   5.2210450e+06   3.4240723e+01
   5.2210830e+06   1.8066406e+01
   5.2211270e+06   1.8676758e+01
   5.2250550e+06   2.6489258e+01
   5.2250880e+06   3.2226562e+01
   5.2251120e+06   2.8137207e+01
   5.2251450e+06   2.6428223e+01
   5.2251590e+06   2.0812988e+01
   5.2251760e+06   2.1118164e+01
   5.2252040e+06   2.5573730e+01
   5.2252310e+06   2.2094727e+01
   5.2252590e+06   2.0690918e+01
   5.2253330e+06   1.9653320e+01
   5.2290670e+06   1.8737793e+01
   5.2291420e+06   2.5024414e+01
   5.2292000e+06   1.8981934e+01
   5.2292750e+06   2.4291992e+01
   5.2333340e+06   2.4414062e+01
   5.2333460e+06   2.2094727e+01
   5.2333770e+06   3.2653809e+01
   5.2333910e+06   2.9296875e+01
   5.2334170e+06   2.5085449e+01
   5.2334300e+06   1.9531250e+01
   5.2334740e+06   2.2094727e+01
   5.2335040e+06   2.6489258e+01
   5.2335370e+06   1.7272949e+01
   5.2335730e+06   1.9104004e+01
   5.2380180e+06   2.3071289e+01
   5.2380440e+06   3.8452148e+01
   5.2380770e+06   3.6437988e+01
   5.2380980e+06   2.1240234e+01
   5.2381140e+06   1.8737793e+01
   5.2381410e+06   4.0710449e+01
   5.2381660e+06   1.7333984e+01
   5.2381970e+06   1.7150879e+01
   5.2424550e+06   2.9907227e+01
   5.2424840e+06   1.8920898e+01
   5.2425110e+06   3.9245605e+01
   5.2425390e+06   3.0151367e+01
   5.2425550e+06   2.5512695e+01
   5.2425660e+06   2.5756836e+01
   5.2426050e+06   3.0639648e+01
   5.2473680e+06   3.1433105e+01
   5.2473950e+06   2.3498535e+01
   5.2474130e+06   2.7832031e+01
   5.2474240e+06   2.4108887e+01
   5.2474630e+06   2.5512695e+01
   5.2474910e+06   2.1545410e+01
   5.2475070e+06   2.0751953e+01
   5.2475290e+06   2.0446777e+01
   5.2475570e+06   1.9165039e+01
   5.2476280e+06   2.1118164e+01
   5.2520580e+06   2.4658203e+01
   5.2520750e+06   1.7089844e+01
   5.2520910e+06   1.7089844e+01
   5.2521260e+06   3.3508301e+01
   5.2521690e+06   2.8625488e+01
   5.2521990e+06   2.4780273e+01
   5.2522230e+06   1.7517090e+01
   5.2522390e+06   2.9052734e+01
   5.2522550e+06   1.7517090e+01
   5.2523100e+06   2.3498535e+01
   5.2576750e+06   2.7709961e+01
   5.2576890e+06   1.8554688e+01
   5.2577090e+06   2.6977539e+01
   5.2577300e+06   2.7282715e+01
   5.2577530e+06   3.3874512e+01
   5.2577730e+06   1.9653320e+01
   5.2578050e+06   1.7578125e+01
   5.2578160e+06   1.7089844e+01
   5.2578330e+06   1.9409180e+01
   5.2579040e+06   2.1240234e+01
   5.2581310e+06   1.9348145e+01
   5.2633730e+06   2.7648926e+01
   5.2634050e+06   2.2888184e+01
   5.2634300e+06   3.2409668e+01
   5.2634410e+06   2.0263672e+01
   5.2634710e+06   1.8066406e+01
   5.2634860e+06   2.3803711e+01
   5.2635170e+06   2.9724121e+01
   5.2635670e+06   1.9226074e+01
   5.2635800e+06   2.3925781e+01
   5.2636610e+06   1.8066406e+01
   5.2678240e+06   2.4719238e+01
   5.2678450e+06   1.8127441e+01
   5.2678610e+06   2.7526855e+01
   5.2678880e+06   2.8015137e+01
   5.2679080e+06   1.8371582e+01
   5.2679480e+06   1.9531250e+01
   5.2680690e+06   1.7150879e+01
   5.2729290e+06   1.7272949e+01
   5.2729430e+06   1.9592285e+01
   5.2729710e+06   2.4536133e+01
   5.2729830e+06   2.6245117e+01
   5.2730020e+06   2.8564453e+01
   5.2730280e+06   3.8269043e+01
   5.2730670e+06   1.9714355e+01
   5.2730810e+06   2.4291992e+01
   5.2731080e+06   1.7761230e+01
   5.2731480e+06   1.7822266e+01
   5.2731880e+06   2.2033691e+01
   5.2781710e+06   1.7761230e+01
   5.2781850e+06   3.1311035e+01
   5.2782250e+06   2.2277832e+01
   5.2782400e+06   2.2521973e+01
   5.2782560e+06   1.8005371e+01
   5.2782960e+06   2.2705078e+01
   5.2783260e+06   1.8615723e+01
   5.2783570e+06   1.7639160e+01
   5.2783900e+06   1.7089844e+01
   5.2785110e+06   1.7639160e+01
   5.2839020e+06   2.8137207e+01
   5.2839340e+06   3.6071777e+01
   5.2839460e+06   1.7639160e+01
   5.2839810e+06   1.8676758e+01
   5.2840060e+06   2.0019531e+01
   5.2841260e+06   2.2766113e+01
   5.2841730e+06   1.7639160e+01
   5.2843300e+06   2.1850586e+01
   5.2894880e+06   2.7832031e+01
   5.2895190e+06   2.4475098e+01
   5.2895350e+06   2.7160645e+01
   5.2895480e+06   1.7700195e+01
   5.2895870e+06   3.4118652e+01
   5.2896030e+06   2.3864746e+01
   5.2896370e+06   2.7038574e+01
   5.2897010e+06   1.8371582e+01
   5.2897760e+06   2.0385742e+01
   5.2955060e+06   2.4169922e+01
   5.2955270e+06   1.9104004e+01
   5.2955430e+06   2.0202637e+01
   5.2955660e+06   3.2409668e+01
   5.2956110e+06   2.0996094e+01
   5.2956230e+06   2.2949219e+01
   5.2956510e+06   2.6794434e+01
   5.2957540e+06   2.3315430e+01
   5.2958540e+06   1.7578125e+01
   5.3008690e+06   3.5949707e+01
   5.3008930e+06   2.1972656e+01
   5.3009250e+06   3.2836914e+01
   5.3009370e+06   2.8503418e+01
   5.3009840e+06   3.5156250e+01
   5.3010090e+06   1.8005371e+01
   5.3010360e+06   1.7089844e+01
   5.3010650e+06   2.7465820e+01
   5.3011020e+06   2.3498535e+01
   5.3073780e+06   2.6428223e+01
   5.3074020e+06   2.8564453e+01
   5.3074280e+06   3.5705566e+01
   5.3074620e+06   3.8879395e+01
   5.3074860e+06   2.3315430e+01
   5.3075020e+06   1.7333984e+01
   5.3075140e+06   2.2949219e+01
   5.3075370e+06   1.9897461e+01
   5.3075920e+06   2.2399902e+01
   5.3076780e+06   1.7883301e+01
   5.3077800e+06   2.3742676e+01
   5.3078590e+06   1.8493652e+01
   5.3142850e+06   2.4536133e+01
   5.3143080e+06   2.0996094e+01
   5.3143400e+06   2.3498535e+01
   5.3143710e+06   2.1118164e+01
   5.3143930e+06   2.3742676e+01
   5.3144230e+06   2.8564453e+01
   5.3144480e+06   2.1728516e+01
   5.3144770e+06   2.2277832e+01
   5.3145870e+06   1.7456055e+01
   5.3147240e+06   1.9531250e+01
   5.3217180e+06   2.9479980e+01
   5.3217500e+06   2.9357910e+01
   5.3217680e+06   4.0588379e+01
   5.3217820e+06   2.7465820e+01
   5.3218110e+06   2.9357910e+01
   5.3218310e+06   1.9592285e+01
   5.3218660e+06   1.9897461e+01
   5.3218950e+06   1.7944336e+01
   5.3219110e+06   2.0263672e+01
   5.3219570e+06   1.9653320e+01
   5.3219990e+06   1.9470215e+01
   5.3220580e+06   1.7456055e+01
   5.3221840e+06   1.7395020e+01
   5.3302130e+06   2.9724121e+01
   5.3302400e+06   2.2583008e+01
   5.3302570e+06   2.6489258e+01
   5.3302970e+06   2.1667480e+01
   5.3303200e+06   2.5817871e+01
   5.3303390e+06   1.8981934e+01
   5.3304040e+06   2.5512695e+01
   5.3304340e+06   2.2827148e+01
   5.3304730e+06   1.7700195e+01
   5.3304830e+06   2.5939941e+01
   5.3305250e+06   1.7211914e+01
   5.3306160e+06   1.8554688e+01
   5.3308080e+06   2.1118164e+01
   5.3383650e+06   2.9479980e+01
   5.3383920e+06   3.0212402e+01
   5.3384070e+06   3.1005859e+01
   5.3384220e+06   1.7822266e+01
   5.3384510e+06   2.1850586e+01
   5.3384700e+06   2.1850586e+01
   5.3385410e+06   1.7700195e+01
   5.3385870e+06   1.9409180e+01
   5.3386710e+06   1.8554688e+01
   5.3390040e+06   2.4169922e+01
   5.3458950e+06   2.8747559e+01
   5.3459260e+06   1.7944336e+01
   5.3459460e+06   4.1687012e+01
   5.3459850e+06   2.9479980e+01
   5.3460140e+06   2.6245117e+01
   5.3460320e+06   2.3803711e+01
   5.3460450e+06   2.2766113e+01
   5.3460800e+06   2.9418945e+01
   5.3461040e+06   1.7089844e+01
   5.3461290e+06   2.7832031e+01
   5.3461630e+06   1.7944336e+01
   5.3461990e+06   1.8249512e+01
   5.3462090e+06   1.7272949e+01
   5.3462630e+06   1.7944336e+01
   5.3463560e+06   2.1179199e+01
   5.3562820e+06   1.9104004e+01
   5.3562980e+06   1.8310547e+01
   5.3563260e+06   3.4790039e+01
   5.3563550e+06   2.8442383e+01
   5.3563680e+06   2.6000977e+01
   5.3563930e+06   1.8920898e+01
   5.3564070e+06   2.3437500e+01
   5.3564270e+06   1.7395020e+01
   5.3564670e+06   1.7211914e+01
   5.3564850e+06   1.8920898e+01
   5.3565970e+06   2.5329590e+01
   5.3566370e+06   2.1728516e+01
   5.3566590e+06   2.2277832e+01
   5.3566700e+06   1.7883301e+01
   5.3568020e+06   2.1972656e+01
   5.3568710e+06   2.9174805e+01
   5.3670280e+06   2.0385742e+01
   5.3670540e+06   4.2907715e+01
   5.3670690e+06   1.7578125e+01
   5.3670810e+06   2.1850586e+01
   5.3670940e+06   2.1606445e+01
   5.3671090e+06   2.3437500e+01
   5.3671320e+06   3.1982422e+01
   5.3671690e+06   3.1677246e+01
   5.3671870e+06   1.7883301e+01
   5.3673840e+06   2.1789551e+01
   5.3674020e+06   2.0507812e+01
   5.3674840e+06   1.7333984e+01
   5.3675070e+06   1.9287109e+01
   5.3675220e+06   1.7761230e+01
   5.3675690e+06   2.0202637e+01
   5.3675850e+06   1.9653320e+01
   5.3676010e+06   3.2897949e+01
   5.3676390e+06   1.8859863e+01
   5.3677540e+06   1.7761230e+01
   5.3823220e+06   2.1118164e+01
   5.3823520e+06   2.7893066e+01
   5.3823800e+06   2.0385742e+01
   5.3823910e+06   2.0874023e+01
   5.3824270e+06   1.7578125e+01
   5.3824670e+06   2.3010254e+01
   5.3824890e+06   1.9104004e+01
   5.3825140e+06   2.1545410e+01
   5.3825780e+06   2.2277832e+01
   5.3826400e+06   1.8920898e+01
   5.3827140e+06   1.7333984e+01
   5.3827530e+06   2.0019531e+01
   5.3827820e+06   1.9958496e+01
   5.3828100e+06   1.9287109e+01
   5.3828410e+06   1.7333984e+01
   5.3828550e+06   1.7272949e+01
   5.3828820e+06   1.7639160e+01
   5.3828940e+06   1.7456055e+01
   5.3829250e+06   1.7944336e+01
   5.3830080e+06   2.4536133e+01
   5.7763300e+06   1.7883301e+01
   5.9922820e+06   1.9653320e+01
   5.9922980e+06   2.8930664e+01
