   5.9990000e+06   0.0000000e+00
   2.2728540e+06   1.6174316e+01
   2.2802040e+06   1.6601562e+01
   2.2949460e+06   1.6723633e+01
   2.3203790e+06   1.6662598e+01
   2.3424430e+06   1.6235352e+01
   2.3545630e+06   1.6662598e+01
   2.4538470e+06   1.6174316e+01
   2.5767150e+06   1.8127441e+01
   3.2536170e+06   1.7211914e+01
   3.2536510e+06   1.8798828e+01
   3.2537000e+06   1.6113281e+01
   3.2655480e+06   1.7517090e+01
   3.3057730e+06   1.8188477e+01
   3.3710570e+06   1.6296387e+01
   3.3799930e+06   1.6113281e+01
   3.4471900e+06   1.6113281e+01
   3.4563550e+06   1.8066406e+01
   3.4668270e+06   1.6174316e+01
   4.0307900e+06   1.6235352e+01
   4.1985640e+06   1.8615723e+01
   4.1985960e+06   2.1728516e+01
   4.2106580e+06   1.6418457e+01
   4.2106940e+06   1.8554688e+01
   4.2107360e+06   1.6479492e+01
   4.2308990e+06   1.8676758e+01
   4.2309390e+06   1.7395020e+01
   4.2991590e+06   1.6357422e+01
   4.3679290e+06   1.8676758e+01
   4.3740930e+06   1.7333984e+01
   4.3875330e+06   1.7822266e+01
   4.4037660e+06   1.6479492e+01
   4.4398810e+06   1.6235352e+01
   5.0858810e+06   1.7150879e+01
   5.1063620e+06   2.0446777e+01
   5.1161620e+06   1.8371582e+01
   5.1161970e+06   1.8798828e+01
   5.1283100e+06   1.6357422e+01
   5.1284400e+06   1.6174316e+01
   5.1401540e+06   1.6784668e+01
   5.1401900e+06   1.6296387e+01
   5.1402730e+06   1.8859863e+01
   5.1501310e+06   1.6235352e+01
   5.1501450e+06   1.6784668e+01
   5.1654190e+06   1.6174316e+01
   5.1804910e+06   1.7089844e+01
   5.2252220e+06   1.6113281e+01
   5.2333800e+06   1.6113281e+01
   5.2839000e+06   1.6296387e+01
