   5.9990000e+06   0.0000000e+00
   7.9870000e+03   1.9775391e+01
   1.9415000e+04   2.0202637e+01
   2.3660000e+04   2.5207520e+01
   2.9713000e+04   2.8503418e+01
   3.0129000e+04   1.9531250e+01
   3.5050000e+04   2.3864746e+01
   3.6617000e+04   1.9714355e+01
   3.6649000e+04   2.3437500e+01
   3.6733000e+04   2.2033691e+01
   5.9630000e+04   2.0263672e+01
   6.7405000e+04   3.0822754e+01
   6.7447000e+04   2.9479980e+01
   7.7957000e+04   2.6000977e+01
   8.4349000e+04   2.6672363e+01
   8.5160000e+04   2.8442383e+01
   9.4162000e+04   1.8310547e+01
   9.4196000e+04   2.3315430e+01
   9.4225000e+04   2.3986816e+01
   1.3104900e+05   2.3925781e+01
   1.3136100e+05   1.8127441e+01
   1.3933400e+05   2.2399902e+01
   1.3939300e+05   2.5329590e+01
   1.5709400e+05   2.2277832e+01
   1.5716400e+05   2.2705078e+01
   1.7650100e+05   1.7700195e+01
   1.8055800e+05   1.7700195e+01
   1.8240400e+05   2.1057129e+01
   1.8654900e+05   2.3742676e+01
   1.9712600e+05   1.8676758e+01
   1.9778900e+05   1.7272949e+01
   1.9785200e+05   1.8493652e+01
   2.1374700e+05   2.1728516e+01
   2.1390300e+05   2.2460937e+01
   2.1467500e+05   2.7954102e+01
   2.1476600e+05   2.2705078e+01
   2.1484700e+05   1.8066406e+01
   2.4112500e+05   2.1789551e+01
   2.4127000e+05   2.0629883e+01
   2.4132000e+05   2.4658203e+01
   2.4135900e+05   2.8076172e+01
   2.4320100e+05   1.9042969e+01
   2.4417000e+05   2.4291992e+01
   2.4420600e+05   1.7272949e+01
   2.4423100e+05   2.8259277e+01
   2.4426600e+05   2.0812988e+01
   2.4433800e+05   2.2521973e+01
   2.5965700e+05   1.7211914e+01
   2.5970000e+05   1.7883301e+01
   2.6387500e+05   2.2094727e+01
   2.6392700e+05   2.3437500e+01
   2.6412700e+05   2.4475098e+01
   2.7387000e+05   1.9104004e+01
   2.7496100e+05   2.0019531e+01
   2.7499900e+05   2.3925781e+01
   2.7503300e+05   2.2033691e+01
   2.7513300e+05   2.7282715e+01
   2.7516600e+05   2.5573730e+01
   2.7964900e+05   2.2033691e+01
   2.7999500e+05   2.0507812e+01
   2.9649000e+05   1.9042969e+01
   2.9716100e+05   1.8310547e+01
   3.0559800e+05   2.4780273e+01
   3.0568100e+05   1.9775391e+01
   3.0649500e+05   1.9409180e+01
   3.0650700e+05   1.7395020e+01
   3.0666000e+05   2.3376465e+01
   3.1767300e+05   2.2033691e+01
   3.2364700e+05   2.4414062e+01
   3.2373400e+05   2.4963379e+01
   3.2377200e+05   2.3071289e+01
   3.2381600e+05   2.2216797e+01
   3.5001700e+05   2.5329590e+01
   3.5051200e+05   2.1728516e+01
   3.5317800e+05   1.7333984e+01
   3.6017100e+05   2.1301270e+01
   3.6379800e+05   1.9470215e+01
   3.7784200e+05   1.9226074e+01
   3.7802800e+05   1.9653320e+01
   3.7844200e+05   2.4353027e+01
   3.7849900e+05   2.2521973e+01
   3.7854200e+05   2.4597168e+01
   3.9479600e+05   1.9104004e+01
   3.9512300e+05   2.2033691e+01
   4.0462700e+05   2.0202637e+01
   4.2107500e+05   2.0935059e+01
   4.2494600e+05   2.0690918e+01
   4.3009700e+05   2.4780273e+01
   4.3633700e+05   1.9836426e+01
   4.5166200e+05   2.4169922e+01
   4.5169900e+05   2.9663086e+01
   4.5704400e+05   2.0385742e+01
   4.5709100e+05   2.2521973e+01
   4.5712200e+05   2.8381348e+01
   4.5715100e+05   2.4169922e+01
   4.5718900e+05   2.3620605e+01
   4.6732700e+05   2.1667480e+01
   4.6905700e+05   2.0568848e+01
   4.7005400e+05   2.4536133e+01
   4.8583200e+05   2.1789551e+01
   4.8592900e+05   2.1972656e+01
   4.9522300e+05   2.0568848e+01
   5.0146300e+05   2.1484375e+01
   5.0195400e+05   2.0446777e+01
   5.0270800e+05   2.0202637e+01
   5.1923000e+05   1.7883301e+01
   5.2425200e+05   1.8310547e+01
   5.2477600e+05   2.6367187e+01
   5.2480700e+05   2.4108887e+01
   5.2805100e+05   2.0507812e+01
   5.2812800e+05   2.7099609e+01
   5.4031600e+05   2.2033691e+01
   5.4908900e+05   1.9958496e+01
   5.6164800e+05   2.1057129e+01
   5.6898800e+05   2.3620605e+01
   5.6902000e+05   2.2705078e+01
   5.6905300e+05   2.4719238e+01
   5.9410100e+05   1.8859863e+01
   5.9413900e+05   2.4353027e+01
   5.9423000e+05   2.0507812e+01
   5.9428400e+05   2.2094727e+01
   5.9809100e+05   1.7944336e+01
   5.9811000e+05   1.8798828e+01
   5.9815800e+05   2.9724121e+01
   6.1559200e+05   1.7211914e+01
   6.1788100e+05   2.2460937e+01
   6.1796800e+05   2.3742676e+01
   6.2303500e+05   2.3193359e+01
   6.2317200e+05   1.9897461e+01
   6.3414000e+05   1.9775391e+01
   6.5408500e+05   2.8503418e+01
   6.5852600e+05   2.6611328e+01
   6.5855700e+05   2.3010254e+01
   6.5870600e+05   1.8005371e+01
   6.7038000e+05   1.9226074e+01
   6.7678600e+05   2.4841309e+01
   6.8081300e+05   2.1362305e+01
   6.9432900e+05   2.0812988e+01
   6.9904500e+05   2.3864746e+01
   6.9970800e+05   2.0263672e+01
   7.0816000e+05   1.8127441e+01
   7.1560400e+05   1.8676758e+01
   7.1805900e+05   1.9165039e+01
   7.2864000e+05   2.2277832e+01
   7.2924600e+05   1.7395020e+01
   7.2989900e+05   2.5817871e+01
   7.2996400e+05   2.2277832e+01
   7.4792300e+05   2.0629883e+01
   7.5753500e+05   2.1606445e+01
   7.6256400e+05   2.3132324e+01
   7.6797100e+05   1.9226074e+01
   7.7533400e+05   1.8615723e+01
   7.7538600e+05   1.9836426e+01
   7.7612000e+05   1.8188477e+01
   7.7640200e+05   2.1423340e+01
   7.8661600e+05   1.7272949e+01
   7.8688600e+05   1.9470215e+01
   7.9440500e+05   2.3376465e+01
   7.9452100e+05   1.9531250e+01
   7.9543400e+05   1.7517090e+01
   7.9549400e+05   2.2521973e+01
   7.9552900e+05   2.7526855e+01
   8.0742100e+05   2.1179199e+01
   8.0748400e+05   2.8869629e+01
   8.0753800e+05   2.7893066e+01
   8.1529300e+05   2.1911621e+01
   8.1542400e+05   2.2766113e+01
   8.1546400e+05   2.2155762e+01
   8.2265600e+05   2.4353027e+01
   8.2325100e+05   2.0446777e+01
   8.2910200e+05   2.2460938e+01
   8.2938000e+05   2.1606445e+01
   8.2946100e+05   1.7944336e+01
   8.3022200e+05   2.3620605e+01
   8.3025000e+05   2.2033691e+01
   8.3031400e+05   2.9846191e+01
   8.3651900e+05   2.2827148e+01
   8.3657900e+05   1.7395020e+01
   8.3663100e+05   2.2521973e+01
   8.3668600e+05   2.4169922e+01
   8.3673400e+05   2.6977539e+01
   8.4610200e+05   1.8249512e+01
   8.4614400e+05   2.6245117e+01
   8.4617500e+05   2.6367188e+01
   8.4774700e+05   2.1179199e+01
   8.4778900e+05   2.0874023e+01
   8.6261300e+05   2.1728516e+01
   8.6275300e+05   2.1789551e+01
   8.6359200e+05   2.3986816e+01
   8.6366800e+05   2.1911621e+01
   8.6370500e+05   2.3498535e+01
   8.6375000e+05   2.1667480e+01
   8.6408700e+05   1.7211914e+01
   8.6413700e+05   2.3071289e+01
   8.7371700e+05   1.7211914e+01
   8.7376100e+05   1.8432617e+01
   8.7510300e+05   1.8493652e+01
   8.7537900e+05   2.0263672e+01
   8.8423000e+05   2.0019531e+01
   8.9022000e+05   2.5268555e+01
   8.9344100e+05   1.8920898e+01
   8.9349400e+05   1.9897461e+01
   8.9352100e+05   2.0751953e+01
   8.9356100e+05   2.2521973e+01
   8.9382200e+05   2.1972656e+01
   8.9687600e+05   1.9104004e+01
   9.0036100e+05   2.3010254e+01
   9.0058900e+05   2.5390625e+01
   9.0143700e+05   2.1240234e+01
   9.0147000e+05   2.5207520e+01
   9.0150300e+05   2.7709961e+01
   9.0156900e+05   1.9775391e+01
   9.1445900e+05   1.9226074e+01
   9.2802700e+05   2.0263672e+01
   9.2836500e+05   1.8249512e+01
   9.3862900e+05   2.1240234e+01
   9.4795100e+05   2.2521973e+01
   9.5456800e+05   2.4108887e+01
   9.5481000e+05   1.9287109e+01
   9.5495000e+05   2.3315430e+01
   9.5594800e+05   2.1484375e+01
   9.5599600e+05   2.3681641e+01
   9.6224000e+05   1.8493652e+01
   9.9391300e+05   1.9348145e+01
   9.9663500e+05   2.2399902e+01
   9.9672400e+05   2.3376465e+01
   9.9675600e+05   2.3559570e+01
   9.9684400e+05   2.1179199e+01
   1.0017900e+06   2.1667480e+01
   1.0023030e+06   2.3864746e+01
   1.0030210e+06   2.1179199e+01
   1.0030540e+06   2.9602051e+01
   1.0089440e+06   1.8859863e+01
   1.0099030e+06   2.2094727e+01
   1.0453840e+06   1.8005371e+01
   1.0454290e+06   2.4047852e+01
   1.0530540e+06   1.9287109e+01
   1.0531060e+06   2.4536133e+01
   1.0531470e+06   2.1606445e+01
   1.0531900e+06   2.5085449e+01
   1.0817060e+06   2.1057129e+01
   1.0827630e+06   2.3315430e+01
   1.0837520e+06   1.8493652e+01
   1.0840320e+06   2.2033691e+01
   1.0840640e+06   2.1423340e+01
   1.0841430e+06   2.0446777e+01
   1.1005270e+06   2.2155762e+01
   1.1005700e+06   2.4719238e+01
   1.1006080e+06   2.3559570e+01
   1.1008420e+06   2.5451660e+01
   1.1026190e+06   2.1850586e+01
   1.1129380e+06   1.8127441e+01
   1.1247370e+06   2.6672363e+01
   1.1248140e+06   2.2460937e+01
   1.1434880e+06   1.9653320e+01
   1.1448250e+06   1.8859863e+01
   1.1449020e+06   2.1240234e+01
   1.1449260e+06   1.7456055e+01
   1.1470290e+06   2.2216797e+01
   1.1470680e+06   3.0700684e+01
   1.1474910e+06   2.1362305e+01
   1.1475420e+06   2.0690918e+01
   1.1475740e+06   2.8869629e+01
   1.1476140e+06   2.2521973e+01
   1.1476490e+06   2.0080566e+01
   1.1476960e+06   2.0874023e+01
   1.1584210e+06   2.1667480e+01
   1.1584770e+06   2.2766113e+01
   1.1597330e+06   1.7944336e+01
   1.1599110e+06   2.4108887e+01
   1.1701440e+06   2.3071289e+01
   1.1703020e+06   2.1118164e+01
   1.1778500e+06   2.1484375e+01
   1.1780180e+06   2.2033691e+01
   1.1780820e+06   2.3071289e+01
   1.1781370e+06   2.2216797e+01
   1.1781870e+06   2.3071289e+01
   1.1888460e+06   2.2155762e+01
   1.1890010e+06   2.1850586e+01
   1.1907460e+06   2.2094727e+01
   1.1907860e+06   3.7658691e+01
   1.1908180e+06   2.9479980e+01
   1.1908330e+06   1.8798828e+01
   1.1908940e+06   2.5512695e+01
   1.2036210e+06   2.1423340e+01
   1.2036680e+06   2.3010254e+01
   1.2037270e+06   1.9042969e+01
   1.2037700e+06   2.4353027e+01
   1.2139100e+06   2.5329590e+01
   1.2140060e+06   3.3508301e+01
   1.2140440e+06   1.9226074e+01
   1.2239190e+06   2.2766113e+01
   1.2240070e+06   1.9775391e+01
   1.2240570e+06   2.2155762e+01
   1.2241280e+06   1.7578125e+01
   1.2350930e+06   2.0324707e+01
   1.2351600e+06   1.7578125e+01
   1.2351800e+06   1.9165039e+01
   1.2352020e+06   1.8920898e+01
   1.2352330e+06   1.7761230e+01
   1.2416870e+06   1.9042969e+01
   1.2417530e+06   2.2460938e+01
   1.2417890e+06   2.9235840e+01
   1.2418440e+06   2.2094727e+01
   1.2491880e+06   2.2888184e+01
   1.2492610e+06   1.9348145e+01
   1.2492750e+06   2.8625488e+01
   1.2493060e+06   1.9592285e+01
   1.2493740e+06   2.3498535e+01
   1.2534750e+06   1.9042969e+01
   1.2549800e+06   1.9287109e+01
   1.2612160e+06   2.4841309e+01
   1.2620450e+06   1.9226074e+01
   1.2621380e+06   2.3620605e+01
   1.2622100e+06   2.2399902e+01
   1.2729720e+06   2.0324707e+01
   1.2734320e+06   2.5268555e+01
   1.2734750e+06   2.4475098e+01
   1.2739510e+06   2.3681641e+01
   1.2739880e+06   2.1301270e+01
   1.2864270e+06   2.2888184e+01
   1.2864780e+06   1.9226074e+01
   1.2865020e+06   2.2399902e+01
   1.2865690e+06   3.1799316e+01
   1.2948910e+06   2.2277832e+01
   1.2949610e+06   3.2897949e+01
   1.2949920e+06   2.4902344e+01
   1.3039770e+06   2.0568848e+01
   1.3041650e+06   2.0874023e+01
   1.3064980e+06   2.2094727e+01
   1.3065630e+06   2.1484375e+01
   1.3065940e+06   2.3193359e+01
   1.3115640e+06   2.0751953e+01
   1.3141660e+06   2.0263672e+01
   1.3198690e+06   2.2094727e+01
   1.3199190e+06   1.9042969e+01
   1.3199440e+06   2.5634766e+01
   1.3200580e+06   2.0935059e+01
   1.3301400e+06   1.8493652e+01
   1.3302690e+06   2.2033691e+01
   1.3412920e+06   2.1057129e+01
   1.3422560e+06   2.4108887e+01
   1.3501690e+06   1.8554688e+01
   1.3515260e+06   2.4169922e+01
   1.3515940e+06   2.3681641e+01
   1.3516380e+06   2.8747559e+01
   1.3516760e+06   2.2216797e+01
   1.3590650e+06   2.3376465e+01
   1.3591160e+06   2.6733398e+01
   1.3591520e+06   1.9836426e+01
   1.3591850e+06   2.4597168e+01
   1.3796560e+06   2.0507812e+01
   1.3797050e+06   2.5939941e+01
   1.3797480e+06   1.9531250e+01
   1.3797770e+06   2.0935059e+01
   1.3818920e+06   2.4475098e+01
   1.3841340e+06   1.9042969e+01
   1.3845050e+06   2.1606445e+01
   1.3960100e+06   1.8920898e+01
   1.3962010e+06   2.4780273e+01
   1.4265360e+06   2.0324707e+01
   1.4271480e+06   1.9165039e+01
   1.4279460e+06   2.2644043e+01
   1.4418290e+06   2.0996094e+01
   1.4484460e+06   1.9226074e+01
   1.4506760e+06   2.0263672e+01
   1.4623470e+06   2.0935059e+01
   1.4623730e+06   2.4841309e+01
   1.4623970e+06   2.1545410e+01
   1.4624890e+06   1.7395020e+01
   1.4721810e+06   2.4291992e+01
   1.4730430e+06   1.8737793e+01
   1.4730720e+06   1.8859863e+01
   1.4731180e+06   1.7456055e+01
   1.4732180e+06   1.7517090e+01
   1.4732770e+06   2.4353027e+01
   1.4797150e+06   2.1850586e+01
   1.4817110e+06   1.8737793e+01
   1.4819760e+06   1.9165039e+01
   1.4902670e+06   1.8554688e+01
   1.4909500e+06   2.1301270e+01
   1.4918880e+06   2.0019531e+01
   1.5148860e+06   1.9226074e+01
   1.5335420e+06   1.7333984e+01
   1.5480730e+06   2.0690918e+01
   1.5594880e+06   1.9775391e+01
   1.5602640e+06   1.8371582e+01
   1.5602790e+06   2.1301270e+01
   1.5669270e+06   2.1789551e+01
   1.5711730e+06   2.1545410e+01
   1.5758710e+06   1.9958496e+01
   1.5760070e+06   2.3254395e+01
   1.5766190e+06   2.1972656e+01
   1.5766610e+06   2.4108887e+01
   1.5766960e+06   2.7709961e+01
   1.5767310e+06   2.2033691e+01
   1.5808510e+06   2.0690918e+01
   1.5839260e+06   2.1484375e+01
   1.5870660e+06   2.2460938e+01
   1.5974680e+06   2.1423340e+01
   1.5980820e+06   1.7700195e+01
   1.6000370e+06   2.3681641e+01
   1.6042650e+06   1.7272949e+01
   1.6088030e+06   2.5634766e+01
   1.6088320e+06   2.0385742e+01
   1.6088850e+06   2.2216797e+01
   1.6092230e+06   1.7700195e+01
   1.6147910e+06   2.4291992e+01
   1.6240230e+06   2.1118164e+01
   1.6241060e+06   1.9165039e+01
   1.6252910e+06   2.3132324e+01
   1.6253280e+06   2.4475098e+01
   1.6253690e+06   2.2949219e+01
   1.6258310e+06   2.1911621e+01
   1.6258430e+06   1.7517090e+01
   1.6258800e+06   2.4902344e+01
   1.6259190e+06   2.9235840e+01
   1.6296570e+06   2.0263672e+01
   1.6298500e+06   1.8798828e+01
   1.6313260e+06   1.7517090e+01
   1.6324280e+06   1.8676758e+01
   1.6426170e+06   2.0324707e+01
   1.6432190e+06   2.0019531e+01
   1.6496030e+06   1.8493652e+01
   1.6516090e+06   1.7333984e+01
   1.6518650e+06   2.5756836e+01
   1.6596520e+06   2.0141602e+01
   1.6602920e+06   2.0324707e+01
   1.6604300e+06   2.0385742e+01
   1.6609150e+06   1.8981934e+01
   1.6613980e+06   2.1240234e+01
   1.6658390e+06   2.6367188e+01
   1.6664700e+06   2.1301270e+01
   1.6688650e+06   2.0080566e+01
   1.6689520e+06   2.3437500e+01
   1.6787920e+06   2.2888184e+01
   1.6976020e+06   1.7639160e+01
   1.7122110e+06   2.1667480e+01
   1.7155520e+06   2.0629883e+01
   1.7155800e+06   2.2460938e+01
   1.7156150e+06   2.8259277e+01
   1.7236060e+06   2.2827148e+01
   1.7243650e+06   2.0263672e+01
   1.7244370e+06   1.7272949e+01
   1.7373210e+06   1.8676758e+01
   1.7384330e+06   2.0019531e+01
   1.7384910e+06   2.2216797e+01
   1.7488210e+06   2.0935059e+01
   1.7657150e+06   2.2888184e+01
   1.7657990e+06   2.7343750e+01
   1.7681790e+06   1.7761230e+01
   1.7682860e+06   2.1118164e+01
   1.7683110e+06   4.3457031e+01
   1.7683310e+06   9.1796875e+01
   1.7683560e+06   1.1975098e+02
   1.7683810e+06   8.2641602e+01
   1.7737270e+06   1.9226074e+01
   1.7758580e+06   1.9836426e+01
   1.7765610e+06   2.1362305e+01
   1.7766210e+06   2.1240234e+01
   1.7766860e+06   2.6733398e+01
   1.7846260e+06   2.3681641e+01
   1.7913730e+06   2.7587891e+01
   1.7994180e+06   1.8859863e+01
   1.8004490e+06   2.2094727e+01
   1.8005400e+06   1.8676758e+01
   1.8098890e+06   2.3559570e+01
   1.8113650e+06   2.1789551e+01
   1.8186660e+06   2.2827148e+01
   1.8187650e+06   2.5573730e+01
   1.8197860e+06   1.8859863e+01
   1.8200180e+06   2.0446777e+01
   1.8346700e+06   2.3498535e+01
   1.8347310e+06   2.7648926e+01
   1.8433650e+06   2.7160645e+01
   1.8434540e+06   1.7272949e+01
   1.8527410e+06   2.2399902e+01
   1.8539350e+06   1.7761230e+01
   1.8541250e+06   2.0812988e+01
   1.8545560e+06   2.0568848e+01
   1.8761070e+06   2.1362305e+01
   1.8768530e+06   2.0385742e+01
   1.8882840e+06   2.2827148e+01
   1.8935460e+06   2.0324707e+01
   1.8973840e+06   2.2033691e+01
   1.8981850e+06   2.2583008e+01
   1.9103100e+06   2.1850586e+01
   1.9104270e+06   2.1423340e+01
   1.9174330e+06   2.2094727e+01
   1.9185280e+06   2.0385742e+01
   1.9201840e+06   3.0334473e+01
   1.9290780e+06   2.3254395e+01
   1.9370230e+06   2.6977539e+01
   1.9370960e+06   2.3498535e+01
   1.9379730e+06   1.9165039e+01
   1.9443680e+06   2.4475098e+01
   1.9444540e+06   2.1728516e+01
   1.9445720e+06   1.7395020e+01
   1.9534710e+06   2.4047852e+01
   1.9550840e+06   2.0690918e+01
   1.9669290e+06   1.9165039e+01
   1.9670380e+06   1.9470215e+01
   1.9671570e+06   1.7761230e+01
   1.9674410e+06   2.0690918e+01
   1.9675290e+06   2.1789551e+01
   1.9748990e+06   1.8981934e+01
   1.9758780e+06   2.1057129e+01
   1.9759730e+06   1.8554688e+01
   1.9939180e+06   2.2399902e+01
   1.9942000e+06   2.1789551e+01
   2.0003530e+06   2.2216797e+01
   2.0113940e+06   1.8432617e+01
   2.0114710e+06   2.3925781e+01
   2.0115740e+06   2.0812988e+01
   2.0162600e+06   2.4169922e+01
   2.0162960e+06   2.4475098e+01
   2.0163270e+06   2.3864746e+01
   2.0164500e+06   2.1667480e+01
   2.0252660e+06   2.1911621e+01
   2.0253780e+06   1.7639160e+01
   2.0406850e+06   2.3071289e+01
   2.0459270e+06   2.0996094e+01
   2.0545040e+06   1.9836426e+01
   2.0704760e+06   2.3925781e+01
   2.0751520e+06   2.3071289e+01
   2.0751800e+06   2.1728516e+01
   2.0752310e+06   2.6000977e+01
   2.0848810e+06   2.3437500e+01
   2.0851580e+06   2.4597168e+01
   2.0855330e+06   1.7456055e+01
   2.0863810e+06   1.8920898e+01
   2.0864600e+06   2.0507812e+01
   2.1053540e+06   2.5207520e+01
   2.1125840e+06   2.3437500e+01
   2.1140380e+06   2.4230957e+01
   2.1140890e+06   2.8869629e+01
   2.1141810e+06   2.3376465e+01
   2.1233910e+06   1.8066406e+01
   2.1313220e+06   2.4047852e+01
   2.1332620e+06   1.9287109e+01
   2.1422740e+06   2.2766113e+01
   2.1612250e+06   1.7761230e+01
   2.1614230e+06   1.8554688e+01
   2.1667450e+06   2.3437500e+01
   2.1838180e+06   2.6611328e+01
   2.1838880e+06   2.2216797e+01
   2.1839240e+06   2.1057129e+01
   2.1839550e+06   2.1972656e+01
   2.1969720e+06   2.2155762e+01
   2.1985320e+06   1.8493652e+01
   2.2112060e+06   2.1118164e+01
   2.2113770e+06   1.9287109e+01
   2.2240030e+06   2.4780273e+01
   2.2319150e+06   2.3620605e+01
   2.2397440e+06   2.1362305e+01
   2.2468540e+06   2.1606445e+01
   2.2524820e+06   2.1362305e+01
   2.2539620e+06   2.1362305e+01
   2.2665920e+06   2.2033691e+01
   2.2729240e+06   2.6428223e+01
   2.2817240e+06   2.3559570e+01
   2.2999240e+06   2.4658203e+01
   2.3169790e+06   2.0141602e+01
   2.3188550e+06   2.6733398e+01
   2.3190150e+06   2.1362305e+01
   2.3190640e+06   2.3132324e+01
   2.3191030e+06   2.6000977e+01
   2.3203970e+06   2.1057129e+01
   2.3206740e+06   2.2338867e+01
   2.3208420e+06   2.0874023e+01
   2.3288890e+06   2.0263672e+01
   2.3333360e+06   2.2827148e+01
   2.3335270e+06   2.5085449e+01
   2.3361180e+06   2.4047852e+01
   2.3400400e+06   2.0690918e+01
   2.3411460e+06   2.1972656e+01
   2.3413350e+06   2.0263672e+01
   2.3574360e+06   2.1362305e+01
   2.3575220e+06   2.6184082e+01
   2.3625300e+06   1.8737793e+01
   2.3645270e+06   1.8737793e+01
   2.3702890e+06   2.3437500e+01
   2.3720990e+06   2.7404785e+01
   2.3804590e+06   2.4475098e+01
   2.3805040e+06   2.5451660e+01
   2.3885980e+06   2.4230957e+01
   2.3947280e+06   2.2888184e+01
   2.4012790e+06   2.2827148e+01
   2.4048830e+06   2.1545410e+01
   2.4049620e+06   2.7282715e+01
   2.4049880e+06   1.9470215e+01
   2.4069830e+06   2.2949219e+01
   2.4098490e+06   2.2460938e+01
   2.4197110e+06   2.3010254e+01
   2.4218620e+06   2.0935059e+01
   2.4224430e+06   2.4047852e+01
   2.4225140e+06   2.4108887e+01
   2.4225760e+06   2.8137207e+01
   2.4226450e+06   2.2460938e+01
   2.4304620e+06   1.9470215e+01
   2.4310280e+06   2.8686523e+01
   2.4311260e+06   2.4536133e+01
   2.4381860e+06   2.0996094e+01
   2.4385150e+06   2.2827148e+01
   2.4398830e+06   2.0690918e+01
   2.4400040e+06   1.9897461e+01
   2.4468640e+06   2.5146484e+01
   2.4469540e+06   2.1362305e+01
   2.4475410e+06   2.4902344e+01
   2.4477340e+06   1.7211914e+01
   2.4541290e+06   1.8310547e+01
   2.4550760e+06   1.7395020e+01
   2.4551250e+06   2.7770996e+01
   2.4614220e+06   2.1057129e+01
   2.4628320e+06   2.3193359e+01
   2.4661030e+06   2.1423340e+01
   2.4661750e+06   2.3132324e+01
   2.4710210e+06   2.7099609e+01
   2.4710590e+06   2.4047852e+01
   2.4711090e+06   2.1484375e+01
   2.4766210e+06   1.9470215e+01
   2.4803490e+06   1.9714355e+01
   2.4808890e+06   2.0385742e+01
   2.4893150e+06   2.1362305e+01
   2.4901140e+06   2.0874023e+01
   2.4907190e+06   1.9653320e+01
   2.4907530e+06   2.9479980e+01
   2.4908960e+06   1.9104004e+01
   2.5112100e+06   2.2460938e+01
   2.5128740e+06   1.9287109e+01
   2.5183140e+06   1.9104004e+01
   2.5211750e+06   2.3254395e+01
   2.5279940e+06   1.8920898e+01
   2.5298270e+06   2.0507812e+01
   2.5339590e+06   2.1911621e+01
   2.5403090e+06   2.2583008e+01
   2.5418190e+06   2.1423340e+01
   2.5493890e+06   2.2338867e+01
   2.5568540e+06   2.3803711e+01
   2.5577090e+06   1.8005371e+01
   2.5586490e+06   1.9409180e+01
   2.5652500e+06   2.2827148e+01
   2.5666870e+06   1.9348145e+01
   2.5712100e+06   2.4719238e+01
   2.5737300e+06   1.9592285e+01
   2.5747050e+06   2.0629883e+01
   2.5821930e+06   2.2338867e+01
   2.5896180e+06   2.1850586e+01
   2.5897110e+06   2.0446777e+01
   2.5912890e+06   2.3132324e+01
   2.6000880e+06   1.9775391e+01
   2.6001000e+06   1.9104004e+01
   2.6001450e+06   2.2460937e+01
   2.6048850e+06   1.9226074e+01
   2.6061430e+06   1.9470215e+01
   2.6068470e+06   2.2216797e+01
   2.6087750e+06   2.2338867e+01
   2.6088170e+06   1.8676758e+01
   2.6190470e+06   2.0996094e+01
   2.6266920e+06   1.7639160e+01
   2.6314690e+06   2.2033691e+01
   2.6353030e+06   1.7700195e+01
   2.6424570e+06   2.2399902e+01
   2.6450240e+06   2.2521973e+01
   2.6451790e+06   1.9958496e+01
   2.6483000e+06   2.0324707e+01
   2.6589170e+06   1.9653320e+01
   2.6617860e+06   2.9968262e+01
   2.6626860e+06   2.2583008e+01
   2.6629730e+06   1.8249512e+01
   2.6709820e+06   2.1057129e+01
   2.6711270e+06   1.8615723e+01
   2.6723590e+06   2.7221680e+01
   2.6723860e+06   2.4169922e+01
   2.6724250e+06   2.5085449e+01
   2.6769750e+06   2.0507812e+01
   2.6786910e+06   2.2033691e+01
   2.6851450e+06   1.9348145e+01
   2.6870840e+06   2.8747559e+01
   2.6909450e+06   2.3986816e+01
   2.6978560e+06   2.5207520e+01
   2.7014060e+06   1.8859863e+01
   2.7019230e+06   2.7709961e+01
   2.7020430e+06   1.8615723e+01
   2.7025780e+06   1.9287109e+01
   2.7088380e+06   2.2460937e+01
   2.7097580e+06   2.3010254e+01
   2.7178780e+06   2.3193359e+01
   2.7238930e+06   2.1606445e+01
   2.7250610e+06   2.1301270e+01
   2.7251010e+06   2.0202637e+01
   2.7251300e+06   2.3742676e+01
   2.7325630e+06   2.3498535e+01
   2.7349680e+06   2.1423340e+01
   2.7350780e+06   2.2888184e+01
   2.7388270e+06   2.1423340e+01
   2.7431920e+06   2.6611328e+01
   2.7434800e+06   2.0935059e+01
   2.7547270e+06   1.7944336e+01
   2.7577040e+06   2.1484375e+01
   2.7667930e+06   2.0202637e+01
   2.7678970e+06   1.9836426e+01
   2.7745460e+06   2.3193359e+01
   2.7745800e+06   2.5085449e+01
   2.7745900e+06   1.7822266e+01
   2.7746710e+06   2.0141602e+01
   2.7812190e+06   2.0507812e+01
   2.7818860e+06   1.9958496e+01
   2.7819610e+06   1.8432617e+01
   2.7819900e+06   2.3498535e+01
   2.7831330e+06   3.3142090e+01
   2.7832050e+06   1.8188477e+01
   2.7933600e+06   2.0874023e+01
   2.7934770e+06   1.7944336e+01
   2.8016000e+06   2.3376465e+01
   2.8051030e+06   2.0019531e+01
   2.8068180e+06   2.0080566e+01
   2.8068520e+06   1.8920898e+01
   2.8132310e+06   2.4475098e+01
   2.8138800e+06   2.3132324e+01
   2.8320310e+06   2.2094727e+01
   2.8335150e+06   2.2216797e+01
   2.8404720e+06   2.6794434e+01
   2.8412490e+06   2.0812988e+01
   2.8496480e+06   2.0568848e+01
   2.8560810e+06   2.0141602e+01
   2.8663540e+06   2.4475098e+01
   2.8779330e+06   2.1789551e+01
   2.8922440e+06   2.3010254e+01
   2.8924230e+06   2.1362305e+01
   2.9015230e+06   2.4108887e+01
   2.9106140e+06   2.4658203e+01
   2.9106540e+06   2.6672363e+01
   2.9132290e+06   2.2521973e+01
   2.9151740e+06   1.7211914e+01
   2.9217060e+06   1.8493652e+01
   2.9217490e+06   1.8798828e+01
   2.9225740e+06   1.7700195e+01
   2.9272180e+06   2.3315430e+01
   2.9279590e+06   2.3132324e+01
   2.9433430e+06   2.2399902e+01
   2.9433770e+06   2.7954102e+01
   2.9434120e+06   2.4536133e+01
   2.9621680e+06   2.2949219e+01
   2.9728230e+06   2.0385742e+01
   2.9736100e+06   2.1240234e+01
   2.9850400e+06   2.1850586e+01
   2.9867140e+06   1.9226074e+01
   2.9977350e+06   1.9348145e+01
   3.0038480e+06   2.4475098e+01
   3.0041600e+06   1.9714355e+01
   3.0091990e+06   2.0629883e+01
   3.0097640e+06   1.9470215e+01
   3.0195560e+06   2.3376465e+01
   3.0257340e+06   2.0446777e+01
   3.0280240e+06   2.0141602e+01
   3.0373960e+06   2.0019531e+01
   3.0515850e+06   2.0690918e+01
   3.0567340e+06   2.1972656e+01
   3.0569990e+06   1.9226074e+01
   3.0570290e+06   2.2277832e+01
   3.0570850e+06   2.3864746e+01
   3.0580140e+06   1.9287109e+01
   3.0580490e+06   2.3681641e+01
   3.0666610e+06   2.1789551e+01
   3.0668540e+06   2.5390625e+01
   3.0742470e+06   2.2644043e+01
   3.0763490e+06   2.1362305e+01
   3.0908870e+06   2.4353027e+01
   3.0939500e+06   2.0935059e+01
   3.0957520e+06   1.9653320e+01
   3.0958020e+06   3.0944824e+01
   3.1060110e+06   2.0507812e+01
   3.1099840e+06   2.6977539e+01
   3.1100670e+06   2.3620605e+01
   3.1101150e+06   2.6000977e+01
   3.1104210e+06   2.0080566e+01
   3.1105000e+06   2.8259277e+01
   3.1163370e+06   2.1484375e+01
   3.1163820e+06   2.2644043e+01
   3.1164270e+06   2.5878906e+01
   3.1189040e+06   2.1545410e+01
   3.1205180e+06   2.1789551e+01
   3.1336670e+06   2.1545410e+01
   3.1446840e+06   2.0812988e+01
   3.1460120e+06   2.3132324e+01
   3.1461170e+06   2.4780273e+01
   3.1523560e+06   2.4230957e+01
   3.1525650e+06   2.2521973e+01
   3.1558490e+06   2.0874023e+01
   3.1606010e+06   2.0446777e+01
   3.1607150e+06   2.1057129e+01
   3.1670220e+06   2.3620605e+01
   3.1700030e+06   2.4414062e+01
   3.1717430e+06   2.2155762e+01
   3.1847920e+06   2.4169922e+01
   3.1868030e+06   2.1728516e+01
   3.1893070e+06   2.0385742e+01
   3.1958700e+06   2.2399902e+01
   3.1971880e+06   1.8920898e+01
   3.2091670e+06   2.1240234e+01
   3.2092220e+06   2.3010254e+01
   3.2094720e+06   2.1423340e+01
   3.2147660e+06   1.9348145e+01
   3.2177820e+06   1.8920898e+01
   3.2181490e+06   1.7395020e+01
   3.2273280e+06   1.8310547e+01
   3.2362190e+06   2.1972656e+01
   3.2374520e+06   1.9348145e+01
   3.2505520e+06   1.8188477e+01
   3.2578960e+06   2.3193359e+01
   3.2665850e+06   2.2399902e+01
   3.2666210e+06   2.0935059e+01
   3.2666600e+06   2.1972656e+01
   3.2732030e+06   1.9104004e+01
   3.2753070e+06   1.8615723e+01
   3.2771440e+06   3.0151367e+01
   3.2771770e+06   2.4841309e+01
   3.2772360e+06   2.1423340e+01
   3.2951440e+06   1.9592285e+01
   3.2951790e+06   2.3498535e+01
   3.3029130e+06   2.0324707e+01
   3.3031850e+06   2.0507812e+01
   3.3042780e+06   2.0629883e+01
   3.3063730e+06   2.4536133e+01
   3.3124530e+06   1.9042969e+01
   3.3285710e+06   1.9287109e+01
   3.3294710e+06   1.8615723e+01
   3.3416470e+06   2.0202637e+01
   3.3416700e+06   2.0446777e+01
   3.3542240e+06   2.8564453e+01
   3.3606340e+06   1.9226074e+01
   3.3716980e+06   2.0080566e+01
   3.3719110e+06   1.7578125e+01
   3.3778890e+06   1.7456055e+01
   3.3782900e+06   2.3559570e+01
   3.3786170e+06   1.7211914e+01
   3.3787570e+06   1.7578125e+01
   3.3819100e+06   2.1240234e+01
   3.3886150e+06   2.1179199e+01
   3.3889310e+06   1.9775391e+01
   3.3913490e+06   1.9042969e+01
   3.3915640e+06   1.9714355e+01
   3.3916190e+06   2.5390625e+01
   3.3916620e+06   2.9113770e+01
   3.4027070e+06   1.8127441e+01
   3.4134080e+06   2.2277832e+01
   3.4171250e+06   1.8432617e+01
   3.4177290e+06   1.7761230e+01
   3.4182850e+06   2.0690918e+01
   3.4231980e+06   2.0690918e+01
   3.4250720e+06   2.2949219e+01
   3.4255470e+06   1.7944336e+01
   3.4270600e+06   1.8981934e+01
   3.4346790e+06   1.7333984e+01
   3.4422600e+06   2.0751953e+01
   3.4422940e+06   2.9907227e+01
   3.4423280e+06   3.0456543e+01
   3.4423760e+06   2.2277832e+01
   3.4588850e+06   2.3071289e+01
   3.4593720e+06   2.1545410e+01
   3.4665170e+06   2.0324707e+01
   3.4696110e+06   2.3681641e+01
   3.4800370e+06   2.6916504e+01
   3.4800780e+06   2.1179199e+01
   3.4801370e+06   2.1850586e+01
   3.4802000e+06   2.0080566e+01
   3.4834970e+06   2.0263672e+01
   3.4875790e+06   2.2644043e+01
   3.4877130e+06   2.4597168e+01
   3.4887800e+06   2.0935059e+01
   3.4931830e+06   1.8432617e+01
   3.4956420e+06   2.0385742e+01
   3.4963050e+06   2.3864746e+01
   3.4968830e+06   2.3010254e+01
   3.5021770e+06   2.2399902e+01
   3.5031010e+06   2.2460938e+01
   3.5031470e+06   2.9235840e+01
   3.5036410e+06   2.1545410e+01
   3.5038280e+06   2.2460938e+01
   3.5089150e+06   2.4780273e+01
   3.5097750e+06   2.1667480e+01
   3.5294900e+06   1.9775391e+01
   3.5328660e+06   1.9714355e+01
   3.5341690e+06   2.1789551e+01
   3.5343020e+06   2.0996094e+01
   3.5386810e+06   2.1301270e+01
   3.5403500e+06   2.3254395e+01
   3.5407150e+06   2.0263672e+01
   3.5438840e+06   2.2338867e+01
   3.5440540e+06   2.0324707e+01
   3.5483950e+06   2.9479980e+01
   3.5498950e+06   2.1545410e+01
   3.5591650e+06   2.2766113e+01
   3.5659270e+06   2.2644043e+01
   3.5674150e+06   2.3376465e+01
   3.5686780e+06   1.8554688e+01
   3.5774780e+06   2.2888184e+01
   3.5782860e+06   2.1484375e+01
   3.5851820e+06   2.2949219e+01
   3.5872240e+06   1.9836426e+01
   3.5876520e+06   2.6245117e+01
   3.6000310e+06   2.0812988e+01
   3.6047880e+06   2.1057129e+01
   3.6096820e+06   2.0507812e+01
   3.6147240e+06   2.7038574e+01
   3.6162890e+06   2.1606445e+01
   3.6171440e+06   1.9836426e+01
   3.6233930e+06   1.9287109e+01
   3.6282910e+06   1.9592285e+01
   3.6347700e+06   2.1362305e+01
   3.6348750e+06   2.5207520e+01
   3.6402370e+06   2.1789551e+01
   3.6456240e+06   2.2277832e+01
   3.6495190e+06   2.5390625e+01
   3.6542570e+06   2.6672363e+01
   3.6587320e+06   2.0385742e+01
   3.6587820e+06   2.8015137e+01
   3.6589560e+06   2.2705078e+01
   3.6647860e+06   1.8676758e+01
   3.6679150e+06   1.8554688e+01
   3.6680470e+06   1.8920898e+01
   3.6707270e+06   2.3132324e+01
   3.6838140e+06   2.1606445e+01
   3.6917250e+06   2.4719238e+01
   3.7018540e+06   2.0751953e+01
   3.7079350e+06   2.0568848e+01
   3.7121100e+06   2.3742676e+01
   3.7290390e+06   2.3193359e+01
   3.7389060e+06   2.4353027e+01
   3.7427860e+06   1.7456055e+01
   3.7441390e+06   1.8554688e+01
   3.7499150e+06   2.0874023e+01
   3.7519890e+06   2.5329590e+01
   3.7520230e+06   2.1972656e+01
   3.7520740e+06   2.4902344e+01
   3.7594870e+06   2.2888184e+01
   3.7598670e+06   2.2399902e+01
   3.7602290e+06   1.9836426e+01
   3.7665380e+06   2.0080566e+01
   3.7682110e+06   2.0751953e+01
   3.7793670e+06   1.7639160e+01
   3.7889710e+06   2.4597168e+01
   3.7959150e+06   1.8981934e+01
   3.7961370e+06   1.9470215e+01
   3.7974200e+06   1.9042969e+01
   3.7974440e+06   2.3925781e+01
   3.7978760e+06   1.9714355e+01
   3.7987090e+06   1.8127441e+01
   3.8044540e+06   2.1362305e+01
   3.8086660e+06   1.8554688e+01
   3.8095200e+06   1.7395020e+01
   3.8104110e+06   2.9724121e+01
   3.8114800e+06   1.9042969e+01
   3.8124200e+06   2.1301270e+01
   3.8138190e+06   2.2399902e+01
   3.8138470e+06   2.5756836e+01
   3.8193180e+06   1.7578125e+01
   3.8262500e+06   2.0080566e+01
   3.8283600e+06   2.2277832e+01
   3.8497110e+06   2.2216797e+01
   3.8550300e+06   2.1911621e+01
   3.8663340e+06   2.2399902e+01
   3.8677050e+06   2.1362305e+01
   3.8679560e+06   2.1545410e+01
   3.8717450e+06   2.1545410e+01
   3.8773170e+06   2.1484375e+01
   3.8778100e+06   1.9897461e+01
   3.8780320e+06   2.5756836e+01
   3.8783670e+06   1.9836426e+01
   3.8824000e+06   1.9531250e+01
   3.8829170e+06   2.0568848e+01
   3.8842140e+06   2.3254395e+01
   3.8877140e+06   2.0935059e+01
   3.8919050e+06   2.4047852e+01
   3.8944500e+06   2.0263672e+01
   3.8983010e+06   2.0996094e+01
   3.9035140e+06   3.4484863e+01
   3.9076500e+06   1.9226074e+01
   3.9094300e+06   1.7761230e+01
   3.9095500e+06   2.0568848e+01
   3.9116110e+06   1.8066406e+01
   3.9160190e+06   1.8920898e+01
   3.9203790e+06   2.5024414e+01
   3.9256520e+06   2.1911621e+01
   3.9269120e+06   2.0324707e+01
   3.9313670e+06   2.1118164e+01
   3.9319080e+06   2.3559570e+01
   3.9382150e+06   1.9653320e+01
   3.9440950e+06   2.0507812e+01
   3.9446430e+06   2.1057129e+01
   3.9448420e+06   2.0019531e+01
   3.9521200e+06   2.0385742e+01
   3.9584760e+06   2.1484375e+01
   3.9599950e+06   2.0080566e+01
   3.9607100e+06   2.4658203e+01
   3.9607970e+06   2.3559570e+01
   3.9651980e+06   1.9714355e+01
   3.9673990e+06   2.2583008e+01
   3.9694550e+06   2.0935059e+01
   3.9695900e+06   2.3132324e+01
   3.9739450e+06   2.1789551e+01
   3.9751630e+06   1.9653320e+01
   3.9798620e+06   2.3681641e+01
   3.9858430e+06   2.3193359e+01
   3.9869810e+06   2.0874023e+01
   3.9951530e+06   1.8188477e+01
   3.9953390e+06   2.4475098e+01
   3.9961470e+06   1.9653320e+01
   3.9961810e+06   2.3254395e+01
   3.9962220e+06   2.4536133e+01
   3.9985410e+06   2.1301270e+01
   4.0013750e+06   2.5817871e+01
   4.0015010e+06   2.1301270e+01
   4.0015650e+06   2.1118164e+01
   4.0039390e+06   2.3010254e+01
   4.0105130e+06   2.1789551e+01
   4.0120590e+06   2.3681641e+01
   4.0129230e+06   2.0202637e+01
   4.0143420e+06   2.0568848e+01
   4.0184340e+06   1.9409180e+01
   4.0225080e+06   1.9958496e+01
   4.0242320e+06   1.8493652e+01
   4.0289510e+06   1.8005371e+01
   4.0324480e+06   1.9897461e+01
   4.0342520e+06   1.8615723e+01
   4.0393330e+06   2.2583008e+01
   4.0412410e+06   2.0019531e+01
   4.0538330e+06   1.9775391e+01
   4.0582030e+06   2.0996094e+01
   4.0620100e+06   1.8554688e+01
   4.0636010e+06   1.8798828e+01
   4.0637120e+06   1.9836426e+01
   4.0703340e+06   2.0385742e+01
   4.0729890e+06   2.0568848e+01
   4.0748670e+06   2.2521973e+01
   4.0749580e+06   1.9653320e+01
   4.0753210e+06   1.8066406e+01
   4.0780630e+06   2.4841309e+01
   4.0856040e+06   1.9897461e+01
   4.0886650e+06   2.0324707e+01
   4.0889110e+06   2.1972656e+01
   4.0891920e+06   2.2460938e+01
   4.0893960e+06   2.3071289e+01
   4.0945580e+06   2.3376465e+01
   4.1019580e+06   2.0568848e+01
   4.1165640e+06   2.3559570e+01
   4.1166530e+06   2.5146484e+01
   4.1166830e+06   2.6916504e+01
   4.1241060e+06   2.1179199e+01
   4.1294570e+06   2.2766113e+01
   4.1301820e+06   2.4353027e+01
   4.1302130e+06   2.2949219e+01
   4.1338110e+06   2.3254395e+01
   4.1339420e+06   2.5634766e+01
   4.1340170e+06   2.0568848e+01
   4.1347170e+06   2.1240234e+01
   4.1348540e+06   2.0507813e+01
   4.1349190e+06   2.0568848e+01
   4.1350100e+06   1.9775391e+01
   4.1491740e+06   2.3376465e+01
   4.1543600e+06   2.0996094e+01
   4.1549960e+06   1.9409180e+01
   4.1595210e+06   2.2155762e+01
   4.1657890e+06   2.0507812e+01
   4.1703000e+06   1.8432617e+01
   4.1704520e+06   2.3376465e+01
   4.1763430e+06   1.9531250e+01
   4.1852470e+06   2.0263672e+01
   4.1886610e+06   1.9897461e+01
   4.1887050e+06   1.7639160e+01
   4.1900400e+06   1.8371582e+01
   4.1902790e+06   1.8615723e+01
   4.1903150e+06   1.9775391e+01
   4.1928430e+06   2.2644043e+01
   4.1936730e+06   1.8310547e+01
   4.1995140e+06   2.0263672e+01
   4.2127840e+06   2.1484375e+01
   4.2129310e+06   1.8554688e+01
   4.2129770e+06   1.9470215e+01
   4.2369570e+06   1.9226074e+01
   4.2381030e+06   1.7822266e+01
   4.2402660e+06   2.2033691e+01
   4.2619010e+06   1.9836426e+01
   4.2629760e+06   1.9470215e+01
   4.2700890e+06   2.5390625e+01
   4.2701350e+06   2.2644043e+01
   4.2742160e+06   2.0202637e+01
   4.2969570e+06   2.5939941e+01
   4.2981070e+06   1.8005371e+01
   4.2991330e+06   2.2460938e+01
   4.2991700e+06   2.5390625e+01
   4.3034540e+06   2.0629883e+01
   4.3039460e+06   2.0202637e+01
   4.3049040e+06   1.8676758e+01
   4.3062850e+06   1.9897461e+01
   4.3089640e+06   2.2216797e+01
   4.3214880e+06   2.0080566e+01
   4.3238320e+06   1.9042969e+01
   4.3245310e+06   2.1728516e+01
   4.3245600e+06   2.5634766e+01
   4.3251140e+06   2.5085449e+01
   4.3299510e+06   1.9592285e+01
   4.3333440e+06   1.8249512e+01
   4.3346620e+06   2.1423340e+01
   4.3368060e+06   2.1118164e+01
   4.3485100e+06   2.0385742e+01
   4.3544300e+06   2.1606445e+01
   4.3589600e+06   1.8127441e+01
   4.3614610e+06   2.4475098e+01
   4.3736370e+06   2.2460938e+01
   4.3803330e+06   2.0751953e+01
   4.3844910e+06   1.9775391e+01
   4.3845050e+06   1.9714355e+01
   4.3903870e+06   1.9470215e+01
   4.3956370e+06   1.9531250e+01
   4.3961540e+06   1.8310547e+01
   4.4092730e+06   2.2521973e+01
   4.4200130e+06   2.1606445e+01
   4.4234060e+06   2.5634766e+01
   4.4310070e+06   2.2644043e+01
   4.4422300e+06   1.7883301e+01
   4.4520550e+06   2.1118164e+01
   4.4598840e+06   2.0263672e+01
   4.4713300e+06   2.0202637e+01
   4.4721360e+06   2.3254395e+01
   4.4770370e+06   1.9531250e+01
   4.4772410e+06   2.1362305e+01
   4.4822940e+06   1.9958496e+01
   4.4838040e+06   2.4230957e+01
   4.4855050e+06   2.3742676e+01
   4.4866700e+06   1.8493652e+01
   4.4896100e+06   1.9531250e+01
   4.4896350e+06   2.1240234e+01
   4.4909150e+06   2.0385742e+01
   4.4910540e+06   1.9348145e+01
   4.4963900e+06   1.7578125e+01
   4.5070750e+06   2.4230957e+01
   4.5073170e+06   2.1789551e+01
   4.5073620e+06   3.0761719e+01
   4.5103710e+06   2.6733398e+01
   4.5118250e+06   2.7648926e+01
   4.5216200e+06   2.1118164e+01
   4.5260980e+06   1.9836426e+01
   4.5267390e+06   2.0690918e+01
   4.5454810e+06   2.2888184e+01
   4.5458080e+06   2.2888184e+01
   4.5508220e+06   1.9470215e+01
   4.5523460e+06   1.9592285e+01
   4.5557810e+06   2.1850586e+01
   4.5580210e+06   1.7333984e+01
   4.5626940e+06   1.7395020e+01
   4.5673170e+06   1.9897461e+01
   4.5690920e+06   2.1911621e+01
   4.5729390e+06   2.2644043e+01
   4.5744990e+06   1.7944336e+01
   4.5748400e+06   2.0629883e+01
   4.5784050e+06   1.8981934e+01
   4.5829230e+06   2.3498535e+01
   4.5862230e+06   2.3132324e+01
   4.5901420e+06   2.1240234e+01
   4.5907300e+06   2.0202637e+01
   4.5997630e+06   2.0019531e+01
   4.6030470e+06   1.9165039e+01
   4.6059040e+06   2.3986816e+01
   4.6091140e+06   2.0446777e+01
   4.6200530e+06   2.0874023e+01
   4.6275460e+06   1.8859863e+01
   4.6374620e+06   2.0507812e+01
   4.6395460e+06   2.1118164e+01
   4.6462220e+06   2.4536133e+01
   4.6506100e+06   1.8920898e+01
   4.6693920e+06   2.0568848e+01
   4.6770330e+06   1.7944336e+01
   4.6770980e+06   1.7700195e+01
   4.6774260e+06   1.9348145e+01
   4.6775250e+06   1.7333984e+01
   4.6775550e+06   2.3742676e+01
   4.6853310e+06   2.2155762e+01
   4.6868520e+06   2.1850586e+01
   4.6939190e+06   1.7272949e+01
   4.6957030e+06   2.1545410e+01
   4.7099500e+06   1.8920898e+01
   4.7109740e+06   1.8371582e+01
   4.7192780e+06   2.1057129e+01
   4.7216570e+06   1.9714355e+01
   4.7294190e+06   1.9042969e+01
   4.7337450e+06   2.2216797e+01
   4.7338190e+06   2.6184082e+01
   4.7407530e+06   2.1179199e+01
   4.7415350e+06   2.0874023e+01
   4.7457560e+06   2.1728516e+01
   4.7457810e+06   2.6672363e+01
   4.7458100e+06   2.2888184e+01
   4.7458920e+06   2.1728516e+01
   4.7497250e+06   1.9287109e+01
   4.7502840e+06   2.1118164e+01
   4.7503210e+06   2.2766113e+01
   4.7503700e+06   2.0812988e+01
   4.7555870e+06   2.1240234e+01
   4.7646540e+06   2.1972656e+01
   4.7714430e+06   2.0385742e+01
   4.7768250e+06   2.0324707e+01
   4.7813860e+06   1.9287109e+01
   4.7854490e+06   2.0629883e+01
   4.7886030e+06   2.1057129e+01
   4.7907200e+06   1.7272949e+01
   4.7976990e+06   2.0446777e+01
   4.7984260e+06   2.2644043e+01
   4.7986970e+06   2.4353027e+01
   4.8040620e+06   1.9592285e+01
   4.8058760e+06   2.1240234e+01
   4.8065390e+06   2.0996094e+01
   4.8126700e+06   2.6550293e+01
   4.8172010e+06   1.8737793e+01
   4.8173280e+06   1.7761230e+01
   4.8193940e+06   2.2888184e+01
   4.8200370e+06   2.3559570e+01
   4.8222540e+06   2.0812988e+01
   4.8247550e+06   2.1362305e+01
   4.8324300e+06   2.4902344e+01
   4.8330850e+06   1.9775391e+01
   4.8331030e+06   1.7700195e+01
   4.8393390e+06   2.4108887e+01
   4.8398050e+06   1.9287109e+01
   4.8398360e+06   2.3010254e+01
   4.8398750e+06   3.4851074e+01
   4.8398970e+06   2.3071289e+01
   4.8399210e+06   2.3437500e+01
   4.8467400e+06   2.1789551e+01
   4.8484990e+06   2.1301270e+01
   4.8580500e+06   2.3254395e+01
   4.8647610e+06   2.2827148e+01
   4.8701130e+06   2.0996094e+01
   4.8720400e+06   1.8981934e+01
   4.8740530e+06   1.8249512e+01
   4.8802440e+06   2.2338867e+01
   4.8810760e+06   2.0935059e+01
   4.8841130e+06   1.9470215e+01
   4.8857350e+06   1.7822266e+01
   4.8873530e+06   2.0202637e+01
   4.8944920e+06   2.0507812e+01
   4.9034660e+06   1.9226074e+01
   4.9044620e+06   2.0019531e+01
   4.9058620e+06   1.7883301e+01
   4.9217500e+06   1.9165039e+01
   4.9342750e+06   2.2399902e+01
   4.9374240e+06   1.7822266e+01
   4.9397690e+06   1.9958496e+01
   4.9426920e+06   2.0324707e+01
   4.9477710e+06   1.7944336e+01
   4.9483730e+06   1.7272949e+01
   4.9489380e+06   1.7333984e+01
   4.9559960e+06   1.7639160e+01
   4.9560580e+06   1.8554688e+01
   4.9569920e+06   1.7333984e+01
   4.9571850e+06   1.7883301e+01
   4.9733270e+06   2.1667480e+01
   4.9781480e+06   1.8066406e+01
   4.9820980e+06   2.4658203e+01
   4.9898280e+06   2.0751953e+01
   4.9909840e+06   2.0507812e+01
   5.0063160e+06   2.4291992e+01
   5.0080270e+06   2.1118164e+01
   5.0080680e+06   2.1484375e+01
   5.0173390e+06   2.7099609e+01
   5.0174160e+06   2.1179199e+01
   5.0229740e+06   2.3376465e+01
   5.0237520e+06   1.7333984e+01
   5.0237990e+06   1.7456055e+01
   5.0256850e+06   2.0874023e+01
   5.0262720e+06   2.4841309e+01
   5.0263100e+06   2.7526855e+01
   5.0263550e+06   2.1911621e+01
   5.0263990e+06   2.2155762e+01
   5.0264700e+06   2.1484375e+01
   5.0271940e+06   1.8432617e+01
   5.0298870e+06   2.7160645e+01
   5.0306370e+06   2.3010254e+01
   5.0350120e+06   2.0568848e+01
   5.0376280e+06   2.6794434e+01
   5.0390180e+06   1.9958496e+01
   5.0394220e+06   2.5390625e+01
   5.0394940e+06   2.2583008e+01
   5.0480780e+06   2.0751953e+01
   5.0482130e+06   2.4719238e+01
   5.0507450e+06   2.0568848e+01
   5.0520290e+06   1.9531250e+01
   5.0592610e+06   1.9348145e+01
   5.0596700e+06   2.2338867e+01
   5.0615380e+06   2.6916504e+01
   5.0632100e+06   2.0080566e+01
   5.0632580e+06   2.2460938e+01
   5.0658370e+06   2.2155762e+01
   5.0658680e+06   1.9287109e+01
   5.0663150e+06   2.1423340e+01
   5.0687330e+06   2.0507812e+01
   5.0693830e+06   1.9897461e+01
   5.0759280e+06   2.2399902e+01
   5.0812810e+06   2.1423340e+01
   5.0814100e+06   2.1301270e+01
   5.0852120e+06   2.1118164e+01
   5.0885080e+06   2.5146484e+01
   5.0885560e+06   2.3559570e+01
   5.0885910e+06   1.9836426e+01
   5.0908960e+06   1.7700195e+01
   5.0911800e+06   1.8981934e+01
   5.0954660e+06   1.9287109e+01
   5.0984530e+06   1.8127441e+01
   5.1038280e+06   1.7456055e+01
   5.1058260e+06   1.9836426e+01
   5.1060210e+06   2.2827148e+01
   5.1127690e+06   2.5695801e+01
   5.1128100e+06   2.3071289e+01
   5.1128390e+06   1.8798828e+01
   5.1201330e+06   2.3254395e+01
   5.1239030e+06   1.9775391e+01
   5.1292520e+06   1.7211914e+01
   5.1339690e+06   2.2949219e+01
   5.1380510e+06   2.2949219e+01
   5.1431810e+06   1.7517090e+01
   5.1432850e+06   1.9653320e+01
   5.1448640e+06   2.6306152e+01
   5.1448900e+06   2.4658203e+01
   5.1449190e+06   2.0446777e+01
   5.1449520e+06   1.8188477e+01
   5.1449760e+06   2.2155762e+01
   5.1535160e+06   1.9165039e+01
   5.1541890e+06   1.7944336e+01
   5.1562880e+06   2.2705078e+01
   5.1607590e+06   2.2338867e+01
   5.1607900e+06   1.7517090e+01
   5.1614220e+06   2.4719238e+01
   5.1672750e+06   2.0690918e+01
   5.1673600e+06   3.1738281e+01
   5.1674110e+06   2.5634766e+01
   5.1748840e+06   2.1789551e+01
   5.1825160e+06   2.2949219e+01
   5.1848780e+06   3.1188965e+01
   5.1901780e+06   2.0629883e+01
   5.1912770e+06   2.1667480e+01
   5.1916060e+06   2.4353027e+01
   5.1962230e+06   2.2399902e+01
   5.2065010e+06   2.1972656e+01
   5.2115570e+06   1.7395020e+01
   5.2125310e+06   2.0996094e+01
   5.2178630e+06   2.8564453e+01
   5.2195010e+06   2.0690918e+01
   5.2225150e+06   1.8005371e+01
   5.2232670e+06   1.8066406e+01
   5.2291090e+06   2.1118164e+01
   5.2336880e+06   1.9836426e+01
   5.2350310e+06   2.6123047e+01
   5.2353610e+06   2.1301270e+01
   5.2370630e+06   1.7272949e+01
   5.2385050e+06   1.7822266e+01
   5.2476060e+06   2.0568848e+01
   5.2524050e+06   2.2033691e+01
   5.2568070e+06   2.2155762e+01
   5.2655480e+06   2.0568848e+01
   5.2719280e+06   2.6550293e+01
   5.2897920e+06   2.0141602e+01
   5.2905480e+06   1.9592285e+01
   5.3019230e+06   2.0507812e+01
   5.3059880e+06   2.1728516e+01
   5.3073630e+06   1.7395020e+01
   5.3074870e+06   2.0141602e+01
   5.3075410e+06   2.5756836e+01
   5.3154350e+06   2.0202637e+01
   5.3216910e+06   2.2094727e+01
   5.3277700e+06   2.2155762e+01
   5.3311250e+06   2.3742676e+01
   5.3437210e+06   2.0996094e+01
   5.3442870e+06   2.2766113e+01
   5.3457480e+06   2.2888184e+01
   5.3548040e+06   1.8066406e+01
   5.3584370e+06   2.5634766e+01
   5.3585270e+06   2.6428223e+01
   5.3586410e+06   2.2949219e+01
   5.3657300e+06   2.0385742e+01
   5.3662070e+06   2.3742676e+01
   5.3663260e+06   3.3386230e+01
   5.3740380e+06   2.1667480e+01
   5.3757030e+06   2.4047852e+01
   5.3778990e+06   2.1118164e+01
   5.3838660e+06   1.8493652e+01
   5.3873740e+06   2.2277832e+01
   5.3907770e+06   2.2277832e+01
   5.3908050e+06   1.8432617e+01
   5.3908360e+06   2.4536133e+01
   5.3908680e+06   2.4902344e+01
   5.3909360e+06   2.0751953e+01
   5.3943230e+06   1.9104004e+01
   5.3947350e+06   2.1423340e+01
   5.3947550e+06   1.9897461e+01
   5.4039100e+06   1.7944336e+01
   5.4116020e+06   1.8127441e+01
   5.4188260e+06   2.2399902e+01
   5.4190310e+06   2.3864746e+01
   5.4200830e+06   1.8310547e+01
   5.4201250e+06   1.7517090e+01
   5.4247170e+06   2.1911621e+01
   5.4252040e+06   2.0935059e+01
   5.4404410e+06   2.2094727e+01
   5.4420910e+06   2.3193359e+01
   5.4456610e+06   2.0507812e+01
   5.4476220e+06   1.9226074e+01
   5.4506700e+06   1.9348145e+01
   5.4507040e+06   2.1972656e+01
   5.4507440e+06   2.4169922e+01
   5.4525460e+06   2.0996094e+01
   5.4539080e+06   2.5573730e+01
   5.4540400e+06   2.2277832e+01
   5.4558820e+06   2.2644043e+01
   5.4643570e+06   2.0812988e+01
   5.4645560e+06   2.2277832e+01
   5.4690470e+06   2.2521973e+01
   5.4764700e+06   1.7639160e+01
   5.4774600e+06   1.8554688e+01
   5.4793960e+06   1.8005371e+01
   5.4835300e+06   1.9470215e+01
   5.4858330e+06   1.8859863e+01
   5.4864810e+06   1.7700195e+01
   5.5039000e+06   2.0874023e+01
   5.5039620e+06   2.3742676e+01
   5.5105280e+06   2.5451660e+01
   5.5106670e+06   1.8249512e+01
   5.5198750e+06   2.1972656e+01
   5.5239910e+06   1.8920898e+01
   5.5308220e+06   2.3254395e+01
   5.5336980e+06   1.7395020e+01
   5.5348150e+06   2.1667480e+01
   5.5417290e+06   2.1423340e+01
   5.5461020e+06   1.7700195e+01
   5.5475500e+06   2.2094727e+01
   5.5629530e+06   2.0202637e+01
   5.5630380e+06   2.0324707e+01
   5.5710360e+06   1.8188477e+01
   5.5717410e+06   2.4780273e+01
   5.5825440e+06   1.8005371e+01
   5.5847780e+06   2.2460938e+01
   5.5903510e+06   1.9226074e+01
   5.6000880e+06   2.4047852e+01
   5.6012670e+06   2.1789551e+01
   5.6067420e+06   2.5573730e+01
   5.6104760e+06   1.7761230e+01
   5.6231390e+06   2.1362305e+01
   5.6318520e+06   2.2338867e+01
   5.6328110e+06   1.8676758e+01
   5.6453290e+06   2.1118164e+01
   5.6498470e+06   1.7578125e+01
   5.6600520e+06   1.9042969e+01
   5.6606440e+06   2.3803711e+01
   5.6635130e+06   2.2521973e+01
   5.6643370e+06   2.0019531e+01
   5.6684870e+06   2.2338867e+01
   5.6710910e+06   2.0751953e+01
   5.6791240e+06   2.2216797e+01
   5.6820290e+06   2.1118164e+01
   5.6913840e+06   1.9470215e+01
   5.6917150e+06   1.8981934e+01
   5.7057460e+06   2.3803711e+01
   5.7274030e+06   1.9714355e+01
   5.7346890e+06   2.3254395e+01
   5.7443460e+06   2.0080566e+01
   5.7483690e+06   2.0202637e+01
   5.7483950e+06   2.9846191e+01
   5.7484380e+06   2.4291992e+01
   5.7521070e+06   2.2216797e+01
   5.7578560e+06   2.6855469e+01
   5.7631960e+06   2.2888184e+01
   5.7647000e+06   1.8127441e+01
   5.7684070e+06   2.1484375e+01
   5.7741820e+06   1.7211914e+01
   5.7781380e+06   2.2949219e+01
   5.7849210e+06   2.4475098e+01
   5.7850600e+06   1.9592285e+01
   5.8049250e+06   1.9775391e+01
   5.8139030e+06   2.2583008e+01
   5.8217020e+06   2.1118164e+01
   5.8217580e+06   2.3132324e+01
   5.8285910e+06   2.1850586e+01
   5.8334070e+06   2.4902344e+01
   5.8359310e+06   2.1057129e+01
   5.8393850e+06   1.8005371e+01
   5.8511860e+06   2.8747559e+01
   5.8543920e+06   1.7944336e+01
   5.8628870e+06   1.8310547e+01
   5.8629210e+06   2.3254395e+01
   5.8673860e+06   2.4108887e+01
   5.8674690e+06   2.2583008e+01
   5.8853880e+06   2.1362305e+01
   5.8950760e+06   2.6916504e+01
   5.9004210e+06   1.9714355e+01
   5.9010990e+06   2.1423340e+01
   5.9011330e+06   2.3193359e+01
   5.9058200e+06   1.8005371e+01
   5.9076350e+06   1.8859863e+01
   5.9077520e+06   1.9958496e+01
   5.9086790e+06   2.0874023e+01
   5.9107810e+06   2.0690918e+01
   5.9111190e+06   2.2766113e+01
   5.9115290e+06   2.5451660e+01
   5.9122390e+06   1.8127441e+01
   5.9123410e+06   2.3071289e+01
   5.9202520e+06   1.7578125e+01
   5.9250930e+06   1.9348145e+01
   5.9313770e+06   2.1362305e+01
   5.9331120e+06   1.9836426e+01
   5.9339360e+06   2.0446777e+01
   5.9342150e+06   2.1545410e+01
   5.9399700e+06   2.3193359e+01
   5.9510870e+06   1.8615723e+01
   5.9565330e+06   2.6184082e+01
   5.9567790e+06   1.7333984e+01
   5.9576970e+06   2.3803711e+01
   5.9577520e+06   2.8564453e+01
   5.9633920e+06   2.3681641e+01
   5.9692790e+06   1.8554688e+01
   5.9804170e+06   2.3681641e+01
   5.9918220e+06   2.0141602e+01
