   5.9990000e+06   0.0000000e+00
   6.4480000e+03   1.6967773e+01
   1.8588000e+04   1.7761230e+01
   1.8996000e+04   1.8615723e+01
   2.3646000e+04   1.7028809e+01
   2.9608000e+04   1.9042969e+01
   2.9670000e+04   1.6601562e+01
   3.6014000e+04   1.9531250e+01
   3.6460000e+04   3.3691406e+01
   3.6578000e+04   2.2644043e+01
   4.3672000e+04   1.8066406e+01
   4.3826000e+04   1.6479492e+01
   4.4002000e+04   1.8005371e+01
   5.0485000e+04   1.6662598e+01
   5.5235000e+04   2.0141602e+01
   6.7491000e+04   1.6479492e+01
   7.4038000e+04   1.6784668e+01
   7.6890000e+04   1.9226074e+01
   8.3463000e+04   1.8615723e+01
   8.4128000e+04   1.7333984e+01
   9.3478000e+04   2.8076172e+01
   9.4082000e+04   1.9226074e+01
   9.4128000e+04   3.3630371e+01
   9.4161000e+04   3.0456543e+01
   9.4171000e+04   1.8737793e+01
   1.0708100e+05   1.6906738e+01
   1.0762400e+05   2.6916504e+01
   1.0765500e+05   2.2460938e+01
   1.0772000e+05   2.5512695e+01
   1.1032900e+05   1.7272949e+01
   1.1786600e+05   1.6723633e+01
   1.2130900e+05   1.7028809e+01
   1.3714200e+05   1.7578125e+01
   1.4161300e+05   1.8249512e+01
   1.5671600e+05   1.7395020e+01
   1.7246900e+05   1.9287109e+01
   1.8186800e+05   2.7465820e+01
   1.8190700e+05   2.6977539e+01
   1.8577800e+05   1.6540527e+01
   1.9070700e+05   1.9958496e+01
   2.0908100e+05   1.8981934e+01
   2.1463300e+05   2.0080566e+01
   2.2382500e+05   1.9531250e+01
   2.3150300e+05   2.1606445e+01
   2.4031800e+05   1.6906738e+01
   2.4416500e+05   2.1606445e+01
   2.4419800e+05   1.9287109e+01
   2.4422700e+05   1.6662598e+01
   2.6376400e+05   2.1850586e+01
   2.7414100e+05   1.7578125e+01
   2.7999300e+05   1.8127441e+01
   2.8821900e+05   3.4240723e+01
   2.8825300e+05   2.5634766e+01
   2.8828500e+05   2.3986816e+01
   2.9634800e+05   1.7333984e+01
   2.9704300e+05   3.0700684e+01
   2.9710200e+05   1.7028809e+01
   3.0656100e+05   1.6906738e+01
   3.0659300e+05   1.6662598e+01
   3.1746400e+05   3.4484863e+01
   3.2352100e+05   3.2409668e+01
   3.2355100e+05   1.9836426e+01
   3.2361000e+05   1.8554688e+01
   3.4494900e+05   3.1555176e+01
   3.4497900e+05   2.4841309e+01
   3.4501200e+05   1.8066406e+01
   3.5291100e+05   1.7883301e+01
   3.6323400e+05   4.1809082e+01
   3.7319100e+05   1.6723633e+01
   3.9466800e+05   1.6967773e+01
   4.0046700e+05   1.9958496e+01
   4.0051700e+05   1.6662598e+01
   4.1283300e+05   2.1606445e+01
   4.2090300e+05   2.2094727e+01
   4.3328700e+05   1.7456055e+01
   4.3450800e+05   1.6723633e+01
   4.3622800e+05   2.5451660e+01
   4.3626800e+05   2.6245117e+01
   4.4137800e+05   1.8981934e+01
   4.4540800e+05   1.8005371e+01
   4.6088700e+05   2.1362305e+01
   4.6766700e+05   1.8005371e+01
   4.6771900e+05   1.6479492e+01
   4.6867700e+05   1.8432617e+01
   4.6871700e+05   1.6906738e+01
   4.7642700e+05   3.0456543e+01
   4.7645500e+05   2.1972656e+01
   4.7680400e+05   3.2409668e+01
   4.7685100e+05   3.0456543e+01
   4.7689300e+05   2.4047852e+01
   4.7764100e+05   1.9836426e+01
   4.8583300e+05   1.9348145e+01
   4.9487300e+05   1.7761230e+01
   4.9778800e+05   2.8198242e+01
   5.0264100e+05   2.0751953e+01
   5.0266000e+05   1.6906738e+01
   5.1196800e+05   1.6601562e+01
   5.1906700e+05   1.6723633e+01
   5.2274000e+05   2.7648926e+01
   5.2357700e+05   2.7282715e+01
   5.2360900e+05   2.2766113e+01
   5.2413700e+05   3.2409668e+01
   5.2416600e+05   1.9409180e+01
   5.3606100e+05   2.9724121e+01
   5.3609800e+05   2.4475098e+01
   5.3613300e+05   1.7639160e+01
   5.3971100e+05   1.9775391e+01
   5.4762200e+05   1.9653320e+01
   5.4834300e+05   2.7038574e+01
   5.4837200e+05   2.1667480e+01
   5.4841100e+05   1.9042969e+01
   5.6347100e+05   1.8493652e+01
   5.6350500e+05   1.9714355e+01
   5.6888700e+05   1.7395020e+01
   5.8576600e+05   1.7150879e+01
   5.9679900e+05   1.6906738e+01
   5.9689200e+05   1.7395020e+01
   5.9778700e+05   1.7456055e+01
   6.1876500e+05   1.8188477e+01
   6.1877500e+05   2.8442383e+01
   6.3383000e+05   1.7944336e+01
   6.4464800e+05   1.7517090e+01
   6.5344700e+05   3.0578613e+01
   6.5844500e+05   2.0202637e+01
   6.5848000e+05   1.8005371e+01
   6.5849200e+05   1.7028809e+01
   6.8509500e+05   1.8798828e+01
   7.0823600e+05   2.1484375e+01
   7.1545000e+05   1.8859863e+01
   7.1741400e+05   2.0751953e+01
   7.4756800e+05   1.6662598e+01
   7.5739500e+05   2.3010254e+01
   7.7539400e+05   3.0334473e+01
   7.7554500e+05   1.7211914e+01
   7.7595000e+05   1.7028809e+01
   7.7628500e+05   1.7639160e+01
   7.8924200e+05   2.0263672e+01
   7.9528500e+05   1.8676758e+01
   7.9538500e+05   2.1911621e+01
   7.9547200e+05   1.6662598e+01
   8.0738800e+05   1.6784668e+01
   8.1530300e+05   1.9409180e+01
   8.1535800e+05   2.4353027e+01
   8.1538100e+05   1.9287109e+01
   8.2313000e+05   1.8493652e+01
   8.3656600e+05   2.0751953e+01
   8.4985800e+05   1.7272949e+01
   8.4990700e+05   1.8432617e+01
   8.5408900e+05   2.0080566e+01
   8.6383600e+05   3.6254883e+01
   8.6387200e+05   2.5207520e+01
   8.6392000e+05   2.5146484e+01
   8.6398800e+05   1.7578125e+01
   8.7488800e+05   1.7517090e+01
   8.8480800e+05   3.0700684e+01
   8.8483500e+05   1.9714355e+01
   8.8487600e+05   2.2888184e+01
   8.8506700e+05   3.1250000e+01
   8.8510000e+05   2.3559570e+01
   9.0028400e+05   2.8930664e+01
   9.0029800e+05   1.6662598e+01
   9.1423200e+05   2.0812988e+01
   9.1896900e+05   2.5817871e+01
   9.1901100e+05   3.0151367e+01
   9.1960600e+05   2.1057129e+01
   9.2715400e+05   3.0639648e+01
   9.2719100e+05   2.7099609e+01
   9.2722300e+05   1.7028809e+01
   9.2776500e+05   1.9958496e+01
   9.2833100e+05   1.7700195e+01
   9.3851000e+05   1.8005371e+01
   9.3862200e+05   1.7456055e+01
   9.4563900e+05   1.7822266e+01
   9.4758100e+05   1.7517090e+01
   9.4774000e+05   3.2104492e+01
   9.4775500e+05   2.1179199e+01
   9.4778200e+05   2.6977539e+01
   9.4790100e+05   1.8615723e+01
   9.5426100e+05   2.3010254e+01
   9.6857300e+05   1.6479492e+01
   9.7605800e+05   1.8249512e+01
   9.8887000e+05   2.0690918e+01
   1.0030190e+06   1.7211914e+01
   1.0087390e+06   3.4729004e+01
   1.0191230e+06   2.8625488e+01
   1.0321450e+06   1.8920898e+01
   1.0384480e+06   2.9541016e+01
   1.0384740e+06   2.0690918e+01
   1.0385100e+06   1.6723633e+01
   1.0387540e+06   2.8442383e+01
   1.0387880e+06   2.4169922e+01
   1.0388360e+06   2.4902344e+01
   1.0447980e+06   1.7089844e+01
   1.0453650e+06   2.0263672e+01
   1.0528820e+06   1.6845703e+01
   1.0530180e+06   1.6662598e+01
   1.0652140e+06   1.6601562e+01
   1.0654940e+06   3.1066895e+01
   1.0655260e+06   2.4475098e+01
   1.0705890e+06   2.8381348e+01
   1.0706190e+06   2.6245117e+01
   1.0706760e+06   2.3803711e+01
   1.0820750e+06   2.0629883e+01
   1.0825160e+06   1.8066406e+01
   1.0838820e+06   2.8747559e+01
   1.0839120e+06   2.1972656e+01
   1.0839870e+06   1.9104004e+01
   1.0839980e+06   1.6662598e+01
   1.1024860e+06   2.5756836e+01
   1.1146830e+06   2.0385742e+01
   1.1236740e+06   1.8066406e+01
   1.1308860e+06   2.5878906e+01
   1.1309180e+06   2.1423340e+01
   1.1349170e+06   2.6794434e+01
   1.1349330e+06   1.9104004e+01
   1.1349590e+06   3.4362793e+01
   1.1350490e+06   1.7211914e+01
   1.1434340e+06   2.0629883e+01
   1.1447750e+06   1.8249512e+01
   1.1475110e+06   4.3151855e+01
   1.1475730e+06   3.4057617e+01
   1.1621360e+06   1.8127441e+01
   1.1638010e+06   1.8127441e+01
   1.1638450e+06   1.7150879e+01
   1.1702330e+06   1.7456055e+01
   1.1897600e+06   1.6784668e+01
   1.1907330e+06   1.7761230e+01
   1.1907730e+06   3.8391113e+01
   1.2138980e+06   1.7211914e+01
   1.2140010e+06   2.0446777e+01
   1.2238350e+06   1.7822266e+01
   1.2238850e+06   1.7150879e+01
   1.2491190e+06   1.7272949e+01
   1.2493120e+06   1.6967773e+01
   1.2535750e+06   1.7150879e+01
   1.2728920e+06   2.3925781e+01
   1.2740800e+06   1.7883301e+01
   1.2949550e+06   1.7333984e+01
   1.3035350e+06   2.0751953e+01
   1.3199320e+06   1.6540527e+01
   1.3301210e+06   1.7272949e+01
   1.3429190e+06   1.9653320e+01
   1.3497590e+06   3.2226562e+01
   1.3497890e+06   2.3437500e+01
   1.3498190e+06   1.6723633e+01
   1.3504700e+06   1.8798828e+01
   1.3505230e+06   1.7028809e+01
   1.3588050e+06   1.6784668e+01
   1.3590380e+06   1.7089844e+01
   1.3590510e+06   1.7272949e+01
   1.3684470e+06   3.3630371e+01
   1.3684790e+06   2.2094727e+01
   1.3685120e+06   2.4658203e+01
   1.3685520e+06   1.8798828e+01
   1.3735110e+06   2.7954102e+01
   1.3735510e+06   2.4963379e+01
   1.3736030e+06   1.9897461e+01
   1.3796390e+06   1.7456055e+01
   1.3796710e+06   1.7272949e+01
   1.3797020e+06   1.7578125e+01
   1.3843870e+06   1.8859863e+01
   1.3913380e+06   2.4414062e+01
   1.3913710e+06   2.3315430e+01
   1.3914060e+06   1.8920898e+01
   1.3914490e+06   1.8127441e+01
   1.3915540e+06   1.8798828e+01
   1.3961070e+06   2.2216797e+01
   1.3962910e+06   1.6723633e+01
   1.3996660e+06   1.6540527e+01
   1.4124280e+06   1.8798828e+01
   1.4268490e+06   1.6723633e+01
   1.4268810e+06   1.8127441e+01
   1.4280280e+06   1.6784668e+01
   1.4502430e+06   2.1240234e+01
   1.4503050e+06   1.9958496e+01
   1.4568970e+06   2.7832031e+01
   1.4569330e+06   2.2705078e+01
   1.4569690e+06   2.1545410e+01
   1.4579580e+06   1.7150879e+01
   1.4580290e+06   1.6723633e+01
   1.4582180e+06   1.6967773e+01
   1.4622800e+06   2.1301270e+01
   1.4622970e+06   3.1799316e+01
   1.4623310e+06   2.2399902e+01
   1.4623490e+06   1.7578125e+01
   1.4824340e+06   1.7333984e+01
   1.5479460e+06   2.0568848e+01
   1.5853510e+06   2.0141602e+01
   1.5963840e+06   1.8493652e+01
   1.6224870e+06   1.7700195e+01
   1.6307100e+06   1.9104004e+01
   1.6687920e+06   2.3376465e+01
   1.6765500e+06   1.6479492e+01
   1.6766010e+06   1.7944336e+01
   1.6848560e+06   2.5756836e+01
   1.6848850e+06   2.6367188e+01
   1.6911290e+06   2.8259277e+01
   1.6911790e+06   2.5390625e+01
   1.7155140e+06   1.7883301e+01
   1.7155290e+06   1.8554688e+01
   1.7682010e+06   2.5329590e+01
   1.7682990e+06   5.6640625e+01
   1.7683260e+06   3.7170410e+01
   1.7683440e+06   1.0168457e+02
   1.7683900e+06   6.9152832e+01
   1.7684100e+06   6.5856934e+01
   1.7687460e+06   1.7944336e+01
   1.7820790e+06   2.5695801e+01
   1.7910530e+06   2.3498535e+01
   1.7910800e+06   1.9409180e+01
   1.7921440e+06   1.8005371e+01
   1.8111940e+06   1.7700195e+01
   1.8190520e+06   2.4353027e+01
   1.8190770e+06   1.8554688e+01
   1.8433630e+06   1.9592285e+01
   1.8537890e+06   3.3935547e+01
   1.8932080e+06   2.9296875e+01
   1.8932350e+06   2.2521973e+01
   1.8934610e+06   1.8920898e+01
   1.9101820e+06   2.1057129e+01
   1.9542740e+06   1.7883301e+01
   1.9544750e+06   1.9531250e+01
   1.9550190e+06   1.8310547e+01
   1.9674810e+06   2.0751953e+01
   1.9869610e+06   2.0935059e+01
   1.9953710e+06   1.6906738e+01
   2.0053830e+06   1.7211914e+01
   2.0155860e+06   1.8066406e+01
   2.0162060e+06   1.7700195e+01
   2.0162290e+06   2.2521973e+01
   2.0328870e+06   3.0151367e+01
   2.0329240e+06   2.0141602e+01
   2.0330240e+06   1.6967773e+01
   2.0537520e+06   2.9174805e+01
   2.0537790e+06   1.7822266e+01
   2.0543510e+06   2.3010254e+01
   2.0660990e+06   2.8137207e+01
   2.0733010e+06   1.9714355e+01
   2.1135100e+06   3.3447266e+01
   2.1230500e+06   3.0639648e+01
   2.1230800e+06   2.3193359e+01
   2.1299490e+06   2.8930664e+01
   2.1299760e+06   2.0507812e+01
   2.1300090e+06   1.6784668e+01
   2.1386750e+06   1.6906738e+01
   2.1449410e+06   2.0263672e+01
   2.1489230e+06   1.8371582e+01
   2.1775430e+06   2.1179199e+01
   2.1834600e+06   1.8493652e+01
   2.1908800e+06   2.6977539e+01
   2.1909230e+06   2.8869629e+01
   2.1909680e+06   1.8554688e+01
   2.1910050e+06   1.6906738e+01
   2.2200110e+06   1.8615723e+01
   2.2275110e+06   2.6794434e+01
   2.2275510e+06   2.2949219e+01
   2.2275820e+06   1.8127441e+01
   2.2665190e+06   1.6845703e+01
   2.2974330e+06   1.8310547e+01
   2.2981660e+06   1.8798828e+01
   2.2984440e+06   1.6479492e+01
   2.2998800e+06   1.7395020e+01
   2.3064610e+06   2.9235840e+01
   2.3064890e+06   2.2583008e+01
   2.3205910e+06   1.9531250e+01
   2.3494450e+06   1.9897461e+01
   2.3569880e+06   1.8981934e+01
   2.3573510e+06   2.1911621e+01
   2.3713720e+06   3.0822754e+01
   2.3713990e+06   1.8005371e+01
   2.3714340e+06   1.9897461e+01
   2.3804170e+06   1.8127441e+01
   2.3883750e+06   2.5329590e+01
   2.3884030e+06   3.0883789e+01
   2.3929650e+06   1.6662598e+01
   2.4173750e+06   2.8686523e+01
   2.4174040e+06   2.1179199e+01
   2.4174670e+06   2.8991699e+01
   2.4224200e+06   1.6967773e+01
   2.4224860e+06   1.9470215e+01
   2.4474320e+06   2.0202637e+01
   2.4475200e+06   1.8554688e+01
   2.4549920e+06   1.9226074e+01
   2.4624810e+06   1.6967773e+01
   2.4802370e+06   1.9836426e+01
   2.5123560e+06   1.6540527e+01
   2.5124070e+06   1.6845703e+01
   2.5211120e+06   2.5024414e+01
   2.5849840e+06   3.1188965e+01
   2.5850150e+06   2.5451660e+01
   2.5850460e+06   2.4597168e+01
   2.5851030e+06   1.9836426e+01
   2.5968930e+06   2.0812988e+01
   2.6474580e+06   2.0141602e+01
   2.6496970e+06   2.9296875e+01
   2.6497390e+06   3.3752441e+01
   2.6722600e+06   1.7028809e+01
   2.7274660e+06   1.6540527e+01
   2.7387150e+06   1.8127441e+01
   2.7441600e+06   2.0568848e+01
   2.7556550e+06   3.8085938e+01
   2.7556860e+06   2.2216797e+01
   2.7557080e+06   2.0019531e+01
   2.7567880e+06   1.6784668e+01
   2.7612520e+06   3.0944824e+01
   2.7612820e+06   2.1606445e+01
   2.7613140e+06   1.7517090e+01
   2.7746880e+06   1.6601562e+01
   2.7830930e+06   1.8188477e+01
   2.7933980e+06   1.7089844e+01
   2.8008720e+06   2.7954102e+01
   2.8008970e+06   1.9165039e+01
   2.8171920e+06   1.9775391e+01
   2.8172440e+06   1.7639160e+01
   2.8337260e+06   1.6723633e+01
   2.8488860e+06   2.2277832e+01
   2.8503230e+06   1.8127441e+01
   2.8560630e+06   1.6784668e+01
   2.8912690e+06   1.9470215e+01
   2.9222350e+06   1.8615723e+01
   2.9641400e+06   1.7822266e+01
   3.0224530e+06   3.0822754e+01
   3.0224850e+06   2.5634766e+01
   3.0225170e+06   1.8127441e+01
   3.0675030e+06   1.7333984e+01
   3.1029170e+06   1.8920898e+01
   3.1150290e+06   1.6479492e+01
   3.1217720e+06   1.6479492e+01
   3.1221210e+06   1.7822266e+01
   3.1522320e+06   1.9226074e+01
   3.1522460e+06   4.4311523e+01
   3.1562670e+06   3.2409668e+01
   3.1706170e+06   1.7944336e+01
   3.1714380e+06   1.6479492e+01
   3.1778480e+06   2.9846191e+01
   3.1778800e+06   2.2583008e+01
   3.1779160e+06   2.2277832e+01
   3.1779560e+06   2.2521973e+01
   3.2090870e+06   1.8249512e+01
   3.2612110e+06   1.6723633e+01
   3.2626640e+06   2.9113770e+01
   3.2626950e+06   2.6855469e+01
   3.2627270e+06   1.9531250e+01
   3.2627670e+06   1.7028809e+01
   3.2664670e+06   2.0263672e+01
   3.2665320e+06   1.9836426e+01
   3.2759570e+06   2.2827148e+01
   3.2764540e+06   3.1066895e+01
   3.2764800e+06   2.2338867e+01
   3.2765870e+06   2.6306152e+01
   3.3646930e+06   1.7883301e+01
   3.4040570e+06   3.1494141e+01
   3.4040950e+06   2.8869629e+01
   3.4132780e+06   1.8371582e+01
   3.4181930e+06   1.7883301e+01
   3.4623310e+06   1.7272949e+01
   3.4693310e+06   1.6845703e+01
   3.4695270e+06   1.9714355e+01
   3.4786030e+06   1.7517090e+01
   3.4800060e+06   1.8676758e+01
   3.4800650e+06   1.7517090e+01
   3.4887650e+06   1.8859863e+01
   3.5396640e+06   2.9357910e+01
   3.5396900e+06   2.1057129e+01
   3.5398370e+06   2.2705078e+01
   3.5401580e+06   1.6967773e+01
   3.5406560e+06   2.9846191e+01
   3.5406870e+06   1.7822266e+01
   3.5407000e+06   2.1423340e+01
   3.5482480e+06   1.8127441e+01
   3.5674030e+06   1.9348145e+01
   3.6007750e+06   2.2521973e+01
   3.6056220e+06   2.7954102e+01
   3.6056380e+06   2.8686523e+01
   3.6056520e+06   2.0751953e+01
   3.6056830e+06   2.7770996e+01
   3.6057230e+06   2.3254395e+01
   3.6096860e+06   1.6479492e+01
   3.6428390e+06   1.7883301e+01
   3.6521700e+06   1.7822266e+01
   3.6585230e+06   2.4597168e+01
   3.6585620e+06   2.7038574e+01
   3.7017060e+06   1.6479492e+01
   3.7295610e+06   2.8503418e+01
   3.7295900e+06   2.0935059e+01
   3.7296220e+06   1.8920898e+01
   3.7382550e+06   1.6784668e+01
   3.7523100e+06   1.7944336e+01
   3.7798170e+06   1.8432617e+01
   3.7958610e+06   1.8127441e+01
   3.7975040e+06   1.6845703e+01
   3.7985480e+06   2.1545410e+01
   3.8141490e+06   2.0324707e+01
   3.8889710e+06   1.8920898e+01
   3.8959850e+06   2.0263672e+01
   3.9154420e+06   3.4606934e+01
   3.9154840e+06   2.8259277e+01
   3.9157220e+06   2.0507812e+01
   3.9317270e+06   1.8493652e+01
   3.9446980e+06   1.6540527e+01
   3.9447790e+06   2.1606445e+01
   3.9523310e+06   1.9348145e+01
   3.9603340e+06   2.7221680e+01
   3.9603630e+06   2.1789551e+01
   3.9745920e+06   2.6977539e+01
   3.9746200e+06   1.6723633e+01
   3.9746670e+06   1.9836426e+01
   3.9751640e+06   1.8920898e+01
   3.9752390e+06   1.8005371e+01
   3.9795910e+06   1.8432617e+01
   3.9892260e+06   1.7272949e+01
   3.9894620e+06   1.8127441e+01
   4.0012930e+06   1.7456055e+01
   4.0021690e+06   1.9104004e+01
   4.0058930e+06   2.8076172e+01
   4.0059230e+06   1.8920898e+01
   4.0059520e+06   1.8615723e+01
   4.0327790e+06   1.6906738e+01
   4.0433740e+06   1.8859863e+01
   4.0434240e+06   1.9348145e+01
   4.0495730e+06   2.5878906e+01
   4.0496150e+06   2.5329590e+01
   4.0496570e+06   2.3132324e+01
   4.0496990e+06   1.8798828e+01
   4.0575530e+06   3.2653809e+01
   4.0575730e+06   3.1494141e+01
   4.0579430e+06   1.6906738e+01
   4.0579840e+06   1.8432617e+01
   4.0653190e+06   1.7395020e+01
   4.0739910e+06   1.8554688e+01
   4.0742840e+06   1.7211914e+01
   4.0993580e+06   2.5329590e+01
   4.0993890e+06   2.8076172e+01
   4.0994200e+06   1.9348145e+01
   4.0994610e+06   1.8005371e+01
   4.0995040e+06   1.8615723e+01
   4.0995510e+06   1.7211914e+01
   4.0995930e+06   1.6662598e+01
   4.1166860e+06   1.7700195e+01
   4.1346200e+06   1.7395020e+01
   4.1400820e+06   1.7883301e+01
   4.1611260e+06   1.8127441e+01
   4.1761300e+06   2.7648926e+01
   4.1762180e+06   1.9470215e+01
   4.1763030e+06   1.7944336e+01
   4.1863350e+06   1.6601562e+01
   4.1900180e+06   1.6784668e+01
   4.2258310e+06   1.9287109e+01
   4.2400290e+06   1.8920898e+01
   4.2526470e+06   1.9165039e+01
   4.2624870e+06   1.8005371e+01
   4.2626420e+06   1.9714355e+01
   4.2761580e+06   1.7211914e+01
   4.2990540e+06   1.8432617e+01
   4.3303120e+06   2.4597168e+01
   4.3303410e+06   2.5390625e+01
   4.3303740e+06   1.9836426e+01
   4.3373190e+06   1.7089844e+01
   4.4161240e+06   1.7517090e+01
   4.4183280e+06   2.8442383e+01
   4.4183550e+06   2.4353027e+01
   4.4197810e+06   2.9296875e+01
   4.4198700e+06   1.9348145e+01
   4.4291550e+06   2.6367188e+01
   4.4291840e+06   2.2399902e+01
   4.4436520e+06   3.0761719e+01
   4.4436780e+06   1.8737793e+01
   4.4462350e+06   1.6967773e+01
   4.4720840e+06   2.1667480e+01
   4.4822340e+06   1.7944336e+01
   4.4822740e+06   1.8493652e+01
   4.5002070e+06   1.6845703e+01
   4.5011360e+06   2.5451660e+01
   4.5011630e+06   2.1118164e+01
   4.5108340e+06   2.6672363e+01
   4.5108620e+06   2.1484375e+01
   4.5108960e+06   1.9226074e+01
   4.5109640e+06   2.1728516e+01
   4.5118500e+06   1.8127441e+01
   4.5268560e+06   1.6601562e+01
   4.5522750e+06   1.6906738e+01
   4.5744970e+06   1.7883301e+01
   4.6199440e+06   1.9592285e+01
   4.6200140e+06   1.9897461e+01
   4.6578600e+06   2.9174805e+01
   4.6771500e+06   1.7028809e+01
   4.6852500e+06   2.8930664e+01
   4.6852790e+06   2.2583008e+01
   4.6853140e+06   1.9409180e+01
   4.6857180e+06   2.0141602e+01
   4.7127260e+06   3.1799316e+01
   4.7194310e+06   1.8310547e+01
   4.7215830e+06   1.9653320e+01
   4.7336900e+06   1.8859863e+01
   4.7419060e+06   2.0996094e+01
   4.7672850e+06   1.9836426e+01
   4.7763580e+06   1.7761230e+01
   4.7805360e+06   3.3142090e+01
   4.7805630e+06   2.3132324e+01
   4.7806880e+06   1.7395020e+01
   4.7808060e+06   3.2775879e+01
   4.7808410e+06   2.2399902e+01
   4.7817740e+06   3.3142090e+01
   4.7818140e+06   1.9775391e+01
   4.7822010e+06   2.1972656e+01
   4.7986960e+06   1.9714355e+01
   4.8064670e+06   2.0629883e+01
   4.8197560e+06   1.8432617e+01
   4.8259960e+06   3.0700684e+01
   4.8260290e+06   3.2104492e+01
   4.8260580e+06   1.6601562e+01
   4.8329760e+06   1.8493652e+01
   4.8396980e+06   2.8015137e+01
   4.8397250e+06   2.4291992e+01
   4.8397670e+06   1.8676758e+01
   4.8398020e+06   3.6926270e+01
   4.8398510e+06   1.8310547e+01
   4.8489130e+06   1.9958496e+01
   4.8885810e+06   2.8564453e+01
   4.8886160e+06   2.7160645e+01
   4.8886510e+06   2.4169922e+01
   4.8893310e+06   1.7883301e+01
   4.9419750e+06   1.7578125e+01
   5.0079440e+06   1.8432617e+01
   5.0263420e+06   1.9470215e+01
   5.0297410e+06   3.5522461e+01
   5.0388960e+06   2.1484375e+01
   5.0393640e+06   1.6845703e+01
   5.0631060e+06   2.8686523e+01
   5.0631290e+06   2.7648926e+01
   5.0778060e+06   1.6906738e+01
   5.0779750e+06   2.7770996e+01
   5.0780120e+06   2.4963379e+01
   5.0780510e+06   2.2033691e+01
   5.0902500e+06   1.6723633e+01
   5.1126840e+06   2.1118164e+01
   5.1127250e+06   1.8981934e+01
   5.1353630e+06   2.1362305e+01
   5.1369740e+06   2.8015137e+01
   5.1370030e+06   2.1423340e+01
   5.1370400e+06   1.9714355e+01
   5.1371360e+06   1.7150879e+01
   5.1444470e+06   1.8310547e+01
   5.1447600e+06   4.1015625e+01
   5.1448290e+06   3.0395508e+01
   5.1594710e+06   1.7272949e+01
   5.1598320e+06   2.9541016e+01
   5.1598680e+06   2.1972656e+01
   5.1598990e+06   1.9714355e+01
   5.1672870e+06   1.7822266e+01
   5.1770230e+06   2.5512695e+01
   5.1770520e+06   2.3864746e+01
   5.1770630e+06   3.1677246e+01
   5.1770870e+06   2.2277832e+01
   5.1772160e+06   1.6479492e+01
   5.1895120e+06   1.8737793e+01
   5.1961140e+06   1.6601562e+01
   5.1961630e+06   1.7944336e+01
   5.2192720e+06   1.8615723e+01
   5.2286620e+06   2.8442383e+01
   5.2286920e+06   2.6062012e+01
   5.2287230e+06   1.8737793e+01
   5.2291380e+06   2.0629883e+01
   5.2520790e+06   1.9714355e+01
   5.2525490e+06   2.8991699e+01
   5.2525820e+06   2.5329590e+01
   5.2528540e+06   1.9226074e+01
   5.2578340e+06   2.4169922e+01
   5.2583980e+06   1.9287109e+01
   5.2653770e+06   2.6855469e+01
   5.2654140e+06   2.7954102e+01
   5.2654270e+06   1.8493652e+01
   5.2654500e+06   2.3071289e+01
   5.2824450e+06   2.8747559e+01
   5.2824700e+06   1.9775391e+01
   5.2825120e+06   1.7700195e+01
   5.2825520e+06   1.8249512e+01
   5.2873680e+06   2.8503418e+01
   5.2873990e+06   2.2888184e+01
   5.2874320e+06   1.9653320e+01
   5.2905870e+06   1.7883301e+01
   5.2907150e+06   1.6784668e+01
   5.3067060e+06   2.6733398e+01
   5.3150610e+06   3.1555176e+01
   5.3150880e+06   1.8249512e+01
   5.3151210e+06   1.8615723e+01
   5.3151840e+06   2.4169922e+01
   5.3153450e+06   2.0324707e+01
   5.3226810e+06   3.1188965e+01
   5.3227180e+06   2.5756836e+01
   5.3227520e+06   2.0507813e+01
   5.3235470e+06   2.5451660e+01
   5.3235780e+06   2.0507812e+01
   5.3317610e+06   1.9531250e+01
   5.3384690e+06   1.6906738e+01
   5.3457100e+06   2.1240234e+01
   5.3457620e+06   1.6845703e+01
   5.3585370e+06   1.7700195e+01
   5.3661330e+06   1.6967773e+01
   5.3778310e+06   1.7211914e+01
   5.3826960e+06   1.6784668e+01
   5.3889150e+06   1.7700195e+01
   5.3895270e+06   1.9104004e+01
   5.3895500e+06   2.9296875e+01
   5.3944290e+06   1.6906738e+01
   5.4035410e+06   1.6845703e+01
   5.4125280e+06   2.8869629e+01
   5.4126430e+06   1.8981934e+01
   5.4213660e+06   1.6845703e+01
   5.4298050e+06   2.8015137e+01
   5.4298410e+06   2.3010254e+01
   5.4298800e+06   2.0935059e+01
   5.4464210e+06   1.6906738e+01
   5.4475160e+06   1.9836426e+01
   5.4643440e+06   1.7578125e+01
   5.4644430e+06   1.7089844e+01
   5.4721130e+06   3.4423828e+01
   5.4725070e+06   2.3010254e+01
   5.4725350e+06   2.1301270e+01
   5.5038260e+06   1.7272949e+01
   5.5304650e+06   1.7333984e+01
   5.5460080e+06   1.7395020e+01
   5.5564000e+06   2.0019531e+01
   5.5828240e+06   3.1494141e+01
   5.5828550e+06   2.3498535e+01
   5.5828970e+06   2.2644043e+01
   5.6007980e+06   1.7700195e+01
   5.6174540e+06   1.8371582e+01
   5.6237640e+06   1.6540527e+01
   5.6451830e+06   2.0263672e+01
   5.6517530e+06   2.0263672e+01
   5.6709240e+06   1.9287109e+01
   5.6851730e+06   2.8503418e+01
   5.6852010e+06   2.0629883e+01
   5.6852520e+06   2.3620605e+01
   5.7345770e+06   1.8066406e+01
   5.7477530e+06   1.8005371e+01
   5.7786300e+06   1.9348145e+01
   5.8357600e+06   1.9958496e+01
   5.8478990e+06   2.7160645e+01
   5.8479260e+06   2.1728516e+01
   5.8790600e+06   2.7893066e+01
   5.8790900e+06   2.4902344e+01
   5.8791200e+06   1.8249512e+01
   5.8791780e+06   2.5756836e+01
   5.8792100e+06   2.1423340e+01
   5.8975590e+06   2.9968262e+01
   5.8975990e+06   2.7404785e+01
   5.9073540e+06   1.8432617e+01
   5.9180250e+06   1.8554688e+01
   5.9189320e+06   2.8564453e+01
   5.9189610e+06   2.6672363e+01
   5.9341230e+06   1.8005371e+01
   5.9344900e+06   2.7832031e+01
   5.9517510e+06   1.6601562e+01
   5.9572710e+06   2.8503418e+01
   5.9575450e+06   1.7211914e+01
   5.9759820e+06   2.0507812e+01
   5.9834010e+06   1.9165039e+01
   5.9917930e+06   1.7150879e+01
