   5.9990000e+06   0.0000000e+00
   3.2450000e+03   1.5441895e+01
   5.0300000e+03   2.6062012e+01
   5.4020000e+03   2.8930664e+01
   5.6750000e+03   2.9785156e+01
   6.0350000e+03   2.7343750e+01
   1.0741000e+04   2.4780273e+01
   1.1203000e+04   2.7221680e+01
   1.3040000e+04   2.5451660e+01
   2.0418000e+04   2.7038574e+01
   2.4776000e+04   1.6235352e+01
   2.7542000e+04   2.6733398e+01
   2.8374000e+04   2.7282715e+01
   2.8581000e+04   1.9165039e+01
   2.9003000e+04   2.4047852e+01
   3.5199000e+04   2.4108887e+01
   3.6529000e+04   1.4099121e+01
   3.6600000e+04   2.3498535e+01
   3.6627000e+04   2.4658203e+01
   5.1269000e+04   2.8564453e+01
   5.5594000e+04   2.7221680e+01
   6.1885000e+04   1.5502930e+01
   6.3600000e+04   2.2460938e+01
   6.4585000e+04   2.7465820e+01
   6.4816000e+04   2.4597168e+01
   6.5029000e+04   2.5207520e+01
   6.5281000e+04   2.6977539e+01
   7.3950000e+04   1.4221191e+01
   7.4075000e+04   2.6733398e+01
   8.1562000e+04   2.7038574e+01
   8.1795000e+04   2.4353027e+01
   9.4183000e+04   1.9897461e+01
   9.4209000e+04   1.8798828e+01
   9.4248000e+04   2.2338867e+01
   1.0847200e+05   2.5695801e+01
   1.1329800e+05   2.3681641e+01
   1.2219900e+05   2.8686523e+01
   1.2237400e+05   2.7465820e+01
   1.2244700e+05   2.7832031e+01
   1.2326200e+05   2.7648926e+01
   1.2384100e+05   2.8686523e+01
   1.3109700e+05   2.3376465e+01
   1.4134800e+05   1.6967773e+01
   1.4698300e+05   2.2705078e+01
   1.4780000e+05   1.7089844e+01
   1.4788400e+05   1.5625000e+01
   1.4830300e+05   2.6062012e+01
   1.5420600e+05   2.1789551e+01
   1.6867700e+05   2.7404785e+01
   1.6982000e+05   2.7832031e+01
   1.7212900e+05   1.7028809e+01
   1.7217400e+05   1.5258789e+01
   1.8155700e+05   3.6376953e+01
   1.8234200e+05   1.6723633e+01
   1.8242800e+05   2.6611328e+01
   1.8848600e+05   2.3498535e+01
   2.0506200e+05   2.4291992e+01
   2.0938800e+05   1.4709473e+01
   2.0954200e+05   1.6052246e+01
   2.1475700e+05   2.0324707e+01
   2.2371200e+05   2.3925781e+01
   2.2910800e+05   2.3376465e+01
   2.3106600e+05   1.6418457e+01
   2.3143000e+05   2.0874023e+01
   2.3629500e+05   2.3803711e+01
   2.3934800e+05   2.6306152e+01
   2.3956000e+05   1.7395020e+01
   2.3962600e+05   2.6367188e+01
   2.3964600e+05   2.0385742e+01
   2.4409800e+05   1.4282227e+01
   2.4419700e+05   1.5136719e+01
   2.5364600e+05   1.4160156e+01
   2.5369400e+05   2.9235840e+01
   2.6167800e+05   2.2399902e+01
   2.6377100e+05   1.5441895e+01
   2.6380800e+05   2.0996094e+01
   2.8218000e+05   2.7404785e+01
   2.8387500e+05   2.3132324e+01
   2.8710500e+05   2.3132324e+01
   2.9702600e+05   1.7517090e+01
   3.0160800e+05   2.5329590e+01
   3.1399100e+05   1.4770508e+01
   3.1632400e+05   2.3925781e+01
   3.1743000e+05   1.7395020e+01
   3.2057700e+05   2.4719238e+01
   3.2114400e+05   2.3132324e+01
   3.2147500e+05   2.3498535e+01
   3.2180500e+05   2.4230957e+01
   3.2251000e+05   2.2827148e+01
   3.2270700e+05   2.3498535e+01
   3.2291500e+05   2.6000977e+01
   3.2299800e+05   1.5747070e+01
   3.2763400e+05   2.3925781e+01
   3.2814000e+05   2.5634766e+01
   3.2876700e+05   2.1118164e+01
   3.2896600e+05   2.5390625e+01
   3.2923000e+05   2.4658203e+01
   3.2939100e+05   2.6123047e+01
   3.2975700e+05   2.5146484e+01
   3.2988000e+05   2.3925781e+01
   3.3002200e+05   2.2155762e+01
   3.3014900e+05   2.2888184e+01
   3.3029000e+05   2.8198242e+01
   3.3051500e+05   2.3742676e+01
   3.3063600e+05   2.3193359e+01
   3.3074500e+05   2.5695801e+01
   3.3077500e+05   2.9052734e+01
   3.3087700e+05   2.4902344e+01
   3.3103700e+05   2.4658203e+01
   3.3133500e+05   2.3193359e+01
   3.3142900e+05   2.7526855e+01
   3.3154300e+05   2.1179199e+01
   3.3155700e+05   2.3620605e+01
   3.3169400e+05   2.3071289e+01
   3.3187200e+05   2.3132324e+01
   3.3200100e+05   2.1423340e+01
   3.3218600e+05   2.1423340e+01
   3.3236600e+05   2.1057129e+01
   3.3248100e+05   2.0202637e+01
   3.4943200e+05   2.8198242e+01
   3.5042100e+05   1.6418457e+01
   3.5306700e+05   2.3620605e+01
   3.6063600e+05   2.0874023e+01
   3.6299600e+05   2.6733398e+01
   3.7521500e+05   2.1972656e+01
   3.7974700e+05   2.6184082e+01
   3.7994800e+05   2.6550293e+01
   3.8020700e+05   2.7954102e+01
   3.8050900e+05   2.6855469e+01
   3.8558500e+05   1.4099121e+01
   3.8754300e+05   2.3864746e+01
   3.9085500e+05   1.4099121e+01
   3.9274600e+05   2.9785156e+01
   4.0487200e+05   1.7395020e+01
   4.2995100e+05   2.3864746e+01
   4.3221200e+05   2.8991699e+01
   4.3815700e+05   2.3254395e+01
   4.4113500e+05   2.8015137e+01
   4.4114900e+05   1.4221191e+01
   4.4127500e+05   2.8930664e+01
   4.4147400e+05   1.4892578e+01
   4.4502800e+05   1.8432617e+01
   4.5329200e+05   2.6916504e+01
   4.5338500e+05   3.0334473e+01
   4.5801600e+05   1.4831543e+01
   4.5812200e+05   3.1005859e+01
   4.5868800e+05   3.2043457e+01
   4.5883300e+05   2.8930664e+01
   4.6804800e+05   1.4648437e+01
   4.6837800e+05   2.1362305e+01
   4.6845600e+05   2.5024414e+01
   4.6849300e+05   3.1738281e+01
   4.6851800e+05   3.4301758e+01
   4.6856600e+05   3.2043457e+01
   4.7626800e+05   3.0090332e+01
   4.7632600e+05   1.6540527e+01
   4.7642100e+05   2.6123047e+01
   4.7677500e+05   1.5991211e+01
   4.7678700e+05   3.3935547e+01
   4.7681600e+05   1.6174316e+01
   4.7683200e+05   1.6967773e+01
   4.7685700e+05   2.8137207e+01
   4.9854100e+05   2.7282715e+01
   5.1203700e+05   1.9165039e+01
   5.1208400e+05   2.9846191e+01
   5.1209600e+05   2.7709961e+01
   5.1749300e+05   1.4953613e+01
   5.2456100e+05   2.6489258e+01
   5.2830100e+05   2.9357910e+01
   5.2924900e+05   1.4343262e+01
   5.3213200e+05   2.7893066e+01
   5.3361400e+05   2.6550293e+01
   5.3497100e+05   2.7404785e+01
   5.3863700e+05   2.7770996e+01
   5.3914300e+05   2.7648926e+01
   5.3944500e+05   2.9846191e+01
   5.5302000e+05   2.7832031e+01
   5.6154300e+05   2.2399902e+01
   5.6812300e+05   2.8015137e+01
   5.6819000e+05   2.1118164e+01
   5.6829000e+05   2.6794434e+01
   5.7687300e+05   2.6550293e+01
   5.7688800e+05   1.4404297e+01
   6.0814100e+05   2.6977539e+01
   6.1669300e+05   2.4963379e+01
   6.1781900e+05   2.2033691e+01
   6.2642500e+05   2.6306152e+01
   6.5356200e+05   1.4282227e+01
   6.6492000e+05   1.7089844e+01
   6.7042700e+05   1.8249512e+01
   6.7044800e+05   2.3254395e+01
   6.7249200e+05   2.7038574e+01
   6.7274000e+05   2.8686523e+01
   6.7285200e+05   2.7648926e+01
   6.8114100e+05   2.8076172e+01
   6.8389300e+05   1.4953613e+01
   6.8397600e+05   2.7099609e+01
   6.8692900e+05   2.6794434e+01
   6.8748300e+05   2.7832031e+01
   6.8763600e+05   2.8808594e+01
   6.8834700e+05   2.3742676e+01
   6.8851600e+05   2.7526855e+01
   6.8873300e+05   2.7709961e+01
   6.8895900e+05   2.6916504e+01
   6.9577800e+05   2.6062012e+01
   6.9613500e+05   2.5085449e+01
   6.9666200e+05   2.9113770e+01
   6.9727500e+05   2.8198242e+01
   6.9815600e+05   1.4892578e+01
   6.9824100e+05   2.9235840e+01
   7.0537900e+05   1.5930176e+01
   7.0544500e+05   1.4343262e+01
   7.0552300e+05   2.5024414e+01
   7.0574400e+05   1.4160156e+01
   7.0577900e+05   2.6794434e+01
   7.0580200e+05   1.8005371e+01
   7.0591100e+05   2.8320312e+01
   7.0600900e+05   2.7770996e+01
   7.0609400e+05   2.9785156e+01
   7.0626900e+05   2.4902344e+01
   7.0641900e+05   2.9479980e+01
   7.0661100e+05   2.5939941e+01
   7.0672400e+05   2.8259277e+01
   7.0685700e+05   2.6916504e+01
   7.0706000e+05   2.4108887e+01
   7.0726800e+05   2.5390625e+01
   7.0769300e+05   2.6062012e+01
   7.2541900e+05   2.1423340e+01
   7.2720600e+05   2.3864746e+01
   7.3402800e+05   2.4169922e+01
   7.3996100e+05   2.6306152e+01
   7.4743000e+05   1.4343262e+01
   7.5178300e+05   2.3193359e+01
   7.5351100e+05   2.3193359e+01
   7.5539000e+05   2.2033691e+01
   7.5672000e+05   2.2705078e+01
   7.5933300e+05   2.3620605e+01
   7.5983000e+05   2.2766113e+01
   7.6226100e+05   2.5634766e+01
   7.6383000e+05   2.5146484e+01
   7.6461500e+05   2.4475098e+01
   7.6596300e+05   2.2399902e+01
   7.6645900e+05   2.2460938e+01
   7.6661500e+05   2.2949219e+01
   7.6775300e+05   2.4291992e+01
   7.6802600e+05   2.8869629e+01
   7.7304700e+05   2.0568848e+01
   7.7401200e+05   2.2460938e+01
   7.7500700e+05   2.3803711e+01
   7.7565800e+05   1.4160156e+01
   7.7568600e+05   2.5817871e+01
   7.8653600e+05   2.2644043e+01
   7.9260100e+05   2.3498535e+01
   7.9432300e+05   2.2521973e+01
   7.9559700e+05   2.8991699e+01
   8.1221200e+05   2.2460938e+01
   8.2250400e+05   1.5686035e+01
   8.2314100e+05   1.5930176e+01
   8.2318600e+05   2.4597168e+01
   8.2321200e+05   2.2644043e+01
   8.3612700e+05   1.4892578e+01
   8.4745500e+05   1.4221191e+01
   8.4751700e+05   1.5136719e+01
   8.4759800e+05   2.5207520e+01
   8.4762000e+05   2.6977539e+01
   8.4764200e+05   2.3071289e+01
   8.4946700e+05   2.6306152e+01
   8.5430900e+05   3.2775879e+01
   8.5469000e+05   2.6611328e+01
   8.5497300e+05   2.7099609e+01
   8.5521600e+05   2.8015137e+01
   8.5557100e+05   2.3620605e+01
   8.6405200e+05   1.8249512e+01
   8.7232100e+05   2.5207520e+01
   8.8583500e+05   2.6000977e+01
   8.8954800e+05   1.4160156e+01
   8.9610900e+05   2.8442383e+01
   8.9619600e+05   2.2094727e+01
   8.9740000e+05   2.8747559e+01
   8.9763600e+05   2.3620605e+01
   8.9788400e+05   2.7893066e+01
   8.9817800e+05   2.7526855e+01
   8.9867400e+05   3.0151367e+01
   8.9900000e+05   2.7221680e+01
   9.0465100e+05   2.9235840e+01
   9.0740100e+05   2.7893066e+01
   9.1015400e+05   2.9785156e+01
   9.1337600e+05   1.5869141e+01
   9.1366200e+05   2.5573730e+01
   9.1441800e+05   2.3315430e+01
   9.1448200e+05   1.9104004e+01
   9.1449300e+05   2.6184082e+01
   9.2834400e+05   2.3498535e+01
   9.2839500e+05   2.8503418e+01
   9.2847100e+05   2.5512695e+01
   9.4746900e+05   2.6306152e+01
   9.6109600e+05   2.2033691e+01
   9.6752100e+05   2.5756836e+01
   9.6764900e+05   2.7587891e+01
   9.6777200e+05   2.9907227e+01
   9.7669000e+05   2.4597168e+01
   9.9315400e+05   2.9174805e+01
   9.9510800e+05   2.4047852e+01
   9.9652500e+05   2.9052734e+01
   1.0016950e+06   2.2216797e+01
   1.0018820e+06   2.3376465e+01
   1.0030870e+06   1.4343262e+01
   1.0226310e+06   1.4648437e+01
   1.0228790e+06   2.9602051e+01
   1.0235320e+06   1.6052246e+01
   1.0235740e+06   3.0090332e+01
   1.0237020e+06   2.9479980e+01
   1.0322060e+06   2.5390625e+01
   1.0529260e+06   1.6784668e+01
   1.0730240e+06   2.2583008e+01
   1.0817690e+06   2.2094727e+01
   1.0824750e+06   2.1606445e+01
   1.0825220e+06   1.8310547e+01
   1.0826430e+06   2.3986816e+01
   1.0835260e+06   1.4282227e+01
   1.0839710e+06   1.5380859e+01
   1.1091380e+06   2.5756836e+01
   1.1095440e+06   1.4587402e+01
   1.1095850e+06   2.7587891e+01
   1.1320940e+06   2.7648926e+01
   1.1463570e+06   1.4282227e+01
   1.1475540e+06   1.7761230e+01
   1.1615480e+06   2.5512695e+01
   1.1630270e+06   2.7343750e+01
   1.1780570e+06   1.4282227e+01
   1.1908210e+06   1.7089844e+01
   1.1908450e+06   2.0019531e+01
   1.2113700e+06   2.6550293e+01
   1.2125090e+06   2.5512695e+01
   1.2136670e+06   1.4770508e+01
   1.2149060e+06   2.6611328e+01
   1.2268560e+06   2.4597168e+01
   1.2428690e+06   2.5634766e+01
   1.2439860e+06   2.6672363e+01
   1.2492420e+06   1.4221191e+01
   1.2547830e+06   2.6977539e+01
   1.2557310e+06   2.3986816e+01
   1.2606620e+06   2.2155762e+01
   1.2613530e+06   2.2399902e+01
   1.2651990e+06   2.4963379e+01
   1.2675090e+06   2.4841309e+01
   1.2679300e+06   2.6306152e+01
   1.2685590e+06   2.7587891e+01
   1.2708800e+06   2.2277832e+01
   1.2720620e+06   1.5930176e+01
   1.2833070e+06   1.8371582e+01
   1.2854950e+06   2.5878906e+01
   1.2890260e+06   2.0568848e+01
   1.3060560e+06   1.9958496e+01
   1.3061000e+06   1.9775391e+01
   1.3061180e+06   1.5319824e+01
   1.3061300e+06   2.2705078e+01
   1.3061810e+06   2.6733398e+01
   1.3137790e+06   2.3681641e+01
   1.3139300e+06   2.5512695e+01
   1.3195170e+06   2.2094727e+01
   1.3256760e+06   2.3681641e+01
   1.3330880e+06   1.4465332e+01
   1.3333590e+06   2.1301270e+01
   1.3335630e+06   2.6794434e+01
   1.3336500e+06   2.8198242e+01
   1.3336780e+06   1.5136719e+01
   1.3337850e+06   3.1005859e+01
   1.3438050e+06   2.8442383e+01
   1.3440450e+06   2.8930664e+01
   1.3441930e+06   2.7343750e+01
   1.3516580e+06   2.5207520e+01
   1.3686390e+06   2.4780273e+01
   1.3758270e+06   2.7954102e+01
   1.3859240e+06   2.7099609e+01
   1.3865630e+06   2.6794434e+01
   1.3904430e+06   1.7944336e+01
   1.3904780e+06   2.1850586e+01
   1.3905280e+06   2.4841309e+01
   1.3906080e+06   3.0517578e+01
   1.3906250e+06   3.0151367e+01
   1.3907400e+06   3.0334473e+01
   1.3909820e+06   1.4282227e+01
   1.3918560e+06   2.6794434e+01
   1.3960050e+06   2.6367188e+01
   1.4160170e+06   2.7648926e+01
   1.4250160e+06   2.6733398e+01
   1.4270070e+06   1.4587402e+01
   1.4342290e+06   1.4770508e+01
   1.4597960e+06   2.5573730e+01
   1.4624050e+06   1.5258789e+01
   1.4708140e+06   2.3681641e+01
   1.4708240e+06   1.5014648e+01
   1.4708510e+06   2.5207520e+01
   1.4709440e+06   2.6611328e+01
   1.4799430e+06   1.9897461e+01
   1.4838630e+06   1.4526367e+01
   1.4839730e+06   1.5258789e+01
   1.4846560e+06   2.6977539e+01
   1.4886180e+06   2.3071289e+01
   1.4906150e+06   2.4108887e+01
   1.4990920e+06   2.7587891e+01
   1.5042240e+06   1.5319824e+01
   1.5044120e+06   2.5939941e+01
   1.5051640e+06   2.3498535e+01
   1.5052970e+06   2.7404785e+01
   1.5190430e+06   2.3620605e+01
   1.5250750e+06   2.7343750e+01
   1.5258540e+06   2.4780273e+01
   1.5318330e+06   2.3925781e+01
   1.5351260e+06   2.3986816e+01
   1.5352750e+06   2.7770996e+01
   1.5354980e+06   2.7282715e+01
   1.5386930e+06   3.0517578e+01
   1.5532050e+06   2.8137207e+01
   1.5533340e+06   2.6367188e+01
   1.5761400e+06   2.6550293e+01
   1.5790020e+06   2.2521973e+01
   1.5797210e+06   2.1972656e+01
   1.5816520e+06   2.1972656e+01
   1.5955250e+06   2.1789551e+01
   1.5967920e+06   2.8503418e+01
   1.6025450e+06   2.5756836e+01
   1.6031040e+06   2.8198242e+01
   1.6045050e+06   2.3925781e+01
   1.6055880e+06   2.2338867e+01
   1.6071690e+06   2.7160645e+01
   1.6072920e+06   1.4953613e+01
   1.6079560e+06   3.0273438e+01
   1.6103920e+06   2.2094727e+01
   1.6117120e+06   2.8320312e+01
   1.6127920e+06   2.4230957e+01
   1.6143520e+06   2.8320312e+01
   1.6166800e+06   2.8991699e+01
   1.6171540e+06   2.6245117e+01
   1.6186350e+06   2.6428223e+01
   1.6192380e+06   2.4780273e+01
   1.6197580e+06   2.5268555e+01
   1.6204390e+06   2.5207520e+01
   1.6210390e+06   2.7282715e+01
   1.6220230e+06   2.6184082e+01
   1.6221410e+06   3.1066895e+01
   1.6225090e+06   2.2155762e+01
   1.6346660e+06   2.1667480e+01
   1.6472990e+06   2.1789551e+01
   1.6579440e+06   2.4597168e+01
   1.6585480e+06   2.3254395e+01
   1.6590490e+06   2.5085449e+01
   1.6640170e+06   2.8137207e+01
   1.6646200e+06   2.6977539e+01
   1.6651160e+06   2.6611328e+01
   1.6671130e+06   2.0690918e+01
   1.6714100e+06   1.9104004e+01
   1.6758490e+06   1.4465332e+01
   1.6760030e+06   1.5075684e+01
   1.6781630e+06   1.4465332e+01
   1.6783810e+06   2.7221680e+01
   1.6830450e+06   2.0996094e+01
   1.6883490e+06   2.7343750e+01
   1.6907770e+06   1.6052246e+01
   1.6988660e+06   2.4108887e+01
   1.7008560e+06   2.3498535e+01
   1.7011250e+06   2.6184082e+01
   1.7016190e+06   2.6611328e+01
   1.7023920e+06   2.8869629e+01
   1.7027880e+06   2.9602051e+01
   1.7030160e+06   2.7526855e+01
   1.7036220e+06   2.5939941e+01
   1.7044930e+06   2.5207520e+01
   1.7056800e+06   2.7404785e+01
   1.7289920e+06   3.0090332e+01
   1.7292540e+06   2.5268555e+01
   1.7295840e+06   2.6733398e+01
   1.7297350e+06   2.5512695e+01
   1.7370510e+06   2.4230957e+01
   1.7436730e+06   2.3681641e+01
   1.7441570e+06   2.4169922e+01
   1.7443140e+06   2.1606445e+01
   1.7446840e+06   2.3742676e+01
   1.7464070e+06   2.1545410e+01
   1.7530870e+06   2.4780273e+01
   1.7532330e+06   3.0273438e+01
   1.7535960e+06   2.9296875e+01
   1.7537700e+06   2.6245117e+01
   1.7587190e+06   2.5207520e+01
   1.7682160e+06   1.5930176e+01
   1.7683520e+06   2.5268555e+01
   1.7683720e+06   1.8737793e+01
   1.7683980e+06   1.7395020e+01
   1.7714250e+06   2.2338867e+01
   1.7743240e+06   2.3498535e+01
   1.7753760e+06   2.4108887e+01
   1.7798020e+06   2.1728516e+01
   1.7967630e+06   2.8625488e+01
   1.8091740e+06   2.3193359e+01
   1.8103130e+06   2.2888184e+01
   1.8137370e+06   2.1667480e+01
   1.8145300e+06   2.2399902e+01
   1.8248120e+06   2.3986816e+01
   1.8260040e+06   2.4169922e+01
   1.8296940e+06   2.8625488e+01
   1.8297850e+06   1.4343262e+01
   1.8303910e+06   2.7648926e+01
   1.8304720e+06   2.9235840e+01
   1.8306090e+06   2.8625488e+01
   1.8307390e+06   3.1616211e+01
   1.8309680e+06   2.7893066e+01
   1.8316150e+06   2.6062012e+01
   1.8317670e+06   2.5390625e+01
   1.8321210e+06   2.5573730e+01
   1.8617380e+06   2.3010254e+01
   1.8659200e+06   2.1301270e+01
   1.8831190e+06   2.5634766e+01
   1.8834030e+06   2.2399902e+01
   1.8838310e+06   2.6672363e+01
   1.8848010e+06   2.0812988e+01
   1.8975220e+06   2.4230957e+01
   1.9004290e+06   2.2094727e+01
   1.9043440e+06   2.7282715e+01
   1.9057690e+06   2.3559570e+01
   1.9059430e+06   2.6367188e+01
   1.9070790e+06   2.8198242e+01
   1.9071660e+06   3.1799316e+01
   1.9075020e+06   2.8320312e+01
   1.9076530e+06   2.7282715e+01
   1.9077840e+06   2.7893066e+01
   1.9081870e+06   2.7526855e+01
   1.9084210e+06   2.6367188e+01
   1.9086840e+06   2.4963379e+01
   1.9095340e+06   2.5268555e+01
   1.9098440e+06   2.3376465e+01
   1.9372180e+06   1.4587402e+01
   1.9421300e+06   2.0385742e+01
   1.9493510e+06   2.6611328e+01
   1.9517800e+06   2.6550293e+01
   1.9520080e+06   2.8564453e+01
   1.9731270e+06   2.4169922e+01
   1.9815930e+06   2.0568848e+01
   1.9837790e+06   2.0812988e+01
   1.9870270e+06   1.4587402e+01
   1.9876970e+06   2.3559570e+01
   1.9895510e+06   2.0385742e+01
   1.9905150e+06   1.9653320e+01
   1.9935890e+06   2.8625488e+01
   1.9945470e+06   1.8676758e+01
   1.9974660e+06   2.7770996e+01
   1.9980520e+06   2.2705078e+01
   2.0152790e+06   2.3498535e+01
   2.0320770e+06   2.3437500e+01
   2.0328120e+06   2.2094727e+01
   2.0328620e+06   2.3742676e+01
   2.0328940e+06   1.4465332e+01
   2.0329470e+06   1.7272949e+01
   2.0330710e+06   2.3803711e+01
   2.0430650e+06   3.1311035e+01
   2.0587420e+06   2.4353027e+01
   2.0605310e+06   2.2766113e+01
   2.0754620e+06   2.4230957e+01
   2.0769460e+06   2.7587891e+01
   2.0777320e+06   2.6916504e+01
   2.0781030e+06   2.5085449e+01
   2.0853110e+06   1.4404297e+01
   2.0980520e+06   2.0812988e+01
   2.0988920e+06   1.5197754e+01
   2.0996760e+06   1.5014648e+01
   2.0998780e+06   2.5146484e+01
   2.1344950e+06   2.8015137e+01
   2.1345420e+06   2.7465820e+01
   2.1346590e+06   2.7526855e+01
   2.1347160e+06   1.4343262e+01
   2.1349040e+06   3.1005859e+01
   2.1372530e+06   2.6062012e+01
   2.1383280e+06   2.8076172e+01
   2.1385220e+06   2.4475098e+01
   2.1395500e+06   2.7221680e+01
   2.1397990e+06   2.8198242e+01
   2.1402210e+06   2.5756836e+01
   2.1406140e+06   2.3193359e+01
   2.1564440e+06   1.4160156e+01
   2.1631050e+06   2.6611328e+01
   2.1696230e+06   2.5756836e+01
   2.1705160e+06   2.8137207e+01
   2.1826360e+06   1.6113281e+01
   2.1827830e+06   2.6000977e+01
   2.1985070e+06   2.8137207e+01
   2.1990850e+06   1.4648438e+01
   2.1999390e+06   2.7282715e+01
   2.2107540e+06   2.2827148e+01
   2.2109370e+06   1.4099121e+01
   2.2224390e+06   2.5390625e+01
   2.2230620e+06   2.9602051e+01
   2.2233140e+06   2.7038574e+01
   2.2297700e+06   2.4108887e+01
   2.2432680e+06   2.1911621e+01
   2.2449210e+06   2.4536133e+01
   2.2547680e+06   2.3864746e+01
   2.2747730e+06   2.8930664e+01
   2.2814460e+06   3.1433105e+01
   2.2820760e+06   2.0751953e+01
   2.2821550e+06   2.4414062e+01
   2.2833490e+06   2.6489258e+01
   2.2844080e+06   2.1667480e+01
   2.2946060e+06   1.6784668e+01
   2.2960760e+06   2.7160645e+01
   2.2968810e+06   2.3193359e+01
   2.2971530e+06   2.5024414e+01
   2.3150710e+06   2.4230957e+01
   2.3404690e+06   1.6662598e+01
   2.3405180e+06   1.4282227e+01
   2.3798290e+06   1.4648438e+01
   2.3805020e+06   2.5329590e+01
   2.3912910e+06   2.6794434e+01
   2.3934510e+06   2.1240234e+01
   2.4006890e+06   1.8554688e+01
   2.4043500e+06   2.2583008e+01
   2.4045230e+06   2.5207520e+01
   2.4095300e+06   1.5075684e+01
   2.4095560e+06   2.6550293e+01
   2.4095720e+06   2.7099609e+01
   2.4171820e+06   1.4892578e+01
   2.4172650e+06   2.1484375e+01
   2.4254870e+06   2.2827148e+01
   2.4258950e+06   2.2521973e+01
   2.4262760e+06   2.3986816e+01
   2.4265220e+06   2.0874023e+01
   2.4270190e+06   2.2033691e+01
   2.4271870e+06   2.3559570e+01
   2.4273290e+06   2.2766113e+01
   2.4274190e+06   2.8442383e+01
   2.4274610e+06   2.3071289e+01
   2.4275440e+06   2.8808594e+01
   2.4277870e+06   2.1850586e+01
   2.4279000e+06   2.1423340e+01
   2.4280200e+06   2.6855469e+01
   2.4281670e+06   2.3071289e+01
   2.4282250e+06   2.5939941e+01
   2.4284200e+06   2.7587891e+01
   2.4285670e+06   1.6723633e+01
   2.4287040e+06   2.4291992e+01
   2.4287380e+06   2.6245117e+01
   2.4288420e+06   2.6733398e+01
   2.4289750e+06   2.3620605e+01
   2.4291880e+06   2.4536133e+01
   2.4292310e+06   3.0273438e+01
   2.4293050e+06   2.3742676e+01
   2.4294350e+06   2.4047852e+01
   2.4297390e+06   2.0690918e+01
   2.4298760e+06   2.6123047e+01
   2.4300860e+06   2.2644043e+01
   2.4301560e+06   2.4963379e+01
   2.4301850e+06   2.3193359e+01
   2.4303360e+06   2.5512695e+01
   2.4304610e+06   2.8137207e+01
   2.4693960e+06   1.5014648e+01
   2.4694240e+06   2.5146484e+01
   2.4694480e+06   2.6306152e+01
   2.4694770e+06   1.5563965e+01
   2.4695020e+06   2.2094727e+01
   2.4695780e+06   2.8503418e+01
   2.4697080e+06   1.7761230e+01
   2.4702440e+06   2.5634766e+01
   2.4744550e+06   2.3071289e+01
   2.5101140e+06   2.5634766e+01
   2.5193610e+06   1.6052246e+01
   2.5496850e+06   2.2705078e+01
   2.5497400e+06   1.4282227e+01
   2.5497810e+06   2.5695801e+01
   2.5500040e+06   1.4465332e+01
   2.5500470e+06   2.9541016e+01
   2.5501770e+06   2.8747559e+01
   2.5502770e+06   2.7282715e+01
   2.5504510e+06   2.7770996e+01
   2.5506280e+06   3.0029297e+01
   2.5507620e+06   2.6672363e+01
   2.5509350e+06   2.8381348e+01
   2.5615000e+06   2.6489258e+01
   2.5858840e+06   2.3681641e+01
   2.5893650e+06   1.4892578e+01
   2.5898700e+06   2.5085449e+01
   2.5950290e+06   2.5817871e+01
   2.5963000e+06   2.5207520e+01
   2.5973870e+06   2.6733398e+01
   2.5988720e+06   2.4536133e+01
   2.5994640e+06   2.5756836e+01
   2.5998030e+06   2.6123047e+01
   2.6105120e+06   2.8930664e+01
   2.6110210e+06   2.7099609e+01
   2.6235850e+06   2.3559570e+01
   2.6460590e+06   1.6967773e+01
   2.6460940e+06   1.6418457e+01
   2.6475760e+06   2.4658203e+01
   2.6497130e+06   2.0080566e+01
   2.6556380e+06   1.5258789e+01
   2.6713510e+06   1.4099121e+01
   2.6721300e+06   1.4465332e+01
   2.6721770e+06   2.8137207e+01
   2.6881850e+06   2.6733398e+01
   2.6887800e+06   2.3620605e+01
   2.6891210e+06   2.7709961e+01
   2.7123100e+06   2.3803711e+01
   2.7135580e+06   2.5329590e+01
   2.7137830e+06   2.6123047e+01
   2.7150180e+06   2.6733398e+01
   2.7454440e+06   2.4597168e+01
   2.7464030e+06   2.5329590e+01
   2.7477350e+06   2.5085449e+01
   2.7547220e+06   2.5451660e+01
   2.7557390e+06   2.4414062e+01
   2.7558020e+06   2.1850586e+01
   2.7563200e+06   2.5695801e+01
   2.7563460e+06   1.7700195e+01
   2.7567080e+06   2.7343750e+01
   2.7567580e+06   1.5930176e+01
   2.7568390e+06   2.9479980e+01
   2.7568780e+06   1.6479492e+01
   2.7569170e+06   2.9113770e+01
   2.7572110e+06   2.4597168e+01
   2.7572830e+06   3.3142090e+01
   2.7573560e+06   2.5878906e+01
   2.7575120e+06   1.5258789e+01
   2.7575450e+06   2.7526855e+01
   2.7575980e+06   2.7526855e+01
   2.7576480e+06   2.4780273e+01
   2.7577010e+06   2.9296875e+01
   2.7577940e+06   2.5817871e+01
   2.7578510e+06   2.8869629e+01
   2.7579560e+06   2.6672363e+01
   2.7580190e+06   2.7954102e+01
   2.7581340e+06   2.3742676e+01
   2.7581890e+06   2.6062012e+01
   2.7582680e+06   2.7221680e+01
   2.7583710e+06   2.4780273e+01
   2.7584260e+06   2.6367188e+01
   2.7584970e+06   2.6428223e+01
   2.7586870e+06   2.6672363e+01
   2.7587670e+06   2.4047852e+01
   2.7588260e+06   2.8076172e+01
   2.7589510e+06   2.3803711e+01
   2.7590220e+06   2.8198242e+01
   2.7591070e+06   2.5817871e+01
   2.7591920e+06   2.7770996e+01
   2.7592640e+06   2.9541016e+01
   2.7593560e+06   2.8320312e+01
   2.7594320e+06   2.6367188e+01
   2.7595710e+06   2.5268555e+01
   2.7598840e+06   1.4160156e+01
   2.7599200e+06   2.5451660e+01
   2.7599820e+06   2.9785156e+01
   2.7600480e+06   2.5634766e+01
   2.7601210e+06   2.5878906e+01
   2.7601980e+06   2.7465820e+01
   2.7602920e+06   2.3437500e+01
   2.7603760e+06   2.6000977e+01
   2.7605170e+06   2.3254395e+01
   2.7606070e+06   2.5878906e+01
   2.7607760e+06   2.2705078e+01
   2.7610430e+06   1.4282227e+01
   2.7610910e+06   2.4169922e+01
   2.7695840e+06   2.3742676e+01
   2.7702150e+06   2.3010254e+01
   2.7718060e+06   2.4658203e+01
   2.7726400e+06   2.3803711e+01
   2.7728360e+06   2.5207520e+01
   2.7971580e+06   2.6794434e+01
   2.8034070e+06   2.3803711e+01
   2.8040370e+06   2.6794434e+01
   2.8051820e+06   2.5756836e+01
   2.8086030e+06   2.5756836e+01
   2.8099620e+06   2.6977539e+01
   2.8112220e+06   2.4230957e+01
   2.8164310e+06   2.4536133e+01
   2.8172610e+06   2.4047852e+01
   2.8176840e+06   1.4221191e+01
   2.8197440e+06   2.6550293e+01
   2.8210230e+06   2.6367188e+01
   2.8222770e+06   1.6113281e+01
   2.8223290e+06   2.0935059e+01
   2.8224350e+06   2.5512695e+01
   2.8301670e+06   2.4719238e+01
   2.8330990e+06   2.5939941e+01
   2.8352030e+06   2.4169922e+01
   2.8394990e+06   2.5207520e+01
   2.8423290e+06   2.5939941e+01
   2.8489440e+06   1.5319824e+01
   2.8730940e+06   2.5085449e+01
   2.8799770e+06   1.6540527e+01
   2.8812340e+06   1.4709473e+01
   2.9203710e+06   1.5930176e+01
   2.9281540e+06   2.7282715e+01
   2.9395520e+06   2.3437500e+01
   2.9418900e+06   3.1555176e+01
   2.9451140e+06   1.8554688e+01
   2.9502550e+06   2.7465820e+01
   2.9569090e+06   2.5024414e+01
   2.9622440e+06   2.8259277e+01
   2.9622830e+06   1.9714355e+01
   2.9694230e+06   2.3437500e+01
   2.9750770e+06   1.4526367e+01
   2.9876020e+06   2.6428223e+01
   3.0253360e+06   2.3620605e+01
   3.0258470e+06   3.1066895e+01
   3.0265980e+06   2.5329590e+01
   3.0602150e+06   2.5756836e+01
   3.0606720e+06   2.2644043e+01
   3.0607640e+06   1.6113281e+01
   3.0702250e+06   2.6184082e+01
   3.0728800e+06   2.7587891e+01
   3.0770940e+06   1.4160156e+01
   3.0785690e+06   1.9409180e+01
   3.0854470e+06   2.6855469e+01
   3.0928490e+06   2.2583008e+01
   3.1082910e+06   2.6550293e+01
   3.1083830e+06   2.8137207e+01
   3.1085160e+06   2.7893066e+01
   3.1087040e+06   2.4414062e+01
   3.1089740e+06   2.6123047e+01
   3.1097470e+06   2.5329590e+01
   3.1144040e+06   2.6306152e+01
   3.1174770e+06   2.8625488e+01
   3.1218030e+06   2.3193359e+01
   3.1218410e+06   1.4770508e+01
   3.1358090e+06   2.5207520e+01
   3.1433320e+06   2.9479980e+01
   3.1458830e+06   1.4404297e+01
   3.1517490e+06   2.5695801e+01
   3.1518370e+06   2.2399902e+01
   3.1518940e+06   2.1972656e+01
   3.1575620e+06   2.6794434e+01
   3.1609810e+06   2.4658203e+01
   3.1615150e+06   2.6550293e+01
   3.1632100e+06   2.4047852e+01
   3.1657870e+06   1.4282227e+01
   3.1713960e+06   1.6235352e+01
   3.1716630e+06   2.5268555e+01
   3.1728530e+06   2.5878906e+01
   3.1752110e+06   2.4536133e+01
   3.1778980e+06   1.5258789e+01
   3.1780020e+06   1.4831543e+01
   3.1800630e+06   2.6489258e+01
   3.1818910e+06   2.3925781e+01
   3.1823470e+06   2.8015137e+01
   3.1825260e+06   2.7099609e+01
   3.1828010e+06   2.4841309e+01
   3.1830640e+06   2.6611328e+01
   3.1837690e+06   2.5756836e+01
   3.1842560e+06   2.4719238e+01
   3.1847160e+06   2.5695801e+01
   3.1967610e+06   1.6784668e+01
   3.2038780e+06   2.2399902e+01
   3.2059420e+06   2.5085449e+01
   3.2493820e+06   1.4526367e+01
   3.2509000e+06   2.6245117e+01
   3.2599720e+06   2.7099609e+01
   3.2664230e+06   1.9470215e+01
   3.2765010e+06   2.5878906e+01
   3.2765790e+06   1.5258789e+01
   3.2766750e+06   2.5573730e+01
   3.2790690e+06   2.8320313e+01
   3.2793680e+06   2.3559570e+01
   3.2871550e+06   2.5390625e+01
   3.2909460e+06   2.7526855e+01
   3.2921170e+06   1.5075684e+01
   3.2923140e+06   2.4108887e+01
   3.2931550e+06   2.4902344e+01
   3.2936980e+06   2.8625488e+01
   3.2940880e+06   2.5878906e+01
   3.2942280e+06   1.4404297e+01
   3.2942470e+06   2.6916504e+01
   3.2977260e+06   2.8381348e+01
   3.3028470e+06   2.4536133e+01
   3.3081540e+06   1.4953613e+01
   3.3082190e+06   2.6367188e+01
   3.3116950e+06   2.6367188e+01
   3.3132010e+06   2.4108887e+01
   3.3139060e+06   3.0700684e+01
   3.3208800e+06   2.5390625e+01
   3.3405560e+06   2.6245117e+01
   3.3418230e+06   2.5268555e+01
   3.3421560e+06   2.7099609e+01
   3.3424280e+06   2.6062012e+01
   3.3428380e+06   2.6123047e+01
   3.3431040e+06   1.4709473e+01
   3.3493770e+06   2.8198242e+01
   3.3625100e+06   2.6794434e+01
   3.3665290e+06   2.6367188e+01
   3.3759180e+06   2.4536133e+01
   3.3765190e+06   2.7099609e+01
   3.3772210e+06   2.8442383e+01
   3.3783850e+06   2.7770996e+01
   3.3798600e+06   2.8564453e+01
   3.3866490e+06   2.7404785e+01
   3.3896800e+06   2.2888184e+01
   3.3903310e+06   2.4230957e+01
   3.3918930e+06   2.5573730e+01
   3.3980780e+06   2.5939941e+01
   3.3987200e+06   2.7282715e+01
   3.4063540e+06   2.2827148e+01
   3.4078700e+06   2.1911621e+01
   3.4237460e+06   2.2583008e+01
   3.4259070e+06   1.4343262e+01
   3.4271950e+06   2.2033691e+01
   3.4294270e+06   2.7282715e+01
   3.4359050e+06   2.3986816e+01
   3.4410880e+06   1.4221191e+01
   3.4416450e+06   2.7648926e+01
   3.4418790e+06   2.7343750e+01
   3.4420910e+06   2.9052734e+01
   3.4481300e+06   2.5695801e+01
   3.4482800e+06   2.4780273e+01
   3.4488430e+06   2.5634766e+01
   3.4490120e+06   2.5268555e+01
   3.4495880e+06   2.6062012e+01
   3.4503300e+06   2.7954102e+01
   3.4667650e+06   2.9113770e+01
   3.4790220e+06   2.3193359e+01
   3.4981000e+06   2.6977539e+01
   3.5022600e+06   1.9348145e+01
   3.5078720e+06   2.3254395e+01
   3.5086760e+06   2.8320313e+01
   3.5143960e+06   2.7282715e+01
   3.5190210e+06   2.4414062e+01
   3.5208180e+06   2.1667480e+01
   3.5220520e+06   2.7160645e+01
   3.5220880e+06   1.6784668e+01
   3.5221460e+06   2.8320313e+01
   3.5223750e+06   2.7526855e+01
   3.5227220e+06   2.5146484e+01
   3.5228350e+06   3.0395508e+01
   3.5228890e+06   1.5625000e+01
   3.5230130e+06   2.7526855e+01
   3.5958690e+06   2.8625488e+01
   3.6003390e+06   1.4526367e+01
   3.6004450e+06   2.2827148e+01
   3.6004970e+06   1.7822266e+01
   3.6005410e+06   2.6123047e+01
   3.6056420e+06   1.4160156e+01
   3.6057020e+06   2.9541016e+01
   3.6060480e+06   2.6550293e+01
   3.6062330e+06   2.9602051e+01
   3.6069890e+06   2.5451660e+01
   3.6080240e+06   2.2216797e+01
   3.6092230e+06   1.4587402e+01
   3.6092790e+06   2.1911621e+01
   3.6093220e+06   2.8442383e+01
   3.6151030e+06   1.6357422e+01
   3.6153290e+06   2.5817871e+01
   3.6260580e+06   1.4770508e+01
   3.6286620e+06   3.4362793e+01
   3.6394720e+06   2.6062012e+01
   3.6425380e+06   1.4587402e+01
   3.6851840e+06   2.2644043e+01
   3.6930380e+06   1.4160156e+01
   3.7008730e+06   1.8798828e+01
   3.7074770e+06   2.7099609e+01
   3.7137920e+06   2.9357910e+01
   3.7145900e+06   2.6306152e+01
   3.7290860e+06   2.0629883e+01
   3.7527660e+06   2.7526855e+01
   3.7701210e+06   1.4648438e+01
   3.7711600e+06   2.5390625e+01
   3.8102250e+06   2.5390625e+01
   3.8128560e+06   2.7832031e+01
   3.8277270e+06   2.6000977e+01
   3.8302920e+06   2.5817871e+01
   3.8342340e+06   1.4160156e+01
   3.8343590e+06   1.4099121e+01
   3.8345090e+06   2.7282715e+01
   3.8403980e+06   2.6123047e+01
   3.8412730e+06   2.6489258e+01
   3.8415210e+06   2.2277832e+01
   3.8454280e+06   2.7465820e+01
   3.8456230e+06   2.2033691e+01
   3.8464240e+06   2.6794434e+01
   3.8726860e+06   2.6000977e+01
   3.8827570e+06   1.9531250e+01
   3.8828140e+06   1.9958496e+01
   3.8830800e+06   2.5024414e+01
   3.8831000e+06   2.2827148e+01
   3.8833130e+06   2.6184082e+01
   3.8947810e+06   2.8198242e+01
   3.8948880e+06   1.5563965e+01
   3.8949170e+06   2.8747559e+01
   3.8951120e+06   2.4902344e+01
   3.8953900e+06   2.4719238e+01
   3.8955900e+06   1.4831543e+01
   3.8956650e+06   2.5329590e+01
   3.8958510e+06   2.7343750e+01
   3.9153690e+06   2.4047852e+01
   3.9184430e+06   2.8137207e+01
   3.9205920e+06   1.4709473e+01
   3.9226250e+06   2.9724121e+01
   3.9227400e+06   2.7465820e+01
   3.9264900e+06   2.5329590e+01
   3.9280860e+06   1.6052246e+01
   3.9534530e+06   2.5878906e+01
   3.9568580e+06   2.4047852e+01
   3.9574790e+06   2.8930664e+01
   3.9595380e+06   2.8320312e+01
   3.9601620e+06   1.4587402e+01
   3.9602470e+06   1.9653320e+01
   3.9606800e+06   1.8615723e+01
   3.9735010e+06   2.6977539e+01
   3.9743180e+06   2.7709961e+01
   4.0079130e+06   2.7770996e+01
   4.0096530e+06   2.8808594e+01
   4.0264110e+06   1.7517090e+01
   4.0265990e+06   1.5014648e+01
   4.0266500e+06   1.5563965e+01
   4.0321140e+06   2.3925781e+01
   4.0335360e+06   2.6245117e+01
   4.0338340e+06   2.4108887e+01
   4.0342140e+06   3.0944824e+01
   4.0361180e+06   2.5634766e+01
   4.0376330e+06   2.4475098e+01
   4.0391040e+06   2.7404785e+01
   4.0431260e+06   2.5451660e+01
   4.0484070e+06   2.7709961e+01
   4.0495320e+06   2.6794434e+01
   4.0501710e+06   2.7832031e+01
   4.0643370e+06   2.0263672e+01
   4.0688110e+06   2.4414063e+01
   4.0768000e+06   2.5085449e+01
   4.0875240e+06   2.1484375e+01
   4.0927070e+06   2.6611328e+01
   4.0934380e+06   2.2766113e+01
   4.0970510e+06   2.6428223e+01
   4.1005350e+06   2.6245117e+01
   4.1259550e+06   2.4291992e+01
   4.1286180e+06   2.5695801e+01
   4.1344900e+06   2.2521973e+01
   4.1527840e+06   2.6977539e+01
   4.1655470e+06   2.7954102e+01
   4.1961240e+06   2.5573730e+01
   4.2024600e+06   2.7709961e+01
   4.2062060e+06   2.5878906e+01
   4.2400380e+06   2.5512695e+01
   4.2456390e+06   2.2705078e+01
   4.2474740e+06   2.5085449e+01
   4.2526620e+06   2.5329590e+01
   4.2652520e+06   2.6550293e+01
   4.2836850e+06   2.8869629e+01
   4.3222060e+06   2.6977539e+01
   4.3244100e+06   2.3315430e+01
   4.3253230e+06   2.4902344e+01
   4.3403030e+06   2.6550293e+01
   4.3459890e+06   2.1789551e+01
   4.3523890e+06   2.1789551e+01
   4.3561880e+06   2.7648926e+01
   4.3621300e+06   2.3071289e+01
   4.3707190e+06   2.2888184e+01
   4.3723000e+06   2.2888184e+01
   4.3761510e+06   2.2277832e+01
   4.3785130e+06   2.3193359e+01
   4.3791240e+06   2.2277832e+01
   4.3794900e+06   2.1606445e+01
   4.3797340e+06   2.2399902e+01
   4.3799130e+06   2.3742676e+01
   4.3800790e+06   2.6306152e+01
   4.3800930e+06   2.2521973e+01
   4.3802270e+06   2.2399902e+01
   4.3804330e+06   2.2766113e+01
   4.3806070e+06   2.2277832e+01
   4.3807790e+06   2.2155762e+01
   4.3810120e+06   2.4963379e+01
   4.3810670e+06   2.2216797e+01
   4.3812870e+06   2.2094727e+01
   4.3816310e+06   2.3132324e+01
   4.3817620e+06   2.0019531e+01
   4.3829390e+06   2.2705078e+01
   4.3831100e+06   2.5634766e+01
   4.3832400e+06   2.2155762e+01
   4.3834280e+06   2.4597168e+01
   4.3834920e+06   2.3132324e+01
   4.3835840e+06   1.8493652e+01
   4.3837160e+06   2.3254395e+01
   4.3839210e+06   2.4902344e+01
   4.3840420e+06   2.3681641e+01
   4.3840770e+06   2.5573730e+01
   4.3842000e+06   2.3193359e+01
   4.3843390e+06   2.1911621e+01
   4.3844890e+06   2.7893066e+01
   4.3846420e+06   2.3681641e+01
   4.3848350e+06   3.9062500e+01
   4.3849600e+06   2.3254395e+01
   4.3851010e+06   2.1423340e+01
   4.3854520e+06   1.9958496e+01
   4.3855430e+06   2.3925781e+01
   4.3856350e+06   2.8198242e+01
   4.3857670e+06   2.4536133e+01
   4.3859140e+06   2.7221680e+01
   4.3860250e+06   2.3620605e+01
   4.3862260e+06   2.1972656e+01
   4.3865000e+06   1.9287109e+01
   4.3866070e+06   2.5329590e+01
   4.3867020e+06   2.6306152e+01
   4.3867370e+06   2.3559570e+01
   4.3868630e+06   2.5207520e+01
   4.3871270e+06   2.1484375e+01
   4.3872640e+06   2.1301270e+01
   4.3874200e+06   2.1911621e+01
   4.3875890e+06   2.3193359e+01
   4.3877370e+06   2.8686523e+01
   4.3877570e+06   2.4841309e+01
   4.3879310e+06   2.5817871e+01
   4.3880940e+06   2.4108887e+01
   4.3882150e+06   2.4353027e+01
   4.3883930e+06   2.3376465e+01
   4.3889030e+06   1.7272949e+01
   4.3890000e+06   2.4536133e+01
   4.3891770e+06   2.3803711e+01
   4.3893940e+06   2.2216797e+01
   4.3894060e+06   2.3681641e+01
   4.3895960e+06   2.3193359e+01
   4.3970030e+06   2.6123047e+01
   4.3979430e+06   2.4780273e+01
   4.3982660e+06   1.4160156e+01
   4.3982830e+06   2.5268555e+01
   4.3984370e+06   1.4099121e+01
   4.3985040e+06   2.5878906e+01
   4.3986200e+06   2.8564453e+01
   4.3987370e+06   2.0874023e+01
   4.3987970e+06   2.7099609e+01
   4.3989840e+06   1.4343262e+01
   4.3990150e+06   2.7587891e+01
   4.3992940e+06   2.6855469e+01
   4.4004740e+06   2.5146484e+01
   4.4190280e+06   2.8625488e+01
   4.4306190e+06   2.6367188e+01
   4.4307940e+06   2.4475098e+01
   4.4310210e+06   2.7099609e+01
   4.4315190e+06   2.7954102e+01
   4.4317820e+06   2.6672363e+01
   4.4320870e+06   2.7099609e+01
   4.4324120e+06   2.5878906e+01
   4.4326870e+06   2.6245117e+01
   4.4424980e+06   2.3254395e+01
   4.4659520e+06   2.7404785e+01
   4.4930580e+06   3.3386230e+01
   4.4997240e+06   1.5380859e+01
   4.4999950e+06   2.3132324e+01
   4.5016620e+06   2.0568848e+01
   4.5019610e+06   2.8442383e+01
   4.5114610e+06   3.0517578e+01
   4.5115590e+06   2.7648926e+01
   4.5116410e+06   2.7160645e+01
   4.5117420e+06   2.6916504e+01
   4.5124560e+06   2.6184082e+01
   4.5126680e+06   2.7221680e+01
   4.5127360e+06   3.1677246e+01
   4.5127900e+06   3.3630371e+01
   4.5129280e+06   2.6306152e+01
   4.5130240e+06   2.8320313e+01
   4.5131380e+06   2.5146484e+01
   4.5132890e+06   2.5207520e+01
   4.5133750e+06   2.5146484e+01
   4.5135670e+06   2.4353027e+01
   4.5137830e+06   2.4169922e+01
   4.5139460e+06   2.3925781e+01
   4.5140820e+06   2.4597168e+01
   4.5142450e+06   2.6428223e+01
   4.5144310e+06   2.4169922e+01
   4.5145800e+06   2.6794434e+01
   4.5147470e+06   2.6672363e+01
   4.5149160e+06   2.5024414e+01
   4.5152760e+06   2.1301270e+01
   4.5155650e+06   2.6550293e+01
   4.5157040e+06   2.8076172e+01
   4.5158580e+06   2.5695801e+01
   4.5160570e+06   2.4353027e+01
   4.5163030e+06   2.2949219e+01
   4.5377040e+06   2.7526855e+01
   4.5441830e+06   3.0944824e+01
   4.5480600e+06   2.7282715e+01
   4.5485320e+06   2.7343750e+01
   4.5577520e+06   2.6184082e+01
   4.5735600e+06   1.4465332e+01
   4.5768640e+06   2.3864746e+01
   4.6004120e+06   2.6062012e+01
   4.6009580e+06   2.4169922e+01
   4.6017330e+06   2.9235840e+01
   4.6118160e+06   2.7770996e+01
   4.6119270e+06   2.3437500e+01
   4.6198300e+06   1.5991211e+01
   4.6210010e+06   2.7832031e+01
   4.6310200e+06   1.6967773e+01
   4.6446320e+06   2.5268555e+01
   4.6611990e+06   2.5390625e+01
   4.6687110e+06   3.0212402e+01
   4.6694350e+06   2.9235840e+01
   4.6696770e+06   1.5197754e+01
   4.6697220e+06   1.9409180e+01
   4.6697660e+06   1.4221191e+01
   4.6711810e+06   2.3071289e+01
   4.6719170e+06   2.7832031e+01
   4.6721310e+06   2.9968262e+01
   4.6728560e+06   2.7160645e+01
   4.6787930e+06   2.5451660e+01
   4.7049560e+06   1.4160156e+01
   4.7057220e+06   2.5390625e+01
   4.7118450e+06   2.5024414e+01
   4.7504280e+06   2.6733398e+01
   4.7519010e+06   2.5512695e+01
   4.7611630e+06   2.7709961e+01
   4.7656840e+06   2.7832031e+01
   4.7763350e+06   2.5268555e+01
   4.7808220e+06   1.4892578e+01
   4.7808860e+06   2.3803711e+01
   4.7877800e+06   2.4902344e+01
   4.7884430e+06   2.7770996e+01
   4.8018570e+06   2.4536133e+01
   4.8194800e+06   2.7709961e+01
   4.8393690e+06   1.5625000e+01
   4.8395700e+06   2.4536133e+01
   4.8396120e+06   2.5878906e+01
   4.8396500e+06   1.8249512e+01
   4.8398110e+06   1.5930176e+01
   4.8398780e+06   1.4892578e+01
   4.8520960e+06   2.5756836e+01
   4.8524080e+06   2.7587891e+01
   4.8526790e+06   2.6367188e+01
   4.8528230e+06   2.8320312e+01
   4.8533330e+06   2.5085449e+01
   4.8535380e+06   2.6428223e+01
   4.8540770e+06   2.5939941e+01
   4.8544370e+06   2.4658203e+01
   4.8656140e+06   2.4169922e+01
   4.8664380e+06   2.7404785e+01
   4.8781080e+06   1.5563965e+01
   4.8782460e+06   2.9907227e+01
   4.8838610e+06   2.4414062e+01
   4.8968970e+06   2.4414063e+01
   4.9040660e+06   2.7832031e+01
   4.9202970e+06   2.5512695e+01
   4.9211210e+06   2.6062012e+01
   4.9255950e+06   2.5573730e+01
   4.9266710e+06   2.4597168e+01
   4.9275400e+06   2.7648926e+01
   4.9286860e+06   2.8198242e+01
   4.9615280e+06   2.9052734e+01
   4.9806990e+06   2.2888184e+01
   4.9872900e+06   2.5085449e+01
   4.9883090e+06   2.6062012e+01
   4.9892480e+06   2.4047852e+01
   4.9950450e+06   2.6489258e+01
   5.0069900e+06   2.3803711e+01
   5.0543620e+06   2.6428223e+01
   5.0779600e+06   1.6662598e+01
   5.0866570e+06   1.4587402e+01
   5.1081180e+06   2.7770996e+01
   5.1091940e+06   2.8991699e+01
   5.1100440e+06   2.4353027e+01
   5.1125550e+06   1.5380859e+01
   5.1293220e+06   2.4108887e+01
   5.1437430e+06   1.5441895e+01
   5.1445960e+06   1.4343262e+01
   5.1621230e+06   3.0761719e+01
   5.1673440e+06   2.2827148e+01
   5.1698470e+06   2.2338867e+01
   5.1707830e+06   2.0263672e+01
   5.1718630e+06   2.6733398e+01
   5.1751420e+06   1.5869141e+01
   5.1761310e+06   2.5451660e+01
   5.1777970e+06   2.5207520e+01
   5.1853280e+06   2.6123047e+01
   5.1858470e+06   2.4963379e+01
   5.1859850e+06   1.5258789e+01
   5.1861420e+06   2.2521973e+01
   5.1906560e+06   1.6418457e+01
   5.2147770e+06   2.8015137e+01
   5.2152810e+06   1.4770508e+01
   5.2153510e+06   1.5258789e+01
   5.2154110e+06   1.6418457e+01
   5.2155170e+06   2.7038574e+01
   5.2157450e+06   2.6977539e+01
   5.2390470e+06   1.4099121e+01
   5.2390740e+06   2.7709961e+01
   5.2393330e+06   2.4963379e+01
   5.2645000e+06   2.4841309e+01
   5.2822320e+06   2.5817871e+01
   5.2825870e+06   1.5930176e+01
   5.2870350e+06   2.5573730e+01
   5.2902780e+06   1.8615723e+01
   5.2963020e+06   2.7770996e+01
   5.2972650e+06   2.5817871e+01
   5.3011080e+06   3.0029297e+01
   5.3012290e+06   2.2216797e+01
   5.3052420e+06   2.7648926e+01
   5.3072380e+06   1.5930176e+01
   5.3138260e+06   2.4841309e+01
   5.3238100e+06   2.1179199e+01
   5.3248620e+06   2.4169922e+01
   5.3255840e+06   2.3071289e+01
   5.3382860e+06   2.5329590e+01
   5.3388040e+06   1.4099121e+01
   5.3390020e+06   2.5573730e+01
   5.3480360e+06   2.6855469e+01
   5.3638410e+06   1.5197754e+01
   5.3638670e+06   2.7221680e+01
   5.3639960e+06   2.0751953e+01
   5.3641230e+06   2.7343750e+01
   5.3824200e+06   1.4282227e+01
   5.3889100e+06   2.5634766e+01
   5.3894100e+06   1.4282227e+01
   5.3956790e+06   2.7893066e+01
   5.4254600e+06   2.2521973e+01
   5.4278830e+06   2.2277832e+01
   5.4290480e+06   2.9113770e+01
   5.4298480e+06   1.5136719e+01
   5.4332890e+06   2.4108887e+01
   5.4339820e+06   2.2216797e+01
   5.4342290e+06   2.6000977e+01
   5.4362540e+06   2.3498535e+01
   5.4382750e+06   2.8808594e+01
   5.4392950e+06   2.6855469e+01
   5.4436590e+06   2.1057129e+01
   5.4463150e+06   1.7761230e+01
   5.4585650e+06   2.4963379e+01
   5.4804090e+06   2.8564453e+01
   5.4818870e+06   2.7343750e+01
   5.4824410e+06   2.4963379e+01
   5.4906520e+06   2.6123047e+01
   5.5149870e+06   2.5085449e+01
   5.5211320e+06   2.5390625e+01
   5.5380470e+06   2.6489258e+01
   5.5401790e+06   2.4414063e+01
   5.5746620e+06   2.6611328e+01
   5.5959130e+06   2.4108887e+01
   5.6004390e+06   2.1789551e+01
   5.6004570e+06   1.5075684e+01
   5.6023380e+06   2.8747559e+01
   5.6035000e+06   2.3986816e+01
   5.6117490e+06   1.4160156e+01
   5.6118120e+06   3.1555176e+01
   5.6179060e+06   1.4526367e+01
   5.6179350e+06   2.7770996e+01
   5.6182250e+06   2.5695801e+01
   5.6184220e+06   3.0822754e+01
   5.6186130e+06   2.9846191e+01
   5.6188640e+06   2.4780273e+01
   5.6190590e+06   2.8381348e+01
   5.6192100e+06   1.8310547e+01
   5.6192480e+06   2.5817871e+01
   5.6194820e+06   3.0395508e+01
   5.6197350e+06   2.7526855e+01
   5.6200940e+06   2.3986816e+01
   5.6204260e+06   2.3620605e+01
   5.6207300e+06   2.3437500e+01
   5.6210610e+06   2.3010254e+01
   5.6212670e+06   2.5878906e+01
   5.6217050e+06   2.5085449e+01
   5.6221750e+06   2.4536133e+01
   5.6226690e+06   2.6123047e+01
   5.6228980e+06   2.6062012e+01
   5.6231650e+06   2.6123047e+01
   5.6376910e+06   2.5878906e+01
   5.6427160e+06   3.7414551e+01
   5.6507610e+06   2.6428223e+01
   5.6531530e+06   2.4841309e+01
   5.6594200e+06   2.7099609e+01
   5.6618430e+06   2.6977539e+01
   5.6622910e+06   2.6672363e+01
   5.6715960e+06   2.7282715e+01
   5.6850240e+06   2.0935059e+01
   5.6855160e+06   1.5991211e+01
   5.7020180e+06   2.5634766e+01
   5.7161410e+06   2.3681641e+01
   5.7176740e+06   2.0690918e+01
   5.7271850e+06   2.7343750e+01
   5.7283910e+06   2.6306152e+01
   5.7297970e+06   2.2155762e+01
   5.7342400e+06   1.7272949e+01
   5.7357490e+06   2.4780273e+01
   5.7366220e+06   2.4536133e+01
   5.7370670e+06   2.7465820e+01
   5.7414530e+06   2.6489258e+01
   5.7550160e+06   1.4160156e+01
   5.7561260e+06   2.7221680e+01
   5.7660790e+06   2.5512695e+01
   5.7661510e+06   2.2338867e+01
   5.7662010e+06   2.8930664e+01
   5.7664500e+06   2.9174805e+01
   5.7759660e+06   1.5075684e+01
   5.7763050e+06   1.4282227e+01
   5.7763510e+06   1.4709473e+01
   5.8008360e+06   2.6367188e+01
   5.8122060e+06   2.3742676e+01
   5.8126450e+06   2.6062012e+01
   5.8216630e+06   1.5197754e+01
   5.8333150e+06   2.5756836e+01
   5.8341240e+06   2.3254395e+01
   5.8351370e+06   2.4719238e+01
   5.8374990e+06   2.4414063e+01
   5.8382050e+06   2.6245117e+01
   5.8395500e+06   2.5878906e+01
   5.8408060e+06   2.8625488e+01
   5.8420200e+06   2.8076172e+01
   5.8436980e+06   2.9296875e+01
   5.8795930e+06   2.2644043e+01
   5.8807070e+06   3.0761719e+01
   5.8858210e+06   2.7282715e+01
   5.8860290e+06   2.0080566e+01
   5.8880780e+06   2.2949219e+01
   5.8912380e+06   2.4597168e+01
   5.9064120e+06   1.4587402e+01
   5.9109930e+06   2.8625488e+01
   5.9289440e+06   2.5573730e+01
   5.9344640e+06   1.5136719e+01
   5.9520870e+06   1.5014648e+01
   5.9521420e+06   3.1982422e+01
   5.9576310e+06   1.5991211e+01
   5.9576730e+06   1.5319824e+01
   5.9832920e+06   1.6479492e+01
   5.9916270e+06   1.4892578e+01
   5.9954050e+06   1.5930176e+01
   5.9989510e+06   1.5258789e+01
   5.9989770e+06   2.8808594e+01
