   5.9990000e+06   0.0000000e+00
   2.8247000e+04   1.4953613e+01
   2.8273000e+04   1.5014648e+01
   9.4171000e+04   1.6845703e+01
   9.4231000e+04   1.4831543e+01
   2.4419800e+05   1.5747070e+01
   2.4420800e+05   1.5563965e+01
   2.7088900e+05   1.5075684e+01
   3.0558900e+05   1.7150879e+01
   3.0647800e+05   1.5380859e+01
   3.1487700e+05   1.4831543e+01
   3.3159800e+05   1.5014648e+01
   4.1546700e+05   1.5136719e+01
   4.3275600e+05   1.6113281e+01
   4.4321300e+05   1.4770508e+01
   5.8273900e+05   1.6540527e+01
   5.9616600e+05   1.4953613e+01
   6.0470400e+05   1.6113281e+01
   6.9953400e+05   1.4648438e+01
   7.1798600e+05   1.6418457e+01
   8.1535500e+05   1.5563965e+01
   8.3663900e+05   1.4770508e+01
   8.8528800e+05   1.5502930e+01
   8.9956400e+05   1.4892578e+01
   9.1115000e+05   1.5197754e+01
   9.1253300e+05   1.4648437e+01
   9.2129700e+05   1.5197754e+01
   9.2532100e+05   1.5625000e+01
   9.2721900e+05   1.5563965e+01
   1.0531500e+06   1.5014648e+01
   1.0841050e+06   1.4709473e+01
   1.1476460e+06   1.5380859e+01
   1.1583820e+06   1.4770508e+01
   1.1584670e+06   2.0385742e+01
   1.1702330e+06   1.6601562e+01
   1.2139950e+06   1.5563965e+01
   1.2240010e+06   1.6845703e+01
   1.2350150e+06   1.4648438e+01
   1.2621910e+06   1.6113281e+01
   1.3199100e+06   1.5014648e+01
   1.3301750e+06   1.7333984e+01
   1.3494680e+06   1.4770508e+01
   1.3926460e+06   1.4953613e+01
   1.4419360e+06   1.6174316e+01
   1.4623400e+06   1.4892578e+01
   1.4624410e+06   1.5380859e+01
   1.4802760e+06   1.4831543e+01
   1.4863910e+06   1.5014648e+01
   1.5325350e+06   1.6357422e+01
   1.6321480e+06   1.5197754e+01
   1.7682080e+06   2.5451660e+01
   1.7682490e+06   1.5563965e+01
   1.7682740e+06   3.0883789e+01
   1.7683190e+06   2.0092773e+02
   1.7683300e+06   2.6336670e+02
   1.7683650e+06   2.9724121e+01
   1.7684610e+06   1.9653320e+01
   1.7685090e+06   1.4709473e+01
   1.7688710e+06   1.4648438e+01
   1.8113270e+06   1.4770508e+01
   1.8768760e+06   1.4709473e+01
   1.9175560e+06   1.5319824e+01
   1.9444740e+06   1.5869141e+01
   1.9759110e+06   1.5258789e+01
   2.0864080e+06   1.4953613e+01
   2.1861010e+06   1.5075684e+01
   2.1967000e+06   1.5441895e+01
   2.2455960e+06   1.5014648e+01
   2.4225210e+06   1.5197754e+01
   2.4475460e+06   1.5380859e+01
   2.4550200e+06   1.5991211e+01
   2.4597100e+06   1.5197754e+01
   2.7025090e+06   1.6113281e+01
   2.7098250e+06   1.7150879e+01
   2.7373420e+06   1.4709473e+01
   2.7550740e+06   1.5747070e+01
   2.7614220e+06   1.4953613e+01
   2.7614820e+06   1.4709473e+01
   2.7827790e+06   1.5502930e+01
   2.8561340e+06   1.4831543e+01
   3.0760570e+06   1.4709473e+01
   3.0950600e+06   1.5258789e+01
   3.2089840e+06   1.5808105e+01
   3.2182140e+06   1.4770508e+01
   3.2443960e+06   1.5258789e+01
   3.2462240e+06   1.4770508e+01
   3.2462820e+06   1.5869141e+01
   3.2549160e+06   1.5319824e+01
   3.2572660e+06   1.5625000e+01
   3.4800330e+06   1.5502930e+01
   3.9447490e+06   1.4953613e+01
   4.0859350e+06   1.4892578e+01
   4.1549260e+06   1.6235352e+01
   4.2757600e+06   1.5502930e+01
   4.2878450e+06   1.5808105e+01
   4.2964660e+06   1.5747070e+01
   4.2964940e+06   1.5380859e+01
   4.3051820e+06   1.6113281e+01
   4.3383120e+06   1.4953613e+01
   4.3669780e+06   1.5136719e+01
   4.3961870e+06   1.4648438e+01
   4.5646290e+06   1.4648438e+01
   4.5723950e+06   1.4770508e+01
   4.5848530e+06   1.5808105e+01
   4.5869780e+06   1.5258789e+01
   4.6100900e+06   1.5991211e+01
   4.6335780e+06   1.5136719e+01
   4.6396350e+06   1.4953613e+01
   4.6406180e+06   1.5563965e+01
   4.6529580e+06   1.5136719e+01
   4.7961630e+06   1.5136719e+01
   4.8064910e+06   1.6662598e+01
   4.8234880e+06   1.6845703e+01
   4.8399060e+06   1.5991211e+01
   5.0174130e+06   1.4831543e+01
   5.0394680e+06   1.5136719e+01
   5.0631660e+06   1.5075684e+01
   5.1127930e+06   1.6113281e+01
   5.1578610e+06   1.4892578e+01
   5.1673950e+06   1.7211914e+01
   5.1757550e+06   1.4953613e+01
   5.1757820e+06   1.4709473e+01
   5.1846890e+06   1.7639160e+01
   5.2719800e+06   1.5136719e+01
   5.6008400e+06   1.5502930e+01
   5.6081310e+06   1.6479492e+01
   5.6298680e+06   1.5441895e+01
   5.6326940e+06   1.5380859e+01
   5.8845850e+06   1.6357422e+01
   5.8935300e+06   1.4770508e+01
   5.9175830e+06   1.5502930e+01
   5.9253470e+06   1.5686035e+01
   5.9303160e+06   1.5808105e+01
   5.9303430e+06   1.5014648e+01
   5.9915420e+06   1.4648438e+01
