   5.9990000e+06   0.0000000e+00
   5.1858000e+04   1.7700195e+01
   5.1923000e+04   1.6296387e+01
   5.1957000e+04   1.5930176e+01
   5.2178000e+04   1.7883301e+01
   5.2511000e+04   1.9714355e+01
   6.5382000e+04   1.6418457e+01
   9.4182000e+04   1.5869141e+01
   9.4222000e+04   1.6845703e+01
   1.2395700e+05   2.3803711e+01
   1.5712100e+05   1.8554688e+01
   1.8008100e+05   1.5686035e+01
   2.1354100e+05   1.7333984e+01
   2.4417300e+05   2.0812988e+01
   2.5356200e+05   1.5991211e+01
   3.0648400e+05   2.1850586e+01
   3.0658400e+05   2.0507813e+01
   3.2313100e+05   2.0751953e+01
   3.2363600e+05   2.1362305e+01
   5.1922800e+05   2.0507813e+01
   5.8522500e+05   1.5991211e+01
   5.9036100e+05   1.6052246e+01
   5.9670200e+05   1.9409180e+01
   5.9673600e+05   1.9226074e+01
   5.9676700e+05   1.5869141e+01
   6.3192100e+05   1.5686035e+01
   6.5446300e+05   1.5869141e+01
   6.5841800e+05   2.2827148e+01
   6.5849600e+05   2.1667480e+01
   6.7268800e+05   1.8066406e+01
   6.7274800e+05   1.7333984e+01
   6.8555400e+05   1.6906738e+01
   7.1798800e+05   1.8249512e+01
   7.6054200e+05   2.2644043e+01
   7.6060900e+05   1.9042969e+01
   7.9538800e+05   2.1850586e+01
   8.0743900e+05   2.0507813e+01
   8.1538300e+05   1.9226074e+01
   8.3663400e+05   2.0568848e+01
   9.0027100e+05   1.6052246e+01
   9.8294500e+05   1.5625000e+01
   1.0233550e+06   1.6418457e+01
   1.0523140e+06   2.0019531e+01
   1.0523970e+06   2.3376465e+01
   1.0530510e+06   1.8066406e+01
   1.0972810e+06   1.6723633e+01
   1.1024640e+06   2.0202637e+01
   1.1145880e+06   1.6235352e+01
   1.1475420e+06   1.8432617e+01
   1.1820040e+06   1.5869141e+01
   1.1907570e+06   2.3193359e+01
   1.2493560e+06   2.0446777e+01
   1.3185230e+06   1.6174316e+01
   1.3590810e+06   1.9165039e+01
   1.4111520e+06   1.5747070e+01
   1.4259930e+06   1.5625000e+01
   1.4419520e+06   2.1179199e+01
   1.4598190e+06   2.1057129e+01
   1.4598720e+06   1.7944336e+01
   1.4599040e+06   1.6967773e+01
   1.4622590e+06   1.9897461e+01
   1.4623380e+06   2.2033691e+01
   1.4859370e+06   1.7150879e+01
   1.5691090e+06   1.9958496e+01
   1.6837270e+06   1.5869141e+01
   1.7383990e+06   1.9409180e+01
   1.7682150e+06   1.6845703e+01
   1.7682500e+06   3.2348633e+01
   1.7683890e+06   1.7333984e+01
   1.7684150e+06   2.0690918e+01
   1.8346530e+06   2.2338867e+01
   1.8434610e+06   2.1179199e+01
   1.9066230e+06   2.0385742e+01
   1.9472910e+06   1.7944336e+01
   1.9675070e+06   1.8859863e+01
   2.1304320e+06   1.8981934e+01
   2.1309050e+06   1.8737793e+01
   2.2973300e+06   1.5563965e+01
   2.3640060e+06   2.0690918e+01
   2.3640480e+06   1.9287109e+01
   2.3644590e+06   1.8127441e+01
   2.4057280e+06   1.7028809e+01
   2.4057700e+06   2.1972656e+01
   2.4058000e+06   1.7395020e+01
   2.4059810e+06   1.7395020e+01
   2.4579970e+06   1.5869141e+01
   2.5133000e+06   1.6296387e+01
   2.6468360e+06   2.0812988e+01
   2.6551520e+06   1.6052246e+01
   2.7026490e+06   1.8249512e+01
   2.7663060e+06   1.5686035e+01
   2.7831100e+06   1.9836426e+01
   2.7879680e+06   1.6235352e+01
   2.8268210e+06   1.6967773e+01
   2.8284250e+06   1.5747070e+01
   2.8448420e+06   1.8676758e+01
   2.8448780e+06   2.0202637e+01
   2.8449320e+06   1.8676758e+01
   2.8455340e+06   2.4047852e+01
   2.8811040e+06   1.6723633e+01
   2.9654950e+06   1.6113281e+01
   2.9697170e+06   1.5502930e+01
   3.0327830e+06   1.6174316e+01
   3.0516120e+06   1.5625000e+01
   3.1109680e+06   1.5686035e+01
   3.1350220e+06   1.5502930e+01
   3.2091300e+06   1.9104004e+01
   3.2627830e+06   1.5441895e+01
   3.2986170e+06   1.6235352e+01
   3.3529500e+06   1.7578125e+01
   3.4299050e+06   1.5441895e+01
   3.4799970e+06   2.0446777e+01
   3.5436320e+06   1.5563965e+01
   3.5610930e+06   1.6601562e+01
   3.6586670e+06   2.1362305e+01
   3.6863750e+06   1.5747070e+01
   3.7016530e+06   1.9958496e+01
   3.7301600e+06   1.5441895e+01
   3.7472670e+06   1.5869141e+01
   3.8603780e+06   2.1667480e+01
   3.9447420e+06   2.2583008e+01
   3.9931490e+06   1.5502930e+01
   3.9935090e+06   1.6784668e+01
   4.0140740e+06   1.5502930e+01
   4.1610740e+06   2.1667480e+01
   4.1708600e+06   1.5502930e+01
   4.1899040e+06   1.6357422e+01
   4.2205480e+06   1.7761230e+01
   4.2206000e+06   1.9287109e+01
   4.2206340e+06   2.1301270e+01
   4.2313530e+06   1.5808105e+01
   4.2890500e+06   1.5563965e+01
   4.3132650e+06   2.3559570e+01
   4.3927580e+06   1.5747070e+01
   4.4391940e+06   1.6967773e+01
   4.4973390e+06   1.5625000e+01
   4.6360780e+06   1.5441895e+01
   4.7515890e+06   1.8127441e+01
   4.7517780e+06   1.8798828e+01
   4.7907440e+06   1.8798828e+01
   4.8868080e+06   1.5441895e+01
   4.8890880e+06   1.7211914e+01
   4.9154880e+06   1.5441895e+01
   5.0631020e+06   2.0751953e+01
   5.0993410e+06   1.5991211e+01
   5.1127160e+06   2.1911621e+01
   5.1447810e+06   1.8798828e+01
   5.1530050e+06   1.5625000e+01
   5.1673620e+06   2.4597168e+01
   5.1961540e+06   2.0263672e+01
   5.2142880e+06   2.1484375e+01
   5.2143450e+06   1.9958496e+01
   5.2417960e+06   1.6418457e+01
   5.2508180e+06   1.5869141e+01
   5.3344770e+06   1.5747070e+01
   5.4299100e+06   2.0507813e+01
   5.4299790e+06   1.9653320e+01
   5.4469760e+06   1.5991211e+01
   5.4470040e+06   2.1484375e+01
   5.4470480e+06   1.6967773e+01
   5.4796730e+06   1.8920898e+01
   5.4797190e+06   2.0263672e+01
   5.4797610e+06   1.6662598e+01
   5.4957700e+06   1.6052246e+01
   5.5147960e+06   1.8554688e+01
   5.9236710e+06   1.5441895e+01
   5.9242690e+06   1.6235352e+01
   5.9985850e+06   1.5686035e+01
