   5.9990000e+06   0.0000000e+00
   2.1445700e+05   1.8981934e+01
   2.1449500e+05   2.0446777e+01
   7.1548000e+05   1.6845703e+01
   7.2854300e+05   1.8920898e+01
   8.1508000e+05   1.7333984e+01
   8.1512100e+05   1.6662598e+01
   8.1516500e+05   1.6967773e+01
   8.1521800e+05   1.6784668e+01
   1.1772960e+06   1.6784668e+01
   1.1773330e+06   1.8371582e+01
   1.1773710e+06   1.6357422e+01
   1.1774110e+06   1.7150879e+01
   1.1774890e+06   1.6723633e+01
   1.1779740e+06   1.6723633e+01
   1.2237060e+06   1.6174316e+01
   1.2237490e+06   1.7517090e+01
   1.2237900e+06   1.8859863e+01
   1.2616420e+06   1.6662598e+01
   1.2616910e+06   1.7700195e+01
   1.2617410e+06   2.1301270e+01
   1.2618340e+06   1.6479492e+01
   1.2618960e+06   1.6479492e+01
   1.4270370e+06   1.7822266e+01
   1.7235130e+06   1.8188477e+01
   1.7679350e+06   1.7028809e+01
   1.7682010e+06   1.7761230e+01
   1.7683070e+06   1.5686035e+01
   1.7683220e+06   3.5217285e+01
   1.7683510e+06   5.7678223e+01
   1.7683800e+06   3.8696289e+01
   1.7684070e+06   4.8583984e+01
   1.7684330e+06   2.7038574e+01
   1.8105210e+06   1.6601562e+01
   1.8105580e+06   1.8432617e+01
   1.8106140e+06   1.8737793e+01
   1.8106610e+06   1.7456055e+01
   1.8107070e+06   1.8005371e+01
   1.8107580e+06   1.9897461e+01
   1.8108800e+06   2.2277832e+01
   1.8109620e+06   1.8615723e+01
   1.8110320e+06   1.7700195e+01
   1.8533830e+06   1.5625000e+01
   1.8534180e+06   1.7456055e+01
   1.8534660e+06   1.6662598e+01
   1.8535120e+06   1.7700195e+01
   1.8536070e+06   1.6052246e+01
   1.8536690e+06   1.5991211e+01
   1.8537480e+06   1.6479492e+01
   1.8538200e+06   1.8676758e+01
   2.0252490e+06   1.9042969e+01
   2.0854080e+06   1.7272949e+01
   2.1977910e+06   1.6235352e+01
   2.1978600e+06   2.2521973e+01
   2.2402550e+06   1.8554688e+01
   2.4383970e+06   1.6418457e+01
   2.4384690e+06   1.7211914e+01
   2.4473660e+06   1.6662598e+01
   2.7096780e+06   1.7028809e+01
   2.7097560e+06   1.8310547e+01
   2.7818590e+06   1.6601562e+01
   3.0772210e+06   1.7944336e+01
   3.2368380e+06   1.9897461e+01
   3.2371220e+06   1.7456055e+01
   3.2372270e+06   1.6479492e+01
   3.4179180e+06   2.0080566e+01
   3.4179670e+06   1.7333984e+01
   3.4180380e+06   2.1179199e+01
   3.4181440e+06   1.6479492e+01
   3.4255880e+06   1.8188477e+01
   3.4256250e+06   1.5747070e+01
   3.4257170e+06   1.9409180e+01
   3.4257620e+06   1.6845703e+01
   3.4258110e+06   1.9409180e+01
   3.4258920e+06   2.3437500e+01
   3.4260960e+06   1.8249512e+01
   3.4261500e+06   2.1118164e+01
   3.4262620e+06   1.6296387e+01
   3.4263860e+06   1.9714355e+01
   3.4264850e+06   1.6784668e+01
   3.4265610e+06   1.7700195e+01
   3.4266360e+06   1.6357422e+01
   3.4267090e+06   1.8493652e+01
   3.4269370e+06   1.6906738e+01
   3.4270570e+06   1.6479492e+01
   3.4886420e+06   1.7944336e+01
   3.4965590e+06   1.7700195e+01
   3.4965980e+06   1.5991211e+01
   3.6233710e+06   1.6662598e+01
   3.7604510e+06   1.9042969e+01
   3.8118160e+06   1.7639160e+01
   3.8118950e+06   1.5747070e+01
   3.8119460e+06   1.8493652e+01
   3.8119890e+06   2.0874023e+01
   3.8120450e+06   1.7272949e+01
   3.8121000e+06   1.8798828e+01
   3.8121550e+06   1.8676758e+01
   3.8122110e+06   1.8127441e+01
   3.8122790e+06   1.6357422e+01
   3.8123270e+06   1.9348145e+01
   3.8123840e+06   1.7578125e+01
   3.8125210e+06   1.8005371e+01
   3.8125940e+06   1.7578125e+01
   3.8127650e+06   1.7333984e+01
   3.8128490e+06   1.7883301e+01
   3.8129150e+06   1.6906738e+01
   3.8129820e+06   1.6235352e+01
   3.8130790e+06   1.7761230e+01
   3.8132640e+06   1.9531250e+01
   3.8133320e+06   1.6052246e+01
   3.8134020e+06   1.9714355e+01
   3.8134890e+06   1.8676758e+01
   3.8135730e+06   1.5686035e+01
   3.8718380e+06   1.8920898e+01
   3.9318610e+06   1.6662598e+01
   4.0128360e+06   1.9104004e+01
   4.2626920e+06   1.9897461e+01
   4.5271120e+06   1.6845703e+01
   4.6752020e+06   1.8615723e+01
   4.6752870e+06   1.9897461e+01
   4.6753340e+06   1.6723633e+01
   4.6753770e+06   1.6967773e+01
   4.6754500e+06   1.6784668e+01
   4.6755130e+06   1.7211914e+01
   4.6755660e+06   1.8432617e+01
   4.6757390e+06   1.5808105e+01
   4.6758880e+06   1.6906738e+01
   4.6759380e+06   1.7395020e+01
   4.6760840e+06   1.5625000e+01
   4.6761740e+06   1.7761230e+01
   4.6762960e+06   1.8066406e+01
   4.6763740e+06   1.6052246e+01
   4.6767390e+06   1.5930176e+01
   4.6769210e+06   1.5808105e+01
   4.7106350e+06   1.5869141e+01
   4.7106920e+06   1.6784668e+01
   4.7107750e+06   1.5686035e+01
   4.7975740e+06   1.6174316e+01
   4.7976160e+06   1.6235352e+01
   4.7976670e+06   1.7822266e+01
   4.7978580e+06   2.1240234e+01
   4.7979130e+06   2.0324707e+01
   4.7979610e+06   1.8371582e+01
   4.7981320e+06   1.6174316e+01
   4.7981860e+06   1.6113281e+01
   4.7982790e+06   1.5930176e+01
   4.7983430e+06   1.8493652e+01
   4.7983960e+06   1.7517090e+01
   4.7984720e+06   2.2827148e+01
   4.7985990e+06   1.9042969e+01
   4.7986770e+06   1.6906738e+01
   4.8329210e+06   1.6845703e+01
   4.8863640e+06   1.9042969e+01
   4.8864030e+06   1.6418457e+01
   4.8864430e+06   1.6967773e+01
   4.8865380e+06   2.5878906e+01
   4.8865990e+06   1.6845703e+01
   4.8866450e+06   1.6113281e+01
   4.8866990e+06   1.7272949e+01
   4.8867900e+06   1.6479492e+01
   4.8868540e+06   1.6540527e+01
   4.8869340e+06   1.7822266e+01
   4.8870090e+06   1.5991211e+01
   4.8871290e+06   1.6479492e+01
   4.8872200e+06   1.5991211e+01
   4.8872880e+06   1.9409180e+01
   4.8873530e+06   2.0751953e+01
   4.8874320e+06   1.6418457e+01
   4.8875010e+06   1.9042969e+01
   4.8876560e+06   1.7211914e+01
   4.8878750e+06   1.8432617e+01
   4.8880280e+06   1.7761230e+01
   4.8881000e+06   1.7028809e+01
   4.8955240e+06   1.5991211e+01
   4.8956560e+06   1.6357422e+01
   4.8957380e+06   1.8981934e+01
   4.8958150e+06   2.0080566e+01
   4.8958810e+06   1.7944336e+01
   4.8960070e+06   1.7028809e+01
   4.8960740e+06   1.8798828e+01
   4.8961340e+06   1.8920898e+01
   4.8962300e+06   1.9714355e+01
   4.8962980e+06   1.6784668e+01
   4.8963730e+06   1.7456055e+01
   4.8964800e+06   1.7578125e+01
   4.8965440e+06   1.8066406e+01
   4.8968540e+06   1.5625000e+01
   4.8969420e+06   1.8798828e+01
   4.8971400e+06   1.6784668e+01
   4.8972400e+06   1.7517090e+01
   4.8973610e+06   1.9165039e+01
   4.8975570e+06   1.6601563e+01
   4.9043240e+06   1.6052246e+01
