   5.9990000e+06   0.0000000e+00
   3.6585000e+04   1.5625000e+01
   9.4166000e+04   1.5380859e+01
   9.4208000e+04   1.5869141e+01
   9.4218000e+04   1.6967773e+01
   9.4253000e+04   1.8249512e+01
   2.4414500e+05   1.6174316e+01
   2.7982200e+05   1.6296387e+01
   3.0552800e+05   1.5380859e+01
   3.0646300e+05   1.5686035e+01
   7.1765700e+05   1.6784668e+01
   8.0739000e+05   1.5258789e+01
   8.1537500e+05   1.5380859e+01
   8.3660700e+05   1.9042969e+01
   8.3665800e+05   1.5563965e+01
   8.6407600e+05   1.6540527e+01
   9.8928100e+05   1.5808105e+01
   1.0087850e+06   1.5808105e+01
   1.1017300e+06   1.7639160e+01
   1.1475690e+06   2.0141602e+01
   1.1475860e+06   1.6052246e+01
   1.1780770e+06   1.6845703e+01
   1.1907890e+06   1.5869141e+01
   1.2239030e+06   1.6601562e+01
   1.2239620e+06   1.8493652e+01
   1.2239880e+06   1.7272949e+01
   1.2240250e+06   1.5380859e+01
   1.2350990e+06   1.6418457e+01
   1.2535440e+06   1.5686035e+01
   1.2621280e+06   1.6540527e+01
   1.2864260e+06   1.5380859e+01
   1.3301970e+06   1.5563965e+01
   1.3590730e+06   1.6052246e+01
   1.3591080e+06   1.5563965e+01
   1.3795970e+06   1.5747070e+01
   1.3796890e+06   1.6723633e+01
   1.4126690e+06   1.7700195e+01
   1.4419480e+06   1.7456055e+01
   1.4622810e+06   1.5747070e+01
   1.4729250e+06   1.5991211e+01
   1.5836130e+06   1.6296387e+01
   1.7155310e+06   1.8188477e+01
   1.7237250e+06   1.5808105e+01
   1.7679610e+06   1.6845703e+01
   1.7682100e+06   2.6916504e+01
   1.7682460e+06   3.5882568e+02
   1.7682920e+06   2.0690918e+01
   1.7683170e+06   7.8552246e+01
   1.7683540e+06   1.0418701e+02
   1.7683820e+06   7.0617676e+01
   1.7684170e+06   5.2124023e+01
   1.7684670e+06   3.9062500e+01
   1.7688890e+06   1.6296387e+01
   1.7937550e+06   1.5380859e+01
   1.8792370e+06   1.5869141e+01
   1.9194350e+06   1.5258789e+01
   2.2402460e+06   1.7089844e+01
   2.4098170e+06   1.6296387e+01
   2.5415970e+06   1.6723633e+01
   2.7019700e+06   1.5991211e+01
   2.7388770e+06   1.5747070e+01
   2.8338030e+06   1.5563965e+01
   2.8338380e+06   1.5380859e+01
   2.9756740e+06   1.6662598e+01
   3.0277220e+06   1.5502930e+01
   3.1460940e+06   1.5686035e+01
   3.4799730e+06   1.6235352e+01
   3.4800000e+06   1.9592285e+01
   3.6586700e+06   1.5991211e+01
   4.3049170e+06   1.5319824e+01
   4.3669510e+06   1.5502930e+01
   4.4526690e+06   1.8493652e+01
   4.6956370e+06   1.5625000e+01
   4.7337050e+06   1.6174316e+01
   4.8172970e+06   1.9226074e+01
   4.9820200e+06   1.8066406e+01
   5.0523680e+06   1.5319824e+01
   5.0631040e+06   1.7089844e+01
   5.0779060e+06   1.5197754e+01
   5.1127490e+06   2.1667480e+01
   5.1447940e+06   1.7578125e+01
   5.1448320e+06   1.6357422e+01
   5.1448440e+06   1.7211914e+01
   5.1448660e+06   1.8371582e+01
   5.2719040e+06   1.6296387e+01
   5.3058970e+06   1.5930176e+01
   5.3585360e+06   1.8676758e+01
   5.3945880e+06   1.7639160e+01
   5.3947040e+06   1.6906738e+01
   5.5038370e+06   1.5869141e+01
   5.5038600e+06   1.7272949e+01
   5.6041010e+06   1.5930176e+01
   5.6927350e+06   1.6662598e+01
   5.9693820e+06   1.6235352e+01
   5.9917210e+06   1.5380859e+01
