   5.9990000e+06   0.0000000e+00
   6.5847100e+05   1.7272949e+01
   1.0529990e+06   1.7944336e+01
   1.1474690e+06   1.7089844e+01
   1.2238940e+06   1.6235352e+01
   1.3061630e+06   1.6174316e+01
   1.4623310e+06   1.6296387e+01
   1.5506270e+06   1.6540527e+01
   1.5684640e+06   1.7944336e+01
   1.7682000e+06   2.0568848e+01
   1.7682880e+06   1.6601562e+01
   1.7683170e+06   3.0212402e+01
   1.7683440e+06   5.6274414e+01
   1.7683700e+06   1.9592285e+01
   1.7683880e+06   3.0822754e+01
   1.7684370e+06   3.4179688e+01
   2.4223310e+06   1.7822266e+01
   2.4800410e+06   1.5991211e+01
   2.7113050e+06   1.5869141e+01
   2.7830670e+06   1.6601562e+01
   2.9883130e+06   1.6784668e+01
   3.4695810e+06   1.6357422e+01
   3.4799890e+06   1.6235352e+01
   4.8398260e+06   1.7639160e+01
   5.1835430e+06   1.6174316e+01
   5.1845730e+06   1.6357422e+01
   5.2803500e+06   1.6113281e+01
