   5.9990000e+06   0.0000000e+00
   1.7792800e+05   1.4282227e+01
   5.1878500e+05   1.5319824e+01
   5.9355200e+05   1.5625000e+01
   8.3664300e+05   1.5747070e+01
   1.0653710e+06   1.5380859e+01
   1.1475550e+06   1.4770508e+01
   1.3301870e+06   1.5563965e+01
   1.5739390e+06   1.4282227e+01
   1.7682200e+06   2.9113770e+01
   1.7683100e+06   1.5319824e+01
   1.7683570e+06   2.8381348e+01
   1.7683740e+06   1.8310547e+01
   1.7683970e+06   1.6967773e+01
   1.8588440e+06   1.4831543e+01
   1.9074470e+06   1.4343262e+01
   2.5501460e+06   1.5136719e+01
   2.5640160e+06   1.4770508e+01
   2.6483930e+06   1.5136719e+01
   2.7348180e+06   1.4404297e+01
   3.7293060e+06   1.4648438e+01
   4.1835200e+06   1.5563965e+01
   4.3969400e+06   1.4343262e+01
   5.6868680e+06   1.4587402e+01
   5.6882970e+06   1.4404297e+01
   5.7556070e+06   1.5991211e+01
   5.8794570e+06   1.4282227e+01
