   5.9990000e+06   0.0000000e+00
   6.1900000e+03   1.6296387e+01
   9.4850000e+03   1.5930176e+01
   1.6333000e+04   1.6601562e+01
   1.9127000e+04   1.7395020e+01
   3.6463000e+04   1.6906738e+01
   3.6550000e+04   1.6235352e+01
   4.4305000e+04   1.8310547e+01
   4.6580000e+04   1.6418457e+01
   6.3092000e+04   1.5075684e+01
   6.6810000e+04   1.5197754e+01
   8.1766000e+04   1.7028809e+01
   8.4214000e+04   1.6845703e+01
   9.2207000e+04   1.9836426e+01
   9.2254000e+04   1.8798828e+01
   9.2274000e+04   1.6662598e+01
   9.2319000e+04   1.9775391e+01
   9.2446000e+04   1.9531250e+01
   9.4199000e+04   2.0385742e+01
   1.0746800e+05   1.5625000e+01
   1.0872600e+05   2.0935059e+01
   1.2132100e+05   1.9165039e+01
   1.3663300e+05   1.9042969e+01
   1.3667900e+05   1.6052246e+01
   1.3759700e+05   1.7639160e+01
   1.3914800e+05   1.6540527e+01
   1.4003900e+05   1.8981934e+01
   1.4033200e+05   2.0446777e+01
   1.4774600e+05   1.8188477e+01
   1.4830900e+05   1.8737793e+01
   1.4837700e+05   2.1118164e+01
   1.4842900e+05   2.1118164e+01
   1.5713300e+05   1.6967773e+01
   1.8195200e+05   1.5441895e+01
   2.1463500e+05   1.6357422e+01
   2.2394000e+05   1.5380859e+01
   2.2399800e+05   1.9409180e+01
   2.3099100e+05   2.2277832e+01
   2.3101000e+05   1.6174316e+01
   2.4105200e+05   1.6235352e+01
   2.4420900e+05   1.5869141e+01
   2.6315200e+05   2.4353027e+01
   2.6319900e+05   1.6479492e+01
   2.6324200e+05   1.7333984e+01
   2.6374300e+05   1.9836426e+01
   2.7403900e+05   1.8005371e+01
   2.7510800e+05   1.6357422e+01
   2.9631700e+05   2.2521973e+01
   3.1703900e+05   1.5563965e+01
   3.2328600e+05   1.6540527e+01
   3.3412700e+05   1.5686035e+01
   3.4385900e+05   1.6113281e+01
   3.4455400e+05   2.3437500e+01
   3.4466200e+05   2.1240234e+01
   3.4470600e+05   1.8249512e+01
   3.5382500e+05   2.2338867e+01
   3.6288200e+05   1.5625000e+01
   3.9095300e+05   1.7761230e+01
   3.9483500e+05   1.5075684e+01
   3.9494600e+05   1.5258789e+01
   3.9501100e+05   2.1545410e+01
   3.9503200e+05   1.5502930e+01
   4.0651300e+05   1.7395020e+01
   4.0726400e+05   1.6662598e+01
   4.3227700e+05   1.5808105e+01
   4.4143200e+05   2.1972656e+01
   4.4537800e+05   1.6235352e+01
   4.5548400e+05   1.5869141e+01
   4.6874900e+05   1.9653320e+01
   4.7003600e+05   1.8493652e+01
   4.8165500e+05   1.5625000e+01
   4.8175600e+05   1.6174316e+01
   4.8177100e+05   1.6052246e+01
   4.8566900e+05   1.7028809e+01
   4.8569100e+05   1.6540527e+01
   4.8580600e+05   1.5197754e+01
   5.1171200e+05   1.5502930e+01
   5.1177900e+05   1.5686035e+01
   5.1201300e+05   1.5869141e+01
   5.1203400e+05   1.5625000e+01
   5.2253200e+05   1.6174316e+01
   5.2453200e+05   1.9348145e+01
   5.4025700e+05   1.6784668e+01
   5.4895400e+05   2.8198242e+01
   5.6889700e+05   1.9042969e+01
   5.6892800e+05   1.7456055e+01
   5.6896900e+05   1.7761230e+01
   5.7780200e+05   1.5869141e+01
   5.8476400e+05   1.5197754e+01
   6.0600700e+05   1.6784668e+01
   6.1770400e+05   2.4414063e+01
   6.1781300e+05   1.5380859e+01
   6.3378400e+05   1.5075684e+01
   6.3382800e+05   1.5808105e+01
   6.4244000e+05   2.1362305e+01
   6.4356500e+05   1.6296387e+01
   6.5463400e+05   1.9531250e+01
   6.5485100e+05   1.6113281e+01
   6.5844400e+05   1.9165039e+01
   6.8431700e+05   2.1667480e+01
   6.9773700e+05   1.5197754e+01
   6.9870900e+05   2.2033691e+01
   6.9880100e+05   2.0812988e+01
   7.0063400e+05   1.5258789e+01
   7.0083700e+05   1.6174316e+01
   7.3717500e+05   1.5686035e+01
   7.3765300e+05   2.0446777e+01
   7.3769800e+05   2.0141602e+01
   7.6722700e+05   2.1423340e+01
   7.7594500e+05   2.1240234e+01
   7.7599700e+05   1.9042969e+01
   7.8699300e+05   1.5258789e+01
   7.8732300e+05   1.5075684e+01
   7.9539800e+05   1.5625000e+01
   7.9541300e+05   1.9287109e+01
   7.9545300e+05   2.1118164e+01
   8.2315800e+05   1.6418457e+01
   8.2888100e+05   2.6062012e+01
   8.2893800e+05   1.5563965e+01
   8.3663800e+05   1.5258789e+01
   8.4756300e+05   2.4047852e+01
   8.4758700e+05   1.8798828e+01
   8.4760600e+05   1.8554688e+01
   8.4762800e+05   1.6113281e+01
   8.4764600e+05   1.6235352e+01
   8.7530400e+05   1.8066406e+01
   8.7531500e+05   2.1972656e+01
   8.8235100e+05   1.6967773e+01
   8.9014400e+05   2.2216797e+01
   8.9560600e+05   1.5441895e+01
   8.9931000e+05   1.8188477e+01
   8.9934700e+05   2.0080566e+01
   8.9955200e+05   1.8188477e+01
   8.9959400e+05   1.6357422e+01
   9.0026000e+05   1.6784668e+01
   9.0362600e+05   1.6906738e+01
   9.2769700e+05   1.5380859e+01
   9.4464400e+05   2.1728516e+01
   9.4468200e+05   1.5991211e+01
   9.4723700e+05   1.6662598e+01
   9.4755600e+05   1.5380859e+01
   9.5465700e+05   1.7883301e+01
   9.6151500e+05   2.2705078e+01
   9.6185500e+05   2.1606445e+01
   9.6851300e+05   1.6235352e+01
   9.8222400e+05   1.5502930e+01
   1.0087310e+06   1.8371582e+01
   1.0087560e+06   2.0263672e+01
   1.0236810e+06   1.8615723e+01
   1.0237400e+06   1.9836426e+01
   1.0237860e+06   1.5625000e+01
   1.0238970e+06   1.6418457e+01
   1.0320240e+06   1.7395020e+01
   1.0531060e+06   1.7395020e+01
   1.0820870e+06   1.8493652e+01
   1.0840970e+06   1.5319824e+01
   1.0999020e+06   1.6601562e+01
   1.1089540e+06   1.6662598e+01
   1.1097210e+06   1.5441895e+01
   1.1442310e+06   1.5747070e+01
   1.1621370e+06   1.8615723e+01
   1.1637490e+06   1.5197754e+01
   1.1775780e+06   1.6967773e+01
   1.1825790e+06   2.3193359e+01
   1.1907620e+06   2.6855469e+01
   1.1907820e+06   1.6845703e+01
   1.1908070e+06   1.7211914e+01
   1.2136620e+06   1.5808105e+01
   1.2269630e+06   1.9226074e+01
   1.2270030e+06   1.8127441e+01
   1.2270460e+06   2.2399902e+01
   1.2272240e+06   2.5146484e+01
   1.2345750e+06   1.6296387e+01
   1.2450220e+06   1.5686035e+01
   1.2451270e+06   1.9348145e+01
   1.2452790e+06   1.5380859e+01
   1.2950410e+06   1.7517090e+01
   1.3300830e+06   1.5686035e+01
   1.3411760e+06   1.5686035e+01
   1.3429090e+06   1.7150879e+01
   1.3698020e+06   2.5146484e+01
   1.3907810e+06   1.5319824e+01
   1.3909420e+06   1.8188477e+01
   1.3961010e+06   1.5869141e+01
   1.4009170e+06   1.6906738e+01
   1.4582310e+06   1.5258789e+01
   1.4599640e+06   1.5136719e+01
   1.4622720e+06   1.8188477e+01
   1.4623810e+06   1.9287109e+01
   1.4986870e+06   1.6967773e+01
   1.4987280e+06   1.8432617e+01
   1.4988750e+06   1.7517090e+01
   1.4991360e+06   1.9470215e+01
   1.5481190e+06   1.5319824e+01
   1.5533120e+06   1.5136719e+01
   1.5729740e+06   1.5502930e+01
   1.6086150e+06   2.3010254e+01
   1.6420660e+06   1.5991211e+01
   1.6421810e+06   1.6418457e+01
   1.6432410e+06   1.6845703e+01
   1.6688230e+06   1.7395020e+01
   1.6757430e+06   1.5441895e+01
   1.6782490e+06   1.5380859e+01
   1.7075130e+06   1.5258789e+01
   1.7076250e+06   2.3620605e+01
   1.7076450e+06   1.6174316e+01
   1.7079860e+06   1.5686035e+01
   1.7080470e+06   1.8127441e+01
   1.7154470e+06   1.5319824e+01
   1.7682020e+06   1.8859863e+01
   1.7682270e+06   1.6784668e+01
   1.7682540e+06   2.2033691e+01
   1.7682840e+06   1.6113281e+01
   1.7683280e+06   1.9592285e+01
   1.7683420e+06   2.1057129e+01
   1.7683680e+06   1.7089844e+01
   1.7683940e+06   1.5258789e+01
   1.7830490e+06   1.5563965e+01
   1.8269250e+06   2.5207520e+01
   1.8269680e+06   1.7089844e+01
   1.8270010e+06   1.7639160e+01
   1.8271820e+06   2.0507812e+01
   1.8328320e+06   1.7639160e+01
   1.8329410e+06   1.6357422e+01
   1.8572850e+06   1.5991211e+01
   1.8573200e+06   1.6723633e+01
   1.8697910e+06   1.6052246e+01
   1.8705390e+06   1.7211914e+01
   1.8974630e+06   2.0019531e+01
   1.9048260e+06   1.5686035e+01
   1.9056620e+06   1.6967773e+01
   1.9071990e+06   1.5625000e+01
   1.9371630e+06   1.5197754e+01
   1.9549800e+06   2.5756836e+01
   1.9550080e+06   2.0812988e+01
   1.9860890e+06   1.8981934e+01
   1.9879940e+06   1.6052246e+01
   2.0100450e+06   1.6296387e+01
   2.0161400e+06   1.7211914e+01
   2.0161920e+06   1.5625000e+01
   2.0162070e+06   1.5441895e+01
   2.0328410e+06   1.5502930e+01
   2.0625950e+06   1.7211914e+01
   2.0971610e+06   1.5441895e+01
   2.0994320e+06   1.5869141e+01
   2.1160170e+06   2.0324707e+01
   2.1169240e+06   2.0874023e+01
   2.1170060e+06   1.9165039e+01
   2.1170610e+06   1.8188477e+01
   2.1177370e+06   2.2949219e+01
   2.1178050e+06   1.9226074e+01
   2.1179670e+06   1.6357422e+01
   2.1181000e+06   1.8737793e+01
   2.1181470e+06   1.5686035e+01
   2.1182660e+06   2.0202637e+01
   2.1188270e+06   1.8371582e+01
   2.1189210e+06   1.8432617e+01
   2.1190360e+06   1.7639160e+01
   2.1192410e+06   1.6296387e+01
   2.1193260e+06   1.5502930e+01
   2.1194640e+06   1.6479492e+01
   2.1197830e+06   2.2949219e+01
   2.1198580e+06   1.5258789e+01
   2.1200040e+06   1.6723633e+01
   2.1201750e+06   2.0629883e+01
   2.1203130e+06   1.6784668e+01
   2.1304530e+06   1.7456055e+01
   2.1485360e+06   1.7761230e+01
   2.1486030e+06   2.0568848e+01
   2.1487510e+06   1.7761230e+01
   2.1569010e+06   1.5258789e+01
   2.1834750e+06   1.9775391e+01
   2.2273600e+06   1.6601562e+01
   2.2475580e+06   1.6967773e+01
   2.2513200e+06   1.8005371e+01
   2.2748410e+06   1.5319824e+01
   2.2811580e+06   1.5197754e+01
   2.2939760e+06   1.7211914e+01
   2.3573990e+06   1.6479492e+01
   2.4043030e+06   1.7395020e+01
   2.4696480e+06   1.7639160e+01
   2.4696930e+06   1.5808105e+01
   2.4697270e+06   1.7333984e+01
   2.4881010e+06   1.8920898e+01
   2.5205040e+06   1.6174316e+01
   2.5211510e+06   2.0568848e+01
   2.6231510e+06   1.5258789e+01
   2.6372680e+06   1.5686035e+01
   2.6474100e+06   1.7272949e+01
   2.6485400e+06   1.6052246e+01
   2.6489020e+06   2.2827148e+01
   2.6494320e+06   1.8554688e+01
   2.6496800e+06   1.5808105e+01
   2.6920340e+06   1.7089844e+01
   2.7279370e+06   1.5380859e+01
   2.7553080e+06   1.6235352e+01
   2.7575750e+06   1.5319824e+01
   2.7595390e+06   2.2705078e+01
   2.7608570e+06   1.5930176e+01
   2.7692610e+06   2.2460938e+01
   2.7693550e+06   1.5686035e+01
   2.7694280e+06   1.7150879e+01
   2.7716090e+06   1.6235352e+01
   2.7717290e+06   1.5747070e+01
   2.8177090e+06   1.6418457e+01
   2.8730130e+06   1.5197754e+01
   2.8732680e+06   1.9409180e+01
   2.8735900e+06   1.5380859e+01
   2.9101620e+06   1.8127441e+01
   2.9425480e+06   1.8737793e+01
   2.9750810e+06   1.5319824e+01
   3.0449950e+06   1.6235352e+01
   3.0853280e+06   1.8676758e+01
   3.1030190e+06   1.5930176e+01
   3.1516890e+06   1.5441895e+01
   3.1713320e+06   1.5563965e+01
   3.1775620e+06   1.9348145e+01
   3.2080640e+06   2.0568848e+01
   3.2081000e+06   1.8005371e+01
   3.2081670e+06   2.0690918e+01
   3.2494540e+06   1.5136719e+01
   3.2606120e+06   1.5075684e+01
   3.2606410e+06   1.6540527e+01
   3.2765990e+06   1.9287109e+01
   3.2947850e+06   1.7944336e+01
   3.3026970e+06   1.8005371e+01
   3.3284300e+06   1.5319824e+01
   3.3293370e+06   1.7456055e+01
   3.3293530e+06   1.8798828e+01
   3.3453910e+06   1.9226074e+01
   3.4053360e+06   1.6052246e+01
   3.4336050e+06   1.5258789e+01
   3.4800770e+06   1.9409180e+01
   3.5947790e+06   1.5319824e+01
   3.6093180e+06   1.6357422e+01
   3.6094260e+06   1.7639160e+01
   3.6536270e+06   1.5563965e+01
   3.6716670e+06   1.6113281e+01
   3.6854780e+06   1.5502930e+01
   3.7292250e+06   1.7150879e+01
   3.7554300e+06   1.7761230e+01
   3.7554900e+06   2.0874023e+01
   3.7555510e+06   1.7395020e+01
   3.7920520e+06   1.5930176e+01
   3.7985780e+06   1.6052246e+01
   3.8242130e+06   1.6418457e+01
   3.8384610e+06   1.5380859e+01
   3.8604230e+06   1.5136719e+01
   3.8916660e+06   1.5380859e+01
   3.9154560e+06   1.7211914e+01
   3.9448170e+06   1.5563965e+01
   3.9521100e+06   1.8920898e+01
   3.9521500e+06   1.5747070e+01
   3.9894220e+06   1.5502930e+01
   4.0133230e+06   1.5319824e+01
   4.0240400e+06   2.0446777e+01
   4.0327770e+06   1.6235352e+01
   4.0432380e+06   1.5197754e+01
   4.0493860e+06   2.4414062e+01
   4.0581280e+06   2.1423340e+01
   4.0627810e+06   1.6601562e+01
   4.1071230e+06   1.6357422e+01
   4.1157160e+06   2.4047852e+01
   4.1157770e+06   1.5197754e+01
   4.1158110e+06   1.6418457e+01
   4.1160660e+06   2.0690918e+01
   4.1162900e+06   2.1911621e+01
   4.1287810e+06   1.6113281e+01
   4.1686610e+06   1.8127441e+01
   4.1687300e+06   1.9958496e+01
   4.1687880e+06   1.5441895e+01
   4.1689270e+06   1.9470215e+01
   4.2044630e+06   1.6174316e+01
   4.2045570e+06   1.6845703e+01
   4.2483090e+06   2.2216797e+01
   4.2990290e+06   1.7089844e+01
   4.2990400e+06   1.8859863e+01
   4.3271520e+06   1.9287109e+01
   4.3271880e+06   1.8920898e+01
   4.3551710e+06   1.6235352e+01
   4.4236440e+06   1.9104004e+01
   4.4331380e+06   1.7089844e+01
   4.4422310e+06   2.2338867e+01
   4.4769470e+06   1.5197754e+01
   4.4774980e+06   1.7150879e+01
   4.4775550e+06   3.0456543e+01
   4.4785930e+06   2.0507812e+01
   4.4821460e+06   1.7517090e+01
   4.5437730e+06   1.7028809e+01
   4.5441520e+06   1.6113281e+01
   4.5575190e+06   1.5686035e+01
   4.5698420e+06   1.5319824e+01
   4.5806280e+06   1.8493652e+01
   4.6439710e+06   1.6784668e+01
   4.6440020e+06   2.0568848e+01
   4.6440380e+06   1.6296387e+01
   4.6443210e+06   2.4047852e+01
   4.6460170e+06   1.5686035e+01
   4.6460510e+06   2.4841309e+01
   4.6524280e+06   1.5930176e+01
   4.6649750e+06   1.9592285e+01
   4.6840090e+06   1.5136719e+01
   4.7055780e+06   1.5869141e+01
   4.7336360e+06   2.3498535e+01
   4.8396920e+06   1.5808105e+01
   4.8614180e+06   1.6784668e+01
   4.8791640e+06   2.0141602e+01
   4.8792140e+06   2.3559570e+01
   4.8792660e+06   2.0629883e+01
   4.8804500e+06   1.8249512e+01
   4.8883690e+06   1.7272949e+01
   4.8886410e+06   1.5319824e+01
   4.9208900e+06   1.5747070e+01
   4.9351760e+06   1.9531250e+01
   4.9352110e+06   1.5686035e+01
   4.9374360e+06   2.1423340e+01
   4.9374840e+06   2.0263672e+01
   4.9376490e+06   2.4475098e+01
   4.9593100e+06   2.0812988e+01
   4.9595420e+06   2.2155762e+01
   4.9595840e+06   1.6540527e+01
   4.9596410e+06   1.6540527e+01
   4.9605540e+06   1.7211914e+01
   4.9821240e+06   1.7517090e+01
   4.9993070e+06   1.6235352e+01
   5.0056230e+06   1.7700195e+01
   5.0060110e+06   2.3620605e+01
   5.0061210e+06   1.5258789e+01
   5.0632380e+06   1.5380859e+01
   5.0758890e+06   1.7578125e+01
   5.0775340e+06   1.5075684e+01
   5.0896720e+06   1.5319824e+01
   5.1118100e+06   1.5319824e+01
   5.1127540e+06   1.6174316e+01
   5.1447300e+06   1.6601563e+01
   5.1447720e+06   1.5441895e+01
   5.1447850e+06   1.5380859e+01
   5.1598820e+06   1.5869141e+01
   5.1769180e+06   1.5441895e+01
   5.1894560e+06   1.7211914e+01
   5.1894900e+06   1.5197754e+01
   5.1900080e+06   1.7517090e+01
   5.2135020e+06   1.6418457e+01
   5.2152940e+06   1.7272949e+01
   5.2193510e+06   1.6296387e+01
   5.2193770e+06   1.9897461e+01
   5.2519570e+06   1.5136719e+01
   5.2824700e+06   1.7272949e+01
   5.3068000e+06   1.5625000e+01
   5.3082280e+06   2.3132324e+01
   5.3238510e+06   1.6601562e+01
   5.3241880e+06   1.6967773e+01
   5.3887420e+06   1.5075684e+01
   5.3893710e+06   1.5502930e+01
   5.4116640e+06   1.5441895e+01
   5.4125480e+06   1.6418457e+01
   5.5144470e+06   1.5686035e+01
   5.5444250e+06   1.8188477e+01
   5.5445870e+06   1.5502930e+01
   5.5581520e+06   2.0324707e+01
   5.5582230e+06   1.7150879e+01
   5.5585520e+06   1.7333984e+01
   5.5743110e+06   1.7089844e+01
   5.5958650e+06   1.7456055e+01
   5.6849600e+06   1.5197754e+01
   5.7256710e+06   1.5319824e+01
   5.7473800e+06   2.1423340e+01
   5.7682920e+06   1.9104004e+01
   5.7911110e+06   1.5319824e+01
   5.7913130e+06   1.5625000e+01
   5.8217100e+06   1.5747070e+01
   5.8560340e+06   1.7150879e+01
   5.8789010e+06   2.2216797e+01
   5.8952220e+06   1.5930176e+01
   5.8954650e+06   1.6845703e+01
   5.8976210e+06   1.8920898e+01
   5.9023970e+06   2.1545410e+01
   5.9175380e+06   1.8981934e+01
   5.9517090e+06   1.6479492e+01
   5.9518510e+06   1.5258789e+01
   5.9576360e+06   1.7211914e+01
   5.9697090e+06   1.6662598e+01
