   5.9990000e+06   0.0000000e+00
   5.9920000e+03   1.5563965e+01
   6.6557000e+04   1.8676758e+01
   1.0731800e+05   1.7517090e+01
   1.1031000e+05   1.4709473e+01
   1.1037600e+05   1.6662598e+01
   1.2303000e+05   1.8798828e+01
   1.5391600e+05   1.7211914e+01
   1.6741700e+05   2.0080566e+01
   1.6746400e+05   1.7761230e+01
   1.9953500e+05   1.8066406e+01
   2.2401900e+05   1.5686035e+01
   2.3897500e+05   1.6662598e+01
   2.8890900e+05   1.7150879e+01
   3.1755200e+05   1.7028809e+01
   3.3546900e+05   2.0568848e+01
   3.3555200e+05   1.9714355e+01
   3.3558900e+05   1.6662598e+01
   3.6288200e+05   1.6296387e+01
   3.7460700e+05   1.7761230e+01
   3.7468200e+05   2.0080566e+01
   3.7481400e+05   1.5930176e+01
   3.9095800e+05   2.0507813e+01
   4.4120200e+05   2.1362305e+01
   4.4681100e+05   2.0446777e+01
   5.1202900e+05   1.9714355e+01
   5.1921000e+05   1.8066406e+01
   5.3962400e+05   2.0629883e+01
   6.1776200e+05   1.9714355e+01
   6.2435700e+05   1.7089844e+01
   6.2806200e+05   1.8127441e+01
   6.2828600e+05   1.7150879e+01
   6.2832900e+05   1.5380859e+01
   6.2863100e+05   1.5563965e+01
   6.2936400e+05   1.6784668e+01
   8.7530800e+05   1.5625000e+01
   8.8528500e+05   1.5869141e+01
   8.8548300e+05   1.5808105e+01
   9.0362000e+05   1.7211914e+01
   9.2831800e+05   1.7822266e+01
   9.3705400e+05   1.6967773e+01
   9.4469000e+05   1.5991211e+01
   9.4709900e+05   1.8005371e+01
   9.4713700e+05   1.7089844e+01
   9.8837600e+05   2.1362305e+01
   9.8847000e+05   1.5991211e+01
   9.8885900e+05   1.5258789e+01
   9.9348600e+05   1.6784668e+01
   1.0027100e+06   1.6967773e+01
   1.0027630e+06   1.7944336e+01
   1.0226310e+06   1.4892578e+01
   1.0227050e+06   1.8615723e+01
   1.0318450e+06   1.4892578e+01
   1.0318850e+06   1.8249512e+01
   1.0319960e+06   2.0812988e+01
   1.0755380e+06   1.5625000e+01
   1.0756620e+06   1.6479492e+01
   1.0927570e+06   2.0629883e+01
   1.0997840e+06   1.5686035e+01
   1.1307860e+06   1.7639160e+01
   1.1907900e+06   1.8615723e+01
   1.2139290e+06   1.5625000e+01
   1.2238550e+06   1.7150879e+01
   1.3428680e+06   2.2949219e+01
   1.3685230e+06   1.7639160e+01
   1.4587530e+06   1.7944336e+01
   1.4884740e+06   1.4953613e+01
   1.7655390e+06   1.8676758e+01
   1.7655850e+06   1.6845703e+01
   1.7657000e+06   1.9226074e+01
   1.7679250e+06   1.5380859e+01
   1.7682030e+06   2.4291992e+01
   1.7682300e+06   1.9104004e+01
   1.7682490e+06   2.2766113e+01
   1.7682990e+06   1.5014648e+01
   1.7683460e+06   3.7780762e+01
   1.7827260e+06   2.0385742e+01
   1.7829130e+06   1.7761230e+01
   1.7829490e+06   1.5563965e+01
   1.7834020e+06   2.3254395e+01
   1.7837370e+06   1.7089844e+01
   1.8193950e+06   1.5747070e+01
   1.8194370e+06   1.7395020e+01
   1.8194730e+06   1.6845703e+01
   1.8426140e+06   1.6967773e+01
   1.8427100e+06   1.6052246e+01
   1.8571050e+06   1.4648438e+01
   1.8573650e+06   1.8066406e+01
   1.8791430e+06   1.9226074e+01
   1.8792220e+06   1.9104004e+01
   1.8792630e+06   1.8249512e+01
   1.8795010e+06   1.6357422e+01
   1.8798880e+06   1.7944336e+01
   1.8800380e+06   1.5014648e+01
   1.8800930e+06   1.7272949e+01
   1.8801500e+06   1.5075684e+01
   1.8803160e+06   1.5075684e+01
   1.8803790e+06   1.6357422e+01
   1.8804370e+06   1.6784668e+01
   1.8805040e+06   1.4953613e+01
   1.8807230e+06   1.6662598e+01
   1.8808060e+06   1.5380859e+01
   1.8808780e+06   1.5747070e+01
   1.8809560e+06   1.4831543e+01
   1.8810370e+06   1.4892578e+01
   1.8811050e+06   1.5258789e+01
   1.8812480e+06   1.9287109e+01
   1.8813350e+06   1.5747070e+01
   1.8816080e+06   1.6967773e+01
   1.8816940e+06   1.5136719e+01
   1.9056720e+06   1.5502930e+01
   1.9057460e+06   1.6357422e+01
   1.9085160e+06   1.6906738e+01
   1.9378410e+06   1.9470215e+01
   2.0311310e+06   1.5319824e+01
   2.0311880e+06   1.5258789e+01
   2.0312630e+06   1.7761230e+01
   2.0487940e+06   1.5441895e+01
   2.0489410e+06   1.8798828e+01
   2.1983310e+06   1.4831543e+01
   2.2657480e+06   1.9897461e+01
   2.2798890e+06   1.7700195e+01
   2.3738170e+06   1.5930176e+01
   2.3738750e+06   2.0263672e+01
   2.4388100e+06   2.1545410e+01
   2.4697170e+06   1.6601562e+01
   2.6708720e+06   1.7822266e+01
   2.6709800e+06   2.2033691e+01
   2.6723410e+06   1.4831543e+01
   2.7477180e+06   1.4770508e+01
   2.9391390e+06   2.0629883e+01
   2.9779500e+06   1.8859863e+01
   2.9781840e+06   1.7211914e+01
   2.9782320e+06   1.6052246e+01
   3.0032750e+06   1.6662598e+01
   3.0429400e+06   1.7028809e+01
   3.1281080e+06   2.0996094e+01
   3.1417820e+06   1.6784668e+01
   3.1425710e+06   1.5502930e+01
   3.1438540e+06   1.5319824e+01
   3.1522310e+06   1.5197754e+01
   3.2730070e+06   1.6357422e+01
   3.2730540e+06   1.6967773e+01
   3.3096060e+06   1.7333984e+01
   3.3096410e+06   2.0385742e+01
   3.4181540e+06   1.4648438e+01
   3.4417870e+06   1.8554688e+01
   3.5937660e+06   1.5869141e+01
   3.6716270e+06   1.9531250e+01
   3.6716820e+06   1.5197754e+01
   3.6926470e+06   1.8371582e+01
   3.8385580e+06   1.5869141e+01
   3.8495720e+06   1.6662598e+01
   3.8498710e+06   1.5563965e+01
   3.8499400e+06   1.8005371e+01
   3.8957320e+06   1.5380859e+01
   3.9519550e+06   1.6052246e+01
   3.9565180e+06   1.9226074e+01
   3.9565700e+06   2.0385742e+01
   3.9579200e+06   1.8249512e+01
   3.9580500e+06   1.5380859e+01
   3.9580970e+06   1.4587402e+01
   3.9581940e+06   1.5747070e+01
   3.9582620e+06   1.5747070e+01
   3.9583860e+06   1.4892578e+01
   3.9584400e+06   1.6418457e+01
   3.9584930e+06   1.6784668e+01
   3.9585520e+06   1.7456055e+01
   3.9587220e+06   1.5930176e+01
   3.9587900e+06   1.6235352e+01
   3.9588500e+06   1.5930176e+01
   3.9590850e+06   1.6906738e+01
   3.9592160e+06   1.6662598e+01
   3.9598350e+06   1.4770508e+01
   3.9599380e+06   1.6784668e+01
   3.9603080e+06   1.7639160e+01
   3.9604020e+06   1.4892578e+01
   4.0328360e+06   1.5808105e+01
   4.0431760e+06   2.0507813e+01
   4.0499740e+06   1.4709473e+01
   4.0866460e+06   1.4770508e+01
   4.0868730e+06   1.6845703e+01
   4.1032230e+06   1.8798828e+01
   4.1926590e+06   1.5869141e+01
   4.2117990e+06   1.7333984e+01
   4.2119740e+06   1.9653320e+01
   4.2120230e+06   1.9897461e+01
   4.3680660e+06   1.4709473e+01
   4.3818100e+06   1.4648437e+01
   4.4250850e+06   1.6967773e+01
   4.4251250e+06   1.7822266e+01
   4.4251690e+06   1.6967773e+01
   4.4528560e+06   1.6784668e+01
   4.6899280e+06   1.9653320e+01
   4.6900440e+06   1.5747070e+01
   4.7041190e+06   2.0812988e+01
   4.8007720e+06   1.5930176e+01
   4.8547020e+06   1.6784668e+01
   4.8547790e+06   1.5563965e+01
   4.8622030e+06   1.8371582e+01
   4.9625570e+06   1.8676758e+01
   5.1851210e+06   1.7944336e+01
   5.1851790e+06   1.9348145e+01
   5.1852200e+06   1.9470215e+01
   5.3219750e+06   1.6906738e+01
   5.3220280e+06   2.0629883e+01
   5.3225500e+06   1.7883301e+01
   5.3328510e+06   1.6662598e+01
   5.3333530e+06   1.8798828e+01
   5.3333890e+06   1.9714355e+01
   5.3335270e+06   1.6479492e+01
   5.3336260e+06   1.8554688e+01
   5.3337140e+06   1.9226074e+01
   5.3337560e+06   1.4892578e+01
   5.3340520e+06   1.4648437e+01
   5.3341240e+06   1.5197754e+01
   5.3342440e+06   2.1606445e+01
   5.3343060e+06   1.6113281e+01
   5.3345950e+06   1.4648437e+01
   5.3346690e+06   1.6113281e+01
   5.3347780e+06   1.8554688e+01
   5.3351160e+06   1.5991211e+01
   5.3355040e+06   1.5380859e+01
   5.3355920e+06   1.6235352e+01
   5.3436060e+06   1.5563965e+01
   5.3442580e+06   2.1179199e+01
   5.3443220e+06   1.4831543e+01
   5.3557210e+06   1.4892578e+01
   5.3561120e+06   1.9653320e+01
   5.3715120e+06   1.9470215e+01
   5.3722300e+06   1.9470215e+01
   5.3722770e+06   1.5197754e+01
   5.3723310e+06   1.6906738e+01
   5.3727040e+06   2.0263672e+01
   5.3729300e+06   1.4648437e+01
   5.3730400e+06   1.6235352e+01
   5.3891930e+06   1.9104004e+01
   5.3892580e+06   1.5991211e+01
   5.5406370e+06   1.6967773e+01
   5.5582450e+06   1.7028809e+01
   5.9865150e+06   1.8493652e+01
   5.9865550e+06   1.7761230e+01
   5.9865990e+06   2.0019531e+01
