   5.9990000e+06   0.0000000e+00
   2.1448200e+05   1.5075684e+01
   7.0060200e+05   1.4526367e+01
   8.1536400e+05   1.4465332e+01
   8.3642900e+05   1.5563965e+01
   1.0707450e+06   1.4648438e+01
   1.1474850e+06   1.4404297e+01
   1.1779950e+06   1.4526367e+01
   1.1888910e+06   1.5075684e+01
   1.1907090e+06   1.5869141e+01
   1.1909910e+06   1.4953613e+01
   1.2237850e+06   1.5258789e+01
   1.3795010e+06   1.6479492e+01
   1.4730760e+06   1.5014648e+01
   1.5483810e+06   1.4587402e+01
   1.5513710e+06   1.4404297e+01
   1.5595070e+06   1.4892578e+01
   1.6430330e+06   1.6418457e+01
   1.7264140e+06   1.4587402e+01
   1.7682190e+06   1.6418457e+01
   1.7683560e+06   1.7761230e+01
   1.7913830e+06   1.4404297e+01
   1.8541460e+06   1.4709473e+01
   1.8767800e+06   1.4831543e+01
   1.9674520e+06   1.5686035e+01
   2.0852960e+06   1.4648438e+01
   2.2010300e+06   1.4770508e+01
   2.4096770e+06   1.5930176e+01
   2.4224260e+06   1.4831543e+01
   2.4226190e+06   1.5747070e+01
   2.4310280e+06   1.5502930e+01
   2.4401090e+06   1.4587402e+01
   2.5296460e+06   1.5502930e+01
   2.5401810e+06   1.4709473e+01
   2.5402610e+06   1.4648438e+01
   2.5735720e+06   1.4465332e+01
   2.7026190e+06   1.5441895e+01
   2.7818630e+06   1.5014648e+01
   2.8571880e+06   1.4953613e+01
   2.9277920e+06   1.5380859e+01
   2.9755290e+06   1.6113281e+01
   2.9764780e+06   1.4404297e+01
   3.2366950e+06   1.7456055e+01
   3.4695420e+06   1.4648438e+01
   3.8134590e+06   1.5502930e+01
   3.8716570e+06   1.4465332e+01
   3.9033840e+06   1.6052246e+01
   4.3372310e+06   1.6845703e+01
   4.4519110e+06   1.7700195e+01
   4.4521830e+06   1.5075684e+01
   4.6757200e+06   1.4770508e+01
   4.6765300e+06   1.5075684e+01
   4.7905950e+06   1.5319824e+01
   4.8058050e+06   1.4892578e+01
   4.8870850e+06   1.4953613e+01
   4.8871800e+06   1.4709473e+01
   4.8881290e+06   1.4465332e+01
   4.8962930e+06   1.4526367e+01
   4.8970900e+06   1.4587402e+01
   5.5038400e+06   1.4709473e+01
   5.7340820e+06   1.5563965e+01
   5.9411750e+06   1.4587402e+01
   5.9446110e+06   1.4404297e+01
