   5.9990000e+06   0.0000000e+00
   7.4490000e+03   1.6174316e+01
   9.4184000e+04   1.9104004e+01
   9.4257000e+04   1.6357422e+01
   1.8179900e+05   1.5258789e+01
   2.4415500e+05   1.6052246e+01
   2.6384500e+05   1.7272949e+01
   2.7981700e+05   1.6662598e+01
   5.0267200e+05   1.5808105e+01
   5.6895500e+05   1.5563965e+01
   8.1537400e+05   1.5441895e+01
   8.3663500e+05   1.5502930e+01
   9.0021700e+05   1.5136719e+01
   9.0030500e+05   1.5197754e+01
   9.4790700e+05   1.6906738e+01
   1.0453330e+06   1.5197754e+01
   1.0530390e+06   1.6235352e+01
   1.0530740e+06   1.9470215e+01
   1.1475710e+06   1.6113281e+01
   1.1476110e+06   1.5136719e+01
   1.1907160e+06   1.8249512e+01
   1.1907830e+06   1.5808105e+01
   1.1908330e+06   1.5441895e+01
   1.2801560e+06   1.6479492e+01
   1.2865010e+06   1.8371582e+01
   1.3095980e+06   1.5869141e+01
   1.4622880e+06   1.6235352e+01
   1.4623850e+06   1.8798828e+01
   1.4730830e+06   1.8310547e+01
   1.6912530e+06   1.5808105e+01
   1.7373690e+06   1.5258789e+01
   1.7682180e+06   2.4719238e+01
   1.7682740e+06   1.7089844e+01
   1.7921720e+06   1.6296387e+01
   1.7945470e+06   1.5441895e+01
   2.0161910e+06   1.5686035e+01
   2.3565640e+06   1.5563965e+01
   2.4224710e+06   1.7089844e+01
   2.4399110e+06   1.5502930e+01
   2.8338190e+06   1.5075684e+01
   2.8501100e+06   1.6967773e+01
   3.2090630e+06   1.5197754e+01
   3.2911600e+06   1.5258789e+01
   3.4543560e+06   1.6418457e+01
   3.4799180e+06   1.5441895e+01
   3.7957950e+06   1.5869141e+01
   3.9319090e+06   1.6601562e+01
   4.0134460e+06   1.6296387e+01
   4.4459900e+06   1.5258789e+01
   4.7670070e+06   1.7028809e+01
   5.0387310e+06   1.6174316e+01
   5.1448880e+06   1.5136719e+01
   5.4474970e+06   1.5136719e+01
