   3.0000000e+06   0.0000000e+00
   1.1556000e+04   2.8442383e+01
   7.7930000e+04   2.1484375e+01
   7.8169000e+04   1.7944336e+01
   7.8584000e+04   1.6662598e+01
   7.8607000e+04   2.2705078e+01
   1.1564300e+05   1.7822266e+01
   1.1592000e+05   2.0019531e+01
   1.1615500e+05   2.3803711e+01
   1.1631600e+05   1.6540527e+01
   1.1650300e+05   1.7517090e+01
   1.1660100e+05   1.8432617e+01
   1.1675500e+05   1.7639160e+01
   1.1686100e+05   2.0568848e+01
   1.1706000e+05   1.9042969e+01
   1.1748800e+05   1.7944336e+01
   1.1796000e+05   1.6662598e+01
   1.1822400e+05   2.1667480e+01
   1.4578200e+05   1.8432617e+01
   1.4590600e+05   2.3498535e+01
   1.4630000e+05   2.2521973e+01
   1.4660100e+05   1.7883301e+01
   1.4688100e+05   2.6611328e+01
   1.4715700e+05   1.8920898e+01
   1.4748200e+05   1.8127441e+01
   2.0319800e+05   2.0935059e+01
   2.0343400e+05   2.2033691e+01
   2.4299700e+05   1.9470215e+01
   2.4353800e+05   2.1545410e+01
   2.4378600e+05   2.2949219e+01
   2.4395800e+05   1.8798828e+01
   2.4408800e+05   1.9775391e+01
   2.4426700e+05   1.9226074e+01
   2.4460100e+05   2.0324707e+01
   2.4487300e+05   1.7822266e+01
   2.4514300e+05   1.7883301e+01
   2.8315600e+05   2.0446777e+01
   2.8330900e+05   2.2888184e+01
   2.8342000e+05   1.7395020e+01
   2.8365300e+05   2.2094727e+01
   2.8393700e+05   1.8554688e+01
   2.8420400e+05   1.9592285e+01
   2.8463900e+05   2.1423340e+01
   2.8468700e+05   1.8920898e+01
   3.4301100e+05   2.6000977e+01
   3.4312800e+05   1.9897461e+01
   3.4314900e+05   1.6540527e+01
   3.4335700e+05   1.6601563e+01
   3.4338000e+05   2.0324707e+01
   3.4363900e+05   1.8798828e+01
   3.4413000e+05   2.3437500e+01
   3.4441700e+05   1.6723633e+01
   3.4461100e+05   1.7578125e+01
   3.4476500e+05   1.7578125e+01
   3.4501200e+05   2.0324707e+01
   3.7237300e+05   2.2277832e+01
   3.7256000e+05   2.0874023e+01
   3.7280400e+05   2.0385742e+01
   3.7328600e+05   2.0507813e+01
   3.7340600e+05   1.8554688e+01
   3.7370900e+05   1.8310547e+01
   3.7381600e+05   1.6845703e+01
   3.7391400e+05   2.0202637e+01
   3.7404100e+05   1.7944336e+01
   3.7422800e+05   1.8127441e+01
   3.7441800e+05   1.8249512e+01
   4.0876600e+05   2.2705078e+01
   4.0925500e+05   1.7211914e+01
   4.0966200e+05   1.9958496e+01
   4.0991900e+05   2.1911621e+01
   4.1037200e+05   2.2155762e+01
   4.1069800e+05   1.8005371e+01
   4.1094100e+05   1.7639160e+01
   4.1112100e+05   1.7883301e+01
   4.1125600e+05   1.6540527e+01
   4.1141900e+05   1.6784668e+01
   4.1189000e+05   1.8554688e+01
   4.3599300e+05   2.1911621e+01
   4.3695700e+05   1.9042969e+01
   4.3746400e+05   2.1667480e+01
   4.3779100e+05   2.2399902e+01
   4.3790500e+05   1.7639160e+01
   4.3823500e+05   1.8127441e+01
   4.3842500e+05   1.8371582e+01
   4.3869500e+05   1.8310547e+01
   4.6741300e+05   2.2277832e+01
   4.6758700e+05   2.0019531e+01
   4.6851200e+05   1.6906738e+01
   4.6876900e+05   1.8920898e+01
   4.9835000e+05   2.0568848e+01
   4.9861400e+05   1.8493652e+01
   5.0134200e+05   2.3742676e+01
   5.0154300e+05   2.0019531e+01
   5.0172200e+05   2.5451660e+01
   5.0174900e+05   1.9226074e+01
   5.0203000e+05   1.7211914e+01
   5.0239000e+05   1.9775391e+01
   5.0293900e+05   1.6845703e+01
   5.2799900e+05   1.6845703e+01
   5.2827400e+05   2.0751953e+01
   5.2848800e+05   2.3986816e+01
   5.2901500e+05   1.7883301e+01
   5.2936900e+05   1.6662598e+01
   5.2966100e+05   1.8249512e+01
   5.5506500e+05   1.7822266e+01
   5.5509200e+05   2.3986816e+01
   5.5559600e+05   1.8554688e+01
   5.7471600e+05   1.7028809e+01
   5.7506300e+05   1.9897461e+01
   5.7570600e+05   1.7761230e+01
   5.7586000e+05   1.9592285e+01
   5.7905000e+05   1.8859863e+01
   5.7967100e+05   1.7456055e+01
   6.0642300e+05   2.3376465e+01
   6.0732500e+05   2.1972656e+01
   6.2670300e+05   2.1606445e+01
   6.2710900e+05   1.8981934e+01
   6.4589700e+05   1.7089844e+01
   6.4635400e+05   2.5817871e+01
   6.6174100e+05   1.9836426e+01
   6.8395100e+05   2.1789551e+01
   6.8426000e+05   1.6784668e+01
   6.8457200e+05   1.7578125e+01
   6.8489500e+05   2.2216797e+01
   7.0289600e+05   1.8249512e+01
   7.0406800e+05   2.0935059e+01
   7.3200800e+05   1.9775391e+01
   7.5669800e+05   1.8493652e+01
   8.0050500e+05   2.5268555e+01
   8.5375800e+05   1.9958496e+01
   1.0423830e+06   1.6662598e+01
   1.0426410e+06   1.6601562e+01
   1.5890680e+06   1.9042969e+01
   1.7493510e+06   1.7883301e+01
   1.7494790e+06   1.7761230e+01
   1.7494930e+06   1.8066406e+01
   1.7495260e+06   1.8066406e+01
   1.7699670e+06   2.1057129e+01
   1.7699980e+06   1.9592285e+01
   1.7700510e+06   1.8981934e+01
   1.7700920e+06   1.8310547e+01
   1.7703280e+06   1.8798828e+01
   1.7707290e+06   2.0141602e+01
   1.7884680e+06   1.7089844e+01
   1.7888530e+06   1.7639160e+01
   1.8046670e+06   1.6540527e+01
   1.8047790e+06   1.7639160e+01
   1.8048660e+06   1.7272949e+01
   1.8048910e+06   1.6601562e+01
   1.8049250e+06   1.8249512e+01
   1.8049800e+06   1.9958496e+01
   1.8248700e+06   1.7822266e+01
   1.8249680e+06   1.8127441e+01
   1.8250250e+06   1.6906738e+01
   1.8250690e+06   1.6662598e+01
   1.8414630e+06   1.6784668e+01
   1.8415820e+06   1.6540527e+01
   1.8416490e+06   1.7700195e+01
   1.8558270e+06   1.8127441e+01
   1.8559080e+06   2.4719238e+01
   1.8559680e+06   1.7211914e+01
   1.8689010e+06   1.6723633e+01
   1.8689810e+06   2.0385742e+01
   1.8849940e+06   1.8188477e+01
   1.8850150e+06   2.1362305e+01
   1.8850790e+06   1.6601562e+01
   1.8851300e+06   1.8615723e+01
   1.9010540e+06   1.7761230e+01
   1.9011940e+06   1.9165039e+01
   1.9012920e+06   2.3071289e+01
   1.9013680e+06   1.8859863e+01
   1.9139300e+06   1.7211914e+01
   1.9268870e+06   1.7517090e+01
   1.9270350e+06   1.8249512e+01
   1.9454710e+06   1.7578125e+01
   1.9455030e+06   1.6540527e+01
   1.9455330e+06   1.8920898e+01
   1.9455640e+06   1.7517090e+01
   1.9456240e+06   1.7883301e+01
   1.9621610e+06   1.8005371e+01
   1.9832480e+06   1.7517090e+01
   1.9833860e+06   1.7822266e+01
   2.9601700e+06   1.7272949e+01
   2.9605410e+06   2.1606445e+01
