   3.0000000e+06   0.0000000e+00
   1.1827000e+04   1.8981934e+01
   7.7997000e+04   1.7395020e+01
   1.4595400e+05   1.9470215e+01
   1.4634800e+05   1.8310547e+01
   2.4311300e+05   1.7517090e+01
   2.4517500e+05   1.8615723e+01
   2.8310400e+05   1.8005371e+01
   2.8396300e+05   2.2766113e+01
   3.4309800e+05   1.9287109e+01
   3.4366700e+05   2.0690918e+01
   3.6405400e+05   1.7333984e+01
   3.7199000e+05   1.7761230e+01
   3.7389700e+05   1.8981934e+01
   4.0758100e+05   1.7333984e+01
   4.0787800e+05   2.1240234e+01
   4.0824300e+05   1.9409180e+01
   4.0910200e+05   1.9042969e+01
   4.3586100e+05   1.8127441e+01
   4.3774200e+05   1.9714355e+01
   4.6654500e+05   1.9104004e+01
   4.9722300e+05   1.8798828e+01
   5.2791200e+05   1.8371582e+01
   5.2859300e+05   1.8554688e+01
   5.5223800e+05   1.7517090e+01
   5.5509800e+05   1.8310547e+01
   5.5612900e+05   1.9714355e+01
   5.7835200e+05   1.9531250e+01
   6.0600700e+05   1.9653320e+01
   6.2323900e+05   1.7395020e+01
   6.2334200e+05   1.8066406e+01
   6.6166000e+05   1.9592285e+01
   6.6189900e+05   1.9104004e+01
   6.8368300e+05   1.8432617e+01
   7.0276600e+05   1.8249512e+01
   7.0443200e+05   1.8981934e+01
   7.0452500e+05   3.6193848e+01
   7.5654300e+05   1.8737793e+01
   8.5369500e+05   1.7883301e+01
   9.0883000e+05   1.8981934e+01
   9.8891100e+05   1.7944336e+01
   9.8925800e+05   1.8737793e+01
   9.8932300e+05   4.2663574e+01
   1.0096670e+06   1.8005371e+01
   1.0419630e+06   1.8005371e+01
   1.0618970e+06   2.1301270e+01
   1.0869790e+06   1.8310547e+01
   1.0870750e+06   1.8371582e+01
   1.1107940e+06   1.7639160e+01
   1.1131720e+06   1.8615723e+01
   1.1133190e+06   1.8005371e+01
   1.1135060e+06   2.5939941e+01
   1.1615850e+06   1.9958496e+01
   1.2237990e+06   1.8188477e+01
   1.2547470e+06   1.7211914e+01
   1.2549510e+06   4.3395996e+01
   1.2549630e+06   2.0324707e+01
   1.2550970e+06   3.0212402e+01
   1.2551090e+06   1.9714355e+01
   1.2551780e+06   1.8981934e+01
   1.2810860e+06   4.9316406e+01
   1.2811980e+06   4.6875000e+01
   1.2813340e+06   1.7578125e+01
   1.2813440e+06   2.2888184e+01
   1.2815470e+06   4.2175293e+01
   1.3073590e+06   1.7700195e+01
   1.3074840e+06   4.7363281e+01
   1.3075260e+06   1.9836426e+01
   1.3076020e+06   2.5207520e+01
   1.3076140e+06   1.9714355e+01
   1.3077300e+06   2.1911621e+01
   1.3078540e+06   4.6508789e+01
   1.3272500e+06   3.7963867e+01
   1.3273720e+06   4.5715332e+01
   1.3274730e+06   1.8981934e+01
   1.3274830e+06   2.2644043e+01
   1.3276210e+06   4.1809082e+01
   1.3278380e+06   1.8554688e+01
   1.3278500e+06   2.4414062e+01
   1.3422640e+06   4.2236328e+01
   1.3425200e+06   4.3090820e+01
   1.3496420e+06   2.5390625e+01
   1.3497740e+06   4.6569824e+01
   1.3499180e+06   1.8066406e+01
   1.3499280e+06   2.0507812e+01
   1.3606340e+06   1.8066406e+01
   1.3650750e+06   1.7211914e+01
   1.3651270e+06   3.0090332e+01
   1.3652680e+06   4.3884277e+01
   1.3652790e+06   1.8188477e+01
   1.3654340e+06   4.1931152e+01
   1.3724100e+06   1.7456055e+01
   1.3725550e+06   4.0649414e+01
   1.3800110e+06   4.0527344e+01
   1.3802000e+06   3.7109375e+01
   1.3876530e+06   2.0874023e+01
   1.3941300e+06   4.8522949e+01
   1.3990210e+06   4.4982910e+01
   1.4034850e+06   1.8005371e+01
   1.4071640e+06   2.1179199e+01
   1.4123150e+06   1.8188477e+01
   1.4212310e+06   2.0385742e+01
   1.4212710e+06   1.8615723e+01
   1.4262270e+06   3.8269043e+01
   1.4310340e+06   1.7822266e+01
   1.4361660e+06   1.9042969e+01
   1.4362560e+06   3.9550781e+01
   1.4417930e+06   1.8066406e+01
   1.4468190e+06   2.3620605e+01
   1.4468290e+06   1.7639160e+01
   1.4528420e+06   1.8554688e+01
   1.4529570e+06   4.3212891e+01
   1.4530460e+06   1.7272949e+01
   1.4654770e+06   2.1362305e+01
   1.4656500e+06   4.6081543e+01
   1.4729800e+06   1.7211914e+01
   1.4731090e+06   4.5410156e+01
   1.4808210e+06   4.2358398e+01
   1.4880910e+06   3.6865234e+01
   1.4959560e+06   4.2541504e+01
   1.4961490e+06   2.0690918e+01
   1.5037100e+06   2.3193359e+01
   1.5037200e+06   1.8188477e+01
   1.5109670e+06   3.4240723e+01
   1.5111950e+06   3.9733887e+01
   1.5112050e+06   2.0324707e+01
   1.5201230e+06   4.2663574e+01
   1.5202810e+06   2.3010254e+01
   1.5202930e+06   1.8493652e+01
   1.5290090e+06   3.8452148e+01
   1.5364220e+06   1.9775391e+01
   1.5364630e+06   3.6865234e+01
   1.5366040e+06   4.8522949e+01
   1.5452690e+06   4.1320801e+01
   1.5454990e+06   4.5166016e+01
   1.5537940e+06   4.0649414e+01
   1.5539280e+06   3.7170410e+01
   1.5617530e+06   1.7517090e+01
   1.5618200e+06   3.4851074e+01
   1.5619350e+06   2.0202637e+01
   1.5702190e+06   3.9794922e+01
   1.5702300e+06   2.8503418e+01
   1.5703140e+06   1.7395020e+01
   1.5703700e+06   4.4494629e+01
   1.5792250e+06   4.1320801e+01
   1.5794280e+06   4.6875000e+01
   1.5794380e+06   1.8188477e+01
   1.5891490e+06   3.7597656e+01
   1.5892700e+06   4.6508789e+01
   1.5998400e+06   1.7761230e+01
   1.5999640e+06   4.1809082e+01
   1.6001290e+06   2.0996094e+01
   1.6001390e+06   2.1911621e+01
   1.6096030e+06   1.7211914e+01
   1.6096460e+06   4.3945312e+01
   1.6098160e+06   1.8554688e+01
   1.6100580e+06   4.0893555e+01
   1.6196460e+06   4.2053223e+01
   1.6197810e+06   3.8879395e+01
   1.6197920e+06   2.2399902e+01
   1.6199530e+06   2.0446777e+01
   1.6199640e+06   1.7578125e+01
   1.6302840e+06   3.8269043e+01
   1.6304470e+06   2.0629883e+01
   1.6305880e+06   4.4494629e+01
   1.6404760e+06   4.0222168e+01
   1.6406160e+06   4.2419434e+01
   1.6408060e+06   4.3334961e+01
   1.6531130e+06   4.6020508e+01
   1.6532210e+06   4.2480469e+01
   1.6532550e+06   1.7395020e+01
   1.6533790e+06   4.9194336e+01
   1.6662780e+06   1.8859863e+01
   1.6663210e+06   3.9489746e+01
   1.6663440e+06   1.7578125e+01
   1.6664440e+06   4.4616699e+01
   1.6665810e+06   2.1423340e+01
   1.6665910e+06   3.0761719e+01
   1.6789510e+06   2.6855469e+01
   1.6790550e+06   2.1057129e+01
   1.6790680e+06   2.0751953e+01
   1.6791220e+06   3.3081055e+01
   1.6791760e+06   4.6569824e+01
   1.6793150e+06   4.0832520e+01
   1.6909380e+06   1.8920898e+01
   1.6910380e+06   3.5217285e+01
   1.6911280e+06   4.5471191e+01
   1.6911580e+06   1.7578125e+01
   1.6912170e+06   2.4230957e+01
   1.6912300e+06   1.9042969e+01
   1.6913520e+06   4.7607422e+01
   1.6915590e+06   4.5043945e+01
   1.7056250e+06   2.6916504e+01
   1.7056630e+06   3.9001465e+01
   1.7057100e+06   2.8564453e+01
   1.7057330e+06   3.7902832e+01
   1.7057570e+06   1.9592285e+01
   1.7058150e+06   4.9926758e+01
   1.7058260e+06   1.8249512e+01
   1.7059100e+06   4.2175293e+01
   1.7060610e+06   4.4738770e+01
   1.7060720e+06   2.1484375e+01
   1.7063060e+06   3.1799316e+01
   1.7193590e+06   2.0568848e+01
   1.7194240e+06   3.1738281e+01
   1.7194620e+06   3.8391113e+01
   1.7195070e+06   3.3142090e+01
   1.7195330e+06   3.8574219e+01
   1.7195830e+06   3.2714844e+01
   1.7195990e+06   3.6560059e+01
   1.7196340e+06   1.9775391e+01
   1.7196880e+06   4.6813965e+01
   1.7198120e+06   4.6020508e+01
   1.7198890e+06   3.0517578e+01
   1.7199710e+06   4.4006348e+01
   1.7200210e+06   2.1972656e+01
   1.7201290e+06   1.8066406e+01
   1.7201400e+06   2.4597168e+01
   1.7202030e+06   2.2827148e+01
   1.7331620e+06   2.9785156e+01
   1.7331740e+06   4.6997070e+01
   1.7332200e+06   2.3071289e+01
   1.7332460e+06   4.1137695e+01
   1.7332710e+06   2.0935059e+01
   1.7333120e+06   4.3029785e+01
   1.7333220e+06   2.4902344e+01
   1.7333620e+06   2.0141602e+01
   1.7334080e+06   3.0212402e+01
   1.7334330e+06   1.9470215e+01
   1.7335140e+06   1.9165039e+01
   1.7335270e+06   4.0466309e+01
   1.7335420e+06   1.8615723e+01
   1.7336460e+06   1.9226074e+01
   1.7336590e+06   4.0527344e+01
   1.7337770e+06   1.8066406e+01
   1.7337900e+06   2.2155762e+01
   1.7338020e+06   2.9418945e+01
   1.7338670e+06   2.0385742e+01
   1.7339830e+06   2.0568848e+01
   1.7493440e+06   2.7099609e+01
   1.7493880e+06   2.1423340e+01
   1.7493980e+06   2.3925781e+01
   1.7494310e+06   3.4912109e+01
   1.7494660e+06   4.0893555e+01
   1.7495050e+06   1.8737793e+01
   1.7495340e+06   3.6926270e+01
   1.7496260e+06   3.5827637e+01
   1.7496770e+06   1.8798828e+01
   1.7498040e+06   2.3437500e+01
   1.7499430e+06   1.8066406e+01
   1.7500730e+06   1.8432617e+01
   1.7501850e+06   2.0141602e+01
   1.7699480e+06   2.9968262e+01
   1.7699730e+06   1.7211914e+01
   1.7700170e+06   4.3518066e+01
   1.7700520e+06   1.8920898e+01
   1.7700740e+06   4.7973633e+01
   1.7700960e+06   2.6855469e+01
   1.7701330e+06   3.5827637e+01
   1.7701990e+06   3.1860352e+01
   1.7703140e+06   3.9428711e+01
   1.7704760e+06   3.9611816e+01
   1.7706540e+06   4.7180176e+01
   1.7883810e+06   2.9113770e+01
   1.7885360e+06   3.6499023e+01
   1.7885760e+06   1.7456055e+01
   1.7886300e+06   4.1137695e+01
   1.7886420e+06   3.3447266e+01
   1.7887020e+06   4.4372559e+01
   1.7887310e+06   2.4291992e+01
   1.7887750e+06   3.6071777e+01
   1.7888630e+06   4.1748047e+01
   1.7889610e+06   3.0822754e+01
   1.7892120e+06   4.2053223e+01
   1.8046730e+06   2.7587891e+01
   1.8048300e+06   2.2399902e+01
   1.8048840e+06   2.6245117e+01
   1.8049420e+06   1.8432617e+01
   1.8049720e+06   2.5329590e+01
   1.8050520e+06   2.4169922e+01
   1.8050750e+06   4.0893555e+01
   1.8051740e+06   5.4016113e+01
   1.8054790e+06   1.7333984e+01
   1.8054930e+06   1.9042969e+01
   1.8245690e+06   2.8381348e+01
   1.8248100e+06   2.4169922e+01
   1.8249540e+06   2.4902344e+01
   1.8249810e+06   1.7333984e+01
   1.8250280e+06   4.2175293e+01
   1.8250410e+06   2.3925781e+01
   1.8251110e+06   4.5593262e+01
   1.8251220e+06   1.9592285e+01
   1.8251870e+06   3.5400391e+01
   1.8251980e+06   1.7822266e+01
   1.8252640e+06   3.9672852e+01
   1.8254080e+06   1.9775391e+01
   1.8255730e+06   3.9550781e+01
   1.8415140e+06   2.2216797e+01
   1.8416430e+06   2.1667480e+01
   1.8417050e+06   2.1301270e+01
   1.8417420e+06   1.8493652e+01
   1.8417860e+06   4.3273926e+01
   1.8418670e+06   3.5095215e+01
   1.8419530e+06   3.3020020e+01
   1.8558890e+06   2.4414062e+01
   1.8559460e+06   2.0812988e+01
   1.8559600e+06   4.5715332e+01
   1.8559920e+06   2.4475098e+01
   1.8560460e+06   4.8889160e+01
   1.8561310e+06   3.8330078e+01
   1.8561680e+06   1.8981934e+01
   1.8563100e+06   1.7639160e+01
   1.8563200e+06   2.4291992e+01
   1.8688970e+06   2.2460937e+01
   1.8689870e+06   2.7832031e+01
   1.8689980e+06   2.3376465e+01
   1.8690550e+06   4.2480469e+01
   1.8690880e+06   2.1301270e+01
   1.8691270e+06   3.4240723e+01
   1.8691660e+06   2.4291992e+01
   1.8692140e+06   3.3447266e+01
   1.8693150e+06   4.3884277e+01
   1.8849610e+06   2.1972656e+01
   1.8849890e+06   1.8127441e+01
   1.8850530e+06   4.2907715e+01
   1.8850890e+06   2.5573730e+01
   1.8851390e+06   4.0283203e+01
   1.8852160e+06   3.9611816e+01
   1.8853080e+06   3.7048340e+01
   1.8854250e+06   4.5593262e+01
   1.8857150e+06   2.4108887e+01
   1.9010920e+06   2.5817871e+01
   1.9011820e+06   1.8005371e+01
   1.9012010e+06   4.2419434e+01
   1.9012340e+06   2.1240234e+01
   1.9012450e+06   2.1301270e+01
   1.9012700e+06   3.6315918e+01
   1.9013460e+06   4.3029785e+01
   1.9014340e+06   3.2531738e+01
   1.9015940e+06   2.2644043e+01
   1.9016040e+06   2.0019531e+01
   1.9138970e+06   2.0629883e+01
   1.9139250e+06   2.5573730e+01
   1.9140210e+06   4.0466309e+01
   1.9141210e+06   3.8513184e+01
   1.9142500e+06   4.5532227e+01
   1.9268820e+06   1.9714355e+01
   1.9269110e+06   1.8554688e+01
   1.9269560e+06   1.8310547e+01
   1.9270170e+06   2.3925781e+01
   1.9270470e+06   1.7395020e+01
   1.9271040e+06   2.2277832e+01
   1.9271290e+06   1.8676758e+01
   1.9271700e+06   1.8127441e+01
   1.9272120e+06   3.6743164e+01
   1.9272790e+06   1.7822266e+01
   1.9454600e+06   2.7526855e+01
   1.9455230e+06   1.8554688e+01
   1.9455990e+06   2.5268555e+01
   1.9456760e+06   4.2297363e+01
   1.9457500e+06   4.7790527e+01
   1.9457700e+06   1.7578125e+01
   1.9458830e+06   4.2480469e+01
   1.9461190e+06   1.9165039e+01
   1.9621160e+06   2.7709961e+01
   1.9622110e+06   1.7272949e+01
   1.9622270e+06   3.1982422e+01
   1.9623110e+06   1.9165039e+01
   1.9623300e+06   4.5715332e+01
   1.9624620e+06   4.9316406e+01
   1.9624730e+06   2.1667480e+01
   1.9829660e+06   1.7944336e+01
   1.9831640e+06   2.1545410e+01
   1.9832030e+06   1.9348145e+01
   1.9832880e+06   2.0385742e+01
   1.9833570e+06   3.6926270e+01
   1.9834050e+06   2.2094727e+01
   1.9834460e+06   4.3273926e+01
   1.9835230e+06   1.7272949e+01
   1.9835390e+06   2.5695801e+01
   1.9836150e+06   1.9042969e+01
   2.8018970e+06   1.8371582e+01
   2.8020610e+06   1.7700195e+01
   2.9602490e+06   1.9287109e+01
   2.9603280e+06   1.7761230e+01
   2.9609510e+06   1.7639160e+01
