   3.0000000e+06   0.0000000e+00
   7.0900000e+02   4.5349121e+01
   2.3970000e+03   4.2114258e+01
   4.6280000e+03   4.7851562e+01
   5.7650000e+03   4.7485352e+01
   7.6460000e+03   4.3029785e+01
   1.1859000e+04   4.6508789e+01
   1.3809000e+04   4.8828125e+01
   1.5397000e+04   4.9316406e+01
   1.6783000e+04   4.4982910e+01
   1.8553000e+04   4.8034668e+01
   2.0958000e+04   3.7414551e+01
   2.3241000e+04   4.5776367e+01
   2.4752000e+04   2.3925781e+01
   2.6619000e+04   4.9499512e+01
   2.8908000e+04   4.6386719e+01
   3.1627000e+04   5.0537109e+01
   3.3108000e+04   4.5959473e+01
   3.5530000e+04   4.8400879e+01
   3.7562000e+04   4.8767090e+01
   4.0351000e+04   4.3151855e+01
   4.2091000e+04   4.6569824e+01
   4.4182000e+04   5.0354004e+01
   4.5683000e+04   4.1198730e+01
   4.7244000e+04   4.1687012e+01
   4.9397000e+04   4.9743652e+01
   5.1801000e+04   4.3273926e+01
   5.3511000e+04   4.9255371e+01
   5.4979000e+04   3.8696289e+01
   5.7029000e+04   4.8461914e+01
   5.9197000e+04   4.7973633e+01
   6.1107000e+04   4.8278809e+01
   6.3474000e+04   4.6936035e+01
   6.5463000e+04   4.1381836e+01
   6.7206000e+04   4.9499512e+01
   6.9084000e+04   4.1076660e+01
   7.2411000e+04   4.3701172e+01
   7.7396000e+04   4.6997070e+01
   7.9492000e+04   5.1391602e+01
   8.1063000e+04   5.0170898e+01
   8.3556000e+04   4.6142578e+01
   8.5154000e+04   4.9743652e+01
   8.7973000e+04   4.9804688e+01
   9.1276000e+04   4.7790527e+01
   9.4114000e+04   4.7790527e+01
   9.7108000e+04   4.7424316e+01
   9.8880000e+04   4.7851562e+01
   1.0092700e+05   4.6203613e+01
   1.0283700e+05   4.1137695e+01
   1.0500600e+05   4.9987793e+01
   1.0701400e+05   4.5349121e+01
   1.1057000e+05   4.9926758e+01
   1.1221600e+05   4.6203613e+01
   1.1300800e+05   4.8828125e+01
   1.1843900e+05   4.1992188e+01
   1.2066600e+05   4.9316406e+01
   1.2319800e+05   5.0109863e+01
   1.2536700e+05   4.3640137e+01
   1.2765300e+05   4.7607422e+01
   1.2993000e+05   4.2175293e+01
   1.3188100e+05   4.5776367e+01
   1.3341800e+05   4.5043945e+01
   1.3601300e+05   4.7607422e+01
   1.3879400e+05   4.6508789e+01
   1.4044100e+05   4.4799805e+01
   1.4247700e+05   4.2846680e+01
   1.4625700e+05   4.6630859e+01
   1.4889100e+05   4.6813965e+01
   1.5116400e+05   4.5043945e+01
   1.5382400e+05   4.4860840e+01
   1.5702600e+05   4.7363281e+01
   1.5899900e+05   3.8574219e+01
   1.6112800e+05   4.6447754e+01
   1.6327000e+05   4.5043945e+01
   1.6627400e+05   4.5471191e+01
   1.6775800e+05   4.6752930e+01
   1.7102300e+05   4.8645020e+01
   1.7408700e+05   4.4433594e+01
   1.7646700e+05   4.9499512e+01
   1.7987500e+05   4.1931152e+01
   1.8118800e+05   4.4616699e+01
   1.8363400e+05   4.2846680e+01
   1.8598900e+05   4.9621582e+01
   1.8796100e+05   4.9011230e+01
   1.9071100e+05   2.3193359e+01
   1.9240000e+05   4.4677734e+01
   1.9476700e+05   4.1442871e+01
   1.9701900e+05   4.3151855e+01
   1.9942200e+05   4.7485352e+01
   2.0439100e+05   4.5898438e+01
   2.0650000e+05   4.7851562e+01
   2.0931400e+05   4.4738770e+01
   2.1406900e+05   5.0476074e+01
   2.1825700e+05   5.1025391e+01
   2.2078400e+05   4.7058105e+01
   2.2236900e+05   4.5837402e+01
   2.2886400e+05   4.6264648e+01
   2.2951300e+05   4.7607422e+01
   2.3225000e+05   4.7546387e+01
   2.3562400e+05   4.2175293e+01
   2.3879600e+05   4.5471191e+01
   2.4317000e+05   4.8889160e+01
   2.4689300e+05   5.0048828e+01
   2.5115400e+05   4.9377441e+01
   2.5254200e+05   4.4982910e+01
   2.5590800e+05   4.8034668e+01
   2.5826100e+05   4.8461914e+01
   2.6045500e+05   4.1625977e+01
   2.6330200e+05   4.3457031e+01
   2.6468000e+05   4.2358398e+01
   2.6766500e+05   4.2907715e+01
   2.7040500e+05   4.7485352e+01
   2.7286800e+05   4.6447754e+01
   2.7569100e+05   4.6020508e+01
   2.7814700e+05   4.8278809e+01
   2.8400300e+05   4.8828125e+01
   2.8493400e+05   4.9621582e+01
   2.8822100e+05   4.5532227e+01
   2.9045000e+05   4.8339844e+01
   2.9139200e+05   4.6875000e+01
   2.9373000e+05   5.2429199e+01
   2.9519300e+05   4.4311523e+01
   2.9926900e+05   4.4250488e+01
   3.0179800e+05   4.7790527e+01
   3.0399900e+05   4.8645020e+01
   3.0639500e+05   4.9987793e+01
   3.0984100e+05   4.9621582e+01
   3.1179800e+05   5.0842285e+01
   3.1491000e+05   4.6875000e+01
   3.1928200e+05   4.4982910e+01
   3.2212400e+05   4.6264648e+01
   3.2490300e+05   4.1259766e+01
   3.2662900e+05   4.8645020e+01
   3.2928900e+05   4.6813965e+01
   3.3232700e+05   4.7607422e+01
   3.3426700e+05   4.4738770e+01
   3.3609100e+05   4.3518066e+01
   3.3880000e+05   4.5654297e+01
   3.4261700e+05   4.1503906e+01
   3.4667400e+05   4.6813965e+01
   3.5390600e+05   4.8095703e+01
   3.5629200e+05   4.1748047e+01
   3.5852000e+05   4.2541504e+01
   3.6297500e+05   4.6569824e+01
   3.6624700e+05   5.0781250e+01
   3.7056200e+05   3.9062500e+01
   3.7131300e+05   4.9804688e+01
   3.7681300e+05   4.6081543e+01
   3.7919900e+05   5.0903320e+01
   3.8320800e+05   4.6264648e+01
   3.8618900e+05   4.6447754e+01
   3.9050700e+05   4.8522949e+01
   3.9469900e+05   4.3579102e+01
   3.9879300e+05   4.6264648e+01
   4.0071500e+05   4.2724609e+01
   4.0332700e+05   4.1198730e+01
   4.0557400e+05   4.3945313e+01
   4.0726500e+05   4.4433594e+01
   4.0995400e+05   2.1667480e+01
   4.1265700e+05   4.5043945e+01
   4.1907800e+05   4.5349121e+01
   4.2271900e+05   4.5471191e+01
   4.2471900e+05   4.7607422e+01
   4.2793200e+05   4.2602539e+01
   4.3055800e+05   4.6936035e+01
   4.3251900e+05   4.5898438e+01
   4.3679500e+05   4.7363281e+01
   4.4054400e+05   4.3945312e+01
   4.4385500e+05   4.8156738e+01
   4.4689100e+05   4.8339844e+01
   4.4920400e+05   4.4433594e+01
   4.5234700e+05   4.0039063e+01
   4.5451700e+05   4.7119141e+01
   4.5621700e+05   4.6630859e+01
   4.5756700e+05   4.7241211e+01
   4.6074700e+05   4.3762207e+01
   4.6288600e+05   4.6691895e+01
   4.7122200e+05   4.3090820e+01
   4.7484200e+05   4.4006348e+01
   4.7821700e+05   4.8828125e+01
   4.8143000e+05   4.3640137e+01
   4.8454100e+05   4.2236328e+01
   4.8761100e+05   4.7912598e+01
   4.8999700e+05   4.8034668e+01
   4.9198200e+05   4.6691895e+01
   4.9375400e+05   4.8095703e+01
   4.9818900e+05   4.5410156e+01
   5.0738700e+05   4.6752930e+01
   5.1191800e+05   4.7485352e+01
   5.1558700e+05   4.5043945e+01
   5.1900300e+05   4.7302246e+01
   5.2357800e+05   4.5349121e+01
   5.2612800e+05   1.8371582e+01
   5.3435600e+05   4.6081543e+01
   5.3856600e+05   4.5227051e+01
   5.4024400e+05   4.6630859e+01
   5.4333500e+05   4.1809082e+01
   5.4816900e+05   4.4921875e+01
   5.5101300e+05   4.5898438e+01
   5.5360000e+05   4.5288086e+01
   5.6075600e+05   3.9245605e+01
   5.6443300e+05   4.0954590e+01
   5.6706100e+05   4.6691895e+01
   5.6994700e+05   4.4494629e+01
   5.7850800e+05   4.5593262e+01
   5.8044200e+05   4.7912598e+01
   5.8085900e+05   4.6264648e+01
   5.8095900e+05   4.8034668e+01
   5.8584600e+05   4.3151855e+01
   5.8788200e+05   4.6142578e+01
   5.9164100e+05   4.5898438e+01
   5.9481700e+05   4.4799805e+01
   5.9707500e+05   4.6203613e+01
   5.9994700e+05   4.2236328e+01
   6.0258200e+05   4.2175293e+01
   6.0376900e+05   4.5410156e+01
   6.0527600e+05   5.1025391e+01
   6.1019500e+05   4.1931152e+01
   6.1299400e+05   4.4006348e+01
   6.1622400e+05   4.5715332e+01
   6.1893100e+05   4.3945312e+01
   6.2203500e+05   4.7790527e+01
   6.2440000e+05   4.5227051e+01
   6.3224500e+05   4.0466309e+01
   6.3915100e+05   4.3823242e+01
   6.4270400e+05   4.6325684e+01
   6.4737700e+05   4.2236328e+01
   6.5092700e+05   4.9804688e+01
   6.5390500e+05   4.4982910e+01
   6.5624700e+05   4.9316406e+01
   6.6479500e+05   4.4616699e+01
   6.7110400e+05   4.4677734e+01
   6.7357000e+05   5.0170898e+01
   6.7515400e+05   4.5471191e+01
   6.7970200e+05   4.8278809e+01
   6.9342200e+05   4.3334961e+01
   6.9824600e+05   4.7119141e+01
   7.0145600e+05   4.7790527e+01
   7.0459400e+05   4.3334961e+01
   7.1139700e+05   4.5532227e+01
   7.1436200e+05   4.6325684e+01
   7.1681100e+05   4.5593262e+01
   7.1904800e+05   4.1198730e+01
   7.2442500e+05   4.6997070e+01
   7.2747500e+05   5.1574707e+01
   7.3052300e+05   4.3823242e+01
   7.3252100e+05   4.5837402e+01
   7.4025100e+05   4.9011230e+01
   7.4363800e+05   4.5227051e+01
   7.4622700e+05   4.5593262e+01
   7.4887800e+05   4.7729492e+01
   7.5063900e+05   4.7851562e+01
   7.5436500e+05   4.4616699e+01
   7.6915000e+05   4.0405273e+01
   7.7199700e+05   4.9194336e+01
   7.7204900e+05   4.6875000e+01
   7.7548300e+05   4.9316406e+01
   7.8165900e+05   4.3395996e+01
   7.8418400e+05   4.9194336e+01
   7.8667100e+05   3.8818359e+01
   7.8788000e+05   4.7546387e+01
   7.9052000e+05   4.4372559e+01
   7.9307300e+05   5.0292969e+01
   7.9554900e+05   4.5837402e+01
   8.0527300e+05   4.7851562e+01
   8.2943400e+05   4.6936035e+01
   8.4184000e+05   4.3518066e+01
   8.4503600e+05   4.4372559e+01
   8.4795700e+05   4.0100098e+01
   8.6033000e+05   4.6813965e+01
   8.6563900e+05   4.2419434e+01
   8.6985300e+05   4.3518066e+01
   8.7154000e+05   4.4067383e+01
   8.7635900e+05   4.7973633e+01
   8.8169200e+05   4.3945312e+01
   8.8739600e+05   4.6386719e+01
   8.9195300e+05   4.8461914e+01
   8.9756400e+05   4.3395996e+01
   9.0476900e+05   4.4128418e+01
   9.0831300e+05   4.5410156e+01
   9.3017300e+05   4.4067383e+01
   9.3392000e+05   4.6508789e+01
   9.4070500e+05   4.7058105e+01
   9.4450900e+05   4.4616699e+01
   9.5045600e+05   4.7668457e+01
   9.5721600e+05   4.2114258e+01
   9.6006600e+05   4.8400879e+01
   9.6351200e+05   2.7954102e+01
   9.6601200e+05   4.4982910e+01
   9.6987700e+05   4.7607422e+01
   9.7921200e+05   4.6020508e+01
   9.8521700e+05   4.7241211e+01
   1.0350140e+06   4.4982910e+01
   1.0424890e+06   4.7485352e+01
   1.0505400e+06   4.5898438e+01
   1.0596360e+06   4.3457031e+01
   1.0699870e+06   4.6325684e+01
   1.0763440e+06   4.5776367e+01
   1.0799940e+06   4.9926758e+01
   1.0845440e+06   4.6264648e+01
   1.1018420e+06   4.6691895e+01
   1.1061980e+06   4.4189453e+01
   1.1091170e+06   4.5043945e+01
   1.1131750e+06   1.7822266e+01
   1.1133820e+06   2.0812988e+01
   1.1134340e+06   2.8259277e+01
   1.1135850e+06   4.9011230e+01
   1.1265140e+06   4.5837402e+01
   1.1654670e+06   4.6386719e+01
   1.1719900e+06   4.8706055e+01
   1.1802130e+06   4.3334961e+01
   1.1845750e+06   2.4414062e+01
   1.1901110e+06   4.3151855e+01
   1.2060610e+06   4.7119141e+01
   1.2107680e+06   4.5715332e+01
   1.2130170e+06   4.7851562e+01
   1.2550620e+06   2.0263672e+01
   1.2551080e+06   4.5593262e+01
   1.2551240e+06   1.9287109e+01
   1.2552750e+06   4.4982910e+01
   1.2810700e+06   1.8493652e+01
   1.2811500e+06   4.7302246e+01
   1.2812350e+06   4.5959473e+01
   1.2813330e+06   4.8156738e+01
   1.2813830e+06   4.2541504e+01
   1.2815690e+06   4.3945312e+01
   1.3021380e+06   4.7058105e+01
   1.3074590e+06   4.6813965e+01
   1.3076160e+06   5.3894043e+01
   1.3076780e+06   5.0109863e+01
   1.3077330e+06   4.4372559e+01
   1.3077850e+06   4.6997070e+01
   1.3078050e+06   2.1789551e+01
   1.3078490e+06   4.3334961e+01
   1.3227350e+06   4.8767090e+01
   1.3271140e+06   5.0354004e+01
   1.3271780e+06   4.4616699e+01
   1.3273230e+06   4.6203613e+01
   1.3273670e+06   4.1381836e+01
   1.3274020e+06   4.4250488e+01
   1.3274780e+06   5.2490234e+01
   1.3275770e+06   4.1381836e+01
   1.3375190e+06   4.4555664e+01
   1.3396410e+06   4.7912598e+01
   1.3418740e+06   4.3518066e+01
   1.3419460e+06   4.3823242e+01
   1.3424000e+06   4.3762207e+01
   1.3424970e+06   4.0527344e+01
   1.3476720e+06   4.5776367e+01
   1.3495130e+06   4.5166016e+01
   1.3496720e+06   4.1442871e+01
   1.3497200e+06   5.1696777e+01
   1.3498000e+06   4.1381836e+01
   1.3498780e+06   4.7485352e+01
   1.3606590e+06   4.9255371e+01
   1.3648780e+06   5.0354004e+01
   1.3649650e+06   4.9560547e+01
   1.3651500e+06   5.2307129e+01
   1.3652440e+06   4.9804688e+01
   1.3653830e+06   4.2358398e+01
   1.3722960e+06   4.3334961e+01
   1.3725500e+06   3.8696289e+01
   1.3774460e+06   4.4494629e+01
   1.3798240e+06   5.1025391e+01
   1.3800080e+06   4.3823242e+01
   1.3801190e+06   4.4921875e+01
   1.3874600e+06   4.6508789e+01
   1.3877100e+06   5.5664063e+01
   1.3878500e+06   4.0893555e+01
   1.3939950e+06   4.5104980e+01
   1.3940830e+06   5.0964355e+01
   1.3941740e+06   4.3945312e+01
   1.3988540e+06   5.3588867e+01
   1.3989630e+06   4.3823242e+01
   1.4035020e+06   4.7119141e+01
   1.4069850e+06   4.5776367e+01
   1.4071090e+06   4.3884277e+01
   1.4072120e+06   4.1870117e+01
   1.4122790e+06   4.8828125e+01
   1.4167190e+06   4.5227051e+01
   1.4168820e+06   4.7607422e+01
   1.4211430e+06   4.6630859e+01
   1.4261340e+06   4.2297363e+01
   1.4262400e+06   3.7414551e+01
   1.4308820e+06   1.8859863e+01
   1.4309850e+06   4.7424316e+01
   1.4360800e+06   4.9255371e+01
   1.4362080e+06   5.4565430e+01
   1.4363230e+06   4.8461914e+01
   1.4415010e+06   4.3273926e+01
   1.4417750e+06   4.2785645e+01
   1.4466290e+06   4.6142578e+01
   1.4467570e+06   4.4677734e+01
   1.4528230e+06   4.5715332e+01
   1.4529080e+06   4.9194336e+01
   1.4529910e+06   5.0415039e+01
   1.4600130e+06   5.1330566e+01
   1.4601310e+06   4.3395996e+01
   1.4602590e+06   4.1503906e+01
   1.4652340e+06   4.3151855e+01
   1.4654440e+06   4.3640137e+01
   1.4655740e+06   4.2541504e+01
   1.4729330e+06   5.2368164e+01
   1.4729880e+06   4.5898438e+01
   1.4730420e+06   4.3273926e+01
   1.4806290e+06   5.0964355e+01
   1.4807720e+06   4.6020508e+01
   1.4808570e+06   5.1391602e+01
   1.4878580e+06   4.7302246e+01
   1.4880330e+06   4.7607422e+01
   1.4881340e+06   4.6447754e+01
   1.4882160e+06   4.5654297e+01
   1.4957160e+06   4.1259766e+01
   1.4958090e+06   5.5908203e+01
   1.4959100e+06   5.0354004e+01
   1.4959770e+06   4.5471191e+01
   1.4961710e+06   4.5959473e+01
   1.5035000e+06   4.8522949e+01
   1.5036140e+06   4.4555664e+01
   1.5036950e+06   4.9926758e+01
   1.5038010e+06   4.6630859e+01
   1.5107600e+06   5.0964355e+01
   1.5108460e+06   4.4372559e+01
   1.5109240e+06   4.5837402e+01
   1.5110270e+06   4.5043945e+01
   1.5111060e+06   4.5349121e+01
   1.5199780e+06   4.6325684e+01
   1.5200540e+06   4.2602539e+01
   1.5201010e+06   4.7058105e+01
   1.5201430e+06   5.0231934e+01
   1.5201850e+06   4.5227051e+01
   1.5203090e+06   4.1442871e+01
   1.5288590e+06   4.0161133e+01
   1.5289550e+06   4.1503906e+01
   1.5291190e+06   4.7973633e+01
   1.5363080e+06   4.7302246e+01
   1.5363600e+06   4.9560547e+01
   1.5364050e+06   4.3212891e+01
   1.5364840e+06   4.4189453e+01
   1.5365440e+06   4.6386719e+01
   1.5451200e+06   4.7363281e+01
   1.5452000e+06   4.7668457e+01
   1.5452490e+06   4.2053223e+01
   1.5452940e+06   4.5410156e+01
   1.5453780e+06   4.7363281e+01
   1.5536370e+06   5.3466797e+01
   1.5537140e+06   4.0527344e+01
   1.5537880e+06   4.3212891e+01
   1.5538450e+06   3.9733887e+01
   1.5539190e+06   3.9916992e+01
   1.5616900e+06   4.5959473e+01
   1.5617710e+06   4.4738770e+01
   1.5618110e+06   4.5471191e+01
   1.5618600e+06   4.3823242e+01
   1.5619160e+06   4.1809082e+01
   1.5619680e+06   4.7363281e+01
   1.5701120e+06   4.3823242e+01
   1.5701650e+06   4.8339844e+01
   1.5702080e+06   3.9794922e+01
   1.5702640e+06   3.9794922e+01
   1.5703510e+06   4.8217773e+01
   1.5706590e+06   4.3151855e+01
   1.5791060e+06   5.3161621e+01
   1.5791900e+06   4.5715332e+01
   1.5792670e+06   4.5104980e+01
   1.5793150e+06   3.9916992e+01
   1.5793640e+06   4.2663574e+01
   1.5889980e+06   3.9245605e+01
   1.5890930e+06   4.5349121e+01
   1.5891280e+06   4.1748047e+01
   1.5891620e+06   4.4433594e+01
   1.5891990e+06   4.3884277e+01
   1.5892520e+06   4.7119141e+01
   1.5893200e+06   4.4311523e+01
   1.5894050e+06   4.9499512e+01
   1.5998280e+06   3.9184570e+01
   1.5998680e+06   4.0466309e+01
   1.5999410e+06   4.4860840e+01
   1.5999960e+06   4.2541504e+01
   1.6000410e+06   3.9916992e+01
   1.6001010e+06   4.0893555e+01
   1.6001470e+06   3.9184570e+01
   1.6095300e+06   4.8767090e+01
   1.6095850e+06   4.2541504e+01
   1.6096350e+06   4.6020508e+01
   1.6096850e+06   4.3273926e+01
   1.6097340e+06   4.0283203e+01
   1.6097740e+06   4.1381836e+01
   1.6195620e+06   4.2663574e+01
   1.6196040e+06   4.3884277e+01
   1.6196430e+06   4.2480469e+01
   1.6196780e+06   4.4067383e+01
   1.6197220e+06   4.3212891e+01
   1.6197730e+06   3.9733887e+01
   1.6198390e+06   4.9865723e+01
   1.6199110e+06   4.2175293e+01
   1.6201470e+06   4.1870117e+01
   1.6302100e+06   4.4250488e+01
   1.6302480e+06   4.5776367e+01
   1.6302960e+06   4.1137695e+01
   1.6303340e+06   4.9316406e+01
   1.6303910e+06   4.2419434e+01
   1.6304400e+06   4.3701172e+01
   1.6305220e+06   4.0893555e+01
   1.6306820e+06   4.6447754e+01
   1.6404090e+06   4.3640137e+01
   1.6404590e+06   5.0842285e+01
   1.6405020e+06   4.1687012e+01
   1.6405400e+06   4.2114258e+01
   1.6405870e+06   4.4799805e+01
   1.6406750e+06   4.4128418e+01
   1.6407460e+06   3.2836914e+01
   1.6408210e+06   4.1137695e+01
   1.6529840e+06   4.7424316e+01
   1.6530540e+06   4.4372559e+01
   1.6530950e+06   4.1931152e+01
   1.6531330e+06   4.4494629e+01
   1.6531680e+06   4.5471191e+01
   1.6532010e+06   3.9978027e+01
   1.6532480e+06   4.9804688e+01
   1.6533120e+06   4.5043945e+01
   1.6536530e+06   4.4555664e+01
   1.6539300e+06   4.9255371e+01
   1.6662650e+06   4.4616699e+01
   1.6663090e+06   4.2846680e+01
   1.6663470e+06   4.2175293e+01
   1.6663790e+06   4.5837402e+01
   1.6664180e+06   4.1198730e+01
   1.6664580e+06   4.0405273e+01
   1.6665280e+06   4.6203613e+01
   1.6666400e+06   3.9306641e+01
   1.6669700e+06   5.2307129e+01
   1.6788210e+06   1.8127441e+01
   1.6788710e+06   3.7841797e+01
   1.6789150e+06   4.0771484e+01
   1.6789470e+06   3.8146973e+01
   1.6789770e+06   4.6508789e+01
   1.6790110e+06   4.3762207e+01
   1.6790430e+06   4.5410156e+01
   1.6791050e+06   4.3823242e+01
   1.6791780e+06   4.2419434e+01
   1.6794040e+06   4.6691895e+01
   1.6796370e+06   4.9011230e+01
   1.6798070e+06   5.4870605e+01
   1.6909410e+06   4.4128418e+01
   1.6909710e+06   4.0466309e+01
   1.6910140e+06   4.5043945e+01
   1.6910550e+06   4.2846680e+01
   1.6910900e+06   4.0832520e+01
   1.6911200e+06   3.8940430e+01
   1.6911510e+06   4.9072266e+01
   1.6911920e+06   3.9611816e+01
   1.6912310e+06   4.1931152e+01
   1.6913590e+06   4.7912598e+01
   1.6916700e+06   4.4311523e+01
   1.7055810e+06   1.9348145e+01
   1.7055910e+06   4.6997070e+01
   1.7056220e+06   5.2673340e+01
   1.7056490e+06   3.5583496e+01
   1.7056780e+06   3.3386230e+01
   1.7057040e+06   4.0710449e+01
   1.7057320e+06   4.3945312e+01
   1.7057620e+06   4.1320801e+01
   1.7058060e+06   4.4067383e+01
   1.7058430e+06   1.7944336e+01
   1.7058590e+06   3.9550781e+01
   1.7060620e+06   4.5471191e+01
   1.7063060e+06   4.6264648e+01
   1.7064620e+06   4.6569824e+01
   1.7066100e+06   4.5532227e+01
   1.7068370e+06   4.4738770e+01
   1.7193250e+06   1.8737793e+01
   1.7193730e+06   4.7668457e+01
   1.7194130e+06   4.8828125e+01
   1.7194490e+06   4.1992188e+01
   1.7194840e+06   3.7170410e+01
   1.7195230e+06   4.8522949e+01
   1.7195540e+06   4.5043945e+01
   1.7195860e+06   3.9916992e+01
   1.7196210e+06   4.1320801e+01
   1.7197010e+06   4.4738770e+01
   1.7200860e+06   5.2795410e+01
   1.7202190e+06   4.2846680e+01
   1.7203790e+06   5.2001953e+01
   1.7331130e+06   4.4006348e+01
   1.7331310e+06   1.7822266e+01
   1.7331410e+06   4.4311523e+01
   1.7331680e+06   4.1564941e+01
   1.7331980e+06   4.6142578e+01
   1.7332280e+06   3.5888672e+01
   1.7332560e+06   5.3771973e+01
   1.7332850e+06   5.0292969e+01
   1.7333180e+06   4.4494629e+01
   1.7333540e+06   4.7180176e+01
   1.7334350e+06   4.5532227e+01
   1.7337940e+06   5.0903320e+01
   1.7339350e+06   4.1015625e+01
   1.7341320e+06   4.9682617e+01
   1.7493180e+06   4.4067383e+01
   1.7493540e+06   4.8828125e+01
   1.7493830e+06   4.5349121e+01
   1.7493940e+06   1.9714355e+01
   1.7494150e+06   5.1208496e+01
   1.7494410e+06   4.3029785e+01
   1.7494680e+06   4.4372559e+01
   1.7494960e+06   5.0659180e+01
   1.7495270e+06   3.5949707e+01
   1.7495770e+06   4.3212891e+01
   1.7495940e+06   2.4108887e+01
   1.7498190e+06   2.5695801e+01
   1.7498470e+06   4.7790527e+01
   1.7500000e+06   4.8889160e+01
   1.7501300e+06   2.0141602e+01
   1.7501480e+06   4.3762207e+01
   1.7504360e+06   3.0761719e+01
   1.7505800e+06   4.7119141e+01
   1.7699320e+06   5.6823730e+01
   1.7699670e+06   3.6499023e+01
   1.7699790e+06   2.2521973e+01
   1.7699970e+06   5.0109863e+01
   1.7700250e+06   3.5095215e+01
   1.7700500e+06   5.9692383e+01
   1.7700760e+06   4.0100098e+01
   1.7701040e+06   3.7658691e+01
   1.7701330e+06   4.8583984e+01
   1.7701760e+06   4.1320801e+01
   1.7702400e+06   4.7668457e+01
   1.7703370e+06   4.6813965e+01
   1.7703910e+06   1.9165039e+01
   1.7705100e+06   4.4006348e+01
   1.7705630e+06   2.8259277e+01
   1.7706020e+06   4.8156738e+01
   1.7706330e+06   2.0874023e+01
   1.7707730e+06   3.9855957e+01
   1.7709260e+06   4.7119141e+01
   1.7885680e+06   2.0202637e+01
   1.7885980e+06   1.7883301e+01
   1.7886470e+06   6.3049316e+01
   1.7886740e+06   4.3823242e+01
   1.7887000e+06   4.4860840e+01
   1.7887250e+06   2.7832031e+01
   1.7887500e+06   4.6997070e+01
   1.7887750e+06   4.2602539e+01
   1.7888000e+06   3.9916992e+01
   1.7888300e+06   4.1198730e+01
   1.7888660e+06   3.1616211e+01
   1.7889040e+06   3.7719727e+01
   1.7889460e+06   4.5166016e+01
   1.7890900e+06   3.3203125e+01
   1.7891400e+06   1.8066406e+01
   1.7892020e+06   4.3090820e+01
   1.7892600e+06   1.8615723e+01
   1.7893160e+06   4.3029785e+01
   1.7895540e+06   2.0446777e+01
   1.7896040e+06   5.4321289e+01
   1.7896390e+06   1.9836426e+01
   1.7897440e+06   1.7822266e+01
   1.8048970e+06   1.7822266e+01
   1.8049250e+06   2.3315430e+01
   1.8049440e+06   4.5837402e+01
   1.8049730e+06   5.1635742e+01
   1.8050000e+06   4.1381836e+01
   1.8050270e+06   4.8400879e+01
   1.8050510e+06   4.4433594e+01
   1.8050760e+06   4.0222168e+01
   1.8051020e+06   4.6203613e+01
   1.8051300e+06   4.3640137e+01
   1.8051610e+06   3.7536621e+01
   1.8052020e+06   4.3640137e+01
   1.8052550e+06   5.2062988e+01
   1.8054090e+06   4.8156738e+01
   1.8054220e+06   1.8432617e+01
   1.8055530e+06   4.7424316e+01
   1.8057300e+06   4.6081543e+01
   1.8058750e+06   5.3955078e+01
   1.8059420e+06   1.8737793e+01
   1.8062810e+06   1.8249512e+01
   1.8250070e+06   2.2094727e+01
   1.8250600e+06   2.0141602e+01
   1.8250830e+06   5.1452637e+01
   1.8251120e+06   4.6264648e+01
   1.8251360e+06   4.7058105e+01
   1.8251600e+06   4.3334961e+01
   1.8251840e+06   4.5837402e+01
   1.8251940e+06   1.9958496e+01
   1.8252100e+06   4.4921875e+01
   1.8252360e+06   4.4311523e+01
   1.8252630e+06   3.7719727e+01
   1.8252930e+06   4.1748047e+01
   1.8253300e+06   3.9306641e+01
   1.8253650e+06   4.4311523e+01
   1.8254330e+06   1.9104004e+01
   1.8254660e+06   4.5471191e+01
   1.8255840e+06   1.8432617e+01
   1.8256150e+06   5.0231934e+01
   1.8257080e+06   4.8706055e+01
   1.8258310e+06   4.3334961e+01
   1.8258410e+06   1.9775391e+01
   1.8260200e+06   2.0996094e+01
   1.8261260e+06   4.9865723e+01
   1.8262120e+06   2.0202637e+01
   1.8416580e+06   2.1789551e+01
   1.8417300e+06   5.1025391e+01
   1.8417600e+06   4.5166016e+01
   1.8417870e+06   3.6987305e+01
   1.8418120e+06   3.1738281e+01
   1.8418390e+06   5.3344727e+01
   1.8418670e+06   3.8391113e+01
   1.8418930e+06   3.9123535e+01
   1.8419230e+06   3.8024902e+01
   1.8419520e+06   3.8696289e+01
   1.8419900e+06   4.5227051e+01
   1.8420420e+06   4.4921875e+01
   1.8420990e+06   4.7302246e+01
   1.8422390e+06   4.7851562e+01
   1.8424230e+06   4.7424316e+01
   1.8426980e+06   4.8339844e+01
   1.8428360e+06   1.8249512e+01
   1.8429150e+06   2.1118164e+01
   1.8431490e+06   1.7822266e+01
   1.8558120e+06   2.0568848e+01
   1.8558450e+06   2.5024414e+01
   1.8558580e+06   5.7250977e+01
   1.8559000e+06   5.0476074e+01
   1.8559290e+06   4.3212891e+01
   1.8559590e+06   4.7058105e+01
   1.8559860e+06   4.5715332e+01
   1.8560120e+06   4.8522949e+01
   1.8560410e+06   3.9428711e+01
   1.8560700e+06   4.3579102e+01
   1.8561030e+06   3.8085938e+01
   1.8561380e+06   4.6875000e+01
   1.8561760e+06   4.3518066e+01
   1.8562340e+06   4.7851562e+01
   1.8563330e+06   4.3640137e+01
   1.8564750e+06   3.3264160e+01
   1.8565750e+06   4.7912598e+01
   1.8688430e+06   2.0812988e+01
   1.8688930e+06   6.2622070e+01
   1.8689320e+06   5.3894043e+01
   1.8689660e+06   5.5175781e+01
   1.8689830e+06   1.8676758e+01
   1.8689970e+06   3.7109375e+01
   1.8690300e+06   5.1269531e+01
   1.8690590e+06   5.2612305e+01
   1.8690900e+06   4.5593262e+01
   1.8691200e+06   4.1625977e+01
   1.8691560e+06   4.5898438e+01
   1.8691920e+06   4.3945312e+01
   1.8692300e+06   3.4057617e+01
   1.8692810e+06   4.1748047e+01
   1.8693660e+06   4.7485352e+01
   1.8696440e+06   5.1635742e+01
   1.8697070e+06   1.8554688e+01
   1.8848850e+06   2.3559570e+01
   1.8849420e+06   4.1992188e+01
   1.8849730e+06   1.9470215e+01
   1.8849830e+06   3.5705566e+01
   1.8850160e+06   4.3457031e+01
   1.8850450e+06   4.9865723e+01
   1.8850740e+06   3.7231445e+01
   1.8851020e+06   3.5217285e+01
   1.8851280e+06   3.5949707e+01
   1.8851580e+06   4.1870117e+01
   1.8851890e+06   4.1320801e+01
   1.8852250e+06   4.2968750e+01
   1.8852680e+06   4.0222168e+01
   1.8853290e+06   4.4006348e+01
   1.8854330e+06   4.7180176e+01
   1.8854980e+06   4.3640137e+01
   1.8856260e+06   4.0893555e+01
   1.8856980e+06   2.1911621e+01
   1.8860550e+06   1.8981934e+01
   1.8862760e+06   1.7822266e+01
   1.9010000e+06   2.4291992e+01
   1.9010460e+06   1.9714355e+01
   1.9010800e+06   2.3010254e+01
   1.9011120e+06   5.6518555e+01
   1.9011440e+06   3.6193848e+01
   1.9011740e+06   4.1564941e+01
   1.9012040e+06   4.9987793e+01
   1.9012320e+06   4.5959473e+01
   1.9012590e+06   5.1574707e+01
   1.9012910e+06   4.4921875e+01
   1.9013200e+06   3.6437988e+01
   1.9013530e+06   4.7058105e+01
   1.9013960e+06   3.3447266e+01
   1.9014480e+06   5.7861328e+01
   1.9014870e+06   1.8249512e+01
   1.9015440e+06   3.8757324e+01
   1.9017520e+06   5.3405762e+01
   1.9018450e+06   1.8127441e+01
   1.9019520e+06   4.7058105e+01
   1.9137860e+06   1.7883301e+01
   1.9138390e+06   4.7241211e+01
   1.9138520e+06   2.4047852e+01
   1.9138650e+06   1.8493652e+01
   1.9138990e+06   5.3039551e+01
   1.9139410e+06   5.0292969e+01
   1.9139740e+06   4.9499512e+01
   1.9140180e+06   4.2175293e+01
   1.9140390e+06   1.9958496e+01
   1.9140560e+06   3.9855957e+01
   1.9140950e+06   4.7302246e+01
   1.9141290e+06   4.2785645e+01
   1.9141610e+06   4.4311523e+01
   1.9142050e+06   4.0161133e+01
   1.9142900e+06   4.3212891e+01
   1.9143930e+06   4.2602539e+01
   1.9146390e+06   1.8798828e+01
   1.9268070e+06   2.2949219e+01
   1.9268270e+06   1.9226074e+01
   1.9268880e+06   4.9377441e+01
   1.9269100e+06   2.1423340e+01
   1.9269430e+06   4.4616699e+01
   1.9269760e+06   4.3457031e+01
   1.9270130e+06   5.0537109e+01
   1.9270410e+06   4.7302246e+01
   1.9270720e+06   4.6325684e+01
   1.9271060e+06   4.2175293e+01
   1.9271410e+06   4.1625977e+01
   1.9271720e+06   4.0222168e+01
   1.9272170e+06   3.4423828e+01
   1.9272770e+06   4.7302246e+01
   1.9273380e+06   1.8188477e+01
   1.9275080e+06   4.6813965e+01
   1.9275490e+06   1.8066406e+01
   1.9453850e+06   2.3376465e+01
   1.9454640e+06   1.8737793e+01
   1.9454950e+06   4.2419434e+01
   1.9455170e+06   2.3559570e+01
   1.9455330e+06   5.2978516e+01
   1.9455690e+06   5.2856445e+01
   1.9456010e+06   4.2785645e+01
   1.9456350e+06   4.5959473e+01
   1.9456640e+06   4.3701172e+01
   1.9456950e+06   4.8583984e+01
   1.9457260e+06   4.2114258e+01
   1.9457640e+06   4.1137695e+01
   1.9458260e+06   4.8522949e+01
   1.9458940e+06   4.3762207e+01
   1.9459490e+06   1.8859863e+01
   1.9460970e+06   2.3681641e+01
   1.9461310e+06   4.6508789e+01
   1.9464120e+06   1.8310547e+01
   1.9620030e+06   2.0324707e+01
   1.9620690e+06   1.8859863e+01
   1.9621000e+06   4.5471191e+01
   1.9621480e+06   2.1423340e+01
   1.9621610e+06   5.4626465e+01
   1.9622060e+06   5.0292969e+01
   1.9622170e+06   1.7883301e+01
   1.9622430e+06   4.8706055e+01
   1.9622640e+06   2.2033691e+01
   1.9622790e+06   5.0537109e+01
   1.9623240e+06   4.8645020e+01
   1.9623620e+06   4.2358398e+01
   1.9623980e+06   4.9682617e+01
   1.9624450e+06   4.5288086e+01
   1.9625310e+06   5.2429199e+01
   1.9627560e+06   2.0507812e+01
   1.9629030e+06   1.8432617e+01
   1.9831760e+06   1.8188477e+01
   1.9832090e+06   2.4169922e+01
   1.9832580e+06   2.1789551e+01
   1.9832790e+06   4.6691895e+01
   1.9833100e+06   2.0507812e+01
   1.9833250e+06   4.2968750e+01
   1.9833560e+06   5.5541992e+01
   1.9833670e+06   1.8554688e+01
   1.9833980e+06   5.0354004e+01
   1.9834210e+06   2.1362305e+01
   1.9834320e+06   4.3090820e+01
   1.9834780e+06   4.5776367e+01
   1.9835320e+06   4.1381836e+01
   1.9836060e+06   4.5410156e+01
   1.9836620e+06   3.9062500e+01
   1.9839350e+06   4.6630859e+01
   2.0975330e+06   4.2968750e+01
   2.1006160e+06   3.9184570e+01
   2.1053810e+06   4.8217773e+01
   2.1096550e+06   4.3151855e+01
   2.1137900e+06   4.8339844e+01
   2.1186670e+06   4.7729492e+01
   2.1207170e+06   4.1748047e+01
   2.1242850e+06   4.8217773e+01
   2.1272190e+06   4.3579102e+01
   2.1299240e+06   4.5471191e+01
   2.1324670e+06   4.4006348e+01
   2.1345290e+06   4.6875000e+01
   2.1375100e+06   4.8034668e+01
   2.1392350e+06   4.7546387e+01
   2.1420220e+06   4.7607422e+01
   2.1438770e+06   4.5837402e+01
   2.1457480e+06   4.7180176e+01
   2.1472970e+06   5.0598145e+01
   2.1487080e+06   4.2297363e+01
   2.1508490e+06   4.5288086e+01
   2.1527410e+06   5.0170898e+01
   2.1547440e+06   4.4250488e+01
   2.1569260e+06   4.6325684e+01
   2.1589510e+06   3.9245605e+01
   2.1612570e+06   2.5939941e+01
   2.1631160e+06   5.0354004e+01
   2.1651800e+06   4.4738770e+01
   2.1668680e+06   4.3151855e+01
   2.1684840e+06   4.6203613e+01
   2.1703580e+06   4.1259766e+01
   2.1723120e+06   4.1015625e+01
   2.1741310e+06   4.4616699e+01
   2.1759540e+06   4.4860840e+01
   2.1779580e+06   4.6508789e+01
   2.1797660e+06   4.7180176e+01
   2.1816590e+06   4.7729492e+01
   2.1837890e+06   4.3823242e+01
   2.1858920e+06   4.0405273e+01
   2.1873220e+06   4.8889160e+01
   2.1890320e+06   4.7485352e+01
   2.1913100e+06   3.7353516e+01
   2.1931130e+06   4.4494629e+01
   2.1951210e+06   4.5837402e+01
   2.1968160e+06   5.0354004e+01
   2.1990180e+06   4.5043945e+01
   2.2007420e+06   4.4128418e+01
   2.2021030e+06   4.5104980e+01
   2.2036690e+06   4.8950195e+01
   2.2055340e+06   4.5227051e+01
   2.2075350e+06   4.8950195e+01
   2.2096150e+06   4.5288086e+01
   2.2114260e+06   4.3334961e+01
   2.2137060e+06   4.4311523e+01
   2.2154850e+06   4.7485352e+01
   2.2172930e+06   4.6142578e+01
   2.2191930e+06   4.3457031e+01
   2.2208650e+06   4.8706055e+01
   2.2229870e+06   4.8095703e+01
   2.2249560e+06   4.1137695e+01
   2.2271640e+06   4.6691895e+01
   2.2290440e+06   4.8095703e+01
   2.2309990e+06   4.4616699e+01
   2.2328500e+06   4.2907715e+01
   2.2348440e+06   4.4311523e+01
   2.2370620e+06   4.8583984e+01
   2.2391460e+06   4.6386719e+01
   2.2414780e+06   4.3212891e+01
   2.2435350e+06   4.6813965e+01
   2.2453190e+06   4.6020508e+01
   2.2477300e+06   4.2907715e+01
   2.2491710e+06   4.5104980e+01
   2.2506490e+06   4.3884277e+01
   2.2524260e+06   4.6081543e+01
   2.2544800e+06   4.5654297e+01
   2.2565210e+06   4.7058105e+01
   2.2589160e+06   4.7729492e+01
   2.2607370e+06   4.6691895e+01
   2.2628010e+06   4.4555664e+01
   2.2645390e+06   4.4982910e+01
   2.2664170e+06   4.7729492e+01
   2.2684200e+06   4.4067383e+01
   2.2709350e+06   5.0476074e+01
   2.2758850e+06   4.6386719e+01
   2.2863190e+06   4.5593262e+01
   2.2886460e+06   4.3395996e+01
   2.2906480e+06   4.7241211e+01
   2.2927790e+06   4.4860840e+01
   2.2951140e+06   4.4433594e+01
   2.2966290e+06   4.3090820e+01
   2.2986000e+06   4.7058105e+01
   2.3000490e+06   4.5043945e+01
   2.3026700e+06   4.3334961e+01
   2.3048910e+06   4.2419434e+01
   2.3071610e+06   4.4860840e+01
   2.3090640e+06   4.5166016e+01
   2.3097060e+06   4.9377441e+01
   2.3111840e+06   4.3823242e+01
   2.3129850e+06   4.9377441e+01
   2.3160320e+06   4.2602539e+01
   2.3176270e+06   4.6997070e+01
   2.3193940e+06   4.7119141e+01
   2.3219080e+06   4.4982910e+01
   2.3236320e+06   4.5166016e+01
   2.3256550e+06   4.7546387e+01
   2.3275700e+06   4.5898438e+01
   2.3297700e+06   4.5471191e+01
   2.3318400e+06   4.5654297e+01
   2.3340230e+06   4.6997070e+01
   2.3367240e+06   4.4921875e+01
   2.3384690e+06   4.2846680e+01
   2.3403740e+06   4.9011230e+01
   2.3419000e+06   4.6386719e+01
   2.3443350e+06   4.3212891e+01
   2.3460620e+06   4.8706055e+01
   2.3487250e+06   4.3579102e+01
   2.3504560e+06   4.8217773e+01
   2.3524980e+06   4.3762207e+01
   2.3548330e+06   4.4860840e+01
   2.3571250e+06   4.3945312e+01
   2.3590950e+06   4.1809082e+01
   2.3608840e+06   4.3518066e+01
   2.3632810e+06   4.0832520e+01
   2.3653400e+06   4.7546387e+01
   2.3677830e+06   4.2602539e+01
   2.3695100e+06   4.4494629e+01
   2.3715480e+06   4.6752930e+01
   2.3735040e+06   4.6142578e+01
   2.3762600e+06   4.2419434e+01
   2.3783750e+06   4.1198730e+01
   2.3801650e+06   4.1931152e+01
   2.3825450e+06   4.5593262e+01
   2.3849230e+06   4.3640137e+01
   2.3870050e+06   4.7363281e+01
   2.3884610e+06   4.5715332e+01
   2.3909830e+06   4.7546387e+01
   2.3926290e+06   4.2602539e+01
   2.3956110e+06   4.4860840e+01
   2.3976630e+06   4.7546387e+01
   2.4011660e+06   3.9306641e+01
   2.4035360e+06   4.1564941e+01
   2.4047620e+06   4.4799805e+01
   2.4067100e+06   4.9072266e+01
   2.4087640e+06   4.6386719e+01
   2.4108590e+06   4.7058105e+01
   2.4129940e+06   4.3273926e+01
   2.4144350e+06   4.2968750e+01
   2.4166910e+06   4.4738770e+01
   2.4186130e+06   3.7780762e+01
   2.4211910e+06   4.0649414e+01
   2.4239700e+06   4.6020508e+01
   2.4264490e+06   4.8522949e+01
   2.4282270e+06   4.4738770e+01
   2.4299490e+06   4.9804688e+01
   2.4330680e+06   4.4677734e+01
   2.4343560e+06   4.3090820e+01
   2.4366630e+06   4.4372559e+01
   2.4395890e+06   4.4555664e+01
   2.4419760e+06   4.2419434e+01
   2.4441320e+06   4.6325684e+01
   2.4457030e+06   4.5532227e+01
   2.4484700e+06   4.6264648e+01
   2.4511660e+06   4.7973633e+01
   2.4529550e+06   4.8522949e+01
   2.4552790e+06   4.6264648e+01
   2.4574040e+06   4.3762207e+01
   2.4589600e+06   4.6142578e+01
   2.4611850e+06   4.6630859e+01
   2.4623740e+06   4.3579102e+01
   2.4640510e+06   4.2358398e+01
   2.4667300e+06   4.4311523e+01
   2.4683330e+06   4.8828125e+01
   2.4705180e+06   1.8859863e+01
   2.4729610e+06   4.4982910e+01
   2.4757400e+06   4.6875000e+01
   2.4777200e+06   4.8095703e+01
   2.4812950e+06   4.3762207e+01
   2.4835040e+06   4.2785645e+01
   2.4862480e+06   4.7973633e+01
   2.4889340e+06   4.5227051e+01
   2.4910700e+06   4.4860840e+01
   2.4937360e+06   4.7973633e+01
   2.4965380e+06   4.1015625e+01
   2.4983380e+06   4.7729492e+01
   2.5000590e+06   4.5654297e+01
   2.5023130e+06   4.6997070e+01
   2.5044040e+06   4.2968750e+01
   2.5060760e+06   4.6569824e+01
   2.5093470e+06   4.7607422e+01
   2.5112670e+06   4.7546387e+01
   2.5135460e+06   4.6447754e+01
   2.5154000e+06   4.2419434e+01
   2.5176250e+06   4.5410156e+01
   2.5195050e+06   4.9255371e+01
   2.5213040e+06   4.3884277e+01
   2.5236170e+06   4.3518066e+01
   2.5260170e+06   3.9978027e+01
   2.5282260e+06   4.3457031e+01
   2.5305600e+06   4.3701172e+01
   2.5334270e+06   4.0405273e+01
   2.5358330e+06   4.6508789e+01
   2.5378610e+06   4.4677734e+01
   2.5395990e+06   4.9377441e+01
   2.5423040e+06   4.7607422e+01
   2.5439800e+06   4.2907715e+01
   2.5457060e+06   4.7058105e+01
   2.5496780e+06   4.3029785e+01
   2.5516590e+06   2.6367188e+01
   2.5536420e+06   4.6264648e+01
   2.5562080e+06   4.9194336e+01
   2.5590790e+06   4.5288086e+01
   2.5604060e+06   4.8461914e+01
   2.5624970e+06   4.9255371e+01
   2.5657470e+06   4.9011230e+01
   2.5683980e+06   4.4982910e+01
   2.5706060e+06   4.3151855e+01
   2.5732240e+06   4.5593262e+01
   2.5758310e+06   4.3945312e+01
   2.5780760e+06   4.1381836e+01
   2.5811960e+06   4.5043945e+01
   2.5834550e+06   4.5471191e+01
   2.5860020e+06   4.3457031e+01
   2.5880730e+06   4.3090820e+01
   2.5897030e+06   4.0954590e+01
   2.5918190e+06   4.6203613e+01
   2.5936180e+06   4.3640137e+01
   2.5959300e+06   4.8522949e+01
   2.5995010e+06   4.2602539e+01
   2.6015780e+06   4.6264648e+01
   2.6039530e+06   4.7363281e+01
   2.6058940e+06   4.4372559e+01
   2.6080110e+06   4.6997070e+01
   2.6108030e+06   4.0832520e+01
   2.6124470e+06   4.2968750e+01
   2.6145540e+06   4.4860840e+01
   2.6178780e+06   4.4128418e+01
   2.6204080e+06   4.6508789e+01
   2.6229900e+06   4.6997070e+01
   2.6251620e+06   4.4982910e+01
   2.6287830e+06   4.7851562e+01
   2.6321330e+06   4.8034668e+01
   2.6348170e+06   4.3884277e+01
   2.6387400e+06   4.5837402e+01
   2.6405730e+06   4.5959473e+01
   2.6428210e+06   4.9926758e+01
   2.6442060e+06   4.9499512e+01
   2.6471570e+06   4.5227051e+01
   2.6492800e+06   4.9316406e+01
   2.6511500e+06   4.1503906e+01
   2.6547520e+06   4.6386719e+01
   2.6571130e+06   4.5104980e+01
   2.6582310e+06   4.6142578e+01
   2.6602810e+06   4.1442871e+01
   2.6634220e+06   4.3945313e+01
   2.6658500e+06   4.5349121e+01
   2.6709440e+06   4.4921875e+01
   2.6730570e+06   4.7058105e+01
   2.6758320e+06   4.4982910e+01
   2.6778510e+06   4.4799805e+01
   2.6802350e+06   4.4250488e+01
   2.6866520e+06   4.7058105e+01
   2.6892140e+06   4.5288086e+01
   2.6965160e+06   4.5837402e+01
   2.6988240e+06   4.6508789e+01
   2.7011270e+06   4.8706055e+01
   2.7042600e+06   4.8278809e+01
   2.7065490e+06   4.7241211e+01
   2.7080400e+06   4.5288086e+01
   2.7106400e+06   4.5898438e+01
   2.7131490e+06   4.2968750e+01
   2.7165680e+06   4.2785645e+01
   2.7207990e+06   3.9428711e+01
   2.7246160e+06   4.8461914e+01
   2.7288470e+06   4.1564941e+01
   2.7304110e+06   4.3518066e+01
   2.7336340e+06   4.2663574e+01
   2.7365260e+06   4.2114258e+01
   2.7419040e+06   4.7607422e+01
   2.7435730e+06   4.5043945e+01
   2.7468510e+06   4.2053223e+01
   2.7496400e+06   4.4921875e+01
   2.7521710e+06   4.4799805e+01
   2.7539470e+06   4.4677734e+01
   2.7584940e+06   4.6752930e+01
   2.7619770e+06   3.9978027e+01
   2.7647570e+06   4.5776367e+01
   2.7685010e+06   4.1870117e+01
   2.7723730e+06   4.1381836e+01
   2.7758720e+06   4.7363281e+01
   2.7781880e+06   4.7485352e+01
   2.7808050e+06   4.1015625e+01
   2.7832080e+06   4.3945312e+01
   2.7856420e+06   4.4738770e+01
   2.7887760e+06   4.7485352e+01
   2.7918400e+06   4.7241211e+01
   2.7939570e+06   4.6630859e+01
   2.7962930e+06   3.8330078e+01
   2.7992430e+06   4.3762207e+01
   2.7999990e+06   4.9621582e+01
   2.8030750e+06   4.3823242e+01
   2.8100010e+06   4.5349121e+01
   2.8127350e+06   4.4311523e+01
   2.8156000e+06   4.4555664e+01
   2.8180820e+06   4.9438477e+01
   2.8201290e+06   4.6081543e+01
   2.8235720e+06   4.8522949e+01
   2.8268370e+06   4.5898438e+01
   2.8291120e+06   4.6020508e+01
   2.8318520e+06   4.7973633e+01
   2.8348930e+06   4.5471191e+01
   2.8388410e+06   4.4799805e+01
   2.8435040e+06   4.7424316e+01
   2.8453570e+06   4.6020508e+01
   2.8483550e+06   4.7485352e+01
   2.8512330e+06   4.2968750e+01
   2.8537400e+06   4.5288086e+01
   2.8555940e+06   4.8278809e+01
   2.8580250e+06   4.9377441e+01
   2.8601900e+06   4.8095703e+01
   2.8640140e+06   4.4738770e+01
   2.8663630e+06   4.7302246e+01
   2.8696690e+06   5.1208496e+01
   2.8726950e+06   4.8095703e+01
   2.8773910e+06   4.6508789e+01
   2.8797360e+06   4.9560547e+01
   2.8817160e+06   4.6447754e+01
   2.8849040e+06   4.5776367e+01
   2.8876130e+06   4.4738770e+01
   2.8912650e+06   4.0588379e+01
   2.8931230e+06   4.7546387e+01
   2.8961080e+06   4.3212891e+01
   2.8995550e+06   4.4555664e+01
   2.9026650e+06   4.6081543e+01
   2.9061910e+06   4.7973633e+01
   2.9079360e+06   4.6264648e+01
   2.9086260e+06   4.6081543e+01
   2.9126480e+06   4.6447754e+01
   2.9145360e+06   4.8767090e+01
   2.9196550e+06   4.7790527e+01
   2.9229560e+06   4.4616699e+01
   2.9252550e+06   4.3823242e+01
   2.9294360e+06   4.7851562e+01
   2.9318170e+06   4.7241211e+01
   2.9365240e+06   5.0476074e+01
   2.9393910e+06   4.9011230e+01
   2.9426950e+06   4.5654297e+01
   2.9457260e+06   4.6325684e+01
   2.9481920e+06   4.7180176e+01
   2.9527940e+06   4.6813965e+01
   2.9567300e+06   4.5104980e+01
   2.9583270e+06   4.7302246e+01
   2.9615080e+06   4.7058105e+01
   2.9659030e+06   4.6386719e+01
   2.9688550e+06   4.1015625e+01
   2.9729370e+06   4.7851563e+01
   2.9753180e+06   4.8156738e+01
   2.9791000e+06   4.8522949e+01
   2.9873770e+06   4.6936035e+01
   2.9910980e+06   4.4311523e+01
   2.9945150e+06   4.7119141e+01
   2.9974960e+06   4.6936035e+01
