   3.0000000e+06   0.0000000e+00
   1.0224100e+05   1.7822266e+01
   1.4392000e+05   1.7700195e+01
   2.0021400e+05   1.7822266e+01
   2.0154100e+05   1.7944336e+01
   3.8408300e+05   1.8554688e+01
   5.2703600e+05   1.9775391e+01
   5.2852700e+05   1.7700195e+01
   6.0976500e+05   2.0263672e+01
   7.0445500e+05   2.0629883e+01
   7.3144200e+05   1.9470215e+01
   7.7328700e+05   1.8798828e+01
   8.1116800e+05   1.8371582e+01
   8.1118400e+05   1.7944336e+01
   8.1121700e+05   2.0385742e+01
   8.5205100e+05   1.8066406e+01
   8.5238000e+05   1.9042969e+01
   8.7446000e+05   2.3193359e+01
   9.0899800e+05   3.0212402e+01
   9.0903400e+05   2.0935059e+01
   9.0911100e+05   1.9470215e+01
   9.0919000e+05   1.7822266e+01
   9.8925700e+05   2.2521973e+01
   9.8927800e+05   2.3376465e+01
   1.0157020e+06   2.0690918e+01
   1.0409470e+06   1.8249512e+01
   1.0618260e+06   1.8554688e+01
   1.0865220e+06   1.9287109e+01
   1.1132190e+06   2.1362305e+01
   1.1132440e+06   1.9653320e+01
   1.1132630e+06   1.8310547e+01
   1.1133330e+06   1.8981934e+01
   1.1133860e+06   2.2216797e+01
   1.1422170e+06   1.8310547e+01
   1.1580910e+06   1.7944336e+01
   1.1927260e+06   2.0141602e+01
   1.1952260e+06   1.9714355e+01
   1.1952610e+06   1.8981934e+01
   1.1954650e+06   1.9226074e+01
   1.2251180e+06   2.1118164e+01
   1.2252030e+06   1.9836426e+01
   1.2252940e+06   1.8249512e+01
   1.2253530e+06   2.3559570e+01
   1.2256010e+06   1.8005371e+01
   1.2398540e+06   2.3620605e+01
   1.2546860e+06   2.0080566e+01
   1.2547090e+06   2.1972656e+01
   1.2547500e+06   1.8737793e+01
   1.2548290e+06   2.4902344e+01
   1.2548630e+06   2.6123047e+01
   1.2549360e+06   1.8493652e+01
   1.2549560e+06   2.0568848e+01
   1.2550090e+06   2.0324707e+01
   1.2550540e+06   1.8493652e+01
   1.2552370e+06   1.8249512e+01
   1.2552560e+06   1.9470215e+01
   1.2709930e+06   1.9226074e+01
   1.2710780e+06   1.8615723e+01
   1.2807520e+06   1.9653320e+01
   1.2808200e+06   1.8249512e+01
   1.2809070e+06   1.8005371e+01
   1.2809750e+06   1.7944336e+01
   1.2810120e+06   1.8493652e+01
   1.2810230e+06   2.7160645e+01
   1.2811140e+06   2.3803711e+01
   1.2811250e+06   2.1179199e+01
   1.2811550e+06   2.5817871e+01
   1.2811690e+06   3.0212402e+01
   1.2811860e+06   2.6245117e+01
   1.2812160e+06   4.1259766e+01
   1.2812510e+06   2.4780273e+01
   1.2812830e+06   3.1372070e+01
   1.2813090e+06   2.8503418e+01
   1.2813650e+06   1.7883301e+01
   1.2813860e+06   1.8493652e+01
   1.2814450e+06   3.1860352e+01
   1.2814950e+06   1.8249512e+01
   1.2816270e+06   2.0751953e+01
   1.3070760e+06   1.8554688e+01
   1.3072350e+06   2.2705078e+01
   1.3072890e+06   1.9042969e+01
   1.3073630e+06   2.1667480e+01
   1.3073980e+06   1.8615723e+01
   1.3074420e+06   2.5024414e+01
   1.3075490e+06   2.0568848e+01
   1.3075770e+06   2.4353027e+01
   1.3075900e+06   1.9592285e+01
   1.3076640e+06   2.0263672e+01
   1.3076750e+06   2.0935059e+01
   1.3077160e+06   2.1545410e+01
   1.3077420e+06   2.6550293e+01
   1.3077710e+06   2.0385742e+01
   1.3077920e+06   2.2216797e+01
   1.3078050e+06   1.8554688e+01
   1.3078300e+06   3.3935547e+01
   1.3078710e+06   2.0019531e+01
   1.3078990e+06   1.8310547e+01
   1.3079110e+06   3.4484863e+01
   1.3079630e+06   1.8859863e+01
   1.3081230e+06   2.1301270e+01
   1.3269780e+06   1.8188477e+01
   1.3270960e+06   1.9165039e+01
   1.3271480e+06   1.9226074e+01
   1.3271670e+06   2.0568848e+01
   1.3271850e+06   1.9348145e+01
   1.3272100e+06   1.7883301e+01
   1.3272690e+06   3.1982422e+01
   1.3272990e+06   2.1667480e+01
   1.3273190e+06   2.1972656e+01
   1.3273390e+06   2.9296875e+01
   1.3273760e+06   2.9479980e+01
   1.3273960e+06   1.8371582e+01
   1.3274270e+06   3.4790039e+01
   1.3274370e+06   3.1127930e+01
   1.3274840e+06   2.0019531e+01
   1.3275180e+06   2.3620605e+01
   1.3275450e+06   2.2888184e+01
   1.3275670e+06   3.3264160e+01
   1.3275920e+06   2.0568848e+01
   1.3276240e+06   2.7893066e+01
   1.3276420e+06   1.8859863e+01
   1.3276620e+06   1.7822266e+01
   1.3277060e+06   2.8076172e+01
   1.3277450e+06   2.0263672e+01
   1.3278020e+06   2.5817871e+01
   1.3281320e+06   1.8066406e+01
   1.3421720e+06   2.6367188e+01
   1.3422010e+06   2.0751953e+01
   1.3422450e+06   1.8188477e+01
   1.3422690e+06   2.0751953e+01
   1.3473460e+06   1.8798828e+01
   1.3494230e+06   1.9287109e+01
   1.3495460e+06   2.1972656e+01
   1.3495740e+06   1.8920898e+01
   1.3496020e+06   1.7883301e+01
   1.3496190e+06   2.2155762e+01
   1.3496380e+06   2.3620605e+01
   1.3496500e+06   2.7526855e+01
   1.3496730e+06   1.7761230e+01
   1.3496980e+06   2.0812988e+01
   1.3497100e+06   2.3803711e+01
   1.3497460e+06   3.0639648e+01
   1.3497710e+06   1.7700195e+01
   1.3497970e+06   1.7944336e+01
   1.3498160e+06   2.2644043e+01
   1.3498310e+06   2.2521973e+01
   1.3498730e+06   2.3315430e+01
   1.3498990e+06   1.9409180e+01
   1.3499330e+06   4.1625977e+01
   1.3500120e+06   2.4658203e+01
   1.3501390e+06   1.8737793e+01
   1.3502070e+06   2.2155762e+01
   1.3649440e+06   1.7700195e+01
   1.3649800e+06   2.3315430e+01
   1.3650120e+06   2.5024414e+01
   1.3650640e+06   2.3925781e+01
   1.3650940e+06   1.9470215e+01
   1.3651230e+06   2.6855469e+01
   1.3651640e+06   1.8249512e+01
   1.3652200e+06   2.2338867e+01
   1.3653450e+06   1.9226074e+01
   1.3723930e+06   1.8859863e+01
   1.3725100e+06   2.1911621e+01
   1.3725450e+06   2.1118164e+01
   1.3725890e+06   1.8249512e+01
   1.3726340e+06   1.8859863e+01
   1.3726470e+06   1.8127441e+01
   1.3797690e+06   1.8005371e+01
   1.3797820e+06   1.8737793e+01
   1.3798610e+06   1.8859863e+01
   1.3798990e+06   1.8005371e+01
   1.3799340e+06   1.9592285e+01
   1.3799560e+06   2.3559570e+01
   1.3799860e+06   2.3376465e+01
   1.3800250e+06   1.9836426e+01
   1.3800490e+06   2.0324707e+01
   1.3800790e+06   2.1179199e+01
   1.3874760e+06   1.7822266e+01
   1.3875230e+06   2.0874023e+01
   1.3875480e+06   1.7944336e+01
   1.3876250e+06   2.0202637e+01
   1.3876940e+06   1.7883301e+01
   1.3939320e+06   1.8371582e+01
   1.3939620e+06   1.8005371e+01
   1.3939880e+06   2.3315430e+01
   1.3940250e+06   1.7761230e+01
   1.3941460e+06   1.8005371e+01
   1.3988110e+06   2.1606445e+01
   1.3988660e+06   1.8615723e+01
   1.3989270e+06   1.7761230e+01
   1.3989930e+06   2.2949219e+01
   1.4033240e+06   1.8127441e+01
   1.4033570e+06   2.0141602e+01
   1.4034130e+06   1.8615723e+01
   1.4069770e+06   2.1789551e+01
   1.4070450e+06   1.8005371e+01
   1.4120240e+06   1.8981934e+01
   1.4120540e+06   2.0629883e+01
   1.4121660e+06   1.8859863e+01
   1.4166600e+06   1.8188477e+01
   1.4167030e+06   1.7761230e+01
   1.4210150e+06   2.2216797e+01
   1.4211250e+06   1.8859863e+01
   1.4211760e+06   1.8615723e+01
   1.4211910e+06   1.7700195e+01
   1.4258660e+06   1.7700195e+01
   1.4262290e+06   1.9897461e+01
   1.4307940e+06   2.0385742e+01
   1.4308170e+06   1.9104004e+01
   1.4359890e+06   1.8615723e+01
   1.4360070e+06   1.9531250e+01
   1.4360750e+06   1.9958496e+01
   1.4361530e+06   1.7944336e+01
   1.4361990e+06   2.0874023e+01
   1.4415380e+06   1.7700195e+01
   1.4416420e+06   2.7160645e+01
   1.4467640e+06   1.8005371e+01
   1.4527710e+06   1.8554688e+01
   1.4528600e+06   1.9042969e+01
   1.4528760e+06   2.0568848e+01
   1.4529340e+06   1.7761230e+01
   1.4529540e+06   2.0141602e+01
   1.4529790e+06   2.0446777e+01
   1.4599180e+06   1.8432617e+01
   1.4599600e+06   1.9042969e+01
   1.4652500e+06   1.8188477e+01
   1.4654000e+06   1.7822266e+01
   1.4729210e+06   2.3132324e+01
   1.4729620e+06   1.9470215e+01
   1.4730090e+06   1.9287109e+01
   1.4731990e+06   1.9836426e+01
   1.4732520e+06   2.0507812e+01
   1.4805050e+06   1.8066406e+01
   1.4805220e+06   2.4902344e+01
   1.4805750e+06   1.8432617e+01
   1.4805960e+06   2.1545410e+01
   1.4806210e+06   2.0507812e+01
   1.4806590e+06   2.4353027e+01
   1.4807100e+06   1.8249512e+01
   1.4879880e+06   1.8737793e+01
   1.4880650e+06   1.8798828e+01
   1.4880770e+06   1.9287109e+01
   1.4881160e+06   2.0080566e+01
   1.4958650e+06   1.8859863e+01
   1.5036790e+06   1.8066406e+01
   1.5037980e+06   2.2033691e+01
   1.5039560e+06   1.9714355e+01
   1.5107000e+06   1.9165039e+01
   1.5110150e+06   1.8188477e+01
   1.5111000e+06   1.7822266e+01
   1.5199160e+06   1.8798828e+01
   1.5200220e+06   2.7587891e+01
   1.5200370e+06   2.0751953e+01
   1.5200730e+06   2.0080566e+01
   1.5201560e+06   1.9775391e+01
   1.5202030e+06   1.8798828e+01
   1.5202280e+06   2.0385742e+01
   1.5203040e+06   2.1423340e+01
   1.5287060e+06   1.8310547e+01
   1.5290890e+06   1.8981934e+01
   1.5361250e+06   2.0263672e+01
   1.5362470e+06   1.8005371e+01
   1.5365270e+06   1.8188477e+01
   1.5365860e+06   1.8981934e+01
   1.5366640e+06   1.8066406e+01
   1.5368530e+06   1.7700195e+01
   1.5451570e+06   2.4169922e+01
   1.5451890e+06   1.9531250e+01
   1.5452410e+06   1.8493652e+01
   1.5452590e+06   1.8737793e+01
   1.5536270e+06   2.1911621e+01
   1.5537310e+06   1.7822266e+01
   1.5537770e+06   1.7944336e+01
   1.5538060e+06   1.9226074e+01
   1.5538520e+06   1.8066406e+01
   1.5538820e+06   1.8188477e+01
   1.5616740e+06   1.7822266e+01
   1.5617010e+06   1.7700195e+01
   1.5617140e+06   1.8371582e+01
   1.5617590e+06   2.0202637e+01
   1.5618280e+06   1.9409180e+01
   1.5700490e+06   1.8310547e+01
   1.5701140e+06   2.3864746e+01
   1.5702160e+06   1.8737793e+01
   1.5703450e+06   2.0263672e+01
   1.5703940e+06   2.2583008e+01
   1.5704400e+06   1.9714355e+01
   1.5789880e+06   1.8737793e+01
   1.5790440e+06   1.9165039e+01
   1.5790870e+06   1.7822266e+01
   1.5791150e+06   2.2949219e+01
   1.5889550e+06   2.0690918e+01
   1.5891670e+06   2.3376465e+01
   1.5893520e+06   2.1789551e+01
   1.5895020e+06   1.8737793e+01
   1.5995860e+06   1.9165039e+01
   1.5997960e+06   1.7944336e+01
   1.5998240e+06   2.4108887e+01
   1.5998750e+06   1.8188477e+01
   1.5999320e+06   2.2277832e+01
   1.6000970e+06   1.9653320e+01
   1.6001150e+06   1.8615723e+01
   1.6001610e+06   1.7883301e+01
   1.6092880e+06   2.0935059e+01
   1.6094420e+06   2.2094727e+01
   1.6095190e+06   1.8188477e+01
   1.6095770e+06   1.8676758e+01
   1.6096440e+06   1.8493652e+01
   1.6096650e+06   1.7944336e+01
   1.6098010e+06   1.9592285e+01
   1.6098930e+06   1.8554688e+01
   1.6193510e+06   1.8859863e+01
   1.6195460e+06   1.9897461e+01
   1.6197200e+06   2.3498535e+01
   1.6197650e+06   1.7700195e+01
   1.6197790e+06   2.1545410e+01
   1.6198460e+06   1.9958496e+01
   1.6198900e+06   1.8188477e+01
   1.6299440e+06   2.0019531e+01
   1.6301770e+06   1.9165039e+01
   1.6302050e+06   2.2094727e+01
   1.6302400e+06   2.7404785e+01
   1.6303060e+06   1.8615723e+01
   1.6303280e+06   2.1911621e+01
   1.6304830e+06   2.0812988e+01
   1.6404280e+06   1.8554688e+01
   1.6404750e+06   2.1728516e+01
   1.6404920e+06   1.7822266e+01
   1.6405340e+06   1.7761230e+01
   1.6405620e+06   2.0751953e+01
   1.6406720e+06   2.3071289e+01
   1.6407530e+06   1.7761230e+01
   1.6527630e+06   1.7883301e+01
   1.6528890e+06   1.8432617e+01
   1.6529360e+06   1.8188477e+01
   1.6530320e+06   1.9104004e+01
   1.6530540e+06   2.4353027e+01
   1.6531450e+06   3.3203125e+01
   1.6531790e+06   2.3498535e+01
   1.6532010e+06   2.8442383e+01
   1.6532770e+06   2.0629883e+01
   1.6532930e+06   2.6367188e+01
   1.6533770e+06   2.9357910e+01
   1.6535870e+06   1.8310547e+01
   1.6537020e+06   2.2460938e+01
   1.6660320e+06   2.0568848e+01
   1.6661820e+06   2.0446777e+01
   1.6662190e+06   1.8127441e+01
   1.6662360e+06   2.4658203e+01
   1.6662830e+06   1.8676758e+01
   1.6663060e+06   2.1728516e+01
   1.6663270e+06   2.0935059e+01
   1.6663830e+06   1.8676758e+01
   1.6664070e+06   2.3071289e+01
   1.6664400e+06   1.8920898e+01
   1.6664620e+06   3.4240723e+01
   1.6665040e+06   1.8493652e+01
   1.6665280e+06   1.9287109e+01
   1.6665820e+06   2.0263672e+01
   1.6666030e+06   2.7404785e+01
   1.6666590e+06   1.7700195e+01
   1.6667080e+06   2.1728516e+01
   1.6668120e+06   1.9042969e+01
   1.6668380e+06   1.7700195e+01
   1.6787040e+06   2.0751953e+01
   1.6788470e+06   3.0029297e+01
   1.6788690e+06   2.3437500e+01
   1.6788920e+06   2.0080566e+01
   1.6789420e+06   2.4963379e+01
   1.6789540e+06   2.6733398e+01
   1.6790110e+06   2.4291992e+01
   1.6790400e+06   2.8442383e+01
   1.6790700e+06   2.7770996e+01
   1.6790920e+06   2.3803711e+01
   1.6791090e+06   1.9042969e+01
   1.6791470e+06   2.1240234e+01
   1.6791700e+06   2.3864746e+01
   1.6792700e+06   1.9958496e+01
   1.6793650e+06   2.5390625e+01
   1.6795310e+06   1.8432617e+01
   1.6908160e+06   1.7700195e+01
   1.6909310e+06   1.7700195e+01
   1.6909940e+06   1.8249512e+01
   1.6910430e+06   3.3813477e+01
   1.6910580e+06   1.9409180e+01
   1.6911030e+06   2.5939941e+01
   1.6911180e+06   2.1728516e+01
   1.6911380e+06   2.4780273e+01
   1.6911670e+06   3.3264160e+01
   1.6912100e+06   1.9104004e+01
   1.6912340e+06   2.0324707e+01
   1.6912490e+06   1.7883301e+01
   1.6913070e+06   2.5512695e+01
   1.6913770e+06   2.0202637e+01
   1.6914710e+06   2.6367188e+01
   1.6916050e+06   1.9104004e+01
   1.7052810e+06   1.7883301e+01
   1.7055200e+06   2.0629883e+01
   1.7055380e+06   2.4597168e+01
   1.7055660e+06   1.8127441e+01
   1.7055870e+06   1.8188477e+01
   1.7056060e+06   2.0690918e+01
   1.7056330e+06   2.6977539e+01
   1.7056570e+06   1.9409180e+01
   1.7056820e+06   2.7038574e+01
   1.7057000e+06   3.3386230e+01
   1.7057240e+06   2.5939941e+01
   1.7057410e+06   2.1789551e+01
   1.7057670e+06   2.2216797e+01
   1.7057810e+06   1.9165039e+01
   1.7058200e+06   1.9470215e+01
   1.7058710e+06   3.4912109e+01
   1.7059240e+06   2.3193359e+01
   1.7059680e+06   2.3193359e+01
   1.7060240e+06   1.8676758e+01
   1.7060740e+06   2.2583008e+01
   1.7061600e+06   2.0385742e+01
   1.7062530e+06   3.1494141e+01
   1.7063280e+06   2.5268555e+01
   1.7064060e+06   1.8249512e+01
   1.7064620e+06   2.0019531e+01
   1.7065590e+06   1.9958496e+01
   1.7066190e+06   1.7822266e+01
   1.7066820e+06   2.1545410e+01
   1.7192110e+06   1.8554688e+01
   1.7192880e+06   1.8737793e+01
   1.7193100e+06   1.8920898e+01
   1.7193530e+06   1.8310547e+01
   1.7193920e+06   2.6123047e+01
   1.7194390e+06   1.8920898e+01
   1.7194580e+06   1.8981934e+01
   1.7194700e+06   1.8737793e+01
   1.7194980e+06   2.0690918e+01
   1.7195080e+06   3.1799316e+01
   1.7195340e+06   2.1484375e+01
   1.7195510e+06   2.6733398e+01
   1.7195720e+06   1.8798828e+01
   1.7195980e+06   2.3803711e+01
   1.7196080e+06   2.5756836e+01
   1.7196400e+06   2.3742676e+01
   1.7196620e+06   1.7883301e+01
   1.7197190e+06   2.8198242e+01
   1.7197740e+06   2.3437500e+01
   1.7197880e+06   2.6123047e+01
   1.7198700e+06   2.4902344e+01
   1.7199470e+06   2.1850586e+01
   1.7199850e+06   2.2033691e+01
   1.7200560e+06   1.9287109e+01
   1.7200690e+06   2.4719238e+01
   1.7201450e+06   2.0568848e+01
   1.7330320e+06   1.8798828e+01
   1.7330690e+06   2.3254395e+01
   1.7331510e+06   1.7700195e+01
   1.7331790e+06   2.0812988e+01
   1.7332160e+06   2.0935059e+01
   1.7332470e+06   2.5268555e+01
   1.7332650e+06   2.5695801e+01
   1.7333020e+06   1.8798828e+01
   1.7333330e+06   1.7944336e+01
   1.7333520e+06   1.8920898e+01
   1.7333860e+06   2.0019531e+01
   1.7334070e+06   2.1972656e+01
   1.7334700e+06   2.2460938e+01
   1.7335270e+06   1.9714355e+01
   1.7336140e+06   2.2583008e+01
   1.7336420e+06   1.9592285e+01
   1.7337550e+06   2.5451660e+01
   1.7337790e+06   3.9184570e+01
   1.7338870e+06   1.9042969e+01
   1.7339100e+06   2.2521973e+01
   1.7339320e+06   1.8737793e+01
   1.7340490e+06   2.0324707e+01
   1.7343560e+06   1.8371582e+01
   1.7491720e+06   1.9348145e+01
   1.7491910e+06   1.9226074e+01
   1.7492370e+06   2.0751953e+01
   1.7492810e+06   1.8310547e+01
   1.7492970e+06   2.0385742e+01
   1.7493230e+06   2.0263672e+01
   1.7493540e+06   1.9348145e+01
   1.7493730e+06   3.2958984e+01
   1.7493940e+06   2.8137207e+01
   1.7494080e+06   2.0202637e+01
   1.7494480e+06   4.2358398e+01
   1.7494610e+06   1.7822266e+01
   1.7494880e+06   2.6672363e+01
   1.7495350e+06   3.3630371e+01
   1.7495600e+06   2.4047852e+01
   1.7495750e+06   2.3559570e+01
   1.7496130e+06   2.0141602e+01
   1.7496580e+06   1.9531250e+01
   1.7497210e+06   1.8859863e+01
   1.7497840e+06   3.1005859e+01
   1.7498360e+06   2.1911621e+01
   1.7498530e+06   1.8249512e+01
   1.7498930e+06   2.3925781e+01
   1.7499500e+06   2.1301270e+01
   1.7499700e+06   2.3986816e+01
   1.7500490e+06   1.8371582e+01
   1.7501290e+06   2.6000977e+01
   1.7502360e+06   1.9409180e+01
   1.7502740e+06   1.8676758e+01
   1.7503570e+06   2.4169922e+01
   1.7504100e+06   1.7761230e+01
   1.7698400e+06   2.2094727e+01
   1.7698790e+06   2.2033691e+01
   1.7699160e+06   2.1850586e+01
   1.7699470e+06   5.2185059e+01
   1.7699610e+06   3.3142090e+01
   1.7699880e+06   2.0874023e+01
   1.7700160e+06   2.1240234e+01
   1.7700520e+06   1.8188477e+01
   1.7700950e+06   2.5268555e+01
   1.7701150e+06   2.0080566e+01
   1.7701420e+06   1.8188477e+01
   1.7701710e+06   2.2460938e+01
   1.7702000e+06   2.7526855e+01
   1.7703580e+06   1.7944336e+01
   1.7704780e+06   1.8066406e+01
   1.7705470e+06   2.0629883e+01
   1.7705850e+06   2.5024414e+01
   1.7705960e+06   1.9958496e+01
   1.7706340e+06   1.8493652e+01
   1.7706950e+06   2.1850586e+01
   1.7707410e+06   2.5329590e+01
   1.7707720e+06   1.8432617e+01
   1.7708130e+06   1.8310547e+01
   1.7708570e+06   2.2155762e+01
   1.7709000e+06   2.0446777e+01
   1.7709280e+06   2.3498535e+01
   1.7710370e+06   2.0507813e+01
   1.7711980e+06   2.3132324e+01
   1.7885610e+06   1.8859863e+01
   1.7885940e+06   1.8127441e+01
   1.7886170e+06   2.0568848e+01
   1.7886270e+06   1.7944336e+01
   1.7886540e+06   2.0263672e+01
   1.7886820e+06   2.5878906e+01
   1.7887000e+06   3.1799316e+01
   1.7887260e+06   2.0385742e+01
   1.7887600e+06   2.1301270e+01
   1.7887910e+06   2.5573730e+01
   1.7888140e+06   2.6489258e+01
   1.7888360e+06   2.7893066e+01
   1.7888730e+06   1.8005371e+01
   1.7888970e+06   1.9042969e+01
   1.7889210e+06   1.8859863e+01
   1.7889470e+06   2.0568848e+01
   1.7889810e+06   2.0507812e+01
   1.7890550e+06   2.2827148e+01
   1.7890920e+06   2.2033691e+01
   1.7891230e+06   1.8615723e+01
   1.7892680e+06   1.9531250e+01
   1.7893110e+06   1.8249512e+01
   1.7893620e+06   2.1667480e+01
   1.7894180e+06   2.3071289e+01
   1.7894580e+06   1.8737793e+01
   1.7894920e+06   2.3132324e+01
   1.7895150e+06   2.4108887e+01
   1.7895690e+06   1.8066406e+01
   1.7896460e+06   2.6428223e+01
   1.7897600e+06   1.9409180e+01
   1.7898130e+06   2.0202637e+01
   1.7898930e+06   2.4291992e+01
   1.7899040e+06   2.6672363e+01
   1.7900580e+06   1.8127441e+01
   1.7902200e+06   1.8310547e+01
   1.8048670e+06   2.5085449e+01
   1.8048890e+06   2.9785156e+01
   1.8049130e+06   2.3376465e+01
   1.8049390e+06   1.7944336e+01
   1.8049800e+06   2.3559570e+01
   1.8050130e+06   2.1667480e+01
   1.8050380e+06   2.7954102e+01
   1.8050550e+06   2.3925781e+01
   1.8050720e+06   2.9418945e+01
   1.8050880e+06   2.8076172e+01
   1.8051120e+06   2.1301270e+01
   1.8051290e+06   2.5268555e+01
   1.8051510e+06   2.1972656e+01
   1.8051970e+06   2.1179199e+01
   1.8052120e+06   1.8737793e+01
   1.8052680e+06   1.7761230e+01
   1.8052860e+06   2.0690918e+01
   1.8053230e+06   3.1677246e+01
   1.8053630e+06   2.3559570e+01
   1.8054060e+06   2.1545410e+01
   1.8054470e+06   1.9592285e+01
   1.8054980e+06   2.1057129e+01
   1.8055430e+06   2.1728516e+01
   1.8055880e+06   2.1423340e+01
   1.8055990e+06   2.4353027e+01
   1.8056480e+06   1.8615723e+01
   1.8057160e+06   1.8310547e+01
   1.8057500e+06   2.6611328e+01
   1.8057770e+06   2.4597168e+01
   1.8058320e+06   2.3620605e+01
   1.8058420e+06   2.5512695e+01
   1.8059100e+06   1.8981934e+01
   1.8059620e+06   1.8066406e+01
   1.8059980e+06   2.5817871e+01
   1.8060110e+06   2.1423340e+01
   1.8061090e+06   2.2399902e+01
   1.8250200e+06   1.7883301e+01
   1.8250740e+06   2.4230957e+01
   1.8250930e+06   2.8076172e+01
   1.8251070e+06   2.4841309e+01
   1.8251170e+06   3.0334473e+01
   1.8251540e+06   2.5268555e+01
   1.8251690e+06   1.9409180e+01
   1.8252010e+06   2.8320312e+01
   1.8252350e+06   2.1606445e+01
   1.8252680e+06   2.2644043e+01
   1.8252970e+06   2.2155762e+01
   1.8253790e+06   2.0751953e+01
   1.8254180e+06   2.2094727e+01
   1.8254580e+06   2.4291992e+01
   1.8255020e+06   1.8798828e+01
   1.8255450e+06   1.8310547e+01
   1.8255840e+06   2.5085449e+01
   1.8256250e+06   2.2155762e+01
   1.8256670e+06   3.0578613e+01
   1.8257090e+06   2.0874023e+01
   1.8257340e+06   2.0263672e+01
   1.8257750e+06   1.8127441e+01
   1.8258100e+06   2.1362305e+01
   1.8258650e+06   1.8859863e+01
   1.8259160e+06   2.2399902e+01
   1.8259670e+06   2.8015137e+01
   1.8260220e+06   2.3498535e+01
   1.8261000e+06   2.0629883e+01
   1.8261710e+06   3.1799316e+01
   1.8261810e+06   1.8432617e+01
   1.8262070e+06   1.8676758e+01
   1.8262650e+06   1.9958496e+01
   1.8264020e+06   1.9958496e+01
   1.8264480e+06   1.7761230e+01
   1.8265040e+06   3.3142090e+01
   1.8416350e+06   1.9775391e+01
   1.8417030e+06   1.7822266e+01
   1.8417430e+06   2.6367188e+01
   1.8417530e+06   2.7282715e+01
   1.8417890e+06   3.0456543e+01
   1.8418060e+06   4.1320801e+01
   1.8418360e+06   3.2653809e+01
   1.8418600e+06   5.2062988e+01
   1.8418840e+06   2.0324707e+01
   1.8419010e+06   2.6733398e+01
   1.8419280e+06   2.7038574e+01
   1.8419540e+06   1.8066406e+01
   1.8419750e+06   2.8869629e+01
   1.8420190e+06   1.9409180e+01
   1.8420720e+06   2.0874023e+01
   1.8420990e+06   1.7761230e+01
   1.8421230e+06   2.4780273e+01
   1.8422200e+06   1.9104004e+01
   1.8422780e+06   1.9775391e+01
   1.8423390e+06   2.0751953e+01
   1.8424650e+06   1.8249512e+01
   1.8424750e+06   2.1545410e+01
   1.8425470e+06   1.9287109e+01
   1.8425780e+06   1.9165039e+01
   1.8426280e+06   1.8188477e+01
   1.8426430e+06   1.8493652e+01
   1.8427410e+06   1.9348145e+01
   1.8552390e+06   1.7944336e+01
   1.8556950e+06   1.9470215e+01
   1.8557360e+06   1.8615723e+01
   1.8557750e+06   1.8127441e+01
   1.8558080e+06   2.0751953e+01
   1.8558250e+06   3.1616211e+01
   1.8558460e+06   2.3742676e+01
   1.8558850e+06   2.2583008e+01
   1.8558970e+06   1.9165039e+01
   1.8559210e+06   3.1799316e+01
   1.8559610e+06   2.9663086e+01
   1.8560020e+06   2.3498535e+01
   1.8560420e+06   2.9174805e+01
   1.8560810e+06   2.0263672e+01
   1.8561060e+06   2.1606445e+01
   1.8561270e+06   2.0996094e+01
   1.8561450e+06   2.7282715e+01
   1.8561920e+06   2.7770996e+01
   1.8562400e+06   2.8259277e+01
   1.8562590e+06   1.8493652e+01
   1.8562890e+06   1.8066406e+01
   1.8563390e+06   1.8737793e+01
   1.8564000e+06   2.2460938e+01
   1.8564780e+06   2.3681641e+01
   1.8565480e+06   2.4169922e+01
   1.8565580e+06   2.2460938e+01
   1.8566060e+06   1.9714355e+01
   1.8566250e+06   2.5512695e+01
   1.8567330e+06   1.7883301e+01
   1.8567430e+06   2.2216797e+01
   1.8568070e+06   1.9165039e+01
   1.8568470e+06   1.9226074e+01
   1.8665660e+06   1.7761230e+01
   1.8687430e+06   1.7700195e+01
   1.8687930e+06   1.9897461e+01
   1.8688460e+06   1.7700195e+01
   1.8689000e+06   3.1738281e+01
   1.8689160e+06   2.1545410e+01
   1.8689540e+06   2.4047852e+01
   1.8689720e+06   2.8076172e+01
   1.8689860e+06   1.8493652e+01
   1.8690190e+06   2.2888184e+01
   1.8690670e+06   2.8991699e+01
   1.8690820e+06   2.6611328e+01
   1.8691250e+06   2.3681641e+01
   1.8691650e+06   2.4475098e+01
   1.8691810e+06   2.6184082e+01
   1.8692260e+06   1.9165039e+01
   1.8692570e+06   2.5573730e+01
   1.8692820e+06   1.9165039e+01
   1.8693050e+06   2.0263672e+01
   1.8693430e+06   2.6062012e+01
   1.8693570e+06   1.8493652e+01
   1.8694700e+06   1.8798828e+01
   1.8695180e+06   2.9357910e+01
   1.8696200e+06   2.3681641e+01
   1.8698380e+06   1.9409180e+01
   1.8698940e+06   1.8005371e+01
   1.8847530e+06   2.4230957e+01
   1.8848610e+06   1.8127441e+01
   1.8848940e+06   2.0019531e+01
   1.8849120e+06   2.3925781e+01
   1.8849490e+06   2.5329590e+01
   1.8849690e+06   1.8066406e+01
   1.8849870e+06   1.8798828e+01
   1.8850070e+06   2.9541016e+01
   1.8850200e+06   2.0568848e+01
   1.8850500e+06   2.3437500e+01
   1.8850620e+06   3.3020020e+01
   1.8851040e+06   2.5512695e+01
   1.8851470e+06   2.6977539e+01
   1.8851780e+06   2.0690918e+01
   1.8852200e+06   2.1484375e+01
   1.8852300e+06   2.2949219e+01
   1.8852690e+06   2.1667480e+01
   1.8855100e+06   2.4047852e+01
   1.8855600e+06   2.1484375e+01
   1.8856100e+06   1.8066406e+01
   1.8856330e+06   2.8137207e+01
   1.8857080e+06   2.4963379e+01
   1.8857930e+06   2.1118164e+01
   1.8859970e+06   2.4414062e+01
   1.8860430e+06   1.7944336e+01
   1.9008980e+06   1.8005371e+01
   1.9009700e+06   2.3193359e+01
   1.9010250e+06   2.7587891e+01
   1.9010670e+06   1.9470215e+01
   1.9010860e+06   2.2521973e+01
   1.9011180e+06   1.9897461e+01
   1.9011340e+06   3.4179688e+01
   1.9011580e+06   1.9592285e+01
   1.9011850e+06   1.8798828e+01
   1.9012100e+06   1.8920898e+01
   1.9012430e+06   3.1555176e+01
   1.9012670e+06   2.2338867e+01
   1.9012970e+06   2.4414062e+01
   1.9013360e+06   2.4047852e+01
   1.9013470e+06   1.8432617e+01
   1.9013870e+06   2.3437500e+01
   1.9014040e+06   1.9836426e+01
   1.9014220e+06   2.4108887e+01
   1.9014740e+06   2.6062012e+01
   1.9016330e+06   2.0385742e+01
   1.9016630e+06   1.7822266e+01
   1.9017770e+06   2.2521973e+01
   1.9018390e+06   2.3620605e+01
   1.9019240e+06   1.9042969e+01
   1.9019900e+06   1.8432617e+01
   1.9020460e+06   2.2033691e+01
   1.9136020e+06   1.7822266e+01
   1.9136670e+06   2.5146484e+01
   1.9136830e+06   2.2705078e+01
   1.9136970e+06   1.9470215e+01
   1.9137420e+06   2.1118164e+01
   1.9138280e+06   2.0935059e+01
   1.9138810e+06   1.8310547e+01
   1.9139030e+06   1.7761230e+01
   1.9139290e+06   2.3376465e+01
   1.9139460e+06   1.9287109e+01
   1.9139680e+06   2.0141602e+01
   1.9140030e+06   1.7883301e+01
   1.9140350e+06   3.6865234e+01
   1.9140720e+06   1.9714355e+01
   1.9140940e+06   2.7648926e+01
   1.9141150e+06   1.9592285e+01
   1.9141500e+06   2.1850586e+01
   1.9141880e+06   1.8798828e+01
   1.9142370e+06   2.6672363e+01
   1.9142540e+06   2.8076172e+01
   1.9143020e+06   2.4536133e+01
   1.9143180e+06   1.9592285e+01
   1.9143570e+06   1.9531250e+01
   1.9143860e+06   2.0324707e+01
   1.9267380e+06   1.7761230e+01
   1.9267890e+06   2.2827148e+01
   1.9268090e+06   2.1911621e+01
   1.9268480e+06   1.7883301e+01
   1.9268820e+06   2.3681641e+01
   1.9269190e+06   2.6000977e+01
   1.9269310e+06   1.8432617e+01
   1.9269730e+06   2.4169922e+01
   1.9270000e+06   1.8371582e+01
   1.9270280e+06   1.8310547e+01
   1.9270550e+06   2.5573730e+01
   1.9270780e+06   2.1484375e+01
   1.9271080e+06   2.1423340e+01
   1.9271450e+06   2.4536133e+01
   1.9271710e+06   3.2226562e+01
   1.9272350e+06   2.9663086e+01
   1.9272660e+06   2.2216797e+01
   1.9273040e+06   2.9113770e+01
   1.9273630e+06   3.3569336e+01
   1.9274150e+06   1.7944336e+01
   1.9274340e+06   2.4902344e+01
   1.9274810e+06   1.9775391e+01
   1.9275120e+06   2.1118164e+01
   1.9275870e+06   1.9348145e+01
   1.9276150e+06   1.9531250e+01
   1.9277290e+06   2.1057129e+01
   1.9277650e+06   1.8127441e+01
   1.9374980e+06   1.7883301e+01
   1.9453380e+06   1.8310547e+01
   1.9453770e+06   2.6000977e+01
   1.9454120e+06   1.7700195e+01
   1.9454440e+06   2.4291992e+01
   1.9454650e+06   2.6306152e+01
   1.9454990e+06   2.2521973e+01
   1.9455280e+06   3.2897949e+01
   1.9455400e+06   2.7893066e+01
   1.9455920e+06   1.8737793e+01
   1.9456170e+06   2.2644043e+01
   1.9456620e+06   2.2155762e+01
   1.9456930e+06   2.1423340e+01
   1.9457100e+06   3.4057617e+01
   1.9457520e+06   2.9174805e+01
   1.9457650e+06   1.8371582e+01
   1.9459060e+06   2.0019531e+01
   1.9459450e+06   2.9602051e+01
   1.9460120e+06   2.3498535e+01
   1.9460670e+06   2.0019531e+01
   1.9460860e+06   3.2653809e+01
   1.9461370e+06   2.1179199e+01
   1.9461510e+06   1.9226074e+01
   1.9462570e+06   2.3986816e+01
   1.9463690e+06   1.8310547e+01
   1.9463800e+06   2.0996094e+01
   1.9618550e+06   2.0690918e+01
   1.9619190e+06   1.7761230e+01
   1.9619540e+06   2.0690918e+01
   1.9620250e+06   2.0324707e+01
   1.9620470e+06   1.9042969e+01
   1.9620960e+06   3.0273438e+01
   1.9621190e+06   1.9287109e+01
   1.9621740e+06   1.9104004e+01
   1.9621980e+06   3.5888672e+01
   1.9622140e+06   2.6367188e+01
   1.9622590e+06   2.9846191e+01
   1.9623170e+06   3.0456543e+01
   1.9623470e+06   1.9348145e+01
   1.9623770e+06   1.8493652e+01
   1.9624360e+06   3.0151367e+01
   1.9625020e+06   3.1250000e+01
   1.9625710e+06   2.1179199e+01
   1.9625870e+06   2.0324707e+01
   1.9626730e+06   2.3742676e+01
   1.9626970e+06   2.0751953e+01
   1.9830030e+06   1.8127441e+01
   1.9831130e+06   1.7944336e+01
   1.9831340e+06   2.1667480e+01
   1.9831980e+06   1.8127441e+01
   1.9832270e+06   2.5634766e+01
   1.9832430e+06   2.0324707e+01
   1.9832630e+06   2.0385742e+01
   1.9832730e+06   2.1179199e+01
   1.9832990e+06   2.7587891e+01
   1.9833200e+06   2.6611328e+01
   1.9833450e+06   1.8249512e+01
   1.9833830e+06   3.1127930e+01
   1.9833940e+06   2.3193359e+01
   1.9834380e+06   2.6000977e+01
   1.9834860e+06   1.7944336e+01
   1.9835130e+06   1.9897461e+01
   1.9835360e+06   2.3681641e+01
   1.9835720e+06   2.2827148e+01
   1.9835820e+06   2.5939941e+01
   1.9836280e+06   1.9531250e+01
   1.9836830e+06   2.2888184e+01
   1.9837100e+06   2.0568848e+01
   1.9837350e+06   1.8798828e+01
   1.9837460e+06   1.8859863e+01
   1.9838680e+06   2.5024414e+01
   1.9839250e+06   1.9409180e+01
   1.9840170e+06   2.2460938e+01
   1.9841230e+06   1.8737793e+01
   1.9841850e+06   2.0874023e+01
   2.2820470e+06   1.8066406e+01
