   3.0000000e+06   0.0000000e+00
   2.6800000e+02   4.1503906e+01
   1.4070000e+03   4.9804688e+01
   3.0880000e+03   4.5104980e+01
   6.6840000e+03   3.6437988e+01
   8.7430000e+03   3.9916992e+01
   1.1629000e+04   3.3569336e+01
   1.3863000e+04   4.7485352e+01
   1.6154000e+04   4.3884277e+01
   1.8662000e+04   3.7597656e+01
   2.1730000e+04   3.6987305e+01
   2.4066000e+04   3.5705566e+01
   2.6045000e+04   3.8574219e+01
   2.8521000e+04   4.3334961e+01
   3.0996000e+04   3.9367676e+01
   3.2591000e+04   4.2907715e+01
   3.5603000e+04   4.5593262e+01
   3.7560000e+04   3.4301758e+01
   3.9724000e+04   4.5227051e+01
   4.1391000e+04   3.9245605e+01
   4.4977000e+04   4.5410156e+01
   4.7006000e+04   3.4179688e+01
   5.1032000e+04   3.6682129e+01
   5.2731000e+04   3.9245605e+01
   5.4390000e+04   5.0903320e+01
   5.6168000e+04   4.0222168e+01
   5.9499000e+04   4.0039062e+01
   6.2299000e+04   4.1442871e+01
   6.4269000e+04   3.9245605e+01
   6.7744000e+04   4.1625977e+01
   7.0281000e+04   3.8269043e+01
   7.3283000e+04   4.0283203e+01
   7.5711000e+04   4.8706055e+01
   7.8746000e+04   3.7597656e+01
   8.3145000e+04   3.9855957e+01
   8.7289000e+04   4.0039062e+01
   8.9602000e+04   4.3395996e+01
   9.2084000e+04   3.9672852e+01
   9.4100000e+04   3.7109375e+01
   9.6105000e+04   4.9804688e+01
   9.8920000e+04   4.3762207e+01
   1.0148400e+05   4.0710449e+01
   1.0297500e+05   4.0893555e+01
   1.0425500e+05   5.1696777e+01
   1.0516300e+05   3.8574219e+01
   1.0890600e+05   4.4860840e+01
   1.1244700e+05   3.8635254e+01
   1.2099500e+05   4.0344238e+01
   1.2322000e+05   4.1442871e+01
   1.2588400e+05   5.3100586e+01
   1.2758200e+05   3.8879395e+01
   1.2916300e+05   4.8706055e+01
   1.3129900e+05   3.8024902e+01
   1.3398000e+05   4.1992188e+01
   1.3627600e+05   4.2724609e+01
   1.3870100e+05   4.2358398e+01
   1.4085200e+05   3.9855957e+01
   1.4289000e+05   4.9194336e+01
   1.4473600e+05   4.0649414e+01
   1.4655100e+05   4.0832520e+01
   1.4792600e+05   3.8452148e+01
   1.5044400e+05   5.0537109e+01
   1.5204000e+05   3.8574219e+01
   1.5330200e+05   3.9245605e+01
   1.5678700e+05   3.4912109e+01
   1.5880800e+05   4.5410156e+01
   1.6083200e+05   5.1574707e+01
   1.6451800e+05   3.7231445e+01
   1.6644600e+05   4.4860840e+01
   1.6829900e+05   4.1992188e+01
   1.7022200e+05   4.9011230e+01
   1.7185900e+05   3.8391113e+01
   1.7664700e+05   4.0344238e+01
   1.7812800e+05   4.0527344e+01
   1.8010900e+05   4.0283203e+01
   1.8116500e+05   4.0222168e+01
   1.8303500e+05   4.0161133e+01
   1.8525600e+05   4.4616699e+01
   1.8812500e+05   3.9123535e+01
   1.9083800e+05   3.5156250e+01
   1.9362200e+05   3.9428711e+01
   1.9556500e+05   4.9987793e+01
   2.0081900e+05   5.2734375e+01
   2.0252100e+05   3.9733887e+01
   2.0468900e+05   4.6691895e+01
   2.0640600e+05   4.1076660e+01
   2.1186900e+05   3.6926270e+01
   2.1973200e+05   4.5837402e+01
   2.2361300e+05   4.5471191e+01
   2.2866900e+05   3.9672852e+01
   2.3085300e+05   4.0405273e+01
   2.3228800e+05   5.1452637e+01
   2.3536600e+05   3.7963867e+01
   2.3709600e+05   4.2663574e+01
   2.3943900e+05   4.0527344e+01
   2.4089600e+05   3.3447266e+01
   2.4318100e+05   3.9306641e+01
   2.4522000e+05   4.8950195e+01
   2.5131000e+05   4.1137695e+01
   2.5509800e+05   4.1381836e+01
   2.6009100e+05   4.0222168e+01
   2.6352400e+05   4.0100098e+01
   2.6572600e+05   3.8269043e+01
   2.6748300e+05   4.4433594e+01
   2.6988100e+05   3.3508301e+01
   2.7111000e+05   5.0659180e+01
   2.7206800e+05   3.3935547e+01
   2.7387900e+05   3.6376953e+01
   2.7495500e+05   3.8635254e+01
   2.7703800e+05   5.0476074e+01
   2.8044400e+05   3.6682129e+01
   2.8270500e+05   4.5593262e+01
   2.8494600e+05   3.4912109e+01
   2.8994600e+05   4.0954590e+01
   2.9443900e+05   3.1738281e+01
   2.9775500e+05   4.4494629e+01
   3.0015200e+05   5.4260254e+01
   3.0464300e+05   5.2551270e+01
   3.0778200e+05   3.7170410e+01
   3.1134400e+05   4.0283203e+01
   3.1362800e+05   4.6325684e+01
   3.1626600e+05   5.3100586e+01
   3.1879700e+05   4.3212891e+01
   3.2152800e+05   3.9916992e+01
   3.2360600e+05   4.2236328e+01
   3.2623500e+05   3.4423828e+01
   3.2911000e+05   4.8767090e+01
   3.3074500e+05   4.2114258e+01
   3.3491600e+05   5.2734375e+01
   3.3609500e+05   3.6132813e+01
   3.4183000e+05   3.8208008e+01
   3.4389000e+05   5.3771973e+01
   3.4506800e+05   5.2795410e+01
   3.5364400e+05   4.0710449e+01
   3.5679600e+05   3.3630371e+01
   3.6019900e+05   4.0405273e+01
   3.6301700e+05   4.3518066e+01
   3.6516400e+05   4.1625977e+01
   3.6668500e+05   4.1503906e+01
   3.6905000e+05   4.0588379e+01
   3.7218400e+05   5.1940918e+01
   3.7327400e+05   4.3579102e+01
   3.7382800e+05   3.9062500e+01
   3.8096800e+05   3.9245605e+01
   3.8805500e+05   3.6376953e+01
   3.9047800e+05   4.1564941e+01
   3.9490800e+05   5.2368164e+01
   3.9857500e+05   3.8696289e+01
   4.0240600e+05   3.7109375e+01
   4.0496100e+05   4.1137695e+01
   4.0912800e+05   4.1992188e+01
   4.1051800e+05   4.0710449e+01
   4.1150300e+05   3.4912109e+01
   4.1442000e+05   3.7292480e+01
   4.1918400e+05   3.9916992e+01
   4.2385400e+05   4.5288086e+01
   4.2614700e+05   4.1076660e+01
   4.2857000e+05   5.1940918e+01
   4.3086100e+05   5.0903320e+01
   4.3320800e+05   4.1320801e+01
   4.3571700e+05   3.3142090e+01
   4.3763500e+05   5.3039551e+01
   4.3793700e+05   5.5664062e+01
   4.3898600e+05   4.4738770e+01
   4.4486300e+05   5.5114746e+01
   4.5032300e+05   4.0588379e+01
   4.5200700e+05   3.4545898e+01
   4.5531700e+05   3.9672852e+01
   4.6176800e+05   3.7536621e+01
   4.6509300e+05   5.4199219e+01
   4.6632800e+05   4.4738770e+01
   4.6671800e+05   3.7719727e+01
   4.7276400e+05   2.5756836e+01
   4.7529200e+05   3.9184570e+01
   4.7887400e+05   4.0222168e+01
   4.8285700e+05   3.6254883e+01
   4.8753200e+05   5.2673340e+01
   4.9113100e+05   5.1147461e+01
   4.9517800e+05   4.9804688e+01
   4.9716400e+05   3.9794922e+01
   4.9961800e+05   3.5217285e+01
   5.0015500e+05   3.9916992e+01
   5.0170000e+05   4.0588379e+01
   5.0219100e+05   3.4484863e+01
   5.0249700e+05   4.0466309e+01
   5.0706500e+05   3.6315918e+01
   5.1481300e+05   4.0466309e+01
   5.1859300e+05   3.8635254e+01
   5.2186500e+05   4.0649414e+01
   5.2328500e+05   4.8400879e+01
   5.2714100e+05   3.7109375e+01
   5.2777000e+05   3.5766602e+01
   5.2851300e+05   4.5593262e+01
   5.2890000e+05   3.7658691e+01
   5.3469300e+05   2.0690918e+01
   5.3642000e+05   3.7719727e+01
   5.3995400e+05   4.0954590e+01
   5.4665800e+05   3.8757324e+01
   5.4882600e+05   4.0771484e+01
   5.5290300e+05   5.2062988e+01
   5.5556800e+05   4.0466309e+01
   5.5681000e+05   3.7170410e+01
   5.5712700e+05   3.8940430e+01
   5.6239200e+05   3.5766602e+01
   5.6581700e+05   5.0903320e+01
   5.6890400e+05   3.8208008e+01
   5.7296300e+05   4.2175293e+01
   5.7504400e+05   3.9306641e+01
   5.7538200e+05   4.3579102e+01
   5.7791300e+05   3.9550781e+01
   5.8007700e+05   3.8818359e+01
   5.8095100e+05   4.2663574e+01
   5.8453600e+05   4.0527344e+01
   5.8857600e+05   4.3457031e+01
   5.9123800e+05   4.2602539e+01
   5.9286000e+05   3.7719727e+01
   5.9929800e+05   4.2907715e+01
   6.0587600e+05   3.7841797e+01
   6.0615500e+05   3.7963867e+01
   6.0652400e+05   4.9743652e+01
   6.0782700e+05   5.1086426e+01
   6.1114000e+05   4.9133301e+01
   6.1240800e+05   3.9062500e+01
   6.1340000e+05   3.3752441e+01
   6.1931800e+05   3.5400391e+01
   6.2279900e+05   3.6193848e+01
   6.2591500e+05   4.1137695e+01
   6.2629200e+05   5.0842285e+01
   6.2686800e+05   3.3935547e+01
   6.2726700e+05   3.6804199e+01
   6.3216200e+05   4.5837402e+01
   6.3310500e+05   4.0466309e+01
   6.3728200e+05   4.1137695e+01
   6.4352600e+05   4.9621582e+01
   6.4545900e+05   3.8940430e+01
   6.4574600e+05   3.9123535e+01
   6.5270600e+05   4.8950195e+01
   6.5605700e+05   3.7780762e+01
   6.5759900e+05   3.9855957e+01
   6.6056100e+05   3.2714844e+01
   6.6129300e+05   5.2185059e+01
   6.6153600e+05   4.5532227e+01
   6.6187600e+05   3.3935547e+01
   6.6691800e+05   3.7658691e+01
   6.6782900e+05   3.7048340e+01
   6.7349300e+05   3.9916992e+01
   6.7759900e+05   5.3283691e+01
   6.7996800e+05   3.5583496e+01
   6.8362000e+05   5.3955078e+01
   6.8399000e+05   3.6987305e+01
   6.8450200e+05   3.7292480e+01
   6.8494900e+05   3.7109375e+01
   6.9085300e+05   4.9072266e+01
   6.9212500e+05   3.6499023e+01
   6.9605200e+05   4.1809082e+01
   7.0101700e+05   3.7902832e+01
   7.0240300e+05   4.1198730e+01
   7.0260000e+05   3.7597656e+01
   7.0287400e+05   4.4494629e+01
   7.0381900e+05   4.0039062e+01
   7.0461800e+05   3.9978027e+01
   7.1119100e+05   5.0537109e+01
   7.1254900e+05   4.2114258e+01
   7.1459800e+05   3.9062500e+01
   7.3190400e+05   4.1687012e+01
   7.3215200e+05   4.9926758e+01
   7.3245700e+05   3.7719727e+01
   7.3310900e+05   5.1574707e+01
   7.3350500e+05   3.7353516e+01
   7.3966600e+05   3.9733887e+01
   7.4376000e+05   3.8208008e+01
   7.4591300e+05   4.1625977e+01
   7.5111400e+05   3.7231445e+01
   7.5607800e+05   3.7292480e+01
   7.5628300e+05   3.5583496e+01
   7.5654900e+05   5.0659180e+01
   7.5688900e+05   4.0222168e+01
   7.6126700e+05   5.2368164e+01
   7.6346900e+05   4.5593262e+01
   7.6728200e+05   4.7363281e+01
   7.7000300e+05   5.0415039e+01
   7.7192400e+05   4.8217773e+01
   7.7370300e+05   4.0954590e+01
   7.7388200e+05   3.9550781e+01
   7.7433400e+05   4.0161133e+01
   7.7989000e+05   4.4006348e+01
   7.8366100e+05   4.0527344e+01
   7.8571500e+05   3.6437988e+01
   7.8687600e+05   3.6682129e+01
   7.8788800e+05   4.7912598e+01
   7.8875800e+05   4.5654297e+01
   7.8981500e+05   4.1137695e+01
   7.9184600e+05   4.0832520e+01
   7.9438200e+05   4.5349121e+01
   7.9614500e+05   4.7790527e+01
   7.9717200e+05   5.1391602e+01
   7.9801900e+05   4.0893555e+01
   8.0005800e+05   4.2175293e+01
   8.0019100e+05   4.0588379e+01
   8.0037600e+05   4.1259766e+01
   8.0085300e+05   3.9184570e+01
   8.0388500e+05   3.5034180e+01
   8.0686200e+05   3.9733887e+01
   8.1591000e+05   4.1198730e+01
   8.1789000e+05   4.4067383e+01
   8.1892800e+05   3.9123535e+01
   8.2101200e+05   4.4982910e+01
   8.2176800e+05   3.9489746e+01
   8.2470800e+05   4.6203613e+01
   8.2862200e+05   3.7231445e+01
   8.3191000e+05   4.3212891e+01
   8.3466200e+05   4.0832520e+01
   8.3672000e+05   3.9733887e+01
   8.4041200e+05   4.1748047e+01
   8.4213100e+05   4.3273926e+01
   8.4803700e+05   4.0893555e+01
   8.5218000e+05   3.7963867e+01
   8.5254300e+05   4.3640137e+01
   8.5300900e+05   4.3701172e+01
   8.5345400e+05   4.3701172e+01
   8.5377800e+05   4.6630859e+01
   8.5734100e+05   3.5949707e+01
   8.6082800e+05   3.9916992e+01
   8.6445700e+05   5.0415039e+01
   8.7004700e+05   4.1259766e+01
   8.7474500e+05   3.8757324e+01
   8.7554200e+05   4.9316406e+01
   8.7571200e+05   4.3334961e+01
   8.7597700e+05   4.3823242e+01
   8.7905900e+05   4.4372559e+01
   8.8254200e+05   3.8513184e+01
   8.8577900e+05   3.9245605e+01
   8.8608900e+05   3.7719727e+01
   8.9058000e+05   3.7597656e+01
   8.9267900e+05   4.1076660e+01
   8.9890500e+05   3.8085938e+01
   8.9969200e+05   4.1076660e+01
   9.0487000e+05   4.8889160e+01
   9.0625200e+05   5.3344727e+01
   9.0899700e+05   2.2827148e+01
   9.0936700e+05   4.1198730e+01
   9.0953700e+05   3.5888672e+01
   9.4159300e+05   3.8940430e+01
   9.5032100e+05   4.3457031e+01
   9.5809500e+05   3.8085938e+01
   9.6346200e+05   3.8024902e+01
   9.6577300e+05   4.4250488e+01
   9.6786300e+05   4.1625977e+01
   9.7032400e+05   4.1564941e+01
   9.7110400e+05   4.2053223e+01
   9.7137500e+05   4.4372559e+01
   9.7790300e+05   5.3283691e+01
   9.8296500e+05   5.0415039e+01
   9.8538400e+05   4.7363281e+01
   9.8782700e+05   4.0100098e+01
   9.8880100e+05   3.9306641e+01
   9.8929800e+05   5.1147461e+01
   9.8937700e+05   4.9377441e+01
   9.8958000e+05   3.8879395e+01
   9.9685100e+05   3.7719727e+01
   1.0099400e+06   3.6499023e+01
   1.0156270e+06   4.9865723e+01
   1.0160030e+06   4.1931152e+01
   1.0220730e+06   4.1015625e+01
   1.0254770e+06   3.6560059e+01
   1.0309500e+06   5.3161621e+01
   1.0353620e+06   3.8085938e+01
   1.0396590e+06   4.7546387e+01
   1.0434750e+06   3.7597656e+01
   1.0475230e+06   3.6254883e+01
   1.0523150e+06   3.9367676e+01
   1.0576580e+06   3.7719727e+01
   1.0610420e+06   3.5217285e+01
   1.0616610e+06   3.7963867e+01
   1.0620400e+06   4.7485352e+01
   1.0686560e+06   5.0292969e+01
   1.0699860e+06   4.0283203e+01
   1.0710280e+06   4.6997070e+01
   1.0718980e+06   3.5705566e+01
   1.0733390e+06   4.7790527e+01
   1.0740610e+06   5.1330566e+01
   1.0778740e+06   3.8879395e+01
   1.0792120e+06   4.1320801e+01
   1.0807140e+06   3.7841797e+01
   1.0835830e+06   4.2785645e+01
   1.0869290e+06   4.3090820e+01
   1.1002220e+06   4.3457031e+01
   1.1026920e+06   3.8818359e+01
   1.1050710e+06   3.8879395e+01
   1.1068600e+06   5.2978516e+01
   1.1085090e+06   4.2175293e+01
   1.1100340e+06   4.1625977e+01
   1.1128540e+06   4.9377441e+01
   1.1134290e+06   3.6193848e+01
   1.1137120e+06   3.8452148e+01
   1.1254660e+06   4.0100098e+01
   1.1262470e+06   4.1320801e+01
   1.1357880e+06   4.9011230e+01
   1.1412820e+06   4.3823242e+01
   1.1472170e+06   3.8146973e+01
   1.1486900e+06   3.8635254e+01
   1.1502890e+06   5.1147461e+01
   1.1525430e+06   4.1198730e+01
   1.1542190e+06   5.2124023e+01
   1.1557500e+06   5.5664062e+01
   1.1574080e+06   3.8696289e+01
   1.1588570e+06   4.2419434e+01
   1.1618440e+06   4.0100098e+01
   1.1636420e+06   5.2307129e+01
   1.1657780e+06   4.1442871e+01
   1.1681190e+06   4.4006348e+01
   1.1707440e+06   3.7963867e+01
   1.1720420e+06   3.6621094e+01
   1.1741990e+06   4.3151855e+01
   1.1774070e+06   4.1503906e+01
   1.1793570e+06   4.0527344e+01
   1.1811520e+06   5.1635742e+01
   1.1823510e+06   3.3142090e+01
   1.1862400e+06   4.6508789e+01
   1.1904150e+06   4.4860840e+01
   1.1932550e+06   4.3884277e+01
   1.1947650e+06   3.3752441e+01
   1.2044180e+06   4.0466309e+01
   1.2068940e+06   3.7170410e+01
   1.2091240e+06   4.0344238e+01
   1.2156180e+06   4.5471191e+01
   1.2177420e+06   3.7780762e+01
   1.2189870e+06   4.3579102e+01
   1.2211260e+06   3.7597656e+01
   1.2253690e+06   2.1118164e+01
   1.2344960e+06   4.7851563e+01
   1.2359640e+06   3.9184570e+01
   1.2392750e+06   4.6875000e+01
   1.2448160e+06   4.8400879e+01
   1.2463060e+06   5.1635742e+01
   1.2486440e+06   3.8574219e+01
   1.2502820e+06   4.1625977e+01
   1.2517120e+06   4.1687012e+01
   1.2538180e+06   4.1381836e+01
   1.2550430e+06   2.0751953e+01
   1.2551110e+06   3.6865234e+01
   1.2552060e+06   3.3081055e+01
   1.2553150e+06   3.3630371e+01
   1.2702750e+06   4.0832520e+01
   1.2715040e+06   3.4790039e+01
   1.2808690e+06   2.4230957e+01
   1.2809360e+06   2.4475098e+01
   1.2811890e+06   3.9611816e+01
   1.2813630e+06   3.5827637e+01
   1.2814770e+06   3.6743164e+01
   1.2963300e+06   4.0283203e+01
   1.3025170e+06   5.5725098e+01
   1.3073120e+06   4.9255371e+01
   1.3074950e+06   4.2663574e+01
   1.3076970e+06   3.4484863e+01
   1.3079490e+06   4.2236328e+01
   1.3227380e+06   3.8757324e+01
   1.3255190e+06   3.7719727e+01
   1.3272260e+06   5.4626465e+01
   1.3277290e+06   4.2907715e+01
   1.3375420e+06   5.3039551e+01
   1.3419540e+06   3.8940430e+01
   1.3424420e+06   4.4189453e+01
   1.3479010e+06   4.8217773e+01
   1.3496440e+06   4.6020508e+01
   1.3498530e+06   3.8024902e+01
   1.3501500e+06   3.8879395e+01
   1.3605080e+06   4.3701172e+01
   1.3605430e+06   2.1728516e+01
   1.3607660e+06   4.0161133e+01
   1.3650710e+06   4.2724609e+01
   1.3651670e+06   5.0109863e+01
   1.3655440e+06   3.6926270e+01
   1.3724340e+06   4.9255371e+01
   1.3725840e+06   5.3466797e+01
   1.3798920e+06   5.1574707e+01
   1.3799350e+06   4.1992188e+01
   1.3800620e+06   3.8635254e+01
   1.3803460e+06   3.7536621e+01
   1.3875130e+06   3.9245605e+01
   1.3875920e+06   4.2297363e+01
   1.3877810e+06   4.0222168e+01
   1.3939560e+06   4.2053223e+01
   1.3940310e+06   4.6325684e+01
   1.3941940e+06   4.6875000e+01
   1.3988730e+06   4.2053223e+01
   1.3989500e+06   4.8889160e+01
   1.3990010e+06   3.2897949e+01
   1.4034810e+06   3.9428711e+01
   1.4070280e+06   4.7851563e+01
   1.4071240e+06   5.2246094e+01
   1.4074960e+06   4.1625977e+01
   1.4122070e+06   4.5837402e+01
   1.4123140e+06   4.1076660e+01
   1.4167660e+06   4.2663574e+01
   1.4168260e+06   4.6997070e+01
   1.4169300e+06   3.8024902e+01
   1.4210950e+06   4.2785645e+01
   1.4211800e+06   5.5786133e+01
   1.4212680e+06   4.3457031e+01
   1.4214290e+06   4.1564941e+01
   1.4261020e+06   4.6142578e+01
   1.4261610e+06   3.9978027e+01
   1.4262900e+06   3.2592773e+01
   1.4309310e+06   5.4199219e+01
   1.4310230e+06   4.3395996e+01
   1.4313270e+06   4.4616699e+01
   1.4361220e+06   4.1198730e+01
   1.4362100e+06   4.6264648e+01
   1.4363210e+06   4.5593262e+01
   1.4364590e+06   4.0954590e+01
   1.4416000e+06   4.1564941e+01
   1.4416670e+06   4.1381836e+01
   1.4417780e+06   3.7048340e+01
   1.4419110e+06   4.1809082e+01
   1.4466930e+06   4.8522949e+01
   1.4467660e+06   4.4616699e+01
   1.4469220e+06   4.4555664e+01
   1.4528640e+06   4.8583984e+01
   1.4529360e+06   4.8400879e+01
   1.4530410e+06   4.3945312e+01
   1.4531290e+06   4.0710449e+01
   1.4532660e+06   4.3395996e+01
   1.4600100e+06   3.7536621e+01
   1.4602020e+06   4.0710449e+01
   1.4602840e+06   3.9672852e+01
   1.4654240e+06   3.9978027e+01
   1.4654940e+06   4.1992188e+01
   1.4655860e+06   4.9255371e+01
   1.4656930e+06   3.8757324e+01
   1.4730010e+06   5.0476074e+01
   1.4730750e+06   5.5480957e+01
   1.4731390e+06   5.0109863e+01
   1.4732320e+06   3.7658691e+01
   1.4733310e+06   4.0039062e+01
   1.4734900e+06   3.8696289e+01
   1.4806540e+06   3.9733887e+01
   1.4807170e+06   4.5043945e+01
   1.4807960e+06   5.0292969e+01
   1.4808920e+06   3.4667969e+01
   1.4810000e+06   3.8452148e+01
   1.4811330e+06   3.7353516e+01
   1.4879400e+06   4.8156738e+01
   1.4879930e+06   4.3518066e+01
   1.4880590e+06   4.1381836e+01
   1.4882240e+06   3.5522461e+01
   1.4884550e+06   4.3518066e+01
   1.4958400e+06   5.4748535e+01
   1.4958930e+06   4.5837402e+01
   1.4959530e+06   3.7353516e+01
   1.4960280e+06   3.7902832e+01
   1.4961530e+06   4.1992188e+01
   1.5035110e+06   4.7546387e+01
   1.5035850e+06   5.1147461e+01
   1.5036310e+06   5.4382324e+01
   1.5036990e+06   5.0170898e+01
   1.5037820e+06   3.8330078e+01
   1.5039480e+06   3.5705566e+01
   1.5108300e+06   4.0527344e+01
   1.5108760e+06   4.8950195e+01
   1.5109370e+06   5.2124023e+01
   1.5109620e+06   2.0874023e+01
   1.5110290e+06   3.5034180e+01
   1.5113480e+06   3.9367676e+01
   1.5200350e+06   4.3334961e+01
   1.5201440e+06   5.1940918e+01
   1.5202070e+06   3.8696289e+01
   1.5203230e+06   4.3151855e+01
   1.5204700e+06   4.3762207e+01
   1.5288330e+06   5.1208496e+01
   1.5289190e+06   5.7189941e+01
   1.5289960e+06   4.4921875e+01
   1.5291030e+06   4.2907715e+01
   1.5292480e+06   4.1625977e+01
   1.5294230e+06   3.6682129e+01
   1.5363260e+06   5.5847168e+01
   1.5364020e+06   3.9916992e+01
   1.5364580e+06   5.7678223e+01
   1.5365460e+06   3.9306641e+01
   1.5367820e+06   3.7048340e+01
   1.5451240e+06   2.9296875e+01
   1.5451880e+06   5.2307129e+01
   1.5452790e+06   4.0405273e+01
   1.5453840e+06   4.9316406e+01
   1.5454890e+06   3.7109375e+01
   1.5456840e+06   3.8024902e+01
   1.5536760e+06   4.7241211e+01
   1.5537370e+06   4.7607422e+01
   1.5538230e+06   4.8156738e+01
   1.5540190e+06   3.9672852e+01
   1.5542050e+06   3.6132813e+01
   1.5616550e+06   5.0231934e+01
   1.5617380e+06   4.0405273e+01
   1.5618300e+06   3.5888672e+01
   1.5619100e+06   4.7729492e+01
   1.5619820e+06   3.5583496e+01
   1.5701340e+06   3.7475586e+01
   1.5702150e+06   5.6884766e+01
   1.5702930e+06   3.4912109e+01
   1.5703770e+06   5.0048828e+01
   1.5705590e+06   3.8818359e+01
   1.5791010e+06   3.9245605e+01
   1.5791770e+06   4.1320801e+01
   1.5792750e+06   5.4382324e+01
   1.5793390e+06   4.8461914e+01
   1.5796690e+06   4.1687012e+01
   1.5891050e+06   3.9489746e+01
   1.5891830e+06   4.3762207e+01
   1.5892890e+06   3.8024902e+01
   1.5894760e+06   3.2958984e+01
   1.5895720e+06   4.1931152e+01
   1.5998200e+06   4.6813965e+01
   1.5998960e+06   4.2907715e+01
   1.5999590e+06   4.4311523e+01
   1.6001090e+06   3.8696289e+01
   1.6001750e+06   3.2348633e+01
   1.6003250e+06   3.9672852e+01
   1.6094980e+06   4.5166016e+01
   1.6096380e+06   4.5715332e+01
   1.6097130e+06   3.1066895e+01
   1.6097870e+06   3.5705566e+01
   1.6099230e+06   3.6010742e+01
   1.6196020e+06   3.7109375e+01
   1.6196530e+06   4.7546387e+01
   1.6198040e+06   4.3762207e+01
   1.6199770e+06   4.3334961e+01
   1.6201800e+06   3.9550781e+01
   1.6301570e+06   3.9978027e+01
   1.6302300e+06   5.0842285e+01
   1.6303140e+06   5.0537109e+01
   1.6305320e+06   3.7841797e+01
   1.6306280e+06   3.6743164e+01
   1.6308650e+06   3.3630371e+01
   1.6404810e+06   4.6752930e+01
   1.6405500e+06   4.8767090e+01
   1.6406180e+06   4.2236328e+01
   1.6407070e+06   2.0690918e+01
   1.6407670e+06   3.7475586e+01
   1.6531110e+06   4.9682617e+01
   1.6531570e+06   3.4057617e+01
   1.6532320e+06   4.9987793e+01
   1.6534900e+06   3.7841797e+01
   1.6537320e+06   3.4118652e+01
   1.6663190e+06   5.0354004e+01
   1.6663740e+06   4.5654297e+01
   1.6663880e+06   2.0629883e+01
   1.6664550e+06   3.7475586e+01
   1.6666630e+06   4.0893555e+01
   1.6669060e+06   4.0832520e+01
   1.6789060e+06   4.7302246e+01
   1.6789820e+06   3.8757324e+01
   1.6790390e+06   5.2246094e+01
   1.6792410e+06   3.8024902e+01
   1.6794860e+06   3.6987305e+01
   1.6910200e+06   3.8269043e+01
   1.6910790e+06   4.4067383e+01
   1.6911330e+06   5.5236816e+01
   1.6912370e+06   4.2541504e+01
   1.6913620e+06   4.0100098e+01
   1.6915850e+06   3.5644531e+01
   1.7056470e+06   5.3527832e+01
   1.7056750e+06   2.6733398e+01
   1.7056980e+06   5.7312012e+01
   1.7057540e+06   5.1452637e+01
   1.7058150e+06   4.1931152e+01
   1.7058600e+06   4.3945313e+01
   1.7060150e+06   2.1789551e+01
   1.7061030e+06   4.2358398e+01
   1.7062780e+06   3.5644531e+01
   1.7194360e+06   3.5034180e+01
   1.7195020e+06   5.2978516e+01
   1.7195590e+06   4.1381836e+01
   1.7196050e+06   5.1879883e+01
   1.7196610e+06   5.3588867e+01
   1.7198240e+06   3.4118652e+01
   1.7199540e+06   3.8574219e+01
   1.7200930e+06   3.5827637e+01
   1.7331570e+06   4.5410156e+01
   1.7331890e+06   2.2521973e+01
   1.7332030e+06   4.1870117e+01
   1.7332450e+06   3.5766602e+01
   1.7332790e+06   3.9428711e+01
   1.7333190e+06   4.2663574e+01
   1.7333610e+06   4.0527344e+01
   1.7334280e+06   4.0710449e+01
   1.7334740e+06   4.3457031e+01
   1.7336010e+06   3.9733887e+01
   1.7337610e+06   4.5898438e+01
   1.7339620e+06   4.9560547e+01
   1.7493820e+06   5.2429199e+01
   1.7494260e+06   4.2114258e+01
   1.7494600e+06   5.2246094e+01
   1.7494910e+06   4.6447754e+01
   1.7495210e+06   4.1503906e+01
   1.7495550e+06   3.5827637e+01
   1.7495940e+06   4.0832520e+01
   1.7496390e+06   3.6071777e+01
   1.7496860e+06   3.9916992e+01
   1.7497790e+06   4.0588379e+01
   1.7498750e+06   3.2775879e+01
   1.7501710e+06   4.2297363e+01
   1.7699880e+06   5.1025391e+01
   1.7700160e+06   2.3376465e+01
   1.7700270e+06   5.6213379e+01
   1.7700570e+06   4.3457031e+01
   1.7700830e+06   3.7292480e+01
   1.7701080e+06   4.7485352e+01
   1.7701340e+06   4.7607422e+01
   1.7701610e+06   4.1198730e+01
   1.7701900e+06   4.3884277e+01
   1.7702230e+06   3.7536621e+01
   1.7702770e+06   3.5461426e+01
   1.7703400e+06   3.1188965e+01
   1.7704180e+06   4.5654297e+01
   1.7705440e+06   3.8513184e+01
   1.7706830e+06   4.7973633e+01
   1.7709720e+06   4.8889160e+01
   1.7884930e+06   4.3395996e+01
   1.7885660e+06   4.0405273e+01
   1.7886090e+06   3.6621094e+01
   1.7886510e+06   3.8024902e+01
   1.7886850e+06   3.9672852e+01
   1.7887180e+06   3.9184570e+01
   1.7887500e+06   4.9011230e+01
   1.7887810e+06   3.8635254e+01
   1.7888190e+06   4.3823242e+01
   1.7888590e+06   4.7363281e+01
   1.7889100e+06   3.4667969e+01
   1.7890740e+06   3.7231445e+01
   1.7891940e+06   4.2236328e+01
   1.8048070e+06   5.7861328e+01
   1.8048410e+06   2.0629883e+01
   1.8048640e+06   4.8889160e+01
   1.8049120e+06   4.6875000e+01
   1.8049250e+06   2.4291992e+01
   1.8049560e+06   5.3955078e+01
   1.8049930e+06   5.9020996e+01
   1.8050240e+06   4.5227051e+01
   1.8050350e+06   2.2888184e+01
   1.8050630e+06   4.6752930e+01
   1.8051010e+06   4.6508789e+01
   1.8051340e+06   2.1057129e+01
   1.8051490e+06   2.2766113e+01
   1.8051880e+06   3.9367676e+01
   1.8052640e+06   4.1503906e+01
   1.8053520e+06   4.0344238e+01
   1.8248280e+06   3.5095215e+01
   1.8248930e+06   4.7790527e+01
   1.8249610e+06   5.0964355e+01
   1.8250130e+06   3.7963867e+01
   1.8250230e+06   2.2033691e+01
   1.8250530e+06   5.5603027e+01
   1.8250900e+06   5.3405762e+01
   1.8251380e+06   5.6701660e+01
   1.8251900e+06   4.8583984e+01
   1.8252510e+06   4.9865723e+01
   1.8253030e+06   3.6193848e+01
   1.8253660e+06   3.7963867e+01
   1.8258380e+06   3.8208008e+01
   1.8414460e+06   4.8889160e+01
   1.8415550e+06   4.2846680e+01
   1.8416190e+06   2.6977539e+01
   1.8416770e+06   3.5156250e+01
   1.8417250e+06   4.4555664e+01
   1.8417790e+06   4.7912598e+01
   1.8418210e+06   4.8950195e+01
   1.8418710e+06   3.9855957e+01
   1.8419610e+06   3.7597656e+01
   1.8420760e+06   3.7353516e+01
   1.8423620e+06   4.2602539e+01
   1.8559910e+06   3.6376953e+01
   1.8560310e+06   4.0161133e+01
   1.8560580e+06   2.1179199e+01
   1.8560700e+06   4.6447754e+01
   1.8561030e+06   4.6264648e+01
   1.8561380e+06   4.6691895e+01
   1.8561750e+06   3.4362793e+01
   1.8562180e+06   3.6437988e+01
   1.8562750e+06   4.5837402e+01
   1.8563600e+06   2.1667480e+01
   1.8563700e+06   4.2297363e+01
   1.8564820e+06   4.5471191e+01
   1.8566480e+06   4.0039062e+01
   1.8690480e+06   3.7780762e+01
   1.8690930e+06   4.5227051e+01
   1.8691400e+06   5.2673340e+01
   1.8691740e+06   3.6987305e+01
   1.8692130e+06   4.3823242e+01
   1.8692650e+06   3.6376953e+01
   1.8693060e+06   4.2785645e+01
   1.8693460e+06   3.6804199e+01
   1.8693940e+06   4.3395996e+01
   1.8694910e+06   3.2592773e+01
   1.8698680e+06   4.3395996e+01
   1.8850700e+06   2.2827148e+01
   1.8850930e+06   4.4616699e+01
   1.8851150e+06   2.2399902e+01
   1.8851280e+06   4.6569824e+01
   1.8851650e+06   4.8278809e+01
   1.8851980e+06   4.1198730e+01
   1.8852280e+06   3.5156250e+01
   1.8852610e+06   3.6560059e+01
   1.8853000e+06   4.0161133e+01
   1.8853470e+06   4.0832520e+01
   1.8853910e+06   3.7170410e+01
   1.8854800e+06   3.7780762e+01
   1.8856270e+06   4.3701172e+01
   1.8856980e+06   3.6437988e+01
   1.8857930e+06   3.5095215e+01
   1.9012140e+06   4.2358398e+01
   1.9012590e+06   5.0964355e+01
   1.9012930e+06   4.3212891e+01
   1.9013260e+06   3.9062500e+01
   1.9013580e+06   4.3212891e+01
   1.9013890e+06   4.0527344e+01
   1.9014240e+06   4.1992188e+01
   1.9014710e+06   4.0710449e+01
   1.9015280e+06   4.2053223e+01
   1.9016020e+06   3.3935547e+01
   1.9017050e+06   4.5654297e+01
   1.9018760e+06   5.3405762e+01
   1.9140260e+06   5.5725098e+01
   1.9140700e+06   4.2663574e+01
   1.9140930e+06   2.4597168e+01
   1.9141120e+06   5.4504395e+01
   1.9141500e+06   3.9550781e+01
   1.9141840e+06   3.4057617e+01
   1.9142200e+06   3.7719727e+01
   1.9142600e+06   4.3701172e+01
   1.9143000e+06   4.1198730e+01
   1.9143450e+06   4.3884277e+01
   1.9143930e+06   3.5888672e+01
   1.9144620e+06   4.0893555e+01
   1.9145740e+06   3.6560059e+01
   1.9270440e+06   4.5471191e+01
   1.9270870e+06   4.8645020e+01
   1.9271250e+06   4.2541504e+01
   1.9271610e+06   2.9724121e+01
   1.9271940e+06   4.0527344e+01
   1.9272230e+06   4.2602539e+01
   1.9272570e+06   4.1992188e+01
   1.9272910e+06   4.0405273e+01
   1.9273380e+06   4.4311523e+01
   1.9273910e+06   3.6071777e+01
   1.9274710e+06   3.6376953e+01
   1.9275310e+06   4.1870117e+01
   1.9277130e+06   5.1940918e+01
   1.9456200e+06   4.1259766e+01
   1.9456600e+06   3.3874512e+01
   1.9456990e+06   5.3894043e+01
   1.9457310e+06   3.3386230e+01
   1.9457630e+06   3.6926270e+01
   1.9457920e+06   3.7048340e+01
   1.9458220e+06   4.4799805e+01
   1.9458550e+06   3.9550781e+01
   1.9458980e+06   3.2470703e+01
   1.9459380e+06   3.7536621e+01
   1.9459890e+06   2.7282715e+01
   1.9460510e+06   3.3569336e+01
   1.9461730e+06   3.7475586e+01
   1.9463420e+06   3.8879395e+01
   1.9465130e+06   3.9428711e+01
   1.9622430e+06   4.4433594e+01
   1.9622810e+06   4.9377441e+01
   1.9622910e+06   2.2644043e+01
   1.9623150e+06   3.8330078e+01
   1.9623470e+06   5.5786133e+01
   1.9623750e+06   3.9062500e+01
   1.9624050e+06   3.5766602e+01
   1.9624360e+06   3.5156250e+01
   1.9624720e+06   3.4423828e+01
   1.9625140e+06   3.7841797e+01
   1.9625790e+06   3.9306641e+01
   1.9626310e+06   3.2104492e+01
   1.9627170e+06   4.0405273e+01
   1.9629000e+06   4.3029785e+01
   1.9631370e+06   4.1564941e+01
   1.9833390e+06   2.3071289e+01
   1.9834010e+06   4.2785645e+01
   1.9834390e+06   5.6762695e+01
   1.9834690e+06   4.2236328e+01
   1.9834970e+06   4.9926758e+01
   1.9835270e+06   4.2541504e+01
   1.9835560e+06   4.6569824e+01
   1.9835840e+06   3.4790039e+01
   1.9836190e+06   4.1870117e+01
   1.9836530e+06   3.9550781e+01
   1.9836900e+06   4.1625977e+01
   1.9837340e+06   3.5034180e+01
   1.9838120e+06   3.7536621e+01
   1.9839410e+06   4.0039062e+01
   1.9841070e+06   4.2480469e+01
   1.9841960e+06   4.0222168e+01
   2.0658790e+06   4.1015625e+01
   2.0801870e+06   5.0048828e+01
   2.0846940e+06   4.1931152e+01
   2.0872530e+06   3.2897949e+01
   2.0894000e+06   4.8400879e+01
   2.0924140e+06   4.5593262e+01
   2.0942400e+06   4.2602539e+01
   2.0968870e+06   4.0100098e+01
   2.1000020e+06   3.6315918e+01
   2.1028240e+06   3.5888672e+01
   2.1052490e+06   4.8583984e+01
   2.1079170e+06   4.3640137e+01
   2.1099300e+06   4.0893555e+01
   2.1128020e+06   5.0292969e+01
   2.1155660e+06   3.6376953e+01
   2.1185640e+06   3.9245605e+01
   2.1204290e+06   4.4616699e+01
   2.1226270e+06   3.8696289e+01
   2.1249150e+06   2.7893066e+01
   2.1266100e+06   3.2531738e+01
   2.1293610e+06   3.7292480e+01
   2.1316740e+06   3.4606934e+01
   2.1333870e+06   3.5644531e+01
   2.1349100e+06   3.7353516e+01
   2.1370490e+06   4.5166016e+01
   2.1391860e+06   3.6437988e+01
   2.1415900e+06   4.0832520e+01
   2.1437230e+06   3.2592773e+01
   2.1449300e+06   3.7109375e+01
   2.1461250e+06   4.1748047e+01
   2.1479920e+06   3.4240723e+01
   2.1497040e+06   3.8696289e+01
   2.1507780e+06   3.4729004e+01
   2.1521910e+06   3.3630371e+01
   2.1538070e+06   4.7302246e+01
   2.1563540e+06   3.6987305e+01
   2.1579920e+06   3.7841797e+01
   2.1602130e+06   5.0842285e+01
   2.1612570e+06   4.5593262e+01
   2.1631320e+06   3.7963867e+01
   2.1649470e+06   3.2226563e+01
   2.1673670e+06   3.6560059e+01
   2.1694460e+06   4.3151855e+01
   2.1716090e+06   5.1269531e+01
   2.1729160e+06   3.7597656e+01
   2.1751080e+06   4.4677734e+01
   2.1766650e+06   3.6987305e+01
   2.1783660e+06   4.2175293e+01
   2.1800270e+06   3.8818359e+01
   2.1814590e+06   3.9062500e+01
   2.1835260e+06   3.7658691e+01
   2.1849960e+06   3.9550781e+01
   2.1876130e+06   4.1442871e+01
   2.1900810e+06   3.7597656e+01
   2.1913830e+06   3.1982422e+01
   2.1933100e+06   4.1137695e+01
   2.1946160e+06   3.9184570e+01
   2.1970940e+06   4.6630859e+01
   2.1986090e+06   3.7963867e+01
   2.2003310e+06   3.6132813e+01
   2.2015940e+06   3.8085938e+01
   2.2029940e+06   4.3090820e+01
   2.2044250e+06   3.6865234e+01
   2.2059180e+06   3.9184570e+01
   2.2077220e+06   3.2348633e+01
   2.2096640e+06   3.6865234e+01
   2.2124290e+06   4.0649414e+01
   2.2149400e+06   3.7841797e+01
   2.2171400e+06   3.5827637e+01
   2.2204520e+06   3.5461426e+01
   2.2218760e+06   5.1452637e+01
   2.2239410e+06   3.7109375e+01
   2.2269840e+06   3.9245605e+01
   2.2282660e+06   3.6376953e+01
   2.2299070e+06   3.7475586e+01
   2.2313400e+06   3.7292480e+01
   2.2340830e+06   4.6997070e+01
   2.2357860e+06   3.8024902e+01
   2.2379600e+06   4.1503906e+01
   2.2393940e+06   3.9978027e+01
   2.2407210e+06   3.6926270e+01
   2.2436830e+06   3.9428711e+01
   2.2452160e+06   3.7963867e+01
   2.2473650e+06   3.6804199e+01
   2.2493570e+06   3.6865234e+01
   2.2514920e+06   4.0954590e+01
   2.2540610e+06   3.4362793e+01
   2.2553470e+06   3.3630371e+01
   2.2576320e+06   4.7729492e+01
   2.2599090e+06   3.6865234e+01
   2.2614140e+06   3.5461426e+01
   2.2630260e+06   4.3029785e+01
   2.2650810e+06   3.6804199e+01
   2.2664230e+06   3.8513184e+01
   2.2677650e+06   3.7963867e+01
   2.2689820e+06   3.8269043e+01
   2.2706360e+06   4.7485352e+01
   2.2722330e+06   3.3935547e+01
   2.2741460e+06   4.6875000e+01
   2.2754830e+06   4.8645020e+01
   2.2772890e+06   3.9001465e+01
   2.2793630e+06   4.0344238e+01
   2.2810320e+06   3.6926270e+01
   2.2825420e+06   4.7302246e+01
   2.2850710e+06   3.8818359e+01
   2.2872500e+06   3.9123535e+01
   2.2888890e+06   3.4179688e+01
   2.2914720e+06   4.6752930e+01
   2.2940000e+06   3.8940430e+01
   2.2965920e+06   3.7658691e+01
   2.2983820e+06   3.7292480e+01
   2.3000360e+06   3.6926270e+01
   2.3016900e+06   3.5400391e+01
   2.3028140e+06   3.6743164e+01
   2.3042380e+06   3.3630371e+01
   2.3054870e+06   3.9672852e+01
   2.3075510e+06   3.7841797e+01
   2.3090280e+06   3.4790039e+01
   2.3106320e+06   3.5949707e+01
   2.3126180e+06   4.7058105e+01
   2.3140470e+06   3.5278320e+01
   2.3167170e+06   3.5827637e+01
   2.3191130e+06   4.1992188e+01
   2.3215260e+06   3.7170410e+01
   2.3234450e+06   3.8085938e+01
   2.3246820e+06   3.5827637e+01
   2.3264940e+06   4.7424316e+01
   2.3288080e+06   3.3020020e+01
   2.3306800e+06   4.7424316e+01
   2.3320950e+06   3.5888672e+01
   2.3338020e+06   3.7963867e+01
   2.3357460e+06   3.6804199e+01
   2.3376750e+06   4.9621582e+01
   2.3391100e+06   4.7424316e+01
   2.3411380e+06   3.7841797e+01
   2.3428530e+06   3.8085938e+01
   2.3451150e+06   4.9316406e+01
   2.3474400e+06   3.9123535e+01
   2.3494950e+06   4.9926758e+01
   2.3519130e+06   3.6682129e+01
   2.3538140e+06   3.7963867e+01
   2.3552230e+06   3.5827637e+01
   2.3576660e+06   4.1320801e+01
   2.3593970e+06   3.2470703e+01
   2.3612560e+06   5.0354004e+01
   2.3623920e+06   3.6987305e+01
   2.3642050e+06   3.7414551e+01
   2.3654150e+06   4.3151855e+01
   2.3677370e+06   4.3457031e+01
   2.3688160e+06   4.2175293e+01
   2.3708090e+06   3.5339355e+01
   2.3721040e+06   4.9316406e+01
   2.3741790e+06   3.4606934e+01
   2.3764320e+06   4.1198730e+01
   2.3789250e+06   4.5837402e+01
   2.3805170e+06   3.3813477e+01
   2.3817790e+06   5.0537109e+01
   2.3838290e+06   4.2663574e+01
   2.3857610e+06   4.8095703e+01
   2.3871010e+06   4.7729492e+01
   2.3886150e+06   3.6560059e+01
   2.3902150e+06   4.0222168e+01
   2.3917690e+06   4.8645020e+01
   2.3936050e+06   4.0588379e+01
   2.3955420e+06   3.3264160e+01
   2.3986660e+06   3.9367676e+01
   2.4003150e+06   4.8217773e+01
   2.4023760e+06   4.2114258e+01
   2.4040680e+06   3.5949707e+01
   2.4057800e+06   3.9550781e+01
   2.4073990e+06   4.5104980e+01
   2.4085650e+06   4.7119141e+01
   2.4096460e+06   3.7658691e+01
   2.4117110e+06   4.3518066e+01
   2.4129940e+06   3.7231445e+01
   2.4156580e+06   4.0893555e+01
   2.4170740e+06   3.4973145e+01
   2.4197170e+06   4.6325684e+01
   2.4216020e+06   3.4179688e+01
   2.4233860e+06   4.3090820e+01
   2.4248370e+06   3.4362793e+01
   2.4267710e+06   3.6254883e+01
   2.4280430e+06   4.1687012e+01
   2.4302370e+06   3.3935547e+01
   2.4326900e+06   4.9072266e+01
   2.4338250e+06   3.8146973e+01
   2.4360120e+06   3.5522461e+01
   2.4382390e+06   3.5583496e+01
   2.4399330e+06   3.5888672e+01
   2.4412430e+06   4.2968750e+01
   2.4426680e+06   3.7414551e+01
   2.4444060e+06   3.6437988e+01
   2.4462340e+06   3.5949707e+01
   2.4484730e+06   3.9916992e+01
   2.4500480e+06   3.5339355e+01
   2.4518930e+06   3.8513184e+01
   2.4532950e+06   3.2226562e+01
   2.4547860e+06   3.7048340e+01
   2.4562340e+06   3.6804199e+01
   2.4579170e+06   3.3935547e+01
   2.4589620e+06   3.8452148e+01
   2.4602770e+06   3.4301758e+01
   2.4615460e+06   3.6010742e+01
   2.4631230e+06   4.1259766e+01
   2.4646250e+06   3.7231445e+01
   2.4663460e+06   4.6875000e+01
   2.4677130e+06   3.7658691e+01
   2.4692940e+06   3.5705566e+01
   2.4706430e+06   3.9245605e+01
   2.4722440e+06   3.7048340e+01
   2.4743610e+06   3.6926270e+01
   2.4762170e+06   3.6437988e+01
   2.4782410e+06   4.4677734e+01
   2.4796080e+06   4.6142578e+01
   2.4815130e+06   3.2958984e+01
   2.4827480e+06   3.9489746e+01
   2.4843140e+06   3.9855957e+01
   2.4861600e+06   3.9001465e+01
   2.4883960e+06   3.7231445e+01
   2.4899720e+06   4.5227051e+01
   2.4920250e+06   4.8889160e+01
   2.4942380e+06   5.0109863e+01
   2.4975980e+06   3.9978027e+01
   2.4994080e+06   4.7790527e+01
   2.5012440e+06   3.9184570e+01
   2.5033060e+06   4.0344238e+01
   2.5051910e+06   4.4555664e+01
   2.5070280e+06   4.1381836e+01
   2.5096480e+06   3.3935547e+01
   2.5112390e+06   3.8146973e+01
   2.5127270e+06   4.0771484e+01
   2.5139950e+06   3.7963867e+01
   2.5160940e+06   2.5085449e+01
   2.5172390e+06   3.9367676e+01
   2.5190840e+06   3.5400391e+01
   2.5204930e+06   4.4006348e+01
   2.5226550e+06   3.7902832e+01
   2.5243120e+06   3.7597656e+01
   2.5258400e+06   4.7851562e+01
   2.5273970e+06   4.5654297e+01
   2.5294230e+06   5.4260254e+01
   2.5312880e+06   3.7353516e+01
   2.5342510e+06   4.2602539e+01
   2.5368970e+06   5.0598145e+01
   2.5380610e+06   5.0354004e+01
   2.5393350e+06   3.7780762e+01
   2.5407570e+06   3.7353516e+01
   2.5428450e+06   3.9062500e+01
   2.5453770e+06   3.6987305e+01
   2.5469390e+06   4.0954590e+01
   2.5485500e+06   3.8574219e+01
   2.5507620e+06   4.3273926e+01
   2.5525350e+06   3.7170410e+01
   2.5543830e+06   4.4494629e+01
   2.5561880e+06   4.9194336e+01
   2.5580230e+06   3.9550781e+01
   2.5601900e+06   4.9804688e+01
   2.5614140e+06   3.8085938e+01
   2.5633010e+06   3.7170410e+01
   2.5647670e+06   3.8024902e+01
   2.5669300e+06   4.3457031e+01
   2.5681190e+06   4.0283203e+01
   2.5701260e+06   4.0039062e+01
   2.5725060e+06   3.8818359e+01
   2.5748540e+06   3.7048340e+01
   2.5760060e+06   4.0588379e+01
   2.5782340e+06   3.6560059e+01
   2.5801570e+06   4.6386719e+01
   2.5817250e+06   4.5471191e+01
   2.5835660e+06   4.4677734e+01
   2.5854550e+06   3.9978027e+01
   2.5875750e+06   3.7902832e+01
   2.5894610e+06   4.0649414e+01
   2.5908060e+06   4.7912598e+01
   2.5925240e+06   4.3151855e+01
   2.5945250e+06   3.4729004e+01
   2.5964290e+06   3.3630371e+01
   2.5979830e+06   4.3212891e+01
   2.6007200e+06   5.0476074e+01
   2.6027700e+06   3.7414551e+01
   2.6046850e+06   4.1748047e+01
   2.6067690e+06   4.6630859e+01
   2.6081630e+06   3.6010742e+01
   2.6102090e+06   4.3701172e+01
   2.6121540e+06   4.0954590e+01
   2.6144110e+06   3.4240723e+01
   2.6163770e+06   4.9499512e+01
   2.6179740e+06   4.1809082e+01
   2.6203230e+06   3.6987305e+01
   2.6230930e+06   4.6447754e+01
   2.6245830e+06   4.1503906e+01
   2.6275780e+06   3.9611816e+01
   2.6292810e+06   3.3874512e+01
   2.6311670e+06   3.4423828e+01
   2.6336850e+06   3.4057617e+01
   2.6357570e+06   3.9611816e+01
   2.6371090e+06   4.1931152e+01
   2.6389980e+06   3.9245605e+01
   2.6409130e+06   3.6926270e+01
   2.6428080e+06   3.7353516e+01
   2.6444370e+06   3.9978027e+01
   2.6464600e+06   4.9865723e+01
   2.6476540e+06   3.8024902e+01
   2.6501530e+06   3.4240723e+01
   2.6516710e+06   3.9855957e+01
   2.6533770e+06   3.8696289e+01
   2.6559260e+06   4.4311523e+01
   2.6573660e+06   4.2236328e+01
   2.6592770e+06   3.7353516e+01
   2.6618020e+06   3.8146973e+01
   2.6630550e+06   4.0649414e+01
   2.6650780e+06   4.3640137e+01
   2.6669040e+06   3.9978027e+01
   2.6689710e+06   4.0710449e+01
   2.6710130e+06   3.1982422e+01
   2.6721260e+06   3.7170410e+01
   2.6742560e+06   4.0649414e+01
   2.6767530e+06   5.2001953e+01
   2.6785030e+06   4.1259766e+01
   2.6803110e+06   3.6560059e+01
   2.6827490e+06   4.2297363e+01
   2.6843490e+06   3.8391113e+01
   2.6862100e+06   4.9255371e+01
   2.6881500e+06   3.6254883e+01
   2.6896890e+06   5.1391602e+01
   2.6911660e+06   3.5217285e+01
   2.6931460e+06   4.0588379e+01
   2.6950380e+06   3.8940430e+01
   2.6968610e+06   3.8879395e+01
   2.6992480e+06   3.8513184e+01
   2.7008400e+06   3.8757324e+01
   2.7024380e+06   3.6010742e+01
   2.7049900e+06   3.7170410e+01
   2.7063540e+06   3.8757324e+01
   2.7080680e+06   4.6325684e+01
   2.7095740e+06   4.1137695e+01
   2.7115720e+06   3.9306641e+01
   2.7135400e+06   3.3447266e+01
   2.7146420e+06   4.5227051e+01
   2.7156920e+06   4.3884277e+01
   2.7181730e+06   3.7353516e+01
   2.7199110e+06   3.6437988e+01
   2.7214020e+06   4.7058105e+01
   2.7236370e+06   5.3833008e+01
   2.7253310e+06   4.0222168e+01
   2.7276660e+06   4.3640137e+01
   2.7290840e+06   5.0842285e+01
   2.7303010e+06   4.2114258e+01
   2.7320860e+06   4.8645020e+01
   2.7350050e+06   3.1372070e+01
   2.7368740e+06   4.5104980e+01
   2.7385120e+06   3.6560059e+01
   2.7403190e+06   3.6499023e+01
   2.7416440e+06   3.7902832e+01
   2.7437280e+06   4.0222168e+01
   2.7468350e+06   4.7058105e+01
   2.7482380e+06   5.1391602e+01
   2.7497170e+06   3.3203125e+01
   2.7516700e+06   3.7475586e+01
   2.7528910e+06   3.9916992e+01
   2.7553040e+06   3.6743164e+01
   2.7569110e+06   4.0100098e+01
   2.7632010e+06   3.5217285e+01
   2.7663390e+06   4.6264648e+01
   2.7676190e+06   3.8574219e+01
   2.7702200e+06   3.9062500e+01
   2.7719700e+06   3.9062500e+01
   2.7740170e+06   4.6997070e+01
   2.7769580e+06   4.1870117e+01
   2.7789120e+06   3.8635254e+01
   2.7806810e+06   4.8095703e+01
   2.7823610e+06   3.8635254e+01
   2.7840030e+06   4.1259766e+01
   2.7854370e+06   4.0222168e+01
   2.7870530e+06   4.1687012e+01
   2.7894600e+06   3.7170410e+01
   2.7915750e+06   4.5837402e+01
   2.7943820e+06   3.6499023e+01
   2.7963050e+06   4.1503906e+01
   2.7979430e+06   4.8156738e+01
   2.7998210e+06   3.4179688e+01
   2.8017740e+06   4.3273926e+01
   2.8037860e+06   4.0588379e+01
   2.8061560e+06   3.4423828e+01
   2.8090030e+06   3.8391113e+01
   2.8108360e+06   3.9123535e+01
   2.8140410e+06   4.4799805e+01
   2.8161170e+06   3.2409668e+01
   2.8178920e+06   3.8513184e+01
   2.8202370e+06   5.0231934e+01
   2.8222340e+06   3.7170410e+01
   2.8236320e+06   3.7231445e+01
   2.8248150e+06   3.5278320e+01
   2.8271660e+06   3.8818359e+01
   2.8291780e+06   3.5217285e+01
   2.8313320e+06   4.5715332e+01
   2.8336850e+06   4.4921875e+01
   2.8355100e+06   3.5888672e+01
   2.8368050e+06   5.1086426e+01
   2.8386230e+06   3.8269043e+01
   2.8416840e+06   3.7170410e+01
   2.8446420e+06   4.0710449e+01
   2.8464400e+06   4.0222168e+01
   2.8482720e+06   4.0405273e+01
   2.8502610e+06   4.1748047e+01
   2.8526450e+06   3.6193848e+01
   2.8541440e+06   3.6865234e+01
   2.8570330e+06   3.5034180e+01
   2.8594110e+06   4.1442871e+01
   2.8607250e+06   4.1381836e+01
   2.8631370e+06   4.8034668e+01
   2.8650150e+06   3.6987305e+01
   2.8672630e+06   3.6926270e+01
   2.8686730e+06   3.5278320e+01
   2.8711870e+06   3.5888672e+01
   2.8725690e+06   4.7241211e+01
   2.8749950e+06   3.9733887e+01
   2.8771830e+06   3.8452148e+01
   2.8788540e+06   3.9611816e+01
   2.8806410e+06   3.7841797e+01
   2.8821070e+06   4.0222168e+01
   2.8847340e+06   4.8278809e+01
   2.8860260e+06   3.7841797e+01
   2.8885240e+06   4.4006348e+01
   2.8903840e+06   3.9001465e+01
   2.8922540e+06   4.9621582e+01
   2.8940530e+06   3.6560059e+01
   2.8972100e+06   3.8391113e+01
   2.8999520e+06   4.0344238e+01
   2.9025900e+06   3.9978027e+01
   2.9051890e+06   3.5278320e+01
   2.9068930e+06   3.9611816e+01
   2.9084410e+06   4.4860840e+01
   2.9102710e+06   4.0161133e+01
   2.9119990e+06   3.6010742e+01
   2.9141840e+06   3.6682129e+01
   2.9166870e+06   4.7851563e+01
   2.9186870e+06   3.8879395e+01
   2.9210200e+06   3.7292480e+01
   2.9226700e+06   4.0649414e+01
   2.9252240e+06   4.2785645e+01
   2.9279060e+06   4.1992188e+01
   2.9301380e+06   4.8522949e+01
   2.9316990e+06   4.7546387e+01
   2.9330440e+06   3.6499023e+01
   2.9357540e+06   4.5410156e+01
   2.9380110e+06   4.0954590e+01
   2.9402660e+06   4.3884277e+01
   2.9425250e+06   3.9794922e+01
   2.9445880e+06   4.7729492e+01
   2.9467630e+06   3.5766602e+01
   2.9490900e+06   5.0109863e+01
   2.9508670e+06   4.0222168e+01
   2.9526650e+06   3.7475586e+01
   2.9545950e+06   3.5583496e+01
   2.9566620e+06   3.6254883e+01
   2.9586280e+06   4.0344238e+01
   2.9606190e+06   3.8635254e+01
   2.9620040e+06   3.4545898e+01
   2.9644630e+06   4.2907715e+01
   2.9667710e+06   4.7973633e+01
   2.9690260e+06   3.4057617e+01
   2.9713120e+06   3.8391113e+01
   2.9738780e+06   3.6193848e+01
   2.9762600e+06   4.0405273e+01
   2.9802670e+06   4.2785645e+01
   2.9819500e+06   4.5654297e+01
   2.9854770e+06   3.8146973e+01
   2.9870740e+06   3.7658691e+01
   2.9888670e+06   3.6621094e+01
   2.9907310e+06   4.0710449e+01
   2.9926910e+06   3.9306641e+01
   2.9953590e+06   4.3029785e+01
   2.9971620e+06   3.6499023e+01
   2.9987330e+06   4.5715332e+01
