   3.0000000e+06   0.0000000e+00
   4.0936700e+05   1.8676758e+01
   1.1953320e+06   2.1545410e+01
   1.2398740e+06   1.8615723e+01
   1.2547210e+06   2.1606445e+01
   1.2813230e+06   1.8188477e+01
   1.3272260e+06   1.7883301e+01
   1.3723960e+06   1.8615723e+01
   1.6404440e+06   1.9165039e+01
   1.6788850e+06   1.8920898e+01
   1.7494660e+06   1.8005371e+01
   1.7495180e+06   1.8798828e+01
   1.7699810e+06   2.0690918e+01
   1.7700030e+06   2.0385742e+01
   1.7700280e+06   2.3620605e+01
   1.7702080e+06   1.9165039e+01
   1.7887310e+06   2.0385742e+01
   1.7887910e+06   2.2888184e+01
   1.8048590e+06   2.0507812e+01
   1.8049100e+06   2.0568848e+01
   1.8251400e+06   1.7700195e+01
   1.8251870e+06   1.8554688e+01
   1.8416600e+06   2.2460938e+01
   1.8561010e+06   1.9042969e+01
   1.8561390e+06   1.8432617e+01
   1.8562570e+06   1.8249512e+01
   1.8691100e+06   1.8554688e+01
   1.8692160e+06   1.7761230e+01
   1.8851700e+06   2.4047852e+01
   1.9011410e+06   1.7822266e+01
   1.9013260e+06   2.2155762e+01
   1.9139310e+06   2.1179199e+01
   1.9139440e+06   1.8615723e+01
   1.9141190e+06   1.9287109e+01
   1.9271080e+06   1.9836426e+01
   1.9271320e+06   1.8432617e+01
   1.9272250e+06   1.9653320e+01
   1.9455560e+06   1.7761230e+01
   1.9455990e+06   1.8371582e+01
   1.9456560e+06   1.7883301e+01
   1.9833980e+06   1.9897461e+01
   1.9834300e+06   1.9775391e+01
