   3.0000000e+06   0.0000000e+00
   4.2266000e+04   5.8410645e+01
   2.0004300e+05   5.5419922e+01
   2.0008800e+05   2.0874023e+01
   2.4342300e+05   1.8981934e+01
   2.4392300e+05   1.9531250e+01
   2.8504200e+05   2.6306152e+01
   2.8512500e+05   5.9692383e+01
   3.7302700e+05   2.0263672e+01
   3.7311200e+05   2.1179199e+01
   3.7408300e+05   2.0935059e+01
   4.1119600e+05   4.6875000e+01
   4.1248900e+05   1.8920898e+01
   4.6590900e+05   1.8981934e+01
   4.6608600e+05   1.9836426e+01
   4.6636500e+05   4.6447754e+01
   4.9953700e+05   5.5297852e+01
   4.9992200e+05   1.9897461e+01
   5.2657000e+05   1.8981934e+01
   5.2662000e+05   2.7648926e+01
   5.5667000e+05   4.7363281e+01
   5.6010100e+05   2.0263672e+01
   6.0672900e+05   1.9226074e+01
   6.0676300e+05   4.9987793e+01
   6.0763600e+05   1.9104004e+01
   6.2489200e+05   5.2734375e+01
   6.4443000e+05   4.8522949e+01
   6.8469600e+05   2.1545410e+01
   7.0269900e+05   5.2368164e+01
   7.3205000e+05   2.3437500e+01
   7.3212900e+05   4.2297363e+01
   7.3310500e+05   5.0231934e+01
   7.7278800e+05   2.0202637e+01
   7.7326000e+05   1.9897461e+01
   8.0073000e+05   2.1240234e+01
   8.0120700e+05   2.3254395e+01
   8.8631900e+05   2.0629883e+01
   9.4003100e+05   5.0109863e+01
   9.7073300e+05   2.0996094e+01
   9.8914600e+05   2.3437500e+01
   9.8922500e+05   4.9438477e+01
   1.2549580e+06   2.5817871e+01
   1.2551020e+06   5.8593750e+01
   1.2552450e+06   2.1728516e+01
   1.2810870e+06   2.7526855e+01
   1.2811160e+06   6.4575195e+01
   1.2811920e+06   5.5603027e+01
   1.2812130e+06   2.1972656e+01
   1.2812710e+06   5.2795410e+01
   1.2813180e+06   1.9104004e+01
   1.2813530e+06   4.8950195e+01
   1.2814210e+06   4.1687012e+01
   1.2816310e+06   4.8828125e+01
   1.3073500e+06   6.4636230e+01
   1.3075130e+06   5.4626465e+01
   1.3075240e+06   2.8808594e+01
   1.3075790e+06   4.4799805e+01
   1.3076560e+06   4.5593262e+01
   1.3077210e+06   4.2053223e+01
   1.3077670e+06   3.3996582e+01
   1.3077780e+06   3.7536621e+01
   1.3078300e+06   3.3081055e+01
   1.3078840e+06   4.6386719e+01
   1.3079390e+06   2.0263672e+01
   1.3080130e+06   3.6071777e+01
   1.3080790e+06   2.2705078e+01
   1.3081110e+06   2.2033691e+01
   1.3081640e+06   3.1372070e+01
   1.3082340e+06   2.5207520e+01
   1.3082910e+06   2.2705078e+01
   1.3083090e+06   2.2094727e+01
   1.3084100e+06   2.6062012e+01
   1.3085480e+06   3.3508301e+01
   1.3269650e+06   1.9042969e+01
   1.3270560e+06   6.2866211e+01
   1.3271290e+06   2.5024414e+01
   1.3271390e+06   4.9865723e+01
   1.3271700e+06   2.9541016e+01
   1.3271990e+06   1.9042969e+01
   1.3272090e+06   4.5898438e+01
   1.3272410e+06   1.9104004e+01
   1.3272690e+06   1.9165039e+01
   1.3273080e+06   1.9042969e+01
   1.3273240e+06   4.4250488e+01
   1.3273700e+06   2.7465820e+01
   1.3274130e+06   2.2460938e+01
   1.3275050e+06   2.3010254e+01
   1.3275530e+06   2.6245117e+01
   1.3276120e+06   1.9042969e+01
   1.3276790e+06   2.0751953e+01
   1.3278610e+06   2.9113770e+01
   1.3279310e+06   2.0202637e+01
   1.3280210e+06   3.2287598e+01
   1.3280970e+06   2.4353027e+01
   1.3281910e+06   3.5949707e+01
   1.3282840e+06   2.3742676e+01
   1.3283880e+06   2.6855469e+01
   1.3285090e+06   2.2094727e+01
   1.3286280e+06   2.8747559e+01
   1.3287710e+06   3.0151367e+01
   1.3288980e+06   3.2714844e+01
   1.3290120e+06   2.4902344e+01
   1.3291290e+06   3.0883789e+01
   1.3292440e+06   2.1179199e+01
   1.3293510e+06   2.0385742e+01
   1.3294670e+06   2.1667480e+01
   1.3295780e+06   2.2338867e+01
   1.3296910e+06   2.2644043e+01
   1.3299210e+06   2.2399902e+01
   1.3300310e+06   2.0690918e+01
   1.3301680e+06   1.9348145e+01
   1.3303040e+06   1.9409180e+01
   1.3304360e+06   2.6123047e+01
   1.3305840e+06   2.1972656e+01
   1.3307510e+06   1.8920898e+01
   1.3313670e+06   1.9104004e+01
   1.3316840e+06   2.0324707e+01
   1.3419360e+06   4.7424316e+01
   1.3420580e+06   4.4860840e+01
   1.3421540e+06   4.4006348e+01
   1.3421760e+06   1.8920898e+01
   1.3422360e+06   3.7353516e+01
   1.3422710e+06   2.0751953e+01
   1.3423260e+06   3.5400391e+01
   1.3424120e+06   3.7963867e+01
   1.3494540e+06   5.2185059e+01
   1.3495330e+06   5.5236816e+01
   1.3495460e+06   3.0761719e+01
   1.3496060e+06   5.1513672e+01
   1.3496180e+06   3.5095215e+01
   1.3496610e+06   3.2714844e+01
   1.3496940e+06   2.4536133e+01
   1.3497170e+06   2.5451660e+01
   1.3497650e+06   2.6123047e+01
   1.3498110e+06   1.8920898e+01
   1.3498210e+06   3.0151367e+01
   1.3498800e+06   2.0812988e+01
   1.3499510e+06   2.0568848e+01
   1.3500130e+06   2.3986816e+01
   1.3500870e+06   2.1789551e+01
   1.3501720e+06   3.1616211e+01
   1.3501830e+06   2.0629883e+01
   1.3502720e+06   1.9165039e+01
   1.3503590e+06   2.5695801e+01
   1.3504790e+06   2.9541016e+01
   1.3505660e+06   1.8920898e+01
   1.3604010e+06   2.9785156e+01
   1.3605330e+06   4.7912598e+01
   1.3605820e+06   1.9653320e+01
   1.3606030e+06   2.0751953e+01
   1.3606780e+06   4.5349121e+01
   1.3606990e+06   2.1484375e+01
   1.3608100e+06   4.3273926e+01
   1.3608270e+06   1.9226074e+01
   1.3630410e+06   1.9042969e+01
   1.3634540e+06   1.9042969e+01
   1.3646320e+06   1.9958496e+01
   1.3649490e+06   4.7119141e+01
   1.3650290e+06   5.0109863e+01
   1.3650510e+06   2.7282715e+01
   1.3651040e+06   4.0405273e+01
   1.3651410e+06   2.8381348e+01
   1.3651650e+06   3.5278320e+01
   1.3651950e+06   1.9470215e+01
   1.3652190e+06   2.1728516e+01
   1.3652550e+06   2.8991699e+01
   1.3652770e+06   1.9348145e+01
   1.3653440e+06   2.2155762e+01
   1.3654170e+06   2.7648926e+01
   1.3654350e+06   2.1484375e+01
   1.3655030e+06   2.7770996e+01
   1.3722690e+06   2.0690918e+01
   1.3723270e+06   4.4250488e+01
   1.3723820e+06   2.1057129e+01
   1.3723980e+06   4.6936035e+01
   1.3724680e+06   3.8757324e+01
   1.3725020e+06   2.7282715e+01
   1.3725420e+06   4.5166016e+01
   1.3725790e+06   1.9042969e+01
   1.3726390e+06   3.9611816e+01
   1.3797600e+06   1.9531250e+01
   1.3798000e+06   5.0720215e+01
   1.3798630e+06   5.2185059e+01
   1.3798870e+06   2.8625488e+01
   1.3799240e+06   3.7414551e+01
   1.3799530e+06   1.9165039e+01
   1.3799830e+06   3.2592773e+01
   1.3800050e+06   1.9958496e+01
   1.3800530e+06   4.1992188e+01
   1.3801090e+06   2.0874023e+01
   1.3801950e+06   3.6193848e+01
   1.3803170e+06   2.7648926e+01
   1.3854580e+06   2.0080566e+01
   1.3874270e+06   5.1818848e+01
   1.3874860e+06   2.0446777e+01
   1.3875020e+06   4.5959473e+01
   1.3875680e+06   4.5349121e+01
   1.3876390e+06   3.2836914e+01
   1.3877380e+06   4.4555664e+01
   1.3878380e+06   4.3090820e+01
   1.3938190e+06   2.2460938e+01
   1.3939000e+06   4.9499512e+01
   1.3939860e+06   5.1696777e+01
   1.3940260e+06   2.6000977e+01
   1.3940820e+06   3.7109375e+01
   1.3941080e+06   2.5939941e+01
   1.3941800e+06   4.4006348e+01
   1.3986560e+06   2.1606445e+01
   1.3987680e+06   4.9804688e+01
   1.3988540e+06   4.6020508e+01
   1.3989520e+06   5.1452637e+01
   1.3989820e+06   1.9042969e+01
   1.3989990e+06   2.9052734e+01
   1.3990390e+06   4.6386719e+01
   1.4032180e+06   2.2155762e+01
   1.4033610e+06   5.2490234e+01
   1.4069440e+06   4.9194336e+01
   1.4069800e+06   1.9165039e+01
   1.4070390e+06   5.2001953e+01
   1.4071430e+06   4.0954590e+01
   1.4071680e+06   2.0507812e+01
   1.4071970e+06   3.5095215e+01
   1.4072260e+06   2.5390625e+01
   1.4120900e+06   5.4931641e+01
   1.4122050e+06   2.3986816e+01
   1.4122220e+06   5.1269531e+01
   1.4167960e+06   4.8522949e+01
   1.4210280e+06   5.6945801e+01
   1.4210610e+06   1.9104004e+01
   1.4211370e+06   5.9020996e+01
   1.4212600e+06   4.8950195e+01
   1.4260440e+06   3.9978027e+01
   1.4261590e+06   5.0170898e+01
   1.4306920e+06   1.9897461e+01
   1.4308180e+06   2.3681641e+01
   1.4309320e+06   4.7912598e+01
   1.4361350e+06   5.5969238e+01
   1.4361710e+06   1.9836426e+01
   1.4414040e+06   1.9348145e+01
   1.4416150e+06   2.4780273e+01
   1.4416360e+06   5.8044434e+01
   1.4465850e+06   1.9775391e+01
   1.4526690e+06   2.2155762e+01
   1.4528250e+06   5.7250977e+01
   1.4528660e+06   2.3437500e+01
   1.4528950e+06   2.0446777e+01
   1.4529240e+06   4.9499512e+01
   1.4530140e+06   5.1147461e+01
   1.4597850e+06   1.9104004e+01
   1.4599410e+06   1.9104004e+01
   1.4652350e+06   2.9785156e+01
   1.4654210e+06   5.3405762e+01
   1.4655070e+06   5.3466797e+01
   1.4728210e+06   2.0446777e+01
   1.4730090e+06   2.1667480e+01
   1.4731060e+06   2.6855469e+01
   1.4732320e+06   4.5410156e+01
   1.4804790e+06   2.0507812e+01
   1.4805940e+06   2.3681641e+01
   1.4807380e+06   5.4443359e+01
   1.4808670e+06   5.6518555e+01
   1.4877340e+06   1.9836426e+01
   1.4879510e+06   2.1423340e+01
   1.4880880e+06   5.3161621e+01
   1.4955960e+06   2.4719238e+01
   1.4959210e+06   5.7983398e+01
   1.4960250e+06   5.6457520e+01
   1.5034420e+06   2.0629883e+01
   1.5108560e+06   1.9592285e+01
   1.5108840e+06   6.9580078e+01
   1.5109750e+06   5.1025391e+01
   1.5110600e+06   1.8920898e+01
   1.5200830e+06   5.7495117e+01
   1.5202120e+06   5.0842285e+01
   1.5202260e+06   3.9916992e+01
   1.5203010e+06   5.6152344e+01
   1.5203830e+06   5.7189941e+01
   1.5286230e+06   1.9958496e+01
   1.5288280e+06   2.2338867e+01
   1.5289550e+06   5.4443359e+01
   1.5292140e+06   4.9072266e+01
   1.5359960e+06   1.9836426e+01
   1.5361330e+06   2.1301270e+01
   1.5362640e+06   2.2705078e+01
   1.5363690e+06   6.6833496e+01
   1.5364790e+06   5.5664062e+01
   1.5365800e+06   5.4870605e+01
   1.5449060e+06   1.9714355e+01
   1.5451340e+06   2.1850586e+01
   1.5451820e+06   5.6945801e+01
   1.5452240e+06   1.9653320e+01
   1.5452600e+06   5.2795410e+01
   1.5453430e+06   4.5043945e+01
   1.5454790e+06   5.2246094e+01
   1.5537520e+06   4.8278809e+01
   1.5538260e+06   4.8278809e+01
   1.5539720e+06   4.5593262e+01
   1.5541440e+06   5.2246094e+01
   1.5617440e+06   5.1025391e+01
   1.5617560e+06   2.4169922e+01
   1.5618320e+06   5.2490234e+01
   1.5619430e+06   4.7058105e+01
   1.5701190e+06   5.3466797e+01
   1.5701890e+06   5.7800293e+01
   1.5702170e+06   2.2583008e+01
   1.5702610e+06   4.6325684e+01
   1.5703320e+06   5.0903320e+01
   1.5704330e+06   4.3212891e+01
   1.5705620e+06   4.4860840e+01
   1.5791310e+06   4.7546387e+01
   1.5792120e+06   4.7668457e+01
   1.5793000e+06   4.1748047e+01
   1.5886160e+06   2.3986816e+01
   1.5888530e+06   2.3315430e+01
   1.5890360e+06   4.6325684e+01
   1.5891050e+06   5.0354004e+01
   1.5891160e+06   3.5522461e+01
   1.5891660e+06   4.6875000e+01
   1.5892130e+06   2.1057129e+01
   1.5892280e+06   4.4494629e+01
   1.5892890e+06   3.4301758e+01
   1.5893020e+06   1.9104004e+01
   1.5893560e+06   3.6682129e+01
   1.5893770e+06   2.3803711e+01
   1.5894360e+06   4.1503906e+01
   1.5895390e+06   3.4240723e+01
   1.5896630e+06   3.9550781e+01
   1.5998040e+06   4.7180176e+01
   1.5998730e+06   5.3344727e+01
   1.5999390e+06   4.8400879e+01
   1.6000080e+06   4.9621582e+01
   1.6000390e+06   2.8747559e+01
   1.6000720e+06   4.6325684e+01
   1.6001410e+06   3.4362793e+01
   1.6002260e+06   3.4973145e+01
   1.6003310e+06   4.4433594e+01
   1.6089710e+06   2.1545410e+01
   1.6095580e+06   5.4626465e+01
   1.6096480e+06   4.3701172e+01
   1.6097310e+06   4.7790527e+01
   1.6098100e+06   4.1259766e+01
   1.6099290e+06   4.5776367e+01
   1.6193600e+06   2.0263672e+01
   1.6195430e+06   5.2856445e+01
   1.6196050e+06   4.3395996e+01
   1.6196280e+06   2.1179199e+01
   1.6196570e+06   3.7414551e+01
   1.6197170e+06   5.0842285e+01
   1.6197900e+06   3.5705566e+01
   1.6198550e+06   3.5583496e+01
   1.6199290e+06   3.2348633e+01
   1.6200290e+06   3.6804199e+01
   1.6202040e+06   4.5532227e+01
   1.6301870e+06   5.1086426e+01
   1.6302730e+06   4.2480469e+01
   1.6303320e+06   3.4362793e+01
   1.6303550e+06   4.2907715e+01
   1.6304260e+06   4.5043945e+01
   1.6304720e+06   2.5512695e+01
   1.6305060e+06   3.5888672e+01
   1.6305830e+06   3.2958984e+01
   1.6306670e+06   3.4545898e+01
   1.6404030e+06   4.9072266e+01
   1.6404340e+06   2.3681641e+01
   1.6404730e+06   5.5541992e+01
   1.6405260e+06   2.4902344e+01
   1.6405560e+06   4.4494629e+01
   1.6406170e+06   4.0893555e+01
   1.6406870e+06   3.6804199e+01
   1.6407650e+06   3.1127930e+01
   1.6407810e+06   2.5634766e+01
   1.6408560e+06   3.1738281e+01
   1.6409890e+06   3.7170410e+01
   1.6529060e+06   1.9165039e+01
   1.6530100e+06   4.4921875e+01
   1.6530670e+06   5.0292969e+01
   1.6531210e+06   3.9367676e+01
   1.6531460e+06   2.8198242e+01
   1.6531740e+06   3.0212402e+01
   1.6532210e+06   3.2592773e+01
   1.6532320e+06   1.9409180e+01
   1.6532820e+06   2.9602051e+01
   1.6533080e+06   1.9592285e+01
   1.6533620e+06   3.3020020e+01
   1.6534150e+06   2.9418945e+01
   1.6534420e+06   2.6794434e+01
   1.6535310e+06   3.3874512e+01
   1.6536380e+06   4.2663574e+01
   1.6537230e+06   2.8076172e+01
   1.6537590e+06   3.0090332e+01
   1.6539040e+06   4.1809082e+01
   1.6662330e+06   4.9743652e+01
   1.6662750e+06   3.3203125e+01
   1.6663010e+06   5.2490234e+01
   1.6663530e+06   4.1992188e+01
   1.6663660e+06   3.5644531e+01
   1.6664070e+06   4.0832520e+01
   1.6664280e+06   2.5329590e+01
   1.6664610e+06   2.8015137e+01
   1.6665090e+06   3.4606934e+01
   1.6665780e+06   2.4963379e+01
   1.6666080e+06   2.8015137e+01
   1.6666550e+06   2.9479980e+01
   1.6667320e+06   2.3193359e+01
   1.6667620e+06   3.4973145e+01
   1.6668750e+06   3.5278320e+01
   1.6669100e+06   2.3132324e+01
   1.6669870e+06   3.8024902e+01
   1.6779370e+06   2.0629883e+01
   1.6788690e+06   5.6884766e+01
   1.6789290e+06   6.0791016e+01
   1.6789890e+06   4.2785645e+01
   1.6790040e+06   3.1860352e+01
   1.6790410e+06   3.6804199e+01
   1.6790570e+06   2.4047852e+01
   1.6790960e+06   3.0761719e+01
   1.6791600e+06   2.6123047e+01
   1.6792190e+06   2.9479980e+01
   1.6792440e+06   2.3132324e+01
   1.6792870e+06   2.8015137e+01
   1.6793840e+06   3.6926270e+01
   1.6795180e+06   5.1147461e+01
   1.6909930e+06   5.3894043e+01
   1.6910430e+06   2.9846191e+01
   1.6910630e+06   4.0832520e+01
   1.6911110e+06   3.1005859e+01
   1.6911330e+06   2.1484375e+01
   1.6911630e+06   2.7954102e+01
   1.6911970e+06   2.3254395e+01
   1.6912110e+06   2.3193359e+01
   1.6912730e+06   3.7719727e+01
   1.6913400e+06   2.9785156e+01
   1.6913570e+06   2.4291992e+01
   1.6914100e+06   2.4658203e+01
   1.6914540e+06   2.3437500e+01
   1.6915010e+06   2.9052734e+01
   1.6915820e+06   2.5085449e+01
   1.6915920e+06   3.8940430e+01
   1.6917080e+06   3.0883789e+01
   1.7014190e+06   2.0568848e+01
   1.7033230e+06   2.0141602e+01
   1.7055780e+06   5.0048828e+01
   1.7056140e+06   2.9785156e+01
   1.7056310e+06   4.9438477e+01
   1.7056750e+06   3.1250000e+01
   1.7057250e+06   4.2053223e+01
   1.7057470e+06   2.7587891e+01
   1.7057720e+06   2.6367188e+01
   1.7057850e+06   2.2766113e+01
   1.7058410e+06   2.2521973e+01
   1.7059030e+06   2.1423340e+01
   1.7059680e+06   2.1240234e+01
   1.7060130e+06   2.1240234e+01
   1.7060740e+06   3.6071777e+01
   1.7061510e+06   2.6550293e+01
   1.7061780e+06   2.3986816e+01
   1.7062230e+06   2.3437500e+01
   1.7063080e+06   3.3508301e+01
   1.7063480e+06   2.3315430e+01
   1.7063990e+06   3.1372070e+01
   1.7065430e+06   3.4057617e+01
   1.7065880e+06   2.2644043e+01
   1.7194340e+06   5.5664062e+01
   1.7194510e+06   2.9541016e+01
   1.7194910e+06   4.4006348e+01
   1.7195100e+06   2.0629883e+01
   1.7195420e+06   3.4729004e+01
   1.7195670e+06   2.1484375e+01
   1.7195880e+06   2.0324707e+01
   1.7196320e+06   2.8564453e+01
   1.7196620e+06   2.0751953e+01
   1.7196910e+06   2.4658203e+01
   1.7198260e+06   2.3864746e+01
   1.7199300e+06   1.8920898e+01
   1.7199630e+06   2.1789551e+01
   1.7200450e+06   2.8015137e+01
   1.7201230e+06   3.3813477e+01
   1.7202310e+06   1.9897461e+01
   1.7202920e+06   3.5949707e+01
   1.7330760e+06   2.0935059e+01
   1.7331290e+06   5.7373047e+01
   1.7331470e+06   2.4230957e+01
   1.7331880e+06   4.3884277e+01
   1.7332080e+06   2.1362305e+01
   1.7332350e+06   3.3996582e+01
   1.7332590e+06   2.1118164e+01
   1.7332850e+06   4.0039062e+01
   1.7333160e+06   2.4536133e+01
   1.7333310e+06   2.0874023e+01
   1.7333690e+06   1.9287109e+01
   1.7334260e+06   2.1118164e+01
   1.7336300e+06   2.1362305e+01
   1.7337060e+06   2.6550293e+01
   1.7338130e+06   2.7282715e+01
   1.7338390e+06   2.1850586e+01
   1.7338950e+06   2.8137207e+01
   1.7339790e+06   2.1850586e+01
   1.7339970e+06   2.6062012e+01
   1.7340880e+06   2.9418945e+01
   1.7491720e+06   2.0202637e+01
   1.7493130e+06   4.8400879e+01
   1.7493290e+06   3.4423828e+01
   1.7493610e+06   4.2480469e+01
   1.7493950e+06   2.1789551e+01
   1.7494080e+06   3.0456543e+01
   1.7494420e+06   2.7221680e+01
   1.7494530e+06   2.6306152e+01
   1.7494970e+06   3.1738281e+01
   1.7495370e+06   2.7709961e+01
   1.7495470e+06   1.9165039e+01
   1.7495940e+06   2.3742676e+01
   1.7497810e+06   2.3559570e+01
   1.7498530e+06   2.0324707e+01
   1.7499970e+06   2.4536133e+01
   1.7500490e+06   2.3559570e+01
   1.7500750e+06   2.0080566e+01
   1.7501690e+06   3.3447266e+01
   1.7502620e+06   2.7343750e+01
   1.7503670e+06   3.6499023e+01
   1.7504880e+06   3.4851074e+01
   1.7697910e+06   1.9165039e+01
   1.7698970e+06   5.2673340e+01
   1.7699370e+06   3.5888672e+01
   1.7699520e+06   3.7902832e+01
   1.7699940e+06   4.4860840e+01
   1.7700430e+06   2.7404785e+01
   1.7700710e+06   1.9958496e+01
   1.7700950e+06   2.7099609e+01
   1.7701240e+06   2.4414062e+01
   1.7704920e+06   2.0812988e+01
   1.7705850e+06   2.1911621e+01
   1.7706360e+06   1.9165039e+01
   1.7706940e+06   2.6855469e+01
   1.7707880e+06   2.5756836e+01
   1.7708200e+06   1.9287109e+01
   1.7708620e+06   2.0080566e+01
   1.7709340e+06   2.6550293e+01
   1.7710340e+06   2.3559570e+01
   1.7711400e+06   3.7597656e+01
   1.7886180e+06   5.2062988e+01
   1.7886520e+06   2.9968262e+01
   1.7886800e+06   5.7678223e+01
   1.7887000e+06   2.7648926e+01
   1.7887220e+06   3.5644531e+01
   1.7887350e+06   2.7404785e+01
   1.7887660e+06   2.0446777e+01
   1.7888930e+06   2.0812988e+01
   1.7889400e+06   2.1179199e+01
   1.7891290e+06   2.3681641e+01
   1.7892570e+06   1.9226074e+01
   1.7893340e+06   2.2949219e+01
   1.7894160e+06   2.0996094e+01
   1.7894990e+06   2.3254395e+01
   1.7895840e+06   2.9357910e+01
   1.7897050e+06   3.3264160e+01
   1.8049760e+06   5.3283691e+01
   1.8050240e+06   4.6630859e+01
   1.8050630e+06   2.8259277e+01
   1.8050810e+06   1.9714355e+01
   1.8051040e+06   2.2705078e+01
   1.8051220e+06   1.9592285e+01
   1.8051390e+06   2.7587891e+01
   1.8051820e+06   2.1362305e+01
   1.8052880e+06   1.9287109e+01
   1.8053590e+06   2.3254395e+01
   1.8054440e+06   2.0629883e+01
   1.8055000e+06   2.6123047e+01
   1.8055330e+06   2.0629883e+01
   1.8055660e+06   2.1667480e+01
   1.8056450e+06   3.1860352e+01
   1.8056570e+06   2.8259277e+01
   1.8057480e+06   3.0517578e+01
   1.8058190e+06   1.9958496e+01
   1.8058390e+06   2.4963379e+01
   1.8059810e+06   3.2287598e+01
   1.8250630e+06   5.2368164e+01
   1.8251150e+06   5.8044434e+01
   1.8251550e+06   4.2480469e+01
   1.8251680e+06   2.8381348e+01
   1.8253280e+06   2.0263672e+01
   1.8253670e+06   2.0751953e+01
   1.8255270e+06   1.9470215e+01
   1.8256290e+06   2.0324707e+01
   1.8257220e+06   2.0568848e+01
   1.8257790e+06   1.9531250e+01
   1.8258640e+06   2.9785156e+01
   1.8259440e+06   3.0761719e+01
   1.8260360e+06   2.6550293e+01
   1.8261950e+06   3.1982422e+01
   1.8263100e+06   3.4057617e+01
   1.8417270e+06   5.0720215e+01
   1.8417430e+06   2.4536133e+01
   1.8417830e+06   4.4799805e+01
   1.8418050e+06   2.0996094e+01
   1.8418220e+06   2.5268555e+01
   1.8418340e+06   2.9785156e+01
   1.8418630e+06   3.1372070e+01
   1.8418850e+06   2.1118164e+01
   1.8419350e+06   2.0690918e+01
   1.8419670e+06   2.1118164e+01
   1.8419840e+06   1.9042969e+01
   1.8421380e+06   1.9653320e+01
   1.8421610e+06   2.2705078e+01
   1.8422390e+06   2.0263672e+01
   1.8423130e+06   2.6611328e+01
   1.8423850e+06   2.5817871e+01
   1.8424700e+06   2.7709961e+01
   1.8425190e+06   2.3803711e+01
   1.8425440e+06   2.5695801e+01
   1.8427150e+06   3.5766602e+01
   1.8558970e+06   1.9592285e+01
   1.8559320e+06   5.4809570e+01
   1.8559420e+06   4.2175293e+01
   1.8559820e+06   2.9174805e+01
   1.8559950e+06   2.5085449e+01
   1.8560260e+06   3.5766602e+01
   1.8560530e+06   2.1911621e+01
   1.8560710e+06   2.2155762e+01
   1.8561170e+06   3.7963867e+01
   1.8561700e+06   2.9479980e+01
   1.8561970e+06   1.9836426e+01
   1.8562270e+06   2.0263672e+01
   1.8562490e+06   2.0385742e+01
   1.8562990e+06   3.4057617e+01
   1.8563580e+06   2.7587891e+01
   1.8563690e+06   3.3203125e+01
   1.8564650e+06   3.2470703e+01
   1.8565090e+06   2.5634766e+01
   1.8565630e+06   3.8513184e+01
   1.8687830e+06   1.9165039e+01
   1.8689560e+06   4.3212891e+01
   1.8690100e+06   2.1911621e+01
   1.8690290e+06   4.5898438e+01
   1.8690740e+06   5.4870605e+01
   1.8691160e+06   3.8940430e+01
   1.8691510e+06   3.0944824e+01
   1.8692190e+06   3.1616211e+01
   1.8692530e+06   2.2338867e+01
   1.8692790e+06   2.2644043e+01
   1.8693180e+06   2.3498535e+01
   1.8693440e+06   2.2705078e+01
   1.8694220e+06   3.6132812e+01
   1.8695140e+06   3.5644531e+01
   1.8695650e+06   2.7832031e+01
   1.8696500e+06   3.3874512e+01
   1.8849650e+06   1.9226074e+01
   1.8849800e+06   5.3527832e+01
   1.8849990e+06   2.2827148e+01
   1.8850200e+06   2.0263672e+01
   1.8850340e+06   2.2277832e+01
   1.8850580e+06   2.3498535e+01
   1.8850710e+06   4.4006348e+01
   1.8850960e+06   2.4353027e+01
   1.8851150e+06   3.1433105e+01
   1.8851450e+06   4.6203613e+01
   1.8851820e+06   3.0822754e+01
   1.8852090e+06   2.7832031e+01
   1.8852370e+06   1.9775391e+01
   1.8852630e+06   2.0019531e+01
   1.8853160e+06   1.9042969e+01
   1.8853790e+06   2.5329590e+01
   1.8854510e+06   2.2766113e+01
   1.8854610e+06   1.9897461e+01
   1.8855180e+06   2.5573730e+01
   1.8855360e+06   2.9357910e+01
   1.8856330e+06   3.6315918e+01
   1.8857940e+06   4.2785645e+01
   1.9010500e+06   1.9714355e+01
   1.9010930e+06   4.6936035e+01
   1.9011330e+06   3.3264160e+01
   1.9011530e+06   5.4870605e+01
   1.9011680e+06   2.7893066e+01
   1.9011990e+06   4.3457031e+01
   1.9012170e+06   2.3071289e+01
   1.9012520e+06   3.5583496e+01
   1.9012820e+06   2.1240234e+01
   1.9013000e+06   4.0161133e+01
   1.9013530e+06   4.1259766e+01
   1.9014090e+06   2.7832031e+01
   1.9014340e+06   1.9104004e+01
   1.9014900e+06   2.8198242e+01
   1.9015930e+06   3.5400391e+01
   1.9016220e+06   2.0385742e+01
   1.9017530e+06   4.0100098e+01
   1.9139800e+06   3.2775879e+01
   1.9140050e+06   1.9409180e+01
   1.9140330e+06   4.1442871e+01
   1.9140640e+06   3.2958984e+01
   1.9140920e+06   4.6325684e+01
   1.9141410e+06   2.9479980e+01
   1.9141540e+06   3.3142090e+01
   1.9142220e+06   5.4382324e+01
   1.9142980e+06   4.1870117e+01
   1.9143360e+06   2.5024414e+01
   1.9144320e+06   3.9184570e+01
   1.9269330e+06   6.4697266e+01
   1.9269710e+06   2.4291992e+01
   1.9269850e+06   1.9470215e+01
   1.9270080e+06   5.1391602e+01
   1.9270260e+06   3.9062500e+01
   1.9270550e+06   4.0771484e+01
   1.9270850e+06   2.2521973e+01
   1.9271030e+06   4.4921875e+01
   1.9271350e+06   2.4597168e+01
   1.9271570e+06   3.4423828e+01
   1.9272110e+06   4.0954590e+01
   1.9272920e+06   3.2165527e+01
   1.9274050e+06   3.8452148e+01
   1.9274500e+06   2.5207520e+01
   1.9275000e+06   3.4362793e+01
   1.9453920e+06   1.9836426e+01
   1.9454750e+06   1.8920898e+01
   1.9455180e+06   5.3344727e+01
   1.9455280e+06   4.1381836e+01
   1.9455680e+06   4.8889160e+01
   1.9455860e+06   2.1301270e+01
   1.9456230e+06   5.1147461e+01
   1.9456490e+06   2.2644043e+01
   1.9456670e+06   2.9113770e+01
   1.9457060e+06   3.0212402e+01
   1.9457320e+06   3.7475586e+01
   1.9457660e+06   2.8625488e+01
   1.9458140e+06   4.4494629e+01
   1.9458680e+06   3.0090332e+01
   1.9458970e+06   2.6184082e+01
   1.9460150e+06   2.0324707e+01
   1.9460320e+06   3.9978027e+01
   1.9461270e+06   3.7597656e+01
   1.9620270e+06   2.3254395e+01
   1.9620720e+06   2.1911621e+01
   1.9621010e+06   5.6152344e+01
   1.9621340e+06   2.5146484e+01
   1.9621710e+06   2.4597168e+01
   1.9622110e+06   4.9621582e+01
   1.9622360e+06   3.3691406e+01
   1.9622460e+06   2.0874023e+01
   1.9622730e+06   4.1137695e+01
   1.9622940e+06   1.9775391e+01
   1.9623140e+06   2.3071289e+01
   1.9623300e+06   3.8452148e+01
   1.9623890e+06   6.0119629e+01
   1.9624000e+06   2.0751953e+01
   1.9624740e+06   3.2897949e+01
   1.9625810e+06   3.7658691e+01
   1.9626850e+06   4.4921875e+01
   1.9627230e+06   2.0629883e+01
   1.9832790e+06   5.5480957e+01
   1.9832920e+06   2.9846191e+01
   1.9833150e+06   2.0202637e+01
   1.9833380e+06   4.2358398e+01
   1.9833600e+06   2.2521973e+01
   1.9833850e+06   4.2663574e+01
   1.9834070e+06   2.1850586e+01
   1.9834310e+06   3.4606934e+01
   1.9834500e+06   2.7099609e+01
   1.9834860e+06   3.8085938e+01
   1.9835360e+06   4.8950195e+01
   1.9835920e+06   3.4729004e+01
   1.9836630e+06   2.5756836e+01
   1.9836980e+06   2.3315430e+01
   1.9837340e+06   2.9907227e+01
   1.9838050e+06   2.0385742e+01
   1.9838400e+06   4.1076660e+01
   1.9839970e+06   4.6813965e+01
