   3.0000000e+06   0.0000000e+00
   9.4550000e+03   2.4291992e+01
   1.2007000e+04   2.2033691e+01
   2.2307700e+05   2.4353027e+01
   2.2331100e+05   2.0996094e+01
   2.3956900e+05   2.1362305e+01
   3.4563800e+05   2.2094727e+01
   3.8459800e+05   2.1850586e+01
   4.3864400e+05   2.3132324e+01
   5.0565700e+05   2.1850586e+01
   5.2695500e+05   2.7343750e+01
   5.5667600e+05   3.2531738e+01
   6.0725700e+05   2.3559570e+01
   6.6215800e+05   2.6062012e+01
   6.8481500e+05   2.3071289e+01
   7.0356500e+05   2.7099609e+01
   7.3303000e+05   2.1484375e+01
   7.7289200e+05   2.2827148e+01
   8.1124300e+05   2.0690918e+01
   8.1137900e+05   2.2399902e+01
   8.1156100e+05   2.3620605e+01
   8.1167700e+05   2.1301270e+01
   8.8538700e+05   2.0996094e+01
   9.0907700e+05   2.1240234e+01
   9.0917300e+05   2.4291992e+01
   9.2256000e+05   2.2583008e+01
   9.3317900e+05   2.3498535e+01
   9.3325200e+05   2.0812988e+01
   9.3332100e+05   2.0690918e+01
   9.3347600e+05   2.2766113e+01
   9.5280400e+05   2.0996094e+01
   9.5297600e+05   2.2277832e+01
   9.5303800e+05   2.1301270e+01
   9.8910300e+05   2.6794434e+01
   1.0106080e+06   2.1606445e+01
   1.0864770e+06   2.3681641e+01
   1.0866600e+06   2.5939941e+01
   1.1135110e+06   2.3498535e+01
   1.1422350e+06   2.0996094e+01
   1.1426850e+06   2.1057129e+01
   1.1957610e+06   2.3010254e+01
   1.2131350e+06   2.2644043e+01
   1.2133250e+06   2.2216797e+01
   1.2252720e+06   2.1179199e+01
   1.2255500e+06   2.5817871e+01
   1.2256860e+06   2.1667480e+01
   1.2259390e+06   2.3742676e+01
   1.2400060e+06   2.2155762e+01
   1.2403620e+06   2.3986816e+01
   1.2404600e+06   2.0935059e+01
   1.2544760e+06   2.0751953e+01
   1.2557230e+06   2.0812988e+01
   1.2709240e+06   2.3071289e+01
   1.2712410e+06   2.6184082e+01
   1.2713140e+06   2.4169922e+01
   1.2714380e+06   2.1057129e+01
   1.2808240e+06   2.2888184e+01
   1.2808860e+06   2.1545410e+01
   1.2809480e+06   2.5512695e+01
   1.2810320e+06   2.0996094e+01
   1.2817930e+06   2.3315430e+01
   1.2824390e+06   2.1240234e+01
   1.2827000e+06   2.0690918e+01
   1.3073420e+06   2.4597168e+01
   1.3074890e+06   2.4536133e+01
   1.3076130e+06   2.2155762e+01
   1.3077590e+06   2.2155762e+01
   1.3271910e+06   2.9052734e+01
   1.3272560e+06   2.0629883e+01
   1.3273630e+06   2.6428223e+01
   1.3277000e+06   2.1179199e+01
   1.3280430e+06   2.2277832e+01
   1.3283430e+06   2.1240234e+01
   1.3421960e+06   2.1789551e+01
   1.3497070e+06   2.4353027e+01
   1.3497750e+06   2.1301270e+01
   1.3498040e+06   2.1118164e+01
   1.3502390e+06   2.4353027e+01
   1.3650740e+06   2.8503418e+01
   1.3874780e+06   2.1423340e+01
   1.4415660e+06   3.3142090e+01
   1.4654520e+06   2.7221680e+01
   1.4879730e+06   2.2399902e+01
   1.5035440e+06   2.1728516e+01
   1.5036350e+06   2.7038574e+01
   1.5200360e+06   2.8381348e+01
   1.5288560e+06   2.7343750e+01
   1.5451290e+06   2.3498535e+01
   1.5536680e+06   2.6672363e+01
   1.5616260e+06   2.7160645e+01
   1.5700460e+06   3.2775879e+01
   1.5890600e+06   2.3620605e+01
   1.5997690e+06   2.1667480e+01
   1.6194880e+06   2.1301270e+01
   1.6195930e+06   2.3071289e+01
   1.6300900e+06   2.3254395e+01
   1.6302380e+06   2.3925781e+01
   1.6402090e+06   2.0874023e+01
   1.6403800e+06   2.6123047e+01
   1.6531120e+06   2.5573730e+01
   1.6661950e+06   2.1911621e+01
   1.6662780e+06   2.1545410e+01
   1.6787860e+06   2.2399902e+01
   1.6789920e+06   2.2033691e+01
   1.6909560e+06   2.6245117e+01
   1.6910670e+06   2.4963379e+01
   1.7055990e+06   2.1728516e+01
   1.7056820e+06   2.7526855e+01
   1.7194980e+06   2.5268555e+01
   1.7331010e+06   2.1911621e+01
   1.7331680e+06   2.3254395e+01
   1.7332460e+06   2.1301270e+01
   1.7332960e+06   2.1301270e+01
   1.7333630e+06   2.1301270e+01
   1.7492750e+06   2.4230957e+01
   1.7493580e+06   2.9846191e+01
   1.7494300e+06   2.8930664e+01
   1.7494940e+06   2.2705078e+01
   1.7495190e+06   2.2216797e+01
   1.7698540e+06   2.1484375e+01
   1.7699790e+06   2.2216797e+01
   1.7700320e+06   2.1972656e+01
   1.7700880e+06   2.3132324e+01
   1.7701660e+06   2.6000977e+01
   1.7708610e+06   2.1484375e+01
   1.7885070e+06   2.5085449e+01
   1.7886010e+06   2.1240234e+01
   1.7886720e+06   2.5695801e+01
   1.7887570e+06   2.3132324e+01
   1.7887840e+06   2.1911621e+01
   1.7888670e+06   2.1118164e+01
   1.8049380e+06   2.1362305e+01
   1.8050330e+06   2.1911621e+01
   1.8050650e+06   2.8442383e+01
   1.8050840e+06   2.5634766e+01
   1.8052160e+06   3.0456543e+01
   1.8053220e+06   2.1911621e+01
   1.8249430e+06   2.6550293e+01
   1.8250960e+06   2.3315430e+01
   1.8251580e+06   2.4658203e+01
   1.8251880e+06   3.6926270e+01
   1.8252770e+06   2.2705078e+01
   1.8253160e+06   2.4780273e+01
   1.8254090e+06   2.3681641e+01
   1.8256030e+06   2.7038574e+01
   1.8262080e+06   2.2277832e+01
   1.8416050e+06   2.2521973e+01
   1.8416790e+06   2.1118164e+01
   1.8417960e+06   2.4291992e+01
   1.8419630e+06   2.2583008e+01
   1.8420510e+06   2.1545410e+01
   1.8421350e+06   2.1545410e+01
   1.8559860e+06   2.2644043e+01
   1.8560300e+06   3.1738281e+01
   1.8560640e+06   2.1240234e+01
   1.8561020e+06   2.2094727e+01
   1.8562010e+06   2.0629883e+01
   1.8563250e+06   2.4536133e+01
   1.8565250e+06   2.0690918e+01
   1.8566390e+06   2.7099609e+01
   1.8690080e+06   2.1301270e+01
   1.8690820e+06   2.6000977e+01
   1.8691200e+06   2.3315430e+01
   1.8692830e+06   2.1972656e+01
   1.8694320e+06   2.3132324e+01
   1.8698110e+06   2.4108887e+01
   1.8702320e+06   2.4780273e+01
   1.8849930e+06   2.3010254e+01
   1.8851350e+06   2.8686523e+01
   1.8852170e+06   2.2338867e+01
   1.8856090e+06   2.2583008e+01
   1.8859520e+06   2.2277832e+01
   1.8861100e+06   2.1667480e+01
   1.8876740e+06   2.5817871e+01
   1.8879810e+06   2.2460938e+01
   1.9012050e+06   2.6306152e+01
   1.9012680e+06   2.2644043e+01
   1.9013120e+06   2.5878906e+01
   1.9017170e+06   2.3376465e+01
   1.9018330e+06   2.1057129e+01
   1.9018690e+06   2.2338867e+01
   1.9020080e+06   2.1911621e+01
   1.9051840e+06   2.2155762e+01
   1.9081630e+06   2.4719238e+01
   1.9084900e+06   2.4169922e+01
   1.9139470e+06   2.1728516e+01
   1.9141030e+06   3.5644531e+01
   1.9142170e+06   2.2644043e+01
   1.9143420e+06   2.1362305e+01
   1.9145560e+06   2.3681641e+01
   1.9214540e+06   2.2033691e+01
   1.9269220e+06   2.1240234e+01
   1.9269430e+06   2.1362305e+01
   1.9269940e+06   2.2399902e+01
   1.9270260e+06   2.3132324e+01
   1.9270530e+06   3.4423828e+01
   1.9271200e+06   2.4841309e+01
   1.9271850e+06   2.7160645e+01
   1.9272750e+06   2.2094727e+01
   1.9274970e+06   2.2521973e+01
   1.9275200e+06   2.5512695e+01
   1.9276810e+06   2.0751953e+01
   1.9342450e+06   2.1362305e+01
   1.9454770e+06   2.3010254e+01
   1.9455500e+06   3.3325195e+01
   1.9455600e+06   2.1667480e+01
   1.9456290e+06   2.9113770e+01
   1.9456990e+06   2.5329590e+01
   1.9457810e+06   2.4658203e+01
   1.9458560e+06   2.0751953e+01
   1.9459920e+06   2.1484375e+01
   1.9463100e+06   2.1057129e+01
   1.9472080e+06   2.3498535e+01
   1.9475850e+06   2.1118164e+01
   1.9484340e+06   2.2644043e+01
   1.9496000e+06   2.3803711e+01
   1.9515020e+06   2.3498535e+01
   1.9522160e+06   2.0812988e+01
   1.9620940e+06   3.1005859e+01
   1.9623700e+06   2.1606445e+01
   1.9624710e+06   2.3559570e+01
   1.9691700e+06   2.5634766e+01
   1.9698660e+06   2.2644043e+01
   1.9792340e+06   2.1301270e+01
   1.9832300e+06   2.6123047e+01
   1.9833020e+06   2.2094727e+01
   1.9833170e+06   2.6733398e+01
   1.9833840e+06   2.2460937e+01
   1.9835270e+06   2.7282715e+01
   1.9836850e+06   2.8869629e+01
   1.9837980e+06   2.6428223e+01
   1.9840790e+06   2.2705078e+01
   1.9842710e+06   2.3803711e+01
   1.9844000e+06   2.6306152e+01
   1.9858960e+06   2.1484375e+01
   1.9865960e+06   2.1789551e+01
   1.9884380e+06   2.1118164e+01
   1.9900930e+06   2.2338867e+01
   1.9904990e+06   2.5878906e+01
   1.9963940e+06   2.2644043e+01
   2.0042630e+06   2.0874023e+01
   2.2452650e+06   2.0690918e+01
   2.6809710e+06   2.1545410e+01
   2.6810540e+06   2.4597168e+01
