   3.0000000e+06   0.0000000e+00
   8.3210000e+03   3.9672852e+01
   9.6650000e+03   1.9592285e+01
   1.2688000e+04   4.6386719e+01
   1.6115000e+04   2.1667480e+01
   1.6241000e+04   3.9184570e+01
   2.0257000e+04   4.3579102e+01
   2.2451000e+04   3.4667969e+01
   2.5319000e+04   3.5766602e+01
   2.7820000e+04   4.7729492e+01
   3.0752000e+04   4.0039062e+01
   3.3427000e+04   3.7658691e+01
   3.4289000e+04   4.5776367e+01
   3.5063000e+04   1.9653320e+01
   3.5446000e+04   4.0405273e+01
   4.4950000e+04   4.1748047e+01
   4.9081000e+04   2.0507812e+01
   4.9666000e+04   3.8940430e+01
   5.1571000e+04   4.1931152e+01
   5.4628000e+04   3.9306641e+01
   6.0823000e+04   4.0954590e+01
   7.0110000e+04   4.2236328e+01
   7.3813000e+04   4.2785645e+01
   7.5555000e+04   3.9978027e+01
   7.5609000e+04   4.2541504e+01
   7.7066000e+04   4.1198730e+01
   8.0238000e+04   4.2846680e+01
   9.1907000e+04   1.9958496e+01
   9.2102000e+04   4.1259766e+01
   9.5365000e+04   3.3996582e+01
   9.9335000e+04   3.6682129e+01
   1.0213000e+05   3.7841797e+01
   1.0390500e+05   4.0100098e+01
   1.0468100e+05   4.2358398e+01
   1.0480600e+05   4.1381836e+01
   1.0996900e+05   3.7963867e+01
   1.1649500e+05   3.9550781e+01
   1.1763000e+05   4.3579102e+01
   1.2134600e+05   3.7536621e+01
   1.2518700e+05   4.2297363e+01
   1.4399900e+05   4.6081543e+01
   1.5188800e+05   4.7180176e+01
   1.5392100e+05   4.5715332e+01
   1.5579400e+05   4.4921875e+01
   1.6073900e+05   4.0161133e+01
   1.6318000e+05   4.5166016e+01
   1.7115600e+05   2.0751953e+01
   1.7966600e+05   4.0832520e+01
   1.8382700e+05   3.6254883e+01
   1.8437300e+05   4.0832520e+01
   1.8507200e+05   4.2846680e+01
   1.8542600e+05   3.9855957e+01
   1.8772700e+05   4.6386719e+01
   1.9164900e+05   4.1137695e+01
   1.9644300e+05   3.7048340e+01
   2.0005500e+05   4.1931152e+01
   2.0052100e+05   4.2053223e+01
   2.0208500e+05   2.1118164e+01
   2.0211800e+05   4.2846680e+01
   2.0249500e+05   3.8940430e+01
   2.0659200e+05   1.9958496e+01
   2.0714100e+05   4.3273926e+01
   2.0769800e+05   3.6621094e+01
   2.0842900e+05   4.2724609e+01
   2.0921400e+05   4.3457031e+01
   2.1047400e+05   3.8696289e+01
   2.1160200e+05   4.1381836e+01
   2.1601500e+05   4.0405273e+01
   2.2229400e+05   4.0588379e+01
   2.2961100e+05   4.6020508e+01
   2.3382900e+05   4.1809082e+01
   2.3545900e+05   3.6071777e+01
   2.4029300e+05   3.8574219e+01
   2.4337100e+05   4.2297363e+01
   2.4403100e+05   3.8635254e+01
   2.4532500e+05   3.9794922e+01
   2.4574200e+05   4.0161133e+01
   2.4635000e+05   4.1259766e+01
   2.5086500e+05   5.0048828e+01
   2.5433600e+05   3.3935547e+01
   2.8481900e+05   3.7292480e+01
   2.8501500e+05   1.9653320e+01
   2.8506700e+05   2.2705078e+01
   2.8558500e+05   4.7119141e+01
   2.8683600e+05   4.0588379e+01
   2.9184600e+05   1.9226074e+01
   2.9506700e+05   3.5522461e+01
   3.0173700e+05   4.0954590e+01
   3.0564500e+05   4.1198730e+01
   3.0916300e+05   3.9794922e+01
   3.1334000e+05   4.0893555e+01
   3.1683000e+05   4.4860840e+01
   3.1911900e+05   3.6926270e+01
   3.2718900e+05   4.2907715e+01
   3.3245600e+05   3.8208008e+01
   3.3564300e+05   3.8879395e+01
   3.4057100e+05   4.4433594e+01
   3.4324800e+05   4.2236328e+01
   3.4551400e+05   3.9733887e+01
   3.4573300e+05   4.6508789e+01
   3.4585500e+05   3.9428711e+01
   3.4601900e+05   2.1423340e+01
   3.4608300e+05   1.9287109e+01
   3.4609400e+05   4.4250488e+01
   3.4655800e+05   3.9062500e+01
   3.4675300e+05   3.8879395e+01
   3.4952400e+05   3.9367676e+01
   3.5253600e+05   3.7475586e+01
   3.5535600e+05   4.0710449e+01
   3.6105500e+05   4.0405273e+01
   3.6146000e+05   1.9897461e+01
   3.6931000e+05   3.7536621e+01
   3.7353700e+05   4.0100098e+01
   3.7390800e+05   2.0812988e+01
   3.7400000e+05   1.9958496e+01
   3.7405000e+05   1.9714355e+01
   3.7523700e+05   4.0771484e+01
   3.7983100e+05   3.6254883e+01
   3.8844700e+05   4.0588379e+01
   3.9953600e+05   3.9733887e+01
   4.0314200e+05   4.2541504e+01
   4.0612800e+05   4.2785645e+01
   4.0905500e+05   3.6926270e+01
   4.1089800e+05   3.5705566e+01
   4.1126400e+05   4.2968750e+01
   4.1190400e+05   4.1015625e+01
   4.1201400e+05   3.8085938e+01
   4.1237300e+05   4.2358398e+01
   4.1241500e+05   4.6752930e+01
   4.1275300e+05   4.0832520e+01
   4.1365700e+05   4.0527344e+01
   4.1957800e+05   3.7719727e+01
   4.2535600e+05   3.5339355e+01
   4.3800200e+05   2.0446777e+01
   4.3862400e+05   4.0649414e+01
   4.3901800e+05   4.1503906e+01
   4.4087900e+05   4.0954590e+01
   4.5274500e+05   3.6682129e+01
   4.5638400e+05   4.4738770e+01
   4.5898000e+05   4.5288086e+01
   4.6306100e+05   4.1259766e+01
   4.6754600e+05   5.2246094e+01
   4.6823900e+05   4.3518066e+01
   4.7063000e+05   3.9062500e+01
   4.7494900e+05   4.3090820e+01
   4.8618300e+05   3.6987305e+01
   4.9153400e+05   4.2053223e+01
   4.9381000e+05   4.0588379e+01
   4.9753800e+05   3.6865234e+01
   4.9932300e+05   4.2907715e+01
   4.9990100e+05   4.2602539e+01
   5.0111100e+05   3.7780762e+01
   5.0348200e+05   1.9897461e+01
   5.0355600e+05   3.9184570e+01
   5.1080000e+05   4.2907715e+01
   5.1573900e+05   4.3579102e+01
   5.2019200e+05   3.7536621e+01
   5.2242300e+05   4.3029785e+01
   5.2682900e+05   3.6865234e+01
   5.2693700e+05   1.9836426e+01
   5.2781400e+05   4.0649414e+01
   5.2926100e+05   3.8696289e+01
   5.3095200e+05   3.7658691e+01
   5.3458500e+05   3.9062500e+01
   5.3797800e+05   3.9550781e+01
   5.4085700e+05   3.7170410e+01
   5.4630900e+05   4.0527344e+01
   5.5060400e+05   3.9794922e+01
   5.5182200e+05   4.1870117e+01
   5.5636200e+05   3.9428711e+01
   5.5664400e+05   2.0690918e+01
   5.5679400e+05   4.0100098e+01
   5.7011000e+05   3.7292480e+01
   5.8066300e+05   4.5104980e+01
   5.8956400e+05   4.1442871e+01
   5.9868600e+05   4.1381836e+01
   6.0215700e+05   4.6691895e+01
   6.0557200e+05   4.1870117e+01
   6.0683100e+05   1.9836426e+01
   6.0729200e+05   1.9226074e+01
   6.0761900e+05   4.2053223e+01
   6.0778900e+05   3.5400391e+01
   6.1243200e+05   4.2968750e+01
   6.2003200e+05   3.9794922e+01
   6.2617200e+05   4.2663574e+01
   6.2887600e+05   4.6752930e+01
   6.4636100e+05   4.0161133e+01
   6.5524000e+05   4.5288086e+01
   6.6128800e+05   4.5410156e+01
   6.6223100e+05   2.3010254e+01
   6.6449300e+05   4.2297363e+01
   6.6897100e+05   3.8146973e+01
   6.8440600e+05   2.0935059e+01
   6.8446300e+05   3.7780762e+01
   7.0401900e+05   4.0283203e+01
   7.0699100e+05   3.2775879e+01
   7.1216200e+05   4.1748047e+01
   7.1444000e+05   3.7841797e+01
   7.1810900e+05   3.9611816e+01
   7.3200400e+05   3.6315918e+01
   7.3521100e+05   4.0893555e+01
   7.3821000e+05   4.1198730e+01
   7.4349700e+05   4.3334961e+01
   7.4585400e+05   4.0283203e+01
   7.4851000e+05   4.4982910e+01
   7.5074000e+05   3.8269043e+01
   7.5722100e+05   4.2236328e+01
   7.5865900e+05   4.1015625e+01
   7.6340000e+05   3.1738281e+01
   7.6409800e+05   1.9409180e+01
   7.6875100e+05   4.1076660e+01
   7.7266600e+05   4.1503906e+01
   7.7292300e+05   2.1606445e+01
   7.7348200e+05   1.9592285e+01
   7.7354200e+05   4.2297363e+01
   7.7635200e+05   3.9855957e+01
   7.8092300e+05   3.9916992e+01
   8.0015600e+05   2.0996094e+01
   8.0068400e+05   2.1301270e+01
   8.0140400e+05   4.4921875e+01
   8.1110100e+05   2.7099609e+01
   8.1112200e+05   1.9226074e+01
   8.1175800e+05   4.2785645e+01
   8.1364400e+05   3.5766602e+01
   8.1977800e+05   4.5104980e+01
   8.2540700e+05   4.4982910e+01
   8.2767600e+05   4.2358398e+01
   8.3839700e+05   3.6621094e+01
   8.4214500e+05   4.3884277e+01
   8.5071400e+05   4.4860840e+01
   8.5205300e+05   2.1301270e+01
   8.5273800e+05   4.3029785e+01
   8.5352200e+05   2.0935059e+01
   8.5361300e+05   2.6428223e+01
   8.5450000e+05   3.8024902e+01
   8.6023000e+05   4.0039062e+01
   8.6620100e+05   4.4677734e+01
   8.7576900e+05   3.9611816e+01
   8.7647700e+05   3.8452148e+01
   8.8284300e+05   3.6804199e+01
   8.8574700e+05   4.1687012e+01
   8.8651000e+05   4.3579102e+01
   9.0902700e+05   2.1850586e+01
   9.0905100e+05   1.9592285e+01
   9.0909400e+05   4.9255371e+01
   9.0912300e+05   2.1118164e+01
   9.0915700e+05   2.1728516e+01
   9.0934500e+05   3.5583496e+01
   9.0950500e+05   3.6254883e+01
   9.0977900e+05   4.1931152e+01
   9.1865300e+05   4.2297363e+01
   9.3364100e+05   4.0466309e+01
   9.4000000e+05   3.8330078e+01
   9.4237500e+05   4.3518066e+01
   9.4989400e+05   4.2175293e+01
   9.5390300e+05   4.2053223e+01
   9.5812300e+05   4.1381836e+01
   9.6128000e+05   4.0893555e+01
   9.6804000e+05   4.2114258e+01
   9.7038900e+05   3.8269043e+01
   9.7110100e+05   4.6691895e+01
   9.7115000e+05   2.8625488e+01
   9.7178600e+05   4.6813965e+01
   9.7413400e+05   3.9489746e+01
   9.7697100e+05   4.2785645e+01
   9.7971500e+05   3.9245605e+01
   9.8546200e+05   4.3945312e+01
   9.8899600e+05   2.0263672e+01
   9.8908000e+05   2.9541016e+01
   9.8915000e+05   2.0019531e+01
   9.8918000e+05   2.1911621e+01
   9.8920000e+05   1.9592285e+01
   9.8923100e+05   4.6936035e+01
   9.8951700e+05   4.2907715e+01
   9.8971700e+05   3.7170410e+01
   9.9026900e+05   3.8146973e+01
   9.9178700e+05   3.9978027e+01
   9.9594000e+05   4.1320801e+01
   9.9870600e+05   4.3762207e+01
   1.0065590e+06   4.2358398e+01
   1.0168480e+06   4.3823242e+01
   1.0613860e+06   4.0405273e+01
   1.0616540e+06   1.9287109e+01
   1.0617780e+06   2.1118164e+01
   1.0618160e+06   2.5329590e+01
   1.0618340e+06   2.1240234e+01
   1.0619400e+06   4.3518066e+01
   1.0637870e+06   4.0405273e+01
   1.0697380e+06   3.9855957e+01
   1.0863110e+06   2.3193359e+01
   1.0863220e+06   2.4719238e+01
   1.0863750e+06   2.2521973e+01
   1.0864020e+06   1.9836426e+01
   1.0865060e+06   1.9226074e+01
   1.0868710e+06   4.0649414e+01
   1.0869710e+06   4.4982910e+01
   1.0870800e+06   3.9855957e+01
   1.0874110e+06   4.2358398e+01
   1.0890530e+06   3.7963867e+01
   1.0931160e+06   3.9733887e+01
   1.1106930e+06   4.0405273e+01
   1.1127450e+06   1.9409180e+01
   1.1128890e+06   2.0874023e+01
   1.1129650e+06   1.9592285e+01
   1.1131120e+06   2.2033691e+01
   1.1131900e+06   2.0812988e+01
   1.1132440e+06   2.1850586e+01
   1.1133140e+06   1.9653320e+01
   1.1133880e+06   3.5827637e+01
   1.1135280e+06   4.2114258e+01
   1.1138070e+06   4.0527344e+01
   1.1142790e+06   4.0832520e+01
   1.1206000e+06   4.0039062e+01
   1.1232260e+06   3.8269043e+01
   1.1307330e+06   4.2480469e+01
   1.1412020e+06   2.0812988e+01
   1.1467010e+06   4.1381836e+01
   1.1490500e+06   4.2053223e+01
   1.1525040e+06   3.9855957e+01
   1.1693300e+06   4.7485352e+01
   1.1764560e+06   4.1442871e+01
   1.1818230e+06   4.2114258e+01
   1.1960310e+06   4.1259766e+01
   1.1961690e+06   4.4189453e+01
   1.1962960e+06   3.9733887e+01
   1.1964720e+06   4.0100098e+01
   1.1971070e+06   3.9001465e+01
   1.2136980e+06   3.7597656e+01
   1.2176150e+06   3.9550781e+01
   1.2191500e+06   3.9123535e+01
   1.2225430e+06   4.5959473e+01
   1.2244720e+06   3.6743164e+01
   1.2253150e+06   2.0202637e+01
   1.2254100e+06   1.9653320e+01
   1.2260670e+06   3.9306641e+01
   1.2266930e+06   4.2907715e+01
   1.2274040e+06   4.6691895e+01
   1.2278400e+06   4.0039063e+01
   1.2347380e+06   3.9794922e+01
   1.2365280e+06   4.0832520e+01
   1.2405190e+06   4.5349121e+01
   1.2412580e+06   3.9123535e+01
   1.2468830e+06   4.1320801e+01
   1.2513270e+06   4.1442871e+01
   1.2547200e+06   2.3254395e+01
   1.2547580e+06   1.9348145e+01
   1.2547850e+06   2.2827148e+01
   1.2548560e+06   2.3010254e+01
   1.2549010e+06   2.2705078e+01
   1.2549300e+06   3.0517578e+01
   1.2549440e+06   2.2705078e+01
   1.2549750e+06   4.5227051e+01
   1.2550350e+06   5.9875488e+01
   1.2550860e+06   4.5898438e+01
   1.2551900e+06   3.8635254e+01
   1.2713900e+06   2.1972656e+01
   1.2721270e+06   4.0954590e+01
   1.2808660e+06   2.3010254e+01
   1.2810010e+06   5.3527832e+01
   1.2810700e+06   1.9592285e+01
   1.2810870e+06   3.8635254e+01
   1.2811330e+06   2.6550293e+01
   1.2811590e+06   4.9987793e+01
   1.2811690e+06   4.3090820e+01
   1.2812230e+06   6.1523438e+01
   1.2812770e+06   1.9226074e+01
   1.2813410e+06   3.6071777e+01
   1.2814340e+06   4.0405273e+01
   1.2817460e+06   2.1728516e+01
   1.2819250e+06   4.5532227e+01
   1.2825220e+06   4.1625977e+01
   1.3072820e+06   1.9287109e+01
   1.3073200e+06   1.9592285e+01
   1.3073420e+06   5.2124023e+01
   1.3073870e+06   2.0446777e+01
   1.3074450e+06   5.9631348e+01
   1.3074790e+06   2.0568848e+01
   1.3075340e+06   4.5471191e+01
   1.3075510e+06   2.5451660e+01
   1.3075730e+06   4.2541504e+01
   1.3076110e+06   4.2785645e+01
   1.3076450e+06   2.1301270e+01
   1.3076690e+06   4.3701172e+01
   1.3076880e+06   2.3010254e+01
   1.3077430e+06   4.3273926e+01
   1.3077740e+06   2.0263672e+01
   1.3078420e+06   3.6254883e+01
   1.3079740e+06   4.3701172e+01
   1.3082610e+06   4.5959473e+01
   1.3086160e+06   4.2358398e+01
   1.3270960e+06   2.2338867e+01
   1.3271300e+06   2.7404785e+01
   1.3271610e+06   2.2766113e+01
   1.3271890e+06   5.1208496e+01
   1.3272540e+06   4.1870117e+01
   1.3272790e+06   4.1015625e+01
   1.3273410e+06   4.8339844e+01
   1.3273600e+06   3.4851074e+01
   1.3273850e+06   3.0395508e+01
   1.3274030e+06   1.9470215e+01
   1.3274240e+06   2.1972656e+01
   1.3274460e+06   4.3579102e+01
   1.3275090e+06   1.9409180e+01
   1.3275280e+06   3.9611816e+01
   1.3279580e+06   3.3386230e+01
   1.3283210e+06   4.8583984e+01
   1.3355440e+06   3.8391113e+01
   1.3420700e+06   2.5939941e+01
   1.3421270e+06   1.9714355e+01
   1.3421680e+06   5.0964355e+01
   1.3422140e+06   2.3315430e+01
   1.3422380e+06   4.5898438e+01
   1.3422670e+06   4.8278809e+01
   1.3423140e+06   2.0324707e+01
   1.3423410e+06   3.6254883e+01
   1.3425570e+06   3.9245605e+01
   1.3494710e+06   1.9775391e+01
   1.3495070e+06   4.9316406e+01
   1.3495800e+06   1.9714355e+01
   1.3496280e+06   6.2622070e+01
   1.3496640e+06   1.9409180e+01
   1.3497190e+06   5.7312012e+01
   1.3497600e+06   4.4494629e+01
   1.3498170e+06   3.8574219e+01
   1.3499260e+06   4.3395996e+01
   1.3505420e+06   3.9001465e+01
   1.3605840e+06   2.2644043e+01
   1.3606400e+06   1.9592285e+01
   1.3649600e+06   2.5817871e+01
   1.3650070e+06   4.9804688e+01
   1.3650220e+06   2.7893066e+01
   1.3651030e+06   6.4086914e+01
   1.3651260e+06   4.6142578e+01
   1.3651450e+06   2.1240234e+01
   1.3651980e+06   5.5114746e+01
   1.3653120e+06   2.3193359e+01
   1.3655660e+06   3.6010742e+01
   1.3723830e+06   5.8349609e+01
   1.3724490e+06   2.1362305e+01
   1.3724790e+06   2.1484375e+01
   1.3725150e+06   4.8950195e+01
   1.3726660e+06   4.0466309e+01
   1.3727920e+06   3.8696289e+01
   1.3798530e+06   5.1513672e+01
   1.3799470e+06   2.2827148e+01
   1.3799660e+06   8.9660645e+01
   1.3800430e+06   2.7526855e+01
   1.3801120e+06   2.0202637e+01
   1.3802190e+06   4.0954590e+01
   1.3804130e+06   3.7292480e+01
   1.3875230e+06   4.9621582e+01
   1.3875720e+06   1.9531250e+01
   1.3876210e+06   2.1423340e+01
   1.3876480e+06   5.3405762e+01
   1.3876770e+06   2.0446777e+01
   1.3883330e+06   4.5166016e+01
   1.3939960e+06   4.4433594e+01
   1.3941100e+06   1.9531250e+01
   1.3941490e+06   4.1381836e+01
   1.3943080e+06   3.5705566e+01
   1.3948520e+06   4.5349121e+01
   1.3987300e+06   2.1667480e+01
   1.3988320e+06   2.2216797e+01
   1.3988810e+06   6.3232422e+01
   1.3989220e+06   2.1972656e+01
   1.3989680e+06   3.6926270e+01
   1.3989930e+06   1.9470215e+01
   1.3990420e+06   4.9560547e+01
   1.3990540e+06   3.4179688e+01
   1.3992180e+06   3.9306641e+01
   1.3996520e+06   3.9794922e+01
   1.4033710e+06   2.3681641e+01
   1.4069980e+06   2.5146484e+01
   1.4070300e+06   3.9123535e+01
   1.4071460e+06   2.5024414e+01
   1.4071840e+06   8.2214355e+01
   1.4078360e+06   4.2175293e+01
   1.4121910e+06   4.9560547e+01
   1.4122750e+06   2.3803711e+01
   1.4124820e+06   3.9367676e+01
   1.4168690e+06   5.2734375e+01
   1.4172100e+06   3.7536621e+01
   1.4211310e+06   3.0578613e+01
   1.4211580e+06   4.1625977e+01
   1.4216990e+06   3.9794922e+01
   1.4261210e+06   6.0668945e+01
   1.4261690e+06   2.6184082e+01
   1.4262400e+06   1.9409180e+01
   1.4262980e+06   1.9836426e+01
   1.4266300e+06   4.1320801e+01
   1.4308230e+06   1.9897461e+01
   1.4308740e+06   4.6386719e+01
   1.4309200e+06   2.1972656e+01
   1.4310290e+06   2.0690918e+01
   1.4361840e+06   4.6264648e+01
   1.4367170e+06   4.1564941e+01
   1.4414640e+06   2.1667480e+01
   1.4416070e+06   4.9987793e+01
   1.4419840e+06   3.8391113e+01
   1.4466790e+06   5.9082031e+01
   1.4472630e+06   3.9611816e+01
   1.4528690e+06   2.1423340e+01
   1.4528940e+06   4.8889160e+01
   1.4529760e+06   3.9916992e+01
   1.4529970e+06   2.1301270e+01
   1.4530430e+06   3.9794922e+01
   1.4530900e+06   1.9836426e+01
   1.4532110e+06   3.5095215e+01
   1.4534450e+06   4.0649414e+01
   1.4600740e+06   4.8828125e+01
   1.4606350e+06   4.0283203e+01
   1.4654110e+06   4.2968750e+01
   1.4654280e+06   2.2216797e+01
   1.4655470e+06   6.0363770e+01
   1.4655800e+06   4.7058105e+01
   1.4656160e+06   1.9470215e+01
   1.4660160e+06   3.9672852e+01
   1.4730070e+06   5.8715820e+01
   1.4730900e+06   6.0058594e+01
   1.4731780e+06   4.4311523e+01
   1.4733320e+06   4.2297363e+01
   1.4736440e+06   3.8818359e+01
   1.4807390e+06   5.6152344e+01
   1.4807930e+06   2.3559570e+01
   1.4808730e+06   3.8085938e+01
   1.4809960e+06   3.9550781e+01
   1.4878900e+06   2.1240234e+01
   1.4879560e+06   4.7546387e+01
   1.4880350e+06   5.4748535e+01
   1.4881350e+06   2.2583008e+01
   1.4882360e+06   3.8818359e+01
   1.4887710e+06   4.2419434e+01
   1.4958630e+06   5.0170898e+01
   1.4959750e+06   4.6386719e+01
   1.4959940e+06   2.1728516e+01
   1.4960840e+06   2.5024414e+01
   1.4962450e+06   3.9916992e+01
   1.4965830e+06   4.1015625e+01
   1.5034740e+06   2.1728516e+01
   1.5035600e+06   2.2827148e+01
   1.5036000e+06   2.2766113e+01
   1.5036850e+06   2.0690918e+01
   1.5038350e+06   2.0019531e+01
   1.5043310e+06   4.2846680e+01
   1.5047200e+06   4.5043945e+01
   1.5108040e+06   2.1545410e+01
   1.5108730e+06   5.2795410e+01
   1.5109300e+06   5.2978516e+01
   1.5110220e+06   1.9531250e+01
   1.5110570e+06   2.0324707e+01
   1.5118220e+06   4.5166016e+01
   1.5200370e+06   5.2001953e+01
   1.5201060e+06   5.4443359e+01
   1.5201820e+06   2.5756836e+01
   1.5202060e+06   4.6569824e+01
   1.5203870e+06   3.8391113e+01
   1.5206230e+06   4.3334961e+01
   1.5287820e+06   2.1606445e+01
   1.5288520e+06   2.4658203e+01
   1.5288720e+06   4.7546387e+01
   1.5289620e+06   5.1330566e+01
   1.5290300e+06   3.6743164e+01
   1.5290930e+06   4.7851562e+01
   1.5293900e+06   4.0832520e+01
   1.5298090e+06   4.0405273e+01
   1.5311940e+06   3.9306641e+01
   1.5362600e+06   2.1545410e+01
   1.5363120e+06   1.9226074e+01
   1.5363400e+06   4.3518066e+01
   1.5364140e+06   5.7067871e+01
   1.5364500e+06   2.3315430e+01
   1.5365860e+06   1.9897461e+01
   1.5365990e+06   4.9987793e+01
   1.5370560e+06   4.1564941e+01
   1.5375320e+06   3.9855957e+01
   1.5450540e+06   2.4414062e+01
   1.5451130e+06   4.5898438e+01
   1.5451360e+06   2.3254395e+01
   1.5451850e+06   5.2551270e+01
   1.5452410e+06   2.5634766e+01
   1.5452640e+06   4.8156738e+01
   1.5453150e+06   4.5043945e+01
   1.5453410e+06   2.0507813e+01
   1.5453980e+06   4.4372559e+01
   1.5454470e+06   1.9470215e+01
   1.5456560e+06   3.9550781e+01
   1.5457870e+06   4.2724609e+01
   1.5462460e+06   4.0832520e+01
   1.5536570e+06   5.2185059e+01
   1.5536780e+06   1.9836426e+01
   1.5537340e+06   3.8696289e+01
   1.5537770e+06   2.0385742e+01
   1.5537930e+06   4.4860840e+01
   1.5538260e+06   4.6447754e+01
   1.5538450e+06   2.2033691e+01
   1.5539340e+06   4.1748047e+01
   1.5546740e+06   4.2053223e+01
   1.5616770e+06   3.7414551e+01
   1.5617330e+06   2.0141602e+01
   1.5617640e+06   4.2602539e+01
   1.5618680e+06   4.9194336e+01
   1.5618860e+06   2.8015137e+01
   1.5619730e+06   1.9409180e+01
   1.5619830e+06   4.5410156e+01
   1.5620940e+06   3.9123535e+01
   1.5625220e+06   4.3945312e+01
   1.5700020e+06   2.1362305e+01
   1.5701040e+06   5.4260254e+01
   1.5701730e+06   4.5654297e+01
   1.5702330e+06   2.2888184e+01
   1.5702480e+06   3.4606934e+01
   1.5703150e+06   7.2082520e+01
   1.5703990e+06   3.8024902e+01
   1.5705600e+06   4.2419434e+01
   1.5707860e+06   3.6743164e+01
   1.5711310e+06   4.2480469e+01
   1.5789930e+06   2.3193359e+01
   1.5790790e+06   5.0781250e+01
   1.5791800e+06   5.4443359e+01
   1.5792660e+06   4.3945312e+01
   1.5795180e+06   7.2570801e+01
   1.5890440e+06   4.3518066e+01
   1.5890720e+06   2.2277832e+01
   1.5891100e+06   5.0598145e+01
   1.5891700e+06   4.9499512e+01
   1.5891960e+06   5.2001953e+01
   1.5892480e+06   5.0598145e+01
   1.5892660e+06   1.9958496e+01
   1.5893220e+06   4.1748047e+01
   1.5893320e+06   4.6691895e+01
   1.5894110e+06   3.6315918e+01
   1.5895020e+06   4.4250488e+01
   1.5896590e+06   4.1442871e+01
   1.5896780e+06   3.6560059e+01
   1.5902100e+06   4.0100098e+01
   1.5997950e+06   2.0629883e+01
   1.5998080e+06   3.8635254e+01
   1.5998820e+06   5.0109863e+01
   1.5999030e+06   1.9287109e+01
   1.5999590e+06   5.4504395e+01
   1.6000060e+06   4.9987793e+01
   1.6000670e+06   4.5104980e+01
   1.6000800e+06   1.9958496e+01
   1.6001330e+06   3.7292480e+01
   1.6001950e+06   3.5766602e+01
   1.6003040e+06   4.0466309e+01
   1.6003260e+06   3.9550781e+01
   1.6008980e+06   4.5349121e+01
   1.6094620e+06   4.6447754e+01
   1.6094880e+06   2.2033691e+01
   1.6095350e+06   4.2480469e+01
   1.6095470e+06   2.1423340e+01
   1.6095840e+06   2.0263672e+01
   1.6096250e+06   4.5227051e+01
   1.6096480e+06   1.9897461e+01
   1.6096660e+06   2.0996094e+01
   1.6096890e+06   3.8696289e+01
   1.6097320e+06   1.9348145e+01
   1.6097600e+06   3.8452148e+01
   1.6098200e+06   4.1564941e+01
   1.6099020e+06   4.2419434e+01
   1.6100290e+06   3.6437988e+01
   1.6105530e+06   3.9978027e+01
   1.6194760e+06   2.2949219e+01
   1.6195330e+06   4.9255371e+01
   1.6196030e+06   5.8532715e+01
   1.6196650e+06   4.0710449e+01
   1.6196990e+06   4.4982910e+01
   1.6197210e+06   3.1677246e+01
   1.6197850e+06   4.3151855e+01
   1.6198400e+06   3.5095215e+01
   1.6198520e+06   3.9001465e+01
   1.6199230e+06   3.6437988e+01
   1.6200250e+06   3.2653809e+01
   1.6201310e+06   4.2968750e+01
   1.6202730e+06   4.2236328e+01
   1.6208030e+06   3.8513184e+01
   1.6301090e+06   4.4494629e+01
   1.6301870e+06   4.6447754e+01
   1.6302410e+06   2.0935059e+01
   1.6302600e+06   4.0771484e+01
   1.6302800e+06   2.6672363e+01
   1.6303450e+06   4.2358398e+01
   1.6304480e+06   2.7709961e+01
   1.6305420e+06   3.6193848e+01
   1.6306530e+06   3.6010742e+01
   1.6312090e+06   4.0344238e+01
   1.6402610e+06   1.9409180e+01
   1.6403550e+06   5.2795410e+01
   1.6403870e+06   2.0385742e+01
   1.6404440e+06   3.9123535e+01
   1.6405110e+06   3.9855957e+01
   1.6405230e+06   2.0324707e+01
   1.6405700e+06   4.1503906e+01
   1.6406040e+06   4.2785645e+01
   1.6406360e+06   4.1503906e+01
   1.6406720e+06   1.9714355e+01
   1.6407060e+06   3.1250000e+01
   1.6407240e+06   3.6499023e+01
   1.6407610e+06   2.0141602e+01
   1.6407800e+06   3.1433105e+01
   1.6408570e+06   3.7109375e+01
   1.6409040e+06   3.4240723e+01
   1.6411740e+06   3.8452148e+01
   1.6530080e+06   4.2236328e+01
   1.6530630e+06   4.6081543e+01
   1.6531020e+06   4.4677734e+01
   1.6531440e+06   2.1667480e+01
   1.6531690e+06   6.8359375e+01
   1.6531840e+06   2.1301270e+01
   1.6532230e+06   6.6162109e+01
   1.6532760e+06   2.3315430e+01
   1.6532860e+06   2.4291992e+01
   1.6533450e+06   3.3996582e+01
   1.6533600e+06   2.9785156e+01
   1.6534240e+06   2.4108887e+01
   1.6535200e+06   2.9113770e+01
   1.6536030e+06   3.7841797e+01
   1.6536850e+06   3.5339355e+01
   1.6538560e+06   3.9855957e+01
   1.6662020e+06   4.9560547e+01
   1.6662580e+06   3.9062500e+01
   1.6662960e+06   4.4372559e+01
   1.6663330e+06   2.7954102e+01
   1.6663570e+06   3.6743164e+01
   1.6663910e+06   3.9672852e+01
   1.6664090e+06   2.8259277e+01
   1.6664340e+06   2.1484375e+01
   1.6664950e+06   3.4362793e+01
   1.6665360e+06   4.6142578e+01
   1.6665690e+06   3.5339355e+01
   1.6666380e+06   4.0893555e+01
   1.6666620e+06   2.2583008e+01
   1.6667480e+06   2.8259277e+01
   1.6668570e+06   3.3691406e+01
   1.6669170e+06   4.3395996e+01
   1.6671790e+06   4.3701172e+01
   1.6787850e+06   4.6508789e+01
   1.6788670e+06   4.7058105e+01
   1.6789410e+06   3.3508301e+01
   1.6789660e+06   2.1667480e+01
   1.6789930e+06   2.8259277e+01
   1.6790220e+06   4.0039063e+01
   1.6790400e+06   4.0588379e+01
   1.6790810e+06   3.2409668e+01
   1.6791080e+06   4.7546387e+01
   1.6791220e+06   2.7648926e+01
   1.6791480e+06   1.9775391e+01
   1.6791880e+06   4.5349121e+01
   1.6791990e+06   3.2226562e+01
   1.6792740e+06   2.7221680e+01
   1.6793310e+06   3.8391113e+01
   1.6793540e+06   3.0639648e+01
   1.6794950e+06   2.9174805e+01
   1.6803570e+06   4.1564941e+01
   1.6908830e+06   4.4799805e+01
   1.6909650e+06   3.9550781e+01
   1.6910100e+06   3.8879395e+01
   1.6910430e+06   3.8635254e+01
   1.6910820e+06   2.6000977e+01
   1.6910920e+06   2.5634766e+01
   1.6911260e+06   4.1076660e+01
   1.6911410e+06   2.9541016e+01
   1.6911780e+06   6.5612793e+01
   1.6912170e+06   3.5461426e+01
   1.6912320e+06   5.4565430e+01
   1.6912880e+06   2.7038574e+01
   1.6913190e+06   3.3508301e+01
   1.6913300e+06   2.0141602e+01
   1.6913680e+06   2.3620605e+01
   1.6914600e+06   3.2165527e+01
   1.6915580e+06   2.6611328e+01
   1.6918380e+06   3.7292480e+01
   1.6921410e+06   3.9611816e+01
   1.7055490e+06   5.2307129e+01
   1.7056110e+06   4.9194336e+01
   1.7056300e+06   3.3203125e+01
   1.7056470e+06   3.3752441e+01
   1.7056970e+06   2.0263672e+01
   1.7057130e+06   6.8481445e+01
   1.7057720e+06   5.7067871e+01
   1.7058070e+06   2.0507813e+01
   1.7058260e+06   1.9958496e+01
   1.7058530e+06   1.9897461e+01
   1.7058960e+06   3.5949707e+01
   1.7059310e+06   2.4780273e+01
   1.7060010e+06   2.3376465e+01
   1.7060290e+06   2.4475098e+01
   1.7060940e+06   2.1179199e+01
   1.7062100e+06   2.1301270e+01
   1.7062510e+06   4.0039062e+01
   1.7063080e+06   3.0944824e+01
   1.7065860e+06   3.0456543e+01
   1.7066410e+06   4.0100098e+01
   1.7192840e+06   4.8950195e+01
   1.7193900e+06   4.8583984e+01
   1.7194150e+06   2.4353027e+01
   1.7194450e+06   1.9836426e+01
   1.7194600e+06   3.7719727e+01
   1.7194820e+06   2.1118164e+01
   1.7195140e+06   3.6560059e+01
   1.7195260e+06   3.3874512e+01
   1.7195370e+06   2.8259277e+01
   1.7195790e+06   2.1423340e+01
   1.7196020e+06   4.2175293e+01
   1.7196450e+06   2.3803711e+01
   1.7196610e+06   5.3527832e+01
   1.7196850e+06   2.3925781e+01
   1.7197120e+06   2.6184082e+01
   1.7197400e+06   4.8889160e+01
   1.7198080e+06   2.2583008e+01
   1.7198340e+06   4.0588379e+01
   1.7198820e+06   2.1118164e+01
   1.7200460e+06   1.9409180e+01
   1.7201280e+06   4.3273926e+01
   1.7201400e+06   2.8076172e+01
   1.7203310e+06   4.0344238e+01
   1.7330440e+06   5.3039551e+01
   1.7330960e+06   2.6428223e+01
   1.7331270e+06   3.5583496e+01
   1.7331860e+06   2.9785156e+01
   1.7332350e+06   6.5917969e+01
   1.7332580e+06   2.8625488e+01
   1.7332740e+06   5.9448242e+01
   1.7333120e+06   4.5715332e+01
   1.7333230e+06   2.3132324e+01
   1.7333550e+06   5.1513672e+01
   1.7333720e+06   1.9653320e+01
   1.7334360e+06   4.8339844e+01
   1.7335000e+06   2.1301270e+01
   1.7338670e+06   3.7353516e+01
   1.7340580e+06   3.9611816e+01
   1.7341430e+06   2.3620605e+01
   1.7343290e+06   3.7231445e+01
   1.7457910e+06   4.4067383e+01
   1.7492740e+06   4.6997070e+01
   1.7492870e+06   2.6489258e+01
   1.7493240e+06   1.9775391e+01
   1.7493480e+06   4.6325684e+01
   1.7493730e+06   2.1972656e+01
   1.7494020e+06   4.4494629e+01
   1.7494270e+06   6.5612793e+01
   1.7494400e+06   2.8930664e+01
   1.7494640e+06   5.2185059e+01
   1.7494790e+06   1.9897461e+01
   1.7494930e+06   2.4475098e+01
   1.7495100e+06   4.8278809e+01
   1.7495320e+06   2.1179199e+01
   1.7495600e+06   4.9255371e+01
   1.7495820e+06   2.2277832e+01
   1.7496200e+06   3.1799316e+01
   1.7496440e+06   2.3803711e+01
   1.7497020e+06   1.9409180e+01
   1.7499250e+06   1.9592285e+01
   1.7501770e+06   3.6437988e+01
   1.7502470e+06   2.3315430e+01
   1.7631810e+06   4.2541504e+01
   1.7633660e+06   4.7424316e+01
   1.7636190e+06   4.0283203e+01
   1.7636640e+06   2.2827148e+01
   1.7698480e+06   4.1503906e+01
   1.7699310e+06   6.0607910e+01
   1.7699450e+06   2.1362305e+01
   1.7699680e+06   2.7221680e+01
   1.7699900e+06   2.2583008e+01
   1.7700000e+06   5.1086426e+01
   1.7700190e+06   2.0690918e+01
   1.7700530e+06   4.4006348e+01
   1.7700740e+06   2.2155762e+01
   1.7700890e+06   5.7861328e+01
   1.7701330e+06   4.5898438e+01
   1.7701560e+06   2.0751953e+01
   1.7701780e+06   5.2734375e+01
   1.7702510e+06   1.9409180e+01
   1.7703950e+06   2.1728516e+01
   1.7705200e+06   4.7180176e+01
   1.7705930e+06   2.4291992e+01
   1.7707330e+06   3.7109375e+01
   1.7707810e+06   2.3071289e+01
   1.7708270e+06   3.9550781e+01
   1.7708390e+06   1.9592285e+01
   1.7846510e+06   4.1320801e+01
   1.7879180e+06   3.8879395e+01
   1.7880070e+06   2.0446777e+01
   1.7882080e+06   3.6560059e+01
   1.7883040e+06   2.3559570e+01
   1.7883480e+06   2.0446777e+01
   1.7884220e+06   3.5644531e+01
   1.7884720e+06   2.1911621e+01
   1.7885250e+06   2.2766113e+01
   1.7885510e+06   3.5583496e+01
   1.7886020e+06   2.0080566e+01
   1.7886240e+06   5.0476074e+01
   1.7886700e+06   5.1208496e+01
   1.7887160e+06   4.2053223e+01
   1.7887350e+06   2.5390625e+01
   1.7887750e+06   4.5288086e+01
   1.7888210e+06   4.4555664e+01
   1.7888320e+06   1.9714355e+01
   1.7890480e+06   3.6254883e+01
   1.7891980e+06   4.0771484e+01
   1.7893830e+06   1.9958496e+01
   1.8016860e+06   1.9226074e+01
   1.8017570e+06   4.5043945e+01
   1.8041490e+06   4.1625977e+01
   1.8042980e+06   2.0446777e+01
   1.8043860e+06   3.6010742e+01
   1.8045940e+06   4.9682617e+01
   1.8047630e+06   4.5471191e+01
   1.8047950e+06   2.3803711e+01
   1.8048070e+06   3.7902832e+01
   1.8048540e+06   3.4118652e+01
   1.8048860e+06   2.7587891e+01
   1.8049130e+06   4.6203613e+01
   1.8049400e+06   2.4841309e+01
   1.8049830e+06   4.4250488e+01
   1.8050230e+06   2.4658203e+01
   1.8050390e+06   3.4790039e+01
   1.8050530e+06   2.3925781e+01
   1.8050800e+06   2.6611328e+01
   1.8050950e+06   3.8696289e+01
   1.8051530e+06   3.3630371e+01
   1.8051840e+06   1.9409180e+01
   1.8053320e+06   2.3498535e+01
   1.8053910e+06   2.0996094e+01
   1.8056540e+06   1.9470215e+01
   1.8058620e+06   1.9226074e+01
   1.8176620e+06   2.2399902e+01
   1.8198820e+06   2.0507812e+01
   1.8246390e+06   4.0527344e+01
   1.8246700e+06   1.9409180e+01
   1.8247440e+06   3.8757324e+01
   1.8247630e+06   2.4719238e+01
   1.8248240e+06   2.5329590e+01
   1.8248630e+06   2.7893066e+01
   1.8248750e+06   4.0222168e+01
   1.8249650e+06   4.0100098e+01
   1.8249880e+06   2.1545410e+01
   1.8250250e+06   6.7687988e+01
   1.8250550e+06   2.1118164e+01
   1.8250920e+06   2.4658203e+01
   1.8251290e+06   2.9479980e+01
   1.8251500e+06   1.9592285e+01
   1.8252010e+06   5.4321289e+01
   1.8252610e+06   2.3193359e+01
   1.8252800e+06   3.9306641e+01
   1.8252950e+06   2.2338867e+01
   1.8253730e+06   2.1972656e+01
   1.8255110e+06   3.8085938e+01
   1.8255300e+06   2.0324707e+01
   1.8410520e+06   4.8889160e+01
   1.8412560e+06   3.9184570e+01
   1.8414210e+06   2.6733398e+01
   1.8414550e+06   3.4362793e+01
   1.8414980e+06   1.9592285e+01
   1.8415500e+06   1.9958496e+01
   1.8415880e+06   3.6376953e+01
   1.8416220e+06   2.0080566e+01
   1.8416680e+06   7.9467773e+01
   1.8417110e+06   2.9296875e+01
   1.8417310e+06   3.6010742e+01
   1.8417520e+06   4.0039062e+01
   1.8417820e+06   2.3803711e+01
   1.8418120e+06   3.7048340e+01
   1.8418290e+06   2.5146484e+01
   1.8418810e+06   2.4902344e+01
   1.8419000e+06   3.7536621e+01
   1.8419220e+06   2.7282715e+01
   1.8419830e+06   2.5756836e+01
   1.8422620e+06   2.0751953e+01
   1.8425780e+06   3.8818359e+01
   1.8559070e+06   4.0588379e+01
   1.8559230e+06   2.2644043e+01
   1.8559510e+06   3.9855957e+01
   1.8559910e+06   2.8625488e+01
   1.8560530e+06   4.4128418e+01
   1.8560650e+06   2.4414062e+01
   1.8561100e+06   4.5654297e+01
   1.8561210e+06   2.9724121e+01
   1.8561720e+06   4.9011230e+01
   1.8561890e+06   2.5451660e+01
   1.8562640e+06   3.4423828e+01
   1.8563200e+06   1.9775391e+01
   1.8563770e+06   4.4372559e+01
   1.8565110e+06   3.1921387e+01
   1.8689400e+06   2.0996094e+01
   1.8689700e+06   4.3029785e+01
   1.8689900e+06   1.9470215e+01
   1.8690140e+06   2.5817871e+01
   1.8690240e+06   3.2348633e+01
   1.8690480e+06   2.5268555e+01
   1.8690770e+06   2.6489258e+01
   1.8690870e+06   3.9184570e+01
   1.8691110e+06   2.5695801e+01
   1.8691400e+06   5.4199219e+01
   1.8691830e+06   6.4941406e+01
   1.8692210e+06   2.0507813e+01
   1.8692630e+06   4.4372559e+01
   1.8692800e+06   2.1484375e+01
   1.8693230e+06   2.1423340e+01
   1.8693370e+06   3.9978027e+01
   1.8694370e+06   2.2949219e+01
   1.8695510e+06   4.1442871e+01
   1.8850230e+06   5.3283691e+01
   1.8850390e+06   2.0202637e+01
   1.8850620e+06   4.4128418e+01
   1.8850880e+06   1.9287109e+01
   1.8851010e+06   5.8471680e+01
   1.8851370e+06   3.7536621e+01
   1.8851540e+06   4.0588379e+01
   1.8851970e+06   5.4016113e+01
   1.8852330e+06   6.1157227e+01
   1.8852910e+06   4.1992188e+01
   1.8853180e+06   2.6245117e+01
   1.8853500e+06   4.4311523e+01
   1.8854800e+06   4.4677734e+01
   1.8856140e+06   1.9775391e+01
   1.9011380e+06   2.4780273e+01
   1.9011650e+06   4.2541504e+01
   1.9011770e+06   3.3447266e+01
   1.9012450e+06   5.1757812e+01
   1.9012720e+06   3.2470703e+01
   1.9012900e+06   4.1259766e+01
   1.9013310e+06   4.8706055e+01
   1.9013410e+06   2.0996094e+01
   1.9013670e+06   4.9011230e+01
   1.9013820e+06   2.0874023e+01
   1.9014290e+06   4.5288086e+01
   1.9014770e+06   4.4006348e+01
   1.9016440e+06   4.0039062e+01
   1.9017220e+06   2.0568848e+01
   1.9017610e+06   3.7231445e+01
   1.9019540e+06   2.5695801e+01
   1.9139040e+06   2.6062012e+01
   1.9139310e+06   5.2246094e+01
   1.9139830e+06   4.8889160e+01
   1.9140580e+06   2.6611328e+01
   1.9140800e+06   5.5419922e+01
   1.9140960e+06   2.0324707e+01
   1.9141260e+06   3.6560059e+01
   1.9141480e+06   2.2521973e+01
   1.9141740e+06   5.3588867e+01
   1.9142140e+06   4.6020508e+01
   1.9142290e+06   2.3986816e+01
   1.9142580e+06   5.3894043e+01
   1.9143100e+06   2.7893066e+01
   1.9143700e+06   5.2001953e+01
   1.9144440e+06   4.5288086e+01
   1.9147170e+06   3.9978027e+01
   1.9269690e+06   4.5043945e+01
   1.9270020e+06   2.4597168e+01
   1.9270200e+06   2.3620605e+01
   1.9270580e+06   2.5573730e+01
   1.9270700e+06   2.0324707e+01
   1.9270900e+06   4.1198730e+01
   1.9271060e+06   2.3193359e+01
   1.9271250e+06   3.2409668e+01
   1.9271500e+06   2.7404785e+01
   1.9271600e+06   4.1503906e+01
   1.9271950e+06   5.1513672e+01
   1.9272190e+06   2.6062012e+01
   1.9272410e+06   3.4973145e+01
   1.9273380e+06   2.2705078e+01
   1.9273630e+06   3.8146973e+01
   1.9274870e+06   4.2236328e+01
   1.9275030e+06   1.9714355e+01
   1.9275230e+06   2.1484375e+01
   1.9275940e+06   2.0690918e+01
   1.9276220e+06   4.2236328e+01
   1.9276970e+06   1.9775391e+01
   1.9279130e+06   3.9794922e+01
   1.9455210e+06   2.0202637e+01
   1.9455480e+06   3.9733887e+01
   1.9455700e+06   2.7954102e+01
   1.9455910e+06   3.0273438e+01
   1.9456250e+06   3.1921387e+01
   1.9456380e+06   2.3437500e+01
   1.9456510e+06   2.8076172e+01
   1.9456860e+06   5.0109863e+01
   1.9457070e+06   2.1728516e+01
   1.9457240e+06   4.6569824e+01
   1.9457530e+06   4.0283203e+01
   1.9457740e+06   2.1972656e+01
   1.9457970e+06   4.2297363e+01
   1.9458550e+06   4.1076660e+01
   1.9458740e+06   2.1362305e+01
   1.9459540e+06   4.1748047e+01
   1.9460100e+06   5.6396484e+01
   1.9460960e+06   3.8452148e+01
   1.9461550e+06   4.0710449e+01
   1.9462560e+06   2.0141602e+01
   1.9462900e+06   4.2297363e+01
   1.9463800e+06   2.2949219e+01
   1.9464410e+06   4.2175293e+01
   1.9465850e+06   2.0263672e+01
   1.9469440e+06   3.9123535e+01
   1.9620700e+06   2.0935059e+01
   1.9621490e+06   3.8024902e+01
   1.9621990e+06   3.6132812e+01
   1.9622180e+06   1.9470215e+01
   1.9622540e+06   3.1372070e+01
   1.9622880e+06   4.7363281e+01
   1.9623020e+06   2.9235840e+01
   1.9623210e+06   4.8522949e+01
   1.9623530e+06   4.6875000e+01
   1.9623900e+06   4.8889160e+01
   1.9624320e+06   4.9072266e+01
   1.9624650e+06   2.1484375e+01
   1.9624890e+06   3.3874512e+01
   1.9626040e+06   3.8085938e+01
   1.9626810e+06   4.1381836e+01
   1.9627500e+06   4.3334961e+01
   1.9629030e+06   2.0629883e+01
   1.9629680e+06   3.6865234e+01
   1.9630990e+06   5.1635742e+01
   1.9635860e+06   3.9611816e+01
   1.9832470e+06   1.9897461e+01
   1.9832700e+06   3.3142090e+01
   1.9833020e+06   2.2521973e+01
   1.9833230e+06   4.2541504e+01
   1.9833640e+06   5.5480957e+01
   1.9834070e+06   5.5664062e+01
   1.9834420e+06   4.5837402e+01
   1.9834720e+06   3.7963867e+01
   1.9834840e+06   1.9470215e+01
   1.9835080e+06   4.2846680e+01
   1.9835380e+06   4.8339844e+01
   1.9835790e+06   4.8400879e+01
   1.9836190e+06   1.9531250e+01
   1.9836930e+06   3.1372070e+01
   1.9838380e+06   2.0568848e+01
   1.9838520e+06   3.5461426e+01
   1.9839300e+06   3.9428711e+01
   1.9840710e+06   4.4067383e+01
   1.9841560e+06   3.6987305e+01
   1.9842020e+06   1.9348145e+01
   1.9842600e+06   3.8391113e+01
   1.9843340e+06   2.1362305e+01
   1.9843860e+06   4.1320801e+01
   1.9846900e+06   3.5522461e+01
   1.9849090e+06   3.3813477e+01
   1.9853690e+06   3.8024902e+01
   1.9858770e+06   4.1931152e+01
   1.9878660e+06   3.9855957e+01
   2.2442140e+06   4.1625977e+01
   2.2500740e+06   3.8513184e+01
   2.2532940e+06   3.9611816e+01
   2.2565240e+06   4.1809082e+01
   2.2595140e+06   3.9367676e+01
   2.2630040e+06   3.6010742e+01
   2.2688810e+06   3.8818359e+01
   2.2712310e+06   4.3518066e+01
   2.2771460e+06   4.1503906e+01
   2.2801560e+06   3.3386230e+01
   2.2837220e+06   3.8574219e+01
   2.2861870e+06   4.0344238e+01
   2.2887300e+06   4.4311523e+01
   2.2919890e+06   3.6865234e+01
   2.2938290e+06   3.9733887e+01
   2.2965860e+06   4.1137695e+01
   2.2986340e+06   4.3090820e+01
   2.3015970e+06   4.0344238e+01
   2.3043070e+06   3.8269043e+01
   2.3096920e+06   3.9672852e+01
   2.3131810e+06   4.1198730e+01
   2.3154030e+06   4.4250488e+01
   2.3186430e+06   4.5288086e+01
   2.3215290e+06   4.3884277e+01
   2.3259650e+06   3.8146973e+01
   2.3305970e+06   3.8452148e+01
   2.3341230e+06   3.6315918e+01
   2.3373680e+06   3.7231445e+01
   2.3389970e+06   4.0466309e+01
   2.3422260e+06   3.9611816e+01
   2.3445100e+06   3.9611816e+01
   2.3475290e+06   3.7597656e+01
   2.3502810e+06   4.0832520e+01
   2.3531630e+06   4.0344238e+01
   2.3584730e+06   3.8330078e+01
   2.3604010e+06   3.8391113e+01
   2.3652460e+06   3.8452148e+01
   2.3665720e+06   4.0893555e+01
   2.3685790e+06   3.9001465e+01
   2.3706620e+06   4.7119141e+01
   2.3728170e+06   4.0954590e+01
   2.3757720e+06   4.0466309e+01
   2.3780410e+06   3.6804199e+01
   2.3799470e+06   4.1687012e+01
   2.3823720e+06   4.0954590e+01
   2.3846230e+06   3.5400391e+01
   2.3869010e+06   4.0344238e+01
   2.3888020e+06   4.1564941e+01
   2.3919800e+06   4.1015625e+01
   2.3939410e+06   4.5471191e+01
   2.3975340e+06   3.9123535e+01
   2.3990050e+06   3.5278320e+01
   2.4006830e+06   3.9916992e+01
   2.4047370e+06   4.0954590e+01
   2.4066310e+06   4.1137695e+01
   2.4106590e+06   4.1259766e+01
   2.4145890e+06   4.1442871e+01
   2.4182030e+06   4.0161133e+01
   2.4228570e+06   4.4555664e+01
   2.4245400e+06   3.9611816e+01
   2.4270590e+06   4.3212891e+01
   2.4289530e+06   3.7536621e+01
   2.4310570e+06   3.9916992e+01
   2.4329230e+06   4.0100098e+01
   2.4357060e+06   3.6804199e+01
   2.4368960e+06   4.2907715e+01
   2.4392030e+06   3.8513184e+01
   2.4410030e+06   4.6020508e+01
   2.4429580e+06   4.1870117e+01
   2.4444740e+06   3.8208008e+01
   2.4490900e+06   4.0466309e+01
   2.4507000e+06   4.3701172e+01
   2.4547100e+06   3.8818359e+01
   2.4592100e+06   4.1015625e+01
   2.4621400e+06   3.7658691e+01
   2.4637410e+06   4.6752930e+01
   2.4650020e+06   3.9001465e+01
   2.4679590e+06   3.4912109e+01
   2.4695740e+06   4.4311523e+01
   2.4715690e+06   4.3090820e+01
   2.4742520e+06   4.4250488e+01
   2.4781310e+06   3.6743164e+01
   2.4825790e+06   3.9611816e+01
   2.4864740e+06   3.9794922e+01
   2.4917830e+06   4.1442871e+01
   2.4961330e+06   4.0344238e+01
   2.5036090e+06   4.6081543e+01
   2.5070350e+06   4.0039062e+01
   2.5120440e+06   3.9367676e+01
   2.5152720e+06   3.7719727e+01
   2.5202760e+06   3.9489746e+01
   2.5228790e+06   3.9123535e+01
   2.5282280e+06   3.8208008e+01
   2.5320010e+06   4.1442871e+01
   2.5346470e+06   3.9611816e+01
   2.5362480e+06   3.8940430e+01
   2.5394910e+06   4.0344238e+01
   2.5418950e+06   4.2724609e+01
   2.5438700e+06   3.6193848e+01
   2.5474080e+06   3.8146973e+01
   2.5543870e+06   3.9611816e+01
   2.5580160e+06   4.1320801e+01
   2.5609430e+06   4.1381836e+01
   2.5638720e+06   3.7597656e+01
   2.5654470e+06   4.2663574e+01
   2.5706950e+06   3.8146973e+01
   2.5760090e+06   4.0161133e+01
   2.5780770e+06   4.0954590e+01
   2.5824340e+06   3.4118652e+01
   2.5864710e+06   3.6682129e+01
   2.5897050e+06   3.8208008e+01
   2.5937900e+06   4.4250488e+01
   2.5989420e+06   4.0649414e+01
   2.6043610e+06   4.1687012e+01
   2.6078100e+06   4.2053223e+01
   2.6096700e+06   3.9184570e+01
   2.6167270e+06   3.8391113e+01
   2.6190440e+06   4.3457031e+01
   2.6217830e+06   3.9184570e+01
   2.6244920e+06   3.7475586e+01
   2.6278400e+06   3.8696289e+01
   2.6320600e+06   3.7292480e+01
   2.6352330e+06   3.9611816e+01
   2.6390080e+06   4.0100098e+01
   2.6411840e+06   4.2236328e+01
   2.6440600e+06   4.3029785e+01
   2.6473520e+06   4.6447754e+01
   2.6486980e+06   4.0893555e+01
   2.6538670e+06   4.1931152e+01
   2.6556660e+06   3.5949707e+01
   2.6576600e+06   4.1564941e+01
   2.6592130e+06   3.8879395e+01
   2.6635690e+06   4.1687012e+01
   2.6674660e+06   4.5471191e+01
   2.6713560e+06   4.0039062e+01
   2.6810500e+06   4.5593262e+01
   2.6843310e+06   3.7048340e+01
   2.6915590e+06   3.6254883e+01
   2.6957000e+06   4.1442871e+01
   2.6980200e+06   3.9367676e+01
   2.7013420e+06   4.9987793e+01
   2.7046840e+06   4.0954590e+01
   2.7088910e+06   4.4799805e+01
   2.7115730e+06   3.8024902e+01
   2.7128380e+06   3.8635254e+01
   2.7148380e+06   4.5166016e+01
   2.7185610e+06   3.9916992e+01
   2.7228660e+06   3.4973145e+01
   2.7264380e+06   3.9184570e+01
   2.7323560e+06   3.5278320e+01
   2.7349920e+06   3.6682129e+01
   2.7367730e+06   3.8208008e+01
   2.7417320e+06   3.9672852e+01
   2.7436150e+06   3.8940430e+01
   2.7465880e+06   3.7963867e+01
   2.7495320e+06   3.4301758e+01
   2.7515150e+06   3.9550781e+01
   2.7629390e+06   3.8208008e+01
   2.7654440e+06   4.2907715e+01
   2.7716070e+06   3.7292480e+01
   2.7747270e+06   3.6743164e+01
   2.7757800e+06   4.2541504e+01
   2.7772730e+06   4.2663574e+01
   2.7807170e+06   3.5461426e+01
   2.7838900e+06   4.2541504e+01
   2.7849360e+06   3.8879395e+01
   2.7885250e+06   4.1381836e+01
   2.7907000e+06   4.2053223e+01
   2.7987800e+06   3.7902832e+01
   2.8020300e+06   4.1870117e+01
   2.8044500e+06   3.6499023e+01
   2.8067080e+06   4.0405273e+01
   2.8088860e+06   3.7170410e+01
   2.8117010e+06   3.7109375e+01
   2.8132870e+06   3.9794922e+01
   2.8142500e+06   4.3090820e+01
   2.8173230e+06   4.0222168e+01
   2.8205900e+06   3.5888672e+01
   2.8228710e+06   3.8269043e+01
   2.8244900e+06   4.0710449e+01
   2.8273890e+06   3.8391113e+01
   2.8340960e+06   4.3884277e+01
   2.8376480e+06   4.8461914e+01
   2.8396580e+06   4.2480469e+01
   2.8424800e+06   4.1931152e+01
   2.8471780e+06   4.1259766e+01
   2.8485550e+06   4.4677734e+01
   2.8502710e+06   3.5522461e+01
   2.8524300e+06   4.4311523e+01
   2.8543050e+06   3.5705566e+01
   2.8569310e+06   3.7597656e+01
   2.8602550e+06   3.8818359e+01
   2.8619450e+06   4.0893555e+01
   2.8661740e+06   3.7719727e+01
   2.8681640e+06   4.0649414e+01
   2.8712540e+06   4.0100098e+01
   2.8735370e+06   4.0893555e+01
   2.8773810e+06   3.8513184e+01
   2.8814180e+06   3.4118652e+01
   2.8870910e+06   4.2785645e+01
   2.8910590e+06   3.9672852e+01
   2.8959030e+06   4.1687012e+01
   2.8978140e+06   4.1625977e+01
   2.9002180e+06   3.5827637e+01
   2.9020770e+06   4.8400879e+01
   2.9047500e+06   4.2663574e+01
   2.9089050e+06   4.0283203e+01
   2.9110810e+06   4.1259766e+01
   2.9145420e+06   3.9794922e+01
   2.9170480e+06   4.1992188e+01
   2.9199590e+06   3.8269043e+01
   2.9220140e+06   4.4677734e+01
   2.9247870e+06   3.7719727e+01
   2.9290240e+06   4.2846680e+01
   2.9347770e+06   3.7536621e+01
   2.9394040e+06   3.9245605e+01
   2.9431150e+06   3.9550781e+01
   2.9469820e+06   4.0405273e+01
   2.9493570e+06   3.8146973e+01
   2.9547260e+06   3.9794922e+01
   2.9585600e+06   4.2846680e+01
   2.9628000e+06   4.1137695e+01
   2.9647180e+06   3.7414551e+01
   2.9688990e+06   3.3264160e+01
   2.9720070e+06   4.0283203e+01
   2.9740190e+06   4.0161133e+01
   2.9765560e+06   4.3579102e+01
   2.9786630e+06   4.0954590e+01
   2.9870470e+06   4.2419434e+01
   2.9926580e+06   3.8757324e+01
