   5.9990000e+06   0.0000000e+00
   1.2900000e+03   2.0385742e+01
   1.4310000e+03   2.1789551e+01
   1.4790000e+03   2.0385742e+01
   1.3874000e+04   2.0629883e+01
   1.3932000e+04   2.0996094e+01
   1.5489000e+04   2.0263672e+01
   1.5850000e+04   1.9470215e+01
   1.6101000e+04   1.9958496e+01
   2.3165000e+04   2.3620605e+01
   3.0835000e+04   2.0812988e+01
   3.1441000e+04   2.0935059e+01
   3.8203000e+04   2.1667480e+01
   3.9043000e+04   1.9653320e+01
   4.1798000e+04   2.4475098e+01
   4.2121000e+04   2.1972656e+01
   4.2906000e+04   2.6184082e+01
   4.4670000e+04   2.2094727e+01
   4.5118000e+04   2.1179199e+01
   5.3997000e+04   2.7038574e+01
   5.7092000e+04   2.0568848e+01
   5.7401000e+04   2.3071289e+01
   6.0171000e+04   2.2827148e+01
   6.9818000e+04   2.5573730e+01
   7.1372000e+04   2.0202637e+01
   7.1423000e+04   1.9775391e+01
   7.1534000e+04   2.2949219e+01
   7.8074000e+04   1.9592285e+01
   7.8640000e+04   2.0568848e+01
   8.0332000e+04   2.0019531e+01
   8.0715000e+04   2.1118164e+01
   8.0901000e+04   1.9958496e+01
   8.1275000e+04   2.3193359e+01
   8.1384000e+04   2.2216797e+01
   9.1638000e+04   2.4414062e+01
   9.4212000e+04   1.9409180e+01
   9.4394000e+04   2.5756836e+01
   1.0094900e+05   2.3681641e+01
   1.0315100e+05   1.9287109e+01
   1.1438400e+05   2.6306152e+01
   1.1530000e+05   2.1057129e+01
   1.1539100e+05   2.0874023e+01
   1.2265200e+05   1.9775391e+01
   1.2309400e+05   2.0019531e+01
   1.2537000e+05   1.9775391e+01
   1.3676200e+05   2.2644043e+01
   1.3925900e+05   2.0263672e+01
   1.4728600e+05   2.2583008e+01
   1.4983200e+05   2.0690918e+01
   1.5030400e+05   2.4414062e+01
   1.5040000e+05   1.9958496e+01
   1.5120400e+05   1.9531250e+01
   1.5868300e+05   2.5939941e+01
   1.6149200e+05   1.9836426e+01
   1.6161800e+05   2.0080566e+01
   1.6275900e+05   1.9653320e+01
   1.7212000e+05   1.9653320e+01
   1.7269800e+05   1.9409180e+01
   1.7911100e+05   1.9836426e+01
   1.8023900e+05   2.0263672e+01
   1.8103400e+05   2.0690918e+01
   1.8131300e+05   2.0996094e+01
   1.8846200e+05   2.1911621e+01
   1.8879000e+05   2.1850586e+01
   1.9019600e+05   2.0385742e+01
   1.9331800e+05   2.0751953e+01
   1.9343900e+05   2.1301270e+01
   1.9372900e+05   1.9653320e+01
   1.9506800e+05   2.0324707e+01
   1.9877100e+05   2.0690918e+01
   2.0501600e+05   1.9897461e+01
   2.0566200e+05   2.3132324e+01
   2.0609800e+05   2.2277832e+01
   2.0755700e+05   2.1301270e+01
   2.1412400e+05   2.5207520e+01
   2.1429700e+05   1.9714355e+01
   2.1646900e+05   2.0690918e+01
   2.1664100e+05   2.0751953e+01
   2.1709600e+05   1.9470215e+01
   2.1736000e+05   2.1240234e+01
   2.1760000e+05   2.0690918e+01
   2.2199000e+05   2.0080566e+01
   2.2217300e+05   2.0568848e+01
   2.2243900e+05   2.1545410e+01
   2.3053300e+05   2.1423340e+01
   2.3476000e+05   2.0446777e+01
   2.3928600e+05   1.9287109e+01
   2.3942300e+05   2.5512695e+01
   2.4933500e+05   2.0690918e+01
   2.5023400e+05   2.1240234e+01
   2.5086300e+05   2.0996094e+01
   2.5794300e+05   2.2033691e+01
   2.5951800e+05   2.4047852e+01
   2.5981400e+05   2.1911621e+01
   2.6464600e+05   2.5634766e+01
   2.6471000e+05   2.7099609e+01
   2.6476300e+05   1.9409180e+01
   2.6617000e+05   2.2338867e+01
   2.7110200e+05   2.1362305e+01
   2.7598300e+05   2.1118164e+01
   2.7618900e+05   1.9714355e+01
   2.7754000e+05   2.3254395e+01
   2.8438400e+05   2.1423340e+01
   2.8496000e+05   2.2705078e+01
   2.8537200e+05   2.3254395e+01
   2.8997100e+05   2.0874023e+01
   2.9028000e+05   2.6184082e+01
   2.9299200e+05   2.3986816e+01
   2.9308300e+05   2.2094727e+01
   2.9315300e+05   2.2827148e+01
   2.9632600e+05   1.9470215e+01
   2.9650800e+05   2.1789551e+01
   3.0412500e+05   2.1789551e+01
   3.0480500e+05   1.9958496e+01
   3.1355600e+05   2.3132324e+01
   3.1388800e+05   2.4353027e+01
   3.1529000e+05   2.3010254e+01
   3.1866100e+05   2.1179199e+01
   3.3161600e+05   2.0263672e+01
   3.3210500e+05   1.9409180e+01
   3.3262300e+05   2.0751953e+01
   3.3445200e+05   2.1362305e+01
   3.3537600e+05   2.2277832e+01
   3.4193300e+05   2.1118164e+01
   3.4255500e+05   2.4841309e+01
   3.4310300e+05   2.0568848e+01
   3.4474000e+05   2.1423340e+01
   3.5149100e+05   2.1423340e+01
   3.5191000e+05   2.0507812e+01
   3.5785300e+05   2.0996094e+01
   3.5828300e+05   2.3559570e+01
   3.5870000e+05   1.9897461e+01
   3.6490800e+05   2.3071289e+01
   3.6503400e+05   2.2644043e+01
   3.6557800e+05   2.6855469e+01
   3.7115700e+05   2.4108887e+01
   3.8271700e+05   2.4108887e+01
   3.8303200e+05   2.0202637e+01
   3.8354500e+05   1.9897461e+01
   3.8406000e+05   2.0385742e+01
   3.9056400e+05   2.1484375e+01
   3.9081000e+05   2.0751953e+01
   3.9127900e+05   1.9531250e+01
   3.9164300e+05   2.0507812e+01
   4.0110300e+05   2.0019531e+01
   4.0211400e+05   2.1850586e+01
   4.0356700e+05   1.9958496e+01
   4.0459100e+05   2.1911621e+01
   4.0498400e+05   1.9592285e+01
   4.0528000e+05   1.9836426e+01
   4.0580300e+05   1.9592285e+01
   4.0590200e+05   2.0080566e+01
   4.1247300e+05   2.7709961e+01
   4.1332700e+05   2.8747559e+01
   4.1377400e+05   2.1423340e+01
   4.1413600e+05   2.2521973e+01
   4.2395500e+05   2.2216797e+01
   4.2482200e+05   1.9409180e+01
   4.3363800e+05   2.3498535e+01
   4.3449800e+05   2.2460938e+01
   4.3499400e+05   2.3254395e+01
   4.3506800e+05   1.9531250e+01
   4.4437100e+05   2.5207520e+01
   4.4875800e+05   1.9348145e+01
   4.4886900e+05   2.1301270e+01
   4.4901200e+05   2.3254395e+01
   4.4909400e+05   2.7832031e+01
   4.4971300e+05   2.0446777e+01
   4.5368100e+05   2.0874023e+01
   4.5408700e+05   2.1118164e+01
   4.5510800e+05   1.9592285e+01
   4.6239100e+05   2.0019531e+01
   4.6384200e+05   2.0446777e+01
   4.6931200e+05   2.3620605e+01
   4.6956900e+05   2.1118164e+01
   4.7009700e+05   1.9409180e+01
   4.7045400e+05   2.2460938e+01
   4.7059500e+05   2.3803711e+01
   4.8040900e+05   2.0568848e+01
   4.8060100e+05   2.4169922e+01
   4.8158000e+05   2.1606445e+01
   4.8362200e+05   2.4475098e+01
   4.8374500e+05   2.4291992e+01
   4.8385100e+05   2.1362305e+01
   4.8391000e+05   2.0751953e+01
   4.8442000e+05   2.0141602e+01
   4.9197700e+05   2.1057129e+01
   4.9260700e+05   1.9470215e+01
   4.9295800e+05   2.1118164e+01
   4.9301200e+05   1.9470215e+01
   4.9795200e+05   2.1301270e+01
   4.9874800e+05   2.5573730e+01
   5.0516900e+05   2.2460938e+01
   5.0530000e+05   2.1789551e+01
   5.0613100e+05   2.0690918e+01
   5.0694900e+05   1.9470215e+01
   5.1226700e+05   2.2644043e+01
   5.1284700e+05   2.0324707e+01
   5.1449800e+05   2.1118164e+01
   5.1473700e+05   1.9531250e+01
   5.1503800e+05   2.1667480e+01
   5.1519800e+05   2.3193359e+01
   5.1631600e+05   1.9897461e+01
   5.1679700e+05   2.0568848e+01
   5.2444700e+05   2.1423340e+01
   5.2649000e+05   2.1850586e+01
   5.2982700e+05   2.0202637e+01
   5.3121500e+05   2.0324707e+01
   5.3923500e+05   2.0874023e+01
   5.3939500e+05   2.1118164e+01
   5.4237000e+05   2.0141602e+01
   5.4287100e+05   2.0874023e+01
   5.4303900e+05   1.9958496e+01
   5.5093700e+05   1.9470215e+01
   5.5156800e+05   2.1972656e+01
   5.5599900e+05   2.2888184e+01
   5.5625600e+05   2.3986816e+01
   5.5635100e+05   2.1606445e+01
   5.5715000e+05   1.9409180e+01
   5.6408200e+05   2.1972656e+01
   5.6457100e+05   2.2521973e+01
   5.7042700e+05   1.9897461e+01
   5.7079500e+05   2.0019531e+01
   5.7119700e+05   1.9714355e+01
   5.7461000e+05   2.3315430e+01
   5.7502600e+05   1.9897461e+01
   5.7531300e+05   2.1606445e+01
   5.7836700e+05   2.1484375e+01
   5.7861800e+05   2.0874023e+01
   5.8049000e+05   1.9714355e+01
   5.8811200e+05   2.3132324e+01
   5.8848400e+05   2.2155762e+01
   5.9252200e+05   1.9287109e+01
   5.9257400e+05   2.1118164e+01
   5.9504100e+05   2.3437500e+01
   5.9568100e+05   2.2521973e+01
   5.9635600e+05   2.0690918e+01
   6.0503300e+05   2.1850586e+01
   6.0535600e+05   2.2277832e+01
   6.1198300e+05   2.0263672e+01
   6.1216400e+05   1.9409180e+01
   6.2056600e+05   1.9531250e+01
   6.2123800e+05   2.1972656e+01
   6.2129900e+05   2.0996094e+01
   6.2547900e+05   2.0629883e+01
   6.2562400e+05   2.1972656e+01
   6.2628300e+05   2.0935059e+01
   6.3637800e+05   2.0324707e+01
   6.3690100e+05   2.1667480e+01
   6.4843100e+05   2.0935059e+01
   6.4909400e+05   2.1423340e+01
   6.4935300e+05   2.0874023e+01
   6.4980500e+05   2.3681641e+01
   6.5750000e+05   2.0751953e+01
   6.5803300e+05   2.0324707e+01
   6.5821200e+05   2.2521973e+01
   6.6593500e+05   1.9409180e+01
   6.6609100e+05   2.0141602e+01
   6.6618000e+05   2.0629883e+01
   6.6659800e+05   1.9775391e+01
   6.6671100e+05   2.1545410e+01
   6.6847700e+05   2.2949219e+01
   6.6855600e+05   2.0996094e+01
   6.7495800e+05   2.0385742e+01
   6.7515300e+05   1.9348145e+01
   6.7536700e+05   2.2277832e+01
   6.7609800e+05   2.2277832e+01
   6.7640400e+05   2.1057129e+01
   6.8023300e+05   1.9470215e+01
   6.8048500e+05   2.2521973e+01
   6.8613600e+05   2.0996094e+01
   6.8717200e+05   2.1057129e+01
   6.9648200e+05   2.1362305e+01
   6.9674300e+05   2.0080566e+01
   6.9924600e+05   2.0080566e+01
   6.9933000e+05   2.4353027e+01
   6.9938200e+05   2.0629883e+01
   6.9960300e+05   1.9470215e+01
   7.0710300e+05   2.2705078e+01
   7.0719800e+05   2.3925781e+01
   7.0755100e+05   2.0996094e+01
   7.1555100e+05   2.1423340e+01
   7.2018300e+05   2.3071289e+01
   7.2128100e+05   2.0874023e+01
   7.2371700e+05   2.0690918e+01
   7.2377500e+05   2.0568848e+01
   7.2452900e+05   2.0141602e+01
   7.3048600e+05   2.2644043e+01
   7.4072100e+05   2.1667480e+01
   7.4318100e+05   1.9897461e+01
   7.4329300e+05   2.2705078e+01
   7.4349300e+05   2.0812988e+01
   7.4358800e+05   1.9470215e+01
   7.4411700e+05   1.9714355e+01
   7.4816400e+05   2.2338867e+01
   7.4830300e+05   2.2277832e+01
   7.4835200e+05   2.3071289e+01
   7.5304500e+05   2.4902344e+01
   7.5888300e+05   2.1301270e+01
   7.5911300e+05   2.1606445e+01
   7.5993900e+05   2.1362305e+01
   7.6606900e+05   1.9531250e+01
   7.6616500e+05   2.0019531e+01
   7.6831200e+05   1.9653320e+01
   7.7703600e+05   2.0324707e+01
   7.7764900e+05   2.1179199e+01
   7.7793900e+05   2.0019531e+01
   7.8583400e+05   2.4902344e+01
   7.8623100e+05   2.1057129e+01
   7.8631100e+05   2.1179199e+01
   7.8732700e+05   2.2521973e+01
   7.8741900e+05   1.9409180e+01
   7.8744000e+05   2.1728516e+01
   7.8746200e+05   2.0141602e+01
   7.9514400e+05   2.8015137e+01
   7.9566200e+05   2.4047852e+01
   7.9632800e+05   2.0812988e+01
   7.9730100e+05   2.3437500e+01
   7.9746800e+05   2.1118164e+01
   7.9758800e+05   2.3071289e+01
   7.9765500e+05   1.9592285e+01
   7.9785500e+05   2.1423340e+01
   7.9847800e+05   2.4353027e+01
   7.9898100e+05   1.9836426e+01
   7.9905200e+05   2.0080566e+01
   7.9912800e+05   2.0935059e+01
   7.9921800e+05   2.1423340e+01
   7.9969400e+05   2.1789551e+01
   7.9976200e+05   2.2277832e+01
   8.0922900e+05   2.0080566e+01
   8.1012000e+05   2.0141602e+01
   8.1045300e+05   2.4291992e+01
   8.1049500e+05   1.9287109e+01
   8.1127600e+05   2.0935059e+01
   8.1191600e+05   2.0202637e+01
   8.1834000e+05   2.0690918e+01
   8.1851200e+05   2.0690918e+01
   8.1861200e+05   2.2155762e+01
   8.2293100e+05   1.9409180e+01
   8.2946900e+05   2.3681641e+01
   8.3508000e+05   1.9897461e+01
   8.3582000e+05   2.3071289e+01
   8.3618700e+05   2.8015137e+01
   8.3624400e+05   2.4780273e+01
   8.3629000e+05   2.0812988e+01
   8.3633400e+05   2.0751953e+01
   8.3674400e+05   2.0385742e+01
   8.3684600e+05   2.0751953e+01
   8.3691100e+05   2.0080566e+01
   8.4577300e+05   1.9958496e+01
   8.4716000e+05   2.1301270e+01
   8.4735900e+05   2.1301270e+01
   8.4775200e+05   2.0812988e+01
   8.4779500e+05   2.1179199e+01
   8.5411600e+05   1.9897461e+01
   8.5528700e+05   2.0141602e+01
   8.6314100e+05   2.1423340e+01
   8.6363700e+05   1.9775391e+01
   8.6403300e+05   2.1728516e+01
   8.6491800e+05   2.1362305e+01
   8.7279900e+05   2.2338867e+01
   8.7284200e+05   2.0935059e+01
   8.7520300e+05   1.9470215e+01
   8.8240700e+05   2.1484375e+01
   8.8252300e+05   2.4108887e+01
   8.8377200e+05   2.0629883e+01
   8.8439500e+05   2.1606445e+01
   8.8444500e+05   1.9348145e+01
   8.9471100e+05   2.0996094e+01
   8.9509800e+05   1.9714355e+01
   8.9561300e+05   1.9531250e+01
   8.9567300e+05   2.1423340e+01
   9.0406000e+05   2.0874023e+01
   9.1182000e+05   2.1240234e+01
   9.1321600e+05   2.2521973e+01
   9.1933300e+05   2.3193359e+01
   9.1955000e+05   2.2644043e+01
   9.1984500e+05   2.0141602e+01
   9.1992300e+05   2.1667480e+01
   9.1999100e+05   1.9775391e+01
   9.2039700e+05   2.0385742e+01
   9.2071400e+05   2.0263672e+01
   9.3149200e+05   2.1850586e+01
   9.3321100e+05   1.9958496e+01
   9.3327400e+05   2.1240234e+01
   9.3334900e+05   2.3986816e+01
   9.3400800e+05   2.7770996e+01
   9.3444400e+05   2.1301270e+01
   9.4260000e+05   2.0080566e+01
   9.4394800e+05   2.1545410e+01
   9.4402600e+05   2.0080566e+01
   9.4408100e+05   2.5329590e+01
   9.4429100e+05   2.0080566e+01
   9.5308700e+05   2.2766113e+01
   9.5322000e+05   2.1179199e+01
   9.5341900e+05   2.6123047e+01
   9.5399300e+05   2.0263672e+01
   9.6223700e+05   2.5024414e+01
   9.6304400e+05   1.9470215e+01
   9.6336000e+05   2.0202637e+01
   9.6413900e+05   2.0324707e+01
   9.7134400e+05   2.1301270e+01
   9.7215300e+05   2.2155762e+01
   9.7278500e+05   2.0874023e+01
   9.7287800e+05   2.5939941e+01
   9.8421700e+05   2.5268555e+01
   9.8483700e+05   2.2705078e+01
   9.8491400e+05   1.9348145e+01
   9.9743900e+05   2.0324707e+01
   9.9922500e+05   2.1118164e+01
   1.0075730e+06   2.2827148e+01
   1.0079750e+06   2.6000977e+01
   1.0094380e+06   2.1484375e+01
   1.0095380e+06   1.9958496e+01
   1.0096170e+06   2.3071289e+01
   1.0096640e+06   2.1911621e+01
   1.0098550e+06   1.9287109e+01
   1.0225630e+06   1.9409180e+01
   1.0286780e+06   2.1423340e+01
   1.0322700e+06   1.9653320e+01
   1.0367480e+06   2.0324707e+01
   1.0376740e+06   1.9958496e+01
   1.0377610e+06   2.2521973e+01
   1.0378040e+06   2.0202637e+01
   1.0419270e+06   2.2094727e+01
   1.0485330e+06   2.2338867e+01
   1.0495730e+06   2.2521973e+01
   1.0498910e+06   2.0751953e+01
   1.0509130e+06   2.4536133e+01
   1.0509720e+06   2.0080566e+01
   1.0601940e+06   1.9287109e+01
   1.0604330e+06   2.3254395e+01
   1.0625250e+06   2.0874023e+01
   1.0625790e+06   2.0385742e+01
   1.0743820e+06   1.9348145e+01
   1.0745920e+06   2.0202637e+01
   1.0746780e+06   1.9836426e+01
   1.0755410e+06   1.9897461e+01
   1.0755570e+06   1.9653320e+01
   1.0755900e+06   2.3132324e+01
   1.0760320e+06   1.9531250e+01
   1.0763450e+06   2.0446777e+01
   1.0764070e+06   2.0874023e+01
   1.0856690e+06   2.0690918e+01
   1.0882080e+06   2.0690918e+01
   1.0883120e+06   2.2033691e+01
   1.0890520e+06   1.9897461e+01
   1.0892400e+06   1.9470215e+01
   1.0951050e+06   2.2033691e+01
   1.0994060e+06   1.9836426e+01
   1.1094150e+06   2.2888184e+01
   1.1096650e+06   2.0141602e+01
   1.1098850e+06   2.0324707e+01
   1.1099700e+06   1.9714355e+01
   1.1191450e+06   2.0446777e+01
   1.1197940e+06   1.9714355e+01
   1.1208600e+06   1.9592285e+01
   1.1227600e+06   1.9531250e+01
   1.1228160e+06   2.0202637e+01
   1.1302810e+06   2.1057129e+01
   1.1320790e+06   1.9775391e+01
   1.1322590e+06   2.3437500e+01
   1.1324220e+06   2.1423340e+01
   1.1331840e+06   2.0141602e+01
   1.1349170e+06   2.4963379e+01
   1.1350430e+06   2.1179199e+01
   1.1351950e+06   2.1911621e+01
   1.1374250e+06   2.0568848e+01
   1.1377730e+06   2.0019531e+01
   1.1478530e+06   1.9409180e+01
   1.1553720e+06   2.0507813e+01
   1.1557660e+06   1.9897461e+01
   1.1568100e+06   2.1362305e+01
   1.1570580e+06   2.1972656e+01
   1.1589770e+06   2.1301270e+01
   1.1604030e+06   2.1789551e+01
   1.1611890e+06   2.1301270e+01
   1.1685980e+06   1.9592285e+01
   1.1693110e+06   2.1118164e+01
   1.1699230e+06   2.4963379e+01
   1.1699420e+06   1.9775391e+01
   1.1699760e+06   2.1972656e+01
   1.1757180e+06   2.3559570e+01
   1.1778090e+06   2.0751953e+01
   1.1783630e+06   2.0141602e+01
   1.1784290e+06   2.4230957e+01
   1.1784780e+06   1.9409180e+01
   1.1899390e+06   2.4536133e+01
   1.1906810e+06   2.1789551e+01
   1.1927060e+06   2.0019531e+01
   1.1928580e+06   2.4963379e+01
   1.1929660e+06   2.0935059e+01
   1.1930020e+06   2.1423340e+01
   1.2028620e+06   1.9409180e+01
   1.2038360e+06   2.2705078e+01
   1.2044010e+06   2.1484375e+01
   1.2063700e+06   2.4169922e+01
   1.2064770e+06   2.0690918e+01
   1.2069810e+06   2.0019531e+01
   1.2081850e+06   1.9714355e+01
   1.2083350e+06   2.1850586e+01
   1.2084400e+06   2.0629883e+01
   1.2087170e+06   1.9714355e+01
   1.2156440e+06   1.9775391e+01
   1.2181790e+06   2.5024414e+01
   1.2198140e+06   2.0019531e+01
   1.2199970e+06   2.0080566e+01
   1.2287140e+06   2.0507812e+01
   1.2295490e+06   1.9958496e+01
   1.2378500e+06   2.0446777e+01
   1.2379330e+06   1.9287109e+01
   1.2384200e+06   2.4169922e+01
   1.2468560e+06   1.9348145e+01
   1.2482600e+06   2.1057129e+01
   1.2490530e+06   2.1179199e+01
   1.2492230e+06   2.3742676e+01
   1.2574370e+06   2.4902344e+01
   1.2576020e+06   2.3620605e+01
   1.2588720e+06   2.2460938e+01
   1.2589840e+06   2.1972656e+01
   1.2590590e+06   1.9958496e+01
   1.2609930e+06   2.0019531e+01
   1.2611070e+06   2.0019531e+01
   1.2717040e+06   2.1606445e+01
   1.2753060e+06   2.0935059e+01
   1.2753530e+06   2.0202637e+01
   1.2753670e+06   2.6733398e+01
   1.2754110e+06   1.9836426e+01
   1.2757830e+06   2.0141602e+01
   1.2841720e+06   2.4658203e+01
   1.2842260e+06   2.0507812e+01
   1.2852500e+06   2.1423340e+01
   1.2871580e+06   2.1545410e+01
   1.2872430e+06   2.0568848e+01
   1.2873570e+06   2.2216797e+01
   1.2886510e+06   2.2644043e+01
   1.3030940e+06   1.9653320e+01
   1.3031760e+06   2.4414063e+01
   1.3053820e+06   2.0019531e+01
   1.3059800e+06   2.1606445e+01
   1.3060770e+06   2.3498535e+01
   1.3123990e+06   2.0385742e+01
   1.3131510e+06   2.0690918e+01
   1.3231720e+06   2.2033691e+01
   1.3234790e+06   2.3376465e+01
   1.3236320e+06   1.9958496e+01
   1.3237350e+06   2.2277832e+01
   1.3250840e+06   2.2644043e+01
   1.3264770e+06   2.3803711e+01
   1.3369290e+06   2.1789551e+01
   1.3381720e+06   2.1911621e+01
   1.3384590e+06   2.0324707e+01
   1.3387320e+06   2.0446777e+01
   1.3407580e+06   2.3376465e+01
   1.3410700e+06   2.2399902e+01
   1.3428660e+06   2.1789551e+01
   1.3431180e+06   2.2644043e+01
   1.3467640e+06   2.2216797e+01
   1.3468340e+06   2.0874023e+01
   1.3559650e+06   2.1728516e+01
   1.3563550e+06   1.9714355e+01
   1.3575350e+06   1.9775391e+01
   1.3647290e+06   2.0446777e+01
   1.3655190e+06   2.1789551e+01
   1.3655650e+06   2.3803711e+01
   1.3656560e+06   1.9775391e+01
   1.3744980e+06   2.0080566e+01
   1.3748210e+06   1.9653320e+01
   1.3756830e+06   1.9653320e+01
   1.3775970e+06   2.5146484e+01
   1.3846560e+06   2.0507812e+01
   1.3855540e+06   2.2094727e+01
   1.3859260e+06   2.1179199e+01
   1.3865920e+06   1.9836426e+01
   1.3866840e+06   2.0751953e+01
   1.3946040e+06   2.0568848e+01
   1.3950340e+06   1.9653320e+01
   1.3954190e+06   2.3071289e+01
   1.3989980e+06   2.1301270e+01
   1.3990920e+06   2.0812988e+01
   1.3991040e+06   1.9714355e+01
   1.4128630e+06   2.2583008e+01
   1.4135470e+06   1.9836426e+01
   1.4137800e+06   2.0935059e+01
   1.4150940e+06   2.0446777e+01
   1.4165980e+06   2.0385742e+01
   1.4166370e+06   2.9296875e+01
   1.4303450e+06   2.2033691e+01
   1.4310620e+06   2.3315430e+01
   1.4316430e+06   1.9714355e+01
   1.4317920e+06   1.9775391e+01
   1.4318490e+06   1.9958496e+01
   1.4319150e+06   2.7526855e+01
   1.4412840e+06   2.2521973e+01
   1.4422110e+06   2.1789551e+01
   1.4469670e+06   2.0263672e+01
   1.4477030e+06   2.1484375e+01
   1.4481190e+06   2.2399902e+01
   1.4484210e+06   2.3925781e+01
   1.4486610e+06   1.9775391e+01
   1.4592360e+06   2.1545410e+01
   1.4628500e+06   2.1118164e+01
   1.4632590e+06   2.0080566e+01
   1.4637490e+06   2.1057129e+01
   1.4638130e+06   2.3193359e+01
   1.4642540e+06   2.5268555e+01
   1.4658210e+06   2.4414062e+01
   1.4708590e+06   2.1972656e+01
   1.4715530e+06   2.0080566e+01
   1.4788220e+06   1.9653320e+01
   1.4791390e+06   1.9775391e+01
   1.4793880e+06   2.1484375e+01
   1.4795190e+06   2.1545410e+01
   1.4804980e+06   2.0629883e+01
   1.4822550e+06   2.0324707e+01
   1.4823240e+06   2.2521973e+01
   1.4823610e+06   2.4414062e+01
   1.4960120e+06   2.2277832e+01
   1.4961590e+06   2.1789551e+01
   1.5068050e+06   2.8015137e+01
   1.5068970e+06   2.0324707e+01
   1.5070020e+06   2.2766113e+01
   1.5174250e+06   2.5390625e+01
   1.5174900e+06   2.3742676e+01
   1.5175620e+06   2.0080566e+01
   1.5252750e+06   2.3498535e+01
   1.5253340e+06   1.9958496e+01
   1.5253800e+06   1.9409180e+01
   1.5327040e+06   2.2338867e+01
   1.5329120e+06   2.2277832e+01
   1.5402400e+06   2.0141602e+01
   1.5410860e+06   2.0141602e+01
   1.5412750e+06   2.1972656e+01
   1.5500090e+06   2.0874023e+01
   1.5500920e+06   1.9470215e+01
   1.5588400e+06   2.1789551e+01
   1.5622050e+06   2.3071289e+01
   1.5667150e+06   2.2766113e+01
   1.5669250e+06   1.9409180e+01
   1.5761200e+06   2.1972656e+01
   1.5763190e+06   2.0629883e+01
   1.5772750e+06   1.9592285e+01
   1.5777480e+06   2.4963379e+01
   1.5778840e+06   2.1362305e+01
   1.5779710e+06   1.9470215e+01
   1.5847190e+06   1.9531250e+01
   1.5882390e+06   2.1667480e+01
   1.5928050e+06   2.3742676e+01
   1.5931070e+06   1.9287109e+01
   1.5932450e+06   1.9348145e+01
   1.5993540e+06   2.2521973e+01
   1.5995670e+06   1.9470215e+01
   1.5999420e+06   1.9958496e+01
   1.6009770e+06   2.3559570e+01
   1.6011810e+06   1.9775391e+01
   1.6013170e+06   1.9287109e+01
   1.6015920e+06   2.5817871e+01
   1.6093670e+06   2.1240234e+01
   1.6142230e+06   1.9836426e+01
   1.6254880e+06   2.0446777e+01
   1.6256800e+06   2.3864746e+01
   1.6258720e+06   2.3620605e+01
   1.6259210e+06   1.9409180e+01
   1.6384020e+06   1.9531250e+01
   1.6386250e+06   1.9287109e+01
   1.6465720e+06   1.9958496e+01
   1.6468010e+06   2.2888184e+01
   1.6470670e+06   2.9479980e+01
   1.6501930e+06   2.2216797e+01
   1.6502650e+06   2.3315430e+01
   1.6537390e+06   1.9836426e+01
   1.6537670e+06   2.0996094e+01
   1.6575550e+06   1.9470215e+01
   1.6576650e+06   2.1545410e+01
   1.6578160e+06   1.9470215e+01
   1.6647330e+06   2.1423340e+01
   1.6650450e+06   2.0324707e+01
   1.6651610e+06   1.9531250e+01
   1.6696250e+06   2.3986816e+01
   1.6696600e+06   2.0751953e+01
   1.6697280e+06   1.9348145e+01
   1.6697640e+06   2.1545410e+01
   1.6736000e+06   2.0202637e+01
   1.6742890e+06   2.0751953e+01
   1.6747560e+06   2.1850586e+01
   1.6750700e+06   2.3559570e+01
   1.6752420e+06   1.9287109e+01
   1.6753430e+06   2.0751953e+01
   1.6756180e+06   2.0202637e+01
   1.6762790e+06   1.9409180e+01
   1.6789610e+06   2.1545410e+01
   1.6804260e+06   1.9409180e+01
   1.6805170e+06   2.2216797e+01
   1.6806170e+06   1.9592285e+01
   1.6821030e+06   2.0629883e+01
   1.6825480e+06   2.1240234e+01
   1.6826860e+06   2.2583008e+01
   1.6846560e+06   2.1301270e+01
   1.6847930e+06   2.7099609e+01
   1.6848920e+06   1.9470215e+01
   1.6877010e+06   2.1240234e+01
   1.6893590e+06   2.0812988e+01
   1.6894050e+06   1.9653320e+01
   1.6894410e+06   2.3437500e+01
   1.6895320e+06   2.1606445e+01
   1.6896090e+06   2.2888184e+01
   1.6896420e+06   1.9348145e+01
   1.6899370e+06   2.5146484e+01
   1.6928510e+06   2.3376465e+01
   1.6940500e+06   2.1301270e+01
   1.6942780e+06   2.0874023e+01
   1.6947270e+06   2.0263672e+01
   1.6954970e+06   2.0019531e+01
   1.6956500e+06   1.9653320e+01
   1.6975360e+06   2.4047852e+01
   1.6976370e+06   2.1850586e+01
   1.6976730e+06   2.0385742e+01
   1.7000460e+06   1.9897461e+01
   1.7001080e+06   2.0263672e+01
   1.7002000e+06   2.2033691e+01
   1.7034660e+06   2.0446777e+01
   1.7035120e+06   2.1118164e+01
   1.7036430e+06   1.9714355e+01
   1.7036770e+06   2.0202637e+01
   1.7036980e+06   1.9775391e+01
   1.7037950e+06   1.9348145e+01
   1.7078920e+06   2.0629883e+01
   1.7082600e+06   1.9592285e+01
   1.7097130e+06   2.0690918e+01
   1.7097830e+06   1.9836426e+01
   1.7099100e+06   2.5207520e+01
   1.7101870e+06   2.0629883e+01
   1.7117270e+06   2.3498535e+01
   1.7118090e+06   2.2949219e+01
   1.7119000e+06   1.9958496e+01
   1.7119870e+06   1.9409180e+01
   1.7160510e+06   1.9592285e+01
   1.7188970e+06   2.0324707e+01
   1.7189390e+06   1.9409180e+01
   1.7190130e+06   1.9348145e+01
   1.7190290e+06   2.7343750e+01
   1.7190490e+06   2.0324707e+01
   1.7240180e+06   2.0568848e+01
   1.7240740e+06   2.1301270e+01
   1.7268230e+06   2.0141602e+01
   1.7268640e+06   2.0507812e+01
   1.7269020e+06   2.0568848e+01
   1.7271480e+06   1.9775391e+01
   1.7315210e+06   2.3132324e+01
   1.7316380e+06   2.0751953e+01
   1.7317000e+06   2.1484375e+01
   1.7342250e+06   2.2399902e+01
   1.7342690e+06   2.2705078e+01
   1.7343200e+06   2.0019531e+01
   1.7343790e+06   1.9775391e+01
   1.7344210e+06   2.1362305e+01
   1.7345440e+06   2.0935059e+01
   1.7390370e+06   2.0446777e+01
   1.7391160e+06   2.1423340e+01
   1.7428650e+06   2.3742676e+01
   1.7429380e+06   2.0996094e+01
   1.7429720e+06   1.9775391e+01
   1.7430310e+06   2.1606445e+01
   1.7431100e+06   2.0202637e+01
   1.7469530e+06   2.1972656e+01
   1.7470480e+06   2.4902344e+01
   1.7500450e+06   2.0629883e+01
   1.7501040e+06   2.0446777e+01
   1.7501280e+06   2.5573730e+01
   1.7501550e+06   1.9775391e+01
   1.7502080e+06   2.0141602e+01
   1.7543360e+06   2.5451660e+01
   1.7543970e+06   2.0935059e+01
   1.7545120e+06   2.1240234e+01
   1.7545590e+06   2.0996094e+01
   1.7586120e+06   2.0690918e+01
   1.7586390e+06   2.1911621e+01
   1.7628030e+06   1.9958496e+01
   1.7629900e+06   1.9958496e+01
   1.7630980e+06   2.0751953e+01
   1.7665120e+06   2.0385742e+01
   1.7665450e+06   2.3193359e+01
   1.7665710e+06   1.9653320e+01
   1.7666530e+06   1.9348145e+01
   1.7666820e+06   2.2277832e+01
   1.7670110e+06   1.9409180e+01
   1.7713060e+06   2.0385742e+01
   1.7714640e+06   2.1423340e+01
   1.7763990e+06   2.0690918e+01
   1.7764470e+06   2.5390625e+01
   1.7764610e+06   2.0019531e+01
   1.7765130e+06   2.4780273e+01
   1.7765290e+06   1.9531250e+01
   1.7765690e+06   2.4047852e+01
   1.7817890e+06   2.3071289e+01
   1.7819730e+06   1.9958496e+01
   1.7820260e+06   1.9287109e+01
   1.7882600e+06   1.9348145e+01
   1.7883610e+06   1.9897461e+01
   1.7883940e+06   1.9958496e+01
   1.7918350e+06   1.9470215e+01
   1.7929420e+06   1.9653320e+01
   1.7930380e+06   2.2888184e+01
   1.7931110e+06   1.9531250e+01
   1.7931610e+06   1.9470215e+01
   1.7982010e+06   1.9897461e+01
   1.7982400e+06   2.0874023e+01
   1.7982890e+06   2.5878906e+01
   1.8048650e+06   2.0385742e+01
   1.8049140e+06   2.1850586e+01
   1.8050490e+06   2.3254395e+01
   1.8051040e+06   1.9470215e+01
   1.8107400e+06   2.1179199e+01
   1.8107940e+06   2.1118164e+01
   1.8108410e+06   2.2644043e+01
   1.8161450e+06   2.0507813e+01
   1.8162340e+06   2.6123047e+01
   1.8162970e+06   2.0874023e+01
   1.8247850e+06   2.3986816e+01
   1.8248230e+06   2.9479980e+01
   1.8248700e+06   2.4414062e+01
   1.8249260e+06   1.9348145e+01
   1.8290940e+06   2.4108887e+01
   1.8293450e+06   2.1606445e+01
   1.8294000e+06   1.9287109e+01
   1.8376040e+06   2.2399902e+01
   1.8376560e+06   1.9653320e+01
   1.8464020e+06   2.0324707e+01
   1.8464400e+06   2.3986816e+01
   1.8465180e+06   2.3132324e+01
   1.8553780e+06   2.3620605e+01
   1.8554120e+06   2.1667480e+01
   1.8554260e+06   2.1850586e+01
   1.8727380e+06   2.0996094e+01
   1.8727880e+06   2.3559570e+01
   1.8729070e+06   2.4597168e+01
   1.8729380e+06   1.9409180e+01
   1.8729840e+06   1.9958496e+01
   1.8731020e+06   1.9348145e+01
   1.8733840e+06   2.0690918e+01
   1.8734990e+06   2.0751953e+01
   1.8766380e+06   1.9897461e+01
   1.8769850e+06   1.9836426e+01
   1.8772150e+06   2.0202637e+01
   1.8773750e+06   1.9470215e+01
   1.8775140e+06   2.0507812e+01
   1.8776160e+06   1.9653320e+01
   1.9559100e+06   2.1728516e+01
   1.9559980e+06   2.1362305e+01
   1.9563740e+06   1.9470215e+01
   1.9566230e+06   1.9775391e+01
   1.9815910e+06   1.9714355e+01
   1.9817750e+06   2.0263672e+01
   2.0044070e+06   2.4230957e+01
   2.0075390e+06   2.0935059e+01
   2.0257760e+06   1.9470215e+01
   2.0268830e+06   2.1423340e+01
   2.0280120e+06   2.0812988e+01
   2.0287990e+06   2.4841309e+01
   2.0290670e+06   2.1057129e+01
   2.0293960e+06   2.2949219e+01
   2.0568950e+06   2.1911621e+01
   2.0581310e+06   2.0446777e+01
   2.0586580e+06   2.2583008e+01
   2.0588630e+06   2.0141602e+01
   2.0593900e+06   1.9531250e+01
   2.0601230e+06   2.4414062e+01
   2.0870240e+06   2.1911621e+01
   2.0875640e+06   1.9470215e+01
   2.0885490e+06   2.2583008e+01
   2.0893050e+06   2.0385742e+01
   2.0901850e+06   2.0690918e+01
   2.0906100e+06   2.2216797e+01
   2.1188840e+06   2.1606445e+01
   2.1196960e+06   1.9775391e+01
   2.1198760e+06   2.0996094e+01
   2.1207820e+06   1.9287109e+01
   2.1447630e+06   2.2705078e+01
   2.1451060e+06   2.2521973e+01
   2.1454500e+06   2.3620605e+01
   2.1708370e+06   2.1240234e+01
   2.1715080e+06   1.9714355e+01
   2.1719420e+06   2.0385742e+01
   2.1724300e+06   1.9348145e+01
   2.1747200e+06   2.4902344e+01
   2.1902470e+06   1.9775391e+01
   2.1920820e+06   1.9714355e+01
   2.1927380e+06   2.2399902e+01
   2.1959950e+06   1.9287109e+01
   2.1980250e+06   2.0080566e+01
   2.1986130e+06   2.0751953e+01
   2.2318540e+06   2.2033691e+01
   2.2427130e+06   2.1240234e+01
   2.2487530e+06   2.3803711e+01
   2.2568020e+06   2.2277832e+01
   2.2576970e+06   1.9409180e+01
   2.2583350e+06   1.9348145e+01
   2.2594640e+06   1.9897461e+01
   2.2599070e+06   2.1179199e+01
   2.2611170e+06   2.0446777e+01
   2.2614590e+06   2.0446777e+01
   2.2949650e+06   2.0019531e+01
   2.2953910e+06   2.3132324e+01
   2.2961140e+06   2.1545410e+01
   2.3154060e+06   2.0629883e+01
   2.3251020e+06   1.9653320e+01
   2.3255370e+06   1.9958496e+01
   2.3280190e+06   1.9958496e+01
   2.3288810e+06   2.3742676e+01
   2.3303930e+06   2.2399902e+01
   2.3518640e+06   2.4291992e+01
   2.3523310e+06   2.2644043e+01
   2.3527200e+06   1.9653320e+01
   2.3543320e+06   2.1545410e+01
   2.3552080e+06   2.0507813e+01
   2.3554680e+06   2.1179199e+01
   2.3567540e+06   1.9958496e+01
   2.3776280e+06   1.9714355e+01
   2.3788550e+06   2.0202637e+01
   2.3888690e+06   2.4475098e+01
   2.3897090e+06   2.2277832e+01
   2.4031270e+06   1.9836426e+01
   2.4151880e+06   2.0629883e+01
   2.4153410e+06   1.9287109e+01
   2.4162960e+06   2.1972656e+01
   2.4165940e+06   2.3559570e+01
   2.4167640e+06   2.3010254e+01
   2.4170410e+06   2.1057129e+01
   2.4180500e+06   2.0507812e+01
   2.4186930e+06   2.0202637e+01
   2.4274810e+06   1.9653320e+01
   2.4286730e+06   2.0935059e+01
   2.4362390e+06   2.6000977e+01
   2.4440470e+06   2.0629883e+01
   2.4445260e+06   1.9836426e+01
   2.4533170e+06   2.0935059e+01
   2.4540330e+06   2.0019531e+01
   2.4612900e+06   2.1301270e+01
   2.4696600e+06   2.5268555e+01
   2.4698190e+06   2.0141602e+01
   2.4783260e+06   2.5573730e+01
   2.4785280e+06   1.9897461e+01
   2.4796820e+06   2.2094727e+01
   2.4806970e+06   2.2460938e+01
   2.4810490e+06   2.0446777e+01
   2.4814280e+06   2.2216797e+01
   2.4887600e+06   2.7404785e+01
   2.4998360e+06   1.9714355e+01
   2.5012000e+06   2.2827148e+01
   2.5013010e+06   2.4108887e+01
   2.5016640e+06   2.2583008e+01
   2.5021020e+06   2.4047852e+01
   2.5095870e+06   2.0446777e+01
   2.5321980e+06   2.3620605e+01
   2.5468860e+06   2.2338867e+01
   2.5473660e+06   1.9470215e+01
   2.5477870e+06   2.0080566e+01
   2.5479230e+06   2.3071289e+01
   2.5481650e+06   1.9409180e+01
   2.5638630e+06   2.2705078e+01
   2.5648760e+06   1.9592285e+01
   2.6053790e+06   2.0996094e+01
   2.6062210e+06   2.7160645e+01
   2.6064260e+06   2.0141602e+01
   2.6067100e+06   1.9592285e+01
   2.6070390e+06   1.9592285e+01
   2.6077410e+06   2.1789551e+01
   2.6383840e+06   2.0935059e+01
   2.6396370e+06   2.3071289e+01
   2.6399610e+06   2.0996094e+01
   2.6404370e+06   2.3132324e+01
   2.6406220e+06   2.0202637e+01
   2.6411120e+06   2.2216797e+01
   2.6548470e+06   2.1362305e+01
   2.6711110e+06   1.9409180e+01
   2.6932360e+06   2.5573730e+01
   2.6944190e+06   2.4047852e+01
   2.6954350e+06   2.2766113e+01
   2.6955570e+06   1.9531250e+01
   2.7287570e+06   2.3742676e+01
   2.7295570e+06   2.0202637e+01
   2.7301780e+06   2.0568848e+01
   2.7303610e+06   2.1240234e+01
   2.7308470e+06   2.1606445e+01
   2.7470610e+06   1.9836426e+01
   2.7474430e+06   2.2460938e+01
   2.7476960e+06   2.0446777e+01
   2.7478400e+06   2.0019531e+01
   2.7806240e+06   2.2094727e+01
   2.7941040e+06   2.0568848e+01
   2.7945600e+06   2.1423340e+01
   2.7952430e+06   2.2094727e+01
   2.7960160e+06   1.9287109e+01
   2.8251220e+06   1.9714355e+01
   2.8263360e+06   2.3071289e+01
   2.8266110e+06   2.0996094e+01
   2.8269250e+06   1.9287109e+01
   2.8274120e+06   2.1179199e+01
   2.8398770e+06   2.0629883e+01
   2.8401320e+06   2.3803711e+01
   2.8409420e+06   2.1911621e+01
   2.8564060e+06   2.0690918e+01
   2.8637070e+06   2.2033691e+01
   2.8647610e+06   2.5329590e+01
   2.8655690e+06   2.0568848e+01
   2.8658320e+06   2.2827148e+01
   2.8907790e+06   2.0141602e+01
   2.8911600e+06   2.2827148e+01
   2.8914170e+06   2.1057129e+01
   2.8918100e+06   2.0996094e+01
   2.8926870e+06   1.9653320e+01
   2.8930800e+06   2.0629883e+01
   2.9039640e+06   2.4780273e+01
   2.9064960e+06   2.1911621e+01
   2.9109260e+06   2.2338867e+01
   2.9115890e+06   1.9714355e+01
   2.9118710e+06   2.0690918e+01
   2.9120140e+06   2.3254395e+01
   2.9126230e+06   2.1850586e+01
   2.9230500e+06   2.1911621e+01
   2.9234730e+06   2.3132324e+01
   2.9322790e+06   1.9958496e+01
   2.9382910e+06   2.0812988e+01
   2.9383710e+06   2.1423340e+01
   2.9431930e+06   2.1118164e+01
   2.9434990e+06   2.6367188e+01
   2.9452220e+06   2.4108887e+01
   2.9486030e+06   2.4780273e+01
   2.9603950e+06   2.3010254e+01
   2.9609340e+06   1.9653320e+01
   2.9804950e+06   2.1728516e+01
   2.9809280e+06   1.9836426e+01
   2.9894430e+06   2.2644043e+01
   2.9900670e+06   2.2888184e+01
   2.9916950e+06   2.3498535e+01
   2.9922780e+06   2.2949219e+01
   2.9925070e+06   2.0568848e+01
   3.0184390e+06   2.3681641e+01
   3.0193310e+06   2.2827148e+01
   3.0200960e+06   2.0568848e+01
   3.0205960e+06   2.2644043e+01
   3.0208620e+06   2.0141602e+01
   3.0211670e+06   2.1240234e+01
   3.0267600e+06   1.9897461e+01
   3.0299590e+06   1.9531250e+01
   3.0399930e+06   2.4902344e+01
   3.0409380e+06   1.9470215e+01
   3.0450640e+06   2.3803711e+01
   3.0458690e+06   1.9287109e+01
   3.0461580e+06   2.4658203e+01
   3.0490740e+06   2.1301270e+01
   3.0527070e+06   1.9592285e+01
   3.0607850e+06   2.2094727e+01
   3.0617890e+06   2.0874023e+01
   3.0637330e+06   2.1484375e+01
   3.0698700e+06   2.0996094e+01
   3.0731400e+06   2.0690918e+01
   3.0757280e+06   2.2277832e+01
   3.0761350e+06   2.1911621e+01
   3.0897620e+06   1.9470215e+01
   3.0903750e+06   1.9348145e+01
   3.0906320e+06   2.2460938e+01
   3.0983270e+06   2.0507813e+01
   3.0989170e+06   1.9592285e+01
   3.1146260e+06   2.4414062e+01
   3.1151760e+06   2.2460938e+01
   3.1171130e+06   2.0629883e+01
   3.1174420e+06   1.9714355e+01
   3.1180700e+06   2.2277832e+01
   3.1189710e+06   2.0507812e+01
   3.1190650e+06   2.0019531e+01
   3.1331660e+06   2.3132324e+01
   3.1434060e+06   2.0690918e+01
   3.1438510e+06   1.9348145e+01
   3.1454620e+06   2.1850586e+01
   3.1458370e+06   2.4963379e+01
   3.1460620e+06   2.3437500e+01
   3.1463190e+06   2.0446777e+01
   3.1473220e+06   2.0446777e+01
   3.1545570e+06   2.2338867e+01
   3.1548240e+06   1.9958496e+01
   3.1633270e+06   2.1423340e+01
   3.1638590e+06   1.9531250e+01
   3.1704490e+06   2.0080566e+01
   3.1706450e+06   2.3498535e+01
   3.1710520e+06   2.0202637e+01
   3.1852380e+06   2.1545410e+01
   3.1856050e+06   2.0019531e+01
   3.1858300e+06   2.5817871e+01
   3.1858940e+06   2.1179199e+01
   3.1960950e+06   1.9592285e+01
   3.2093280e+06   1.9287109e+01
   3.2094270e+06   2.1118164e+01
   3.2095050e+06   2.0019531e+01
   3.2216040e+06   2.0812988e+01
   3.2230700e+06   2.0996094e+01
   3.2233100e+06   2.2583008e+01
   3.2244450e+06   2.2888184e+01
   3.2247170e+06   2.0690918e+01
   3.2249630e+06   2.0996094e+01
   3.2285760e+06   1.9836426e+01
   3.2304390e+06   2.2094727e+01
   3.2305170e+06   1.9592285e+01
   3.2397490e+06   2.4658203e+01
   3.2403440e+06   2.5451660e+01
   3.2432410e+06   2.3376465e+01
   3.2505600e+06   2.3742676e+01
   3.2526390e+06   2.1057129e+01
   3.2610360e+06   2.0568848e+01
   3.2615200e+06   2.5573730e+01
   3.2625750e+06   2.0202637e+01
   3.2631280e+06   1.9287109e+01
   3.2637510e+06   2.0141602e+01
   3.2653940e+06   2.2277832e+01
   3.2659690e+06   2.1728516e+01
   3.2793380e+06   2.0385742e+01
   3.2796720e+06   2.1911621e+01
   3.2804120e+06   2.3010254e+01
   3.2810640e+06   1.9836426e+01
   3.2918270e+06   2.0690918e+01
   3.2924730e+06   2.2155762e+01
   3.2941430e+06   2.0324707e+01
   3.3021100e+06   2.3315430e+01
   3.3032940e+06   2.0568848e+01
   3.3043710e+06   2.4536133e+01
   3.3045760e+06   2.0690918e+01
   3.3154760e+06   2.0690918e+01
   3.3156880e+06   2.4353027e+01
   3.3163770e+06   1.9714355e+01
   3.3261900e+06   2.0019531e+01
   3.3268020e+06   1.9897461e+01
   3.3269850e+06   2.0996094e+01
   3.3274550e+06   2.2094727e+01
   3.3327300e+06   2.1728516e+01
   3.3457970e+06   2.1789551e+01
   3.3468280e+06   2.0935059e+01
   3.3470840e+06   1.9958496e+01
   3.3473190e+06   1.9348145e+01
   3.3542810e+06   2.8320312e+01
   3.3551180e+06   2.1545410e+01
   3.3568040e+06   2.4780273e+01
   3.3571310e+06   2.0202637e+01
   3.3574640e+06   1.9836426e+01
   3.3585490e+06   2.3864746e+01
   3.3587570e+06   1.9653320e+01
   3.3724150e+06   1.9653320e+01
   3.3735380e+06   2.0324707e+01
   3.3738980e+06   2.3193359e+01
   3.3741930e+06   1.9958496e+01
   3.3746330e+06   1.9958496e+01
   3.3748240e+06   1.9348145e+01
   3.3770240e+06   2.2705078e+01
   3.3776150e+06   1.9470215e+01
   3.3785180e+06   2.2705078e+01
   3.3788530e+06   1.9775391e+01
   3.3866430e+06   2.1606445e+01
   3.3870010e+06   2.3376465e+01
   3.3873230e+06   1.9897461e+01
   3.3878350e+06   1.9409180e+01
   3.3883640e+06   2.2033691e+01
   3.3890060e+06   1.9836426e+01
   3.3896190e+06   1.9897461e+01
   3.3899120e+06   2.0446777e+01
   3.3974620e+06   2.0446777e+01
   3.3975850e+06   2.1789551e+01
   3.3996980e+06   2.3254395e+01
   3.4100290e+06   2.1362305e+01
   3.4113070e+06   2.7465820e+01
   3.4114010e+06   2.3925781e+01
   3.4119360e+06   1.9958496e+01
   3.4151680e+06   1.9470215e+01
   3.4242110e+06   2.1972656e+01
   3.4322890e+06   2.2155762e+01
   3.4329820e+06   2.3071289e+01
   3.4336390e+06   2.2888184e+01
   3.4338110e+06   2.0263672e+01
   3.4341900e+06   2.0812988e+01
   3.4417760e+06   2.0874023e+01
   3.4436700e+06   2.7038574e+01
   3.4438100e+06   2.4475098e+01
   3.4439380e+06   2.1057129e+01
   3.4447550e+06   2.5085449e+01
   3.4454670e+06   2.4047852e+01
   3.4461770e+06   2.4108887e+01
   3.4470080e+06   2.0507812e+01
   3.4531550e+06   2.0690918e+01
   3.4551780e+06   3.0395508e+01
   3.4560120e+06   1.9592285e+01
   3.4562400e+06   2.2155762e+01
   3.4576830e+06   2.1606445e+01
   3.4586260e+06   2.6550293e+01
   3.4660010e+06   2.0080566e+01
   3.4735270e+06   2.2766113e+01
   3.4737000e+06   2.1850586e+01
   3.4738470e+06   2.0019531e+01
   3.4790740e+06   2.2644043e+01
   3.4801040e+06   2.3803711e+01
   3.4855990e+06   2.2338867e+01
   3.4876830e+06   1.9714355e+01
   3.4880420e+06   2.0141602e+01
   3.4881830e+06   2.3437500e+01
   3.4888180e+06   2.0202637e+01
   3.4982020e+06   2.1057129e+01
   3.4987800e+06   2.0690918e+01
   3.4995190e+06   1.9287109e+01
   3.5004350e+06   1.9592285e+01
   3.5126510e+06   2.1972656e+01
   3.5146430e+06   2.4719238e+01
   3.5152680e+06   2.1301270e+01
   3.5162840e+06   2.3498535e+01
   3.5164830e+06   2.2766113e+01
   3.5170260e+06   2.0202637e+01
   3.5171430e+06   2.0507812e+01
   3.5185440e+06   1.9348145e+01
   3.5192080e+06   2.2094727e+01
   3.5195060e+06   1.9470215e+01
   3.5203440e+06   2.3376465e+01
   3.5218760e+06   2.1423340e+01
   3.5222990e+06   2.0202637e+01
   3.5231770e+06   2.2216797e+01
   3.5236410e+06   2.0690918e+01
   3.5242910e+06   2.1606445e+01
   3.5247410e+06   2.2521973e+01
   3.5249030e+06   2.1789551e+01
   3.5250640e+06   2.2216797e+01
   3.5251360e+06   2.1057129e+01
   3.5280930e+06   2.2766113e+01
   3.5389570e+06   2.1240234e+01
   3.5401570e+06   2.0812988e+01
   3.5403870e+06   2.0324707e+01
   3.5413900e+06   1.9897461e+01
   3.5415120e+06   2.1972656e+01
   3.5415780e+06   2.1667480e+01
   3.5490740e+06   1.9653320e+01
   3.5499490e+06   2.2521973e+01
   3.5502420e+06   2.2399902e+01
   3.5512640e+06   1.9470215e+01
   3.5528320e+06   2.5085449e+01
   3.5534790e+06   2.2399902e+01
   3.5540080e+06   2.4230957e+01
   3.5544300e+06   2.0996094e+01
   3.5549520e+06   2.5146484e+01
   3.5556170e+06   1.9775391e+01
   3.5560800e+06   2.0568848e+01
   3.5607780e+06   2.1606445e+01
   3.5611380e+06   2.0935059e+01
   3.5612290e+06   1.9287109e+01
   3.5613160e+06   2.3376465e+01
   3.5742520e+06   2.6062012e+01
   3.5758440e+06   1.9775391e+01
   3.5761510e+06   2.0202637e+01
   3.5767000e+06   1.9836426e+01
   3.5768070e+06   2.3742676e+01
   3.5771890e+06   1.9592285e+01
   3.5859680e+06   2.1545410e+01
   3.5862920e+06   2.0629883e+01
   3.5967800e+06   2.5817871e+01
   3.5971280e+06   1.9531250e+01
   3.5974920e+06   2.1972656e+01
   3.5986210e+06   1.9287109e+01
   3.5993760e+06   2.0202637e+01
   3.5994970e+06   2.3315430e+01
   3.6000480e+06   1.9958496e+01
   3.6050950e+06   1.9531250e+01
   3.6102460e+06   1.9958496e+01
   3.6162060e+06   1.9714355e+01
   3.6166510e+06   2.1484375e+01
   3.6167330e+06   1.9897461e+01
   3.6172100e+06   2.0629883e+01
   3.6176080e+06   2.3986816e+01
   3.6293580e+06   1.9409180e+01
   3.6299390e+06   2.4169922e+01
   3.6303670e+06   1.9836426e+01
   3.6408360e+06   2.7343750e+01
   3.6427620e+06   2.2705078e+01
   3.6435680e+06   2.1789551e+01
   3.6436680e+06   1.9836426e+01
   3.6437610e+06   2.0019531e+01
   3.6438100e+06   2.3559570e+01
   3.6575600e+06   2.1423340e+01
   3.6578670e+06   2.2827148e+01
   3.6584530e+06   2.5146484e+01
   3.6604960e+06   2.0263672e+01
   3.6610440e+06   2.4353027e+01
   3.6664010e+06   2.0446777e+01
   3.6667160e+06   1.9836426e+01
   3.6681100e+06   2.4230957e+01
   3.6689370e+06   2.0324707e+01
   3.6696190e+06   2.1240234e+01
   3.6776450e+06   1.9897461e+01
   3.6806160e+06   2.1606445e+01
   3.6893970e+06   2.2338867e+01
   3.6903120e+06   2.1057129e+01
   3.6906170e+06   2.0935059e+01
   3.6910650e+06   2.4475098e+01
   3.6920390e+06   2.0202637e+01
   3.6924670e+06   2.3498535e+01
   3.7001210e+06   2.0385742e+01
   3.7003160e+06   2.0324707e+01
   3.7053630e+06   2.3376465e+01
   3.7119650e+06   1.9470215e+01
   3.7125630e+06   2.0446777e+01
   3.7219500e+06   2.0690918e+01
   3.7223600e+06   2.0812988e+01
   3.7227680e+06   2.2888184e+01
   3.7228270e+06   2.2827148e+01
   3.7292920e+06   2.5329590e+01
   3.7325980e+06   2.3925781e+01
   3.7386230e+06   2.6672363e+01
   3.7393290e+06   2.2888184e+01
   3.7395940e+06   2.2521973e+01
   3.7403310e+06   1.9409180e+01
   3.7492850e+06   2.2399902e+01
   3.7555310e+06   2.1301270e+01
   3.7558810e+06   2.1362305e+01
   3.7561010e+06   1.9958496e+01
   3.7565040e+06   2.4780273e+01
   3.7669700e+06   2.1850586e+01
   3.7675410e+06   2.0019531e+01
   3.7731840e+06   1.9592285e+01
   3.7739280e+06   2.1118164e+01
   3.7754320e+06   2.0019531e+01
   3.7814490e+06   2.5085449e+01
   3.7815930e+06   2.4475098e+01
   3.7817260e+06   2.1911621e+01
   3.7923460e+06   2.4047852e+01
   3.7928760e+06   1.9531250e+01
   3.7970340e+06   2.2521973e+01
   3.7975310e+06   1.9653320e+01
   3.7984210e+06   1.9897461e+01
   3.8028370e+06   2.0874023e+01
   3.8052280e+06   2.3193359e+01
   3.8094850e+06   2.3376465e+01
   3.8096830e+06   2.2766113e+01
   3.8156000e+06   2.2705078e+01
   3.8157890e+06   1.9470215e+01
   3.8265360e+06   1.9836426e+01
   3.8266560e+06   2.0629883e+01
   3.8279980e+06   2.5268555e+01
   3.8284420e+06   1.9836426e+01
   3.8386470e+06   2.0629883e+01
   3.8398650e+06   2.1606445e+01
   3.8515700e+06   2.2460938e+01
   3.8520720e+06   1.9348145e+01
   3.8525880e+06   2.1606445e+01
   3.8532120e+06   2.3498535e+01
   3.8549810e+06   2.1911621e+01
   3.8657040e+06   2.1606445e+01
   3.8668230e+06   1.9348145e+01
   3.8764130e+06   1.9714355e+01
   3.8769010e+06   2.2521973e+01
   3.8774350e+06   2.2460938e+01
   3.8787320e+06   2.2155762e+01
   3.8795110e+06   1.9470215e+01
   3.8800490e+06   2.0751953e+01
   3.8869600e+06   2.4353027e+01
   3.8875190e+06   1.9958496e+01
   3.8878490e+06   2.1423340e+01
   3.8945750e+06   1.9287109e+01
   3.8947870e+06   2.1911621e+01
   3.8998360e+06   2.0080566e+01
   3.9066700e+06   2.3315430e+01
   3.9072290e+06   1.9897461e+01
   3.9077770e+06   1.9653320e+01
   3.9170070e+06   2.0507812e+01
   3.9173610e+06   2.4658203e+01
   3.9208900e+06   2.1423340e+01
   3.9273180e+06   2.2094727e+01
   3.9275910e+06   2.6062012e+01
   3.9301270e+06   2.2033691e+01
   3.9361460e+06   2.5085449e+01
   3.9368590e+06   2.0812988e+01
   3.9380780e+06   1.9470215e+01
   3.9382700e+06   2.0690918e+01
   3.9388100e+06   1.9409180e+01
   3.9390980e+06   2.4291992e+01
   3.9392800e+06   1.9958496e+01
   3.9393940e+06   2.0141602e+01
   3.9443800e+06   2.0629883e+01
   3.9449960e+06   2.6733398e+01
   3.9534330e+06   2.1728516e+01
   3.9540920e+06   2.3498535e+01
   3.9543300e+06   2.5268555e+01
   3.9657520e+06   2.1301270e+01
   3.9677560e+06   2.3864746e+01
   3.9679870e+06   2.1301270e+01
   3.9689380e+06   2.1728516e+01
   3.9704610e+06   1.9653320e+01
   3.9705580e+06   1.9348145e+01
   3.9712310e+06   2.1789551e+01
   3.9812390e+06   2.3376465e+01
   3.9822010e+06   2.1484375e+01
   3.9824380e+06   1.9531250e+01
   3.9930140e+06   1.9348145e+01
   3.9943280e+06   1.9531250e+01
   3.9965680e+06   2.0324707e+01
   3.9970360e+06   2.2827148e+01
   3.9973460e+06   2.0751953e+01
   4.0079540e+06   2.3742676e+01
   4.0088280e+06   1.9714355e+01
   4.0092360e+06   2.3132324e+01
   4.0094960e+06   1.9531250e+01
   4.0113030e+06   2.1850586e+01
   4.0117940e+06   2.4841309e+01
   4.0120650e+06   2.2521973e+01
   4.0124430e+06   2.0751953e+01
   4.0128460e+06   1.9348145e+01
   4.0129030e+06   2.1667480e+01
   4.0138990e+06   2.0935059e+01
   4.0207200e+06   2.1667480e+01
   4.0285760e+06   2.1118164e+01
   4.0288600e+06   2.0507813e+01
   4.0328950e+06   2.2583008e+01
   4.0332060e+06   2.5878906e+01
   4.0382020e+06   2.0629883e+01
   4.0385220e+06   2.2277832e+01
   4.0388210e+06   2.2033691e+01
   4.0393860e+06   2.1362305e+01
   4.0443060e+06   2.1972656e+01
   4.0450250e+06   1.9348145e+01
   4.0461100e+06   2.1789551e+01
   4.0544950e+06   2.3742676e+01
   4.0549750e+06   2.1362305e+01
   4.0553670e+06   1.9836426e+01
   4.0561050e+06   2.1179199e+01
   4.0573600e+06   2.0751953e+01
   4.0576690e+06   2.4353027e+01
   4.0577590e+06   2.1606445e+01
   4.0610880e+06   2.1789551e+01
   4.0613890e+06   2.1850586e+01
   4.0616640e+06   2.0202637e+01
   4.0618180e+06   2.2033691e+01
   4.0620090e+06   1.9897461e+01
   4.0723980e+06   1.9348145e+01
   4.0733040e+06   2.0507813e+01
   4.0738310e+06   2.3071289e+01
   4.0769870e+06   2.0629883e+01
   4.0774320e+06   2.1362305e+01
   4.0856140e+06   2.4108887e+01
   4.0859520e+06   2.1118164e+01
   4.0862190e+06   2.0629883e+01
   4.0863980e+06   2.2521973e+01
   4.0956670e+06   2.2338867e+01
   4.0966910e+06   2.0812988e+01
   4.0973160e+06   2.0141602e+01
   4.0975190e+06   1.9714355e+01
   4.0976490e+06   2.1057129e+01
   4.1004160e+06   1.9348145e+01
   4.1008170e+06   2.1118164e+01
   4.1104650e+06   2.1057129e+01
   4.1121540e+06   1.9470215e+01
   4.1124380e+06   2.0751953e+01
   4.1129520e+06   2.0080566e+01
   4.1139770e+06   2.1667480e+01
   4.1152620e+06   2.2460938e+01
   4.1153660e+06   2.0507812e+01
   4.1155790e+06   2.0935059e+01
   4.1157930e+06   2.0568848e+01
   4.1176010e+06   1.9531250e+01
   4.1257200e+06   2.3071289e+01
   4.1262890e+06   1.9714355e+01
   4.1266060e+06   2.2521973e+01
   4.1332260e+06   1.9287109e+01
   4.1339180e+06   2.1667480e+01
   4.1344840e+06   2.1911621e+01
   4.1422420e+06   2.5085449e+01
   4.1437560e+06   2.3803711e+01
   4.1444740e+06   2.0019531e+01
   4.1506990e+06   1.9775391e+01
   4.1511390e+06   2.0080566e+01
   4.1515220e+06   1.9714355e+01
   4.1542460e+06   2.1240234e+01
   4.1602550e+06   2.1728516e+01
   4.1610580e+06   2.0812988e+01
   4.1614040e+06   1.9531250e+01
   4.1684270e+06   2.0019531e+01
   4.1686530e+06   2.0751953e+01
   4.1690250e+06   2.1728516e+01
   4.1702790e+06   2.4780273e+01
   4.1787480e+06   1.9409180e+01
   4.1789260e+06   2.4230957e+01
   4.1792920e+06   2.0996094e+01
   4.1803100e+06   2.0263672e+01
   4.1806510e+06   2.3803711e+01
   4.1811400e+06   1.9348145e+01
   4.1817580e+06   2.0507812e+01
   4.1823700e+06   2.1423340e+01
   4.1829950e+06   2.1545410e+01
   4.1830790e+06   2.0019531e+01
   4.1867210e+06   2.5146484e+01
   4.1890550e+06   1.9836426e+01
   4.1898510e+06   2.4047852e+01
   4.1899880e+06   2.0263672e+01
   4.1900710e+06   2.0507812e+01
   4.1902130e+06   1.9897461e+01
   4.1907730e+06   1.9653320e+01
   4.2022140e+06   2.0629883e+01
   4.2025280e+06   2.0385742e+01
   4.2039650e+06   2.0812988e+01
   4.2047350e+06   2.0019531e+01
   4.2052380e+06   2.2155762e+01
   4.2053630e+06   1.9592285e+01
   4.2054780e+06   2.0812988e+01
   4.2065710e+06   1.9653320e+01
   4.2185220e+06   2.2277832e+01
   4.2194700e+06   1.9287109e+01
   4.2196670e+06   2.2033691e+01
   4.2201820e+06   2.5451660e+01
   4.2204800e+06   2.0568848e+01
   4.2205680e+06   1.9653320e+01
   4.2206370e+06   1.9470215e+01
   4.2207010e+06   1.9287109e+01
   4.2208130e+06   2.4230957e+01
   4.2210120e+06   1.9958496e+01
   4.2299640e+06   1.9775391e+01
   4.2302560e+06   2.0996094e+01
   4.2339030e+06   2.1362305e+01
   4.2339660e+06   2.1850586e+01
   4.2452120e+06   2.4475098e+01
   4.2455330e+06   2.1179199e+01
   4.2457100e+06   2.3376465e+01
   4.2460430e+06   2.0202637e+01
   4.2466060e+06   2.1484375e+01
   4.2467040e+06   2.2460938e+01
   4.2469480e+06   2.0324707e+01
   4.2472950e+06   2.4902344e+01
   4.2476590e+06   1.9348145e+01
   4.2477330e+06   2.1850586e+01
   4.2478620e+06   1.9897461e+01
   4.2531290e+06   2.0324707e+01
   4.2534950e+06   2.3742676e+01
   4.2536860e+06   1.9714355e+01
   4.2552220e+06   2.0385742e+01
   4.2606810e+06   2.0568848e+01
   4.2614470e+06   2.0141602e+01
   4.2615340e+06   2.2277832e+01
   4.2703590e+06   2.0385742e+01
   4.2709740e+06   2.0446777e+01
   4.2710940e+06   2.1240234e+01
   4.2715720e+06   2.1179199e+01
   4.2771840e+06   2.1484375e+01
   4.2772400e+06   2.0446777e+01
   4.2842580e+06   2.2766113e+01
   4.2910670e+06   2.1545410e+01
   4.2911520e+06   1.9348145e+01
   4.2912310e+06   1.9592285e+01
   4.2985370e+06   2.1545410e+01
   4.2997460e+06   1.9592285e+01
   4.3001510e+06   2.1179199e+01
   4.3012290e+06   2.2460938e+01
   4.3013160e+06   1.9714355e+01
   4.3013670e+06   2.1240234e+01
   4.3092710e+06   1.9409180e+01
   4.3101720e+06   2.1728516e+01
   4.3102520e+06   2.2583008e+01
   4.3103130e+06   2.0141602e+01
   4.3165090e+06   1.9470215e+01
   4.3168010e+06   1.9287109e+01
   4.3172840e+06   2.2583008e+01
   4.3173440e+06   2.1179199e+01
   4.3177710e+06   1.9653320e+01
   4.3179130e+06   2.1118164e+01
   4.3180000e+06   1.9409180e+01
   4.3284330e+06   2.0019531e+01
   4.3285240e+06   2.1240234e+01
   4.3291600e+06   1.9653320e+01
   4.3292140e+06   2.0263672e+01
   4.3402070e+06   2.2338867e+01
   4.3402790e+06   2.9052734e+01
   4.3419010e+06   1.9653320e+01
   4.3419620e+06   1.9836426e+01
   4.3545660e+06   2.0446777e+01
   4.3547880e+06   2.0629883e+01
   4.3558870e+06   2.0263672e+01
   4.3566110e+06   2.0507812e+01
   4.3566760e+06   1.9592285e+01
   4.3567490e+06   2.1850586e+01
   4.3568430e+06   1.9409180e+01
   4.3568930e+06   2.0507813e+01
   4.3574390e+06   1.9897461e+01
   4.3579650e+06   2.2949219e+01
   4.3580180e+06   2.0751953e+01
   4.3675270e+06   2.0446777e+01
   4.3680830e+06   2.0019531e+01
   4.3686270e+06   2.1606445e+01
   4.3686950e+06   1.9531250e+01
   4.3687540e+06   2.1118164e+01
   4.3767770e+06   2.1301270e+01
   4.3772390e+06   2.0019531e+01
   4.3775410e+06   2.3742676e+01
   4.3777070e+06   2.2888184e+01
   4.3777780e+06   2.2949219e+01
   4.3857020e+06   2.4353027e+01
   4.3859470e+06   2.1118164e+01
   4.3867060e+06   2.1240234e+01
   4.3881100e+06   1.9958496e+01
   4.3985560e+06   2.3986816e+01
   4.3994270e+06   1.9470215e+01
   4.3995200e+06   1.9775391e+01
   4.4067730e+06   2.2521973e+01
   4.4101360e+06   1.9348145e+01
   4.4101900e+06   2.4291992e+01
   4.4102650e+06   2.0263672e+01
   4.4104990e+06   1.9897461e+01
   4.4111360e+06   2.0324707e+01
   4.4111880e+06   2.1606445e+01
   4.4113650e+06   2.2827148e+01
   4.4207980e+06   2.1118164e+01
   4.4211940e+06   2.1423340e+01
   4.4223070e+06   2.0019531e+01
   4.4224380e+06   1.9653320e+01
   4.4225030e+06   1.9531250e+01
   4.4236980e+06   2.2827148e+01
   4.4275790e+06   2.0568848e+01
   4.4277400e+06   1.9287109e+01
   4.4279610e+06   2.8259277e+01
   4.4350800e+06   2.1362305e+01
   4.4355170e+06   2.0812988e+01
   4.4393180e+06   2.0874023e+01
   4.4393960e+06   2.2705078e+01
   4.4415370e+06   2.3315430e+01
   4.4415980e+06   2.5207520e+01
   4.4421960e+06   2.2155762e+01
   4.4431490e+06   2.0507813e+01
   4.4432320e+06   2.0019531e+01
   4.4433780e+06   2.1179199e+01
   4.4440400e+06   2.0568848e+01
   4.4546110e+06   2.1789551e+01
   4.4555040e+06   2.0751953e+01
   4.4556010e+06   2.2399902e+01
   4.4631590e+06   2.2521973e+01
   4.4632550e+06   2.0141602e+01
   4.4634350e+06   2.1850586e+01
   4.4707550e+06   2.0019531e+01
   4.4718370e+06   1.9958496e+01
   4.4739510e+06   2.6733398e+01
   4.4739920e+06   1.9653320e+01
   4.4741460e+06   1.9653320e+01
   4.4742230e+06   2.0080566e+01
   4.4743020e+06   2.0507812e+01
   4.4744710e+06   2.3315430e+01
   4.4847400e+06   2.1911621e+01
   4.4851970e+06   2.0324707e+01
   4.4852730e+06   2.2888184e+01
   4.4854030e+06   1.9897461e+01
   4.4858590e+06   2.2583008e+01
   4.4859110e+06   2.3010254e+01
   4.4866380e+06   2.4230957e+01
   4.4866890e+06   2.0751953e+01
   4.4963820e+06   2.3193359e+01
   4.4969580e+06   2.2338867e+01
   4.5058140e+06   2.2521973e+01
   4.5060240e+06   2.0385742e+01
   4.5115880e+06   2.2277832e+01
   4.5188070e+06   2.2644043e+01
   4.5189760e+06   2.7709961e+01
   4.5265980e+06   2.0996094e+01
   4.5268340e+06   2.0935059e+01
   4.5365250e+06   1.9714355e+01
   4.5369570e+06   1.9592285e+01
   4.5462840e+06   2.0996094e+01
   4.5466950e+06   2.1362305e+01
   4.5471230e+06   2.2338867e+01
   4.5561370e+06   2.1911621e+01
   4.5562080e+06   2.1301270e+01
   4.5564370e+06   2.0202637e+01
   4.5642290e+06   2.0324707e+01
   4.5644030e+06   2.1423340e+01
   4.5645830e+06   2.4719238e+01
   4.5720410e+06   1.9287109e+01
   4.5721300e+06   2.6245117e+01
   4.5794190e+06   2.0507812e+01
   4.5797240e+06   2.2521973e+01
   4.5798110e+06   2.2888184e+01
   4.5858390e+06   2.1362305e+01
   4.5860380e+06   2.1667480e+01
   4.5861710e+06   1.9287109e+01
   4.5865020e+06   2.3681641e+01
   4.5961580e+06   1.9653320e+01
   4.6008220e+06   2.1057129e+01
   4.6011690e+06   2.1240234e+01
   4.6013750e+06   2.2155762e+01
   4.6014400e+06   2.0690918e+01
   4.6114940e+06   2.0935059e+01
   4.6117490e+06   2.3132324e+01
   4.6204310e+06   2.0629883e+01
   4.6212080e+06   2.0446777e+01
   4.6214470e+06   2.2583008e+01
   4.6215720e+06   2.0324707e+01
   4.6218690e+06   2.0996094e+01
   4.6323200e+06   1.9348145e+01
   4.6324140e+06   2.2705078e+01
   4.6325380e+06   1.9653320e+01
   4.6328690e+06   2.1728516e+01
   4.6413690e+06   2.1240234e+01
   4.6415750e+06   2.4536133e+01
   4.6418290e+06   1.9714355e+01
   4.6419550e+06   2.0202637e+01
   4.6507420e+06   1.9531250e+01
   4.6508840e+06   2.0507812e+01
   4.6512440e+06   2.2277832e+01
   4.6586760e+06   2.3132324e+01
   4.6587900e+06   1.9409180e+01
   4.6592110e+06   2.1667480e+01
   4.6709090e+06   1.9653320e+01
   4.6710230e+06   2.0935059e+01
   4.6712680e+06   2.0202637e+01
   4.6815910e+06   2.1667480e+01
   4.6819460e+06   1.9531250e+01
   4.6820730e+06   2.0263672e+01
   4.6821560e+06   2.0446777e+01
   4.6923060e+06   2.0446777e+01
   4.6928590e+06   2.0385742e+01
   4.6929930e+06   2.4291992e+01
   4.6933750e+06   2.3132324e+01
   4.7024270e+06   2.1728516e+01
   4.7024860e+06   2.0446777e+01
   4.7025620e+06   2.1423340e+01
   4.7026870e+06   2.1972656e+01
   4.7028890e+06   2.5329590e+01
   4.7128090e+06   2.1606445e+01
   4.7128970e+06   2.0019531e+01
   4.7133220e+06   2.2155762e+01
   4.7225800e+06   2.4047852e+01
   4.7226810e+06   2.0385742e+01
   4.7227340e+06   2.1301270e+01
   4.7229000e+06   2.2644043e+01
   4.7322010e+06   2.0202637e+01
   4.7323700e+06   1.9775391e+01
   4.7324700e+06   2.2033691e+01
   4.7427000e+06   2.2583008e+01
   4.7429000e+06   2.5512695e+01
   4.7432740e+06   2.2033691e+01
   4.7542320e+06   2.0568848e+01
   4.7542740e+06   2.1911621e+01
   4.7543630e+06   2.5451660e+01
   4.7662470e+06   2.0629883e+01
   4.7663180e+06   2.2338867e+01
   4.7663770e+06   2.0507812e+01
   4.7666550e+06   1.9592285e+01
   4.7784760e+06   1.9958496e+01
   4.7785610e+06   1.9592285e+01
   4.7786180e+06   2.6367188e+01
   4.7787260e+06   1.9592285e+01
   4.7893050e+06   2.1545410e+01
   4.7898880e+06   2.2705078e+01
   4.7899660e+06   2.0324707e+01
   4.7902990e+06   2.1728516e+01
   4.8024050e+06   2.0385742e+01
   4.8024820e+06   2.4414063e+01
   4.8025280e+06   1.9897461e+01
   4.8143560e+06   1.9836426e+01
   4.8144390e+06   2.0812988e+01
   4.8145120e+06   2.1545410e+01
   4.8148660e+06   2.1301270e+01
   4.8217510e+06   2.1728516e+01
   4.8218060e+06   1.9897461e+01
   4.8221670e+06   2.0446777e+01
   4.8336010e+06   2.5268555e+01
   4.8338330e+06   1.9836426e+01
   4.8453540e+06   2.0996094e+01
   4.8454070e+06   2.3071289e+01
   4.8455310e+06   2.0568848e+01
   4.8456690e+06   2.2827148e+01
   4.8562740e+06   2.1606445e+01
   4.8563750e+06   2.3193359e+01
   4.8667110e+06   1.9653320e+01
   4.8668580e+06   1.9348145e+01
   4.8670040e+06   2.0141602e+01
   4.8765950e+06   1.9775391e+01
   4.8768600e+06   2.0446777e+01
   4.8769260e+06   2.0874023e+01
   4.8770130e+06   2.1606445e+01
   4.8772640e+06   1.9287109e+01
   4.8881420e+06   2.0446777e+01
   4.8883050e+06   1.9531250e+01
   4.8885250e+06   2.2888184e+01
   4.8982800e+06   2.0568848e+01
   4.8984790e+06   2.0202637e+01
   4.9073290e+06   1.9409180e+01
   4.9077260e+06   2.1179199e+01
   4.9079120e+06   2.1789551e+01
   4.9080550e+06   1.9470215e+01
   4.9081900e+06   1.9714355e+01
   4.9083800e+06   1.9348145e+01
   4.9155200e+06   2.3193359e+01
   4.9158890e+06   2.5634766e+01
   4.9160450e+06   2.2399902e+01
   4.9250800e+06   2.0568848e+01
   4.9339890e+06   2.2033691e+01
   4.9341400e+06   2.1667480e+01
   4.9342580e+06   2.3498535e+01
   4.9344050e+06   2.0202637e+01
   4.9349220e+06   2.2155762e+01
   4.9433530e+06   2.0629883e+01
   4.9434450e+06   2.1057129e+01
   4.9437100e+06   1.9836426e+01
   4.9469340e+06   1.9714355e+01
   4.9471800e+06   2.2094727e+01
   4.9488170e+06   2.3986816e+01
   4.9491000e+06   1.9287109e+01
   4.9492630e+06   2.1789551e+01
   4.9506330e+06   2.0568848e+01
   4.9509830e+06   1.9897461e+01
   4.9511890e+06   2.3437500e+01
   4.9603630e+06   2.0385742e+01
   4.9604880e+06   1.9531250e+01
   4.9611470e+06   2.1362305e+01
   4.9692470e+06   2.1484375e+01
   4.9693300e+06   2.0080566e+01
   4.9694710e+06   2.1484375e+01
   4.9766230e+06   2.2155762e+01
   4.9772540e+06   1.9653320e+01
   4.9774560e+06   2.0996094e+01
   4.9827710e+06   2.0935059e+01
   4.9829390e+06   2.3498535e+01
   4.9830180e+06   2.3620605e+01
   4.9861100e+06   2.0812988e+01
   4.9870250e+06   2.4719238e+01
   4.9958110e+06   2.2949219e+01
   4.9958840e+06   2.0812988e+01
   4.9963240e+06   2.2216797e+01
   4.9965310e+06   2.1057129e+01
   5.0044650e+06   2.1362305e+01
   5.0046650e+06   2.0996094e+01
   5.0048980e+06   2.0568848e+01
   5.0074580e+06   2.0874023e+01
   5.0075570e+06   2.0690918e+01
   5.0076160e+06   1.9531250e+01
   5.0183000e+06   2.0935059e+01
   5.0184640e+06   2.1911621e+01
   5.0185750e+06   2.5268555e+01
   5.0187760e+06   2.1362305e+01
   5.0211830e+06   1.9775391e+01
   5.0305160e+06   2.1789551e+01
   5.0306150e+06   2.4536133e+01
   5.0307740e+06   2.1484375e+01
   5.0310840e+06   2.1911621e+01
   5.0387210e+06   2.4841309e+01
   5.0400890e+06   2.0568848e+01
   5.0402210e+06   2.1545410e+01
   5.0403340e+06   2.1301270e+01
   5.0433280e+06   2.1545410e+01
   5.0436210e+06   2.0324707e+01
   5.0437310e+06   2.2766113e+01
   5.0441150e+06   2.0080566e+01
   5.0446370e+06   2.0690918e+01
   5.0627230e+06   2.3803711e+01
   5.0629320e+06   1.9287109e+01
   5.0630180e+06   2.0385742e+01
   5.0631060e+06   2.1301270e+01
   5.0729980e+06   2.1850586e+01
   5.0733520e+06   2.1728516e+01
   5.0734330e+06   2.0568848e+01
   5.0735040e+06   1.9592285e+01
   5.0747780e+06   1.9592285e+01
   5.0823820e+06   1.9653320e+01
   5.0825400e+06   2.3193359e+01
   5.0826770e+06   1.9653320e+01
   5.0829230e+06   2.0507812e+01
   5.0831140e+06   2.1240234e+01
   5.0871220e+06   1.9348145e+01
   5.0872810e+06   2.1850586e+01
   5.0873700e+06   2.1789551e+01
   5.0875450e+06   1.9287109e+01
   5.0880650e+06   2.3681641e+01
   5.0928530e+06   1.9470215e+01
   5.0930040e+06   2.2583008e+01
   5.0995730e+06   2.0751953e+01
   5.0997580e+06   2.2216797e+01
   5.0999580e+06   2.3559570e+01
   5.1001220e+06   2.0629883e+01
   5.1065340e+06   2.0446777e+01
   5.1066110e+06   1.9958496e+01
   5.1066870e+06   2.0935059e+01
   5.1110390e+06   2.1301270e+01
   5.1112080e+06   2.1606445e+01
   5.1169680e+06   1.9409180e+01
   5.1170510e+06   2.2399902e+01
   5.1288550e+06   2.1972656e+01
   5.1289730e+06   2.1240234e+01
   5.1290570e+06   1.9653320e+01
   5.1292630e+06   2.0080566e+01
   5.1328980e+06   2.0690918e+01
   5.1355140e+06   2.0446777e+01
   5.1356270e+06   2.0385742e+01
   5.1357300e+06   2.1911621e+01
   5.1360160e+06   2.0507812e+01
   5.1397970e+06   2.0935059e+01
   5.1399540e+06   2.0568848e+01
   5.1399960e+06   2.1545410e+01
   5.1504360e+06   2.0202637e+01
   5.1513940e+06   1.9470215e+01
   5.1514440e+06   1.9958496e+01
   5.1514840e+06   2.3132324e+01
   5.1615030e+06   2.1057129e+01
   5.1616680e+06   2.0629883e+01
   5.1619760e+06   1.9836426e+01
   5.1640520e+06   2.0263672e+01
   5.1641560e+06   2.3010254e+01
   5.1747640e+06   2.0202637e+01
   5.1750630e+06   2.2277832e+01
   5.1753790e+06   2.0690918e+01
   5.1799810e+06   1.9531250e+01
   5.1801310e+06   2.1789551e+01
   5.1801690e+06   2.0202637e+01
   5.1911780e+06   2.0141602e+01
   5.1925710e+06   2.1362305e+01
   5.1927240e+06   2.0751953e+01
   5.1928780e+06   1.9348145e+01
   5.1930370e+06   2.4902344e+01
   5.1936150e+06   1.9653320e+01
   5.1937300e+06   2.2094727e+01
   5.1937680e+06   2.3681641e+01
   5.2055750e+06   2.3254395e+01
   5.2163260e+06   2.0141602e+01
   5.2218740e+06   2.0141602e+01
   5.2220830e+06   2.1057129e+01
   5.2222270e+06   2.1850586e+01
   5.2223150e+06   2.2216797e+01
   5.2223610e+06   2.0935059e+01
   5.2224110e+06   2.1362305e+01
   5.2331520e+06   2.1850586e+01
   5.2332490e+06   2.0935059e+01
   5.2333430e+06   1.9348145e+01
   5.2421380e+06   2.0080566e+01
   5.2422660e+06   2.5390625e+01
   5.2423580e+06   1.9287109e+01
   5.2515760e+06   2.2827148e+01
   5.2564680e+06   2.1423340e+01
   5.2566950e+06   1.9287109e+01
   5.2569130e+06   2.1911621e+01
   5.2571340e+06   1.9287109e+01
   5.2571980e+06   2.1728516e+01
   5.2669210e+06   1.9287109e+01
   5.2671900e+06   2.3193359e+01
   5.2673880e+06   2.3498535e+01
   5.2674880e+06   2.0019531e+01
   5.2675430e+06   2.0263672e+01
   5.2676510e+06   2.0996094e+01
   5.2773350e+06   1.9958496e+01
   5.2773840e+06   2.0935059e+01
   5.2871040e+06   1.9653320e+01
   5.2957610e+06   2.8442383e+01
   5.2959050e+06   2.1118164e+01
   5.2960090e+06   2.1850586e+01
   5.2962120e+06   1.9958496e+01
   5.3065870e+06   2.0629883e+01
   5.3066940e+06   1.9836426e+01
   5.3069210e+06   2.1118164e+01
   5.3122890e+06   1.9531250e+01
   5.3123530e+06   2.0385742e+01
   5.3124630e+06   2.1423340e+01
   5.3177280e+06   2.4230957e+01
   5.3179690e+06   2.1240234e+01
   5.3186090e+06   2.2155762e+01
   5.3191680e+06   2.3742676e+01
   5.3196300e+06   2.1423340e+01
   5.3200560e+06   2.0019531e+01
   5.3239470e+06   2.5573730e+01
   5.3240030e+06   2.4169922e+01
   5.3323800e+06   2.0019531e+01
   5.3325390e+06   2.0629883e+01
   5.3326380e+06   2.0202637e+01
   5.3369400e+06   1.9775391e+01
   5.3371650e+06   2.0629883e+01
   5.3414890e+06   2.0751953e+01
   5.3430230e+06   2.3132324e+01
   5.3439180e+06   2.4475098e+01
   5.3441870e+06   2.0385742e+01
   5.3443040e+06   2.0935059e+01
   5.3448440e+06   2.0935059e+01
   5.3452740e+06   1.9714355e+01
   5.3455030e+06   2.0812988e+01
   5.3458220e+06   2.1606445e+01
   5.3459050e+06   2.1484375e+01
   5.3464820e+06   2.0935059e+01
   5.3466690e+06   1.9775391e+01
   5.3483440e+06   1.9287109e+01
   5.3484060e+06   1.9409180e+01
   5.3485350e+06   1.9409180e+01
   5.3507510e+06   2.0324707e+01
   5.3508320e+06   2.1789551e+01
   5.3510180e+06   1.9592285e+01
   5.3532720e+06   2.3498535e+01
   5.3533340e+06   1.9287109e+01
   5.3534460e+06   1.9653320e+01
   5.3567030e+06   1.9470215e+01
   5.3567580e+06   2.1728516e+01
   5.3567910e+06   1.9592285e+01
   5.3568400e+06   2.4902344e+01
   5.3568600e+06   2.3315430e+01
   5.3568870e+06   1.9897461e+01
   5.3569550e+06   2.0446777e+01
   5.3616450e+06   2.1484375e+01
   5.3620660e+06   2.5939941e+01
   5.3626100e+06   2.5817871e+01
   5.3627750e+06   2.3559570e+01
   5.3629370e+06   2.0751953e+01
   5.3630660e+06   2.1728516e+01
   5.3632980e+06   2.0751953e+01
   5.3634390e+06   2.2338867e+01
   5.3635490e+06   2.0690918e+01
   5.3636820e+06   1.9592285e+01
   5.3642400e+06   2.0996094e+01
   5.3653660e+06   2.0874023e+01
   5.3656050e+06   2.2338867e+01
   5.3667230e+06   2.2338867e+01
   5.3669940e+06   2.0629883e+01
   5.3673300e+06   2.1179199e+01
   5.3675830e+06   2.0812988e+01
   5.3712730e+06   2.2399902e+01
   5.3723080e+06   2.1789551e+01
   5.3723780e+06   2.0263672e+01
   5.3724380e+06   2.0690918e+01
   5.3756200e+06   2.1179199e+01
   5.3757280e+06   2.0141602e+01
   5.3757790e+06   2.3071289e+01
   5.3758430e+06   2.1240234e+01
   5.3758650e+06   2.0263672e+01
   5.3758850e+06   2.0202637e+01
   5.3763910e+06   2.2277832e+01
   5.3807950e+06   1.9592285e+01
   5.3808640e+06   2.1545410e+01
   5.3838240e+06   2.2521973e+01
   5.3839110e+06   1.9592285e+01
   5.3839860e+06   2.1179199e+01
   5.3840180e+06   2.6184082e+01
   5.3879810e+06   2.0935059e+01
   5.3888010e+06   2.0141602e+01
   5.3893340e+06   2.0202637e+01
   5.3913990e+06   2.0263672e+01
   5.3914390e+06   1.9653320e+01
   5.3914810e+06   2.1728516e+01
   5.3915130e+06   1.9897461e+01
   5.3915500e+06   1.9836426e+01
   5.3956440e+06   1.9287109e+01
   5.3957720e+06   1.9958496e+01
   5.3958850e+06   1.9287109e+01
   5.3977940e+06   2.0202637e+01
   5.3981080e+06   1.9836426e+01
   5.4052040e+06   1.9348145e+01
   5.4053060e+06   1.9470215e+01
   5.4053590e+06   1.9836426e+01
   5.4089210e+06   2.2338867e+01
   5.4091420e+06   1.9653320e+01
   5.4102190e+06   1.9958496e+01
   5.4102870e+06   2.0751953e+01
   5.4103540e+06   1.9531250e+01
   5.4128370e+06   1.9653320e+01
   5.4128930e+06   2.0996094e+01
   5.4129330e+06   2.1301270e+01
   5.4130140e+06   1.9897461e+01
   5.4173180e+06   2.1118164e+01
   5.4173710e+06   1.9287109e+01
   5.4174180e+06   1.9958496e+01
   5.4217980e+06   1.9470215e+01
   5.4218320e+06   2.7770996e+01
   5.4258970e+06   2.6367188e+01
   5.4259680e+06   2.2033691e+01
   5.4260060e+06   2.4108887e+01
   5.4295970e+06   2.0874023e+01
   5.4296820e+06   2.1118164e+01
   5.4297070e+06   2.3620605e+01
   5.4297730e+06   2.0263672e+01
   5.4336460e+06   2.3742676e+01
   5.4337380e+06   2.1362305e+01
   5.4339360e+06   1.9470215e+01
   5.4384190e+06   2.1606445e+01
   5.4384840e+06   1.9714355e+01
   5.4385000e+06   2.4291992e+01
   5.4385190e+06   2.2216797e+01
   5.4385700e+06   2.2338867e+01
   5.4435560e+06   2.0629883e+01
   5.4436160e+06   2.2155762e+01
   5.4480980e+06   2.4780273e+01
   5.4481720e+06   1.9653320e+01
   5.4525050e+06   2.2277832e+01
   5.4525800e+06   2.0812988e+01
   5.4526040e+06   2.0568848e+01
   5.4576140e+06   2.2583008e+01
   5.4576340e+06   2.0141602e+01
   5.4576470e+06   2.1301270e+01
   5.4580960e+06   2.0080566e+01
   5.4613850e+06   2.3071289e+01
   5.4616610e+06   1.9287109e+01
   5.4618070e+06   2.2705078e+01
   5.4618840e+06   2.0690918e+01
   5.4662680e+06   1.9958496e+01
   5.4663490e+06   1.9836426e+01
   5.4664240e+06   1.9714355e+01
   5.4664700e+06   2.0263672e+01
   5.4723940e+06   2.0324707e+01
   5.4724270e+06   2.2094727e+01
   5.4724600e+06   2.1728516e+01
   5.4725030e+06   2.3315430e+01
   5.4726140e+06   1.9775391e+01
   5.4726860e+06   1.9470215e+01
   5.4793850e+06   2.5634766e+01
   5.4794030e+06   2.1240234e+01
   5.4794410e+06   2.1728516e+01
   5.4794760e+06   2.2338867e+01
   5.4833640e+06   1.9409180e+01
   5.4843410e+06   2.0080566e+01
   5.4845320e+06   2.4597168e+01
   5.4907050e+06   2.1423340e+01
   5.4907380e+06   2.1667480e+01
   5.4907520e+06   2.9418945e+01
   5.4908530e+06   1.9592285e+01
   5.4979220e+06   2.0874023e+01
   5.4980190e+06   1.9348145e+01
   5.4981060e+06   2.2827148e+01
   5.4982760e+06   1.9836426e+01
   5.5068710e+06   2.6489258e+01
   5.5069970e+06   2.1728516e+01
   5.5109140e+06   1.9836426e+01
   5.5175640e+06   2.0629883e+01
   5.5175810e+06   1.9714355e+01
   5.5176110e+06   2.0629883e+01
   5.5176520e+06   2.0446777e+01
   5.5179560e+06   1.9775391e+01
   5.5179730e+06   1.9897461e+01
   5.5278240e+06   2.0080566e+01
   5.5279130e+06   1.9836426e+01
   5.5391510e+06   2.1301270e+01
   5.5391820e+06   1.9897461e+01
   5.5392120e+06   2.0141602e+01
   5.5392470e+06   1.9348145e+01
   5.5464040e+06   2.3071289e+01
   5.5464850e+06   2.3010254e+01
   5.5466220e+06   1.9897461e+01
   5.5588760e+06   1.9836426e+01
   5.5589630e+06   2.1606445e+01
   5.5590110e+06   1.9409180e+01
   5.5592230e+06   1.9348145e+01
   5.5628310e+06   2.0446777e+01
   5.5640730e+06   2.1240234e+01
   5.5647620e+06   2.2460938e+01
   5.5649960e+06   1.9409180e+01
   5.5651730e+06   2.2521973e+01
   5.6555500e+06   2.4108887e+01
   5.6557280e+06   2.0874023e+01
   5.6559600e+06   2.1911621e+01
   5.6757310e+06   2.3193359e+01
   5.6758870e+06   2.6611328e+01
   5.6963700e+06   2.0141602e+01
   5.7156800e+06   2.0080566e+01
   5.7162530e+06   2.0507812e+01
   5.7177200e+06   2.0812988e+01
   5.7181560e+06   2.3498535e+01
   5.7344190e+06   1.9836426e+01
   5.7356360e+06   1.9775391e+01
   5.7364580e+06   2.1667480e+01
   5.7367210e+06   2.0690918e+01
   5.7383690e+06   2.1240234e+01
   5.7386290e+06   1.9470215e+01
   5.7390280e+06   2.1789551e+01
   5.7397310e+06   2.2155762e+01
   5.7553540e+06   2.3010254e+01
   5.7563140e+06   2.1606445e+01
   5.7570650e+06   2.1667480e+01
   5.7579690e+06   1.9348145e+01
   5.7744250e+06   1.9287109e+01
   5.7753550e+06   2.0019531e+01
   5.7762070e+06   2.0019531e+01
   5.7764820e+06   1.9897461e+01
   5.7942550e+06   2.6367188e+01
   5.7948040e+06   2.0568848e+01
   5.7989060e+06   2.1057129e+01
   5.8198430e+06   2.0507813e+01
   5.8203610e+06   2.0141602e+01
   5.8207500e+06   2.1606445e+01
   5.8212890e+06   2.0324707e+01
   5.8221900e+06   2.0263672e+01
   5.8224760e+06   1.9714355e+01
   5.8231540e+06   2.0568848e+01
   5.8236330e+06   1.9531250e+01
   5.8247360e+06   2.0751953e+01
   5.8447960e+06   2.0812988e+01
   5.8462260e+06   2.1301270e+01
   5.8468450e+06   2.4841309e+01
   5.8469540e+06   2.0874023e+01
   5.8474630e+06   2.0507813e+01
   5.8478290e+06   2.0324707e+01
   5.8481470e+06   2.2338867e+01
   5.8703110e+06   2.0812988e+01
   5.8707120e+06   2.4291992e+01
   5.8710280e+06   2.2460938e+01
   5.8852580e+06   2.0141602e+01
   5.8871650e+06   2.2827148e+01
   5.8874330e+06   1.9714355e+01
   5.8878800e+06   1.9836426e+01
   5.9102850e+06   2.2216797e+01
   5.9114990e+06   1.9531250e+01
   5.9118370e+06   2.3681641e+01
   5.9122290e+06   2.0751953e+01
   5.9124200e+06   2.0812988e+01
   5.9129320e+06   2.3986816e+01
   5.9139040e+06   2.3071289e+01
   5.9367800e+06   2.0446777e+01
   5.9370200e+06   2.1606445e+01
   5.9373470e+06   1.9653320e+01
   5.9376610e+06   2.0996094e+01
   5.9380740e+06   1.9470215e+01
   5.9394490e+06   2.3559570e+01
   5.9511880e+06   2.1484375e+01
   5.9516930e+06   2.6184082e+01
   5.9521900e+06   2.1911621e+01
   5.9525390e+06   2.1911621e+01
   5.9632860e+06   2.1057129e+01
   5.9749940e+06   2.4475098e+01
   5.9752290e+06   2.1301270e+01
   5.9756860e+06   2.0690918e+01
   5.9758510e+06   1.9592285e+01
   5.9868090e+06   2.2888184e+01
   5.9869470e+06   2.0324707e+01
   5.9871370e+06   1.9287109e+01
