   5.9990000e+06   0.0000000e+00
   1.3779000e+04   1.9287109e+01
   1.3797000e+04   6.2805176e+01
   1.3848000e+04   4.1198730e+01
   2.4361000e+04   5.5969238e+01
   3.0043000e+04   2.2766113e+01
   3.0074000e+04   2.2338867e+01
   3.0122000e+04   2.3742676e+01
   3.0135000e+04   4.5776367e+01
   3.0210000e+04   7.3852539e+01
   3.1498000e+04   4.6203613e+01
   3.9014000e+04   5.6518555e+01
   4.4964000e+04   1.8676758e+01
   5.3814000e+04   1.8615723e+01
   6.9269000e+04   5.2551270e+01
   6.9628000e+04   1.8676758e+01
   6.9707000e+04   1.9104004e+01
   7.7649000e+04   2.5634766e+01
   7.7682000e+04   5.9265137e+01
   8.2055000e+04   2.0812988e+01
   8.2093000e+04   2.1301270e+01
   9.0985000e+04   4.6386719e+01
   9.2111000e+04   5.1147461e+01
   1.0266000e+05   5.1147461e+01
   1.0268500e+05   1.8493652e+01
   1.1533400e+05   1.9470215e+01
   1.1535000e+05   5.5908203e+01
   1.1537400e+05   1.8554688e+01
   1.1563200e+05   1.8554688e+01
   1.2356400e+05   1.8615723e+01
   1.2361500e+05   1.8737793e+01
   1.2637400e+05   2.0507812e+01
   1.2652000e+05   1.8371582e+01
   1.2800400e+05   1.8432617e+01
   1.3692700e+05   1.9226074e+01
   1.3697900e+05   1.1004639e+02
   1.3699500e+05   2.6794434e+01
   1.4566600e+05   2.7893066e+01
   1.4570000e+05   1.9042969e+01
   1.4639100e+05   1.8371582e+01
   1.5878200e+05   1.9714355e+01
   1.6150600e+05   1.8371582e+01
   1.7253800e+05   5.3588867e+01
   1.9494200e+05   5.1269531e+01
   2.0742700e+05   1.8920898e+01
   2.0743900e+05   5.4870605e+01
   2.1474600e+05   5.7495117e+01
   2.2272000e+05   1.8432617e+01
   2.3462700e+05   4.1259766e+01
   2.3464000e+05   6.8603516e+01
   2.3466700e+05   4.8706055e+01
   2.3469000e+05   1.8798828e+01
   2.4019000e+05   5.8166504e+01
   2.6606500e+05   5.9509277e+01
   2.7572200e+05   1.9775391e+01
   2.7723400e+05   5.9509277e+01
   2.7726200e+05   1.8676758e+01
   3.1923200e+05   1.8676758e+01
   3.3672500e+05   2.0080566e+01
   3.3674900e+05   5.7189941e+01
   3.5733500e+05   6.1889648e+01
   3.5738800e+05   5.4077148e+01
   3.6649300e+05   2.1911621e+01
   3.6650400e+05   5.5603027e+01
   3.6653700e+05   2.6550293e+01
   3.7403500e+05   2.1362305e+01
   3.9115000e+05   1.8371582e+01
   3.9785600e+05   1.8615723e+01
   3.9787100e+05   1.9348145e+01
   4.2379900e+05   1.8310547e+01
   4.2382700e+05   3.5705566e+01
   4.2386000e+05   5.4321289e+01
   4.2388000e+05   1.9897461e+01
   4.3500900e+05   1.9958496e+01
   4.4360300e+05   1.8920898e+01
   4.5334000e+05   1.9775391e+01
   4.5450400e+05   5.7006836e+01
   4.7946000e+05   5.3100586e+01
   4.7952300e+05   5.2307129e+01
   4.8136800e+05   2.0324707e+01
   4.8143200e+05   6.5002441e+01
   4.8523900e+05   5.8227539e+01
   4.9805700e+05   1.8371582e+01
   4.9869300e+05   1.8554688e+01
   4.9872800e+05   5.4992676e+01
   5.0698700e+05   4.7912598e+01
   5.0704600e+05   1.8615723e+01
   5.0705600e+05   4.1320801e+01
   5.0784000e+05   1.8981934e+01
   5.1282200e+05   6.5429688e+01
   5.1284200e+05   1.9226074e+01
   5.2642700e+05   4.4616699e+01
   5.2645500e+05   1.8310547e+01
   5.2648700e+05   5.3222656e+01
   5.3207100e+05   5.5297852e+01
   5.6483800e+05   1.9592285e+01
   5.6485200e+05   5.5419922e+01
   5.7178200e+05   5.2856445e+01
   5.7197300e+05   2.3193359e+01
   5.7990700e+05   5.9387207e+01
   5.8042600e+05   6.9702148e+01
   5.9417400e+05   5.8715820e+01
   5.9423900e+05   5.2856445e+01
   5.9430400e+05   2.7770996e+01
   5.9491800e+05   5.8288574e+01
   6.0431300e+05   1.8859863e+01
   6.1220800e+05   2.1057129e+01
   6.3687000e+05   2.0751953e+01
   6.3941800e+05   2.0385742e+01
   6.3947200e+05   4.8400879e+01
   6.3950000e+05   3.9001465e+01
   6.3951900e+05   5.5541992e+01
   6.3955000e+05   2.1484375e+01
   6.4934700e+05   1.8615723e+01
   6.6666600e+05   5.6884766e+01
   6.7958600e+05   5.0659180e+01
   6.7964600e+05   3.9855957e+01
   6.7974900e+05   5.2246094e+01
   6.7976600e+05   1.9775391e+01
   6.8594600e+05   1.8920898e+01
   7.0105600e+05   5.4748535e+01
   7.0149200e+05   5.6274414e+01
   7.2127900e+05   4.9011230e+01
   7.2534600e+05   4.8278809e+01
   7.3994200e+05   1.9592285e+01
   7.3996300e+05   3.9123535e+01
   7.4000500e+05   2.2705078e+01
   7.4464800e+05   1.8493652e+01
   7.4890600e+05   1.8798828e+01
   7.5360700e+05   5.4504395e+01
   7.5362300e+05   2.1240234e+01
   7.5381200e+05   2.4719238e+01
   7.6623100e+05   1.8615723e+01
   7.6789900e+05   5.6945801e+01
   7.6793800e+05   4.6447754e+01
   7.6819500e+05   5.1574707e+01
   7.6821400e+05   3.7902832e+01
   7.6823500e+05   4.8889160e+01
   7.6825000e+05   3.2287598e+01
   7.6828700e+05   2.2705078e+01
   7.6833900e+05   2.1057129e+01
   7.9561000e+05   2.1667480e+01
   7.9609100e+05   2.0812988e+01
   7.9711800e+05   2.5085449e+01
   7.9712800e+05   2.2338867e+01
   7.9785300e+05   3.9245605e+01
   8.0974400e+05   5.0170898e+01
   8.0986600e+05   1.8493652e+01
   8.0988400e+05   3.1250000e+01
   8.1051600e+05   1.8676758e+01
   8.1909300e+05   1.8493652e+01
   8.2025600e+05   2.0202637e+01
   8.2026700e+05   2.3193359e+01
   8.2029700e+05   5.7128906e+01
   8.2912000e+05   1.8859863e+01
   8.3443900e+05   5.4077148e+01
   8.3447700e+05   4.7912598e+01
   8.3453200e+05   4.2236328e+01
   8.3458100e+05   4.1259766e+01
   8.4560300e+05   4.7546387e+01
   8.4561700e+05   3.2043457e+01
   8.4787600e+05   1.9104004e+01
   8.6481100e+05   2.0263672e+01
   8.6483600e+05   4.7668457e+01
   8.6486400e+05   2.7954102e+01
   8.6490900e+05   4.1076660e+01
   8.7499100e+05   5.3955078e+01
   8.7501400e+05   3.2531738e+01
   8.7503500e+05   5.4504395e+01
   8.7511100e+05   2.1972656e+01
   8.7513600e+05   3.7902832e+01
   8.7516100e+05   1.8981934e+01
   8.7522200e+05   3.6865234e+01
   8.8412600e+05   2.0935059e+01
   8.8448900e+05   4.7302246e+01
   8.9559000e+05   2.0324707e+01
   8.9726900e+05   2.0080566e+01
   8.9728000e+05   6.1889648e+01
   8.9729700e+05   4.4860840e+01
   8.9732700e+05   5.3894043e+01
   9.1164200e+05   6.0668945e+01
   9.1166900e+05   2.7526855e+01
   9.1169700e+05   9.1125488e+01
   9.1179500e+05   4.5776367e+01
   9.1920900e+05   2.6672363e+01
   9.1922200e+05   5.5114746e+01
   9.1923400e+05   9.1064453e+01
   9.1925800e+05   3.8146973e+01
   9.1928500e+05   2.7221680e+01
   9.1930100e+05   4.9621582e+01
   9.3108000e+05   4.7119141e+01
   9.3121900e+05   1.8432617e+01
   9.3243300e+05   2.4597168e+01
   9.4256000e+05   3.9489746e+01
   9.4258200e+05   3.2470703e+01
   9.4301200e+05   4.8034668e+01
   9.4400200e+05   3.1799316e+01
   9.4404600e+05   4.3029785e+01
   9.6242300e+05   2.9296875e+01
   9.6250100e+05   2.7893066e+01
   9.6266600e+05   5.1269531e+01
   9.6293100e+05   1.9836426e+01
   9.7144400e+05   1.8554688e+01
   9.7280500e+05   5.1391602e+01
   9.7283300e+05   3.4545898e+01
   9.7286000e+05   4.5410156e+01
   9.8412300e+05   6.5368652e+01
   9.8475600e+05   1.9775391e+01
   9.8477100e+05   7.0373535e+01
   9.8480600e+05   5.2368164e+01
   9.8484300e+05   2.7465820e+01
   9.8485800e+05   3.8269043e+01
   9.8490600e+05   2.0324707e+01
   9.8492000e+05   1.9287109e+01
   1.0063350e+06   1.8859863e+01
   1.0088710e+06   2.0812988e+01
   1.0088940e+06   3.9001465e+01
   1.0098540e+06   3.7048340e+01
   1.0098650e+06   6.1523438e+01
   1.0099080e+06   1.8859863e+01
   1.0099520e+06   1.8920898e+01
   1.0286210e+06   2.0202637e+01
   1.0290440e+06   2.0202637e+01
   1.0327780e+06   4.5043945e+01
   1.0366020e+06   1.8920898e+01
   1.0377570e+06   1.8371582e+01
   1.0377960e+06   4.1503906e+01
   1.0378450e+06   1.8432617e+01
   1.0512400e+06   1.8737793e+01
   1.0624160e+06   2.5451660e+01
   1.0624460e+06   6.7199707e+01
   1.0624800e+06   3.9978027e+01
   1.0625180e+06   2.0324707e+01
   1.0875170e+06   2.1667480e+01
   1.0875420e+06   5.9387207e+01
   1.0958190e+06   2.0324707e+01
   1.0984060e+06   4.7790527e+01
   1.0984210e+06   2.2277832e+01
   1.0984640e+06   4.3823242e+01
   1.0988200e+06   5.0842285e+01
   1.0994640e+06   2.0324707e+01
   1.0994790e+06   5.1635742e+01
   1.0994900e+06   2.4719238e+01
   1.1079080e+06   1.8310547e+01
   1.1189380e+06   1.9409180e+01
   1.1192530e+06   2.1118164e+01
   1.1205000e+06   4.5104980e+01
   1.1205200e+06   2.7160645e+01
   1.1207480e+06   5.3527832e+01
   1.1207690e+06   6.7260742e+01
   1.1207900e+06   3.8391113e+01
   1.1331710e+06   3.8818359e+01
   1.1378950e+06   2.0568848e+01
   1.1379310e+06   6.9824219e+01
   1.1379410e+06   5.9936523e+01
   1.1477480e+06   5.1086426e+01
   1.1477740e+06   3.7780762e+01
   1.1598040e+06   4.3884277e+01
   1.1598540e+06   3.6315918e+01
   1.1598690e+06   4.1748047e+01
   1.1598960e+06   2.6672363e+01
   1.1599200e+06   4.8828125e+01
   1.1604590e+06   4.4067383e+01
   1.1605850e+06   2.5634766e+01
   1.1606240e+06   1.9226074e+01
   1.1606400e+06   1.8981934e+01
   1.1755490e+06   1.8432617e+01
   1.1801620e+06   5.1757812e+01
   1.1899900e+06   1.9897461e+01
   1.1927820e+06   3.3569336e+01
   1.1928080e+06   6.0424805e+01
   1.1928350e+06   2.0019531e+01
   1.1928550e+06   4.8278809e+01
   1.1928830e+06   6.7504883e+01
   1.1929140e+06   6.7687988e+01
   1.2179940e+06   4.6691895e+01
   1.2184650e+06   3.0700684e+01
   1.2184830e+06   1.8432617e+01
   1.2185000e+06   2.8808594e+01
   1.2185240e+06   6.6467285e+01
   1.2186290e+06   4.4189453e+01
   1.2297840e+06   2.3742676e+01
   1.2472540e+06   1.8310547e+01
   1.2479380e+06   2.8381348e+01
   1.2481220e+06   1.8859863e+01
   1.2574850e+06   1.8432617e+01
   1.2609140e+06   6.5795898e+01
   1.2609250e+06   4.6691895e+01
   1.2609410e+06   4.3945312e+01
   1.2609560e+06   3.1555176e+01
   1.2609830e+06   5.0659180e+01
   1.2609970e+06   2.1362305e+01
   1.2706000e+06   6.2927246e+01
   1.2706650e+06   4.6630859e+01
   1.2707410e+06   3.9611816e+01
   1.2709750e+06   5.2551270e+01
   1.2710230e+06   3.4851074e+01
   1.2710860e+06   3.4301758e+01
   1.2711610e+06   2.6794434e+01
   1.2711960e+06   4.3945312e+01
   1.2712170e+06   2.1484375e+01
   1.2862470e+06   5.6518555e+01
   1.3025680e+06   1.8798828e+01
   1.3130630e+06   1.9592285e+01
   1.3130870e+06   5.0109863e+01
   1.3131080e+06   2.0324707e+01
   1.3131270e+06   3.0822754e+01
   1.3131490e+06   6.2438965e+01
   1.3261530e+06   3.1433105e+01
   1.3261920e+06   5.3833008e+01
   1.3262140e+06   6.0729980e+01
   1.3262490e+06   4.6813965e+01
   1.3262760e+06   2.0996094e+01
   1.3263440e+06   2.3132324e+01
   1.3263680e+06   5.7556152e+01
   1.3263950e+06   2.4108887e+01
   1.3264350e+06   2.2277832e+01
   1.3561270e+06   1.9042969e+01
   1.3575370e+06   3.2104492e+01
   1.3575730e+06   4.7424316e+01
   1.3575840e+06   2.2338867e+01
   1.3576130e+06   3.1555176e+01
   1.3623620e+06   2.8686523e+01
   1.3747360e+06   2.2644043e+01
   1.3773840e+06   5.5969238e+01
   1.3773960e+06   1.9531250e+01
   1.3774360e+06   2.4780273e+01
   1.3774620e+06   5.4870605e+01
   1.3775200e+06   1.9653320e+01
   1.3775410e+06   2.1972656e+01
   1.3949380e+06   2.8930664e+01
   1.3956110e+06   5.6701660e+01
   1.3956250e+06   2.5024414e+01
   1.3956690e+06   4.3640137e+01
   1.3975140e+06   4.8461914e+01
   1.3975350e+06   2.6245117e+01
   1.3975870e+06   2.6855469e+01
   1.3988740e+06   1.9653320e+01
   1.3988940e+06   2.5573730e+01
   1.3989060e+06   5.8715820e+01
   1.3989300e+06   5.3344727e+01
   1.3989450e+06   3.5888672e+01
   1.3990100e+06   1.9653320e+01
   1.4146200e+06   2.9541016e+01
   1.4151540e+06   4.8828125e+01
   1.4152340e+06   1.9714355e+01
   1.4152770e+06   2.2521973e+01
   1.4153590e+06   2.9541016e+01
   1.4161470e+06   2.0629883e+01
   1.4163720e+06   2.0263672e+01
   1.4164190e+06   5.3161621e+01
   1.4164530e+06   6.3476562e+01
   1.4164960e+06   2.2949219e+01
   1.4165120e+06   4.9987793e+01
   1.4165820e+06   2.0385742e+01
   1.4420510e+06   3.6926270e+01
   1.4421090e+06   3.1311035e+01
   1.4421450e+06   4.5288086e+01
   1.4421740e+06   2.1911621e+01
   1.4421990e+06   6.9641113e+01
   1.4422340e+06   2.6733398e+01
   1.4422540e+06   1.8859863e+01
   1.4486740e+06   2.4230957e+01
   1.4587150e+06   2.4169922e+01
   1.4592640e+06   1.8371582e+01
   1.4592980e+06   5.4748535e+01
   1.4593130e+06   3.1494141e+01
   1.4707040e+06   2.0324707e+01
   1.4714140e+06   4.5593262e+01
   1.4714450e+06   2.4230957e+01
   1.4714570e+06   4.8645020e+01
   1.4715160e+06   3.0212402e+01
   1.4804800e+06   3.5217285e+01
   1.4820330e+06   2.5512695e+01
   1.4820660e+06   6.2744141e+01
   1.4821000e+06   4.1687012e+01
   1.4821160e+06   2.2705078e+01
   1.4821700e+06   3.8696289e+01
   1.4822030e+06   5.6030273e+01
   1.4822130e+06   2.2521973e+01
   1.4822400e+06   5.8654785e+01
   1.4822620e+06   2.0385742e+01
   1.4822860e+06   4.5471191e+01
   1.4823310e+06   2.1118164e+01
   1.4824060e+06   2.1057129e+01
   1.4958270e+06   2.0141602e+01
   1.4960000e+06   1.9348145e+01
   1.4960420e+06   3.9550781e+01
   1.4961140e+06   1.8310547e+01
   1.5068410e+06   2.4169922e+01
   1.5068550e+06   4.9560547e+01
   1.5068800e+06   2.0141602e+01
   1.5173360e+06   1.9714355e+01
   1.5173940e+06   2.1362305e+01
   1.5174120e+06   1.8798828e+01
   1.5252230e+06   2.6367188e+01
   1.5253120e+06   2.0263672e+01
   1.5409280e+06   1.8493652e+01
   1.5619230e+06   3.1066895e+01
   1.5619710e+06   2.8198242e+01
   1.5620370e+06   5.8288574e+01
   1.5621780e+06   5.6030273e+01
   1.5670700e+06   2.1240234e+01
   1.5845790e+06   1.9042969e+01
   1.5846200e+06   2.1057129e+01
   1.5930870e+06   1.8676758e+01
   1.5932310e+06   2.1240234e+01
   1.5997640e+06   2.6794434e+01
   1.5998260e+06   4.9926758e+01
   1.5998780e+06   6.1645508e+01
   1.5999080e+06   2.1911621e+01
   1.5999520e+06   1.9165039e+01
   1.6140720e+06   3.1555176e+01
   1.6140850e+06   6.1035156e+01
   1.6141050e+06   2.4780273e+01
   1.6141280e+06   3.4423828e+01
   1.6141430e+06   2.2521973e+01
   1.6141680e+06   5.8166504e+01
   1.6141880e+06   2.1667480e+01
   1.6142140e+06   3.2470703e+01
   1.6142430e+06   3.2653809e+01
   1.6142710e+06   2.1301270e+01
   1.6142890e+06   2.1240234e+01
   1.6145460e+06   2.1301270e+01
   1.6258440e+06   1.8859863e+01
   1.6258870e+06   2.0324707e+01
   1.6259210e+06   5.3039551e+01
   1.6259340e+06   4.9255371e+01
   1.6259640e+06   2.3010254e+01
   1.6259760e+06   2.0446777e+01
   1.6259910e+06   4.4982910e+01
   1.6260420e+06   5.3405762e+01
   1.6384090e+06   4.6508789e+01
   1.6384400e+06   1.9775391e+01
   1.6384560e+06   3.6193848e+01
   1.6384830e+06   5.3710938e+01
   1.6385010e+06   4.5288086e+01
   1.6385190e+06   5.7373047e+01
   1.6385500e+06   4.8156738e+01
   1.6385690e+06   2.6611328e+01
   1.6385920e+06   4.3640137e+01
   1.6386190e+06   2.0324707e+01
   1.6386470e+06   5.0659180e+01
   1.6476420e+06   1.9165039e+01
   1.6502320e+06   5.6762695e+01
   1.6502530e+06   5.1086426e+01
   1.6503040e+06   1.9042969e+01
   1.6503430e+06   2.1057129e+01
   1.6536430e+06   2.8320312e+01
   1.6536900e+06   4.8095703e+01
   1.6537100e+06   4.6813965e+01
   1.6537540e+06   3.5827637e+01
   1.6537650e+06   2.9968262e+01
   1.6538260e+06   1.8554688e+01
   1.6576010e+06   2.7648926e+01
   1.6576210e+06   4.5227051e+01
   1.6576570e+06   5.2124023e+01
   1.6576750e+06   4.6447754e+01
   1.6577100e+06   6.4331055e+01
   1.6577200e+06   3.6254883e+01
   1.6577490e+06   2.6794434e+01
   1.6577760e+06   4.5959473e+01
   1.6578120e+06   1.8554688e+01
   1.6578270e+06   4.6813965e+01
   1.6578730e+06   4.8828125e+01
   1.6579100e+06   1.9958496e+01
   1.6579450e+06   2.3681641e+01
   1.6650250e+06   1.8432617e+01
   1.6696120e+06   6.9335938e+01
   1.6696240e+06   5.6335449e+01
   1.6696550e+06   4.5104980e+01
   1.6696830e+06   2.7343750e+01
   1.6696930e+06   3.4484863e+01
   1.6697290e+06   3.9978027e+01
   1.6697600e+06   2.1301270e+01
   1.6697890e+06   2.3681641e+01
   1.6698170e+06   1.9287109e+01
   1.6698910e+06   2.1728516e+01
   1.6699280e+06   1.8737793e+01
   1.6699750e+06   3.3691406e+01
   1.6700500e+06   2.2338867e+01
   1.6700830e+06   2.9846191e+01
   1.6701570e+06   2.0751953e+01
   1.6702000e+06   1.8432617e+01
   1.6703570e+06   1.8554688e+01
   1.6754130e+06   2.9541016e+01
   1.6775670e+06   1.9958496e+01
   1.6787900e+06   2.5512695e+01
   1.6788040e+06   4.4067383e+01
   1.6788230e+06   3.7536621e+01
   1.6804120e+06   2.0568848e+01
   1.6804750e+06   2.6123047e+01
   1.6846600e+06   2.7465820e+01
   1.6846750e+06   4.9987793e+01
   1.6846850e+06   5.3771973e+01
   1.6847270e+06   3.7109375e+01
   1.6847480e+06   1.9348145e+01
   1.6847820e+06   1.8310547e+01
   1.6848000e+06   6.5185547e+01
   1.6848220e+06   2.4475098e+01
   1.6848510e+06   4.2907715e+01
   1.6848660e+06   2.5146484e+01
   1.6877370e+06   2.3437500e+01
   1.6893630e+06   6.4025879e+01
   1.6894240e+06   6.9396973e+01
   1.6894750e+06   4.7790527e+01
   1.6895230e+06   5.2368164e+01
   1.6895590e+06   3.1921387e+01
   1.6895690e+06   1.8371582e+01
   1.6896000e+06   2.3132324e+01
   1.6896460e+06   2.0446777e+01
   1.6899140e+06   1.9165039e+01
   1.6941700e+06   2.1118164e+01
   1.6956010e+06   2.5512695e+01
   1.6956670e+06   3.9978027e+01
   1.6956910e+06   4.5776367e+01
   1.6957360e+06   2.0019531e+01
   1.6975240e+06   1.8493652e+01
   1.6975520e+06   4.5043945e+01
   1.6975770e+06   5.4565430e+01
   1.6975880e+06   1.9470215e+01
   1.6976190e+06   2.5512695e+01
   1.6976570e+06   3.7597656e+01
   1.6977360e+06   2.0019531e+01
   1.7000560e+06   2.3132324e+01
   1.7000970e+06   4.1748047e+01
   1.7001090e+06   5.2001953e+01
   1.7001640e+06   2.1057129e+01
   1.7001750e+06   3.7048340e+01
   1.7001950e+06   3.9672852e+01
   1.7002420e+06   1.8432617e+01
   1.7002600e+06   3.2897949e+01
   1.7034530e+06   2.9785156e+01
   1.7034740e+06   4.3212891e+01
   1.7034860e+06   4.4921875e+01
   1.7035160e+06   2.2705078e+01
   1.7035370e+06   4.3884277e+01
   1.7035470e+06   2.9785156e+01
   1.7035860e+06   2.2949219e+01
   1.7036050e+06   3.0578613e+01
   1.7036370e+06   1.8371582e+01
   1.7036600e+06   2.4658203e+01
   1.7036930e+06   2.6062012e+01
   1.7038270e+06   1.9836426e+01
   1.7039440e+06   2.3742676e+01
   1.7079790e+06   2.5451660e+01
   1.7090260e+06   2.3132324e+01
   1.7091840e+06   4.4250488e+01
   1.7092640e+06   2.7404785e+01
   1.7116730e+06   2.6367188e+01
   1.7117030e+06   5.9936523e+01
   1.7117190e+06   4.5104980e+01
   1.7117290e+06   2.0385742e+01
   1.7117500e+06   2.8564453e+01
   1.7117810e+06   6.6894531e+01
   1.7117940e+06   1.9958496e+01
   1.7118350e+06   3.1921387e+01
   1.7118540e+06   3.3020020e+01
   1.7118720e+06   2.1179199e+01
   1.7118890e+06   1.8981934e+01
   1.7119030e+06   2.1484375e+01
   1.7119320e+06   2.2705078e+01
   1.7119500e+06   3.3386230e+01
   1.7159960e+06   5.5603027e+01
   1.7160470e+06   1.8432617e+01
   1.7161640e+06   2.3010254e+01
   1.7161810e+06   4.7851562e+01
   1.7161970e+06   3.5217285e+01
   1.7188870e+06   2.3498535e+01
   1.7189240e+06   7.2204590e+01
   1.7189500e+06   2.3254395e+01
   1.7189770e+06   4.4921875e+01
   1.7189900e+06   2.2705078e+01
   1.7190180e+06   3.1372070e+01
   1.7190310e+06   2.7160645e+01
   1.7190510e+06   1.8676758e+01
   1.7190720e+06   2.0141602e+01
   1.7191020e+06   1.9836426e+01
   1.7191330e+06   1.8310547e+01
   1.7192320e+06   2.0263672e+01
   1.7239170e+06   7.1899414e+01
   1.7240620e+06   2.1850586e+01
   1.7267050e+06   2.4841309e+01
   1.7267230e+06   1.8737793e+01
   1.7267420e+06   4.9865723e+01
   1.7267710e+06   2.7770996e+01
   1.7267920e+06   3.3508301e+01
   1.7268340e+06   3.4179688e+01
   1.7268610e+06   1.8554688e+01
   1.7268730e+06   2.3498535e+01
   1.7269300e+06   2.6184082e+01
   1.7269660e+06   2.6550293e+01
   1.7271960e+06   2.7648926e+01
   1.7272860e+06   2.0263672e+01
   1.7313630e+06   3.1616211e+01
   1.7313980e+06   4.4860840e+01
   1.7316560e+06   1.9470215e+01
   1.7341340e+06   2.4475098e+01
   1.7341690e+06   4.8828125e+01
   1.7341870e+06   4.0710449e+01
   1.7342190e+06   2.2583008e+01
   1.7342350e+06   3.5339355e+01
   1.7342570e+06   3.3142090e+01
   1.7342860e+06   3.6804199e+01
   1.7343090e+06   2.4963379e+01
   1.7343390e+06   2.2338867e+01
   1.7343540e+06   2.1179199e+01
   1.7343840e+06   2.1301270e+01
   1.7343940e+06   2.4841309e+01
   1.7344430e+06   2.0324707e+01
   1.7344760e+06   1.8371582e+01
   1.7346020e+06   1.8981934e+01
   1.7389170e+06   2.2766113e+01
   1.7389540e+06   4.9682617e+01
   1.7389890e+06   3.9611816e+01
   1.7390260e+06   3.6987305e+01
   1.7390580e+06   2.1362305e+01
   1.7391020e+06   3.7658691e+01
   1.7391230e+06   2.1728516e+01
   1.7391430e+06   2.2827148e+01
   1.7391930e+06   1.9165039e+01
   1.7392240e+06   4.2663574e+01
   1.7428080e+06   2.2888184e+01
   1.7428300e+06   3.9916992e+01
   1.7428500e+06   3.7658691e+01
   1.7429030e+06   3.6926270e+01
   1.7429220e+06   2.3376465e+01
   1.7429580e+06   3.2287598e+01
   1.7429810e+06   2.4536133e+01
   1.7430140e+06   2.2399902e+01
   1.7430880e+06   2.3376465e+01
   1.7468240e+06   1.9104004e+01
   1.7468810e+06   3.9367676e+01
   1.7469450e+06   3.2043457e+01
   1.7498640e+06   1.8676758e+01
   1.7499550e+06   4.0039062e+01
   1.7499730e+06   3.6437988e+01
   1.7500150e+06   3.2531738e+01
   1.7500270e+06   2.6428223e+01
   1.7500510e+06   2.2338867e+01
   1.7500680e+06   4.3457031e+01
   1.7500960e+06   2.0446777e+01
   1.7501270e+06   1.9226074e+01
   1.7502250e+06   1.9531250e+01
   1.7505800e+06   2.1667480e+01
   1.7543330e+06   4.0527344e+01
   1.7544080e+06   3.7292480e+01
   1.7544730e+06   3.8024902e+01
   1.7545180e+06   1.8981934e+01
   1.7545310e+06   2.9968262e+01
   1.7545630e+06   2.9296875e+01
   1.7585380e+06   2.7648926e+01
   1.7585590e+06   4.3579102e+01
   1.7585770e+06   3.7902832e+01
   1.7586090e+06   3.2409668e+01
   1.7586290e+06   3.5034180e+01
   1.7586510e+06   2.1301270e+01
   1.7586790e+06   2.1850586e+01
   1.7587020e+06   2.9602051e+01
   1.7587130e+06   1.8981934e+01
   1.7587500e+06   2.2216797e+01
   1.7587690e+06   1.8615723e+01
   1.7590890e+06   1.9287109e+01
   1.7591550e+06   2.7282715e+01
   1.7629610e+06   2.3010254e+01
   1.7630070e+06   3.8513184e+01
   1.7630260e+06   3.4973145e+01
   1.7665740e+06   2.3010254e+01
   1.7666000e+06   1.8432617e+01
   1.7666130e+06   4.8767090e+01
   1.7666520e+06   2.8747559e+01
   1.7666900e+06   3.6193848e+01
   1.7667530e+06   1.8493652e+01
   1.7669630e+06   1.9042969e+01
   1.7671790e+06   2.2338867e+01
   1.7713790e+06   1.8615723e+01
   1.7714090e+06   4.9133301e+01
   1.7714490e+06   3.1005859e+01
   1.7714590e+06   3.2775879e+01
   1.7714920e+06   2.2155762e+01
   1.7715350e+06   1.8798828e+01
   1.7764830e+06   1.9775391e+01
   1.7765240e+06   3.9855957e+01
   1.7765420e+06   2.0080566e+01
   1.7765650e+06   2.0874023e+01
   1.7765990e+06   3.6132812e+01
   1.7766290e+06   1.9348145e+01
   1.7766430e+06   2.1850586e+01
   1.7766980e+06   1.8554688e+01
   1.7819030e+06   2.2094727e+01
   1.7819240e+06   3.9733887e+01
   1.7819610e+06   2.7770996e+01
   1.7819730e+06   2.3315430e+01
   1.7820080e+06   2.4902344e+01
   1.7820210e+06   1.8798828e+01
   1.7820620e+06   1.9348145e+01
   1.7823790e+06   2.3193359e+01
   1.7872050e+06   1.8920898e+01
   1.7880500e+06   2.0751953e+01
   1.7880970e+06   4.4799805e+01
   1.7881400e+06   3.7841797e+01
   1.7881680e+06   3.7292480e+01
   1.7882040e+06   2.1606445e+01
   1.7882290e+06   3.0517578e+01
   1.7882480e+06   2.2033691e+01
   1.7882730e+06   2.2033691e+01
   1.7882880e+06   2.4291992e+01
   1.7883220e+06   2.8076172e+01
   1.7883430e+06   1.9958496e+01
   1.7886790e+06   1.8493652e+01
   1.7931850e+06   1.8920898e+01
   1.7931960e+06   2.0874023e+01
   1.7932120e+06   4.9194336e+01
   1.7932520e+06   3.2165527e+01
   1.7932700e+06   2.8076172e+01
   1.7933100e+06   2.0507812e+01
   1.7933470e+06   1.8676758e+01
   1.7933600e+06   2.4047852e+01
   1.7981090e+06   1.8981934e+01
   1.7981390e+06   4.6997070e+01
   1.7981860e+06   3.3935547e+01
   1.7982280e+06   2.3925781e+01
   1.7982400e+06   1.8615723e+01
   1.7982720e+06   2.0629883e+01
   1.7983010e+06   1.8371582e+01
   1.7985390e+06   2.2338867e+01
   1.8048470e+06   2.1179199e+01
   1.8049240e+06   2.2460938e+01
   1.8049550e+06   2.1240234e+01
   1.8049710e+06   2.8808594e+01
   1.8049940e+06   2.5451660e+01
   1.8050070e+06   2.3193359e+01
   1.8050350e+06   2.2521973e+01
   1.8050530e+06   3.0395508e+01
   1.8052290e+06   2.1972656e+01
   1.8052540e+06   1.8615723e+01
   1.8053380e+06   1.8554688e+01
   1.8108540e+06   2.5024414e+01
   1.8108730e+06   4.0588379e+01
   1.8109130e+06   4.0344238e+01
   1.8109260e+06   2.0507812e+01
   1.8109430e+06   2.1728516e+01
   1.8109750e+06   2.0751953e+01
   1.8162480e+06   2.0446777e+01
   1.8162680e+06   4.9621582e+01
   1.8163000e+06   2.0141602e+01
   1.8163160e+06   4.1015625e+01
   1.8163430e+06   2.1118164e+01
   1.8163770e+06   2.5939941e+01
   1.8164150e+06   2.3010254e+01
   1.8167620e+06   2.0874023e+01
   1.8234620e+06   1.8554688e+01
   1.8247150e+06   4.6325684e+01
   1.8247490e+06   4.0222168e+01
   1.8247630e+06   3.2836914e+01
   1.8247940e+06   2.5878906e+01
   1.8248050e+06   1.8920898e+01
   1.8248320e+06   2.0507812e+01
   1.8248580e+06   2.2094727e+01
   1.8248930e+06   2.1423340e+01
   1.8249850e+06   1.8920898e+01
   1.8294480e+06   4.3029785e+01
   1.8294660e+06   3.6804199e+01
   1.8295280e+06   2.4597168e+01
   1.8295440e+06   2.3803711e+01
   1.8295990e+06   1.8920898e+01
   1.8373950e+06   2.4291992e+01
   1.8374370e+06   3.6926270e+01
   1.8374480e+06   4.8461914e+01
   1.8374800e+06   3.3447266e+01
   1.8374970e+06   3.0273438e+01
   1.8375260e+06   3.3020020e+01
   1.8375510e+06   2.4902344e+01
   1.8375740e+06   2.2460938e+01
   1.8376000e+06   2.3498535e+01
   1.8376310e+06   1.9836426e+01
   1.8376660e+06   1.8859863e+01
   1.8378060e+06   1.9592285e+01
   1.8379480e+06   2.0202637e+01
   1.8380230e+06   2.4230957e+01
   1.8462700e+06   2.5939941e+01
   1.8463120e+06   4.9621582e+01
   1.8463320e+06   3.5034180e+01
   1.8463560e+06   3.6560059e+01
   1.8463780e+06   3.0883789e+01
   1.8464090e+06   4.2907715e+01
   1.8464400e+06   1.8310547e+01
   1.8464700e+06   2.7526855e+01
   1.8464810e+06   1.9958496e+01
   1.8465570e+06   1.8615723e+01
   1.8467810e+06   1.8310547e+01
   1.8554460e+06   2.3193359e+01
   1.8554640e+06   9.0026855e+01
   1.8554950e+06   2.9602051e+01
   1.8555070e+06   3.3203125e+01
   1.8555430e+06   1.9958496e+01
   1.8555720e+06   2.1545410e+01
   1.8555980e+06   1.8737793e+01
   1.8556320e+06   2.0751953e+01
   1.8559410e+06   2.8869629e+01
   1.8729460e+06   3.0395508e+01
   1.8729640e+06   5.5297852e+01
   1.8729770e+06   3.4301758e+01
   1.8729880e+06   2.7343750e+01
   1.8730190e+06   3.3813477e+01
   1.8730570e+06   2.2583008e+01
   1.8731090e+06   2.2460938e+01
   1.8732190e+06   2.2033691e+01
   1.8732880e+06   1.8920898e+01
   1.8733340e+06   2.1179199e+01
   1.8733830e+06   1.8981934e+01
   1.8735130e+06   2.0507812e+01
   1.8741310e+06   1.9165039e+01
   1.8744000e+06   1.8493652e+01
   1.8752990e+06   2.0812988e+01
   1.9380910e+06   1.9348145e+01
   1.9427170e+06   1.8432617e+01
   1.9541000e+06   1.9104004e+01
   1.9557950e+06   3.1921387e+01
   1.9558080e+06   5.2551270e+01
   1.9559820e+06   2.0446777e+01
   1.9560800e+06   2.8686523e+01
   2.0040910e+06   1.8676758e+01
   2.0248530e+06   1.8737793e+01
   2.0915690e+06   2.9907227e+01
   2.0916190e+06   5.4931641e+01
   2.0917650e+06   4.1870117e+01
   2.1198880e+06   1.9165039e+01
   2.1469470e+06   2.1362305e+01
   2.1722940e+06   1.8371582e+01
   2.1724030e+06   2.0751953e+01
   2.1746080e+06   4.0100098e+01
   2.1746710e+06   1.8554688e+01
   2.1747210e+06   5.3283691e+01
   2.1928930e+06   2.0202637e+01
   2.1933400e+06   1.8981934e+01
   2.1934360e+06   2.3193359e+01
   2.1944810e+06   1.8981934e+01
   2.2291280e+06   1.8432617e+01
   2.2345880e+06   2.8381348e+01
   2.2346130e+06   5.1147461e+01
   2.2346380e+06   2.4597168e+01
   2.2346760e+06   4.4128418e+01
   2.2346930e+06   1.8554688e+01
   2.2570580e+06   1.9348145e+01
   2.2575110e+06   2.1667480e+01
   2.2575750e+06   1.9836426e+01
   2.2577090e+06   1.8310547e+01
   2.2947080e+06   1.8676758e+01
   2.2948140e+06   1.8859863e+01
   2.2966020e+06   1.8920898e+01
   2.3254980e+06   1.8920898e+01
   2.3255460e+06   1.8371582e+01
   2.3256390e+06   2.3864746e+01
   2.3265220e+06   1.8493652e+01
   2.3298230e+06   2.4902344e+01
   2.3301900e+06   3.0212402e+01
   2.3302200e+06   4.8461914e+01
   2.3302770e+06   3.9916992e+01
   2.3526770e+06   1.9531250e+01
   2.3528050e+06   1.8615723e+01
   2.3536750e+06   1.8981934e+01
   2.3579650e+06   1.9165039e+01
   2.3580900e+06   1.8554688e+01
   2.3587570e+06   1.9287109e+01
   2.3769470e+06   2.0080566e+01
   2.3772260e+06   1.9958496e+01
   2.3773690e+06   2.0507812e+01
   2.3774980e+06   2.2277832e+01
   2.3777660e+06   2.0080566e+01
   2.3893760e+06   2.0812988e+01
   2.3896680e+06   1.8676758e+01
   2.3896950e+06   1.9592285e+01
   2.3922580e+06   2.0690918e+01
   2.4025180e+06   2.0935059e+01
   2.4026980e+06   2.0263672e+01
   2.4027700e+06   1.9653320e+01
   2.4149710e+06   1.8920898e+01
   2.4153510e+06   2.0385742e+01
   2.4180480e+06   1.8493652e+01
   2.4263000e+06   1.8798828e+01
   2.4264820e+06   1.9165039e+01
   2.4274150e+06   1.8859863e+01
   2.4357500e+06   2.2583008e+01
   2.4362390e+06   2.0080566e+01
   2.4367660e+06   2.2155762e+01
   2.4434920e+06   2.0324707e+01
   2.4438670e+06   1.8981934e+01
   2.4531130e+06   2.3742676e+01
   2.4533020e+06   2.1972656e+01
   2.4535770e+06   2.1667480e+01
   2.4609560e+06   1.9287109e+01
   2.4612440e+06   1.9592285e+01
   2.4693680e+06   2.3498535e+01
   2.4696760e+06   2.2888184e+01
   2.4700080e+06   2.0812988e+01
   2.4785640e+06   1.9042969e+01
   2.4790640e+06   2.0996094e+01
   2.4884840e+06   2.7893066e+01
   2.4886290e+06   1.8493652e+01
   2.4889360e+06   1.9653320e+01
   2.4889600e+06   1.9287109e+01
   2.4995850e+06   2.3376465e+01
   2.4998530e+06   2.0019531e+01
   2.5009930e+06   2.2033691e+01
   2.5092520e+06   1.8798828e+01
   2.5095650e+06   2.1850586e+01
   2.5098830e+06   2.0690918e+01
   2.5179780e+06   1.8371582e+01
   2.5180950e+06   1.9348145e+01
   2.5181730e+06   2.1728516e+01
   2.5310680e+06   1.8859863e+01
   2.5312810e+06   1.8920898e+01
   2.5314120e+06   2.3010254e+01
   2.5315730e+06   1.8920898e+01
   2.5326480e+06   1.8676758e+01
   2.5343850e+06   1.8798828e+01
   2.5464200e+06   1.9104004e+01
   2.5467270e+06   1.9165039e+01
   2.5468450e+06   1.9226074e+01
   2.5473420e+06   2.0751953e+01
   2.5632500e+06   1.8737793e+01
   2.5633670e+06   2.0263672e+01
   2.5635100e+06   1.9470215e+01
   2.5636280e+06   2.0141602e+01
   2.5637330e+06   2.2460938e+01
   2.5638200e+06   1.9042969e+01
   2.5641550e+06   1.9531250e+01
   2.5644290e+06   2.0935059e+01
   2.5645650e+06   1.8432617e+01
   2.6062340e+06   2.0690918e+01
   2.6062660e+06   2.1484375e+01
   2.6063220e+06   1.8493652e+01
   2.6064910e+06   1.8310547e+01
   2.6069510e+06   1.8798828e+01
   2.6070880e+06   2.0080566e+01
   2.6071380e+06   1.9409180e+01
   2.6093980e+06   1.9165039e+01
   2.6391800e+06   1.9287109e+01
   2.6394250e+06   2.0324707e+01
   2.6396780e+06   2.0751953e+01
   2.6397790e+06   2.0385742e+01
   2.6402780e+06   1.8981934e+01
   2.6403450e+06   2.1911621e+01
   2.6405150e+06   2.1606445e+01
   2.6406740e+06   2.0751953e+01
   2.6919230e+06   2.4963379e+01
   2.7468930e+06   1.9226074e+01
   2.7470570e+06   1.9042969e+01
   2.7471040e+06   1.9409180e+01
   2.7924760e+06   1.9165039e+01
   2.8240710e+06   5.4260254e+01
   2.8588630e+06   5.6884766e+01
   2.8589040e+06   4.8583984e+01
   2.8594740e+06   4.3884277e+01
   2.8595280e+06   3.7414551e+01
   2.8595890e+06   3.2043457e+01
   2.8596010e+06   3.3813477e+01
   2.8791430e+06   1.8432617e+01
   2.9058220e+06   5.1452637e+01
   2.9058740e+06   4.5471191e+01
   2.9065400e+06   5.2246094e+01
   2.9066560e+06   4.0039062e+01
   2.9072130e+06   5.1879883e+01
   2.9077630e+06   2.6367188e+01
   2.9385260e+06   1.8371582e+01
   2.9388610e+06   5.0903320e+01
   2.9402650e+06   4.9499512e+01
   2.9403260e+06   4.0344238e+01
   2.9404290e+06   4.6997070e+01
   2.9408570e+06   5.0842285e+01
   2.9873680e+06   4.7668457e+01
   2.9874330e+06   4.8583984e+01
   2.9874750e+06   3.7170410e+01
   2.9875240e+06   4.2602539e+01
   2.9875970e+06   3.4851074e+01
   2.9880250e+06   1.8432617e+01
   2.9881580e+06   4.3701172e+01
   2.9901300e+06   5.0354004e+01
   2.9901580e+06   1.8432617e+01
   2.9901810e+06   3.6804199e+01
   3.0127950e+06   5.7556152e+01
   3.0131300e+06   5.0292969e+01
   3.0292680e+06   1.8554688e+01
   3.0296960e+06   5.5908203e+01
   3.0299540e+06   4.5227051e+01
   3.0300870e+06   4.2846680e+01
   3.0301550e+06   3.8513184e+01
   3.0302730e+06   2.5024414e+01
   3.0303220e+06   2.1423340e+01
   3.0400060e+06   4.3701172e+01
   3.0407100e+06   3.2775879e+01
   3.0472190e+06   5.8471680e+01
   3.0472720e+06   4.9743652e+01
   3.0473220e+06   4.6447754e+01
   3.0520710e+06   4.4982910e+01
   3.0521700e+06   4.6875000e+01
   3.0522110e+06   3.5827637e+01
   3.0606380e+06   5.0231934e+01
   3.0619580e+06   5.1635742e+01
   3.0620260e+06   4.4982910e+01
   3.0678060e+06   3.0822754e+01
   3.0703370e+06   4.0222168e+01
   3.0759600e+06   1.8737793e+01
   3.0760580e+06   4.2846680e+01
   3.0761560e+06   5.1330566e+01
   3.0876280e+06   4.1870117e+01
   3.0896430e+06   3.2104492e+01
   3.0896670e+06   5.8227539e+01
   3.0897110e+06   2.3376465e+01
   3.0947380e+06   3.7109375e+01
   3.1086540e+06   3.5522461e+01
   3.1086910e+06   2.3620605e+01
   3.1087920e+06   5.0720215e+01
   3.1180140e+06   5.3649902e+01
   3.1181590e+06   3.5583496e+01
   3.1182560e+06   3.4667969e+01
   3.1329640e+06   2.6855469e+01
   3.1329990e+06   2.5146484e+01
   3.1330610e+06   5.0720215e+01
   3.1433790e+06   4.8461914e+01
   3.1444540e+06   5.3405762e+01
   3.1508070e+06   5.6396484e+01
   3.1508700e+06   4.5288086e+01
   3.1509400e+06   4.0039062e+01
   3.1510570e+06   5.0537109e+01
   3.1511060e+06   3.4057617e+01
   3.1511850e+06   4.2297363e+01
   3.1633610e+06   4.7790527e+01
   3.1636360e+06   5.0903320e+01
   3.1636910e+06   3.5278320e+01
   3.1637570e+06   4.6081543e+01
   3.1637790e+06   3.4057617e+01
   3.1670450e+06   2.9785156e+01
   3.1671190e+06   5.5297852e+01
   3.1671550e+06   2.6245117e+01
   3.1810490e+06   4.5959473e+01
   3.1824410e+06   4.7912598e+01
   3.1859840e+06   1.8554688e+01
   3.1958320e+06   4.2907715e+01
   3.1958790e+06   4.6020508e+01
   3.1993040e+06   5.2673340e+01
   3.1993340e+06   2.6428223e+01
   3.1993910e+06   2.8259277e+01
   3.1994070e+06   4.3579102e+01
   3.2095820e+06   2.3376465e+01
   3.2140660e+06   3.9733887e+01
   3.2141570e+06   5.0903320e+01
   3.2142080e+06   3.5095215e+01
   3.2224020e+06   4.0832520e+01
   3.2226090e+06   3.3630371e+01
   3.2395910e+06   4.9804688e+01
   3.2398300e+06   2.3437500e+01
   3.2407130e+06   4.7424316e+01
   3.2408240e+06   3.5827637e+01
   3.2506560e+06   4.6508789e+01
   3.2524400e+06   2.4353027e+01
   3.2524500e+06   3.2287598e+01
   3.2524710e+06   4.7119141e+01
   3.2524840e+06   3.2470703e+01
   3.2525000e+06   3.6376953e+01
   3.2628680e+06   5.1818848e+01
   3.2629990e+06   3.6987305e+01
   3.2635710e+06   1.9897461e+01
   3.2636320e+06   3.6437988e+01
   3.2636500e+06   3.9672852e+01
   3.2637290e+06   2.8442383e+01
   3.2637470e+06   4.0283203e+01
   3.2682230e+06   3.5278320e+01
   3.2683440e+06   2.4658203e+01
   3.2683620e+06   4.9255371e+01
   3.2793090e+06   4.7546387e+01
   3.2925950e+06   4.7851562e+01
   3.2932840e+06   3.7109375e+01
   3.2933080e+06   2.9296875e+01
   3.2993080e+06   3.8330078e+01
   3.3009860e+06   3.5400391e+01
   3.3010190e+06   2.6489258e+01
   3.3010520e+06   2.1545410e+01
   3.3010720e+06   5.2917480e+01
   3.3132670e+06   3.4057617e+01
   3.3164630e+06   2.7648926e+01
   3.3188440e+06   5.6030273e+01
   3.3188930e+06   4.3334961e+01
   3.3189370e+06   3.6193848e+01
   3.3191080e+06   4.4616699e+01
   3.3191480e+06   3.4240723e+01
   3.3192200e+06   4.2053223e+01
   3.3192610e+06   1.9897461e+01
   3.3282140e+06   5.2246094e+01
   3.3317050e+06   1.8493652e+01
   3.3320530e+06   2.9174805e+01
   3.3455050e+06   5.0292969e+01
   3.3455550e+06   4.3212891e+01
   3.3456100e+06   4.0710449e+01
   3.3457840e+06   2.1728516e+01
   3.3539770e+06   1.9653320e+01
   3.3562310e+06   2.7221680e+01
   3.3562850e+06   3.2226562e+01
   3.3562970e+06   4.5776367e+01
   3.3563700e+06   4.3212891e+01
   3.3733570e+06   3.1494141e+01
   3.3734100e+06   5.7067871e+01
   3.3734560e+06   2.4353027e+01
   3.3759810e+06   3.8024902e+01
   3.3761230e+06   2.7709961e+01
   3.3892860e+06   5.4016113e+01
   3.3893570e+06   5.0964355e+01
   3.3976540e+06   2.3376465e+01
   3.3985310e+06   4.5959473e+01
   3.4080380e+06   4.5715332e+01
   3.4080730e+06   4.4311523e+01
   3.4081430e+06   3.9123535e+01
   3.4082420e+06   2.8137207e+01
   3.4083000e+06   5.0720215e+01
   3.4152280e+06   4.7119141e+01
   3.4153680e+06   5.9936523e+01
   3.4246640e+06   4.6020508e+01
   3.4325930e+06   1.8676758e+01
   3.4419530e+06   5.0781250e+01
   3.4544540e+06   4.6081543e+01
   3.4545340e+06   3.0456543e+01
   3.4550900e+06   2.5390625e+01
   3.4668600e+06   4.6813965e+01
   3.4711540e+06   5.2673340e+01
   3.4711990e+06   4.4616699e+01
   3.4712370e+06   3.8940430e+01
   3.4714630e+06   5.1818848e+01
   3.4715620e+06   4.2541504e+01
   3.4716080e+06   3.5461426e+01
   3.4717270e+06   2.1911621e+01
   3.4837940e+06   3.6193848e+01
   3.4839350e+06   2.3681641e+01
   3.4840230e+06   3.9367676e+01
   3.4841520e+06   5.1635742e+01
   3.4891160e+06   1.9531250e+01
   3.4903530e+06   5.5786133e+01
   3.4905150e+06   5.5908203e+01
   3.4906740e+06   4.4860840e+01
   3.4906890e+06   2.1179199e+01
   3.4907340e+06   4.6691895e+01
   3.4987740e+06   5.0842285e+01
   3.5152010e+06   4.0771484e+01
   3.5275770e+06   2.3498535e+01
   3.5276030e+06   4.1137695e+01
   3.5277170e+06   4.3884277e+01
   3.5280020e+06   4.5166016e+01
   3.5280170e+06   2.8442383e+01
   3.5374370e+06   2.5573730e+01
   3.5415780e+06   5.8715820e+01
   3.5504220e+06   5.6945801e+01
   3.5612270e+06   2.7587891e+01
   3.5612740e+06   5.6518555e+01
   3.5754080e+06   4.2419434e+01
   3.5755120e+06   2.6123047e+01
   3.5761880e+06   6.0485840e+01
   3.5861710e+06   5.2856445e+01
   3.5862270e+06   5.4565430e+01
   3.5863130e+06   5.2307129e+01
   3.5868300e+06   1.8554688e+01
   3.5969000e+06   4.4738770e+01
   3.5999430e+06   5.3894043e+01
   3.5999880e+06   4.7668457e+01
   3.6143390e+06   4.5410156e+01
   3.6143670e+06   2.2827148e+01
   3.6144030e+06   4.4921875e+01
   3.6144310e+06   2.7160645e+01
   3.6144600e+06   3.9855957e+01
   3.6144730e+06   2.6855469e+01
   3.6660270e+06   5.1757812e+01
   3.6660400e+06   2.9052734e+01
   3.6661460e+06   5.3894043e+01
   3.6661920e+06   2.0080566e+01
   3.6662050e+06   3.7353516e+01
   3.6688910e+06   5.6823730e+01
   3.7017930e+06   5.7556152e+01
   3.7018880e+06   4.2785645e+01
   3.7019050e+06   6.0974121e+01
   3.7227370e+06   1.8676758e+01
   3.7293350e+06   2.1179199e+01
   3.7293830e+06   1.8981934e+01
   3.7423160e+06   2.6855469e+01
   3.7423530e+06   2.2094727e+01
   3.7423870e+06   1.8920898e+01
   3.7425090e+06   3.4729004e+01
   3.7514720e+06   1.8310547e+01
   3.7514970e+06   6.1218262e+01
   3.7574260e+06   1.8493652e+01
   3.7723910e+06   4.0832520e+01
   3.7724410e+06   4.1809082e+01
   3.7724810e+06   3.3142090e+01
   3.7725450e+06   3.5522461e+01
   3.7732090e+06   1.9592285e+01
   3.7759250e+06   1.9104004e+01
   3.7781140e+06   4.6386719e+01
   3.7781940e+06   4.4616699e+01
   3.7782660e+06   3.3203125e+01
   3.7783730e+06   3.4973145e+01
   3.7784290e+06   2.2094727e+01
   3.7965880e+06   5.4077148e+01
   3.7966250e+06   4.5471191e+01
   3.7966620e+06   3.3325195e+01
   3.7967090e+06   3.5583496e+01
   3.8108190e+06   4.1259766e+01
   3.8155110e+06   1.8676758e+01
   3.8157830e+06   2.5512695e+01
   3.8158490e+06   1.8676758e+01
   3.8278770e+06   2.2155762e+01
   3.8278870e+06   5.3833008e+01
   3.8381500e+06   1.9165039e+01
   3.8391820e+06   5.4687500e+01
   3.8392060e+06   4.7668457e+01
   3.8424740e+06   5.6945801e+01
   3.8425190e+06   4.3701172e+01
   3.8425650e+06   4.2358398e+01
   3.8763260e+06   4.7729492e+01
   3.8763400e+06   3.5827637e+01
   3.8763930e+06   2.1301270e+01
   3.8764030e+06   2.4902344e+01
   3.8863260e+06   5.4809570e+01
   3.8864820e+06   4.0283203e+01
   3.9071970e+06   5.9448242e+01
   3.9072680e+06   1.9165039e+01
   3.9167070e+06   4.0832520e+01
   3.9168980e+06   1.9653320e+01
   3.9170510e+06   2.0812988e+01
   3.9192210e+06   1.9165039e+01
   3.9200300e+06   1.9042969e+01
   3.9201040e+06   1.9409180e+01
   3.9290280e+06   4.7668457e+01
   3.9290740e+06   4.4921875e+01
   3.9291410e+06   5.0415039e+01
   3.9450150e+06   5.4504395e+01
   3.9679200e+06   5.3771973e+01
   3.9679720e+06   1.8371582e+01
   3.9680210e+06   1.8432617e+01
   3.9702370e+06   4.6142578e+01
   3.9834630e+06   1.8493652e+01
   4.0138830e+06   6.6894531e+01
   4.0325710e+06   4.9011230e+01
   4.0326600e+06   2.5573730e+01
   4.0326700e+06   4.6081543e+01
   4.0326840e+06   5.7983398e+01
   4.0449570e+06   2.0385742e+01
   4.0556540e+06   4.6386719e+01
   4.0556690e+06   2.1240234e+01
   4.0595640e+06   2.2644043e+01
   4.0595930e+06   3.9123535e+01
   4.0596110e+06   2.1972656e+01
   4.0596370e+06   2.5024414e+01
   4.0766920e+06   5.8349609e+01
   4.0768070e+06   6.3293457e+01
   4.0967450e+06   2.0874023e+01
   4.0967570e+06   6.3476562e+01
   4.1000370e+06   6.2072754e+01
   4.1000820e+06   1.9104004e+01
   4.1121880e+06   1.8371582e+01
   4.1163520e+06   1.9592285e+01
   4.1174870e+06   1.8310547e+01
   4.1190680e+06   1.9653320e+01
   4.1287490e+06   1.9714355e+01
   4.1690330e+06   1.8859863e+01
   4.1786250e+06   1.8493652e+01
   4.1791890e+06   1.9226074e+01
   4.1879450e+06   3.5644531e+01
   4.1879830e+06   4.8400879e+01
   4.2009490e+06   4.7485352e+01
   4.2065790e+06   1.8554688e+01
   4.2314080e+06   2.4658203e+01
   4.2314230e+06   3.7475586e+01
   4.2314920e+06   2.8747559e+01
   4.2315040e+06   4.4738770e+01
   4.2315290e+06   1.8798828e+01
   4.2316080e+06   5.5358887e+01
   4.2459980e+06   1.8432617e+01
   4.2613220e+06   2.0202637e+01
   4.2744170e+06   6.0424805e+01
   4.2759910e+06   4.6875000e+01
   4.2760280e+06   2.8625488e+01
   4.2760640e+06   5.6274414e+01
   4.2761080e+06   3.2714844e+01
   4.3091930e+06   3.5217285e+01
   4.3092270e+06   5.8776855e+01
   4.3092490e+06   5.3100586e+01
   4.3165420e+06   1.8554688e+01
   4.3293200e+06   1.9531250e+01
   4.3416680e+06   4.5104980e+01
   4.3417300e+06   2.7832031e+01
   4.3417680e+06   5.1086426e+01
   4.3417910e+06   5.7861328e+01
   4.3418120e+06   2.6489258e+01
   4.3418360e+06   4.0588379e+01
   4.3669410e+06   2.3803711e+01
   4.3669800e+06   2.8259277e+01
   4.3670280e+06   1.9042969e+01
   4.3671320e+06   2.2216797e+01
   4.3855530e+06   2.1057129e+01
   4.3878350e+06   2.7099609e+01
   4.3878750e+06   4.7851562e+01
   4.3879110e+06   1.9592285e+01
   4.3879580e+06   3.1555176e+01
   4.3879850e+06   5.4138184e+01
   4.3880260e+06   5.0842285e+01
   4.3880550e+06   4.0283203e+01
   4.3984270e+06   1.8554688e+01
   4.4111720e+06   2.0996094e+01
   4.4208360e+06   3.0578613e+01
   4.4208820e+06   1.9165039e+01
   4.4209050e+06   4.3334961e+01
   4.4209200e+06   2.5939941e+01
   4.4209430e+06   2.4841309e+01
   4.4391250e+06   5.7312012e+01
   4.4392250e+06   3.0639648e+01
   4.4544260e+06   4.9072266e+01
   4.4631320e+06   2.8869629e+01
   4.4632240e+06   6.5246582e+01
   4.4865200e+06   3.8391113e+01
   4.4865780e+06   2.1179199e+01
   4.4868670e+06   1.9653320e+01
   4.5060530e+06   2.0629883e+01
   4.5363930e+06   5.2368164e+01
   4.5364270e+06   3.0517578e+01
   4.5364400e+06   3.7048340e+01
   4.5561430e+06   1.8981934e+01
   4.5642240e+06   3.8269043e+01
   4.5642490e+06   3.1555176e+01
   4.5643930e+06   1.9714355e+01
   4.5718570e+06   1.8615723e+01
   4.5719020e+06   3.8696289e+01
   4.5719400e+06   1.9348145e+01
   4.5959130e+06   2.7282715e+01
   4.5959380e+06   4.6081543e+01
   4.6018270e+06   2.0324707e+01
   4.6321280e+06   4.1625977e+01
   4.6322150e+06   3.9855957e+01
   4.6322370e+06   1.8676758e+01
   4.6323120e+06   1.9409180e+01
   4.6419050e+06   1.8432617e+01
   4.6510980e+06   1.8371582e+01
   4.6587770e+06   6.0852051e+01
   4.6820140e+06   1.8737793e+01
   4.6931390e+06   2.1240234e+01
   4.7021080e+06   1.9714355e+01
   4.7223120e+06   4.4128418e+01
   4.7428970e+06   1.8432617e+01
   4.7665050e+06   2.0019531e+01
   4.8025330e+06   1.8615723e+01
   4.8144010e+06   1.8310547e+01
   4.8336330e+06   2.1057129e+01
   4.8453910e+06   1.9042969e+01
   4.8454830e+06   2.0690918e+01
   4.8665700e+06   2.2521973e+01
   4.8881250e+06   1.8493652e+01
   4.9153180e+06   4.8583984e+01
   4.9153490e+06   1.9653320e+01
   4.9431600e+06   4.2175293e+01
   4.9491450e+06   5.6579590e+01
   4.9505460e+06   5.6945801e+01
   4.9824450e+06   4.5593262e+01
   4.9824810e+06   4.7302246e+01
   4.9825160e+06   3.7292480e+01
   4.9825620e+06   4.5898438e+01
   4.9827080e+06   4.8950195e+01
   4.9859560e+06   5.4138184e+01
   5.0180090e+06   5.3833008e+01
   5.0180840e+06   3.2470703e+01
   5.0180940e+06   5.5664062e+01
   5.0197810e+06   1.8676758e+01
   5.0209280e+06   4.6997070e+01
   5.0209700e+06   4.9072266e+01
   5.0209800e+06   5.0415039e+01
   5.0209950e+06   1.9470215e+01
   5.0425630e+06   1.9958496e+01
   5.0426060e+06   2.7648926e+01
   5.0426240e+06   5.1574707e+01
   5.0426750e+06   4.9621582e+01
   5.0426930e+06   2.1362305e+01
   5.0427670e+06   4.2175293e+01
   5.0428450e+06   2.7038574e+01
   5.0428880e+06   4.8461914e+01
   5.0518470e+06   6.1157227e+01
   5.0518900e+06   4.4677734e+01
   5.0519270e+06   4.1259766e+01
   5.0520280e+06   5.1879883e+01
   5.0541120e+06   4.9987793e+01
   5.0541270e+06   4.2846680e+01
   5.0632910e+06   1.9226074e+01
   5.0653350e+06   4.8767090e+01
   5.0654250e+06   5.2246094e+01
   5.0654420e+06   2.9235840e+01
   5.0747090e+06   3.9611816e+01
   5.0747820e+06   2.8564453e+01
   5.0826480e+06   1.8493652e+01
   5.0878980e+06   1.8310547e+01
   5.0879310e+06   6.3476563e+01
   5.0924820e+06   1.8676758e+01
   5.0924950e+06   3.5156250e+01
   5.0925180e+06   2.5634766e+01
   5.0925610e+06   4.6325684e+01
   5.0925720e+06   4.3762207e+01
   5.1061950e+06   1.9653320e+01
   5.1106790e+06   2.2521973e+01
   5.1107090e+06   5.1818848e+01
   5.1107260e+06   2.7587891e+01
   5.1107720e+06   4.9377441e+01
   5.1107970e+06   6.0974121e+01
   5.1109140e+06   2.1789551e+01
   5.1321290e+06   2.2705078e+01
   5.1321480e+06   4.9804688e+01
   5.1321650e+06   2.8198242e+01
   5.1322220e+06   5.1086426e+01
   5.1325370e+06   1.8798828e+01
   5.1361280e+06   2.0568848e+01
   5.1390980e+06   5.2551270e+01
   5.1513970e+06   5.7800293e+01
   5.1611030e+06   4.6997070e+01
   5.1611530e+06   5.0415039e+01
   5.1615760e+06   2.3315430e+01
   5.1635780e+06   3.2226562e+01
   5.1636030e+06   2.4353027e+01
   5.1636610e+06   2.8198242e+01
   5.1637990e+06   5.6579590e+01
   5.1750720e+06   5.6945801e+01
   5.1909680e+06   1.9470215e+01
   5.2052890e+06   2.0019531e+01
   5.2223750e+06   1.9775391e+01
   5.2223900e+06   1.9409180e+01
   5.2224210e+06   5.6213379e+01
   5.2333160e+06   5.6579590e+01
   5.2422780e+06   5.6518555e+01
   5.2423110e+06   1.8371582e+01
   5.2516240e+06   2.1850586e+01
   5.2516390e+06   2.3559570e+01
   5.2571980e+06   2.2338867e+01
   5.2572140e+06   4.7424316e+01
   5.2572560e+06   1.8859863e+01
   5.2572880e+06   1.9653320e+01
   5.2675260e+06   1.8859863e+01
   5.2773380e+06   2.1057129e+01
   5.2773600e+06   4.0954590e+01
   5.2773960e+06   1.9958496e+01
   5.2870910e+06   2.2644043e+01
   5.2871080e+06   4.4677734e+01
   5.2960430e+06   1.9104004e+01
   5.2961110e+06   5.5908203e+01
   5.2961290e+06   2.2338867e+01
   5.2961530e+06   2.2399902e+01
   5.3064560e+06   4.2785645e+01
   5.3065090e+06   3.6315918e+01
   5.3065200e+06   4.8950195e+01
   5.3065830e+06   4.9194336e+01
   5.3066190e+06   3.2897949e+01
   5.3066350e+06   1.8981934e+01
   5.3067200e+06   2.0690918e+01
   5.3067470e+06   2.2094727e+01
   5.3123270e+06   2.4719238e+01
   5.3123400e+06   1.8310547e+01
   5.3123520e+06   6.1584473e+01
   5.3123720e+06   2.0507813e+01
   5.3124050e+06   5.3344727e+01
   5.3124650e+06   1.8493652e+01
   5.3125100e+06   2.1423340e+01
   5.3239660e+06   4.3823242e+01
   5.3239920e+06   6.0363770e+01
   5.3240140e+06   5.9326172e+01
   5.3240470e+06   4.6997070e+01
   5.3240710e+06   1.9409180e+01
   5.3240980e+06   6.7199707e+01
   5.3241160e+06   3.3142090e+01
   5.3241510e+06   4.2846680e+01
   5.3241620e+06   3.9611816e+01
   5.3241960e+06   1.8920898e+01
   5.3242060e+06   3.6743164e+01
   5.3242780e+06   2.2033691e+01
   5.3323550e+06   1.8737793e+01
   5.3323750e+06   3.9916992e+01
   5.3324220e+06   4.5471191e+01
   5.3324570e+06   3.8452148e+01
   5.3324670e+06   4.3884277e+01
   5.3324830e+06   2.8503418e+01
   5.3325040e+06   1.8310547e+01
   5.3369590e+06   4.3701172e+01
   5.3369770e+06   6.6467285e+01
   5.3370010e+06   4.0161133e+01
   5.3370370e+06   2.8991699e+01
   5.3370520e+06   2.8320312e+01
   5.3370700e+06   1.8615723e+01
   5.3370920e+06   3.0944824e+01
   5.3371190e+06   1.9897461e+01
   5.3371560e+06   2.4230957e+01
   5.3372180e+06   2.0202637e+01
   5.3372520e+06   2.2460938e+01
   5.3372990e+06   3.5949707e+01
   5.3373760e+06   2.6245117e+01
   5.3374550e+06   3.4606934e+01
   5.3376050e+06   2.0507812e+01
   5.3377550e+06   2.0080566e+01
   5.3439270e+06   2.0568848e+01
   5.3441150e+06   2.2644043e+01
   5.3482950e+06   2.1423340e+01
   5.3483230e+06   1.9531250e+01
   5.3483500e+06   5.5541992e+01
   5.3484000e+06   2.1789551e+01
   5.3484600e+06   1.9409180e+01
   5.3508380e+06   2.5268555e+01
   5.3508510e+06   4.7912598e+01
   5.3508910e+06   1.8432617e+01
   5.3509350e+06   5.5114746e+01
   5.3510090e+06   1.8676758e+01
   5.3532990e+06   2.5451660e+01
   5.3533100e+06   5.0720215e+01
   5.3533840e+06   3.2226562e+01
   5.3534000e+06   4.7058105e+01
   5.3534270e+06   3.8513184e+01
   5.3534740e+06   2.4169922e+01
   5.3535070e+06   3.3325195e+01
   5.3566980e+06   1.8920898e+01
   5.3567240e+06   2.3742676e+01
   5.3567460e+06   3.7170410e+01
   5.3567590e+06   4.7546387e+01
   5.3567760e+06   2.1911621e+01
   5.3568060e+06   6.1523438e+01
   5.3568220e+06   2.3986816e+01
   5.3568520e+06   4.1381836e+01
   5.3568810e+06   2.5695801e+01
   5.3569180e+06   2.6245117e+01
   5.3569370e+06   2.1362305e+01
   5.3570350e+06   2.1545410e+01
   5.3571280e+06   2.0019531e+01
   5.3572010e+06   2.1301270e+01
   5.3572250e+06   1.8371582e+01
   5.3572470e+06   2.1667480e+01
   5.3573150e+06   2.8686523e+01
   5.3612620e+06   2.2277832e+01
   5.3655760e+06   2.5634766e+01
   5.3673540e+06   2.3193359e+01
   5.3673750e+06   7.9711914e+01
   5.3674100e+06   2.0935059e+01
   5.3674250e+06   5.6884766e+01
   5.3674570e+06   2.1057129e+01
   5.3674720e+06   4.1687012e+01
   5.3675050e+06   2.0568848e+01
   5.3675150e+06   4.2541504e+01
   5.3675480e+06   2.1118164e+01
   5.3675630e+06   1.9836426e+01
   5.3675960e+06   2.6916504e+01
   5.3676280e+06   2.2155762e+01
   5.3677350e+06   2.5695801e+01
   5.3678460e+06   2.6977539e+01
   5.3712270e+06   2.6184082e+01
   5.3714440e+06   1.9409180e+01
   5.3714560e+06   2.0629883e+01
   5.3723290e+06   1.8798828e+01
   5.3723420e+06   4.7729492e+01
   5.3723560e+06   3.8146973e+01
   5.3724000e+06   1.8432617e+01
   5.3724470e+06   3.7353516e+01
   5.3725030e+06   2.1667480e+01
   5.3755730e+06   1.8554688e+01
   5.3756350e+06   5.5908203e+01
   5.3756620e+06   1.9226074e+01
   5.3756750e+06   5.1269531e+01
   5.3756920e+06   6.0913086e+01
   5.3757260e+06   4.7302246e+01
   5.3757370e+06   4.7424316e+01
   5.3757720e+06   2.4597168e+01
   5.3757860e+06   3.5522461e+01
   5.3758240e+06   4.5532227e+01
   5.3758370e+06   2.0385742e+01
   5.3758750e+06   2.1240234e+01
   5.3760310e+06   2.6245117e+01
   5.3761010e+06   2.2216797e+01
   5.3761880e+06   2.5817871e+01
   5.3806670e+06   2.3498535e+01
   5.3807040e+06   5.4626465e+01
   5.3807240e+06   3.7719727e+01
   5.3807530e+06   2.7770996e+01
   5.3808050e+06   1.9714355e+01
   5.3808160e+06   3.2592773e+01
   5.3808290e+06   3.3569336e+01
   5.3808410e+06   1.9348145e+01
   5.3837690e+06   2.3620605e+01
   5.3838240e+06   5.6274414e+01
   5.3838450e+06   2.2949219e+01
   5.3838770e+06   2.0690918e+01
   5.3838880e+06   4.6264648e+01
   5.3839280e+06   3.0456543e+01
   5.3839490e+06   2.6977539e+01
   5.3839600e+06   2.5634766e+01
   5.3839810e+06   2.8137207e+01
   5.3840060e+06   1.9042969e+01
   5.3840200e+06   2.2521973e+01
   5.3840540e+06   1.9165039e+01
   5.3875410e+06   1.8859863e+01
   5.3879930e+06   1.8981934e+01
   5.3889380e+06   1.8554688e+01
   5.3890980e+06   4.1259766e+01
   5.3913130e+06   2.2888184e+01
   5.3913480e+06   5.1086426e+01
   5.3913640e+06   4.1015625e+01
   5.3914090e+06   3.2592773e+01
   5.3914360e+06   2.9602051e+01
   5.3914620e+06   3.9733887e+01
   5.3914900e+06   3.3325195e+01
   5.3915060e+06   2.5268555e+01
   5.3915380e+06   2.4169922e+01
   5.3915630e+06   2.4841309e+01
   5.3916350e+06   1.9409180e+01
   5.3955200e+06   1.9958496e+01
   5.3957580e+06   4.1320801e+01
   5.3960340e+06   2.8747559e+01
   5.3978380e+06   2.5451660e+01
   5.3978570e+06   7.5927734e+01
   5.3979090e+06   3.5766602e+01
   5.3979200e+06   2.7343750e+01
   5.3979420e+06   2.8991699e+01
   5.3979650e+06   3.2470703e+01
   5.3979770e+06   2.8930664e+01
   5.3980180e+06   2.7221680e+01
   5.3980300e+06   2.5146484e+01
   5.3980710e+06   1.9897461e+01
   5.3981270e+06   2.1728516e+01
   5.4018020e+06   2.5573730e+01
   5.4018380e+06   4.0527344e+01
   5.4018520e+06   4.1992188e+01
   5.4019060e+06   1.9409180e+01
   5.4019170e+06   1.9775391e+01
   5.4019360e+06   4.8645020e+01
   5.4019560e+06   1.8859863e+01
   5.4019800e+06   2.0629883e+01
   5.4020020e+06   3.0944824e+01
   5.4020760e+06   2.0935059e+01
   5.4051050e+06   1.8310547e+01
   5.4051500e+06   1.9714355e+01
   5.4051640e+06   4.8950195e+01
   5.4051880e+06   4.5471191e+01
   5.4052170e+06   3.7353516e+01
   5.4052430e+06   2.1667480e+01
   5.4052540e+06   2.4780273e+01
   5.4052770e+06   2.1301270e+01
   5.4053060e+06   2.0996094e+01
   5.4053240e+06   2.1972656e+01
   5.4054200e+06   1.9042969e+01
   5.4088740e+06   2.0690918e+01
   5.4091250e+06   3.9489746e+01
   5.4091960e+06   1.8310547e+01
   5.4101050e+06   3.5400391e+01
   5.4101500e+06   1.9958496e+01
   5.4127670e+06   2.0568848e+01
   5.4127930e+06   4.9438477e+01
   5.4128410e+06   3.9306641e+01
   5.4128580e+06   3.0334473e+01
   5.4128760e+06   2.6855469e+01
   5.4128960e+06   2.3925781e+01
   5.4129280e+06   2.1667480e+01
   5.4130130e+06   1.8981934e+01
   5.4172100e+06   2.1606445e+01
   5.4172620e+06   4.6936035e+01
   5.4172900e+06   3.8330078e+01
   5.4173180e+06   2.7465820e+01
   5.4173480e+06   2.6428223e+01
   5.4173620e+06   2.0751953e+01
   5.4173940e+06   1.9470215e+01
   5.4174200e+06   2.2583008e+01
   5.4174520e+06   2.2827148e+01
   5.4174660e+06   2.7465820e+01
   5.4175050e+06   1.8432617e+01
   5.4175270e+06   1.8554688e+01
   5.4216510e+06   2.1118164e+01
   5.4217050e+06   4.4128418e+01
   5.4217280e+06   3.2104492e+01
   5.4217590e+06   3.7048340e+01
   5.4217920e+06   2.9479980e+01
   5.4218250e+06   2.6855469e+01
   5.4218690e+06   2.2705078e+01
   5.4218880e+06   2.2583008e+01
   5.4220990e+06   2.1301270e+01
   5.4222490e+06   2.4841309e+01
   5.4257570e+06   2.1179199e+01
   5.4258490e+06   4.4860840e+01
   5.4258890e+06   4.6264648e+01
   5.4259690e+06   3.3935547e+01
   5.4259880e+06   1.8737793e+01
   5.4260130e+06   2.2521973e+01
   5.4294690e+06   2.2888184e+01
   5.4296220e+06   6.0791016e+01
   5.4296630e+06   3.2775879e+01
   5.4296740e+06   2.9235840e+01
   5.4297130e+06   2.6184082e+01
   5.4297440e+06   2.1240234e+01
   5.4297760e+06   1.9653320e+01
   5.4297910e+06   2.0629883e+01
   5.4299240e+06   1.8310547e+01
   5.4300800e+06   1.8737793e+01
   5.4332900e+06   1.9897461e+01
   5.4337950e+06   5.0537109e+01
   5.4338110e+06   4.4128418e+01
   5.4338510e+06   3.4667969e+01
   5.4338650e+06   1.8615723e+01
   5.4338840e+06   2.9418945e+01
   5.4339220e+06   2.6672363e+01
   5.4339450e+06   1.9775391e+01
   5.4340300e+06   2.7709961e+01
   5.4383010e+06   4.6691895e+01
   5.4383270e+06   5.0231934e+01
   5.4383630e+06   3.4484863e+01
   5.4383770e+06   2.6367188e+01
   5.4384130e+06   2.0874023e+01
   5.4384240e+06   1.8981934e+01
   5.4384620e+06   2.7893066e+01
   5.4384800e+06   1.8371582e+01
   5.4385070e+06   2.2583008e+01
   5.4435040e+06   2.8930664e+01
   5.4435510e+06   5.1879883e+01
   5.4435760e+06   2.7343750e+01
   5.4435860e+06   1.9531250e+01
   5.4436100e+06   2.6733398e+01
   5.4436310e+06   2.4780273e+01
   5.4436620e+06   2.1057129e+01
   5.4436920e+06   2.5085449e+01
   5.4439040e+06   2.0324707e+01
   5.4482100e+06   2.3132324e+01
   5.4482270e+06   5.4016113e+01
   5.4482590e+06   3.4057617e+01
   5.4482720e+06   2.4658203e+01
   5.4482930e+06   2.0263672e+01
   5.4483490e+06   2.0874023e+01
   5.4483990e+06   1.9104004e+01
   5.4484400e+06   2.0446777e+01
   5.4525910e+06   2.1118164e+01
   5.4526290e+06   4.7180176e+01
   5.4526390e+06   4.9194336e+01
   5.4526790e+06   3.7414551e+01
   5.4527090e+06   1.9409180e+01
   5.4527250e+06   2.6123047e+01
   5.4527680e+06   1.9287109e+01
   5.4528660e+06   2.2155762e+01
   5.4574450e+06   4.4433594e+01
   5.4574900e+06   2.8137207e+01
   5.4575190e+06   3.6926270e+01
   5.4575490e+06   2.0629883e+01
   5.4575750e+06   3.2409668e+01
   5.4576000e+06   2.3620605e+01
   5.4576280e+06   2.4902344e+01
   5.4576550e+06   2.0996094e+01
   5.4576930e+06   1.9042969e+01
   5.4579860e+06   2.8015137e+01
   5.4618590e+06   2.2399902e+01
   5.4618830e+06   4.0832520e+01
   5.4618990e+06   4.1259766e+01
   5.4619360e+06   3.0273438e+01
   5.4619580e+06   2.3498535e+01
   5.4619820e+06   1.8310547e+01
   5.4620030e+06   2.5207520e+01
   5.4664120e+06   2.7587891e+01
   5.4664290e+06   5.9692383e+01
   5.4664610e+06   2.8991699e+01
   5.4664890e+06   1.9287109e+01
   5.4665090e+06   1.8493652e+01
   5.4665190e+06   1.8981934e+01
   5.4666810e+06   2.0385742e+01
   5.4667470e+06   2.0996094e+01
   5.4725080e+06   5.3771973e+01
   5.4725360e+06   3.9184570e+01
   5.4725680e+06   2.8137207e+01
   5.4725860e+06   1.9653320e+01
   5.4726190e+06   2.4597168e+01
   5.4792810e+06   1.9348145e+01
   5.4793940e+06   3.9367676e+01
   5.4794080e+06   4.6813965e+01
   5.4794340e+06   3.0029297e+01
   5.4794520e+06   2.4475098e+01
   5.4794670e+06   1.8554688e+01
   5.4795080e+06   1.8920898e+01
   5.4795300e+06   1.9104004e+01
   5.4795550e+06   2.1484375e+01
   5.4798030e+06   2.7832031e+01
   5.4843960e+06   1.8554688e+01
   5.4844170e+06   3.9672852e+01
   5.4844330e+06   2.1179199e+01
   5.4844630e+06   3.5705566e+01
   5.4844730e+06   2.5329590e+01
   5.4845140e+06   2.8320312e+01
   5.4845470e+06   2.7893066e+01
   5.4907660e+06   2.5695801e+01
   5.4907830e+06   7.1960449e+01
   5.4908140e+06   3.4057617e+01
   5.4908370e+06   2.8259277e+01
   5.4908580e+06   2.2644043e+01
   5.4908700e+06   1.8798828e+01
   5.4909010e+06   1.9226074e+01
   5.4911270e+06   2.2094727e+01
   5.4981020e+06   1.8981934e+01
   5.4981270e+06   4.4799805e+01
   5.4981390e+06   2.1911621e+01
   5.4981670e+06   2.1484375e+01
   5.4981820e+06   2.0263672e+01
   5.4982090e+06   2.1240234e+01
   5.4983100e+06   2.0874023e+01
   5.5015590e+06   1.8310547e+01
   5.5065300e+06   1.9409180e+01
   5.5067390e+06   2.0385742e+01
   5.5067760e+06   5.0170898e+01
   5.5067920e+06   4.3518066e+01
   5.5068210e+06   3.4423828e+01
   5.5068390e+06   2.8137207e+01
   5.5068670e+06   3.7780762e+01
   5.5068800e+06   2.7099609e+01
   5.5069110e+06   2.9113770e+01
   5.5069350e+06   1.8310547e+01
   5.5069650e+06   1.9653320e+01
   5.5071460e+06   1.9287109e+01
   5.5072870e+06   2.1301270e+01
   5.5075110e+06   3.5095215e+01
   5.5174780e+06   1.8737793e+01
   5.5175310e+06   5.9020996e+01
   5.5175470e+06   4.9987793e+01
   5.5175740e+06   1.9104004e+01
   5.5175890e+06   2.5451660e+01
   5.5176060e+06   1.8920898e+01
   5.5176370e+06   2.4719238e+01
   5.5176660e+06   2.2094727e+01
   5.5176990e+06   3.4240723e+01
   5.5179720e+06   1.9653320e+01
   5.5180180e+06   2.5695801e+01
   5.5180970e+06   2.0324707e+01
   5.5276590e+06   2.2644043e+01
   5.5277290e+06   1.9287109e+01
   5.5277410e+06   2.0751953e+01
   5.5277850e+06   4.0771484e+01
   5.5278250e+06   3.6621094e+01
   5.5278440e+06   2.1484375e+01
   5.5278600e+06   3.4851074e+01
   5.5279050e+06   2.4291992e+01
   5.5279350e+06   1.8737793e+01
   5.5279580e+06   1.8615723e+01
   5.5282590e+06   2.5207520e+01
   5.5390270e+06   1.9226074e+01
   5.5390910e+06   6.2133789e+01
   5.5391030e+06   5.4016113e+01
   5.5391300e+06   3.0334473e+01
   5.5391480e+06   3.2958984e+01
   5.5391720e+06   2.2583008e+01
   5.5392100e+06   2.8137207e+01
   5.5392230e+06   2.6245117e+01
   5.5392680e+06   2.0751953e+01
   5.5393050e+06   2.6672363e+01
   5.5395230e+06   1.8371582e+01
   5.5396180e+06   1.8554688e+01
   5.5465540e+06   2.8259277e+01
   5.5465730e+06   8.2763672e+01
   5.5466090e+06   3.3264160e+01
   5.5466480e+06   2.8686523e+01
   5.5468740e+06   2.3925781e+01
   5.5587700e+06   2.3437500e+01
   5.5588110e+06   4.6508789e+01
   5.5588340e+06   2.2521973e+01
   5.5588490e+06   3.9062500e+01
   5.5588860e+06   3.2287598e+01
   5.5588980e+06   3.2348633e+01
   5.5589260e+06   2.9235840e+01
   5.5589480e+06   1.9775391e+01
   5.5589680e+06   1.8554688e+01
   5.5589860e+06   2.3498535e+01
   5.5590080e+06   1.8798828e+01
   5.5590450e+06   2.4963379e+01
   5.5593460e+06   2.3986816e+01
   5.5651670e+06   2.6672363e+01
   5.5651900e+06   6.2744141e+01
   5.5652420e+06   4.1748047e+01
   5.5652550e+06   1.9592285e+01
   5.5652860e+06   2.6245117e+01
   5.5653100e+06   1.9592285e+01
   5.5653390e+06   3.3142090e+01
   5.5654370e+06   2.7221680e+01
   5.6552100e+06   3.0578613e+01
   5.6552520e+06   2.1362305e+01
   5.6552690e+06   4.4189453e+01
   5.6553370e+06   5.6030273e+01
   5.6554270e+06   2.6489258e+01
   5.6554430e+06   1.9348145e+01
   5.6558630e+06   2.3132324e+01
   5.6756690e+06   4.8400879e+01
   5.6757150e+06   2.6184082e+01
   5.6757950e+06   3.7231445e+01
   5.6957370e+06   1.8432617e+01
   5.6958240e+06   4.5532227e+01
   5.6959060e+06   2.4841309e+01
   5.6959340e+06   6.5979004e+01
   5.6959950e+06   2.6428223e+01
   5.6960720e+06   5.0170898e+01
   5.7155180e+06   5.7739258e+01
   5.7155330e+06   3.0273438e+01
   5.7157600e+06   3.3203125e+01
   5.7158640e+06   5.0781250e+01
   5.7341960e+06   2.0874023e+01
   5.7342810e+06   4.7119141e+01
   5.7550180e+06   1.9531250e+01
   5.7740510e+06   4.6081543e+01
   5.7742120e+06   7.4645996e+01
   5.7742870e+06   4.2907715e+01
   5.7954730e+06   1.9470215e+01
   5.7970500e+06   4.7302246e+01
   5.7971310e+06   1.9653320e+01
   5.7971650e+06   4.6936035e+01
   5.8186240e+06   1.9165039e+01
   5.8195110e+06   2.0996094e+01
   5.8201590e+06   1.8432617e+01
   5.8211310e+06   1.9104004e+01
   5.8219210e+06   2.0935059e+01
   5.8457060e+06   1.9714355e+01
   5.8495820e+06   4.4555664e+01
   5.8495970e+06   2.6672363e+01
   5.8497010e+06   4.6325684e+01
   5.8513770e+06   4.0222168e+01
   5.8514550e+06   3.9245605e+01
   5.8515830e+06   3.5644531e+01
   5.8516390e+06   2.7526855e+01
   5.8701840e+06   1.9348145e+01
   5.8702650e+06   2.0507812e+01
   5.8706760e+06   1.8554688e+01
   5.8711800e+06   1.9958496e+01
   5.8717320e+06   1.9653320e+01
   5.8722360e+06   1.8371582e+01
   5.8861920e+06   1.9531250e+01
   5.8867450e+06   2.0141602e+01
   5.8870360e+06   1.9287109e+01
   5.8872360e+06   2.1911621e+01
   5.8872810e+06   1.8737793e+01
   5.9116220e+06   2.2766113e+01
   5.9116630e+06   1.8310547e+01
   5.9118870e+06   2.0263672e+01
   5.9121630e+06   1.8737793e+01
   5.9130460e+06   1.8493652e+01
   5.9369070e+06   1.8859863e+01
   5.9369920e+06   2.1850586e+01
   5.9370980e+06   1.9897461e+01
   5.9372090e+06   1.9165039e+01
   5.9374610e+06   2.1301270e+01
   5.9375850e+06   1.9531250e+01
   5.9376880e+06   1.8493652e+01
   5.9377820e+06   1.8615723e+01
   5.9506320e+06   1.8981934e+01
   5.9512430e+06   2.5756836e+01
   5.9514520e+06   2.2949219e+01
   5.9517120e+06   1.9836426e+01
   5.9520770e+06   1.9104004e+01
   5.9523670e+06   1.8798828e+01
   5.9615280e+06   2.0812988e+01
   5.9617970e+06   2.4719238e+01
   5.9620320e+06   2.0507812e+01
   5.9747710e+06   1.9775391e+01
   5.9750240e+06   2.5817871e+01
   5.9751790e+06   2.0080566e+01
   5.9757960e+06   1.9287109e+01
   5.9759650e+06   1.9226074e+01
   5.9863260e+06   2.0141602e+01
   5.9864900e+06   1.9042969e+01
   5.9867080e+06   2.0507812e+01
   5.9869170e+06   1.9531250e+01
   5.9872590e+06   1.8676758e+01
