   5.9990000e+06   0.0000000e+00
   1.4270000e+03   1.7944336e+01
   4.4607000e+04   1.7944336e+01
   1.7016600e+05   1.5747070e+01
   1.7024900e+05   1.6357422e+01
   2.1751800e+05   1.5625000e+01
   2.5052100e+05   1.5686035e+01
   2.6459500e+05   1.5808105e+01
   2.9203500e+05   2.0812988e+01
   2.9308500e+05   1.7578125e+01
   3.3534400e+05   1.8005371e+01
   3.9955400e+05   1.5747070e+01
   4.0001300e+05   1.5991211e+01
   5.0580800e+05   1.7089844e+01
   5.1625700e+05   1.8981934e+01
   5.2986600e+05   1.6174316e+01
   5.8709900e+05   1.5686035e+01
   5.9630500e+05   1.7089844e+01
   6.2507600e+05   1.7944336e+01
   6.2526600e+05   1.6845703e+01
   6.6423400e+05   1.6235352e+01
   6.6807000e+05   1.7028809e+01
   6.7582900e+05   1.7395020e+01
   7.1935800e+05   1.6906738e+01
   7.1964600e+05   1.6235352e+01
   7.2061800e+05   1.6052246e+01
   7.3221300e+05   1.7700195e+01
   7.3750900e+05   1.7089844e+01
   7.9466700e+05   1.5808105e+01
   7.9542700e+05   1.5686035e+01
   7.9603900e+05   1.6113281e+01
   7.9784300e+05   1.7700195e+01
   8.1179800e+05   1.6601562e+01
   8.3652800e+05   1.5686035e+01
   8.5534600e+05   1.6906738e+01
   9.2058500e+05   1.7028809e+01
   9.6359900e+05   1.7150879e+01
   1.0493660e+06   2.2155762e+01
   1.0494080e+06   2.2521973e+01
   1.0494660e+06   2.0690918e+01
   1.0495140e+06   1.5930176e+01
   1.0497570e+06   1.6784668e+01
   1.1101770e+06   1.6845703e+01
   1.1588490e+06   1.8615723e+01
   1.2897490e+06   1.5808105e+01
   1.3041070e+06   1.7333984e+01
   1.4150510e+06   1.8249512e+01
   1.4576780e+06   1.6540527e+01
   1.5115920e+06   1.5625000e+01
   1.5116470e+06   1.7517090e+01
   1.5122270e+06   1.7150879e+01
   1.6016540e+06   1.5869141e+01
   1.6018060e+06   1.7395020e+01
   1.6021480e+06   1.7150879e+01
   1.6896470e+06   1.6174316e+01
   1.7037430e+06   2.2644043e+01
   1.7190360e+06   3.2104492e+01
   1.7190780e+06   2.2277832e+01
   1.7194270e+06   1.9897461e+01
   1.7268410e+06   2.0202637e+01
   1.7268610e+06   1.9409180e+01
   1.7269050e+06   2.0202637e+01
   1.7269460e+06   1.6662598e+01
   1.7272700e+06   1.9104004e+01
   1.7343020e+06   2.4414063e+01
   1.7343510e+06   1.8249512e+01
   1.7343700e+06   1.5747070e+01
   1.7343860e+06   1.5991211e+01
   1.7391540e+06   2.3071289e+01
   1.7429650e+06   2.1057129e+01
   1.7430120e+06   2.1057129e+01
   1.7430480e+06   2.1911621e+01
   1.7500860e+06   1.7272949e+01
   1.7500970e+06   1.8859863e+01
   1.7506830e+06   1.5808105e+01
   1.7586430e+06   3.4057617e+01
   1.7586720e+06   1.5686035e+01
   1.7666320e+06   2.2766113e+01
   1.7714100e+06   1.5563965e+01
   1.7714290e+06   1.9775391e+01
   1.7714870e+06   2.0690918e+01
   1.7765290e+06   2.4353027e+01
   1.7765400e+06   1.6296387e+01
   1.7765770e+06   1.9348145e+01
   1.7766100e+06   1.5686035e+01
   1.7819360e+06   1.9348145e+01
   1.7819890e+06   1.5625000e+01
   1.7820080e+06   1.5930176e+01
   1.7882760e+06   2.4780273e+01
   1.7883200e+06   1.9653320e+01
   1.7886460e+06   1.9775391e+01
   1.7931420e+06   1.7822266e+01
   1.7931970e+06   1.5625000e+01
   1.7982530e+06   2.0874023e+01
   1.7982950e+06   1.7272949e+01
   1.8049750e+06   2.3986816e+01
   1.8049940e+06   2.1850586e+01
   1.8107100e+06   2.0202637e+01
   1.8108000e+06   1.6174316e+01
   1.8108810e+06   1.7700195e+01
   1.8162760e+06   1.8249512e+01
   1.8163070e+06   1.8676758e+01
   1.8247760e+06   2.1301270e+01
   1.8248030e+06   1.6235352e+01
   1.8248190e+06   1.6662598e+01
   1.8248570e+06   1.6540527e+01
   1.8293340e+06   1.9958496e+01
   1.8376090e+06   1.9226074e+01
   1.8376290e+06   2.0385742e+01
   1.8376450e+06   1.7517090e+01
   1.8463750e+06   1.7211914e+01
   1.8464120e+06   1.5625000e+01
   1.8464310e+06   1.9287109e+01
   1.8464710e+06   1.8066406e+01
   1.8491890e+06   1.5991211e+01
   1.8554760e+06   2.4841309e+01
   1.8555030e+06   1.7089844e+01
   1.8555320e+06   1.8798828e+01
   1.8728410e+06   2.0690918e+01
   1.8728730e+06   1.9042969e+01
   1.8728870e+06   1.8920898e+01
   1.8729300e+06   2.1789551e+01
   1.8729700e+06   1.6357422e+01
   1.8774540e+06   1.6296387e+01
   2.9058450e+06   1.5991211e+01
   2.9862000e+06   1.6967773e+01
   2.9942170e+06   1.7028809e+01
   2.9946000e+06   1.9042969e+01
   3.0120920e+06   1.6906738e+01
   3.0121400e+06   1.5625000e+01
   3.0264230e+06   1.6113281e+01
   3.0265140e+06   1.6235352e+01
   3.1011090e+06   1.5808105e+01
   3.1531760e+06   1.6357422e+01
   3.1981930e+06   1.5625000e+01
   3.3539510e+06   1.8005371e+01
   3.3996250e+06   1.6662598e+01
   3.4552200e+06   1.5563965e+01
   3.4592030e+06   1.7517090e+01
   3.4873690e+06   1.6235352e+01
   3.4959020e+06   1.8676758e+01
   3.4959800e+06   1.6601562e+01
   3.4993760e+06   1.5563965e+01
   3.5212860e+06   1.5869141e+01
   3.5404310e+06   1.7700195e+01
   3.5798390e+06   1.5930176e+01
   3.5799540e+06   1.5991211e+01
   3.5803710e+06   1.6357422e+01
   3.5808250e+06   1.5991211e+01
   3.6041830e+06   1.6540527e+01
   3.6125070e+06   1.5563965e+01
   3.6136300e+06   1.6113281e+01
   3.6316690e+06   1.5563965e+01
   3.6548830e+06   1.9348145e+01
   3.7395890e+06   1.6540527e+01
   3.7399430e+06   1.5563965e+01
   3.7400570e+06   2.1301270e+01
   3.7742260e+06   1.6967773e+01
   3.8399260e+06   1.8310547e+01
   3.8529520e+06   1.5625000e+01
   3.8784440e+06   1.6113281e+01
   3.8793800e+06   1.5563965e+01
   4.0606470e+06   1.5930176e+01
   4.0613970e+06   1.5991211e+01
   4.0942200e+06   1.5991211e+01
   4.2739310e+06   1.6906738e+01
   4.3177260e+06   1.8188477e+01
   4.3179180e+06   1.6174316e+01
   4.3762800e+06   1.6723633e+01
   4.3981470e+06   1.6784668e+01
   4.4229230e+06   1.8798828e+01
   4.4235540e+06   1.6235352e+01
   4.4346180e+06   2.5024414e+01
   4.4346630e+06   1.9287109e+01
   4.4347000e+06   1.5869141e+01
   4.4427010e+06   1.6906738e+01
   4.4863250e+06   1.6784668e+01
   4.4864180e+06   1.6845703e+01
   4.4866050e+06   1.5625000e+01
   4.6112370e+06   1.5625000e+01
   4.6318930e+06   1.5625000e+01
   4.6506440e+06   1.6540527e+01
   4.6813690e+06   2.5451660e+01
   4.6814140e+06   1.7944336e+01
   4.7420520e+06   1.5686035e+01
   4.7421030e+06   1.6662598e+01
   4.7656210e+06   1.5686035e+01
   4.7657160e+06   1.5869141e+01
   4.8206030e+06   1.5991211e+01
   4.8711330e+06   1.5747070e+01
   5.0065000e+06   1.5930176e+01
   5.0069390e+06   1.6845703e+01
   5.1508130e+06   1.7028809e+01
   5.1509250e+06   1.6845703e+01
   5.2956380e+06   2.1911621e+01
   5.2956780e+06   2.0812988e+01
   5.2957210e+06   1.6845703e+01
   5.2957700e+06   1.5563965e+01
   5.3757960e+06   1.5563965e+01
   5.3758660e+06   2.5146484e+01
   5.3759130e+06   2.0751953e+01
   5.3839790e+06   1.7089844e+01
   5.3840560e+06   1.8737793e+01
   5.3840960e+06   1.7822266e+01
   5.3914970e+06   2.3071289e+01
   5.3915190e+06   2.1057129e+01
   5.3915570e+06   2.4780273e+01
   5.3915930e+06   2.0019531e+01
   5.3979370e+06   1.7089844e+01
   5.3979670e+06   3.1494141e+01
   5.3980260e+06   2.5695801e+01
   5.3980720e+06   1.7761230e+01
   5.4019720e+06   1.6723633e+01
   5.4052840e+06   1.6723633e+01
   5.4052980e+06   2.4353027e+01
   5.4053390e+06   1.5991211e+01
   5.4053740e+06   1.6601562e+01
   5.4129000e+06   3.2226562e+01
   5.4129400e+06   1.6479492e+01
   5.4174350e+06   2.3620605e+01
   5.4174970e+06   2.2094727e+01
   5.4217980e+06   1.8005371e+01
   5.4218520e+06   1.7944336e+01
   5.4296390e+06   2.4536133e+01
   5.4296920e+06   1.8676758e+01
   5.4384530e+06   2.2705078e+01
   5.4384890e+06   2.2766113e+01
   5.4436390e+06   3.0273438e+01
   5.4436930e+06   1.5869141e+01
   5.4482500e+06   2.5146484e+01
   5.4482850e+06   1.6601562e+01
   5.4483380e+06   1.6784668e+01
   5.4525770e+06   1.9897461e+01
   5.4526360e+06   2.1911621e+01
   5.4526840e+06   1.7456055e+01
   5.4576190e+06   1.6174316e+01
   5.4664220e+06   2.3376465e+01
   5.4664410e+06   1.9958496e+01
   5.4725130e+06   2.1362305e+01
   5.4725240e+06   1.9409180e+01
   5.4725580e+06   1.7517090e+01
   5.4793410e+06   1.9287109e+01
   5.4794270e+06   1.6357422e+01
   5.4795160e+06   1.5991211e+01
   5.4842540e+06   1.8432617e+01
   5.4843650e+06   1.5930176e+01
   5.4844300e+06   1.6357422e+01
   5.4908180e+06   2.2033691e+01
   5.4908360e+06   1.6601562e+01
   5.4979270e+06   1.6296387e+01
   5.4980500e+06   2.4169922e+01
   5.4980690e+06   1.5563965e+01
   5.4981420e+06   1.6540527e+01
   5.5068500e+06   1.9836426e+01
   5.5068800e+06   1.6235352e+01
   5.5069010e+06   1.7211914e+01
   5.5069300e+06   1.6113281e+01
   5.5175540e+06   2.0324707e+01
   5.5176030e+06   1.9287109e+01
   5.5176480e+06   1.6357422e+01
   5.5209020e+06   1.7456055e+01
   5.5272230e+06   1.6723633e+01
   5.5277970e+06   1.9775391e+01
   5.5278220e+06   1.6052246e+01
   5.5278600e+06   1.6662598e+01
   5.5369340e+06   1.8737793e+01
   5.5391570e+06   1.6540527e+01
   5.5391780e+06   1.5808105e+01
   5.5465080e+06   1.9470215e+01
   5.5588480e+06   1.8737793e+01
   5.5588800e+06   1.6052246e+01
   5.5589470e+06   1.7211914e+01
   5.5641700e+06   1.6906738e+01
   5.9200380e+06   1.6906738e+01
