   5.9990000e+06   0.0000000e+00
   1.1378750e+06   1.8432617e+01
   1.3467440e+06   1.7761230e+01
   1.5777920e+06   1.7761230e+01
   1.6895330e+06   1.8005371e+01
   1.6895490e+06   1.8737793e+01
   1.7002480e+06   1.8859863e+01
   1.7190400e+06   1.8005371e+01
   1.7190620e+06   2.4047852e+01
   1.7190950e+06   1.7944336e+01
   1.7191080e+06   2.0629883e+01
   1.7269120e+06   2.3193359e+01
   1.7343330e+06   1.9531250e+01
   1.7343830e+06   1.8005371e+01
   1.7344040e+06   2.0874023e+01
   1.7429850e+06   1.9897461e+01
   1.7430180e+06   2.1606445e+01
   1.7431190e+06   2.2216797e+01
   1.7501370e+06   2.2460938e+01
   1.7501680e+06   1.8737793e+01
   1.7502290e+06   1.8005371e+01
   1.7504750e+06   1.7883301e+01
   1.7587320e+06   2.0141602e+01
   1.7666190e+06   2.0019531e+01
   1.7666590e+06   1.8249512e+01
   1.7666710e+06   1.9165039e+01
   1.7765350e+06   2.2338867e+01
   1.7765990e+06   2.5451660e+01
   1.7819880e+06   2.0263672e+01
   1.7883560e+06   1.8310547e+01
   1.7980780e+06   1.8005371e+01
   1.7981890e+06   1.9104004e+01
   1.7982270e+06   1.8615723e+01
   1.8162860e+06   1.8676758e+01
   1.8163130e+06   1.8554688e+01
   1.8249110e+06   2.0263672e+01
   1.8252200e+06   1.8188477e+01
   1.8375550e+06   1.8615723e+01
   1.8377830e+06   1.7761230e+01
   1.8464750e+06   1.8005371e+01
   1.8730030e+06   2.1728516e+01
   1.8730160e+06   1.9531250e+01
   1.8732700e+06   1.7883301e+01
   1.8733930e+06   1.8676758e+01
   2.2953420e+06   1.7761230e+01
   2.5317300e+06   1.7883301e+01
   3.3975540e+06   1.8432617e+01
   3.4241780e+06   1.7944336e+01
   3.8157350e+06   2.0324707e+01
   4.1173550e+06   2.0202637e+01
   4.5641700e+06   1.9653320e+01
   5.3065840e+06   1.8127441e+01
   5.3370850e+06   1.9348145e+01
   5.3568910e+06   1.8798828e+01
   5.3569410e+06   1.7883301e+01
   5.3569710e+06   1.8554688e+01
   5.3839840e+06   2.0996094e+01
   5.3840240e+06   1.8371582e+01
   5.3915170e+06   2.7221680e+01
   5.3915520e+06   2.2583008e+01
   5.3915680e+06   1.7761230e+01
   5.3916170e+06   1.8188477e+01
   5.3916550e+06   1.9653320e+01
   5.3916920e+06   1.7883301e+01
   5.3979750e+06   1.9531250e+01
   5.3979880e+06   2.6489258e+01
   5.3980310e+06   2.2338867e+01
   5.3981480e+06   1.8371582e+01
   5.4052880e+06   2.3193359e+01
   5.4053180e+06   2.4719238e+01
   5.4129050e+06   1.8005371e+01
   5.4129400e+06   2.0812988e+01
   5.4129690e+06   1.8127441e+01
   5.4130310e+06   1.7883301e+01
   5.4132130e+06   1.8615723e+01
   5.4174430e+06   1.9531250e+01
   5.4174860e+06   1.9470215e+01
   5.4218260e+06   2.3132324e+01
   5.4297810e+06   1.7944336e+01
   5.4339660e+06   2.1484375e+01
   5.4384500e+06   1.9714355e+01
   5.4384790e+06   2.0629883e+01
   5.4482160e+06   1.8493652e+01
   5.4482930e+06   1.8920898e+01
   5.4483770e+06   1.9592285e+01
   5.4526930e+06   2.3254395e+01
   5.4527380e+06   2.0629883e+01
   5.4576220e+06   2.5634766e+01
   5.4576760e+06   1.9592285e+01
   5.4576860e+06   1.9836426e+01
   5.4618940e+06   1.8493652e+01
   5.4619900e+06   2.1240234e+01
   5.4620440e+06   1.9287109e+01
   5.4664000e+06   2.5207520e+01
   5.4664350e+06   1.8859863e+01
   5.4664660e+06   1.9042969e+01
   5.4724860e+06   1.9470215e+01
   5.4794830e+06   1.8005371e+01
   5.4796450e+06   1.9409180e+01
   5.4845700e+06   1.9714355e+01
   5.4907380e+06   2.0629883e+01
   5.4907690e+06   2.1423340e+01
   5.4907900e+06   1.8615723e+01
   5.4908140e+06   2.7099609e+01
   5.5069330e+06   1.9775391e+01
   5.5071850e+06   1.7822266e+01
   5.5176170e+06   1.7761230e+01
   5.5176900e+06   1.9287109e+01
   5.5278160e+06   1.8676758e+01
   5.5278700e+06   1.9897461e+01
   5.5279650e+06   1.7822266e+01
   5.5281550e+06   2.1850586e+01
   5.5392450e+06   1.8737793e+01
   5.5392600e+06   1.8981934e+01
   5.5393100e+06   1.8920898e+01
   5.5395420e+06   1.8554688e+01
   5.5464730e+06   1.9226074e+01
   5.5465800e+06   1.8737793e+01
   5.5466260e+06   1.9348145e+01
   5.5466640e+06   2.0263672e+01
   5.5589410e+06   1.8249512e+01
   5.5589690e+06   2.0080566e+01
   5.5590130e+06   1.9531250e+01
   5.5590510e+06   1.8371582e+01
   5.5653510e+06   1.8127441e+01
   5.8337520e+06   1.8249512e+01
   5.9512070e+06   1.8432617e+01
