   5.9990000e+06   0.0000000e+00
   1.4823750e+06   1.6235352e+01
   1.6697910e+06   1.7944336e+01
   1.6898520e+06   1.7578125e+01
   1.7190190e+06   1.5991211e+01
   1.7194290e+06   1.5869141e+01
   1.7271750e+06   1.6845703e+01
   1.7501870e+06   1.5930176e+01
   1.7587060e+06   1.6845703e+01
   1.7714360e+06   1.5869141e+01
   1.8109110e+06   1.6479492e+01
   1.8376630e+06   1.7028809e+01
   5.3569360e+06   1.6113281e+01
   5.3844070e+06   1.6296387e+01
   5.4437330e+06   1.6418457e+01
   5.4483610e+06   1.6540527e+01
   5.4796440e+06   1.6662598e+01
   5.4844080e+06   1.6052246e+01
   5.4908320e+06   1.5869141e+01
   5.5176840e+06   1.6174316e+01
   5.5466620e+06   1.6418457e+01
   5.5592670e+06   1.6235352e+01
