   5.9990000e+06   0.0000000e+00
   3.0208000e+04   2.1057129e+01
   3.0232000e+04   1.7822266e+01
   8.8552000e+04   1.8432617e+01
   1.3700400e+05   2.0446777e+01
   1.8859600e+05   1.8432617e+01
   2.2602300e+05   2.0080566e+01
   2.3461000e+05   2.1301270e+01
   2.3463800e+05   2.3193359e+01
   2.7563400e+05   1.9714355e+01
   2.7572700e+05   2.9541016e+01
   4.2383500e+05   2.0874023e+01
   4.2385200e+05   1.7883301e+01
   4.2388000e+05   2.4353027e+01
   4.4354800e+05   2.1057129e+01
   4.8145900e+05   1.8615723e+01
   6.3946300e+05   2.1911621e+01
   6.3951700e+05   2.4719238e+01
   6.3952900e+05   2.5146484e+01
   6.5699800e+05   1.8005371e+01
   6.5702300e+05   1.8188477e+01
   6.6660200e+05   1.8676758e+01
   6.6669900e+05   2.1057129e+01
   7.2523200e+05   2.0080566e+01
   7.3943200e+05   1.8188477e+01
   7.4007400e+05   2.2155762e+01
   7.6614000e+05   2.0263672e+01
   7.6616800e+05   1.9226074e+01
   7.6823000e+05   1.8371582e+01
   7.9609900e+05   1.7822266e+01
   8.2024200e+05   2.1606445e+01
   8.4445300e+05   1.7822266e+01
   8.7513500e+05   1.8859863e+01
   8.9727900e+05   2.0935059e+01
   8.9731000e+05   2.1423340e+01
   9.1167300e+05   1.8371582e+01
   9.1920000e+05   2.0690918e+01
   9.1930700e+05   1.9592285e+01
   9.8478300e+05   2.0446777e+01
   9.8480100e+05   2.9418945e+01
   9.8481700e+05   1.8005371e+01
   9.8485300e+05   2.0568848e+01
   1.0088070e+06   1.7822266e+01
   1.0098990e+06   1.8615723e+01
   1.0099870e+06   1.8493652e+01
   1.0377280e+06   1.8188477e+01
   1.0624460e+06   2.1240234e+01
   1.0624980e+06   1.8554688e+01
   1.0891640e+06   1.8981934e+01
   1.1206950e+06   1.9287109e+01
   1.1207730e+06   2.0446777e+01
   1.1379410e+06   1.7761230e+01
   1.1477530e+06   1.9775391e+01
   1.1747780e+06   1.8310547e+01
   1.1928280e+06   1.8554688e+01
   1.1928750e+06   2.0324707e+01
   1.1929170e+06   2.1179199e+01
   1.1929310e+06   1.7883301e+01
   1.2186370e+06   2.0080566e+01
   1.2608710e+06   2.1423340e+01
   1.2609190e+06   2.0629883e+01
   1.2609360e+06   2.1545410e+01
   1.2609510e+06   1.8981934e+01
   1.2609610e+06   2.1667480e+01
   1.2611400e+06   1.8554688e+01
   1.3264210e+06   2.0690918e+01
   1.3576240e+06   2.6550293e+01
   1.3624430e+06   2.1606445e+01
   1.3624740e+06   1.9042969e+01
   1.3654930e+06   1.7944336e+01
   1.3988910e+06   1.9836426e+01
   1.3989100e+06   1.9470215e+01
   1.3989320e+06   2.3132324e+01
   1.3989620e+06   1.7822266e+01
   1.3989920e+06   2.4658203e+01
   1.4165170e+06   2.1545410e+01
   1.4166500e+06   1.7944336e+01
   1.4421350e+06   1.8066406e+01
   1.4421500e+06   2.7893066e+01
   1.4421900e+06   1.7761230e+01
   1.4422070e+06   1.8127441e+01
   1.4592710e+06   1.8127441e+01
   1.4821450e+06   2.2766113e+01
   1.4821660e+06   1.8249512e+01
   1.4821940e+06   2.0446777e+01
   1.4822310e+06   2.3193359e+01
   1.4822480e+06   2.1728516e+01
   1.4822590e+06   1.8981934e+01
   1.4822730e+06   1.8310547e+01
   1.4823280e+06   2.5207520e+01
   1.4823550e+06   1.9348145e+01
   1.5174160e+06   1.8127441e+01
   1.5252690e+06   2.0568848e+01
   1.5328100e+06   1.7761230e+01
   1.5411800e+06   1.9042969e+01
   1.5621120e+06   1.8798828e+01
   1.5622140e+06   1.9104004e+01
   1.5762160e+06   1.8066406e+01
   1.5999280e+06   2.0080566e+01
   1.5999880e+06   1.9409180e+01
   1.6094510e+06   1.7944336e+01
   1.6141100e+06   2.1240234e+01
   1.6141440e+06   2.8442383e+01
   1.6141900e+06   2.4291992e+01
   1.6142230e+06   2.6550293e+01
   1.6142340e+06   1.8859863e+01
   1.6142770e+06   2.0324707e+01
   1.6143430e+06   2.1301270e+01
   1.6144580e+06   1.8005371e+01
   1.6258820e+06   2.3864746e+01
   1.6259150e+06   3.5461426e+01
   1.6259310e+06   1.8615723e+01
   1.6259580e+06   1.9104004e+01
   1.6259830e+06   1.9165039e+01
   1.6259960e+06   2.4597168e+01
   1.6260340e+06   2.1911621e+01
   1.6260480e+06   2.0202637e+01
   1.6384280e+06   2.4780273e+01
   1.6384760e+06   2.4597168e+01
   1.6385220e+06   2.1606445e+01
   1.6386620e+06   2.1728516e+01
   1.6389060e+06   1.8371582e+01
   1.6502630e+06   1.9653320e+01
   1.6537670e+06   1.9409180e+01
   1.6575300e+06   1.9287109e+01
   1.6576440e+06   1.8005371e+01
   1.6576590e+06   1.8554688e+01
   1.6577000e+06   1.8676758e+01
   1.6577300e+06   3.0090332e+01
   1.6577450e+06   2.1484375e+01
   1.6577740e+06   2.0019531e+01
   1.6578060e+06   2.3376465e+01
   1.6696220e+06   1.8066406e+01
   1.6696680e+06   2.8015137e+01
   1.6696810e+06   2.2705078e+01
   1.6697010e+06   2.0935059e+01
   1.6697170e+06   2.3193359e+01
   1.6697320e+06   2.7770996e+01
   1.6697640e+06   2.2094727e+01
   1.6697760e+06   1.8310547e+01
   1.6698380e+06   1.9897461e+01
   1.6699030e+06   2.1972656e+01
   1.6701590e+06   2.0690918e+01
   1.6846930e+06   1.8066406e+01
   1.6847740e+06   1.7944336e+01
   1.6848190e+06   2.0080566e+01
   1.6848320e+06   2.0568848e+01
   1.6848650e+06   1.9836426e+01
   1.6848770e+06   2.1728516e+01
   1.6849100e+06   1.9348145e+01
   1.6894480e+06   1.8859863e+01
   1.6894640e+06   1.8066406e+01
   1.6894770e+06   2.0812988e+01
   1.6895010e+06   2.0874023e+01
   1.6895160e+06   2.1118164e+01
   1.6895610e+06   2.4291992e+01
   1.6895920e+06   1.9287109e+01
   1.6896160e+06   2.3559570e+01
   1.6896680e+06   1.8615723e+01
   1.6976220e+06   1.8005371e+01
   1.7000750e+06   1.9897461e+01
   1.7001870e+06   1.8859863e+01
   1.7002020e+06   1.9958496e+01
   1.7002420e+06   1.9775391e+01
   1.7002820e+06   1.8127441e+01
   1.7035760e+06   1.9714355e+01
   1.7035970e+06   2.2277832e+01
   1.7036270e+06   2.3681641e+01
   1.7036520e+06   2.5695801e+01
   1.7036930e+06   1.8188477e+01
   1.7037550e+06   1.8798828e+01
   1.7038100e+06   1.9104004e+01
   1.7117860e+06   2.0019531e+01
   1.7118160e+06   1.9836426e+01
   1.7118520e+06   2.1789551e+01
   1.7119010e+06   2.7893066e+01
   1.7119310e+06   1.8615723e+01
   1.7119490e+06   1.9958496e+01
   1.7119610e+06   1.7761230e+01
   1.7120020e+06   2.2094727e+01
   1.7161420e+06   2.2033691e+01
   1.7161530e+06   1.8981934e+01
   1.7189200e+06   1.9226074e+01
   1.7189890e+06   2.2705078e+01
   1.7190470e+06   1.8371582e+01
   1.7190780e+06   2.3376465e+01
   1.7191070e+06   1.8005371e+01
   1.7191720e+06   2.1240234e+01
   1.7193660e+06   1.8798828e+01
   1.7241840e+06   1.9775391e+01
   1.7267910e+06   2.4230957e+01
   1.7268240e+06   2.1484375e+01
   1.7268660e+06   2.2827148e+01
   1.7268900e+06   2.1545410e+01
   1.7269470e+06   1.7822266e+01
   1.7269840e+06   1.8676758e+01
   1.7342070e+06   2.2644043e+01
   1.7342410e+06   1.8127441e+01
   1.7342700e+06   2.7160645e+01
   1.7342980e+06   2.6245117e+01
   1.7343120e+06   1.8798828e+01
   1.7343500e+06   1.8920898e+01
   1.7343610e+06   2.2583008e+01
   1.7344300e+06   1.9348145e+01
   1.7390340e+06   2.0446777e+01
   1.7390540e+06   2.1301270e+01
   1.7390780e+06   1.7944336e+01
   1.7391090e+06   2.7954102e+01
   1.7391550e+06   2.2216797e+01
   1.7391950e+06   1.8188477e+01
   1.7392190e+06   2.8991699e+01
   1.7429040e+06   1.7944336e+01
   1.7429260e+06   1.9775391e+01
   1.7429860e+06   2.3925781e+01
   1.7430210e+06   1.8371582e+01
   1.7430740e+06   2.0446777e+01
   1.7431470e+06   1.9775391e+01
   1.7500550e+06   1.9653320e+01
   1.7500720e+06   2.0385742e+01
   1.7501320e+06   2.0812988e+01
   1.7501500e+06   1.7761230e+01
   1.7502230e+06   1.8737793e+01
   1.7545720e+06   1.8859863e+01
   1.7584450e+06   1.8737793e+01
   1.7586080e+06   2.8076172e+01
   1.7586600e+06   1.9104004e+01
   1.7586840e+06   1.9958496e+01
   1.7587050e+06   2.5024414e+01
   1.7587800e+06   2.5573730e+01
   1.7588940e+06   1.9897461e+01
   1.7592370e+06   1.8127441e+01
   1.7630370e+06   1.8432617e+01
   1.7630830e+06   1.9104004e+01
   1.7666440e+06   2.2644043e+01
   1.7666580e+06   2.2949219e+01
   1.7666810e+06   2.9296875e+01
   1.7667140e+06   1.7822266e+01
   1.7669580e+06   1.8798828e+01
   1.7669960e+06   2.6306152e+01
   1.7714190e+06   1.8310547e+01
   1.7714320e+06   2.6367188e+01
   1.7714540e+06   2.1484375e+01
   1.7715170e+06   2.2338867e+01
   1.7715680e+06   1.8859863e+01
   1.7765730e+06   2.2460938e+01
   1.7765990e+06   2.0751953e+01
   1.7766180e+06   1.8005371e+01
   1.7766480e+06   1.9775391e+01
   1.7766710e+06   2.1301270e+01
   1.7767610e+06   1.7822266e+01
   1.7769990e+06   2.1362305e+01
   1.7819550e+06   1.8310547e+01
   1.7819730e+06   2.7465820e+01
   1.7820140e+06   2.1179199e+01
   1.7820260e+06   1.9409180e+01
   1.7820670e+06   2.3315430e+01
   1.7881320e+06   1.7822266e+01
   1.7882000e+06   1.7822266e+01
   1.7882250e+06   2.1301270e+01
   1.7882420e+06   2.0935059e+01
   1.7883260e+06   1.8066406e+01
   1.7884050e+06   2.0690918e+01
   1.7885080e+06   1.7944336e+01
   1.7932700e+06   1.9470215e+01
   1.7932800e+06   1.9348145e+01
   1.7981910e+06   1.9836426e+01
   1.7982120e+06   2.6062012e+01
   1.7982310e+06   1.8310547e+01
   1.7982980e+06   1.8798828e+01
   1.7983690e+06   1.8615723e+01
   1.7985880e+06   1.7944336e+01
   1.8049940e+06   3.0883789e+01
   1.8050150e+06   2.3376465e+01
   1.8050570e+06   1.8127441e+01
   1.8051470e+06   1.8127441e+01
   1.8053190e+06   1.9470215e+01
   1.8109000e+06   2.2338867e+01
   1.8109300e+06   2.3803711e+01
   1.8109580e+06   2.3132324e+01
   1.8110060e+06   2.0202637e+01
   1.8110340e+06   2.0202637e+01
   1.8110560e+06   2.0568848e+01
   1.8111050e+06   1.9104004e+01
   1.8162890e+06   2.2033691e+01
   1.8163070e+06   2.5695801e+01
   1.8163350e+06   2.1972656e+01
   1.8163620e+06   1.9226074e+01
   1.8163720e+06   2.1606445e+01
   1.8164120e+06   2.0690918e+01
   1.8164370e+06   1.9287109e+01
   1.8247700e+06   1.9714355e+01
   1.8247930e+06   2.0019531e+01
   1.8248150e+06   1.9653320e+01
   1.8248380e+06   2.8503418e+01
   1.8248580e+06   1.7761230e+01
   1.8248940e+06   1.8432617e+01
   1.8249240e+06   2.1667480e+01
   1.8249630e+06   1.8615723e+01
   1.8250400e+06   1.9104004e+01
   1.8251430e+06   1.8188477e+01
   1.8374780e+06   1.8493652e+01
   1.8375410e+06   1.8981934e+01
   1.8375700e+06   2.0690918e+01
   1.8376070e+06   1.9714355e+01
   1.8376220e+06   1.7883301e+01
   1.8376400e+06   2.2521973e+01
   1.8377150e+06   2.3376465e+01
   1.8379480e+06   1.7944336e+01
   1.8379710e+06   1.9714355e+01
   1.8463510e+06   1.9165039e+01
   1.8463820e+06   1.8493652e+01
   1.8464150e+06   2.2277832e+01
   1.8464300e+06   2.4108887e+01
   1.8464690e+06   2.4597168e+01
   1.8465120e+06   2.1911621e+01
   1.8465230e+06   1.8676758e+01
   1.8465610e+06   1.9836426e+01
   1.8466460e+06   2.0507812e+01
   1.8554740e+06   2.0324707e+01
   1.8554970e+06   2.0324707e+01
   1.8555210e+06   1.9104004e+01
   1.8555800e+06   2.2399902e+01
   1.8557910e+06   1.9226074e+01
   1.8559850e+06   1.9958496e+01
   1.8729570e+06   1.9836426e+01
   1.8729750e+06   2.4353027e+01
   1.8729990e+06   2.2827148e+01
   1.8730220e+06   2.1728516e+01
   1.8730540e+06   1.7883301e+01
   1.8730980e+06   1.9531250e+01
   2.0040240e+06   1.9470215e+01
   2.0726500e+06   1.9714355e+01
   2.1050190e+06   1.9042969e+01
   2.1200030e+06   2.0935059e+01
   2.1940870e+06   1.8371582e+01
   2.2583180e+06   2.0263672e+01
   2.3578420e+06   1.8371582e+01
   2.3582790e+06   2.0019531e+01
   2.4154200e+06   1.7761230e+01
   2.4698150e+06   1.8493652e+01
   2.4780770e+06   1.8615723e+01
   2.5321410e+06   1.8371582e+01
   2.7479010e+06   1.8005371e+01
   2.8022620e+06   2.0019531e+01
   2.8367030e+06   1.7822266e+01
   2.9224890e+06   1.8432617e+01
   3.0896550e+06   2.4108887e+01
   3.1329310e+06   1.7822266e+01
   3.1330810e+06   2.1301270e+01
   3.1332460e+06   1.8066406e+01
   3.1514470e+06   2.2338867e+01
   3.2524260e+06   1.9042969e+01
   3.2524540e+06   2.6184082e+01
   3.2524910e+06   2.0629883e+01
   3.2589770e+06   1.8066406e+01
   3.3010450e+06   1.8249512e+01
   3.3011040e+06   2.5390625e+01
   3.3011160e+06   1.8737793e+01
   3.5279040e+06   1.7944336e+01
   3.5279530e+06   1.9409180e+01
   3.5565940e+06   1.7822266e+01
   3.5762070e+06   1.7944336e+01
   3.7292500e+06   1.8066406e+01
   3.7293380e+06   1.9897461e+01
   3.7293810e+06   1.9165039e+01
   3.7365350e+06   1.8066406e+01
   3.7424790e+06   1.9104004e+01
   3.8158130e+06   2.0874023e+01
   3.8764060e+06   1.8249512e+01
   4.0595630e+06   1.8249512e+01
   4.0595900e+06   1.9897461e+01
   4.0596290e+06   2.1423340e+01
   4.1506170e+06   1.9714355e+01
   4.1506530e+06   1.9958496e+01
   4.1879330e+06   1.8249512e+01
   4.2700620e+06   1.9226074e+01
   4.2700720e+06   1.7822266e+01
   4.2701160e+06   1.9104004e+01
   4.3092110e+06   1.7761230e+01
   4.3092280e+06   2.6733398e+01
   4.3092700e+06   1.8981934e+01
   4.3417660e+06   1.8005371e+01
   4.3417870e+06   2.2827148e+01
   4.3418350e+06   1.8615723e+01
   4.3879680e+06   2.0141602e+01
   4.3879940e+06   1.8371582e+01
   4.3880800e+06   1.8066406e+01
   4.4208420e+06   1.8554688e+01
   4.4208650e+06   2.4719238e+01
   4.4209100e+06   1.9531250e+01
   4.4209470e+06   1.7761230e+01
   4.4274710e+06   1.8005371e+01
   4.4631510e+06   1.7883301e+01
   4.5061430e+06   1.8737793e+01
   4.5364130e+06   1.8371582e+01
   4.5364720e+06   2.6367188e+01
   4.5719490e+06   1.8493652e+01
   4.6014650e+06   2.1728516e+01
   4.7225400e+06   1.7883301e+01
   4.7542850e+06   2.2766113e+01
   4.7784930e+06   1.8798828e+01
   4.8562670e+06   1.7761230e+01
   4.8563200e+06   1.8432617e+01
   5.0050640e+06   1.8615723e+01
   5.0428510e+06   2.0446777e+01
   5.0925090e+06   1.8066406e+01
   5.0925350e+06   2.0568848e+01
   5.1107940e+06   1.8981934e+01
   5.1399650e+06   1.8493652e+01
   5.1616580e+06   1.8798828e+01
   5.1802330e+06   1.9042969e+01
   5.2224000e+06   2.0690918e+01
   5.2224130e+06   1.9836426e+01
   5.2332860e+06   2.1484375e+01
   5.2571880e+06   1.7883301e+01
   5.2572230e+06   1.7761230e+01
   5.2572400e+06   1.9104004e+01
   5.2573160e+06   1.9531250e+01
   5.2773420e+06   2.0507812e+01
   5.2773970e+06   2.2094727e+01
   5.2870900e+06   2.1240234e+01
   5.2871160e+06   1.8798828e+01
   5.2871540e+06   1.7944336e+01
   5.3065540e+06   1.9042969e+01
   5.3065690e+06   2.0324707e+01
   5.3065930e+06   2.3254395e+01
   5.3066560e+06   2.0751953e+01
   5.3067450e+06   1.8493652e+01
   5.3123520e+06   1.8432617e+01
   5.3123750e+06   1.8188477e+01
   5.3124590e+06   1.9226074e+01
   5.3125040e+06   1.8859863e+01
   5.3239600e+06   1.9470215e+01
   5.3240120e+06   1.8554688e+01
   5.3240320e+06   1.8798828e+01
   5.3240810e+06   2.4230957e+01
   5.3241150e+06   1.8005371e+01
   5.3241680e+06   1.7883301e+01
   5.3242470e+06   1.9104004e+01
   5.3245100e+06   1.8798828e+01
   5.3324620e+06   1.8920898e+01
   5.3369890e+06   1.9592285e+01
   5.3370020e+06   2.6977539e+01
   5.3370220e+06   2.1301270e+01
   5.3370410e+06   2.0324707e+01
   5.3370650e+06   1.9348145e+01
   5.3370870e+06   1.8493652e+01
   5.3371390e+06   2.2155762e+01
   5.3440600e+06   2.1606445e+01
   5.3507880e+06   1.8554688e+01
   5.3508970e+06   1.8798828e+01
   5.3532800e+06   1.8920898e+01
   5.3532950e+06   1.7883301e+01
   5.3533950e+06   1.9287109e+01
   5.3534550e+06   1.9470215e+01
   5.3534850e+06   2.1240234e+01
   5.3534960e+06   2.1972656e+01
   5.3567540e+06   1.8310547e+01
   5.3568160e+06   2.1057129e+01
   5.3568490e+06   2.2827148e+01
   5.3568630e+06   2.3315430e+01
   5.3568770e+06   2.0446777e+01
   5.3569090e+06   2.0935059e+01
   5.3569920e+06   1.9042969e+01
   5.3674220e+06   2.5634766e+01
   5.3674400e+06   2.3010254e+01
   5.3674770e+06   1.7761230e+01
   5.3675040e+06   2.6062012e+01
   5.3675160e+06   1.8127441e+01
   5.3675440e+06   1.7761230e+01
   5.3675890e+06   2.0019531e+01
   5.3679820e+06   1.8615723e+01
   5.3723240e+06   1.8615723e+01
   5.3725250e+06   1.8615723e+01
   5.3756850e+06   1.7944336e+01
   5.3756960e+06   2.8747559e+01
   5.3757180e+06   2.0446777e+01
   5.3757710e+06   1.9348145e+01
   5.3758060e+06   1.8554688e+01
   5.3758240e+06   2.5146484e+01
   5.3758380e+06   1.8859863e+01
   5.3760030e+06   1.8798828e+01
   5.3807150e+06   1.8310547e+01
   5.3807940e+06   2.0568848e+01
   5.3809000e+06   1.7944336e+01
   5.3838680e+06   2.1789551e+01
   5.3838950e+06   1.8676758e+01
   5.3839210e+06   2.2338867e+01
   5.3839330e+06   2.1606445e+01
   5.3839460e+06   2.2338867e+01
   5.3839660e+06   2.1362305e+01
   5.3840130e+06   2.2033691e+01
   5.3840270e+06   2.0996094e+01
   5.3841790e+06   1.8737793e+01
   5.3842670e+06   1.8005371e+01
   5.3843010e+06   1.8127441e+01
   5.3913820e+06   2.0080566e+01
   5.3914710e+06   2.0324707e+01
   5.3915160e+06   1.8615723e+01
   5.3915670e+06   1.8737793e+01
   5.3916120e+06   1.8859863e+01
   5.3978860e+06   1.9287109e+01
   5.3979260e+06   2.0019531e+01
   5.3979470e+06   2.2705078e+01
   5.3980060e+06   1.8005371e+01
   5.3980280e+06   2.1667480e+01
   5.3980740e+06   1.8066406e+01
   5.4018980e+06   1.7883301e+01
   5.4019270e+06   1.8066406e+01
   5.4020040e+06   1.7822266e+01
   5.4020950e+06   2.0019531e+01
   5.4052250e+06   1.9897461e+01
   5.4052710e+06   2.6428223e+01
   5.4053010e+06   2.1179199e+01
   5.4053290e+06   1.8066406e+01
   5.4053510e+06   1.7944336e+01
   5.4128340e+06   1.9531250e+01
   5.4128550e+06   2.4230957e+01
   5.4129220e+06   2.3986816e+01
   5.4129320e+06   1.8798828e+01
   5.4129430e+06   1.8066406e+01
   5.4129870e+06   2.3864746e+01
   5.4130830e+06   2.0202637e+01
   5.4173560e+06   1.7822266e+01
   5.4174070e+06   2.1545410e+01
   5.4174760e+06   2.6489258e+01
   5.4175240e+06   1.8066406e+01
   5.4175340e+06   1.7822266e+01
   5.4217760e+06   1.9592285e+01
   5.4218460e+06   2.1545410e+01
   5.4218980e+06   1.8371582e+01
   5.4220550e+06   1.7883301e+01
   5.4258750e+06   1.8493652e+01
   5.4259330e+06   1.9165039e+01
   5.4296310e+06   2.0874023e+01
   5.4297060e+06   2.0202637e+01
   5.4297200e+06   2.0690918e+01
   5.4297550e+06   2.0751953e+01
   5.4297820e+06   2.1545410e+01
   5.4298040e+06   2.0446777e+01
   5.4338270e+06   2.0629883e+01
   5.4339190e+06   1.8249512e+01
   5.4383850e+06   2.0019531e+01
   5.4383980e+06   1.8615723e+01
   5.4384220e+06   2.6916504e+01
   5.4384370e+06   2.1362305e+01
   5.4384710e+06   2.2949219e+01
   5.4385130e+06   2.2949219e+01
   5.4385400e+06   1.9470215e+01
   5.4385580e+06   1.8798828e+01
   5.4385890e+06   2.0202637e+01
   5.4435920e+06   1.8798828e+01
   5.4436510e+06   1.9592285e+01
   5.4436670e+06   2.0446777e+01
   5.4436960e+06   2.2460938e+01
   5.4482460e+06   1.9348145e+01
   5.4482560e+06   1.7883301e+01
   5.4483170e+06   2.2460938e+01
   5.4483310e+06   2.3925781e+01
   5.4484380e+06   1.9409180e+01
   5.4526180e+06   1.9409180e+01
   5.4526330e+06   1.9287109e+01
   5.4526680e+06   2.1728516e+01
   5.4527020e+06   1.9226074e+01
   5.4527970e+06   2.4230957e+01
   5.4575090e+06   1.9653320e+01
   5.4575190e+06   1.8493652e+01
   5.4575730e+06   2.1667480e+01
   5.4575920e+06   1.9104004e+01
   5.4576230e+06   1.8249512e+01
   5.4576450e+06   1.9409180e+01
   5.4578360e+06   1.8005371e+01
   5.4618910e+06   1.8920898e+01
   5.4619100e+06   1.8249512e+01
   5.4619430e+06   2.9235840e+01
   5.4619780e+06   1.8066406e+01
   5.4620260e+06   1.8432617e+01
   5.4664400e+06   1.8371582e+01
   5.4664550e+06   2.0446777e+01
   5.4664880e+06   1.9775391e+01
   5.4725090e+06   1.8005371e+01
   5.4725230e+06   2.0507813e+01
   5.4725550e+06   1.8676758e+01
   5.4725900e+06   1.7883301e+01
   5.4794190e+06   2.4169922e+01
   5.4794370e+06   2.0263672e+01
   5.4794640e+06   2.2277832e+01
   5.4794740e+06   2.5817871e+01
   5.4797400e+06   1.7944336e+01
   5.4844110e+06   2.1667480e+01
   5.4844680e+06   1.8676758e+01
   5.4845200e+06   1.9226074e+01
   5.4845330e+06   2.2460938e+01
   5.4907970e+06   2.2338867e+01
   5.4908240e+06   1.8920898e+01
   5.4908380e+06   1.8188477e+01
   5.4908810e+06   2.3437500e+01
   5.4909310e+06   1.9531250e+01
   5.4981490e+06   3.1311035e+01
   5.4981820e+06   2.3498535e+01
   5.4982010e+06   1.9287109e+01
   5.4982230e+06   1.8005371e+01
   5.4982520e+06   1.9653320e+01
   5.5068500e+06   1.7822266e+01
   5.5068600e+06   1.7944336e+01
   5.5068960e+06   1.9958496e+01
   5.5069110e+06   2.3071289e+01
   5.5069330e+06   1.9653320e+01
   5.5069630e+06   1.8859863e+01
   5.5175800e+06   1.8981934e+01
   5.5176160e+06   2.1911621e+01
   5.5176380e+06   2.0202637e+01
   5.5176560e+06   2.6123047e+01
   5.5176750e+06   2.4414062e+01
   5.5177130e+06   2.8198242e+01
   5.5179030e+06   1.9165039e+01
   5.5179370e+06   1.8127441e+01
   5.5179870e+06   1.8310547e+01
   5.5277800e+06   1.8798828e+01
   5.5278060e+06   2.2766113e+01
   5.5278310e+06   2.5329590e+01
   5.5278630e+06   2.4536133e+01
   5.5278730e+06   1.7883301e+01
   5.5279010e+06   1.9958496e+01
   5.5279460e+06   2.2094727e+01
   5.5280840e+06   1.8859863e+01
   5.5391700e+06   1.9470215e+01
   5.5391820e+06   2.8076172e+01
   5.5392010e+06   1.8737793e+01
   5.5392170e+06   1.8005371e+01
   5.5396260e+06   2.1789551e+01
   5.5465790e+06   1.8676758e+01
   5.5466040e+06   1.8798828e+01
   5.5467680e+06   1.9104004e+01
   5.5468560e+06   1.8371582e+01
   5.5588360e+06   1.8249512e+01
   5.5588670e+06   1.8859863e+01
   5.5588890e+06   2.2949219e+01
   5.5589230e+06   2.0080566e+01
   5.5589450e+06   1.8188477e+01
   5.5589710e+06   1.8920898e+01
   5.5590090e+06   2.3376465e+01
   5.5590460e+06   1.8066406e+01
   5.5590730e+06   1.8981934e+01
   5.5591510e+06   2.0935059e+01
   5.5651880e+06   2.3986816e+01
   5.5652120e+06   2.9418945e+01
   5.5652570e+06   2.1606445e+01
   5.5652690e+06   2.4597168e+01
   5.5653130e+06   1.9165039e+01
   5.5653300e+06   1.8005371e+01
   5.6554360e+06   1.9409180e+01
   5.6960130e+06   1.7883301e+01
   5.6961740e+06   1.8493652e+01
   5.7554730e+06   2.0446777e+01
   5.7970430e+06   1.8066406e+01
   5.8216250e+06   1.9836426e+01
   5.9115290e+06   1.8127441e+01
