   5.9990000e+06   0.0000000e+00
   1.6004000e+04   1.6540527e+01
   1.2399400e+05   1.6418457e+01
   1.2798200e+05   1.6540527e+01
   1.8154900e+05   1.7272949e+01
   2.3469500e+05   1.6540527e+01
   3.2073900e+05   1.6601563e+01
   4.0096000e+05   1.6418457e+01
   4.6856500e+05   1.7333984e+01
   4.6907600e+05   1.7395020e+01
   5.1639100e+05   2.2521973e+01
   5.6328800e+05   2.1789551e+01
   5.7484500e+05   1.6479492e+01
   6.2628700e+05   1.7272949e+01
   7.9784500e+05   1.8554688e+01
   8.3427700e+05   1.6235352e+01
   8.3650200e+05   1.9348145e+01
   8.5531200e+05   2.1545410e+01
   9.1330900e+05   1.9592285e+01
   9.4502200e+05   1.8432617e+01
   9.5460200e+05   1.7089844e+01
   9.8483500e+05   1.6174316e+01
   9.9931100e+05   1.7761230e+01
   1.0085290e+06   1.9836426e+01
   1.0087390e+06   1.7272949e+01
   1.0357600e+06   1.7395020e+01
   1.0359610e+06   1.7456055e+01
   1.0501200e+06   2.1606445e+01
   1.0752560e+06   1.9836426e+01
   1.0753070e+06   1.8432617e+01
   1.0762850e+06   1.9958496e+01
   1.0763700e+06   1.6540527e+01
   1.1100220e+06   1.8310547e+01
   1.1781700e+06   1.7700195e+01
   1.2058920e+06   1.7272949e+01
   1.2064210e+06   1.6357422e+01
   1.2199620e+06   1.8066406e+01
   1.2599820e+06   1.6845703e+01
   1.2606660e+06   1.8066406e+01
   1.2609780e+06   1.8310547e+01
   1.2777180e+06   1.9470215e+01
   1.2856830e+06   1.9042969e+01
   1.2897420e+06   2.0324707e+01
   1.2900830e+06   1.8493652e+01
   1.2901850e+06   1.6540527e+01
   1.3049080e+06   2.0751953e+01
   1.3049560e+06   1.7822266e+01
   1.3428680e+06   1.6662598e+01
   1.4166290e+06   1.7028809e+01
   1.4823400e+06   1.7761230e+01
   1.6385200e+06   1.6784668e+01
   1.6577300e+06   1.7028809e+01
   1.6577830e+06   1.8432617e+01
   1.6649520e+06   1.6662598e+01
   1.6697510e+06   1.7028809e+01
   1.6697820e+06   2.3681641e+01
   1.6698430e+06   2.1240234e+01
   1.6751080e+06   2.5268555e+01
   1.6848320e+06   1.6967773e+01
   1.6849240e+06   1.8615723e+01
   1.6894900e+06   1.6601562e+01
   1.6895140e+06   2.0996094e+01
   1.6895400e+06   1.7822266e+01
   1.6895550e+06   2.0263672e+01
   1.6895880e+06   1.7211914e+01
   1.6896050e+06   1.7456055e+01
   1.6896900e+06   2.0019531e+01
   1.6898710e+06   1.6662598e+01
   1.6977560e+06   1.8371582e+01
   1.7002460e+06   2.3742676e+01
   1.7003690e+06   1.6235352e+01
   1.7035700e+06   1.9592285e+01
   1.7036410e+06   2.1911621e+01
   1.7036590e+06   1.9958496e+01
   1.7036930e+06   1.7333984e+01
   1.7037030e+06   1.8859863e+01
   1.7037440e+06   2.4230957e+01
   1.7037910e+06   1.8493652e+01
   1.7039870e+06   1.6479492e+01
   1.7118170e+06   1.7883301e+01
   1.7118350e+06   2.7587891e+01
   1.7118870e+06   1.6235352e+01
   1.7119800e+06   1.6540527e+01
   1.7161240e+06   1.6418457e+01
   1.7161440e+06   1.6235352e+01
   1.7189780e+06   1.8920898e+01
   1.7190230e+06   1.7944336e+01
   1.7190330e+06   1.7883301e+01
   1.7190800e+06   1.6418457e+01
   1.7191090e+06   1.8798828e+01
   1.7191370e+06   1.7578125e+01
   1.7241260e+06   1.7333984e+01
   1.7268010e+06   1.8310547e+01
   1.7268200e+06   2.0446777e+01
   1.7268550e+06   1.7333984e+01
   1.7269020e+06   2.2949219e+01
   1.7269230e+06   1.6540527e+01
   1.7269730e+06   1.8981934e+01
   1.7272940e+06   1.8310547e+01
   1.7274330e+06   1.6357422e+01
   1.7316290e+06   1.9348145e+01
   1.7316790e+06   1.8127441e+01
   1.7342770e+06   2.0446777e+01
   1.7342910e+06   2.8869629e+01
   1.7343220e+06   1.9714355e+01
   1.7343600e+06   1.7761230e+01
   1.7343820e+06   2.1789551e+01
   1.7346100e+06   1.7639160e+01
   1.7390680e+06   1.6174316e+01
   1.7391070e+06   1.9042969e+01
   1.7391350e+06   2.1850586e+01
   1.7429150e+06   1.6296387e+01
   1.7429750e+06   1.9409180e+01
   1.7429940e+06   1.7578125e+01
   1.7430230e+06   2.1362305e+01
   1.7430720e+06   2.2521973e+01
   1.7469920e+06   1.6662598e+01
   1.7470770e+06   1.6906738e+01
   1.7500880e+06   1.6418457e+01
   1.7500980e+06   1.9958496e+01
   1.7501590e+06   1.7150879e+01
   1.7501770e+06   1.8249512e+01
   1.7502230e+06   1.7211914e+01
   1.7544430e+06   1.9714355e+01
   1.7544750e+06   2.0019531e+01
   1.7586370e+06   2.0019531e+01
   1.7586640e+06   1.8493652e+01
   1.7586760e+06   1.6601562e+01
   1.7587030e+06   1.9531250e+01
   1.7587280e+06   2.0935059e+01
   1.7587850e+06   1.6296387e+01
   1.7631980e+06   2.1118164e+01
   1.7666480e+06   1.7456055e+01
   1.7666770e+06   1.6662598e+01
   1.7667080e+06   1.7883301e+01
   1.7714290e+06   2.2277832e+01
   1.7714670e+06   1.7944336e+01
   1.7714990e+06   1.6540527e+01
   1.7765300e+06   1.6235352e+01
   1.7765610e+06   1.7456055e+01
   1.7765820e+06   1.6601562e+01
   1.7766060e+06   1.7150879e+01
   1.7766240e+06   1.6723633e+01
   1.7766610e+06   2.0019531e+01
   1.7767080e+06   1.6967773e+01
   1.7819220e+06   1.7089844e+01
   1.7819630e+06   2.1057129e+01
   1.7819870e+06   2.1179199e+01
   1.7820150e+06   2.0690918e+01
   1.7820970e+06   1.6296387e+01
   1.7882770e+06   1.9348145e+01
   1.7883390e+06   1.7639160e+01
   1.7883540e+06   1.7761230e+01
   1.7883880e+06   1.7944336e+01
   1.7931860e+06   1.6723633e+01
   1.7982470e+06   1.8676758e+01
   1.7983130e+06   2.0385742e+01
   1.7983440e+06   1.7272949e+01
   1.7984010e+06   1.7883301e+01
   1.8049770e+06   1.8981934e+01
   1.8050000e+06   1.6174316e+01
   1.8050330e+06   1.9409180e+01
   1.8050530e+06   1.8005371e+01
   1.8050940e+06   2.3681641e+01
   1.8108180e+06   1.6235352e+01
   1.8108320e+06   1.8676758e+01
   1.8108950e+06   2.0324707e+01
   1.8110330e+06   1.6845703e+01
   1.8163170e+06   1.8310547e+01
   1.8163440e+06   1.6540527e+01
   1.8164190e+06   1.6784668e+01
   1.8247560e+06   1.9897461e+01
   1.8247880e+06   2.2399902e+01
   1.8248280e+06   1.8615723e+01
   1.8248460e+06   1.7456055e+01
   1.8248860e+06   1.6723633e+01
   1.8249320e+06   1.6418457e+01
   1.8375960e+06   1.9836426e+01
   1.8376230e+06   2.2644043e+01
   1.8376400e+06   1.6601562e+01
   1.8376630e+06   1.6967773e+01
   1.8377000e+06   1.7211914e+01
   1.8377260e+06   1.7578125e+01
   1.8377510e+06   1.7944336e+01
   1.8463900e+06   1.7028809e+01
   1.8464560e+06   1.6601562e+01
   1.8465030e+06   1.7456055e+01
   1.8465160e+06   1.9226074e+01
   1.8554940e+06   1.7578125e+01
   1.8555230e+06   2.3742676e+01
   1.8555570e+06   1.9287109e+01
   1.8555740e+06   2.7526855e+01
   1.8559030e+06   1.6357422e+01
   1.8728710e+06   1.6845703e+01
   1.8729140e+06   3.0578613e+01
   1.8729560e+06   1.9531250e+01
   1.8729860e+06   1.9653320e+01
   1.8730040e+06   1.7028809e+01
   1.8730490e+06   1.8859863e+01
   2.2585340e+06   1.6540527e+01
   2.3781840e+06   1.8920898e+01
   2.4700010e+06   1.9287109e+01
   2.4791890e+06   2.2460938e+01
   2.5486730e+06   1.7150879e+01
   2.6068580e+06   2.2705078e+01
   2.6075550e+06   1.7517090e+01
   2.7482850e+06   1.7639160e+01
   2.7487750e+06   1.7150879e+01
   2.7490160e+06   1.6174316e+01
   2.9115900e+06   1.6296387e+01
   2.9610110e+06   1.8371582e+01
   3.3996330e+06   1.7150879e+01
   3.4711860e+06   2.0568848e+01
   3.4717010e+06   1.6967773e+01
   3.5120820e+06   1.8432617e+01
   3.6000000e+06   1.8188477e+01
   3.7300430e+06   1.7517090e+01
   3.7306030e+06   1.8188477e+01
   3.7814880e+06   1.9348145e+01
   3.8803140e+06   1.9836426e+01
   4.0615700e+06   1.9653320e+01
   4.0616160e+06   1.7333984e+01
   4.0618570e+06   1.9958496e+01
   4.1902240e+06   1.6906738e+01
   4.1902720e+06   1.7639160e+01
   4.2488450e+06   2.2399902e+01
   4.2489170e+06   1.7517090e+01
   4.2740730e+06   1.6784668e+01
   4.2911850e+06   1.9775391e+01
   4.4235760e+06   1.6357422e+01
   4.6513740e+06   1.8554688e+01
   4.6591310e+06   1.6418457e+01
   4.8145730e+06   1.6235352e+01
   4.8455260e+06   1.6845703e+01
   4.8456630e+06   1.7578125e+01
   4.9436740e+06   1.7272949e+01
   4.9977950e+06   1.8249512e+01
   5.0071580e+06   1.9958496e+01
   5.0072480e+06   1.7456055e+01
   5.0072710e+06   1.6357422e+01
   5.0075900e+06   1.7578125e+01
   5.0397180e+06   1.6723633e+01
   5.0403850e+06   1.7395020e+01
   5.0519830e+06   1.8249512e+01
   5.1004590e+06   1.6235352e+01
   5.1169090e+06   1.9653320e+01
   5.1328970e+06   1.6296387e+01
   5.1366440e+06   1.9531250e+01
   5.1366720e+06   1.8188477e+01
   5.1394470e+06   1.8249512e+01
   5.1935440e+06   2.0935059e+01
   5.3125340e+06   1.6479492e+01
   5.3198890e+06   1.7028809e+01
   5.3214710e+06   1.6845703e+01
   5.3220940e+06   1.6479492e+01
   5.3241480e+06   1.6418457e+01
   5.3370770e+06   2.1240234e+01
   5.3371120e+06   1.8676758e+01
   5.3371290e+06   1.6784668e+01
   5.3441010e+06   1.6418457e+01
   5.3442620e+06   1.6662598e+01
   5.3444680e+06   1.6601562e+01
   5.3446080e+06   1.6662598e+01
   5.3448480e+06   1.6296387e+01
   5.3535070e+06   1.8615723e+01
   5.3568570e+06   1.6723633e+01
   5.3569030e+06   1.9836426e+01
   5.3569170e+06   1.7517090e+01
   5.3569680e+06   1.6784668e+01
   5.3627590e+06   1.6967773e+01
   5.3627700e+06   2.0263672e+01
   5.3634660e+06   1.8981934e+01
   5.3674620e+06   1.9592285e+01
   5.3675400e+06   1.7822266e+01
   5.3675720e+06   1.7211914e+01
   5.3676150e+06   1.9042969e+01
   5.3677060e+06   1.6418457e+01
   5.3757340e+06   1.6845703e+01
   5.3757800e+06   2.2033691e+01
   5.3758310e+06   1.7822266e+01
   5.3758710e+06   2.3864746e+01
   5.3809880e+06   1.6296387e+01
   5.3839520e+06   1.7883301e+01
   5.3839750e+06   2.6794434e+01
   5.3839960e+06   2.5512695e+01
   5.3840400e+06   1.8310547e+01
   5.3840520e+06   1.6845703e+01
   5.3842340e+06   1.8554688e+01
   5.3914520e+06   1.6357422e+01
   5.3915540e+06   2.5817871e+01
   5.3958240e+06   1.9775391e+01
   5.3959510e+06   1.8554688e+01
   5.3960370e+06   1.7272949e+01
   5.3979220e+06   2.1118164e+01
   5.3980230e+06   1.6845703e+01
   5.3980420e+06   1.7883301e+01
   5.4019280e+06   1.7028809e+01
   5.4020190e+06   2.4108887e+01
   5.4052480e+06   1.8554688e+01
   5.4052660e+06   1.7150879e+01
   5.4053280e+06   1.8066406e+01
   5.4054320e+06   1.8615723e+01
   5.4056290e+06   2.0751953e+01
   5.4128860e+06   1.7150879e+01
   5.4129320e+06   2.0202637e+01
   5.4129600e+06   1.7944336e+01
   5.4130760e+06   1.6540527e+01
   5.4131580e+06   1.7517090e+01
   5.4173730e+06   1.7089844e+01
   5.4174930e+06   1.7761230e+01
   5.4217550e+06   2.3925781e+01
   5.4218030e+06   1.6784668e+01
   5.4218290e+06   1.7333984e+01
   5.4259660e+06   1.6174316e+01
   5.4296420e+06   1.7578125e+01
   5.4296650e+06   2.5573730e+01
   5.4297360e+06   2.0812988e+01
   5.4297560e+06   1.7639160e+01
   5.4384350e+06   1.6418457e+01
   5.4384910e+06   2.1606445e+01
   5.4387800e+06   1.6906738e+01
   5.4436410e+06   1.6723633e+01
   5.4437270e+06   1.6479492e+01
   5.4437370e+06   1.8188477e+01
   5.4482690e+06   1.9470215e+01
   5.4483110e+06   1.7761230e+01
   5.4483280e+06   1.7272949e+01
   5.4526200e+06   1.7578125e+01
   5.4526510e+06   1.8981934e+01
   5.4526980e+06   1.7333984e+01
   5.4575930e+06   1.8066406e+01
   5.4576290e+06   2.4597168e+01
   5.4577080e+06   1.7639160e+01
   5.4577230e+06   1.7333984e+01
   5.4580590e+06   1.6906738e+01
   5.4664730e+06   1.8615723e+01
   5.4665080e+06   1.9409180e+01
   5.4665280e+06   2.2705078e+01
   5.4725550e+06   1.7150879e+01
   5.4725760e+06   1.8188477e+01
   5.4793880e+06   1.7395020e+01
   5.4794120e+06   1.7272949e+01
   5.4794480e+06   1.6967773e+01
   5.4794970e+06   1.6235352e+01
   5.4843740e+06   1.9226074e+01
   5.4844390e+06   1.8188477e+01
   5.4908470e+06   1.7028809e+01
   5.4908790e+06   1.9470215e+01
   5.4908970e+06   1.8249512e+01
   5.4909180e+06   1.7395020e+01
   5.4911420e+06   1.9836426e+01
   5.4980920e+06   1.9653320e+01
   5.4982340e+06   1.9287109e+01
   5.4982550e+06   1.7028809e+01
   5.5068690e+06   1.8615723e+01
   5.5069230e+06   1.7028809e+01
   5.5069400e+06   1.6418457e+01
   5.5069770e+06   1.7028809e+01
   5.5176150e+06   1.9531250e+01
   5.5176290e+06   1.7028809e+01
   5.5176520e+06   2.9602051e+01
   5.5176780e+06   2.1240234e+01
   5.5278270e+06   1.6662598e+01
   5.5278820e+06   2.2277832e+01
   5.5279160e+06   1.6357422e+01
   5.5391070e+06   2.0446777e+01
   5.5391540e+06   2.0446777e+01
   5.5391700e+06   1.6418457e+01
   5.5391910e+06   1.6418457e+01
   5.5392100e+06   2.3681641e+01
   5.5392590e+06   1.6967773e+01
   5.5392860e+06   1.7578125e+01
   5.5465960e+06   2.0446777e+01
   5.5466310e+06   1.9592285e+01
   5.5466550e+06   1.9775391e+01
   5.5466910e+06   2.0080566e+01
   5.5467230e+06   2.2583008e+01
   5.5588850e+06   1.7517090e+01
   5.5589210e+06   1.8920898e+01
   5.5589390e+06   2.0935059e+01
   5.5593100e+06   1.6906738e+01
   5.9124130e+06   2.0996094e+01
   5.9130730e+06   1.7028809e+01
   5.9756540e+06   1.7639160e+01
   5.9870870e+06   1.8554688e+01
