   5.9990000e+06   0.0000000e+00
   8.6200000e+02   3.0029297e+01
   8.9700000e+02   4.9621582e+01
   9.0900000e+02   2.4658203e+01
   1.4360000e+03   7.7331543e+01
   1.4630000e+03   3.0578613e+01
   1.5333000e+04   2.8015137e+01
   1.5751000e+04   2.8503418e+01
   1.5873000e+04   2.6977539e+01
   1.5936000e+04   2.5146484e+01
   1.5974000e+04   2.4414062e+01
   1.6105000e+04   1.6052246e+01
   3.1345000e+04   2.8442383e+01
   3.1380000e+04   1.5991211e+01
   3.1417000e+04   2.6062012e+01
   4.2903000e+04   5.6884766e+01
   4.2913000e+04   3.1982422e+01
   4.4746000e+04   5.2551270e+01
   5.8904000e+04   5.0781250e+01
   6.0082000e+04   5.2734375e+01
   6.0178000e+04   2.8198242e+01
   6.0212000e+04   1.6174316e+01
   7.1363000e+04   2.7954102e+01
   7.1398000e+04   3.8879395e+01
   7.8665000e+04   5.6030273e+01
   1.1540000e+05   1.5258789e+01
   1.1609000e+05   5.5236816e+01
   1.2330100e+05   2.9357910e+01
   1.2335700e+05   2.8198242e+01
   1.2339000e+05   2.3559570e+01
   1.2340700e+05   1.8005371e+01
   1.2342600e+05   5.1635742e+01
   1.2630800e+05   2.1789551e+01
   1.2635300e+05   1.7761230e+01
   1.2798300e+05   5.4931641e+01
   1.3781800e+05   5.3955078e+01
   1.3923500e+05   2.9174805e+01
   1.3926600e+05   3.0822754e+01
   1.3930400e+05   5.2734375e+01
   1.3931500e+05   2.2644043e+01
   1.6255900e+05   5.5419922e+01
   1.8105600e+05   5.3100586e+01
   1.8153000e+05   2.4719238e+01
   1.8155300e+05   5.0354004e+01
   1.8157900e+05   1.7639160e+01
   1.9337800e+05   3.1921387e+01
   1.9341200e+05   5.7312012e+01
   1.9375400e+05   2.7587891e+01
   1.9999400e+05   6.3476562e+01
   2.1742300e+05   1.6662598e+01
   2.1762700e+05   2.8869629e+01
   2.3470100e+05   4.5593262e+01
   2.4018000e+05   1.7028809e+01
   2.5013600e+05   2.7465820e+01
   2.5016500e+05   2.7709961e+01
   2.5017500e+05   5.8776855e+01
   2.5020200e+05   2.3681641e+01
   2.5023600e+05   4.6936035e+01
   2.5076400e+05   1.7272949e+01
   2.6464400e+05   4.3945313e+01
   2.6465800e+05   3.9489746e+01
   2.6467100e+05   4.0039063e+01
   2.8977000e+05   2.3437500e+01
   2.8979000e+05   5.2185059e+01
   2.9170200e+05   1.7028809e+01
   2.9303300e+05   2.7893066e+01
   2.9306200e+05   1.6845703e+01
   2.9308200e+05   4.0649414e+01
   3.2074600e+05   5.5725098e+01
   3.3489000e+05   2.0751953e+01
   3.3494100e+05   2.0385742e+01
   3.4224500e+05   1.8127441e+01
   3.4228200e+05   1.8310547e+01
   3.4232300e+05   1.9348145e+01
   3.4239600e+05   1.5930176e+01
   3.5090500e+05   4.4250488e+01
   3.8222300e+05   2.1301270e+01
   4.0039600e+05   5.0476074e+01
   4.0059100e+05   5.4626465e+01
   4.0062700e+05   4.2114258e+01
   4.0065400e+05   1.5258789e+01
   4.3318600e+05   2.3559570e+01
   4.3323000e+05   1.6296387e+01
   4.4877300e+05   4.2297363e+01
   4.4879300e+05   1.5869141e+01
   4.4895400e+05   3.3569336e+01
   4.7918700e+05   5.8044434e+01
   4.9878100e+05   2.7954102e+01
   5.1548900e+05   3.0578613e+01
   5.1581700e+05   3.0639648e+01
   5.1586200e+05   2.5085449e+01
   5.1589700e+05   1.6235352e+01
   5.1594700e+05   1.6235352e+01
   5.1617900e+05   1.6479492e+01
   5.1634100e+05   2.1484375e+01
   5.1637500e+05   2.8137207e+01
   5.1638600e+05   5.2978516e+01
   5.2697300e+05   2.7648926e+01
   5.2994300e+05   4.0405273e+01
   5.2998500e+05   5.2185059e+01
   5.3000100e+05   1.5380859e+01
   5.3001500e+05   6.9519043e+01
   5.5606100e+05   1.9714355e+01
   5.6290700e+05   1.6479492e+01
   5.6294900e+05   1.5625000e+01
   5.7066700e+05   1.7150879e+01
   5.7440300e+05   1.6418457e+01
   5.7853600e+05   4.4250488e+01
   5.7859800e+05   1.7578125e+01
   5.7862600e+05   4.5532227e+01
   5.9564800e+05   3.1982422e+01
   6.2542500e+05   1.8981934e+01
   6.2546800e+05   1.5258789e+01
   6.3635200e+05   3.1127930e+01
   6.3640100e+05   2.8198242e+01
   6.3643900e+05   2.5817871e+01
   6.6601700e+05   1.6174316e+01
   6.6606900e+05   3.8085938e+01
   6.6838100e+05   5.2490234e+01
   6.6842700e+05   1.8615723e+01
   6.6846200e+05   5.6091309e+01
   6.6848100e+05   6.1218262e+01
   6.6855500e+05   3.4545898e+01
   6.9960400e+05   1.7089844e+01
   7.0724900e+05   2.7526855e+01
   7.1989800e+05   2.1362305e+01
   7.1991600e+05   1.6357422e+01
   7.1993800e+05   2.9663086e+01
   7.2292100e+05   3.3142090e+01
   7.2297900e+05   2.8198242e+01
   7.2300700e+05   5.5419922e+01
   7.2302600e+05   2.7160645e+01
   7.3086100e+05   3.7719727e+01
   7.3152100e+05   4.0161133e+01
   7.3210300e+05   3.0883789e+01
   7.4008500e+05   3.6865234e+01
   7.4368600e+05   2.5634766e+01
   7.4830300e+05   3.7536621e+01
   7.4876700e+05   1.8432617e+01
   7.5060100e+05   4.2785645e+01
   7.5072700e+05   3.5400391e+01
   7.5077800e+05   3.4851074e+01
   7.5091100e+05   3.5278320e+01
   7.5098100e+05   2.8747559e+01
   7.5109700e+05   2.8503418e+01
   7.5148800e+05   3.5644531e+01
   7.5158600e+05   2.6794434e+01
   7.5166100e+05   2.8869629e+01
   7.5198800e+05   3.0273437e+01
   7.5240900e+05   3.2775879e+01
   7.5270200e+05   3.1372070e+01
   7.5290600e+05   6.2072754e+01
   7.5472300e+05   3.6865234e+01
   7.5503500e+05   3.2287598e+01
   7.5528200e+05   3.0761719e+01
   7.5550000e+05   3.0822754e+01
   7.5575100e+05   3.1372070e+01
   7.5602500e+05   3.1188965e+01
   7.5648700e+05   3.1433105e+01
   7.5684400e+05   2.8747559e+01
   7.5717100e+05   3.6071777e+01
   7.5749000e+05   3.3447266e+01
   7.5793700e+05   2.7221680e+01
   7.5821600e+05   3.2775879e+01
   7.5855700e+05   3.2592773e+01
   7.5876900e+05   2.7526855e+01
   7.5914100e+05   1.6906738e+01
   7.5920400e+05   3.0517578e+01
   7.6054100e+05   3.4362793e+01
   7.6097500e+05   3.3569336e+01
   7.6136300e+05   3.2470703e+01
   7.6174500e+05   2.8259277e+01
   7.6266700e+05   3.3630371e+01
   7.6331500e+05   2.6611328e+01
   7.6369200e+05   3.2165527e+01
   7.6407800e+05   3.0639648e+01
   7.6437100e+05   3.0212402e+01
   7.6490800e+05   3.1311035e+01
   7.6517900e+05   3.1250000e+01
   7.6574900e+05   3.0212402e+01
   7.6781300e+05   3.5156250e+01
   7.6828400e+05   4.5532227e+01
   7.7036900e+05   3.9001465e+01
   7.7086700e+05   3.2714844e+01
   7.7117900e+05   3.6071777e+01
   7.7145900e+05   3.4301758e+01
   7.7189700e+05   3.2958984e+01
   7.7232400e+05   3.4179688e+01
   7.7274700e+05   3.1433105e+01
   7.7320600e+05   3.4973145e+01
   7.7362400e+05   3.4057617e+01
   7.7407000e+05   2.9602051e+01
   7.7459500e+05   3.2531738e+01
   7.7509800e+05   3.4362793e+01
   7.7568400e+05   2.8991699e+01
   7.7618700e+05   3.4362793e+01
   7.7665800e+05   2.9846191e+01
   7.7725200e+05   3.1860352e+01
   7.7780000e+05   3.1494141e+01
   7.7899800e+05   3.2409668e+01
   7.7956200e+05   3.5339355e+01
   7.8016100e+05   3.5156250e+01
   7.8070300e+05   3.4301758e+01
   7.8133400e+05   3.2470703e+01
   7.8181700e+05   3.2958984e+01
   7.8230300e+05   2.9174805e+01
   7.8289600e+05   2.9907227e+01
   7.8365700e+05   3.4301758e+01
   7.8441600e+05   3.7780762e+01
   7.8496200e+05   3.4179688e+01
   7.8991600e+05   3.5339355e+01
   7.9111500e+05   3.7963867e+01
   7.9357700e+05   4.0405273e+01
   7.9724500e+05   3.6315918e+01
   7.9726100e+05   4.6447754e+01
   7.9731500e+05   2.7160645e+01
   7.9740100e+05   2.7404785e+01
   7.9760700e+05   2.5695801e+01
   7.9762100e+05   3.9245605e+01
   8.0730500e+05   3.5217285e+01
   8.1039200e+05   3.0578613e+01
   8.1043000e+05   2.7282715e+01
   8.1048300e+05   2.7648926e+01
   8.1109600e+05   2.4230957e+01
   8.1113300e+05   2.0935059e+01
   8.1120500e+05   2.7465820e+01
   8.1186800e+05   2.6428223e+01
   8.1190100e+05   5.2368164e+01
   8.3627100e+05   2.3254395e+01
   8.3631400e+05   2.4597168e+01
   8.3638400e+05   2.3071289e+01
   8.3643600e+05   2.9357910e+01
   8.3658000e+05   2.4841309e+01
   8.3663600e+05   2.8747559e+01
   8.3666400e+05   3.0151367e+01
   8.3679900e+05   2.7954102e+01
   8.4724800e+05   5.6823730e+01
   8.4734000e+05   5.7067871e+01
   8.4735400e+05   3.9306641e+01
   8.4737400e+05   2.9663086e+01
   8.5478400e+05   4.9255371e+01
   8.5492200e+05   4.8706055e+01
   8.5494700e+05   2.9479980e+01
   8.5526700e+05   3.2470703e+01
   8.5531900e+05   3.5217285e+01
   8.6414800e+05   2.4475098e+01
   8.6476400e+05   2.6672363e+01
   8.6480700e+05   2.6000977e+01
   8.8250700e+05   2.1667480e+01
   8.8252400e+05   4.6142578e+01
   8.8254500e+05   2.3376465e+01
   8.8282200e+05   2.5695801e+01
   8.8285400e+05   2.4353027e+01
   8.8413300e+05   2.8503418e+01
   8.8433500e+05   2.8259277e+01
   8.8435500e+05   5.2978516e+01
   8.8441000e+05   2.4658203e+01
   8.8445200e+05   5.3894043e+01
   8.9621800e+05   2.9235840e+01
   8.9626100e+05   2.4719238e+01
   8.9630300e+05   4.5043945e+01
   8.9632300e+05   4.2724609e+01
   9.1317300e+05   3.1311035e+01
   9.1321400e+05   2.4536133e+01
   9.1323400e+05   5.4870605e+01
   9.1324800e+05   2.2460937e+01
   9.1328900e+05   2.0874023e+01
   9.2037600e+05   3.0944824e+01
   9.2066200e+05   3.3935547e+01
   9.2070900e+05   3.0273437e+01
   9.2074400e+05   2.9113770e+01
   9.2076500e+05   4.6020508e+01
   9.3313600e+05   4.7912598e+01
   9.3316800e+05   1.8432617e+01
   9.3321000e+05   3.0456543e+01
   9.3323100e+05   2.8686523e+01
   9.3325900e+05   1.8920898e+01
   9.4409300e+05   3.0883789e+01
   9.4412100e+05   2.1728516e+01
   9.5466900e+05   2.0629883e+01
   9.6335400e+05   3.2287598e+01
   9.6340000e+05   2.5451660e+01
   9.6350500e+05   2.3437500e+01
   9.6354900e+05   2.3681641e+01
   9.6402700e+05   3.0395508e+01
   9.6414600e+05   2.5451660e+01
   9.6415600e+05   2.9357910e+01
   9.7124200e+05   2.7038574e+01
   9.8461900e+05   3.1860352e+01
   9.8466200e+05   2.5024414e+01
   9.8483100e+05   1.7883301e+01
   9.8485500e+05   4.7424316e+01
   9.8486700e+05   4.9255371e+01
   9.8489900e+05   3.3264160e+01
   9.9913600e+05   1.6845703e+01
   1.0080140e+06   2.8137207e+01
   1.0082950e+06   4.9011230e+01
   1.0087170e+06   2.6489258e+01
   1.0366170e+06   4.8034668e+01
   1.0497080e+06   2.0446777e+01
   1.0498270e+06   2.0324707e+01
   1.0498440e+06   2.8625488e+01
   1.0626020e+06   1.5686035e+01
   1.0746030e+06   1.5869141e+01
   1.0763770e+06   3.5583496e+01
   1.0764130e+06   3.8208008e+01
   1.0764540e+06   4.2724609e+01
   1.0889620e+06   2.5512695e+01
   1.0889970e+06   2.2644043e+01
   1.0890370e+06   1.9958496e+01
   1.1098750e+06   1.6296387e+01
   1.1099240e+06   5.8227539e+01
   1.1100390e+06   2.3498535e+01
   1.1321580e+06   2.8198242e+01
   1.1348740e+06   4.7119141e+01
   1.1351460e+06   3.1311035e+01
   1.1351620e+06   3.0334473e+01
   1.1379180e+06   1.5441895e+01
   1.1571230e+06   2.8259277e+01
   1.1588710e+06   6.3232422e+01
   1.1589330e+06   4.9987793e+01
   1.1708200e+06   5.7006836e+01
   1.1775260e+06   4.4189453e+01
   1.1775410e+06   2.4230957e+01
   1.1775570e+06   6.5124512e+01
   1.1782300e+06   2.8564453e+01
   1.1783220e+06   2.5634766e+01
   1.1930630e+06   1.5380859e+01
   1.2060210e+06   2.3742676e+01
   1.2060610e+06   2.6184082e+01
   1.2060970e+06   2.4169922e+01
   1.2063120e+06   3.2836914e+01
   1.2064110e+06   2.8747559e+01
   1.2198100e+06   1.8493652e+01
   1.2198450e+06   1.5930176e+01
   1.2198840e+06   3.7048340e+01
   1.2200090e+06   2.0263672e+01
   1.2200320e+06   2.5512695e+01
   1.2201450e+06   2.8930664e+01
   1.2369420e+06   1.6052246e+01
   1.2587950e+06   3.2470703e+01
   1.2588350e+06   2.1301270e+01
   1.2588950e+06   2.2399902e+01
   1.2589540e+06   2.6794434e+01
   1.2589930e+06   2.1972656e+01
   1.2607430e+06   1.8310547e+01
   1.2608040e+06   1.5258789e+01
   1.2609770e+06   4.6325684e+01
   1.2610010e+06   4.6081543e+01
   1.2756520e+06   2.8747559e+01
   1.2757840e+06   3.1616211e+01
   1.2855950e+06   2.9052734e+01
   1.2867760e+06   3.4423828e+01
   1.2868940e+06   3.6682129e+01
   1.2869630e+06   3.3508301e+01
   1.2870420e+06   3.0639648e+01
   1.2873820e+06   3.8085938e+01
   1.2877570e+06   3.5217285e+01
   1.2879530e+06   4.8034668e+01
   1.2880110e+06   2.1789551e+01
   1.2880960e+06   3.0700684e+01
   1.2881680e+06   3.1738281e+01
   1.2889740e+06   3.3752441e+01
   1.2891710e+06   3.4545898e+01
   1.2893230e+06   3.6926270e+01
   1.2895700e+06   3.2775879e+01
   1.2897730e+06   3.3813477e+01
   1.2901120e+06   3.1677246e+01
   1.2904160e+06   3.0029297e+01
   1.2908420e+06   2.8625488e+01
   1.2910710e+06   3.2348633e+01
   1.2912800e+06   3.2836914e+01
   1.2914850e+06   3.1311035e+01
   1.2916950e+06   3.1555176e+01
   1.2919900e+06   3.1982422e+01
   1.2921290e+06   2.9174805e+01
   1.2923650e+06   2.8503418e+01
   1.2925640e+06   3.1921387e+01
   1.2928170e+06   2.8259277e+01
   1.2930200e+06   3.0761719e+01
   1.2932530e+06   3.4729004e+01
   1.2935160e+06   3.6437988e+01
   1.2937140e+06   2.6672363e+01
   1.2939770e+06   2.9296875e+01
   1.2942670e+06   2.9174805e+01
   1.2944070e+06   2.6123047e+01
   1.2946770e+06   2.7282715e+01
   1.2958950e+06   3.1738281e+01
   1.2961770e+06   3.3081055e+01
   1.2964630e+06   2.8076172e+01
   1.2967230e+06   3.0273437e+01
   1.2970340e+06   3.2714844e+01
   1.2973350e+06   2.8625488e+01
   1.2977470e+06   2.8381348e+01
   1.2980130e+06   2.5512695e+01
   1.2983180e+06   3.0090332e+01
   1.2988260e+06   3.0761719e+01
   1.2991320e+06   2.9541016e+01
   1.2994300e+06   3.4545898e+01
   1.2997610e+06   2.8686523e+01
   1.3000860e+06   2.8747559e+01
   1.3004350e+06   3.3447266e+01
   1.3008210e+06   2.8076172e+01
   1.3011510e+06   3.1555176e+01
   1.3015080e+06   3.2836914e+01
   1.3019300e+06   3.1494141e+01
   1.3022370e+06   3.3630371e+01
   1.3034650e+06   2.8625488e+01
   1.3035080e+06   2.8625488e+01
   1.3037920e+06   3.6437988e+01
   1.3040700e+06   3.2592773e+01
   1.3045050e+06   3.3569336e+01
   1.3047200e+06   2.9785156e+01
   1.3049870e+06   3.5278320e+01
   1.3081510e+06   3.6682129e+01
   1.3087040e+06   3.2287598e+01
   1.3091770e+06   3.2409668e+01
   1.3096090e+06   3.6010742e+01
   1.3101600e+06   3.3508301e+01
   1.3107290e+06   3.1311035e+01
   1.3111940e+06   3.1799316e+01
   1.3117510e+06   3.4851074e+01
   1.3155000e+06   3.6315918e+01
   1.3167150e+06   3.2165527e+01
   1.3174900e+06   3.2958984e+01
   1.3182850e+06   3.3325195e+01
   1.3199460e+06   3.7231445e+01
   1.3215920e+06   3.5461426e+01
   1.3231080e+06   3.6132813e+01
   1.3233880e+06   1.9042969e+01
   1.3234540e+06   1.7883301e+01
   1.3234930e+06   1.5380859e+01
   1.3235260e+06   1.5441895e+01
   1.3265270e+06   1.8249512e+01
   1.3425760e+06   3.5888672e+01
   1.3427400e+06   1.5930176e+01
   1.3428520e+06   2.5817871e+01
   1.3428950e+06   3.4545898e+01
   1.3429210e+06   2.7893066e+01
   1.3655860e+06   3.1066895e+01
   1.3851240e+06   2.7954102e+01
   1.3851570e+06   2.1850586e+01
   1.3953240e+06   2.7404785e+01
   1.3953720e+06   2.6611328e+01
   1.3954120e+06   2.1057129e+01
   1.3954590e+06   1.7700195e+01
   1.3990210e+06   2.0629883e+01
   1.4151340e+06   3.1372070e+01
   1.4152030e+06   3.4179688e+01
   1.4165750e+06   1.5380859e+01
   1.4166520e+06   3.3020020e+01
   1.4167100e+06   1.8371582e+01
   1.4320890e+06   2.6428223e+01
   1.4321440e+06   2.8564453e+01
   1.4321840e+06   2.3254395e+01
   1.4483600e+06   2.6489258e+01
   1.4483980e+06   2.7526855e+01
   1.4642070e+06   3.1433105e+01
   1.4715800e+06   1.7456055e+01
   1.4822570e+06   2.0385742e+01
   1.4822740e+06   4.0405273e+01
   1.4822930e+06   1.9409180e+01
   1.4823140e+06   4.6142578e+01
   1.4823340e+06   3.0334473e+01
   1.4823910e+06   1.5441895e+01
   1.5249840e+06   2.6733398e+01
   1.5622770e+06   1.5686035e+01
   1.5666300e+06   5.2001953e+01
   1.5666640e+06   1.7578125e+01
   1.5666880e+06   1.9653320e+01
   1.5666980e+06   1.7761230e+01
   1.5667690e+06   3.0517578e+01
   1.5668090e+06   2.4291992e+01
   1.5761400e+06   1.8859863e+01
   1.5761760e+06   1.9104004e+01
   1.5847040e+06   1.5319824e+01
   1.5921210e+06   2.1057129e+01
   1.5921940e+06   1.5502930e+01
   1.5926830e+06   1.7333984e+01
   1.5996400e+06   1.8981934e+01
   1.6021050e+06   6.0485840e+01
   1.6021470e+06   4.6752930e+01
   1.6021810e+06   3.4973145e+01
   1.6142190e+06   1.6235352e+01
   1.6142410e+06   2.1972656e+01
   1.6142730e+06   4.5349121e+01
   1.6142980e+06   1.5441895e+01
   1.6259380e+06   1.5502930e+01
   1.6384460e+06   1.5686035e+01
   1.6385030e+06   1.6845703e+01
   1.6385200e+06   1.6540527e+01
   1.6385640e+06   1.6418457e+01
   1.6537400e+06   1.5258789e+01
   1.6538060e+06   1.5747070e+01
   1.6576830e+06   1.6906738e+01
   1.6577620e+06   2.4780273e+01
   1.6577860e+06   5.3894043e+01
   1.6578080e+06   1.7761230e+01
   1.6578290e+06   1.9165039e+01
   1.6696360e+06   1.7272949e+01
   1.6696670e+06   1.7150879e+01
   1.6696870e+06   2.2827148e+01
   1.6697120e+06   3.1555176e+01
   1.6697340e+06   9.1613770e+01
   1.6697600e+06   5.8410645e+01
   1.6697760e+06   3.5400391e+01
   1.6698180e+06   4.8645020e+01
   1.6698470e+06   3.5583496e+01
   1.6698670e+06   1.5686035e+01
   1.6699210e+06   3.0212402e+01
   1.6750180e+06   2.8015137e+01
   1.6750940e+06   2.5451660e+01
   1.6751560e+06   2.5512695e+01
   1.6752440e+06   2.3193359e+01
   1.6825400e+06   2.1911621e+01
   1.6827530e+06   2.8747559e+01
   1.6848100e+06   3.2348633e+01
   1.6848390e+06   1.5991211e+01
   1.6848500e+06   1.8188477e+01
   1.6848820e+06   3.9367676e+01
   1.6849010e+06   3.6926270e+01
   1.6894170e+06   1.6662598e+01
   1.6894550e+06   9.2163086e+01
   1.6894830e+06   4.4006348e+01
   1.6895020e+06   4.6752930e+01
   1.6895200e+06   6.6467285e+01
   1.6895510e+06   6.5612793e+01
   1.6895790e+06   5.5297852e+01
   1.6895960e+06   4.8400879e+01
   1.6896300e+06   2.7954102e+01
   1.6896440e+06   1.8493652e+01
   1.6896610e+06   4.0588379e+01
   1.6896910e+06   2.1484375e+01
   1.6897170e+06   2.4414063e+01
   1.6897490e+06   4.0649414e+01
   1.6897640e+06   2.4597168e+01
   1.6898220e+06   1.6662598e+01
   1.6898990e+06   2.7221680e+01
   1.6899270e+06   1.8127441e+01
   1.6899720e+06   2.3559570e+01
   1.6900330e+06   2.2888184e+01
   1.6900830e+06   2.4719238e+01
   1.6901410e+06   2.2766113e+01
   1.6902370e+06   2.6733398e+01
   1.6930660e+06   2.4841309e+01
   1.6931900e+06   2.5512695e+01
   1.6933300e+06   2.4963379e+01
   1.6933870e+06   1.8127441e+01
   1.6935130e+06   2.3681641e+01
   1.6937190e+06   1.6662598e+01
   1.6938190e+06   1.5869141e+01
   1.6938820e+06   1.5502930e+01
   1.6940590e+06   1.8005371e+01
   1.6942320e+06   1.7639160e+01
   1.6942510e+06   3.8269043e+01
   1.6945820e+06   2.0263672e+01
   1.6947180e+06   1.7822266e+01
   1.6948550e+06   1.8188477e+01
   1.6949680e+06   1.5747070e+01
   1.6951550e+06   1.5747070e+01
   1.6952930e+06   1.9653320e+01
   1.6954490e+06   1.5747070e+01
   1.6976320e+06   4.3090820e+01
   1.6976640e+06   2.6245117e+01
   1.6976870e+06   2.9296875e+01
   1.6977410e+06   1.6540527e+01
   1.7001770e+06   1.5319824e+01
   1.7001920e+06   3.6437988e+01
   1.7002130e+06   4.0344238e+01
   1.7002340e+06   2.0874023e+01
   1.7002650e+06   4.0283203e+01
   1.7002780e+06   7.2448730e+01
   1.7035440e+06   1.6540527e+01
   1.7035560e+06   4.7790527e+01
   1.7035840e+06   3.4790039e+01
   1.7036010e+06   4.8217773e+01
   1.7036310e+06   3.1921387e+01
   1.7036580e+06   7.8918457e+01
   1.7036750e+06   4.0222168e+01
   1.7036880e+06   4.8889160e+01
   1.7037210e+06   5.9204102e+01
   1.7037310e+06   5.5175781e+01
   1.7037570e+06   1.6662598e+01
   1.7037720e+06   1.7578125e+01
   1.7037910e+06   1.6906738e+01
   1.7038060e+06   3.6743164e+01
   1.7038370e+06   2.2216797e+01
   1.7038810e+06   1.9470215e+01
   1.7039310e+06   2.4536133e+01
   1.7039540e+06   1.7822266e+01
   1.7040440e+06   3.8146973e+01
   1.7040700e+06   2.1423340e+01
   1.7041280e+06   1.8066406e+01
   1.7042030e+06   2.6062012e+01
   1.7081620e+06   2.8381348e+01
   1.7083060e+06   4.6630859e+01
   1.7117160e+06   1.5686035e+01
   1.7117260e+06   4.7973633e+01
   1.7117510e+06   4.6508789e+01
   1.7117720e+06   3.9672852e+01
   1.7117880e+06   3.1127930e+01
   1.7118140e+06   5.9814453e+01
   1.7118290e+06   2.8930664e+01
   1.7118510e+06   1.9226074e+01
   1.7118760e+06   5.4870605e+01
   1.7119040e+06   2.8320313e+01
   1.7119350e+06   4.6203613e+01
   1.7119530e+06   1.7822266e+01
   1.7119680e+06   3.0456543e+01
   1.7120310e+06   1.6845703e+01
   1.7159900e+06   2.3376465e+01
   1.7160350e+06   3.6376953e+01
   1.7160490e+06   2.6672363e+01
   1.7189510e+06   4.3640137e+01
   1.7189710e+06   6.3903809e+01
   1.7189820e+06   3.3447266e+01
   1.7190020e+06   7.0983887e+01
   1.7190270e+06   4.7790527e+01
   1.7190400e+06   5.1757812e+01
   1.7190640e+06   4.3457031e+01
   1.7190980e+06   3.2775879e+01
   1.7191250e+06   3.3691406e+01
   1.7191810e+06   1.8005371e+01
   1.7192070e+06   1.6601562e+01
   1.7193140e+06   4.5043945e+01
   1.7193290e+06   1.7761230e+01
   1.7193520e+06   1.6906738e+01
   1.7193860e+06   2.6794434e+01
   1.7194090e+06   2.1545410e+01
   1.7194540e+06   2.5878906e+01
   1.7194690e+06   1.6235352e+01
   1.7195150e+06   1.6174316e+01
   1.7195790e+06   2.0446777e+01
   1.7196290e+06   1.5502930e+01
   1.7198020e+06   2.5573730e+01
   1.7240390e+06   4.3212891e+01
   1.7240650e+06   4.1381836e+01
   1.7241070e+06   3.2897949e+01
   1.7241420e+06   4.1809082e+01
   1.7241570e+06   1.8127441e+01
   1.7241810e+06   3.9916992e+01
   1.7242470e+06   2.4902344e+01
   1.7242640e+06   1.9714355e+01
   1.7243200e+06   3.3325195e+01
   1.7267760e+06   4.5410156e+01
   1.7268070e+06   3.9062500e+01
   1.7268350e+06   6.6284180e+01
   1.7268630e+06   4.7912598e+01
   1.7268750e+06   7.5073242e+01
   1.7268970e+06   3.8146973e+01
   1.7269140e+06   4.3334961e+01
   1.7269310e+06   2.5878906e+01
   1.7269430e+06   3.0029297e+01
   1.7269680e+06   1.5930176e+01
   1.7269860e+06   3.3691406e+01
   1.7270250e+06   1.7944336e+01
   1.7270740e+06   1.8615723e+01
   1.7271710e+06   4.9804688e+01
   1.7272140e+06   1.5808105e+01
   1.7272480e+06   5.2673340e+01
   1.7273730e+06   2.1423340e+01
   1.7277190e+06   2.3254395e+01
   1.7315550e+06   2.5024414e+01
   1.7315770e+06   3.7536621e+01
   1.7315940e+06   2.0996094e+01
   1.7316160e+06   1.5319824e+01
   1.7316350e+06   3.5827637e+01
   1.7316480e+06   1.9897461e+01
   1.7316790e+06   1.6967773e+01
   1.7317200e+06   3.8940430e+01
   1.7317300e+06   2.1301270e+01
   1.7318250e+06   3.7109375e+01
   1.7342370e+06   2.8869629e+01
   1.7342470e+06   5.0842285e+01
   1.7342690e+06   5.1452637e+01
   1.7343020e+06   6.9763184e+01
   1.7343370e+06   7.0495605e+01
   1.7343500e+06   3.4729004e+01
   1.7343770e+06   3.8513184e+01
   1.7343970e+06   2.4475098e+01
   1.7344110e+06   2.1057129e+01
   1.7344400e+06   2.9724121e+01
   1.7344600e+06   2.5085449e+01
   1.7344850e+06   1.7333984e+01
   1.7345350e+06   2.3803711e+01
   1.7345760e+06   3.7475586e+01
   1.7346580e+06   4.1198730e+01
   1.7347290e+06   3.5461426e+01
   1.7348010e+06   1.6540527e+01
   1.7348200e+06   2.3559570e+01
   1.7390440e+06   5.2612305e+01
   1.7390660e+06   4.4860840e+01
   1.7390950e+06   8.7585449e+01
   1.7391210e+06   2.5939941e+01
   1.7391470e+06   6.0241699e+01
   1.7391760e+06   3.7353516e+01
   1.7392050e+06   4.6936035e+01
   1.7392220e+06   2.1545410e+01
   1.7392450e+06   1.5930176e+01
   1.7393260e+06   2.6000977e+01
   1.7428570e+06   3.7658691e+01
   1.7428730e+06   1.5808105e+01
   1.7428830e+06   4.5593262e+01
   1.7429090e+06   8.1665039e+01
   1.7429290e+06   9.9792480e+01
   1.7429620e+06   4.7729492e+01
   1.7429880e+06   5.1635742e+01
   1.7430140e+06   4.3395996e+01
   1.7430390e+06   4.4433594e+01
   1.7430620e+06   2.7954102e+01
   1.7430870e+06   2.5085449e+01
   1.7430970e+06   1.7761230e+01
   1.7431200e+06   1.9531250e+01
   1.7431360e+06   1.7456055e+01
   1.7431570e+06   1.5747070e+01
   1.7431880e+06   1.6967773e+01
   1.7433160e+06   3.6865234e+01
   1.7433810e+06   3.2836914e+01
   1.7434470e+06   1.9775391e+01
   1.7434740e+06   1.5380859e+01
   1.7435700e+06   1.7883301e+01
   1.7436620e+06   2.1850586e+01
   1.7437510e+06   2.4658203e+01
   1.7438770e+06   2.0446777e+01
   1.7457460e+06   1.9653320e+01
   1.7469070e+06   2.6123047e+01
   1.7469660e+06   1.5625000e+01
   1.7469870e+06   4.6264648e+01
   1.7470630e+06   1.9897461e+01
   1.7470750e+06   4.1259766e+01
   1.7470850e+06   3.8452148e+01
   1.7472040e+06   3.1738281e+01
   1.7473470e+06   2.1789551e+01
   1.7500450e+06   5.8776855e+01
   1.7500650e+06   6.6040039e+01
   1.7500780e+06   5.4809570e+01
   1.7501110e+06   4.2724609e+01
   1.7501250e+06   4.1931152e+01
   1.7501420e+06   2.3681641e+01
   1.7501620e+06   2.5451660e+01
   1.7501790e+06   1.8737793e+01
   1.7501900e+06   1.5258789e+01
   1.7502220e+06   2.2155762e+01
   1.7502360e+06   1.6357422e+01
   1.7502710e+06   1.9775391e+01
   1.7503830e+06   2.1301270e+01
   1.7504060e+06   3.5156250e+01
   1.7504710e+06   1.6357422e+01
   1.7504940e+06   4.8645020e+01
   1.7505600e+06   1.7395020e+01
   1.7505740e+06   1.8432617e+01
   1.7506500e+06   1.7456055e+01
   1.7506800e+06   3.6621094e+01
   1.7511330e+06   1.5258789e+01
   1.7511700e+06   2.5756836e+01
   1.7543730e+06   2.5939941e+01
   1.7543990e+06   2.8625488e+01
   1.7544340e+06   4.1503906e+01
   1.7544520e+06   2.3193359e+01
   1.7544650e+06   2.3925781e+01
   1.7544920e+06   5.4260254e+01
   1.7545280e+06   3.8330078e+01
   1.7545470e+06   2.1667480e+01
   1.7546690e+06   2.5268555e+01
   1.7585880e+06   3.7292480e+01
   1.7586010e+06   4.8278809e+01
   1.7586110e+06   1.9958496e+01
   1.7586220e+06   6.4453125e+01
   1.7586380e+06   9.0515137e+01
   1.7586740e+06   6.0424805e+01
   1.7587010e+06   3.8269043e+01
   1.7587220e+06   1.8005371e+01
   1.7587550e+06   3.1372070e+01
   1.7587970e+06   2.3681641e+01
   1.7588240e+06   1.6662598e+01
   1.7588670e+06   1.5625000e+01
   1.7589280e+06   2.1301270e+01
   1.7589480e+06   3.3935547e+01
   1.7590010e+06   4.9865723e+01
   1.7590390e+06   3.3386230e+01
   1.7590690e+06   2.9541016e+01
   1.7602100e+06   1.5380859e+01
   1.7614240e+06   1.7150879e+01
   1.7627700e+06   2.4353027e+01
   1.7627930e+06   2.2277832e+01
   1.7629140e+06   3.6071777e+01
   1.7629290e+06   2.2827148e+01
   1.7629670e+06   1.8432617e+01
   1.7629860e+06   3.5034180e+01
   1.7630250e+06   4.0710449e+01
   1.7630510e+06   1.8188477e+01
   1.7631250e+06   2.5695801e+01
   1.7631950e+06   3.4240723e+01
   1.7633210e+06   2.5451660e+01
   1.7665840e+06   1.6845703e+01
   1.7666060e+06   5.9936523e+01
   1.7666280e+06   3.7475586e+01
   1.7666430e+06   6.1584473e+01
   1.7666610e+06   3.7719727e+01
   1.7666720e+06   4.4189453e+01
   1.7666950e+06   2.7648926e+01
   1.7667070e+06   3.7780762e+01
   1.7667320e+06   2.2521973e+01
   1.7667480e+06   2.0080566e+01
   1.7667590e+06   1.6845703e+01
   1.7667720e+06   2.8930664e+01
   1.7668300e+06   1.7517090e+01
   1.7669100e+06   3.5949707e+01
   1.7669630e+06   1.7089844e+01
   1.7669900e+06   3.2653809e+01
   1.7670820e+06   3.1677246e+01
   1.7671420e+06   1.9836426e+01
   1.7673160e+06   1.6845703e+01
   1.7677000e+06   2.2338867e+01
   1.7713410e+06   2.8442383e+01
   1.7713700e+06   2.7099609e+01
   1.7713800e+06   6.5002441e+01
   1.7714090e+06   4.4616699e+01
   1.7714250e+06   6.0913086e+01
   1.7714420e+06   2.0385742e+01
   1.7714600e+06   2.2583008e+01
   1.7714730e+06   8.0383301e+01
   1.7714960e+06   2.3010254e+01
   1.7715220e+06   4.2907715e+01
   1.7715470e+06   2.8137207e+01
   1.7715750e+06   6.0302734e+01
   1.7764940e+06   2.3803711e+01
   1.7765120e+06   5.6396484e+01
   1.7765430e+06   6.2866211e+01
   1.7765640e+06   3.0944824e+01
   1.7765770e+06   5.1208496e+01
   1.7765950e+06   4.3457031e+01
   1.7766080e+06   2.6428223e+01
   1.7766280e+06   2.7770996e+01
   1.7766460e+06   2.7099609e+01
   1.7766880e+06   2.4658203e+01
   1.7767440e+06   1.7333984e+01
   1.7768440e+06   3.7841797e+01
   1.7768610e+06   2.8564453e+01
   1.7768910e+06   1.8920898e+01
   1.7769220e+06   2.6733398e+01
   1.7769560e+06   3.5461426e+01
   1.7770180e+06   1.9165039e+01
   1.7770560e+06   3.2470703e+01
   1.7771770e+06   1.8005371e+01
   1.7772480e+06   2.0874023e+01
   1.7773390e+06   1.7700195e+01
   1.7775800e+06   2.3864746e+01
   1.7818940e+06   2.7465820e+01
   1.7819080e+06   4.7485352e+01
   1.7819190e+06   6.3354492e+01
   1.7819520e+06   7.1411133e+01
   1.7819800e+06   3.2897949e+01
   1.7819900e+06   3.9245605e+01
   1.7820040e+06   1.9836426e+01
   1.7820250e+06   4.5532227e+01
   1.7820410e+06   4.8767090e+01
   1.7820710e+06   2.5878906e+01
   1.7821440e+06   4.1564941e+01
   1.7821850e+06   1.5686035e+01
   1.7825170e+06   1.9348145e+01
   1.7825980e+06   2.2155762e+01
   1.7827150e+06   1.7517090e+01
   1.7828200e+06   2.3071289e+01
   1.7829510e+06   2.0202637e+01
   1.7882260e+06   2.4719238e+01
   1.7882460e+06   6.9763184e+01
   1.7882640e+06   5.5908203e+01
   1.7882940e+06   4.2480469e+01
   1.7883070e+06   5.3344727e+01
   1.7883260e+06   4.4982910e+01
   1.7883550e+06   3.0212402e+01
   1.7883840e+06   2.5451660e+01
   1.7884060e+06   1.7944336e+01
   1.7884320e+06   1.9287109e+01
   1.7884540e+06   1.5502930e+01
   1.7884940e+06   1.6967773e+01
   1.7885480e+06   1.6662598e+01
   1.7885630e+06   4.4311523e+01
   1.7886110e+06   2.9907227e+01
   1.7886430e+06   4.0161133e+01
   1.7886740e+06   2.6916504e+01
   1.7887390e+06   1.9531250e+01
   1.7887800e+06   3.9978027e+01
   1.7888840e+06   1.5502930e+01
   1.7904650e+06   1.6906738e+01
   1.7917100e+06   1.8188477e+01
   1.7929190e+06   1.9836426e+01
   1.7930880e+06   1.7272949e+01
   1.7931040e+06   1.6723633e+01
   1.7931150e+06   4.4128418e+01
   1.7931290e+06   4.5959473e+01
   1.7931630e+06   3.4912109e+01
   1.7931800e+06   2.9418945e+01
   1.7931930e+06   4.2358398e+01
   1.7932200e+06   3.3020020e+01
   1.7932510e+06   2.4475098e+01
   1.7932710e+06   1.9592285e+01
   1.7982290e+06   4.5349121e+01
   1.7982480e+06   1.5869141e+01
   1.7982630e+06   5.7067871e+01
   1.7982900e+06   5.7556152e+01
   1.7983180e+06   3.8452148e+01
   1.7983420e+06   2.9479980e+01
   1.7983820e+06   2.5146484e+01
   1.7984060e+06   1.7456055e+01
   1.7984810e+06   3.8452148e+01
   1.7985290e+06   2.4780273e+01
   1.7985860e+06   4.0405273e+01
   1.7986020e+06   2.2949219e+01
   1.7986300e+06   1.9104004e+01
   1.7986910e+06   3.1860352e+01
   1.7987030e+06   2.8015137e+01
   1.7989180e+06   1.9409180e+01
   1.7990360e+06   2.5573730e+01
   1.8049470e+06   2.6977539e+01
   1.8049660e+06   7.1777344e+01
   1.8049950e+06   9.4055176e+01
   1.8050160e+06   3.9245605e+01
   1.8050270e+06   4.0954590e+01
   1.8050400e+06   1.9409180e+01
   1.8050560e+06   3.2592773e+01
   1.8050740e+06   2.8015137e+01
   1.8050940e+06   1.7700195e+01
   1.8051370e+06   2.4353027e+01
   1.8051750e+06   2.0812988e+01
   1.8052870e+06   2.3742676e+01
   1.8053050e+06   2.8442383e+01
   1.8053320e+06   3.8513184e+01
   1.8053840e+06   2.7343750e+01
   1.8055450e+06   1.8920898e+01
   1.8056910e+06   1.9348145e+01
   1.8058040e+06   2.2521973e+01
   1.8106450e+06   2.3193359e+01
   1.8107390e+06   2.0751953e+01
   1.8107640e+06   4.1931152e+01
   1.8107770e+06   2.9663086e+01
   1.8108100e+06   3.3874512e+01
   1.8108240e+06   1.6357422e+01
   1.8108340e+06   3.9428711e+01
   1.8108470e+06   3.5095215e+01
   1.8108670e+06   2.7221680e+01
   1.8108900e+06   4.2114258e+01
   1.8109220e+06   2.0996094e+01
   1.8109410e+06   5.1086426e+01
   1.8109670e+06   2.8930664e+01
   1.8109980e+06   4.6264648e+01
   1.8110130e+06   1.6479492e+01
   1.8110590e+06   1.5563965e+01
   1.8162610e+06   3.8940430e+01
   1.8162760e+06   7.7331543e+01
   1.8163130e+06   4.4921875e+01
   1.8163300e+06   5.8105469e+01
   1.8163580e+06   4.9438477e+01
   1.8163850e+06   3.4790039e+01
   1.8163990e+06   3.1066895e+01
   1.8164360e+06   2.4902344e+01
   1.8164610e+06   2.8625488e+01
   1.8164900e+06   1.5258789e+01
   1.8165210e+06   1.5625000e+01
   1.8165750e+06   2.5024414e+01
   1.8167570e+06   2.3864746e+01
   1.8168220e+06   1.8493652e+01
   1.8169120e+06   1.6906738e+01
   1.8170070e+06   2.5573730e+01
   1.8171240e+06   2.3681641e+01
   1.8247120e+06   2.4597168e+01
   1.8247300e+06   3.0822754e+01
   1.8247490e+06   4.8828125e+01
   1.8247730e+06   4.8583984e+01
   1.8247850e+06   3.3691406e+01
   1.8248120e+06   5.6823730e+01
   1.8248420e+06   3.7963867e+01
   1.8248640e+06   3.5217285e+01
   1.8248740e+06   5.2246094e+01
   1.8249010e+06   1.9470215e+01
   1.8249180e+06   1.7761230e+01
   1.8249320e+06   2.6733398e+01
   1.8249560e+06   1.6662598e+01
   1.8249900e+06   1.8737793e+01
   1.8250820e+06   3.1738281e+01
   1.8251590e+06   1.9836426e+01
   1.8252000e+06   1.6113281e+01
   1.8252760e+06   3.4057617e+01
   1.8254570e+06   1.5258789e+01
   1.8255190e+06   1.6418457e+01
   1.8273650e+06   1.8005371e+01
   1.8292260e+06   2.1728516e+01
   1.8292770e+06   2.8198242e+01
   1.8293040e+06   1.5991211e+01
   1.8293280e+06   2.4963379e+01
   1.8293470e+06   4.7302246e+01
   1.8293640e+06   3.8208008e+01
   1.8293920e+06   2.4841309e+01
   1.8294170e+06   3.3081055e+01
   1.8294600e+06   1.5563965e+01
   1.8294800e+06   2.5512695e+01
   1.8295790e+06   2.7404785e+01
   1.8375770e+06   2.3864746e+01
   1.8375900e+06   7.3181152e+01
   1.8376190e+06   4.2053223e+01
   1.8376310e+06   4.7973633e+01
   1.8376500e+06   6.2011719e+01
   1.8376740e+06   4.3090820e+01
   1.8377030e+06   1.7944336e+01
   1.8377460e+06   3.0334473e+01
   1.8377670e+06   1.5380859e+01
   1.8378100e+06   2.2888184e+01
   1.8378680e+06   2.5634766e+01
   1.8379050e+06   2.1423340e+01
   1.8379190e+06   2.8198242e+01
   1.8379620e+06   2.1484375e+01
   1.8380030e+06   2.0141602e+01
   1.8380330e+06   4.9804688e+01
   1.8381640e+06   1.6662598e+01
   1.8390970e+06   1.5258789e+01
   1.8398880e+06   1.7639160e+01
   1.8403100e+06   1.6235352e+01
   1.8407360e+06   2.0629883e+01
   1.8463180e+06   2.6184082e+01
   1.8463370e+06   2.5634766e+01
   1.8463630e+06   3.3203125e+01
   1.8463780e+06   6.4758301e+01
   1.8463980e+06   4.0710449e+01
   1.8464260e+06   3.5522461e+01
   1.8464380e+06   1.0876465e+02
   1.8464700e+06   4.1381836e+01
   1.8464800e+06   6.3842773e+01
   1.8465000e+06   3.6804199e+01
   1.8465290e+06   2.5146484e+01
   1.8465560e+06   1.9165039e+01
   1.8465710e+06   2.0690918e+01
   1.8465980e+06   2.4841309e+01
   1.8466650e+06   2.2216797e+01
   1.8467380e+06   2.0690918e+01
   1.8467620e+06   4.3151855e+01
   1.8468150e+06   1.7211914e+01
   1.8468420e+06   1.8310547e+01
   1.8468840e+06   2.6855469e+01
   1.8469650e+06   1.7150879e+01
   1.8470530e+06   2.7648926e+01
   1.8471390e+06   2.3376465e+01
   1.8554650e+06   3.3813477e+01
   1.8554760e+06   5.7189941e+01
   1.8555040e+06   3.4851074e+01
   1.8555360e+06   4.7119141e+01
   1.8555500e+06   3.7475586e+01
   1.8555710e+06   5.4138184e+01
   1.8555860e+06   4.2297363e+01
   1.8556060e+06   1.8005371e+01
   1.8556170e+06   1.7517090e+01
   1.8556360e+06   2.6428223e+01
   1.8556840e+06   1.9714355e+01
   1.8557090e+06   2.5573730e+01
   1.8557450e+06   1.5563965e+01
   1.8557890e+06   1.6662598e+01
   1.8558560e+06   4.7668457e+01
   1.8559240e+06   1.9958496e+01
   1.8559400e+06   2.0202637e+01
   1.8560300e+06   1.9653320e+01
   1.8560640e+06   1.5930176e+01
   1.8563270e+06   2.2705078e+01
   1.8575310e+06   1.6113281e+01
   1.8578730e+06   2.0324707e+01
   1.8728570e+06   6.1096191e+01
   1.8728680e+06   5.2062988e+01
   1.8728860e+06   5.2917480e+01
   1.8729000e+06   4.6508789e+01
   1.8729170e+06   5.0659180e+01
   1.8729420e+06   2.4047852e+01
   1.8729530e+06   4.0588379e+01
   1.8729830e+06   4.6386719e+01
   1.8730120e+06   4.3884277e+01
   1.8730310e+06   2.8564453e+01
   1.8730550e+06   1.5808105e+01
   1.8730820e+06   3.1799316e+01
   1.8731110e+06   1.7517090e+01
   1.8731620e+06   1.5563965e+01
   1.8732010e+06   2.0874023e+01
   1.8732550e+06   1.8798828e+01
   1.8732710e+06   1.6052246e+01
   1.8732900e+06   2.6184082e+01
   1.8733520e+06   2.9907227e+01
   1.8734110e+06   1.8310547e+01
   1.8734310e+06   2.2766113e+01
   1.8735020e+06   1.5686035e+01
   1.8736440e+06   2.0080566e+01
   1.8741720e+06   1.5563965e+01
   1.8765750e+06   2.1423340e+01
   1.8771020e+06   2.0019531e+01
   1.8772500e+06   3.6560059e+01
   1.8773300e+06   2.5512695e+01
   1.8773740e+06   1.6784668e+01
   1.8773860e+06   2.3071289e+01
   1.8774180e+06   1.9226074e+01
   1.8774400e+06   1.9531250e+01
   1.8775420e+06   4.3823242e+01
   1.8775630e+06   2.1301270e+01
   1.9560460e+06   2.8991699e+01
   2.0299260e+06   2.4719238e+01
   2.0299920e+06   2.8747559e+01
   2.0510110e+06   1.7883301e+01
   2.0597020e+06   2.5451660e+01
   2.0598170e+06   2.3010254e+01
   2.0598670e+06   2.0812988e+01
   2.1189650e+06   1.5930176e+01
   2.1728010e+06   1.5319824e+01
   2.2579490e+06   2.3803711e+01
   2.2585280e+06   2.8442383e+01
   2.2954910e+06   3.0090332e+01
   2.3256620e+06   2.5878906e+01
   2.3529790e+06   3.0273437e+01
   2.3530370e+06   2.0263672e+01
   2.3538050e+06   2.5756836e+01
   2.3776600e+06   2.6123047e+01
   2.3897160e+06   2.6306152e+01
   2.3900220e+06   2.6000977e+01
   2.3902720e+06   2.3803711e+01
   2.4030330e+06   2.9052734e+01
   2.4030740e+06   2.4658203e+01
   2.4150990e+06   2.9174805e+01
   2.4152660e+06   3.3996582e+01
   2.4155740e+06   2.1057129e+01
   2.4167020e+06   1.6052246e+01
   2.4362710e+06   2.4475098e+01
   2.4442390e+06   2.9479980e+01
   2.4447230e+06   2.4108887e+01
   2.4533310e+06   2.4230957e+01
   2.4613380e+06   2.7343750e+01
   2.4697240e+06   2.7648926e+01
   2.4698650e+06   2.7832031e+01
   2.4700020e+06   2.8320312e+01
   2.4782900e+06   3.0395508e+01
   2.4786390e+06   3.1005859e+01
   2.4812140e+06   2.0019531e+01
   2.4886980e+06   2.6977539e+01
   2.4998870e+06   2.2155762e+01
   2.5001340e+06   2.6794434e+01
   2.5098000e+06   3.1127930e+01
   2.5182510e+06   2.6184082e+01
   2.5315620e+06   3.2470703e+01
   2.5317990e+06   2.8564453e+01
   2.5319750e+06   1.9348145e+01
   2.5468030e+06   3.0395508e+01
   2.5469940e+06   2.8381348e+01
   2.5638170e+06   2.5512695e+01
   2.5639000e+06   2.7709961e+01
   2.6058460e+06   1.6418457e+01
   2.6062460e+06   2.7526855e+01
   2.6063000e+06   2.9174805e+01
   2.6064060e+06   2.4353027e+01
   2.6068130e+06   2.4902344e+01
   2.6069780e+06   2.6306152e+01
   2.6070400e+06   2.2399902e+01
   2.6072540e+06   2.2766113e+01
   2.6075250e+06   2.5390625e+01
   2.6076170e+06   2.2460938e+01
   2.6078830e+06   2.7648926e+01
   2.6257840e+06   4.0039063e+01
   2.6284950e+06   4.0954590e+01
   2.6292440e+06   3.7597656e+01
   2.6304970e+06   3.5034180e+01
   2.6319280e+06   3.6071777e+01
   2.6333790e+06   3.3386230e+01
   2.6338990e+06   3.5156250e+01
   2.6349830e+06   3.5217285e+01
   2.6354570e+06   3.6682129e+01
   2.6379510e+06   3.6926270e+01
   2.6386750e+06   4.0832520e+01
   2.6397430e+06   3.0639648e+01
   2.6400990e+06   2.2705078e+01
   2.6406250e+06   2.5024414e+01
   2.6465820e+06   3.5095215e+01
   2.6475730e+06   3.6437988e+01
   2.6482740e+06   3.9062500e+01
   2.6489190e+06   3.6376953e+01
   2.6497000e+06   3.5644531e+01
   2.6504660e+06   3.7048340e+01
   2.6510010e+06   3.6682129e+01
   2.6513670e+06   3.7414551e+01
   2.6518600e+06   3.2226562e+01
   2.6523370e+06   3.4179688e+01
   2.6527680e+06   3.1250000e+01
   2.6533430e+06   3.4851074e+01
   2.6539630e+06   3.5644531e+01
   2.6544540e+06   3.4790039e+01
   2.6549780e+06   3.3020020e+01
   2.6555540e+06   3.2409668e+01
   2.6560850e+06   2.8564453e+01
   2.6567410e+06   3.7109375e+01
   2.6572400e+06   3.3325195e+01
   2.6576360e+06   3.5766602e+01
   2.6580480e+06   3.4912109e+01
   2.6585190e+06   3.6499023e+01
   2.6591940e+06   3.3813477e+01
   2.6598190e+06   3.1555176e+01
   2.6604290e+06   3.0212402e+01
   2.6609410e+06   3.1433105e+01
   2.6616220e+06   3.4179688e+01
   2.6622700e+06   3.5217285e+01
   2.6626720e+06   3.3691406e+01
   2.6635380e+06   2.8076172e+01
   2.6642210e+06   3.1494141e+01
   2.6649800e+06   3.9978027e+01
   2.6656250e+06   3.2958984e+01
   2.6665300e+06   3.1494141e+01
   2.6670520e+06   3.3630371e+01
   2.6676350e+06   3.0822754e+01
   2.6683140e+06   3.5095215e+01
   2.6687140e+06   3.5400391e+01
   2.6692510e+06   3.0456543e+01
   2.6700450e+06   3.2104492e+01
   2.6705230e+06   3.5217285e+01
   2.6728830e+06   4.4250488e+01
   2.6734510e+06   2.9113770e+01
   2.6742930e+06   3.8574219e+01
   2.6763830e+06   3.3203125e+01
   2.6783670e+06   3.3142090e+01
   2.6792780e+06   3.4057617e+01
   2.6805200e+06   3.3020020e+01
   2.6813480e+06   3.8574219e+01
   2.6840260e+06   3.8513184e+01
   2.6890230e+06   3.7841797e+01
   2.7292900e+06   1.6357422e+01
   2.7471500e+06   2.7770996e+01
   2.7472370e+06   2.3681641e+01
   2.7474910e+06   2.4902344e+01
   2.7478060e+06   2.3864746e+01
   2.7483980e+06   1.8615723e+01
   2.9604500e+06   2.6062012e+01
   2.9609160e+06   3.0151367e+01
   2.9609750e+06   2.6062012e+01
   3.0293110e+06   1.6479492e+01
   3.0731180e+06   2.8320312e+01
   3.0875800e+06   1.6967773e+01
   3.1308470e+06   1.6601562e+01
   3.1466400e+06   1.8798828e+01
   3.1547750e+06   1.5380859e+01
   3.1859850e+06   1.7639160e+01
   3.2237550e+06   3.9367676e+01
   3.2239190e+06   3.6865234e+01
   3.2240090e+06   3.2287598e+01
   3.2240590e+06   3.0029297e+01
   3.2242360e+06   3.4301758e+01
   3.2243300e+06   3.3996582e+01
   3.2246240e+06   3.6132813e+01
   3.2247200e+06   3.3569336e+01
   3.2253750e+06   2.8381348e+01
   3.2408330e+06   2.7893066e+01
   3.2408540e+06   1.6113281e+01
   3.2408750e+06   2.3010254e+01
   3.2408880e+06   1.7456055e+01
   3.2525440e+06   4.3884277e+01
   3.2604240e+06   4.0954590e+01
   3.2604490e+06   1.5808105e+01
   3.2604750e+06   1.7761230e+01
   3.2604940e+06   2.2460938e+01
   3.2652890e+06   5.0781250e+01
   3.2653170e+06   2.4047852e+01
   3.2653440e+06   4.4494629e+01
   3.2653540e+06   2.6184082e+01
   3.2802800e+06   2.6550293e+01
   3.2803190e+06   2.5573730e+01
   3.2803940e+06   2.5695801e+01
   3.2925070e+06   3.0761719e+01
   3.2925470e+06   2.3742676e+01
   3.2925870e+06   1.9714355e+01
   3.2996870e+06   1.9165039e+01
   3.3043570e+06   2.8076172e+01
   3.3044040e+06   4.8156738e+01
   3.3151660e+06   2.8381348e+01
   3.3152160e+06   2.5451660e+01
   3.3534550e+06   1.7089844e+01
   3.3540020e+06   2.8381348e+01
   3.3738750e+06   3.1433105e+01
   3.3742180e+06   2.5817871e+01
   3.3823280e+06   2.8747559e+01
   3.3823620e+06   2.2155762e+01
   3.3823970e+06   1.8127441e+01
   3.3824390e+06   1.7822266e+01
   3.3896220e+06   3.0517578e+01
   3.3896480e+06   2.1728516e+01
   3.3896640e+06   1.6723633e+01
   3.3899480e+06   2.7770996e+01
   3.3900310e+06   2.7465820e+01
   3.3900780e+06   1.7517090e+01
   3.3976290e+06   2.7770996e+01
   3.3994410e+06   3.2226562e+01
   3.3994770e+06   2.2399902e+01
   3.3994910e+06   1.5258789e+01
   3.4127970e+06   3.0700684e+01
   3.4128480e+06   2.2033691e+01
   3.4128850e+06   1.6662598e+01
   3.4151080e+06   3.2836914e+01
   3.4437930e+06   2.8808594e+01
   3.4438890e+06   2.4108887e+01
   3.4450710e+06   2.5207520e+01
   3.4456790e+06   4.8767090e+01
   3.4553980e+06   2.8137207e+01
   3.4678310e+06   2.6489258e+01
   3.4715370e+06   2.6123047e+01
   3.4715820e+06   2.2583008e+01
   3.4875960e+06   3.0090332e+01
   3.4876350e+06   2.9357910e+01
   3.4876680e+06   1.8798828e+01
   3.4881450e+06   2.9235840e+01
   3.4882160e+06   2.5024414e+01
   3.4882590e+06   1.5930176e+01
   3.5006800e+06   2.8076172e+01
   3.5007230e+06   2.1728516e+01
   3.5007700e+06   1.9653320e+01
   3.5099470e+06   2.5207520e+01
   3.5101770e+06   3.2592773e+01
   3.5102200e+06   2.1545410e+01
   3.5102630e+06   1.8066406e+01
   3.5103050e+06   2.1911621e+01
   3.5103550e+06   1.7089844e+01
   3.5103960e+06   1.9714355e+01
   3.5104640e+06   1.9165039e+01
   3.5105390e+06   2.3193359e+01
   3.5140370e+06   2.7526855e+01
   3.5144890e+06   2.6977539e+01
   3.5145280e+06   2.0019531e+01
   3.5208630e+06   2.9052734e+01
   3.5209170e+06   2.2460938e+01
   3.5209740e+06   1.9104004e+01
   3.5387770e+06   2.8381348e+01
   3.5389020e+06   2.6184082e+01
   3.5389500e+06   1.9042969e+01
   3.5390020e+06   1.9775391e+01
   3.5391570e+06   2.4414062e+01
   3.5398120e+06   2.7832031e+01
   3.5398600e+06   1.8127441e+01
   3.5399100e+06   1.5319824e+01
   3.5403740e+06   2.0996094e+01
   3.5407120e+06   2.6306152e+01
   3.5502310e+06   3.0456543e+01
   3.5611860e+06   1.5380859e+01
   3.5612210e+06   1.7089844e+01
   3.5612350e+06   2.1911621e+01
   3.5738060e+06   2.4841309e+01
   3.5738520e+06   2.0996094e+01
   3.5740060e+06   2.6672363e+01
   3.5767820e+06   2.6000977e+01
   3.5772730e+06   2.7160645e+01
   3.5772950e+06   2.3193359e+01
   3.5779370e+06   2.5939941e+01
   3.5862950e+06   6.7260742e+01
   3.5979290e+06   3.2470703e+01
   3.5979750e+06   2.0568848e+01
   3.5980170e+06   1.7944336e+01
   3.5980720e+06   1.5441895e+01
   3.5981340e+06   1.8676758e+01
   3.5993920e+06   2.5512695e+01
   3.5994310e+06   2.1972656e+01
   3.5996880e+06   3.0456543e+01
   3.6001040e+06   1.6357422e+01
   3.6001460e+06   1.9165039e+01
   3.6159220e+06   3.1555176e+01
   3.6159770e+06   2.1606445e+01
   3.6160180e+06   2.0080566e+01
   3.6160800e+06   1.9592285e+01
   3.6161290e+06   1.6662598e+01
   3.6163250e+06   3.0517578e+01
   3.6165760e+06   2.5329590e+01
   3.6166230e+06   1.5625000e+01
   3.6170130e+06   2.3864746e+01
   3.6171920e+06   2.0812988e+01
   3.6254370e+06   1.8676758e+01
   3.6417430e+06   3.1005859e+01
   3.6434700e+06   1.5930176e+01
   3.6436590e+06   2.5634766e+01
   3.6437190e+06   2.4719238e+01
   3.6437700e+06   2.2888184e+01
   3.6438460e+06   3.2043457e+01
   3.6439050e+06   2.1850586e+01
   3.6442380e+06   2.5024414e+01
   3.6583530e+06   2.8991699e+01
   3.6665270e+06   3.8452148e+01
   3.6668540e+06   3.2592773e+01
   3.6670420e+06   3.7109375e+01
   3.6671220e+06   3.5522461e+01
   3.6672960e+06   3.6132813e+01
   3.6674320e+06   3.5156250e+01
   3.6674930e+06   2.6245117e+01
   3.6677020e+06   3.1127930e+01
   3.6677990e+06   3.2165527e+01
   3.6679180e+06   2.8015137e+01
   3.6680640e+06   3.1677246e+01
   3.6682360e+06   2.9968262e+01
   3.6685910e+06   2.8320312e+01
   3.6686680e+06   2.9052734e+01
   3.6688500e+06   3.5217285e+01
   3.6691350e+06   3.0456543e+01
   3.6695670e+06   2.9357910e+01
   3.6697720e+06   2.8808594e+01
   3.6700440e+06   2.8259277e+01
   3.6702050e+06   2.5756836e+01
   3.6706740e+06   2.9968262e+01
   3.6708890e+06   3.0944824e+01
   3.6712180e+06   2.8503418e+01
   3.6715470e+06   3.3142090e+01
   3.6719180e+06   3.3996582e+01
   3.6722640e+06   2.7587891e+01
   3.6726100e+06   2.9357910e+01
   3.6729810e+06   3.3203125e+01
   3.6732800e+06   2.6306152e+01
   3.6736860e+06   2.9724121e+01
   3.6739930e+06   3.2714844e+01
   3.6744320e+06   2.6916504e+01
   3.6747900e+06   3.0944824e+01
   3.6751190e+06   2.9846191e+01
   3.6755630e+06   2.9907227e+01
   3.6759630e+06   3.0212402e+01
   3.6763380e+06   3.6254883e+01
   3.6768290e+06   3.5339355e+01
   3.6771940e+06   2.8991699e+01
   3.6775600e+06   3.1555176e+01
   3.6779450e+06   3.1066895e+01
   3.6784600e+06   3.0090332e+01
   3.6787980e+06   2.8442383e+01
   3.6793590e+06   3.1066895e+01
   3.6815870e+06   2.8991699e+01
   3.6820720e+06   3.1372070e+01
   3.6825230e+06   2.9357910e+01
   3.6831890e+06   3.5339355e+01
   3.6836280e+06   2.9357910e+01
   3.6846590e+06   3.3386230e+01
   3.6851460e+06   3.4851074e+01
   3.6856100e+06   3.2104492e+01
   3.6859780e+06   3.7170410e+01
   3.6864180e+06   3.3447266e+01
   3.6870380e+06   3.2165527e+01
   3.6876410e+06   3.5461426e+01
   3.6884700e+06   2.8198242e+01
   3.6893630e+06   3.3386230e+01
   3.6918780e+06   2.9479980e+01
   3.6931050e+06   3.4606934e+01
   3.6963900e+06   3.5034180e+01
   3.6972980e+06   3.1494141e+01
   3.6991560e+06   3.5827637e+01
   3.7020100e+06   3.5217285e+01
   3.7107050e+06   4.1442871e+01
   3.7293710e+06   2.8747559e+01
   3.7335020e+06   3.5888672e+01
   3.7400990e+06   3.7597656e+01
   3.7401800e+06   3.5034180e+01
   3.7737020e+06   3.0151367e+01
   3.7737390e+06   2.4353027e+01
   3.7737520e+06   5.2124023e+01
   3.7738630e+06   2.7832031e+01
   3.7739280e+06   2.7587891e+01
   3.7794650e+06   3.2531738e+01
   3.7815730e+06   1.7272949e+01
   3.7920730e+06   4.8156738e+01
   3.7968860e+06   1.9653320e+01
   3.7969220e+06   1.5625000e+01
   3.8089900e+06   2.9968262e+01
   3.8090340e+06   2.8686523e+01
   3.8090790e+06   2.2705078e+01
   3.8157390e+06   2.8991699e+01
   3.8158100e+06   2.2460938e+01
   3.8283490e+06   4.9865723e+01
   3.8284540e+06   4.9072266e+01
   3.8396320e+06   2.6794434e+01
   3.8396640e+06   2.2949219e+01
   3.8396960e+06   1.6662598e+01
   3.8397470e+06   1.6601562e+01
   3.8397670e+06   2.0568848e+01
   3.8398030e+06   1.6479492e+01
   3.8399700e+06   2.9296875e+01
   3.8402580e+06   2.2399902e+01
   3.8402900e+06   1.8737793e+01
   3.8403620e+06   1.9836426e+01
   3.8403810e+06   1.7150879e+01
   3.8404730e+06   1.6906738e+01
   3.8405180e+06   1.7395020e+01
   3.8409560e+06   2.7099609e+01
   3.8409940e+06   1.9836426e+01
   3.8416430e+06   2.2705078e+01
   3.8416910e+06   2.1118164e+01
   3.8417550e+06   1.7822266e+01
   3.8419870e+06   1.5563965e+01
   3.8420410e+06   1.5380859e+01
   3.8422320e+06   1.5441895e+01
   3.8427750e+06   2.3925781e+01
   3.8428230e+06   1.7089844e+01
   3.8429170e+06   1.5380859e+01
   3.8520180e+06   2.5939941e+01
   3.8523140e+06   2.2705078e+01
   3.8523780e+06   2.1728516e+01
   3.8528760e+06   2.5390625e+01
   3.8529290e+06   2.6672363e+01
   3.8530160e+06   2.4230957e+01
   3.8532500e+06   2.6184082e+01
   3.8533900e+06   2.2033691e+01
   3.8534480e+06   1.7089844e+01
   3.8666800e+06   2.8869629e+01
   3.8771580e+06   2.3803711e+01
   3.8771990e+06   2.6428223e+01
   3.8785020e+06   2.8625488e+01
   3.8785660e+06   3.0151367e+01
   3.8786670e+06   2.3498535e+01
   3.8786990e+06   2.7160645e+01
   3.8787110e+06   5.5969238e+01
   3.8791440e+06   2.6611328e+01
   3.8791970e+06   2.8015137e+01
   3.8794460e+06   3.0334473e+01
   3.8796790e+06   2.2766113e+01
   3.8800310e+06   2.7221680e+01
   3.8800750e+06   1.6845703e+01
   3.8801050e+06   5.0415039e+01
   3.8801370e+06   2.2277832e+01
   3.8801930e+06   1.9531250e+01
   3.8802650e+06   1.8432617e+01
   3.8803520e+06   2.4963379e+01
   3.8874620e+06   2.7526855e+01
   3.8874900e+06   1.6235352e+01
   3.8875600e+06   2.5573730e+01
   3.8953120e+06   2.4902344e+01
   3.8995450e+06   2.8015137e+01
   3.8995860e+06   2.5817871e+01
   3.8996390e+06   2.3620605e+01
   3.8997080e+06   2.4719238e+01
   3.8998150e+06   2.8198242e+01
   3.9005360e+06   2.8442383e+01
   3.9005940e+06   2.2888184e+01
   3.9075340e+06   2.5573730e+01
   3.9077080e+06   3.3203125e+01
   3.9203640e+06   2.2644043e+01
   3.9204080e+06   2.5390625e+01
   3.9204830e+06   2.4597168e+01
   3.9384740e+06   3.7841797e+01
   3.9388270e+06   2.3864746e+01
   3.9392650e+06   2.8747559e+01
   3.9393280e+06   2.3437500e+01
   3.9539220e+06   1.6113281e+01
   3.9675450e+06   2.1789551e+01
   3.9677030e+06   4.6936035e+01
   3.9678900e+06   3.0273437e+01
   3.9679320e+06   2.5939941e+01
   3.9823840e+06   3.9550781e+01
   4.0385620e+06   3.0151367e+01
   4.0386150e+06   2.3498535e+01
   4.0386990e+06   2.3193359e+01
   4.0602720e+06   5.6518555e+01
   4.0614410e+06   1.8310547e+01
   4.0614870e+06   2.0507812e+01
   4.0616520e+06   2.2033691e+01
   4.0618230e+06   1.6357422e+01
   4.0962690e+06   2.9418945e+01
   4.1153190e+06   1.5319824e+01
   4.1153500e+06   2.8686523e+01
   4.1154150e+06   2.5024414e+01
   4.1540780e+06   3.9978027e+01
   4.1542640e+06   2.0202637e+01
   4.1700510e+06   1.5747070e+01
   4.1700910e+06   1.8859863e+01
   4.1815130e+06   2.6306152e+01
   4.1815490e+06   2.1606445e+01
   4.1815930e+06   2.2460938e+01
   4.1816410e+06   1.7822266e+01
   4.1816890e+06   1.5258789e+01
   4.1900990e+06   1.5747070e+01
   4.1901530e+06   2.4597168e+01
   4.1902300e+06   1.6296387e+01
   4.1902780e+06   1.6845703e+01
   4.2056520e+06   2.5573730e+01
   4.2477100e+06   1.5502930e+01
   4.2478130e+06   3.3569336e+01
   4.2485900e+06   5.2612305e+01
   4.2486350e+06   4.4921875e+01
   4.2893800e+06   5.0903320e+01
   4.2896150e+06   5.4443359e+01
   4.2896570e+06   4.1809082e+01
   4.2911580e+06   2.7893066e+01
   4.3013920e+06   1.7028809e+01
   4.3279310e+06   1.7456055e+01
   4.3279700e+06   1.6418457e+01
   4.3280100e+06   1.6113281e+01
   4.3766220e+06   2.0507812e+01
   4.3766470e+06   1.6967773e+01
   4.3766730e+06   1.5502930e+01
   4.3766950e+06   1.7944336e+01
   4.3767130e+06   1.9836426e+01
   4.4098210e+06   2.2705078e+01
   4.4235840e+06   1.5625000e+01
   4.4236390e+06   6.4514160e+01
   4.4236540e+06   2.6550293e+01
   4.4348110e+06   1.8554688e+01
   4.4348850e+06   2.2216797e+01
   4.4349260e+06   1.9775391e+01
   4.4351570e+06   3.9245605e+01
   4.4431020e+06   1.5258789e+01
   4.4432130e+06   3.1250000e+01
   4.4710630e+06   1.9836426e+01
   4.4711020e+06   1.5686035e+01
   4.4711490e+06   2.7221680e+01
   4.4712120e+06   2.6489258e+01
   4.4713690e+06   1.6845703e+01
   4.4865960e+06   1.6357422e+01
   4.4866480e+06   1.7822266e+01
   4.5187590e+06   2.0629883e+01
   4.5188200e+06   3.8513184e+01
   4.5254340e+06   1.8127441e+01
   4.5255220e+06   1.9531250e+01
   4.5461870e+06   1.7089844e+01
   4.5462290e+06   1.8493652e+01
   4.5472060e+06   1.5319824e+01
   4.5556200e+06   1.9104004e+01
   4.5556600e+06   1.8066406e+01
   4.5719110e+06   1.7089844e+01
   4.5790350e+06   1.6601562e+01
   4.5790740e+06   2.0385742e+01
   4.5794170e+06   1.7883301e+01
   4.5794820e+06   1.7578125e+01
   4.5795590e+06   3.1494141e+01
   4.5795710e+06   2.2338867e+01
   4.5796950e+06   1.6052246e+01
   4.5854890e+06   1.7333984e+01
   4.5855890e+06   1.5930176e+01
   4.5856710e+06   2.4047852e+01
   4.5856920e+06   2.2949219e+01
   4.5864250e+06   1.7211914e+01
   4.6203270e+06   1.7150879e+01
   4.6203610e+06   1.6784668e+01
   4.6205440e+06   1.8005371e+01
   4.6210330e+06   2.6794434e+01
   4.6210760e+06   2.0751953e+01
   4.6211130e+06   2.0751953e+01
   4.6321090e+06   1.5991211e+01
   4.6417160e+06   1.8737793e+01
   4.6505270e+06   1.7089844e+01
   4.6506100e+06   1.5747070e+01
   4.6507380e+06   1.7333984e+01
   4.6508560e+06   2.6367187e+01
   4.6509150e+06   3.0883789e+01
   4.6817180e+06   2.5878906e+01
   4.6928300e+06   1.8432617e+01
   4.6928640e+06   1.5380859e+01
   4.6929070e+06   1.5808105e+01
   4.6932100e+06   1.5686035e+01
   4.7026240e+06   1.5258789e+01
   4.7423830e+06   5.8959961e+01
   4.8208220e+06   1.8371582e+01
   4.8211730e+06   1.5441895e+01
   4.8563760e+06   1.6784668e+01
   4.8771140e+06   1.5686035e+01
   4.8979330e+06   1.8798828e+01
   4.8979900e+06   1.6174316e+01
   4.9503790e+06   5.7556152e+01
   4.9505160e+06   2.5085449e+01
   4.9505270e+06   5.4199219e+01
   4.9510750e+06   2.5817871e+01
   4.9511110e+06   2.8320312e+01
   4.9868950e+06   2.5817871e+01
   4.9869310e+06   2.1606445e+01
   4.9869670e+06   2.3864746e+01
   4.9960330e+06   1.6906738e+01
   5.0072570e+06   1.5625000e+01
   5.0072990e+06   3.3996582e+01
   5.0075240e+06   2.5512695e+01
   5.0075650e+06   2.9235840e+01
   5.0215280e+06   2.3376465e+01
   5.0399240e+06   1.7944336e+01
   5.0399630e+06   2.7221680e+01
   5.0512620e+06   2.3193359e+01
   5.0513110e+06   2.1057129e+01
   5.0513470e+06   1.6052246e+01
   5.0520040e+06   4.7241211e+01
   5.0728600e+06   2.4475098e+01
   5.0729270e+06   2.6855469e+01
   5.0823690e+06   4.4799805e+01
   5.0825780e+06   2.5817871e+01
   5.0826400e+06   2.5878906e+01
   5.0875010e+06   3.3935547e+01
   5.0875270e+06   3.3142090e+01
   5.0875990e+06   1.7578125e+01
   5.1168910e+06   1.8310547e+01
   5.1170040e+06   2.9235840e+01
   5.1172890e+06   1.5563965e+01
   5.1397930e+06   2.5939941e+01
   5.1615750e+06   1.5441895e+01
   5.1801630e+06   1.7517090e+01
   5.1935870e+06   2.1179199e+01
   5.1937550e+06   2.2460938e+01
   5.1938610e+06   1.6357422e+01
   5.2164090e+06   1.7578125e+01
   5.2422770e+06   1.5930176e+01
   5.2569790e+06   3.1494141e+01
   5.2871580e+06   1.9409180e+01
   5.2872030e+06   1.5319824e+01
   5.2959470e+06   4.5043945e+01
   5.3065960e+06   1.6479492e+01
   5.3066480e+06   4.6264648e+01
   5.3124400e+06   1.7456055e+01
   5.3183350e+06   1.6601562e+01
   5.3188340e+06   2.3681641e+01
   5.3197690e+06   2.5878906e+01
   5.3239860e+06   1.7761230e+01
   5.3240310e+06   2.3376465e+01
   5.3240430e+06   5.1635742e+01
   5.3241120e+06   3.7536621e+01
   5.3241570e+06   5.8776855e+01
   5.3242140e+06   1.6540527e+01
   5.3325170e+06   1.7578125e+01
   5.3369860e+06   3.9123535e+01
   5.3370160e+06   2.0568848e+01
   5.3370270e+06   2.6489258e+01
   5.3370380e+06   2.5207520e+01
   5.3370560e+06   4.6691895e+01
   5.3370680e+06   2.5024414e+01
   5.3370960e+06   9.0087891e+01
   5.3371130e+06   2.2583008e+01
   5.3371320e+06   4.7790527e+01
   5.3371670e+06   2.9663086e+01
   5.3443120e+06   2.9357910e+01
   5.3509990e+06   1.5380859e+01
   5.3534050e+06   1.8615723e+01
   5.3534300e+06   2.4536133e+01
   5.3534670e+06   3.7292480e+01
   5.3534970e+06   4.3457031e+01
   5.3535800e+06   1.7028809e+01
   5.3567820e+06   1.8859863e+01
   5.3568030e+06   5.6945801e+01
   5.3568260e+06   2.9113770e+01
   5.3568560e+06   5.0537109e+01
   5.3568670e+06   5.2551270e+01
   5.3568970e+06   4.4738770e+01
   5.3569120e+06   3.7963867e+01
   5.3569250e+06   3.5095215e+01
   5.3569550e+06   3.0578613e+01
   5.3569870e+06   4.4982910e+01
   5.3570030e+06   4.3701172e+01
   5.3570360e+06   3.1311035e+01
   5.3570640e+06   2.9113770e+01
   5.3570920e+06   3.7475586e+01
   5.3571090e+06   2.1179199e+01
   5.3571410e+06   2.0446777e+01
   5.3571730e+06   1.6540527e+01
   5.3572170e+06   1.6540527e+01
   5.3572600e+06   1.8493652e+01
   5.3572730e+06   2.0874023e+01
   5.3573180e+06   1.9653320e+01
   5.3573760e+06   2.4780273e+01
   5.3574980e+06   2.3986816e+01
   5.3622640e+06   2.1911621e+01
   5.3623620e+06   2.8686523e+01
   5.3624060e+06   1.5441895e+01
   5.3625440e+06   2.3620605e+01
   5.3625680e+06   4.6081543e+01
   5.3627030e+06   2.3254395e+01
   5.3627300e+06   3.7719727e+01
   5.3628430e+06   2.2277832e+01
   5.3629660e+06   2.4536133e+01
   5.3629870e+06   4.0649414e+01
   5.3632860e+06   2.5329590e+01
   5.3634430e+06   2.1545410e+01
   5.3635600e+06   2.3193359e+01
   5.3637280e+06   2.2033691e+01
   5.3638760e+06   2.4169922e+01
   5.3639770e+06   1.7272949e+01
   5.3641550e+06   1.9714355e+01
   5.3643020e+06   1.7028809e+01
   5.3643960e+06   1.6967773e+01
   5.3674120e+06   1.8554688e+01
   5.3674610e+06   5.0292969e+01
   5.3674960e+06   3.8879395e+01
   5.3675120e+06   3.1738281e+01
   5.3675240e+06   5.2368164e+01
   5.3675660e+06   4.6081543e+01
   5.3675890e+06   5.2612305e+01
   5.3676250e+06   4.6569824e+01
   5.3676700e+06   4.3090820e+01
   5.3677000e+06   2.5634766e+01
   5.3677220e+06   1.5502930e+01
   5.3677540e+06   1.9348145e+01
   5.3678350e+06   2.5329590e+01
   5.3724500e+06   1.8737793e+01
   5.3724960e+06   4.5593262e+01
   5.3725250e+06   4.0405273e+01
   5.3725800e+06   7.2265625e+01
   5.3725930e+06   1.6052246e+01
   5.3726440e+06   1.7211914e+01
   5.3757000e+06   2.4902344e+01
   5.3757250e+06   3.5644531e+01
   5.3757560e+06   4.6569824e+01
   5.3757780e+06   2.7038574e+01
   5.3757910e+06   5.0964355e+01
   5.3758190e+06   3.0395508e+01
   5.3758300e+06   5.7983398e+01
   5.3758480e+06   3.6376953e+01
   5.3758730e+06   2.3010254e+01
   5.3758950e+06   1.9165039e+01
   5.3759190e+06   1.9226074e+01
   5.3759370e+06   1.9226074e+01
   5.3759470e+06   1.9104004e+01
   5.3759940e+06   2.1667480e+01
   5.3760220e+06   1.7639160e+01
   5.3760550e+06   3.3569336e+01
   5.3761140e+06   4.4677734e+01
   5.3761700e+06   2.3132324e+01
   5.3761920e+06   3.2592773e+01
   5.3762360e+06   1.6357422e+01
   5.3762890e+06   3.5217285e+01
   5.3763420e+06   2.4597168e+01
   5.3807580e+06   1.9042969e+01
   5.3807810e+06   2.5085449e+01
   5.3808240e+06   3.4912109e+01
   5.3808430e+06   3.4851074e+01
   5.3808540e+06   2.1789551e+01
   5.3808900e+06   2.4963379e+01
   5.3809780e+06   4.1320801e+01
   5.3838630e+06   2.7282715e+01
   5.3838810e+06   7.0373535e+01
   5.3838950e+06   4.7424316e+01
   5.3839280e+06   1.1431885e+02
   5.3839530e+06   3.9123535e+01
   5.3839660e+06   5.0292969e+01
   5.3839860e+06   4.9255371e+01
   5.3839960e+06   4.6936035e+01
   5.3840210e+06   1.9897461e+01
   5.3840410e+06   2.8686523e+01
   5.3840680e+06   2.1423340e+01
   5.3840840e+06   1.6113281e+01
   5.3841050e+06   2.2949219e+01
   5.3841530e+06   1.9287109e+01
   5.3841880e+06   1.7517090e+01
   5.3842090e+06   2.0141602e+01
   5.3842610e+06   3.9489746e+01
   5.3842850e+06   3.0212402e+01
   5.3843380e+06   1.5869141e+01
   5.3843730e+06   2.2399902e+01
   5.3844180e+06   4.1320801e+01
   5.3845080e+06   2.7770996e+01
   5.3845200e+06   1.8127441e+01
   5.3845990e+06   2.4658203e+01
   5.3847200e+06   2.1423340e+01
   5.3879140e+06   2.3498535e+01
   5.3879730e+06   3.8940430e+01
   5.3880440e+06   1.7028809e+01
   5.3882130e+06   2.4780273e+01
   5.3882520e+06   3.0700684e+01
   5.3884060e+06   2.3986816e+01
   5.3884240e+06   2.4475098e+01
   5.3885010e+06   3.0883789e+01
   5.3887330e+06   2.0751953e+01
   5.3889060e+06   1.6906738e+01
   5.3891940e+06   1.7272949e+01
   5.3914360e+06   4.3579102e+01
   5.3914540e+06   6.0668945e+01
   5.3914740e+06   5.3222656e+01
   5.3914840e+06   2.2705078e+01
   5.3914980e+06   2.5024414e+01
   5.3915140e+06   5.1940918e+01
   5.3915360e+06   4.3090820e+01
   5.3915580e+06   3.1188965e+01
   5.3915690e+06   3.2348633e+01
   5.3915960e+06   2.8869629e+01
   5.3916110e+06   3.1921387e+01
   5.3916300e+06   1.5441895e+01
   5.3916430e+06   1.8127441e+01
   5.3916580e+06   1.6601563e+01
   5.3916840e+06   1.6174316e+01
   5.3917220e+06   2.7587891e+01
   5.3917570e+06   3.1860352e+01
   5.3918270e+06   2.5268555e+01
   5.3918510e+06   3.3630371e+01
   5.3919330e+06   1.5869141e+01
   5.3919480e+06   4.2297363e+01
   5.3920380e+06   1.8066406e+01
   5.3957320e+06   4.3945312e+01
   5.3958150e+06   4.4128418e+01
   5.3958300e+06   3.5278320e+01
   5.3959250e+06   1.8859863e+01
   5.3959370e+06   3.3447266e+01
   5.3960210e+06   4.0222168e+01
   5.3978440e+06   1.6357422e+01
   5.3978790e+06   3.3447266e+01
   5.3979040e+06   4.8889160e+01
   5.3979290e+06   2.5329590e+01
   5.3979420e+06   4.7241211e+01
   5.3979570e+06   4.6447754e+01
   5.3979930e+06   7.0129395e+01
   5.3980130e+06   3.1494141e+01
   5.3980390e+06   3.6010742e+01
   5.3980670e+06   2.5207520e+01
   5.3980840e+06   2.4841309e+01
   5.3981240e+06   4.4128418e+01
   5.3981480e+06   1.6052246e+01
   5.3982020e+06   3.5339355e+01
   5.4018960e+06   3.5949707e+01
   5.4019090e+06   4.8278809e+01
   5.4019370e+06   4.8767090e+01
   5.4019720e+06   5.8410645e+01
   5.4019880e+06   1.8615723e+01
   5.4020070e+06   3.9184570e+01
   5.4020230e+06   4.1381836e+01
   5.4020330e+06   4.0466309e+01
   5.4020850e+06   2.1545410e+01
   5.4021090e+06   2.0874023e+01
   5.4051960e+06   3.0700684e+01
   5.4052230e+06   4.0771484e+01
   5.4052330e+06   4.2053223e+01
   5.4052660e+06   7.8674316e+01
   5.4052960e+06   2.9846191e+01
   5.4053320e+06   5.8227539e+01
   5.4053450e+06   5.2429199e+01
   5.4053680e+06   3.8757324e+01
   5.4053830e+06   1.8981934e+01
   5.4054170e+06   1.6052246e+01
   5.4054520e+06   1.8676758e+01
   5.4054700e+06   1.6662598e+01
   5.4055240e+06   1.7578125e+01
   5.4055730e+06   1.9958496e+01
   5.4056320e+06   2.7404785e+01
   5.4056590e+06   3.7536621e+01
   5.4057330e+06   1.8249512e+01
   5.4058110e+06   1.5625000e+01
   5.4058810e+06   2.2399902e+01
   5.4059690e+06   2.1423340e+01
   5.4060700e+06   1.6418457e+01
   5.4062510e+06   2.1911621e+01
   5.4070340e+06   2.3742676e+01
   5.4089150e+06   2.2583008e+01
   5.4089460e+06   2.9418945e+01
   5.4090510e+06   2.3986816e+01
   5.4090770e+06   3.3325195e+01
   5.4093030e+06   2.2766113e+01
   5.4094750e+06   2.7587891e+01
   5.4102270e+06   3.4179688e+01
   5.4102740e+06   3.5278320e+01
   5.4102910e+06   3.3081055e+01
   5.4103390e+06   3.8513184e+01
   5.4103510e+06   5.5725098e+01
   5.4128500e+06   4.0710449e+01
   5.4128650e+06   5.5725098e+01
   5.4129000e+06   5.6152344e+01
   5.4129160e+06   2.7893066e+01
   5.4129360e+06   6.1950684e+01
   5.4129530e+06   4.1381836e+01
   5.4129750e+06   1.6662598e+01
   5.4129860e+06   2.4902344e+01
   5.4129980e+06   1.7883301e+01
   5.4130170e+06   1.6723633e+01
   5.4130350e+06   3.1005859e+01
   5.4130800e+06   1.9226074e+01
   5.4131370e+06   1.7456055e+01
   5.4131750e+06   3.5217285e+01
   5.4132330e+06   2.1545410e+01
   5.4133420e+06   1.9409180e+01
   5.4134180e+06   2.7282715e+01
   5.4173390e+06   2.4780273e+01
   5.4173550e+06   3.9855957e+01
   5.4173700e+06   2.3132324e+01
   5.4174010e+06   9.8327637e+01
   5.4174260e+06   4.1198730e+01
   5.4174480e+06   6.8664551e+01
   5.4174720e+06   3.2348633e+01
   5.4174950e+06   6.1950684e+01
   5.4175170e+06   2.1118164e+01
   5.4175430e+06   2.3132324e+01
   5.4175810e+06   1.9775391e+01
   5.4217230e+06   3.2348633e+01
   5.4217400e+06   1.8920898e+01
   5.4217640e+06   4.4555664e+01
   5.4217880e+06   9.2590332e+01
   5.4218010e+06   2.2705078e+01
   5.4218210e+06   1.8859863e+01
   5.4218430e+06   2.2705078e+01
   5.4218590e+06   3.5339355e+01
   5.4218760e+06   4.0954590e+01
   5.4219070e+06   1.9165039e+01
   5.4219290e+06   2.7648926e+01
   5.4219440e+06   1.7456055e+01
   5.4219620e+06   1.7944336e+01
   5.4219870e+06   1.6845703e+01
   5.4220170e+06   2.7709961e+01
   5.4220800e+06   3.3752441e+01
   5.4221290e+06   1.8859863e+01
   5.4221840e+06   3.3447266e+01
   5.4222320e+06   1.5686035e+01
   5.4222870e+06   1.8798828e+01
   5.4223720e+06   2.1606445e+01
   5.4224720e+06   1.9165039e+01
   5.4225750e+06   1.9653320e+01
   5.4258080e+06   2.3925781e+01
   5.4258810e+06   1.8676758e+01
   5.4259020e+06   3.9367676e+01
   5.4259290e+06   3.4362793e+01
   5.4259480e+06   2.9235840e+01
   5.4259740e+06   4.8522949e+01
   5.4260090e+06   3.1738281e+01
   5.4260190e+06   4.1503906e+01
   5.4260370e+06   2.0690918e+01
   5.4294900e+06   2.4108887e+01
   5.4295540e+06   2.4658203e+01
   5.4295820e+06   5.1025391e+01
   5.4296020e+06   5.3894043e+01
   5.4296130e+06   2.7404785e+01
   5.4296360e+06   4.6447754e+01
   5.4296640e+06   4.1076660e+01
   5.4296780e+06   5.5236816e+01
   5.4297160e+06   4.6264648e+01
   5.4297430e+06   2.4108887e+01
   5.4297680e+06   2.3925781e+01
   5.4297920e+06   2.6489258e+01
   5.4298210e+06   1.6296387e+01
   5.4299410e+06   3.2287598e+01
   5.4299890e+06   1.7639160e+01
   5.4300050e+06   3.3142090e+01
   5.4301800e+06   1.7333984e+01
   5.4334270e+06   1.9714355e+01
   5.4336920e+06   2.0324707e+01
   5.4337160e+06   2.6855469e+01
   5.4337300e+06   1.6235352e+01
   5.4337430e+06   3.9184570e+01
   5.4337570e+06   3.3813477e+01
   5.4337810e+06   2.8564453e+01
   5.4337990e+06   3.9001465e+01
   5.4338250e+06   1.6235352e+01
   5.4338520e+06   8.3923340e+01
   5.4338730e+06   2.1850586e+01
   5.4338830e+06   1.6418457e+01
   5.4339240e+06   2.6672363e+01
   5.4339350e+06   1.6784668e+01
   5.4383630e+06   2.6367188e+01
   5.4384070e+06   4.3457031e+01
   5.4384280e+06   2.9174805e+01
   5.4384440e+06   4.7546387e+01
   5.4384620e+06   1.5380859e+01
   5.4384720e+06   4.3457031e+01
   5.4385050e+06   2.6794434e+01
   5.4385270e+06   3.7048340e+01
   5.4385390e+06   1.5563965e+01
   5.4385510e+06   2.4475098e+01
   5.4385740e+06   1.7028809e+01
   5.4385880e+06   1.9409180e+01
   5.4386170e+06   2.0202637e+01
   5.4387410e+06   2.1301270e+01
   5.4387730e+06   3.2714844e+01
   5.4388330e+06   1.9592285e+01
   5.4388540e+06   3.4301758e+01
   5.4389540e+06   2.2155762e+01
   5.4390100e+06   1.6174316e+01
   5.4435110e+06   1.8432617e+01
   5.4435600e+06   1.8737793e+01
   5.4435810e+06   3.5949707e+01
   5.4436010e+06   3.0944824e+01
   5.4436140e+06   1.5930176e+01
   5.4436300e+06   5.8471680e+01
   5.4436610e+06   1.8798828e+01
   5.4436710e+06   2.5390625e+01
   5.4436980e+06   3.0517578e+01
   5.4437140e+06   2.1667480e+01
   5.4437350e+06   2.8747559e+01
   5.4437480e+06   2.4963379e+01
   5.4438180e+06   4.5104980e+01
   5.4439140e+06   2.6000977e+01
   5.4441380e+06   2.6184082e+01
   5.4481860e+06   2.8808594e+01
   5.4482110e+06   4.1015625e+01
   5.4482380e+06   6.3598633e+01
   5.4482560e+06   5.8410645e+01
   5.4482760e+06   3.4973145e+01
   5.4482890e+06   2.2949219e+01
   5.4483080e+06   2.1423340e+01
   5.4483290e+06   1.8920898e+01
   5.4483520e+06   4.2846680e+01
   5.4483760e+06   2.2644043e+01
   5.4484110e+06   2.8381348e+01
   5.4484320e+06   2.0935059e+01
   5.4485990e+06   2.6550293e+01
   5.4486460e+06   3.7292480e+01
   5.4487870e+06   1.5380859e+01
   5.4488600e+06   1.5502930e+01
   5.4490760e+06   1.5380859e+01
   5.4492390e+06   1.7333984e+01
   5.4502470e+06   1.7517090e+01
   5.4523780e+06   2.1484375e+01
   5.4524960e+06   2.1423340e+01
   5.4525210e+06   2.7770996e+01
   5.4525360e+06   1.9653320e+01
   5.4525560e+06   7.1289062e+01
   5.4525880e+06   1.8371582e+01
   5.4526140e+06   7.6477051e+01
   5.4526420e+06   4.8889160e+01
   5.4526670e+06   3.0212402e+01
   5.4526850e+06   5.5603027e+01
   5.4527480e+06   2.4597168e+01
   5.4529580e+06   2.6550293e+01
   5.4575750e+06   2.5146484e+01
   5.4575910e+06   5.4687500e+01
   5.4576120e+06   3.4362793e+01
   5.4576230e+06   7.3974609e+01
   5.4576580e+06   5.6030273e+01
   5.4576870e+06   2.7526855e+01
   5.4577000e+06   1.7028809e+01
   5.4577280e+06   2.8869629e+01
   5.4577700e+06   2.0751953e+01
   5.4577920e+06   1.9409180e+01
   5.4578640e+06   1.5930176e+01
   5.4578940e+06   2.8015137e+01
   5.4579150e+06   2.5207520e+01
   5.4579880e+06   2.6245117e+01
   5.4580930e+06   1.8249512e+01
   5.4581650e+06   1.9287109e+01
   5.4582450e+06   1.9287109e+01
   5.4583450e+06   2.0019531e+01
   5.4584800e+06   2.0385742e+01
   5.4600770e+06   1.5625000e+01
   5.4607590e+06   2.1728516e+01
   5.4615650e+06   2.0996094e+01
   5.4616300e+06   2.4475098e+01
   5.4617280e+06   2.2033691e+01
   5.4617710e+06   4.8950195e+01
   5.4618200e+06   3.1677246e+01
   5.4618410e+06   1.7578125e+01
   5.4619190e+06   2.3742676e+01
   5.4619470e+06   3.6987305e+01
   5.4620550e+06   1.8920898e+01
   5.4663980e+06   3.9367676e+01
   5.4664170e+06   4.1137695e+01
   5.4664290e+06   1.8188477e+01
   5.4664560e+06   7.2631836e+01
   5.4664820e+06   3.6743164e+01
   5.4665000e+06   2.2521973e+01
   5.4665120e+06   4.0710449e+01
   5.4665550e+06   2.9968262e+01
   5.4665820e+06   3.1311035e+01
   5.4666460e+06   2.0874023e+01
   5.4667130e+06   3.0700684e+01
   5.4667420e+06   1.9165039e+01
   5.4667640e+06   1.7333984e+01
   5.4670710e+06   1.6418457e+01
   5.4724710e+06   3.7231445e+01
   5.4724860e+06   4.2480469e+01
   5.4724970e+06   3.4301758e+01
   5.4725130e+06   3.3813477e+01
   5.4725310e+06   7.3364258e+01
   5.4725640e+06   4.7058105e+01
   5.4725950e+06   3.8574219e+01
   5.4726100e+06   1.5991211e+01
   5.4726370e+06   2.6550293e+01
   5.4726500e+06   1.5258789e+01
   5.4726800e+06   2.0629883e+01
   5.4727280e+06   2.3620605e+01
   5.4727570e+06   1.6845703e+01
   5.4727940e+06   3.2531738e+01
   5.4728430e+06   2.1789551e+01
   5.4729350e+06   1.6601562e+01
   5.4729770e+06   1.7456055e+01
   5.4731070e+06   1.7944336e+01
   5.4733690e+06   1.7150879e+01
   5.4791980e+06   2.2277832e+01
   5.4792720e+06   1.5502930e+01
   5.4792830e+06   2.6672363e+01
   5.4793110e+06   1.5747070e+01
   5.4793240e+06   6.9091797e+01
   5.4793570e+06   3.2775879e+01
   5.4793690e+06   2.9296875e+01
   5.4793870e+06   3.2287598e+01
   5.4794000e+06   6.9763184e+01
   5.4794150e+06   3.2775879e+01
   5.4794450e+06   5.6701660e+01
   5.4794690e+06   2.7160645e+01
   5.4794810e+06   2.6428223e+01
   5.4794930e+06   2.6306152e+01
   5.4795130e+06   2.4414063e+01
   5.4795390e+06   1.6479492e+01
   5.4795510e+06   3.3020020e+01
   5.4795780e+06   2.0446777e+01
   5.4795920e+06   2.8381348e+01
   5.4796240e+06   1.5808105e+01
   5.4796940e+06   2.0507813e+01
   5.4800860e+06   1.8310547e+01
   5.4803190e+06   2.1850586e+01
   5.4841660e+06   2.2216797e+01
   5.4842400e+06   1.7761230e+01
   5.4842580e+06   3.4545898e+01
   5.4842810e+06   3.3935547e+01
   5.4843120e+06   3.0700684e+01
   5.4843370e+06   2.8198242e+01
   5.4843630e+06   3.3752441e+01
   5.4844100e+06   2.7282715e+01
   5.4844310e+06   2.5207520e+01
   5.4844560e+06   1.6235352e+01
   5.4844930e+06   5.0476074e+01
   5.4845040e+06   2.2277832e+01
   5.4907920e+06   3.8085938e+01
   5.4908070e+06   8.9660645e+01
   5.4908380e+06   3.2165527e+01
   5.4908510e+06   3.9123535e+01
   5.4908760e+06   3.9123535e+01
   5.4909040e+06   5.3466797e+01
   5.4909340e+06   3.5217285e+01
   5.4909500e+06   1.9287109e+01
   5.4909720e+06   1.8188477e+01
   5.4909850e+06   1.6479492e+01
   5.4909980e+06   1.9470215e+01
   5.4910280e+06   1.8981934e+01
   5.4910780e+06   4.1809082e+01
   5.4911380e+06   4.0527344e+01
   5.4911940e+06   2.1728516e+01
   5.4912090e+06   1.5686035e+01
   5.4912840e+06   3.7475586e+01
   5.4915430e+06   1.8493652e+01
   5.4919100e+06   1.5258789e+01
   5.4930660e+06   1.8066406e+01
   5.4933850e+06   2.0874023e+01
   5.4976940e+06   2.1118164e+01
   5.4979930e+06   2.7587891e+01
   5.4980080e+06   3.5278320e+01
   5.4980280e+06   5.0659180e+01
   5.4980430e+06   4.0771484e+01
   5.4980660e+06   6.1584473e+01
   5.4981040e+06   5.6457520e+01
   5.4981380e+06   3.8635254e+01
   5.4981760e+06   4.8706055e+01
   5.4981980e+06   1.9897461e+01
   5.4982150e+06   2.2888184e+01
   5.4982290e+06   2.3315430e+01
   5.4982390e+06   3.8085938e+01
   5.4982850e+06   1.5380859e+01
   5.4982990e+06   1.6662598e+01
   5.4984320e+06   2.7221680e+01
   5.4985230e+06   1.7333984e+01
   5.4985970e+06   1.9592285e+01
   5.4986090e+06   1.5991211e+01
   5.5067480e+06   2.1850586e+01
   5.5068100e+06   2.6428223e+01
   5.5068220e+06   2.1057129e+01
   5.5068380e+06   5.4626465e+01
   5.5068560e+06   1.8859863e+01
   5.5068830e+06   3.8513184e+01
   5.5068950e+06   6.2072754e+01
   5.5069110e+06   1.5441895e+01
   5.5069360e+06   3.2165527e+01
   5.5069580e+06   3.7475586e+01
   5.5069680e+06   3.6926270e+01
   5.5069950e+06   4.2236328e+01
   5.5070120e+06   2.3742676e+01
   5.5070620e+06   2.9357910e+01
   5.5070880e+06   1.5869141e+01
   5.5071200e+06   1.6967773e+01
   5.5071760e+06   2.5024414e+01
   5.5072170e+06   2.3803711e+01
   5.5072680e+06   3.7048340e+01
   5.5073520e+06   1.6418457e+01
   5.5073720e+06   2.7709961e+01
   5.5076860e+06   1.6479492e+01
   5.5092580e+06   1.9348145e+01
   5.5096680e+06   1.8310547e+01
   5.5170660e+06   2.7770996e+01
   5.5175150e+06   2.4719238e+01
   5.5175260e+06   3.0395508e+01
   5.5175450e+06   1.6479492e+01
   5.5175560e+06   7.3181152e+01
   5.5175910e+06   4.8522949e+01
   5.5176130e+06   7.1228027e+01
   5.5176240e+06   5.8227539e+01
   5.5176460e+06   4.1992188e+01
   5.5176620e+06   1.9226074e+01
   5.5176720e+06   3.2165527e+01
   5.5176850e+06   1.5625000e+01
   5.5177000e+06   2.7282715e+01
   5.5177300e+06   3.0029297e+01
   5.5177570e+06   1.7822266e+01
   5.5177740e+06   1.6540527e+01
   5.5178050e+06   1.6723633e+01
   5.5178430e+06   1.9348145e+01
   5.5178830e+06   1.5869141e+01
   5.5178930e+06   2.2949219e+01
   5.5179310e+06   3.7170410e+01
   5.5179630e+06   1.5930176e+01
   5.5179810e+06   1.7578125e+01
   5.5180190e+06   3.5583496e+01
   5.5180850e+06   3.1982422e+01
   5.5180970e+06   2.2766113e+01
   5.5183030e+06   1.5686035e+01
   5.5183740e+06   1.6418457e+01
   5.5203910e+06   2.0751953e+01
   5.5277380e+06   2.2338867e+01
   5.5277570e+06   2.1179199e+01
   5.5277710e+06   1.7517090e+01
   5.5277830e+06   4.3701172e+01
   5.5277960e+06   4.9255371e+01
   5.5278250e+06   4.0283203e+01
   5.5278490e+06   8.0932617e+01
   5.5278700e+06   3.8635254e+01
   5.5278950e+06   4.5715332e+01
   5.5279170e+06   3.4118652e+01
   5.5279350e+06   3.1188965e+01
   5.5279570e+06   3.3081055e+01
   5.5279920e+06   2.6184082e+01
   5.5280180e+06   1.6540527e+01
   5.5280420e+06   1.5258789e+01
   5.5281790e+06   2.3071289e+01
   5.5282170e+06   4.3029785e+01
   5.5282900e+06   2.3071289e+01
   5.5284080e+06   2.7282715e+01
   5.5284390e+06   1.6906738e+01
   5.5285250e+06   1.7822266e+01
   5.5390370e+06   2.7587891e+01
   5.5390860e+06   2.9296875e+01
   5.5391060e+06   6.5124512e+01
   5.5391230e+06   4.7302246e+01
   5.5391410e+06   5.1208496e+01
   5.5391630e+06   3.4118652e+01
   5.5391790e+06   8.2946777e+01
   5.5391920e+06   2.5390625e+01
   5.5392160e+06   6.0302734e+01
   5.5392350e+06   5.4260254e+01
   5.5392720e+06   2.9052734e+01
   5.5392880e+06   2.1606445e+01
   5.5393000e+06   2.1972656e+01
   5.5393300e+06   2.6733398e+01
   5.5393510e+06   1.9775391e+01
   5.5393870e+06   1.6784668e+01
   5.5394170e+06   1.5991211e+01
   5.5394520e+06   1.9226074e+01
   5.5395290e+06   2.6855469e+01
   5.5395650e+06   1.7395020e+01
   5.5396020e+06   1.7395020e+01
   5.5396460e+06   2.5329590e+01
   5.5397280e+06   2.0080566e+01
   5.5397490e+06   2.1789551e+01
   5.5399620e+06   2.0263672e+01
   5.5420070e+06   2.1545410e+01
   5.5422060e+06   1.9714355e+01
   5.5465120e+06   2.2216797e+01
   5.5465300e+06   5.6091309e+01
   5.5465440e+06   4.3884277e+01
   5.5465620e+06   5.3039551e+01
   5.5466030e+06   2.2888184e+01
   5.5466240e+06   3.9916992e+01
   5.5466450e+06   2.3437500e+01
   5.5466600e+06   5.3222656e+01
   5.5466720e+06   2.3010254e+01
   5.5467010e+06   4.6325684e+01
   5.5467510e+06   3.7231445e+01
   5.5467630e+06   1.7456055e+01
   5.5468040e+06   2.5573730e+01
   5.5468220e+06   3.1494141e+01
   5.5469060e+06   2.4963379e+01
   5.5470150e+06   2.3315430e+01
   5.5587950e+06   2.1789551e+01
   5.5588140e+06   3.0151367e+01
   5.5588540e+06   7.1411133e+01
   5.5588810e+06   7.1960449e+01
   5.5588970e+06   2.7954102e+01
   5.5589130e+06   2.3742676e+01
   5.5589310e+06   4.7241211e+01
   5.5589510e+06   3.6804199e+01
   5.5589670e+06   4.8583984e+01
   5.5589990e+06   3.4667969e+01
   5.5590210e+06   1.6113281e+01
   5.5590420e+06   2.4169922e+01
   5.5590540e+06   2.5695801e+01
   5.5590950e+06   2.6184082e+01
   5.5591180e+06   2.2277832e+01
   5.5591510e+06   4.1564941e+01
   5.5591920e+06   1.7089844e+01
   5.5592370e+06   2.3071289e+01
   5.5592770e+06   3.4729004e+01
   5.5592960e+06   1.7395020e+01
   5.5593710e+06   2.3193359e+01
   5.5594200e+06   1.8737793e+01
   5.5595180e+06   1.9104004e+01
   5.5597680e+06   1.8554688e+01
   5.5618950e+06   1.9836426e+01
   5.5626890e+06   2.1850586e+01
   5.5632170e+06   2.3071289e+01
   5.5642550e+06   2.4841309e+01
   5.5648290e+06   1.7578125e+01
   5.5648670e+06   2.0935059e+01
   5.5649410e+06   2.5024414e+01
   5.5649890e+06   2.0629883e+01
   5.5650040e+06   1.6723633e+01
   5.5650340e+06   5.2185059e+01
   5.5650620e+06   3.2043457e+01
   5.5650980e+06   3.4423828e+01
   5.5651260e+06   1.9409180e+01
   5.5651530e+06   3.0639648e+01
   5.5651770e+06   2.9235840e+01
   5.5652740e+06   4.8217773e+01
   5.5652930e+06   1.6052246e+01
   5.5653940e+06   2.5634766e+01
   5.6555730e+06   2.8564453e+01
   5.6555940e+06   2.3132324e+01
   5.6557190e+06   2.8442383e+01
   5.6558270e+06   2.9235840e+01
   5.6558650e+06   2.8076172e+01
   5.6748810e+06   3.0700684e+01
   5.6749350e+06   2.4230957e+01
   5.6750220e+06   2.4902344e+01
   5.6756220e+06   2.0141602e+01
   5.6759460e+06   2.6306152e+01
   5.6961210e+06   5.0415039e+01
   5.6965210e+06   2.8564453e+01
   5.6966110e+06   2.4169922e+01
   5.7143760e+06   2.6184082e+01
   5.7144260e+06   2.4597168e+01
   5.7144900e+06   2.6794434e+01
   5.7145510e+06   2.1484375e+01
   5.7146520e+06   2.3193359e+01
   5.7321440e+06   2.9052734e+01
   5.7322010e+06   2.5756836e+01
   5.7331600e+06   2.0080566e+01
   5.7334130e+06   2.7038574e+01
   5.7334980e+06   2.4353027e+01
   5.7335750e+06   2.1667480e+01
   5.7389060e+06   2.2766113e+01
   5.7389770e+06   2.6123047e+01
   5.7556150e+06   2.0751953e+01
   5.7563360e+06   2.5085449e+01
   5.7574620e+06   2.2705078e+01
   5.7575080e+06   2.0324707e+01
   5.7575840e+06   1.7700195e+01
   5.7576440e+06   1.6479492e+01
   5.7753180e+06   2.7282715e+01
   5.7753910e+06   2.5634766e+01
   5.7754970e+06   2.1667480e+01
   5.7936370e+06   2.7893066e+01
   5.7936880e+06   2.5817871e+01
   5.7937330e+06   2.4230957e+01
   5.7939540e+06   2.7770996e+01
   5.7940020e+06   2.0812988e+01
   5.7940600e+06   1.7150879e+01
   5.7941400e+06   1.7700195e+01
   5.8707540e+06   2.0690918e+01
   5.8872790e+06   3.0883789e+01
   5.9122520e+06   3.0395508e+01
   5.9370990e+06   2.4353027e+01
   5.9371810e+06   2.3437500e+01
   5.9376400e+06   2.8564453e+01
   5.9519790e+06   2.8930664e+01
   5.9618620e+06   2.5939941e+01
   5.9621880e+06   2.5390625e+01
   5.9751060e+06   2.3315430e+01
   5.9756500e+06   2.8747559e+01
   5.9868290e+06   2.3742676e+01
   5.9870030e+06   2.7587891e+01
