   5.9990000e+06   0.0000000e+00
   1.7191590e+06   1.7333984e+01
   1.7269610e+06   1.5686035e+01
   1.7270450e+06   1.8249512e+01
   1.7587130e+06   1.6052246e+01
   1.7714270e+06   1.6723633e+01
   1.7766350e+06   1.6052246e+01
   1.7883270e+06   1.5686035e+01
   1.7983200e+06   1.6723633e+01
   1.8050790e+06   1.5625000e+01
   1.8164340e+06   1.5441895e+01
   1.8376230e+06   1.5869141e+01
   1.8376540e+06   1.6357422e+01
   1.8376830e+06   1.5441895e+01
   1.8377070e+06   1.5808105e+01
   1.8465090e+06   1.5686035e+01
   1.8465700e+06   1.5686035e+01
   1.8556260e+06   1.6052246e+01
   1.8729770e+06   1.6357422e+01
   2.1945830e+06   2.1545410e+01
   2.2584290e+06   1.7639160e+01
   2.2584900e+06   1.5563965e+01
   2.2587200e+06   1.6723633e+01
   2.3260850e+06   1.7456055e+01
   2.3530020e+06   1.7944336e+01
   2.3897530e+06   1.5747070e+01
   2.3905770e+06   1.5930176e+01
   2.4151870e+06   1.6235352e+01
   2.4270570e+06   1.5747070e+01
   2.4361970e+06   1.5441895e+01
   2.4366130e+06   1.5747070e+01
   2.4440870e+06   2.1301270e+01
   2.4444970e+06   1.7944336e+01
   2.4534880e+06   1.6723633e+01
   2.4697700e+06   1.5747070e+01
   2.4698320e+06   1.7761230e+01
   2.4999370e+06   1.5441895e+01
   2.5001760e+06   1.8371582e+01
   2.5181920e+06   1.7761230e+01
   2.5317610e+06   1.5747070e+01
   2.5324940e+06   1.6967773e+01
   2.5469510e+06   1.5441895e+01
   2.5471070e+06   1.6845703e+01
   2.5474650e+06   1.6540527e+01
   2.5479140e+06   1.7333984e+01
   2.5638600e+06   1.5563965e+01
   2.5646970e+06   1.8859863e+01
   2.6064270e+06   1.6113281e+01
   2.6077350e+06   1.7333984e+01
   2.6400400e+06   1.9287109e+01
   2.6405980e+06   1.9165039e+01
   2.7470730e+06   1.6113281e+01
   2.7471840e+06   1.8676758e+01
   2.7475390e+06   1.6906738e+01
   2.7479080e+06   1.6113281e+01
   2.7482710e+06   1.5930176e+01
   2.7483670e+06   1.5441895e+01
   2.7485810e+06   1.6174316e+01
   2.7486610e+06   1.7639160e+01
   2.9604330e+06   1.7150879e+01
   2.9606090e+06   1.9165039e+01
   2.9609000e+06   1.8371582e+01
   2.9609920e+06   1.6845703e+01
   2.9613380e+06   2.2338867e+01
   3.0666180e+06   1.5441895e+01
   3.8158610e+06   1.9470215e+01
   3.8159440e+06   1.5747070e+01
   3.8266240e+06   1.5930176e+01
   4.3767200e+06   1.7028809e+01
   5.3839900e+06   1.6113281e+01
   5.4053380e+06   1.5441895e+01
   5.4217920e+06   1.6601562e+01
   5.4296890e+06   1.9165039e+01
   5.4385550e+06   1.5502930e+01
   5.4726340e+06   1.5625000e+01
   5.4909070e+06   1.6235352e+01
   5.4909810e+06   1.6662598e+01
   5.5069680e+06   1.6601562e+01
   5.5176840e+06   1.6235352e+01
   5.5392860e+06   1.5991211e+01
   5.5589600e+06   1.5869141e+01
   5.5591700e+06   1.6479492e+01
   5.8711930e+06   1.8554688e+01
   5.9121550e+06   1.7150879e+01
   5.9372700e+06   1.6235352e+01
   5.9377130e+06   1.7211914e+01
   5.9380800e+06   1.8005371e+01
   5.9622300e+06   1.7883301e+01
   5.9751630e+06   1.7517090e+01
   5.9755300e+06   1.8920898e+01
   5.9756510e+06   1.7639160e+01
   5.9757860e+06   1.7333984e+01
