   5.9990000e+06   0.0000000e+00
   1.0272500e+05   1.7150879e+01
   1.1541200e+05   1.7822266e+01
   1.4977900e+05   1.7395020e+01
   1.4995000e+05   1.8127441e+01
   1.5868100e+05   1.8615723e+01
   1.5872200e+05   1.7944336e+01
   3.1920300e+05   1.7639160e+01
   3.3435700e+05   1.6906738e+01
   3.3440200e+05   1.7883301e+01
   3.5724900e+05   1.6845703e+01
   3.9092300e+05   1.8859863e+01
   5.3781900e+05   1.6784668e+01
   5.9255000e+05   1.7578125e+01
   5.9265400e+05   1.8005371e+01
   7.2348200e+05   1.7639160e+01
   7.6238900e+05   1.7089844e+01
   8.8443200e+05   1.7700195e+01
   9.1877100e+05   1.7700195e+01
   9.8489700e+05   1.7272949e+01
   1.0377860e+06   1.6845703e+01
   1.0994800e+06   1.6845703e+01
   1.3237230e+06   1.7089844e+01
   1.4592350e+06   1.7333984e+01
   1.4822620e+06   1.7333984e+01
   1.4823170e+06   1.8188477e+01
   1.6142420e+06   2.5207520e+01
   1.6142930e+06   1.6845703e+01
   1.6384320e+06   1.9714355e+01
   1.6384850e+06   1.8554688e+01
   1.6385180e+06   1.9165039e+01
   1.6536100e+06   1.7089844e+01
   1.6576600e+06   1.7028809e+01
   1.6577050e+06   1.9348145e+01
   1.6578260e+06   1.8920898e+01
   1.6696750e+06   2.3803711e+01
   1.6696880e+06   1.6845703e+01
   1.6697080e+06   1.8737793e+01
   1.6698230e+06   1.8005371e+01
   1.6895140e+06   2.8869629e+01
   1.6895340e+06   1.9470215e+01
   1.6895910e+06   1.8981934e+01
   1.7035960e+06   1.6723633e+01
   1.7036360e+06   1.8615723e+01
   1.7036830e+06   1.8371582e+01
   1.7037220e+06   1.9714355e+01
   1.7038140e+06   1.7272949e+01
   1.7118060e+06   1.7211914e+01
   1.7118770e+06   1.8005371e+01
   1.7119350e+06   1.7944336e+01
   1.7119880e+06   2.2338867e+01
   1.7189390e+06   1.8432617e+01
   1.7190150e+06   1.8737793e+01
   1.7190370e+06   2.0629883e+01
   1.7190990e+06   1.7456055e+01
   1.7268800e+06   1.8493652e+01
   1.7269160e+06   1.7639160e+01
   1.7270160e+06   1.6906738e+01
   1.7277810e+06   1.7089844e+01
   1.7343230e+06   2.3925781e+01
   1.7343790e+06   2.6184082e+01
   1.7344200e+06   1.9042969e+01
   1.7391180e+06   2.2277832e+01
   1.7391760e+06   1.8249512e+01
   1.7391970e+06   1.7333984e+01
   1.7392460e+06   1.7883301e+01
   1.7429150e+06   1.7028809e+01
   1.7429360e+06   1.8432617e+01
   1.7429560e+06   1.7150879e+01
   1.7429660e+06   1.9531250e+01
   1.7430100e+06   1.9714355e+01
   1.7500910e+06   2.2399902e+01
   1.7501110e+06   1.8615723e+01
   1.7501440e+06   2.0812988e+01
   1.7501760e+06   1.6845703e+01
   1.7505050e+06   1.7089844e+01
   1.7586450e+06   1.9592285e+01
   1.7586730e+06   1.6845703e+01
   1.7587670e+06   1.9958496e+01
   1.7588130e+06   1.8615723e+01
   1.7666040e+06   2.1179199e+01
   1.7666250e+06   1.7639160e+01
   1.7667460e+06   1.8615723e+01
   1.7668930e+06   1.8127441e+01
   1.7669780e+06   1.9104004e+01
   1.7713890e+06   1.9836426e+01
   1.7714240e+06   2.3620605e+01
   1.7765220e+06   2.2521973e+01
   1.7765470e+06   1.6845703e+01
   1.7765620e+06   2.4658203e+01
   1.7766910e+06   1.9470215e+01
   1.7819740e+06   1.9836426e+01
   1.7820240e+06   1.8798828e+01
   1.7882710e+06   1.7761230e+01
   1.7883430e+06   1.8981934e+01
   1.7883760e+06   1.7456055e+01
   1.7886210e+06   1.7150879e+01
   1.7932760e+06   2.0812988e+01
   1.7982370e+06   1.6723633e+01
   1.7982580e+06   1.7822266e+01
   1.7982680e+06   1.7395020e+01
   1.7983210e+06   1.8188477e+01
   1.7984170e+06   1.7028809e+01
   1.8049370e+06   1.6967773e+01
   1.8049610e+06   1.8127441e+01
   1.8049980e+06   2.2766113e+01
   1.8050330e+06   2.3315430e+01
   1.8050880e+06   1.6784668e+01
   1.8108090e+06   2.0385742e+01
   1.8108880e+06   2.0629883e+01
   1.8109490e+06   1.8066406e+01
   1.8163220e+06   1.8737793e+01
   1.8163840e+06   1.9470215e+01
   1.8247960e+06   1.8066406e+01
   1.8248180e+06   2.1667480e+01
   1.8248350e+06   1.8798828e+01
   1.8248670e+06   2.2338867e+01
   1.8375950e+06   2.0202637e+01
   1.8376050e+06   1.7395020e+01
   1.8376320e+06   2.2460938e+01
   1.8376730e+06   2.7282715e+01
   1.8464220e+06   1.8615723e+01
   1.8464850e+06   1.9897461e+01
   1.8466800e+06   1.6906738e+01
   1.8554790e+06   2.9357910e+01
   1.8555130e+06   2.3376465e+01
   1.8555550e+06   2.0141602e+01
   1.8556440e+06   1.9958496e+01
   1.8557940e+06   1.7395020e+01
   1.8559050e+06   1.6906738e+01
   1.8729050e+06   2.5878906e+01
   1.8729480e+06   2.5634766e+01
   2.0293480e+06   2.0263672e+01
   2.0588390e+06   2.0935059e+01
   2.0870450e+06   1.6784668e+01
   2.0874380e+06   1.6784668e+01
   2.0883330e+06   1.8371582e+01
   2.1199320e+06   1.9165039e+01
   2.1447570e+06   1.8310547e+01
   2.1449370e+06   1.7700195e+01
   2.1456280e+06   1.7517090e+01
   2.1724810e+06   1.6723633e+01
   2.1730160e+06   2.2399902e+01
   2.1923230e+06   2.0568848e+01
   2.1941260e+06   1.7700195e+01
   2.1980840e+06   1.7883301e+01
   2.2582050e+06   2.1301270e+01
   2.2583520e+06   1.8310547e+01
   2.2587200e+06   1.7578125e+01
   2.3260280e+06   1.7883301e+01
   2.3263670e+06   1.6845703e+01
   2.3525550e+06   1.7333984e+01
   2.3531580e+06   1.6845703e+01
   2.3549840e+06   1.7578125e+01
   2.3552980e+06   1.7761230e+01
   2.3555920e+06   1.7822266e+01
   2.3561570e+06   1.9348145e+01
   2.3781880e+06   1.7150879e+01
   2.3890430e+06   1.6784668e+01
   2.3897190e+06   1.6845703e+01
   2.3901390e+06   1.8310547e+01
   2.4151060e+06   1.7028809e+01
   2.4152730e+06   1.7211914e+01
   2.4533360e+06   1.7578125e+01
   2.4540930e+06   1.7395020e+01
   2.4614660e+06   1.6906738e+01
   2.4697960e+06   1.7272949e+01
   2.4782930e+06   1.7272949e+01
   2.4784550e+06   1.7150879e+01
   2.4813100e+06   1.8249512e+01
   2.5012710e+06   2.1972656e+01
   2.5016000e+06   1.8127441e+01
   2.5182100e+06   1.8371582e+01
   2.5316030e+06   2.2521973e+01
   2.5326680e+06   1.7578125e+01
   2.5469820e+06   1.8920898e+01
   2.5473730e+06   1.7089844e+01
   2.5480940e+06   1.7333984e+01
   2.5642820e+06   1.6967773e+01
   2.6057620e+06   1.7272949e+01
   2.6068770e+06   1.9592285e+01
   2.6388950e+06   1.7028809e+01
   2.6390080e+06   1.7150879e+01
   2.6397300e+06   1.6967773e+01
   2.6409060e+06   1.9958496e+01
   2.6766580e+06   1.7578125e+01
   2.6933070e+06   1.8066406e+01
   2.6933740e+06   2.0874023e+01
   2.6957330e+06   1.7639160e+01
   2.7293360e+06   1.7700195e+01
   2.7308580e+06   2.0996094e+01
   2.7310860e+06   1.7822266e+01
   2.7804490e+06   1.8981934e+01
   2.8267880e+06   1.9897461e+01
   2.8643980e+06   1.7333984e+01
   2.8649150e+06   1.7700195e+01
   2.8657710e+06   2.0996094e+01
   2.9382770e+06   1.6784668e+01
   2.9603400e+06   1.8493652e+01
   2.9604070e+06   2.0751953e+01
   2.9925970e+06   1.8249512e+01
   3.0502210e+06   1.7761230e+01
   3.0986430e+06   2.0874023e+01
   3.1190900e+06   1.8188477e+01
   3.3314500e+06   2.0385742e+01
   3.3315390e+06   2.1484375e+01
   3.3585770e+06   1.8310547e+01
   3.4739460e+06   1.8981934e+01
   3.6303900e+06   1.8310547e+01
   3.7122910e+06   1.9836426e+01
   3.7293430e+06   1.7150879e+01
   3.7393200e+06   1.7333984e+01
   3.7558300e+06   1.7028809e+01
   3.8157160e+06   1.7822266e+01
   3.8265470e+06   1.7456055e+01
   3.8266760e+06   1.7333984e+01
   4.0291740e+06   1.7089844e+01
   4.3402940e+06   1.7456055e+01
   4.3403160e+06   1.8554688e+01
   4.3569470e+06   1.6845703e+01
   4.6415800e+06   1.6845703e+01
   4.8337620e+06   1.6784668e+01
   5.0047110e+06   1.9042969e+01
   5.0047730e+06   1.7028809e+01
   5.3066280e+06   1.7761230e+01
   5.3370250e+06   1.7456055e+01
   5.3370400e+06   2.5024414e+01
   5.3370830e+06   1.7761230e+01
   5.3568430e+06   1.6784668e+01
   5.3568690e+06   1.7333984e+01
   5.3568950e+06   1.8981934e+01
   5.3569360e+06   1.9775391e+01
   5.3569550e+06   1.6967773e+01
   5.3570290e+06   2.3559570e+01
   5.3676010e+06   1.8310547e+01
   5.3757770e+06   2.0751953e+01
   5.3758000e+06   2.0385742e+01
   5.3758160e+06   2.0507812e+01
   5.3758570e+06   2.3742676e+01
   5.3839050e+06   1.8371582e+01
   5.3839560e+06   2.4902344e+01
   5.3839720e+06   1.7700195e+01
   5.3839950e+06   1.9653320e+01
   5.3840070e+06   1.8554688e+01
   5.3841130e+06   1.7517090e+01
   5.3914710e+06   1.9836426e+01
   5.3915140e+06   2.5939941e+01
   5.3915520e+06   1.8066406e+01
   5.3979560e+06   1.6723633e+01
   5.3979790e+06   2.2033691e+01
   5.3979990e+06   1.8188477e+01
   5.3980510e+06   2.1789551e+01
   5.3981020e+06   1.8493652e+01
   5.4020170e+06   1.8005371e+01
   5.4052600e+06   2.3437500e+01
   5.4053050e+06   1.7639160e+01
   5.4053440e+06   1.7089844e+01
   5.4128840e+06   1.8188477e+01
   5.4129260e+06   2.1667480e+01
   5.4129550e+06   1.9470215e+01
   5.4129950e+06   2.0202637e+01
   5.4217920e+06   1.6784668e+01
   5.4218270e+06   3.2348633e+01
   5.4218470e+06   1.8432617e+01
   5.4218740e+06   1.6967773e+01
   5.4219120e+06   2.0080566e+01
   5.4221890e+06   1.7211914e+01
   5.4296520e+06   1.8432617e+01
   5.4296940e+06   1.7578125e+01
   5.4297340e+06   1.9226074e+01
   5.4384280e+06   1.7517090e+01
   5.4384680e+06   2.0874023e+01
   5.4389050e+06   1.7822266e+01
   5.4436350e+06   1.7089844e+01
   5.4436790e+06   1.8310547e+01
   5.4437400e+06   2.5512695e+01
   5.4481910e+06   1.7028809e+01
   5.4482220e+06   1.7883301e+01
   5.4482680e+06   1.8066406e+01
   5.4482980e+06   1.7578125e+01
   5.4483250e+06   2.3681641e+01
   5.4527000e+06   1.8310547e+01
   5.4527180e+06   1.7333984e+01
   5.4576170e+06   2.2583008e+01
   5.4576550e+06   1.9531250e+01
   5.4576800e+06   1.7761230e+01
   5.4577410e+06   1.7089844e+01
   5.4577720e+06   1.7272949e+01
   5.4664120e+06   1.8737793e+01
   5.4664290e+06   1.8066406e+01
   5.4664760e+06   2.0996094e+01
   5.4724930e+06   2.1301270e+01
   5.4794360e+06   1.8005371e+01
   5.4794700e+06   1.7211914e+01
   5.4795360e+06   1.8066406e+01
   5.4798360e+06   2.1850586e+01
   5.4844340e+06   1.7272949e+01
   5.4908160e+06   1.8615723e+01
   5.4908700e+06   2.2277832e+01
   5.4911690e+06   1.9836426e+01
   5.4980440e+06   1.7028809e+01
   5.4981100e+06   2.3742676e+01
   5.4981350e+06   2.2216797e+01
   5.5068880e+06   1.9287109e+01
   5.5069080e+06   1.8737793e+01
   5.5069410e+06   2.0812988e+01
   5.5176490e+06   1.8249512e+01
   5.5176760e+06   2.2460938e+01
   5.5179200e+06   1.6845703e+01
   5.5180980e+06   1.7150879e+01
   5.5278210e+06   2.0507812e+01
   5.5278460e+06   1.8127441e+01
   5.5278940e+06   1.7761230e+01
   5.5391590e+06   1.7211914e+01
   5.5392340e+06   1.9287109e+01
   5.5465420e+06   1.6906738e+01
   5.5466330e+06   1.8920898e+01
   5.5466970e+06   2.0446777e+01
   5.5588890e+06   1.7395020e+01
   5.5589240e+06   2.3925781e+01
   5.5589600e+06   1.7456055e+01
   5.5590430e+06   1.8310547e+01
   5.5593810e+06   1.8310547e+01
   5.5594870e+06   1.8981934e+01
   5.7581810e+06   1.7456055e+01
   5.7585160e+06   1.7211914e+01
   5.7737640e+06   1.9409180e+01
   5.7765170e+06   1.7883301e+01
   5.7766140e+06   1.8188477e+01
   5.7945120e+06   1.8798828e+01
   5.7998670e+06   2.0568848e+01
   5.8226250e+06   1.7089844e+01
   5.8454730e+06   1.6784668e+01
   5.8461440e+06   1.7639160e+01
   5.8465860e+06   1.8005371e+01
   5.8474970e+06   1.7028809e+01
   5.8708180e+06   1.8005371e+01
   5.8711850e+06   1.7944336e+01
   5.8871800e+06   1.7272949e+01
   5.8874330e+06   1.8432617e+01
   5.9122550e+06   1.6723633e+01
   5.9127120e+06   1.7944336e+01
   5.9369810e+06   1.7639160e+01
   5.9372210e+06   1.7028809e+01
   5.9518280e+06   1.9714355e+01
   5.9524270e+06   1.8066406e+01
   5.9750390e+06   1.8371582e+01
   5.9751750e+06   1.7211914e+01
   5.9757800e+06   1.7395020e+01
   5.9872130e+06   1.7700195e+01
