   5.9990000e+06   0.0000000e+00
   1.2751000e+04   1.9897461e+01
   1.3845000e+04   2.0019531e+01
   2.4377000e+04   2.5939941e+01
   5.3891000e+04   2.3437500e+01
   7.1780000e+04   2.1484375e+01
   7.8120000e+04   2.0812988e+01
   8.2030000e+04   2.1484375e+01
   8.2105000e+04   2.3681641e+01
   1.0084200e+05   2.0019531e+01
   1.0265000e+05   2.3742676e+01
   1.1536500e+05   1.9653320e+01
   1.2255500e+05   2.5817871e+01
   1.2677100e+05   1.9653320e+01
   1.4665200e+05   2.1728516e+01
   1.6160100e+05   1.9653320e+01
   1.7234700e+05   1.9958496e+01
   1.7253500e+05   2.0507812e+01
   1.8035000e+05   2.3315430e+01
   1.9489200e+05   2.0568848e+01
   1.9870200e+05   2.3742676e+01
   2.0747000e+05   1.9531250e+01
   2.1472400e+05   2.0568848e+01
   2.2407100e+05   2.8625488e+01
   2.3465200e+05   2.0751953e+01
   2.4014200e+05   1.9836426e+01
   2.5836600e+05   2.1667480e+01
   2.5912100e+05   2.5207520e+01
   2.5946900e+05   2.3315430e+01
   2.6536100e+05   2.0812988e+01
   2.6604700e+05   2.1972656e+01
   2.7059000e+05   1.9836426e+01
   2.7721700e+05   1.9531250e+01
   2.8536800e+05   2.1423340e+01
   2.9025700e+05   1.9775391e+01
   2.9375800e+05   2.5817871e+01
   3.0483800e+05   2.1728516e+01
   3.1395600e+05   2.4169922e+01
   3.2273200e+05   1.9531250e+01
   3.3292200e+05   1.9531250e+01
   3.3667100e+05   2.0812988e+01
   3.3675800e+05   1.9470215e+01
   3.4335600e+05   1.9958496e+01
   3.4471900e+05   2.1179199e+01
   3.5185200e+05   2.1362305e+01
   3.5829800e+05   2.0141602e+01
   3.6558200e+05   2.2216797e+01
   3.6591000e+05   2.0141602e+01
   3.6654700e+05   2.0568848e+01
   3.7211400e+05   2.0324707e+01
   3.7503300e+05   2.7526855e+01
   3.8406100e+05   2.0141602e+01
   3.9150600e+05   2.0324707e+01
   3.9733600e+05   2.0141602e+01
   3.9784700e+05   2.1789551e+01
   4.2387800e+05   2.5085449e+01
   4.2389200e+05   2.0629883e+01
   4.3497500e+05   2.4902344e+01
   4.5445200e+05   2.0019531e+01
   4.8080300e+05   2.2583008e+01
   4.8146000e+05   2.7832031e+01
   4.8515800e+05   2.1606445e+01
   4.9870500e+05   2.3315430e+01
   5.0665800e+05   1.9470215e+01
   5.0781800e+05   2.4841309e+01
   5.1281500e+05   1.9470215e+01
   5.2596400e+05   2.1362305e+01
   5.2640600e+05   1.9531250e+01
   5.2643900e+05   2.2949219e+01
   5.5163200e+05   2.3315430e+01
   5.9500000e+05   2.4963379e+01
   6.0545400e+05   1.9836426e+01
   6.4935600e+05   2.2644043e+01
   6.6730600e+05   2.6000977e+01
   6.9999600e+05   2.3925781e+01
   7.6822000e+05   2.0874023e+01
   7.9619200e+05   2.7099609e+01
   8.2026500e+05   2.0507812e+01
   8.6485000e+05   2.6489258e+01
   8.8418400e+05   2.4047852e+01
   8.9726300e+05   2.2094727e+01
   9.1923000e+05   2.3437500e+01
   9.1931400e+05   2.2827148e+01
   9.3195200e+05   2.2460938e+01
   9.8477300e+05   2.3925781e+01
   9.8481000e+05   2.1911621e+01
   9.8482700e+05   2.3254395e+01
   9.8484900e+05   2.1972656e+01
   1.0417640e+06   2.3986816e+01
   1.0624710e+06   3.1066895e+01
   1.0874930e+06   2.5878906e+01
   1.1477390e+06   2.6733398e+01
   1.2387090e+06   1.9958496e+01
   1.2609130e+06   2.5939941e+01
   1.3989370e+06   1.9653320e+01
   1.4592550e+06   2.4108887e+01
   1.6259710e+06   2.0141602e+01
   1.6384830e+06   2.0080566e+01
   1.6385180e+06   1.9897461e+01
   1.6385670e+06   2.4841309e+01
   1.6386220e+06   2.0446777e+01
   1.6577130e+06   2.4902344e+01
   1.6577540e+06   2.1728516e+01
   1.6577900e+06   2.3681641e+01
   1.6696510e+06   2.9235840e+01
   1.6697150e+06   1.9409180e+01
   1.6697800e+06   2.0568848e+01
   1.6787840e+06   2.2644043e+01
   1.6848810e+06   2.3986816e+01
   1.6894670e+06   2.5329590e+01
   1.6895140e+06   2.0202637e+01
   1.6895500e+06   1.9836426e+01
   1.7002200e+06   2.0324707e+01
   1.7035670e+06   2.1728516e+01
   1.7036320e+06   2.1179199e+01
   1.7119330e+06   1.9409180e+01
   1.7189740e+06   2.3742676e+01
   1.7190010e+06   2.0507812e+01
   1.7267900e+06   2.4719238e+01
   1.7268360e+06   1.9348145e+01
   1.7269140e+06   2.0507812e+01
   1.7342420e+06   2.0141602e+01
   1.7429250e+06   2.4353027e+01
   1.7429640e+06   1.9470215e+01
   1.7430060e+06   2.0507812e+01
   1.7500370e+06   2.3315430e+01
   1.7500730e+06   1.9836426e+01
   1.7545490e+06   2.3254395e+01
   1.7586550e+06   2.1118164e+01
   1.7587200e+06   1.9470215e+01
   1.7666840e+06   2.7343750e+01
   1.7765650e+06   2.4536133e+01
   1.7766020e+06   2.5024414e+01
   1.7819660e+06   2.1789551e+01
   1.7820750e+06   1.9958496e+01
   1.7882130e+06   1.9531250e+01
   1.7882550e+06   2.0935059e+01
   1.7883250e+06   2.2644043e+01
   1.7932710e+06   2.3742676e+01
   1.7982200e+06   1.9531250e+01
   1.7982660e+06   1.9531250e+01
   1.8049730e+06   1.9653320e+01
   1.8109680e+06   1.9653320e+01
   1.8163150e+06   2.0202637e+01
   1.8163450e+06   2.2155762e+01
   1.8163610e+06   2.1667480e+01
   1.8248130e+06   2.1423340e+01
   1.8375200e+06   2.3193359e+01
   1.8375590e+06   2.0690918e+01
   1.8464660e+06   2.5695801e+01
   1.8465070e+06   1.9775391e+01
   1.8465400e+06   1.9470215e+01
   1.8554890e+06   2.0141602e+01
   1.8555130e+06   2.1850586e+01
   1.8555780e+06   2.0935059e+01
   1.8555950e+06   1.9531250e+01
   1.8730100e+06   2.1789551e+01
   1.8730640e+06   1.9775391e+01
   3.2524570e+06   2.1911621e+01
   3.2524720e+06   1.9653320e+01
   3.2640600e+06   2.2949219e+01
   3.3194320e+06   2.2155762e+01
   3.4108730e+06   1.9592285e+01
   3.4345190e+06   2.0385742e+01
   3.4450410e+06   2.2583008e+01
   3.4451110e+06   2.0874023e+01
   3.5613010e+06   2.2644043e+01
   3.5798750e+06   2.1545410e+01
   3.5867320e+06   2.2949219e+01
   3.6260450e+06   2.0629883e+01
   3.6270840e+06   2.0996094e+01
   3.6416460e+06   2.0751953e+01
   3.6688470e+06   1.9653320e+01
   3.6810810e+06   1.9470215e+01
   3.6813290e+06   2.4291992e+01
   3.7008040e+06   2.2460938e+01
   3.7227400e+06   2.0568848e+01
   3.7931140e+06   2.0874023e+01
   3.7983990e+06   2.0141602e+01
   3.8391490e+06   2.0263672e+01
   3.8392100e+06   2.3559570e+01
   3.8878390e+06   2.6794434e+01
   3.9198480e+06   2.0263672e+01
   3.9394220e+06   1.9470215e+01
   3.9679960e+06   2.8259277e+01
   3.9836240e+06   2.5207520e+01
   3.9935320e+06   2.1911621e+01
   4.0138650e+06   2.4597168e+01
   4.0295330e+06   2.4597168e+01
   4.0596370e+06   2.3010254e+01
   4.0768120e+06   2.1850586e+01
   4.0967320e+06   2.4047852e+01
   4.1175590e+06   2.2644043e+01
   4.1281350e+06   1.9348145e+01
   4.1287170e+06   1.9836426e+01
   4.1346460e+06   2.1911621e+01
   4.1514150e+06   2.1240234e+01
   4.1700650e+06   2.1179199e+01
   4.2024390e+06   2.0629883e+01
   4.2200790e+06   1.9775391e+01
   4.2468950e+06   2.4658203e+01
   4.3294300e+06   2.5146484e+01
   4.3880700e+06   2.2216797e+01
   4.4209370e+06   2.1057129e+01
   4.5719450e+06   2.1606445e+01
   4.7784510e+06   1.9470215e+01
   4.8563040e+06   2.1972656e+01
   4.8665440e+06   2.0935059e+01
   4.9477310e+06   2.0263672e+01
   4.9963770e+06   2.1789551e+01
   5.0540790e+06   2.3376465e+01
   5.0637330e+06   2.0385742e+01
   5.0653450e+06   2.0874023e+01
   5.0654160e+06   2.0263672e+01
   5.1054930e+06   2.2827148e+01
   5.1061370e+06   2.1179199e+01
   5.3124600e+06   2.0446777e+01
   5.3125100e+06   2.2399902e+01
   5.3240950e+06   2.0751953e+01
   5.3241590e+06   2.0385742e+01
   5.3242640e+06   1.9653320e+01
   5.3297420e+06   2.2033691e+01
   5.3370120e+06   2.2033691e+01
   5.3370740e+06   2.1240234e+01
   5.3374360e+06   1.9592285e+01
   5.3378780e+06   1.9531250e+01
   5.3441630e+06   2.0141602e+01
   5.3534610e+06   2.6062012e+01
   5.3535890e+06   2.8442383e+01
   5.3567950e+06   1.9592285e+01
   5.3568120e+06   2.3376465e+01
   5.3568550e+06   2.5573730e+01
   5.3674350e+06   2.4108887e+01
   5.3675240e+06   2.4475098e+01
   5.3675570e+06   2.0751953e+01
   5.3724490e+06   1.9348145e+01
   5.3725380e+06   2.4719238e+01
   5.3758010e+06   2.0141602e+01
   5.3808970e+06   2.1667480e+01
   5.3838650e+06   2.2216797e+01
   5.3839430e+06   2.2521973e+01
   5.3914560e+06   2.0385742e+01
   5.3960240e+06   2.0141602e+01
   5.3979160e+06   2.3010254e+01
   5.3979610e+06   2.6794434e+01
   5.4019090e+06   1.9592285e+01
   5.4052340e+06   2.2766113e+01
   5.4129510e+06   2.0141602e+01
   5.4217810e+06   2.2644043e+01
   5.4260390e+06   2.3986816e+01
   5.4296710e+06   2.7709961e+01
   5.4297080e+06   2.2155762e+01
   5.4338650e+06   1.9653320e+01
   5.4383950e+06   2.2705078e+01
   5.4482990e+06   1.9653320e+01
   5.4527000e+06   2.1545410e+01
   5.4575620e+06   1.9348145e+01
   5.4576090e+06   2.0812988e+01
   5.4576960e+06   2.0690918e+01
   5.4619710e+06   2.0996094e+01
   5.4725930e+06   2.2949219e+01
   5.4795020e+06   2.0751953e+01
   5.4844950e+06   2.0141602e+01
   5.4845350e+06   2.0324707e+01
   5.4908760e+06   2.0690918e+01
   5.4981670e+06   1.9592285e+01
   5.4981920e+06   2.3132324e+01
   5.4982320e+06   2.0507812e+01
   5.5068800e+06   2.2155762e+01
   5.5069540e+06   2.0263672e+01
   5.5176100e+06   1.9531250e+01
   5.5176810e+06   1.9348145e+01
   5.5278570e+06   2.1789551e+01
   5.5278780e+06   2.1728516e+01
   5.5279180e+06   2.1179199e+01
   5.5391850e+06   2.1545410e+01
   5.5392240e+06   2.0812988e+01
   5.5392860e+06   2.0324707e+01
   5.5466630e+06   2.1240234e+01
   5.5588840e+06   2.0385742e+01
   5.5589760e+06   1.9653320e+01
   5.5654290e+06   1.9409180e+01
