   3.0000000e+06   0.0000000e+00
   2.7834000e+04   1.8249512e+01
   4.8262000e+04   1.7822266e+01
   5.5508000e+04   1.8798828e+01
   9.3610000e+04   1.8859863e+01
   9.4553000e+04   1.8066406e+01
   1.4140000e+05   1.8432617e+01
   1.9427600e+05   1.8615723e+01
   2.0177300e+05   1.7944336e+01
   2.1607100e+05   1.8066406e+01
   2.2077700e+05   1.8676758e+01
   2.2248300e+05   1.8188477e+01
   2.6836300e+05   1.8310547e+01
   2.8559300e+05   1.8920898e+01
   3.0519600e+05   1.8005371e+01
   3.3290900e+05   1.7944336e+01
   3.5344700e+05   1.8188477e+01
   3.7211100e+05   2.1057129e+01
   4.1603700e+05   1.8798828e+01
   4.2540000e+05   1.8188477e+01
   4.3087800e+05   1.8554688e+01
   4.3492700e+05   1.9592285e+01
   4.3594400e+05   1.9409180e+01
   4.6161900e+05   2.1362305e+01
   4.9401700e+05   1.9897461e+01
   4.9404600e+05   1.8371582e+01
   4.9414900e+05   2.3681641e+01
   4.9418600e+05   1.8066406e+01
   4.9453500e+05   2.1240234e+01
   4.9476000e+05   1.9653320e+01
   4.9487000e+05   1.8615723e+01
   4.9502100e+05   1.9775391e+01
   4.9516800e+05   1.7883301e+01
   4.9596700e+05   1.8554688e+01
   4.9730000e+05   1.8066406e+01
   4.9789700e+05   1.9348145e+01
   5.8336800e+05   2.2888184e+01
   5.8342900e+05   1.9714355e+01
   5.8356600e+05   1.9104004e+01
   5.8359400e+05   2.2216797e+01
   5.8362800e+05   2.0385742e+01
   5.8376300e+05   1.7822266e+01
   5.8380900e+05   2.2399902e+01
   5.8420800e+05   1.8493652e+01
   5.8482500e+05   1.8371582e+01
   5.8494700e+05   1.8371582e+01
   5.8557700e+05   1.8310547e+01
   7.5515700e+05   1.7822266e+01
   7.7279700e+05   1.9165039e+01
   9.0513400e+05   1.9897461e+01
   9.2870900e+05   1.8249512e+01
   9.4794500e+05   1.8371582e+01
   9.4977700e+05   1.8249512e+01
   9.5139200e+05   2.1545410e+01
   9.6725100e+05   1.8249512e+01
   9.9336500e+05   1.8188477e+01
   1.0007530e+06   1.8859863e+01
   1.0128780e+06   2.0446777e+01
   1.0457350e+06   1.8310547e+01
   1.0640120e+06   1.8005371e+01
   1.0908970e+06   1.8432617e+01
   1.1047520e+06   1.8859863e+01
   1.1488060e+06   1.8249512e+01
   1.1741900e+06   1.8005371e+01
   1.2143410e+06   1.8005371e+01
   1.2214080e+06   1.9165039e+01
   1.2333500e+06   1.8127441e+01
   1.2349050e+06   1.7944336e+01
   1.2544620e+06   1.8127441e+01
   1.2588120e+06   1.7944336e+01
   1.2702140e+06   2.1789551e+01
   1.3046710e+06   1.7883301e+01
   1.3201370e+06   1.7883301e+01
   1.3569410e+06   1.8310547e+01
   1.3593460e+06   2.0080566e+01
   1.3831140e+06   1.8798828e+01
   1.3987340e+06   1.8798828e+01
   1.4211660e+06   1.8676758e+01
   1.4376230e+06   2.0690918e+01
   1.4438670e+06   1.8432617e+01
   1.4463440e+06   1.7822266e+01
   1.4580140e+06   1.8737793e+01
   1.4783870e+06   1.8371582e+01
   1.4909020e+06   1.8554688e+01
   1.5057500e+06   1.8981934e+01
   1.5090730e+06   1.9348145e+01
   1.5171740e+06   1.8737793e+01
   1.5818670e+06   1.8188477e+01
   1.6424740e+06   1.9165039e+01
   1.6443130e+06   1.8615723e+01
   1.6657070e+06   1.8249512e+01
   1.6658710e+06   2.0385742e+01
   1.6658850e+06   1.8981934e+01
   1.6662860e+06   1.9409180e+01
   1.6663970e+06   1.8371582e+01
   1.6670850e+06   1.8005371e+01
   1.6689260e+06   1.8859863e+01
   1.7646790e+06   1.9531250e+01
   1.8423300e+06   1.8127441e+01
   1.8705020e+06   1.9592285e+01
   1.9222590e+06   1.8249512e+01
   1.9683710e+06   1.8371582e+01
   1.9720540e+06   1.8920898e+01
   1.9750560e+06   1.8920898e+01
   1.9782100e+06   1.9531250e+01
   2.0101850e+06   2.0385742e+01
   2.0314240e+06   2.1240234e+01
   2.0349050e+06   1.7944336e+01
   2.0386970e+06   1.9042969e+01
   2.0426320e+06   1.8371582e+01
   2.0471260e+06   2.0080566e+01
   2.0498690e+06   1.8615723e+01
   2.0693730e+06   1.8920898e+01
   2.0771710e+06   1.8554688e+01
   2.0821710e+06   1.8005371e+01
   2.0868120e+06   1.8737793e+01
   2.1175560e+06   1.8615723e+01
   2.1502370e+06   1.8066406e+01
   2.1528660e+06   2.0751953e+01
   2.1672910e+06   1.9409180e+01
   2.1701520e+06   1.8127441e+01
   2.2109210e+06   1.8127441e+01
   2.2154090e+06   1.8249512e+01
   2.2493340e+06   1.8371582e+01
   2.2544560e+06   1.7822266e+01
   2.3159260e+06   2.0874023e+01
   2.3226430e+06   1.7822266e+01
   2.3327150e+06   1.8005371e+01
   2.3357260e+06   1.8981934e+01
   2.3374490e+06   2.0568848e+01
   2.3940590e+06   1.9592285e+01
   2.4013770e+06   1.8615723e+01
   2.4625430e+06   1.8310547e+01
   2.4767010e+06   1.7944336e+01
   2.4907580e+06   1.7944336e+01
   2.5000780e+06   1.8554687e+01
   2.5031620e+06   2.0446777e+01
   2.5039860e+06   1.8371582e+01
   2.5066280e+06   1.8005371e+01
   2.5102910e+06   1.8554688e+01
   2.5350130e+06   1.8005371e+01
   2.5461120e+06   1.8310547e+01
   2.5545110e+06   2.6367188e+01
   2.5545640e+06   1.8493652e+01
   2.5546160e+06   2.0690918e+01
   2.5547370e+06   2.2033691e+01
   2.5547850e+06   2.3803711e+01
   2.5548530e+06   1.7944336e+01
   2.5549420e+06   1.8737793e+01
   2.5552130e+06   1.9165039e+01
   2.5555360e+06   1.8554688e+01
   2.5556380e+06   1.8188477e+01
   2.5577870e+06   1.8493652e+01
   2.5582580e+06   1.9592285e+01
   2.5587340e+06   1.8432617e+01
   2.5590270e+06   1.8066406e+01
   2.6846240e+06   1.9958496e+01
   2.6850730e+06   1.8981934e+01
   2.6851230e+06   1.9775391e+01
   2.6852650e+06   2.0568848e+01
   2.6853550e+06   2.1850586e+01
   2.6853710e+06   1.8798828e+01
   2.6854760e+06   2.1423340e+01
   2.6863260e+06   1.8188477e+01
   2.6890490e+06   1.8615723e+01
   2.8756710e+06   1.8615723e+01
   2.8812860e+06   2.0019531e+01
   2.8849270e+06   1.9531250e+01
   2.8861810e+06   1.7883301e+01
   2.9051530e+06   1.9348145e+01
   2.9149670e+06   1.8432617e+01
   2.9522730e+06   1.8188477e+01
   2.9566150e+06   1.7944336e+01
   2.9594330e+06   1.9226074e+01
   2.9912670e+06   1.8005371e+01
