   3.0000000e+06   0.0000000e+00
   4.9402400e+05   2.3132324e+01
   4.9405300e+05   3.5522461e+01
   4.9408400e+05   5.4199219e+01
   4.9409500e+05   2.6000977e+01
   4.9412500e+05   2.4414062e+01
   4.9415800e+05   2.9907227e+01
   4.9418800e+05   2.8320312e+01
   4.9420500e+05   2.9418945e+01
   4.9424300e+05   3.1127930e+01
   4.9428300e+05   2.3925781e+01
   4.9431300e+05   2.5878906e+01
   4.9436200e+05   2.4108887e+01
   4.9441700e+05   3.3264160e+01
   4.9444000e+05   2.4353027e+01
   4.9448500e+05   2.3559570e+01
   4.9551600e+05   2.3803711e+01
   4.9558700e+05   2.3986816e+01
   4.9574500e+05   2.7770996e+01
   5.8335500e+05   2.7709961e+01
   5.8340700e+05   3.5766602e+01
   5.8342200e+05   2.3315430e+01
   5.8346100e+05   3.2470703e+01
   5.8348800e+05   2.5268555e+01
   5.8351200e+05   3.3447266e+01
   5.8353800e+05   4.7058105e+01
   5.8356700e+05   2.7954102e+01
   5.8359400e+05   2.3681641e+01
   5.8361900e+05   2.8320313e+01
   5.8366600e+05   2.5512695e+01
   5.8368100e+05   2.3925781e+01
   5.8369600e+05   2.9235840e+01
   5.8372200e+05   2.3437500e+01
   5.8373200e+05   2.4169922e+01
   5.8380800e+05   2.3559570e+01
   5.8384200e+05   3.2287598e+01
   5.8390500e+05   3.2043457e+01
   5.8399400e+05   2.6611328e+01
   5.8404700e+05   2.3376465e+01
   5.8424800e+05   2.2766113e+01
   5.8433200e+05   2.3437500e+01
   1.6658980e+06   2.6306152e+01
   1.6659480e+06   2.6000977e+01
   1.6659590e+06   5.5541992e+01
   1.6659930e+06   2.8808594e+01
   1.6660060e+06   3.5217285e+01
   1.6660410e+06   3.8391113e+01
   1.6660650e+06   3.1127930e+01
   1.6660980e+06   2.3803711e+01
   1.6661350e+06   2.7221680e+01
   1.6663430e+06   2.2766113e+01
   1.6667730e+06   2.4658203e+01
   1.6668120e+06   2.4108887e+01
   1.6668980e+06   2.3498535e+01
   1.6671300e+06   2.3498535e+01
   1.6673220e+06   2.4536133e+01
   2.5545240e+06   2.6916504e+01
   2.5545450e+06   2.3925781e+01
   2.5545580e+06   4.1931152e+01
   2.5545750e+06   5.0903320e+01
   2.5546120e+06   3.5583496e+01
   2.5546310e+06   2.6306152e+01
   2.5546550e+06   2.2949219e+01
   2.5546850e+06   2.3132324e+01
   2.5547060e+06   2.7587891e+01
   2.5547430e+06   2.8686523e+01
   2.5548010e+06   2.4841309e+01
   2.5548360e+06   2.3010254e+01
   2.5550950e+06   2.4414062e+01
   2.5551350e+06   2.3986816e+01
   2.5553230e+06   2.6245117e+01
   2.6849380e+06   2.3986816e+01
   2.6849690e+06   3.3386230e+01
   2.6850160e+06   4.3518066e+01
   2.6850370e+06   2.3559570e+01
   2.6851060e+06   2.7893066e+01
   2.6851240e+06   4.6569824e+01
   2.6851360e+06   3.2348633e+01
   2.6851570e+06   3.1250000e+01
   2.6851800e+06   2.3742676e+01
   2.6852010e+06   2.6916504e+01
   2.6852240e+06   3.1127930e+01
   2.6852460e+06   2.6977539e+01
   2.6853090e+06   2.4597168e+01
   2.6853360e+06   2.4108887e+01
   2.6853950e+06   2.3864746e+01
   2.6855960e+06   2.4353027e+01
   2.6857960e+06   2.3071289e+01
   2.6859450e+06   2.4902344e+01
   2.6863870e+06   2.3010254e+01
