   3.0000000e+06   0.0000000e+00
   1.1716500e+05   1.8615723e+01
   1.9566300e+05   2.0568848e+01
   2.3379800e+05   2.2827148e+01
   4.8035100e+05   1.8676758e+01
   4.8578900e+05   2.1484375e+01
   4.9401400e+05   3.9245605e+01
   4.9404200e+05   7.0617676e+01
   4.9406200e+05   3.8574219e+01
   4.9409200e+05   4.2907715e+01
   4.9412400e+05   3.0883789e+01
   4.9414400e+05   2.1606445e+01
   4.9419100e+05   3.0212402e+01
   4.9420600e+05   3.0517578e+01
   4.9423200e+05   1.9470215e+01
   4.9424700e+05   2.6489258e+01
   4.9427000e+05   2.3620605e+01
   4.9434100e+05   2.2949219e+01
   4.9438800e+05   1.9348145e+01
   4.9449700e+05   2.3315430e+01
   4.9452400e+05   2.4414062e+01
   4.9454300e+05   1.9958496e+01
   4.9458400e+05   1.9592285e+01
   4.9463200e+05   2.4597168e+01
   4.9469100e+05   2.3071289e+01
   4.9473100e+05   1.8554688e+01
   4.9474500e+05   1.9897461e+01
   4.9477500e+05   2.2705078e+01
   4.9481500e+05   2.1850586e+01
   4.9485600e+05   2.4291992e+01
   4.9495200e+05   2.0385742e+01
   4.9501200e+05   1.9531250e+01
   4.9508400e+05   2.1545410e+01
   4.9519500e+05   2.7465820e+01
   4.9534800e+05   1.8676758e+01
   4.9538100e+05   2.0263672e+01
   4.9544700e+05   2.7587891e+01
   4.9554400e+05   1.9531250e+01
   4.9579700e+05   2.0202637e+01
   4.9585400e+05   2.7404785e+01
   4.9589000e+05   2.1911621e+01
   4.9603900e+05   2.4291992e+01
   4.9634500e+05   2.3620605e+01
   4.9675700e+05   2.0080566e+01
   4.9694800e+05   2.7221680e+01
   4.9727700e+05   2.0263672e+01
   4.9758600e+05   2.0751953e+01
   4.9779200e+05   1.8798828e+01
   4.9840100e+05   2.0690918e+01
   4.9987600e+05   1.9042969e+01
   5.0373300e+05   2.6855469e+01
   5.0432200e+05   2.2705078e+01
   5.0477000e+05   2.2949219e+01
   5.0492700e+05   2.4169922e+01
   5.0530100e+05   2.1179199e+01
   5.0570000e+05   2.2399902e+01
   5.0586900e+05   2.0385742e+01
   5.0603100e+05   2.0202637e+01
   5.0619700e+05   2.5329590e+01
   5.0634200e+05   2.3010254e+01
   5.0650000e+05   2.3559570e+01
   5.0664600e+05   2.0874023e+01
   5.0679300e+05   2.0690918e+01
   5.0694000e+05   2.4047852e+01
   5.0711400e+05   1.9775391e+01
   5.0727300e+05   1.9714355e+01
   5.0742200e+05   2.0690918e+01
   5.0762600e+05   2.1789551e+01
   5.0776900e+05   1.9958496e+01
   5.0792000e+05   2.2705078e+01
   5.0807100e+05   2.3071289e+01
   5.0822900e+05   2.3193359e+01
   5.0839100e+05   2.2216797e+01
   5.0854700e+05   2.5329590e+01
   5.0870500e+05   2.0507812e+01
   5.0885300e+05   2.8686523e+01
   5.0900500e+05   2.0629883e+01
   5.0915300e+05   1.9592285e+01
   5.0933400e+05   2.4414062e+01
   5.0949400e+05   2.0080566e+01
   5.0965700e+05   2.2644043e+01
   5.0983700e+05   2.5390625e+01
   5.0999800e+05   2.3986816e+01
   5.1016200e+05   2.1789551e+01
   5.1034300e+05   2.0568848e+01
   5.1054100e+05   2.0019531e+01
   5.1071800e+05   1.8554688e+01
   5.1089600e+05   2.2277832e+01
   5.1107500e+05   2.3986816e+01
   5.1112200e+05   2.0751953e+01
   5.1127300e+05   2.0080566e+01
   5.1148000e+05   2.3986816e+01
   5.1166600e+05   2.2033691e+01
   5.1184900e+05   2.5817871e+01
   5.1207300e+05   2.9663086e+01
   5.1228300e+05   2.5451660e+01
   5.1249300e+05   2.2827148e+01
   5.1271000e+05   2.1179199e+01
   5.1295500e+05   1.9592285e+01
   5.1320200e+05   2.4108887e+01
   5.1345100e+05   2.6977539e+01
   5.1367500e+05   2.3376465e+01
   5.1392200e+05   2.8442383e+01
   5.1417300e+05   2.7282715e+01
   5.1443500e+05   2.2216797e+01
   5.1471500e+05   2.3864746e+01
   5.1500400e+05   2.0629883e+01
   5.1528600e+05   2.3620605e+01
   5.1558300e+05   2.1240234e+01
   5.1591300e+05   2.4047852e+01
   5.1621000e+05   2.6916504e+01
   5.1654100e+05   2.6123047e+01
   5.1688400e+05   2.7465820e+01
   5.1724900e+05   2.8564453e+01
   5.1758600e+05   2.7954102e+01
   5.1794500e+05   2.3315430e+01
   5.1830700e+05   2.3803711e+01
   5.1868500e+05   2.2460938e+01
   5.1906200e+05   2.2033691e+01
   5.1945600e+05   2.0935059e+01
   5.1984500e+05   2.4291992e+01
   5.2025000e+05   2.6428223e+01
   5.2070100e+05   2.0568848e+01
   5.2113900e+05   2.6733398e+01
   5.2159400e+05   2.5817871e+01
   5.2203000e+05   2.3559570e+01
   5.2248800e+05   3.3447266e+01
   5.2294400e+05   2.8686523e+01
   5.2336100e+05   2.4902344e+01
   5.2350900e+05   2.1972656e+01
   5.2386700e+05   2.4169922e+01
   5.2433200e+05   2.1606445e+01
   5.2485800e+05   2.0385742e+01
   5.2534100e+05   2.4841309e+01
   5.2581200e+05   2.6611328e+01
   5.2632600e+05   2.7587891e+01
   5.2677700e+05   2.6062012e+01
   5.2726000e+05   2.5939941e+01
   5.2778200e+05   2.1179199e+01
   5.2832400e+05   2.7648926e+01
   5.2874500e+05   2.7526855e+01
   5.2921600e+05   2.1606445e+01
   5.2980400e+05   2.4719238e+01
   5.3035900e+05   2.5024414e+01
   5.3089900e+05   2.5024414e+01
   5.3149200e+05   1.9958496e+01
   5.3214000e+05   2.2583008e+01
   5.3275700e+05   2.3620605e+01
   5.3339200e+05   2.6428223e+01
   5.3400000e+05   2.7221680e+01
   5.3470800e+05   2.7282715e+01
   5.3543000e+05   2.9418945e+01
   5.3604500e+05   2.8320312e+01
   5.3671100e+05   2.5756836e+01
   5.3738800e+05   2.8930664e+01
   5.3792600e+05   2.4169922e+01
   5.3861600e+05   2.4841309e+01
   5.4033300e+05   2.5756836e+01
   5.4090900e+05   2.5390625e+01
   5.4176700e+05   2.8686523e+01
   5.4377200e+05   2.9235840e+01
   5.4642800e+05   2.6794434e+01
   5.4654500e+05   1.9409180e+01
   5.4718300e+05   2.5878906e+01
   5.4890600e+05   2.8381348e+01
   5.8334500e+05   3.3020020e+01
   5.8335600e+05   2.3864746e+01
   5.8339400e+05   2.5634766e+01
   5.8342700e+05   3.5400391e+01
   5.8346000e+05   2.9907227e+01
   5.8348400e+05   4.0466309e+01
   5.8349400e+05   1.8493652e+01
   5.8351700e+05   4.6386719e+01
   5.8353200e+05   2.6489258e+01
   5.8355700e+05   2.0446777e+01
   5.8358400e+05   5.4016113e+01
   5.8359600e+05   3.7414551e+01
   5.8363300e+05   2.3803711e+01
   5.8364500e+05   2.5451660e+01
   5.8366700e+05   2.7038574e+01
   5.8369200e+05   2.1301270e+01
   5.8370800e+05   2.6611328e+01
   5.8373500e+05   2.3681641e+01
   5.8375400e+05   1.8432617e+01
   5.8376900e+05   1.9165039e+01
   5.8378800e+05   3.5400391e+01
   5.8382600e+05   2.8015137e+01
   5.8385600e+05   2.0202637e+01
   5.8390200e+05   2.0141602e+01
   5.8394900e+05   2.2277832e+01
   5.8398200e+05   1.8859863e+01
   5.8410200e+05   1.9348145e+01
   5.8435000e+05   2.1850586e+01
   5.8442700e+05   2.5878906e+01
   5.8446600e+05   2.2399902e+01
   5.8457000e+05   2.0202637e+01
   5.8458400e+05   1.8920898e+01
   5.8468900e+05   2.0629883e+01
   5.8480700e+05   1.9104004e+01
   5.8495400e+05   2.5817871e+01
   5.8498100e+05   2.0935059e+01
   5.8508800e+05   1.9104004e+01
   5.8513700e+05   1.9104004e+01
   5.8523700e+05   2.5695801e+01
   5.8527600e+05   3.0212402e+01
   5.8551100e+05   2.4230957e+01
   5.8561700e+05   1.9042969e+01
   5.8577900e+05   1.8554688e+01
   5.8617600e+05   1.8432617e+01
   5.8789300e+05   2.0751953e+01
   5.8820200e+05   2.2888184e+01
   5.8841100e+05   1.9775391e+01
   5.8983700e+05   2.2216797e+01
   5.9113600e+05   1.8737793e+01
   5.9549200e+05   2.0629883e+01
   5.9596700e+05   2.1362305e+01
   5.9714600e+05   2.0751953e+01
   5.9745600e+05   2.2277832e+01
   5.9784900e+05   2.2094727e+01
   5.9821200e+05   1.8981934e+01
   5.9877500e+05   1.8615723e+01
   5.9924000e+05   2.0812988e+01
   5.9966100e+05   1.8554688e+01
   5.9981100e+05   1.8493652e+01
   6.0030300e+05   2.0507812e+01
   6.0046700e+05   1.9287109e+01
   6.0064600e+05   1.9714355e+01
   6.0082100e+05   1.9042969e+01
   6.0083600e+05   2.1362305e+01
   6.0101400e+05   2.2460938e+01
   6.0115800e+05   2.1240234e+01
   6.0133300e+05   1.9165039e+01
   6.0149700e+05   2.0629883e+01
   6.0167000e+05   2.1118164e+01
   6.0182900e+05   2.1240234e+01
   6.0199400e+05   2.0263672e+01
   6.0217700e+05   1.8920898e+01
   6.0233600e+05   2.1667480e+01
   6.0241900e+05   2.0629883e+01
   6.0251400e+05   1.9836426e+01
   6.0269200e+05   1.8920898e+01
   6.0289000e+05   1.9165039e+01
   6.0306900e+05   2.0874023e+01
   6.0325400e+05   2.1301270e+01
   6.0342800e+05   2.0874023e+01
   6.0361700e+05   2.2583008e+01
   6.0382400e+05   1.9348145e+01
   6.0420700e+05   2.1728516e+01
   6.0460100e+05   2.0751953e+01
   6.0480700e+05   2.2521973e+01
   6.0501500e+05   2.3315430e+01
   6.0520700e+05   2.5024414e+01
   6.0539400e+05   2.2277832e+01
   6.0582200e+05   2.0263672e+01
   6.0604400e+05   2.3254395e+01
   6.0625600e+05   2.2094727e+01
   6.0649300e+05   2.1728516e+01
   6.0672100e+05   2.0141602e+01
   6.0693500e+05   2.9663086e+01
   6.0718100e+05   1.9409180e+01
   6.0741800e+05   1.8554688e+01
   6.0765700e+05   2.0080566e+01
   6.0812800e+05   2.0812988e+01
   6.0840500e+05   2.2949219e+01
   6.0865800e+05   2.3864746e+01
   6.0871100e+05   2.0751953e+01
   6.0892500e+05   2.6367188e+01
   6.0917100e+05   2.2216797e+01
   6.0920800e+05   2.3010254e+01
   6.0942300e+05   2.3071289e+01
   6.0968200e+05   2.4108887e+01
   6.0996100e+05   2.1179199e+01
   6.1023300e+05   1.9897461e+01
   6.1052900e+05   2.5207520e+01
   6.1083200e+05   2.5451660e+01
   6.1111800e+05   1.9653320e+01
   6.1140300e+05   2.6000977e+01
   6.1169300e+05   2.3559570e+01
   6.1197700e+05   2.0996094e+01
   6.1230500e+05   2.0935059e+01
   6.1260300e+05   2.0874023e+01
   6.1281400e+05   2.0996094e+01
   6.1288400e+05   2.3132324e+01
   6.1319000e+05   2.3376465e+01
   6.1354600e+05   2.1789551e+01
   6.1389900e+05   2.4291992e+01
   6.1425100e+05   2.2888184e+01
   6.1464200e+05   1.9226074e+01
   6.1499200e+05   2.0751953e+01
   6.1540900e+05   1.9287109e+01
   6.1577800e+05   1.9958496e+01
   6.1616700e+05   2.4719238e+01
   6.1656400e+05   2.2521973e+01
   6.1698600e+05   1.9409180e+01
   6.1736900e+05   2.2644043e+01
   6.1774000e+05   2.3254395e+01
   6.1820000e+05   2.2338867e+01
   6.1871400e+05   2.5268555e+01
   6.1919300e+05   2.5634766e+01
   6.1965300e+05   1.9836426e+01
   6.2010800e+05   2.4841309e+01
   6.2055300e+05   2.1789551e+01
   6.2104300e+05   2.3132324e+01
   6.2148300e+05   2.2949219e+01
   6.2202100e+05   2.4291992e+01
   6.2249200e+05   2.5085449e+01
   6.2293300e+05   2.1362305e+01
   6.2348600e+05   2.4169922e+01
   6.2402300e+05   2.3071289e+01
   6.2458900e+05   2.0568848e+01
   6.2518300e+05   2.2583008e+01
   6.2577900e+05   2.4719238e+01
   6.2642200e+05   2.2277832e+01
   6.2696000e+05   2.4475098e+01
   6.2748600e+05   2.5817871e+01
   6.2802000e+05   2.7648926e+01
   6.2878100e+05   1.9775391e+01
   6.3099300e+05   2.7404785e+01
   6.3154300e+05   2.4353027e+01
   6.3206400e+05   2.8076172e+01
   6.3372600e+05   2.2033691e+01
   6.3445600e+05   2.4841309e+01
   6.3502400e+05   2.6916504e+01
   6.3558500e+05   2.3437500e+01
   6.3625300e+05   2.1728516e+01
   6.3828900e+05   2.3498535e+01
   6.3930800e+05   2.3071289e+01
   6.4068400e+05   2.5451660e+01
   6.4211800e+05   2.4536133e+01
   6.4335400e+05   2.8442383e+01
   6.4444300e+05   2.6367188e+01
   6.4541000e+05   2.4963379e+01
   6.4618000e+05   2.4719238e+01
   6.4774000e+05   2.0568848e+01
   6.4872700e+05   2.6428223e+01
   6.4942300e+05   2.6672363e+01
   6.5019200e+05   2.7221680e+01
   6.5739900e+05   2.7587891e+01
   6.6026600e+05   2.6184082e+01
   6.6095200e+05   2.4108887e+01
   6.6858900e+05   2.3071289e+01
   6.7648500e+05   2.4597168e+01
   1.6658880e+06   2.0568848e+01
   1.6659260e+06   3.1433105e+01
   1.6659420e+06   3.3813477e+01
   1.6659790e+06   3.6132812e+01
   1.6660060e+06   2.5451660e+01
   1.6660250e+06   4.1625977e+01
   1.6660350e+06   3.3874512e+01
   1.6660570e+06   2.0568848e+01
   1.6660870e+06   2.6733398e+01
   1.6661080e+06   1.8737793e+01
   1.6661230e+06   2.6306152e+01
   1.6661410e+06   2.1728516e+01
   1.6661730e+06   2.0629883e+01
   1.6661960e+06   2.0141602e+01
   1.6662160e+06   1.9470215e+01
   1.6662650e+06   1.9958496e+01
   1.6664480e+06   2.5207520e+01
   1.6664630e+06   1.8981934e+01
   1.6665760e+06   2.0446777e+01
   1.6666770e+06   2.4719238e+01
   1.6667250e+06   2.4536133e+01
   1.6668200e+06   2.4169922e+01
   1.6668510e+06   1.9714355e+01
   1.6669240e+06   2.3742676e+01
   1.6670460e+06   1.9958496e+01
   1.6671500e+06   2.5756836e+01
   1.6671690e+06   1.9165039e+01
   1.6673500e+06   2.8076172e+01
   1.6673840e+06   1.9775391e+01
   1.6674130e+06   2.1667480e+01
   1.6674820e+06   1.9653320e+01
   1.6675270e+06   2.0568848e+01
   1.6675920e+06   3.3813477e+01
   1.6676290e+06   1.8432617e+01
   1.6676940e+06   2.3376465e+01
   1.6677250e+06   2.3071289e+01
   1.6678160e+06   1.9775391e+01
   1.6679230e+06   2.2155762e+01
   1.6680550e+06   1.9592285e+01
   1.6681490e+06   2.2094727e+01
   1.6682490e+06   2.7221680e+01
   1.6683620e+06   2.0019531e+01
   1.6687480e+06   2.1911621e+01
   1.6704330e+06   2.2155762e+01
   1.6721650e+06   1.9592285e+01
   1.6732210e+06   2.0080566e+01
   1.6735430e+06   2.3925781e+01
   1.6755810e+06   2.4230957e+01
   1.6758490e+06   1.9348145e+01
   1.6764210e+06   1.8981934e+01
   1.6765530e+06   2.1911621e+01
   1.6769820e+06   1.8493652e+01
   1.6773840e+06   1.9958496e+01
   1.6775990e+06   2.7832031e+01
   1.6777500e+06   2.5817871e+01
   1.6779310e+06   1.9958496e+01
   1.6782170e+06   2.1484375e+01
   1.6784100e+06   2.1850586e+01
   1.6785970e+06   2.0935059e+01
   1.6787840e+06   2.5085449e+01
   1.6790950e+06   1.8432617e+01
   1.6792710e+06   2.2888184e+01
   1.6794380e+06   2.5512695e+01
   1.6796020e+06   2.0996094e+01
   1.6797720e+06   2.2521973e+01
   1.6800100e+06   2.1179199e+01
   1.6802000e+06   2.9357910e+01
   1.6803780e+06   2.0874023e+01
   1.6804480e+06   1.8676758e+01
   1.6805380e+06   2.3315430e+01
   1.6807030e+06   2.5939941e+01
   1.6808640e+06   2.2583008e+01
   1.6810400e+06   2.0751953e+01
   1.6812130e+06   2.1850586e+01
   1.6813960e+06   2.2460938e+01
   1.6815700e+06   2.2521973e+01
   1.6817580e+06   2.2888184e+01
   1.6819390e+06   3.0029297e+01
   1.6821230e+06   2.0019531e+01
   1.6823140e+06   2.5512695e+01
   1.6825070e+06   2.3559570e+01
   1.6827030e+06   2.5329590e+01
   1.6828920e+06   2.5512695e+01
   1.6830860e+06   2.7954102e+01
   1.6832840e+06   2.4963379e+01
   1.6834980e+06   2.5329590e+01
   1.6837160e+06   2.4902344e+01
   1.6839250e+06   2.5634766e+01
   1.6841490e+06   2.4597168e+01
   1.6843860e+06   2.6245117e+01
   1.6846080e+06   2.6794434e+01
   1.6848630e+06   2.7954102e+01
   1.6850950e+06   2.5573730e+01
   1.6853510e+06   2.5329590e+01
   1.6855970e+06   2.2521973e+01
   1.6858390e+06   2.3254395e+01
   1.6861010e+06   2.3254395e+01
   1.6863840e+06   2.3254395e+01
   1.6866800e+06   2.3254395e+01
   1.6869620e+06   2.9296875e+01
   1.6872740e+06   2.6916504e+01
   1.6875810e+06   2.2521973e+01
   1.6879010e+06   1.9470215e+01
   1.6882350e+06   2.4230957e+01
   1.6885580e+06   2.5268555e+01
   1.6888970e+06   2.9663086e+01
   1.6891880e+06   2.5146484e+01
   1.6895410e+06   2.2216797e+01
   1.6898750e+06   3.0578613e+01
   1.6901960e+06   2.4291992e+01
   1.6905450e+06   2.2033691e+01
   1.6909230e+06   2.9846191e+01
   1.6913210e+06   2.8747559e+01
   1.6917170e+06   2.7465820e+01
   1.6921030e+06   2.9785156e+01
   1.6925220e+06   2.5024414e+01
   1.6929790e+06   2.3376465e+01
   1.6933690e+06   1.9775391e+01
   1.6938380e+06   2.7526855e+01
   1.6942430e+06   2.2705078e+01
   1.6946750e+06   2.4841309e+01
   1.6950880e+06   2.1362305e+01
   1.6955270e+06   2.2644043e+01
   1.6959360e+06   3.8818359e+01
   1.6963910e+06   2.4047852e+01
   1.6968560e+06   2.6123047e+01
   1.6973180e+06   2.5756836e+01
   1.6978230e+06   2.4536133e+01
   1.6983330e+06   2.2521973e+01
   1.6988030e+06   2.7709961e+01
   1.6993070e+06   2.8015137e+01
   1.6998340e+06   2.4963379e+01
   1.7004190e+06   2.6550293e+01
   1.7009180e+06   2.6428223e+01
   1.7015090e+06   2.5573730e+01
   1.7020740e+06   2.8747559e+01
   1.7025720e+06   2.7343750e+01
   1.7030660e+06   3.1433105e+01
   1.7036120e+06   3.0456543e+01
   1.7042390e+06   2.8259277e+01
   1.7047760e+06   2.5207520e+01
   1.7053730e+06   2.7038574e+01
   1.7059320e+06   2.8503418e+01
   1.7065450e+06   2.3620605e+01
   1.7071280e+06   2.9052734e+01
   1.7077590e+06   3.4667969e+01
   1.7083490e+06   2.1362305e+01
   1.7090780e+06   2.4841309e+01
   1.7096760e+06   2.9724121e+01
   1.7102970e+06   2.1301270e+01
   1.7110240e+06   2.7709961e+01
   1.7117300e+06   2.4536133e+01
   1.7122150e+06   2.1240234e+01
   1.7123130e+06   2.4353027e+01
   1.7130100e+06   2.7526855e+01
   1.7135980e+06   3.0639648e+01
   1.7144840e+06   1.8737793e+01
   1.7162180e+06   2.3742676e+01
   1.7162960e+06   2.0507812e+01
   1.7169080e+06   2.6245117e+01
   1.7175900e+06   2.8503418e+01
   1.7178940e+06   2.0629883e+01
   1.7182540e+06   2.7587891e+01
   1.7191820e+06   2.7099609e+01
   1.7200500e+06   2.9052734e+01
   1.7224840e+06   2.3681641e+01
   1.7226210e+06   1.8859863e+01
   1.7267600e+06   2.0202637e+01
   1.7307920e+06   2.6489258e+01
   1.7347400e+06   1.9348145e+01
   1.7415930e+06   2.1240234e+01
   1.7507630e+06   2.1911621e+01
   1.7581150e+06   2.0385742e+01
   1.7604460e+06   1.8554688e+01
   1.7762920e+06   1.9531250e+01
   2.5544880e+06   2.3803711e+01
   2.5545080e+06   2.0080566e+01
   2.5545330e+06   4.7668457e+01
   2.5545560e+06   3.9611816e+01
   2.5545960e+06   2.1423340e+01
   2.5546210e+06   3.1066895e+01
   2.5546340e+06   2.1728516e+01
   2.5546700e+06   2.6611328e+01
   2.5546930e+06   2.3010254e+01
   2.5547190e+06   2.8076172e+01
   2.5547350e+06   2.0629883e+01
   2.5547530e+06   2.2399902e+01
   2.5548550e+06   2.3132324e+01
   2.5549100e+06   2.1057129e+01
   2.5550370e+06   1.8432617e+01
   2.5550960e+06   1.9226074e+01
   2.5552850e+06   1.8554688e+01
   2.5554530e+06   2.2521973e+01
   2.5555490e+06   1.9042969e+01
   2.5556400e+06   2.5573730e+01
   2.5557820e+06   2.3254395e+01
   2.5558400e+06   1.9226074e+01
   2.5561500e+06   3.7902832e+01
   2.5561930e+06   1.9165039e+01
   2.5562170e+06   1.8493652e+01
   2.5562680e+06   1.9042969e+01
   2.5563810e+06   2.6489258e+01
   2.5564470e+06   2.5451660e+01
   2.5566920e+06   2.0446777e+01
   2.5567660e+06   2.1240234e+01
   2.5571140e+06   1.9287109e+01
   2.5571620e+06   1.8737793e+01
   2.5576910e+06   1.9775391e+01
   2.5578460e+06   1.8859863e+01
   2.5585820e+06   2.2216797e+01
   2.5587840e+06   1.9592285e+01
   2.5592920e+06   1.9165039e+01
   2.5620280e+06   1.9287109e+01
   2.5628230e+06   1.9287109e+01
   2.5638430e+06   2.0202637e+01
   2.5646650e+06   2.2094727e+01
   2.5650420e+06   1.8859863e+01
   2.5650960e+06   2.3437500e+01
   2.5665350e+06   2.3925781e+01
   2.5667180e+06   1.9470215e+01
   2.5668870e+06   2.0202637e+01
   2.5671210e+06   2.2399902e+01
   2.5673430e+06   2.1545410e+01
   2.5677250e+06   2.2949219e+01
   2.5678740e+06   2.4780273e+01
   2.5680770e+06   2.6611328e+01
   2.5682710e+06   2.6489258e+01
   2.5684540e+06   2.0080566e+01
   2.5686990e+06   2.2766113e+01
   2.5688810e+06   2.3620605e+01
   2.5691300e+06   2.1728516e+01
   2.5693260e+06   2.4047852e+01
   2.5694970e+06   2.1850586e+01
   2.5696640e+06   2.4169922e+01
   2.5698370e+06   2.6916504e+01
   2.5700150e+06   2.1972656e+01
   2.5701380e+06   1.8676758e+01
   2.5701790e+06   2.1972656e+01
   2.5703760e+06   2.3742676e+01
   2.5705810e+06   2.4780273e+01
   2.5707440e+06   2.1179199e+01
   2.5708840e+06   2.0263672e+01
   2.5709500e+06   2.1728516e+01
   2.5711510e+06   2.0874023e+01
   2.5713470e+06   2.7038574e+01
   2.5715420e+06   2.5939941e+01
   2.5717410e+06   2.4963379e+01
   2.5719320e+06   2.4353027e+01
   2.5721510e+06   2.8259277e+01
   2.5723640e+06   2.4291992e+01
   2.5725660e+06   2.2827148e+01
   2.5727670e+06   2.2033691e+01
   2.5729900e+06   2.3559570e+01
   2.5732070e+06   1.9714355e+01
   2.5734200e+06   2.4353027e+01
   2.5736390e+06   2.3254395e+01
   2.5738650e+06   2.3498535e+01
   2.5741260e+06   2.3071289e+01
   2.5743770e+06   2.0874023e+01
   2.5746160e+06   2.3803711e+01
   2.5748740e+06   2.4902344e+01
   2.5751680e+06   2.4353027e+01
   2.5754470e+06   2.3193359e+01
   2.5757010e+06   2.5451660e+01
   2.5759660e+06   2.4414062e+01
   2.5762610e+06   2.1240234e+01
   2.5765670e+06   2.6184082e+01
   2.5767660e+06   1.8859863e+01
   2.5768410e+06   2.1484375e+01
   2.5771600e+06   2.6062012e+01
   2.5774580e+06   3.0517578e+01
   2.5777790e+06   2.5451660e+01
   2.5781320e+06   2.7343750e+01
   2.5784610e+06   2.7832031e+01
   2.5787880e+06   2.7465820e+01
   2.5791250e+06   2.4597168e+01
   2.5795180e+06   2.2583008e+01
   2.5799170e+06   2.6123047e+01
   2.5803140e+06   2.4658203e+01
   2.5807360e+06   2.3925781e+01
   2.5811530e+06   2.4658203e+01
   2.5814940e+06   1.8676758e+01
   2.5815860e+06   2.4230957e+01
   2.5820450e+06   2.3010254e+01
   2.5825000e+06   2.3071289e+01
   2.5829250e+06   2.4475098e+01
   2.5833310e+06   2.3071289e+01
   2.5838120e+06   2.6733398e+01
   2.5842630e+06   2.2399902e+01
   2.5847280e+06   1.9775391e+01
   2.5851930e+06   2.5573730e+01
   2.5856490e+06   2.7282715e+01
   2.5861200e+06   2.1911621e+01
   2.5865710e+06   2.5756836e+01
   2.5870570e+06   2.6977539e+01
   2.5875810e+06   2.4597168e+01
   2.5881010e+06   2.3315430e+01
   2.5886020e+06   2.8320312e+01
   2.5891430e+06   2.2094727e+01
   2.5896910e+06   2.1545410e+01
   2.5902520e+06   2.4230957e+01
   2.5907510e+06   2.6794434e+01
   2.5912860e+06   2.5329590e+01
   2.5918970e+06   2.7465820e+01
   2.5925010e+06   2.7648926e+01
   2.5927780e+06   1.8615723e+01
   2.5930520e+06   2.8076172e+01
   2.5936330e+06   2.4902344e+01
   2.5942770e+06   2.5146484e+01
   2.5949310e+06   2.6306152e+01
   2.5954800e+06   2.4230957e+01
   2.5960880e+06   2.7099609e+01
   2.5982460e+06   2.7526855e+01
   2.5985740e+06   2.2827148e+01
   2.5988620e+06   2.7832031e+01
   2.5997290e+06   2.3742676e+01
   2.6003080e+06   2.6733398e+01
   2.6010010e+06   2.3498535e+01
   2.6011910e+06   2.3986816e+01
   2.6017970e+06   2.9907227e+01
   2.6024290e+06   1.9592285e+01
   2.6025670e+06   2.2033691e+01
   2.6075580e+06   2.0141602e+01
   2.6084400e+06   2.8686523e+01
   2.6093150e+06   2.1545410e+01
   2.6108130e+06   1.8676758e+01
   2.6120400e+06   2.1850586e+01
   2.6138610e+06   2.0446777e+01
   2.6156780e+06   2.0263672e+01
   2.6168460e+06   2.0874023e+01
   2.6182050e+06   1.9836426e+01
   2.6186230e+06   2.7587891e+01
   2.6222870e+06   1.9287109e+01
   2.6240820e+06   1.8920898e+01
   2.6266660e+06   1.9592285e+01
   2.6310190e+06   2.3620605e+01
   2.6356450e+06   1.9104004e+01
   2.6391510e+06   2.1423340e+01
   2.6435940e+06   2.0080566e+01
   2.6459140e+06   1.9165039e+01
   2.6516730e+06   1.8676758e+01
   2.6577290e+06   2.2644043e+01
   2.6680090e+06   1.8981934e+01
   2.6849150e+06   2.3437500e+01
   2.6849390e+06   2.8503418e+01
   2.6849640e+06   3.1433105e+01
   2.6849920e+06   2.2460938e+01
   2.6850030e+06   3.2470703e+01
   2.6850250e+06   2.3132324e+01
   2.6850560e+06   1.9287109e+01
   2.6850740e+06   2.8930664e+01
   2.6850980e+06   3.4606934e+01
   2.6851240e+06   3.0883789e+01
   2.6851390e+06   2.2705078e+01
   2.6851720e+06   2.3559570e+01
   2.6851980e+06   2.0812988e+01
   2.6852370e+06   2.8320312e+01
   2.6852600e+06   1.8798828e+01
   2.6852730e+06   2.1179199e+01
   2.6853030e+06   2.1972656e+01
   2.6853520e+06   2.1240234e+01
   2.6855040e+06   1.9348145e+01
   2.6855960e+06   2.4291992e+01
   2.6856080e+06   1.9104004e+01
   2.6857470e+06   2.4841309e+01
   2.6858300e+06   2.6428223e+01
   2.6858640e+06   1.9958496e+01
   2.6860070e+06   1.9104004e+01
   2.6861030e+06   2.3376465e+01
   2.6862230e+06   1.9531250e+01
   2.6863950e+06   2.3864746e+01
   2.6865250e+06   2.4658203e+01
   2.6865760e+06   2.6916504e+01
   2.6866080e+06   1.9287109e+01
   2.6870160e+06   2.0507812e+01
   2.6871290e+06   2.2949219e+01
   2.6872510e+06   2.2583008e+01
   2.6874040e+06   1.8798828e+01
   2.6874890e+06   2.1362305e+01
   2.6876990e+06   2.3315430e+01
   2.6885990e+06   1.8615723e+01
   2.6889090e+06   2.0324707e+01
   2.6896000e+06   2.1057129e+01
   2.6910020e+06   1.9531250e+01
   2.6934950e+06   1.9470215e+01
   2.6957360e+06   1.9775391e+01
   2.6960520e+06   2.0263672e+01
   2.6975190e+06   1.8615723e+01
   2.6986610e+06   1.8737793e+01
   2.6988130e+06   1.9470215e+01
   2.6989790e+06   1.8798828e+01
   2.6995630e+06   2.0263672e+01
   2.6998580e+06   1.8554688e+01
   2.7000320e+06   1.8493652e+01
   2.7008870e+06   2.3071289e+01
   2.7010560e+06   2.4047852e+01
   2.7013260e+06   1.9409180e+01
   2.7013740e+06   2.0629883e+01
   2.7015550e+06   2.2033691e+01
   2.7017460e+06   1.9958496e+01
   2.7020940e+06   1.9226074e+01
   2.7022430e+06   1.9958496e+01
   2.7025500e+06   2.4108887e+01
   2.7028640e+06   1.9165039e+01
   2.7030250e+06   1.8554688e+01
   2.7032240e+06   1.9531250e+01
   2.7034000e+06   2.2277832e+01
   2.7035810e+06   1.9226074e+01
   2.7037500e+06   1.8859863e+01
   2.7039160e+06   1.9226074e+01
   2.7041070e+06   2.0324707e+01
   2.7042730e+06   2.0874023e+01
   2.7044580e+06   1.9592285e+01
   2.7046410e+06   1.9226074e+01
   2.7048320e+06   1.9592285e+01
   2.7050140e+06   2.0751953e+01
   2.7052050e+06   2.3925781e+01
   2.7056100e+06   2.0751953e+01
   2.7058210e+06   2.2277832e+01
   2.7060410e+06   2.2827148e+01
   2.7062420e+06   2.6855469e+01
   2.7064650e+06   1.9287109e+01
   2.7066880e+06   2.1118164e+01
   2.7069110e+06   2.4230957e+01
   2.7071270e+06   2.1972656e+01
   2.7073450e+06   2.2460937e+01
   2.7075510e+06   2.5756836e+01
   2.7077850e+06   1.9104004e+01
   2.7080030e+06   1.9042969e+01
   2.7082510e+06   2.1240234e+01
   2.7085170e+06   2.1423340e+01
   2.7087770e+06   2.7954102e+01
   2.7090240e+06   2.1484375e+01
   2.7092770e+06   2.3437500e+01
   2.7095420e+06   2.4780273e+01
   2.7098130e+06   1.9836426e+01
   2.7101250e+06   2.0751953e+01
   2.7107080e+06   2.4353027e+01
   2.7109930e+06   1.9714355e+01
   2.7112920e+06   2.1240234e+01
   2.7116020e+06   2.3986816e+01
   2.7119690e+06   1.9531250e+01
   2.7122780e+06   2.4658203e+01
   2.7126030e+06   2.1362305e+01
   2.7129080e+06   2.5756836e+01
   2.7131940e+06   2.2949219e+01
   2.7135040e+06   1.9165039e+01
   2.7139130e+06   1.8432617e+01
   2.7141870e+06   2.1667480e+01
   2.7145500e+06   1.9531250e+01
   2.7148950e+06   2.3681641e+01
   2.7153090e+06   2.2705078e+01
   2.7156450e+06   3.0517578e+01
   2.7160260e+06   1.9775391e+01
   2.7167970e+06   2.4353027e+01
   2.7171870e+06   2.0263672e+01
   2.7176190e+06   2.7709961e+01
   2.7180510e+06   2.2033691e+01
   2.7184300e+06   2.4230957e+01
   2.7190170e+06   2.3437500e+01
   2.7194460e+06   2.4780273e+01
   2.7199270e+06   2.1911621e+01
   2.7204090e+06   2.5939941e+01
   2.7208450e+06   2.7099609e+01
   2.7213410e+06   2.1301270e+01
   2.7218220e+06   2.4291992e+01
   2.7223660e+06   2.1423340e+01
   2.7228160e+06   2.3803711e+01
   2.7232950e+06   2.6489258e+01
   2.7238510e+06   2.4353027e+01
   2.7242970e+06   2.4841309e+01
   2.7247510e+06   2.5329590e+01
   2.7254600e+06   2.5634766e+01
   2.7261250e+06   2.1423340e+01
   2.7266510e+06   2.1850586e+01
   2.7273280e+06   2.4353027e+01
   2.7280580e+06   2.6489258e+01
   2.7285940e+06   2.6123047e+01
   2.7295090e+06   2.3620605e+01
   2.7300470e+06   2.7770996e+01
   2.7307880e+06   2.1362305e+01
   2.7313880e+06   2.4536133e+01
   2.7320640e+06   2.4291992e+01
   2.7328740e+06   2.8015137e+01
   2.7343390e+06   2.1789551e+01
   2.7350480e+06   2.5817871e+01
   2.7371400e+06   2.0080566e+01
   2.7390960e+06   2.2216797e+01
   2.7410620e+06   2.7648926e+01
   2.7424460e+06   2.5085449e+01
   2.7440640e+06   2.1423340e+01
   2.7464960e+06   2.6489258e+01
   2.7563230e+06   2.6428223e+01
   2.7668090e+06   2.9907227e+01
   2.9612030e+06   1.8737793e+01
   2.9893930e+06   1.9836426e+01
   2.9986200e+06   2.1301270e+01
