   3.0000000e+06   0.0000000e+00
   4.9396300e+05   2.4780273e+01
   4.9405600e+05   2.5512695e+01
   4.9426200e+05   3.6682129e+01
   4.9439200e+05   3.0517578e+01
   4.9443100e+05   2.1545410e+01
   4.9452700e+05   3.5766602e+01
   4.9462000e+05   3.2836914e+01
   4.9475600e+05   3.0883789e+01
   4.9485400e+05   3.4729004e+01
   4.9495200e+05   3.0029297e+01
   4.9506600e+05   2.8991699e+01
   4.9516300e+05   2.7099609e+01
   4.9538900e+05   2.5512695e+01
   4.9552700e+05   2.8259277e+01
   4.9566900e+05   2.4902344e+01
   4.9608400e+05   2.8015137e+01
   5.8346200e+05   2.5390625e+01
   5.8349100e+05   2.5634766e+01
   5.8363000e+05   2.3498535e+01
   5.8368600e+05   2.2033691e+01
   5.8380700e+05   3.4301758e+01
   5.8400400e+05   2.4841309e+01
   5.8405100e+05   2.4108887e+01
   5.8406200e+05   2.8625488e+01
   5.8448500e+05   2.9663086e+01
   1.6658700e+06   2.1789551e+01
   1.6659220e+06   2.3437500e+01
   1.6660910e+06   2.2399902e+01
   1.6661540e+06   2.2033691e+01
   1.6661780e+06   3.2592773e+01
   1.6662740e+06   3.2775879e+01
   1.6664070e+06   2.8686523e+01
   1.6666340e+06   3.5217285e+01
   1.6667340e+06   3.1738281e+01
   1.6668580e+06   3.1982422e+01
   1.6670300e+06   3.4362793e+01
   1.6671480e+06   2.6733398e+01
   1.6673370e+06   2.4291992e+01
   1.6674970e+06   2.2155762e+01
   1.6676250e+06   2.6245117e+01
   1.6678180e+06   2.3986816e+01
   1.6681740e+06   3.1372070e+01
   2.5545010e+06   2.2155762e+01
   2.5545160e+06   2.3010254e+01
   2.5545780e+06   3.1738281e+01
   2.5545930e+06   2.5695801e+01
   2.5546150e+06   2.3193359e+01
   2.5548380e+06   3.8330078e+01
   2.5549170e+06   3.8085938e+01
   2.5550020e+06   2.4658203e+01
   2.5550720e+06   2.5146484e+01
   2.5552300e+06   3.3264160e+01
   2.5552950e+06   3.3325195e+01
   2.5553820e+06   3.1738281e+01
   2.5554880e+06   2.2155762e+01
   2.5555660e+06   2.7526855e+01
   2.5556370e+06   2.9907227e+01
   2.5557380e+06   3.1372070e+01
   2.5560120e+06   2.2033691e+01
   2.5564830e+06   2.2338867e+01
   2.5565760e+06   2.2033691e+01
   2.5567230e+06   2.4658203e+01
   2.5570550e+06   2.3132324e+01
   2.6849610e+06   2.3071289e+01
   2.6850810e+06   3.2653809e+01
   2.6851270e+06   2.1606445e+01
   2.6852170e+06   2.3498535e+01
   2.6853990e+06   3.0761719e+01
   2.6855840e+06   3.2531738e+01
   2.6857380e+06   3.2531738e+01
   2.6857960e+06   2.2766113e+01
   2.6860860e+06   2.3498535e+01
   2.6863320e+06   2.9052734e+01
