   3.0000000e+06   0.0000000e+00
   4.9416700e+05   2.0935059e+01
   4.9433800e+05   2.1850586e+01
   4.9448600e+05   2.1789551e+01
   5.8302700e+05   2.5756836e+01
   5.8323500e+05   1.9958496e+01
   5.8347600e+05   1.9897461e+01
   5.8366000e+05   2.0385742e+01
   1.6660650e+06   2.3925781e+01
   1.6660950e+06   2.4475098e+01
   1.6661470e+06   2.3437500e+01
   1.6662490e+06   2.0568848e+01
   1.6885140e+06   1.9775391e+01
   1.7386390e+06   2.3803711e+01
   1.7617900e+06   2.2460938e+01
   1.7769720e+06   2.0080566e+01
   1.8438190e+06   2.2399902e+01
   1.8443210e+06   2.0996094e+01
   2.1221000e+06   2.0080566e+01
   2.1221400e+06   2.0568848e+01
   2.5545360e+06   2.7465820e+01
   2.5548150e+06   2.6916504e+01
   2.5548530e+06   2.0690918e+01
   2.6850800e+06   1.9653320e+01
   2.6852200e+06   2.3315430e+01
   2.6852930e+06   2.2521973e+01
   2.6853500e+06   2.0263672e+01
   2.8304120e+06   1.9836426e+01
   2.8397560e+06   2.4230957e+01
