   3.0000000e+06   0.0000000e+00
   4.1446000e+04   2.5878906e+01
   4.2230000e+04   2.5085449e+01
   9.4504000e+04   2.8686523e+01
   2.9315000e+05   2.8808594e+01
   3.3928700e+05   2.7832031e+01
   4.9410200e+05   3.0944824e+01
   4.9412000e+05   3.5156250e+01
   4.9415200e+05   3.1005859e+01
   4.9416400e+05   2.6306152e+01
   4.9419100e+05   2.6245117e+01
   4.9421600e+05   2.6794434e+01
   4.9423900e+05   2.5390625e+01
   4.9466400e+05   2.7343750e+01
   4.9491800e+05   2.6062012e+01
   5.8337400e+05   2.6367188e+01
   5.8348900e+05   2.8320312e+01
   5.8353300e+05   2.7648926e+01
   5.8358700e+05   2.5085449e+01
   5.8363100e+05   3.9733887e+01
   5.8369200e+05   2.5146484e+01
   5.8371500e+05   2.7526855e+01
   5.8376300e+05   3.4179688e+01
   5.8385300e+05   2.4963379e+01
   5.8394900e+05   2.6855469e+01
   5.8403800e+05   2.8686523e+01
   5.8435800e+05   2.7893066e+01
   6.9843000e+05   2.5085449e+01
   1.0825140e+06   2.7770996e+01
   1.1974680e+06   2.7038574e+01
   1.2894850e+06   2.6184082e+01
   1.3683790e+06   2.6306152e+01
   1.4799820e+06   2.7221680e+01
   1.6655920e+06   2.5939941e+01
   1.6656580e+06   3.0761719e+01
   1.6658750e+06   2.7099609e+01
   1.6659110e+06   3.3935547e+01
   1.6659250e+06   2.6611328e+01
   1.6659380e+06   2.6489258e+01
   1.6659600e+06   2.7587891e+01
   1.6659770e+06   3.2775879e+01
   1.6660200e+06   3.2226562e+01
   2.4496010e+06   2.6794434e+01
   2.4966200e+06   2.5146484e+01
   2.5545160e+06   2.5939941e+01
   2.5545290e+06   2.5878906e+01
   2.5545580e+06   3.7719727e+01
   2.5545780e+06   3.6071777e+01
   2.5546160e+06   2.7893066e+01
   2.5546410e+06   2.7221680e+01
   2.5546730e+06   2.5512695e+01
   2.5546970e+06   2.7465820e+01
   2.5547840e+06   2.9602051e+01
   2.5550240e+06   2.6062012e+01
   2.6851110e+06   3.2348633e+01
   2.6851300e+06   2.8381348e+01
   2.6851710e+06   3.1921387e+01
   2.6851980e+06   2.5451660e+01
   2.6853380e+06   3.0090332e+01
   2.6854200e+06   2.6428223e+01
   2.9743310e+06   2.6550293e+01
