   3.0000000e+06   0.0000000e+00
   2.8343900e+05   2.0446777e+01
   4.9370600e+05   2.4536133e+01
   4.9374000e+05   2.0996094e+01
   4.9391000e+05   2.2888184e+01
   4.9399600e+05   2.0751953e+01
   4.9402500e+05   2.6794434e+01
   4.9404300e+05   3.0578613e+01
   4.9407000e+05   2.2155762e+01
   4.9408400e+05   2.7221680e+01
   4.9410900e+05   2.7099609e+01
   4.9413500e+05   2.3254395e+01
   4.9415200e+05   3.1372070e+01
   4.9416600e+05   2.1240234e+01
   4.9419900e+05   2.0324707e+01
   4.9421400e+05   4.1015625e+01
   4.9422500e+05   3.0273438e+01
   4.9424700e+05   2.4353027e+01
   4.9427600e+05   3.2592773e+01
   4.9429200e+05   2.7099609e+01
   4.9432500e+05   3.0029297e+01
   4.9433900e+05   2.5512695e+01
   4.9436900e+05   2.4780273e+01
   4.9439700e+05   2.2216797e+01
   4.9442100e+05   2.6916504e+01
   4.9453200e+05   2.0935059e+01
   4.9455100e+05   2.0996094e+01
   4.9458700e+05   2.0080566e+01
   4.9469600e+05   2.3742676e+01
   4.9471200e+05   2.0019531e+01
   4.9475000e+05   2.1179199e+01
   4.9477200e+05   2.0629883e+01
   4.9481600e+05   2.5329590e+01
   4.9485400e+05   2.7648926e+01
   4.9488300e+05   2.3803711e+01
   4.9489400e+05   2.2949219e+01
   4.9494900e+05   2.0263672e+01
   4.9507500e+05   2.1911621e+01
   4.9512800e+05   2.6000977e+01
   4.9531200e+05   2.2583008e+01
   4.9537800e+05   2.3864746e+01
   4.9545800e+05   2.1606445e+01
   4.9550800e+05   2.0935059e+01
   4.9563300e+05   2.4108887e+01
   4.9566900e+05   2.4719238e+01
   4.9588800e+05   1.9958496e+01
   4.9641500e+05   2.0141602e+01
   4.9652100e+05   2.0568848e+01
   5.8331600e+05   2.5573730e+01
   5.8333200e+05   2.9479980e+01
   5.8334400e+05   2.3620605e+01
   5.8336100e+05   2.3498535e+01
   5.8338200e+05   2.8686523e+01
   5.8343400e+05   2.9541016e+01
   5.8345200e+05   2.0385742e+01
   5.8349200e+05   2.8503418e+01
   5.8351300e+05   2.4841309e+01
   5.8354700e+05   2.8137207e+01
   5.8356500e+05   2.7282715e+01
   5.8359200e+05   2.6367188e+01
   5.8361700e+05   3.9001465e+01
   5.8364300e+05   2.1240234e+01
   5.8366600e+05   2.2277832e+01
   5.8372000e+05   2.9418945e+01
   5.8376000e+05   5.1940918e+01
   5.8378500e+05   3.9245605e+01
   5.8381700e+05   1.9897461e+01
   5.8383400e+05   2.6245117e+01
   5.8386500e+05   2.6245117e+01
   5.8392600e+05   2.1301270e+01
   5.8394900e+05   3.0273438e+01
   5.8396900e+05   2.1179199e+01
   5.8400600e+05   2.1911621e+01
   5.8405300e+05   2.2521973e+01
   5.8409100e+05   2.0690918e+01
   5.8415000e+05   2.0263672e+01
   5.8417500e+05   2.2583008e+01
   5.8422800e+05   2.0751953e+01
   5.8425900e+05   2.2583008e+01
   5.8431000e+05   2.0751953e+01
   5.8435800e+05   2.1545410e+01
   5.8438300e+05   1.9958496e+01
   5.8448400e+05   2.3986816e+01
   5.8455300e+05   2.7282715e+01
   5.8466900e+05   2.5146484e+01
   5.8472300e+05   2.5878906e+01
   5.8478300e+05   2.1423340e+01
   5.8490200e+05   2.2155762e+01
   5.8497000e+05   1.9836426e+01
   5.8504500e+05   2.4536133e+01
   5.8507000e+05   2.1484375e+01
   5.8526000e+05   2.2583008e+01
   5.8560500e+05   2.2949219e+01
   5.8637400e+05   2.1728516e+01
   1.1350430e+06   2.1240234e+01
   1.6656600e+06   2.7770996e+01
   1.6657980e+06   2.2766113e+01
   1.6658650e+06   2.1118164e+01
   1.6658910e+06   2.1667480e+01
   1.6659170e+06   3.2775879e+01
   1.6659450e+06   2.0324707e+01
   1.6660000e+06   2.4658203e+01
   1.6660320e+06   3.0212402e+01
   1.6660590e+06   3.4667969e+01
   1.6660920e+06   3.8696289e+01
   1.6661140e+06   2.9602051e+01
   1.6661270e+06   3.7597656e+01
   1.6661690e+06   3.3508301e+01
   1.6661960e+06   4.2724609e+01
   1.6662140e+06   2.8564453e+01
   1.6662680e+06   2.9907227e+01
   1.6662860e+06   1.9958496e+01
   1.6663020e+06   1.9775391e+01
   1.6663350e+06   2.2521973e+01
   1.6663760e+06   2.2399902e+01
   1.6664380e+06   2.5634766e+01
   1.6664920e+06   2.2277832e+01
   1.6665060e+06   2.2521973e+01
   1.6665450e+06   2.1118164e+01
   1.6666560e+06   2.2766113e+01
   1.6667240e+06   1.9775391e+01
   1.6668460e+06   2.6367188e+01
   1.6669060e+06   1.9958496e+01
   1.6669560e+06   2.0812988e+01
   1.6670140e+06   2.5878906e+01
   1.6670740e+06   2.0141602e+01
   1.6672170e+06   2.1240234e+01
   1.6672670e+06   2.2338867e+01
   1.6673030e+06   2.1972656e+01
   1.6680790e+06   2.3193359e+01
   1.6681800e+06   2.0690918e+01
   1.6882930e+06   2.1118164e+01
   2.5543040e+06   2.2888184e+01
   2.5543570e+06   2.1850586e+01
   2.5544780e+06   2.2460938e+01
   2.5545110e+06   2.1606445e+01
   2.5545310e+06   2.7893066e+01
   2.5545460e+06   2.4475098e+01
   2.5545660e+06   2.1545410e+01
   2.5545870e+06   3.3508301e+01
   2.5546030e+06   2.2460938e+01
   2.5546320e+06   2.6489258e+01
   2.5546450e+06   2.4780273e+01
   2.5546760e+06   2.4230957e+01
   2.5547170e+06   2.2827148e+01
   2.5547410e+06   2.6184082e+01
   2.5547630e+06   3.4240723e+01
   2.5547740e+06   2.7160645e+01
   2.5548030e+06   2.3376465e+01
   2.5548290e+06   3.8085938e+01
   2.5548410e+06   3.1799316e+01
   2.5548740e+06   3.8146973e+01
   2.5548860e+06   2.3986816e+01
   2.5549190e+06   2.9357910e+01
   2.5549470e+06   2.2705078e+01
   2.5549980e+06   2.2460937e+01
   2.5550600e+06   2.5085449e+01
   2.5550980e+06   2.0751953e+01
   2.5551240e+06   2.5756836e+01
   2.5551810e+06   2.3376465e+01
   2.5552450e+06   2.1850586e+01
   2.5553510e+06   2.4719238e+01
   2.5553630e+06   2.1240234e+01
   2.5554120e+06   2.1484375e+01
   2.5554450e+06   2.1850586e+01
   2.5554980e+06   2.1057129e+01
   2.5555870e+06   2.3071289e+01
   2.5556660e+06   2.0507812e+01
   2.5557280e+06   2.6062012e+01
   2.5557800e+06   2.0751953e+01
   2.5562030e+06   2.0874023e+01
   2.5562720e+06   2.1789551e+01
   2.5563120e+06   2.0629883e+01
   2.5564720e+06   1.9897461e+01
   2.5568350e+06   2.0935059e+01
   2.6849630e+06   2.6794434e+01
   2.6849990e+06   2.9418945e+01
   2.6850290e+06   2.2399902e+01
   2.6850610e+06   2.2155762e+01
   2.6850730e+06   2.5878906e+01
   2.6850970e+06   2.0568848e+01
   2.6851380e+06   2.4353027e+01
   2.6851970e+06   2.6611328e+01
   2.6852340e+06   2.6184082e+01
   2.6852480e+06   3.4057617e+01
   2.6852620e+06   2.1667480e+01
   2.6852750e+06   2.8198242e+01
   2.6853010e+06   3.9733887e+01
   2.6853390e+06   3.3569336e+01
   2.6853580e+06   3.2653809e+01
   2.6853770e+06   4.0344238e+01
   2.6854030e+06   2.0690918e+01
   2.6854150e+06   2.2460938e+01
   2.6854430e+06   2.1728516e+01
   2.6854780e+06   2.0690918e+01
   2.6855030e+06   2.5756836e+01
   2.6856760e+06   2.1972656e+01
   2.6857270e+06   1.9775391e+01
   2.6858540e+06   2.3071289e+01
   2.6858690e+06   2.4047852e+01
   2.6859850e+06   1.9897461e+01
   2.6860400e+06   2.0446777e+01
   2.6863860e+06   1.9897461e+01
   2.6864570e+06   1.9775391e+01
   2.6864790e+06   2.1850586e+01
   2.6865350e+06   2.4719238e+01
   2.6865790e+06   2.3559570e+01
   2.6866100e+06   2.7343750e+01
   2.6866910e+06   2.3742676e+01
   2.6867660e+06   2.0263672e+01
   2.6868030e+06   2.1057129e+01
   2.6868600e+06   2.1484375e+01
   2.6869030e+06   2.0568848e+01
   2.6869630e+06   1.9897461e+01
   2.6870190e+06   1.9775391e+01
   2.6875020e+06   2.8625488e+01
   2.6881390e+06   2.0080566e+01
