   3.0000000e+06   0.0000000e+00
   4.9386800e+05   3.2653809e+01
   4.9393300e+05   2.6000977e+01
   4.9400400e+05   3.7231445e+01
   4.9401900e+05   3.6682129e+01
   4.9403500e+05   5.2856445e+01
   4.9405400e+05   4.7302246e+01
   4.9406700e+05   4.4067383e+01
   4.9407800e+05   3.1005859e+01
   4.9409700e+05   8.4716797e+01
   4.9411800e+05   7.1166992e+01
   4.9414900e+05   6.3476563e+01
   4.9416000e+05   3.2714844e+01
   4.9419600e+05   4.9743652e+01
   4.9420700e+05   4.1809082e+01
   4.9422100e+05   6.2622070e+01
   4.9423500e+05   3.9611816e+01
   4.9425000e+05   4.7363281e+01
   4.9427600e+05   3.0517578e+01
   4.9430300e+05   5.1086426e+01
   4.9431600e+05   3.7475586e+01
   4.9432800e+05   4.1259766e+01
   4.9436700e+05   3.8574219e+01
   4.9438000e+05   4.4128418e+01
   4.9444600e+05   3.1433105e+01
   4.9446700e+05   3.1372070e+01
   4.9449800e+05   2.5390625e+01
   4.9452000e+05   2.8442383e+01
   4.9456700e+05   2.7404785e+01
   4.9457700e+05   3.1250000e+01
   4.9459300e+05   4.1198730e+01
   4.9461700e+05   3.1860352e+01
   4.9463400e+05   2.7099609e+01
   4.9465300e+05   2.6611328e+01
   4.9467600e+05   3.0029297e+01
   4.9472400e+05   3.1860352e+01
   4.9473900e+05   2.7526855e+01
   4.9476400e+05   3.0822754e+01
   4.9480100e+05   3.0578613e+01
   4.9481800e+05   2.8015137e+01
   4.9488300e+05   2.6123047e+01
   4.9494000e+05   2.6611328e+01
   4.9502900e+05   2.8198242e+01
   4.9506300e+05   3.8391113e+01
   4.9511700e+05   2.9907227e+01
   4.9517000e+05   4.3029785e+01
   4.9521800e+05   3.1250000e+01
   4.9526400e+05   2.5939941e+01
   4.9535800e+05   2.5756836e+01
   4.9548800e+05   2.7587891e+01
   4.9553100e+05   2.7343750e+01
   4.9557000e+05   3.2836914e+01
   4.9569200e+05   3.3752441e+01
   4.9570900e+05   2.9785156e+01
   4.9572800e+05   2.7282715e+01
   4.9581800e+05   2.6184082e+01
   4.9592300e+05   3.1555176e+01
   4.9600000e+05   2.5573730e+01
   4.9609300e+05   3.1311035e+01
   4.9640000e+05   2.8564453e+01
   4.9665400e+05   3.0090332e+01
   4.9726100e+05   2.7404785e+01
   4.9746300e+05   3.0090332e+01
   4.9883800e+05   2.6550293e+01
   5.1124400e+05   2.9418945e+01
   5.1154400e+05   2.5451660e+01
   5.1214400e+05   2.5390625e+01
   5.2084200e+05   2.9052734e+01
   5.2609400e+05   2.8869629e+01
   5.2711700e+05   2.6855469e+01
   5.2790400e+05   2.6672363e+01
   5.2901200e+05   2.8747559e+01
   5.3081200e+05   2.7160645e+01
   5.3162100e+05   2.8381348e+01
   5.3207500e+05   2.6489258e+01
   5.3472600e+05   2.9418945e+01
   5.3591000e+05   2.6123047e+01
   5.3804500e+05   2.5695801e+01
   5.3987900e+05   2.6672363e+01
   5.4338300e+05   2.6123047e+01
   5.4377000e+05   2.8564453e+01
   5.4480500e+05   2.7709961e+01
   5.4880600e+05   2.7770996e+01
   5.4955000e+05   2.9113770e+01
   5.4991300e+05   2.5573730e+01
   5.5031000e+05   2.6794434e+01
   5.5249800e+05   2.6367188e+01
   5.5365900e+05   2.5939941e+01
   5.5409000e+05   2.7648926e+01
   5.5788500e+05   2.7893066e+01
   5.5901900e+05   2.8015137e+01
   5.6095100e+05   2.7160645e+01
   5.6171000e+05   2.6062012e+01
   5.6901900e+05   2.7038574e+01
   5.6939000e+05   2.6672363e+01
   5.6973500e+05   2.5756836e+01
   5.7009700e+05   2.7770996e+01
   5.7557800e+05   2.5939941e+01
   5.7626100e+05   2.6367188e+01
   5.7672100e+05   2.7404785e+01
   5.8344100e+05   3.1372070e+01
   5.8348500e+05   2.6123047e+01
   5.8351000e+05   4.2663574e+01
   5.8352900e+05   6.9030762e+01
   5.8354100e+05   7.4218750e+01
   5.8356300e+05   8.9294434e+01
   5.8358800e+05   4.6203613e+01
   5.8361700e+05   8.7707520e+01
   5.8364500e+05   2.6245117e+01
   5.8366500e+05   2.8442383e+01
   5.8368100e+05   3.7170410e+01
   5.8369800e+05   4.8339844e+01
   5.8371700e+05   5.1208496e+01
   5.8374400e+05   3.6621094e+01
   5.8375700e+05   3.5827637e+01
   5.8377000e+05   5.3100586e+01
   5.8380200e+05   2.8930664e+01
   5.8384400e+05   3.6254883e+01
   5.8386900e+05   4.8095703e+01
   5.8390500e+05   3.6621094e+01
   5.8391700e+05   2.7648926e+01
   5.8394300e+05   2.6733398e+01
   5.8398800e+05   2.7160645e+01
   5.8400500e+05   2.9052734e+01
   5.8402100e+05   4.3029785e+01
   5.8406100e+05   3.4362793e+01
   5.8407300e+05   2.8442383e+01
   5.8410400e+05   3.0944824e+01
   5.8413800e+05   3.6071777e+01
   5.8416600e+05   3.6865234e+01
   5.8418600e+05   2.9724121e+01
   5.8424500e+05   2.9113770e+01
   5.8426300e+05   3.7536621e+01
   5.8429800e+05   3.1494141e+01
   5.8431600e+05   3.2714844e+01
   5.8433800e+05   2.8015137e+01
   5.8435800e+05   2.8564453e+01
   5.8439100e+05   2.5817871e+01
   5.8441700e+05   2.8686523e+01
   5.8444500e+05   2.5695801e+01
   5.8449500e+05   2.6794434e+01
   5.8451800e+05   2.8137207e+01
   5.8458800e+05   2.7404785e+01
   5.8461200e+05   3.1372070e+01
   5.8462300e+05   2.5695801e+01
   5.8470000e+05   2.5512695e+01
   5.8472200e+05   2.8381348e+01
   5.8480100e+05   3.3325195e+01
   5.8485500e+05   3.5217285e+01
   5.8486800e+05   2.9296875e+01
   5.8491400e+05   3.1738281e+01
   5.8494300e+05   2.8564453e+01
   5.8499200e+05   3.1494141e+01
   5.8504600e+05   3.2836914e+01
   5.8510400e+05   3.4545898e+01
   5.8516900e+05   2.9418945e+01
   5.8537400e+05   2.6000977e+01
   5.8542900e+05   2.7526855e+01
   5.8631500e+05   2.6245117e+01
   5.9806900e+05   2.7954102e+01
   5.9843100e+05   2.8930664e+01
   5.9872100e+05   2.6428223e+01
   6.0140900e+05   2.9907227e+01
   6.0206700e+05   2.5817871e+01
   6.0236400e+05   2.5512695e+01
   6.0497800e+05   2.5390625e+01
   6.0946700e+05   3.3264160e+01
   6.1217000e+05   2.6062012e+01
   6.2156100e+05   2.6184082e+01
   6.2229700e+05   2.9235840e+01
   6.2980400e+05   2.5939941e+01
   6.3195700e+05   2.8320312e+01
   6.4287300e+05   2.6428223e+01
   6.4360600e+05   2.6306152e+01
   6.5004700e+05   3.0944824e+01
   6.5160900e+05   2.5451660e+01
   6.5234400e+05   2.6855469e+01
   6.5496200e+05   2.9296875e+01
   6.5830900e+05   2.6550293e+01
   6.5872600e+05   2.7160645e+01
   6.6262000e+05   2.8625488e+01
   6.6295700e+05   2.6550293e+01
   6.6801400e+05   2.6672363e+01
   6.6836400e+05   3.2714844e+01
   6.6872900e+05   2.6306152e+01
   6.6912600e+05   2.6367188e+01
   6.7716800e+05   2.5756836e+01
   6.8152100e+05   2.5939941e+01
   6.8190700e+05   2.6550293e+01
   6.8643500e+05   2.6184082e+01
   6.8678000e+05   2.8259277e+01
   6.9622500e+05   2.6733398e+01
   6.9657000e+05   2.5756836e+01
   6.9693300e+05   2.6123047e+01
   6.9732300e+05   2.5634766e+01
   6.9770800e+05   2.5573730e+01
   6.9807600e+05   2.6672363e+01
   7.0489100e+05   2.6245117e+01
   7.0557200e+05   2.5695801e+01
   7.0592600e+05   2.6123047e+01
   7.1171600e+05   3.0700684e+01
   7.1315800e+05   2.6062012e+01
   7.1809600e+05   2.8686523e+01
   7.1846100e+05   2.5573730e+01
   7.2854400e+05   2.7587891e+01
   7.5524700e+05   2.7160645e+01
   7.5717100e+05   2.7832031e+01
   7.7201200e+05   2.7587891e+01
   7.7239400e+05   2.7954102e+01
   7.7272800e+05   2.8686523e+01
   7.7306900e+05   2.6855469e+01
   7.7418200e+05   2.6367188e+01
   7.9709600e+05   2.6489258e+01
   7.9780800e+05   2.6428223e+01
   8.6426900e+05   2.7832031e+01
   8.6495900e+05   2.8808594e+01
   8.6532900e+05   2.6550293e+01
   8.8608000e+05   2.5695801e+01
   9.2694900e+05   2.6245117e+01
   9.2734200e+05   2.8442383e+01
   9.2804000e+05   2.9418945e+01
   9.4746800e+05   2.7648926e+01
   9.4822900e+05   2.9174805e+01
   9.8549100e+05   2.8015137e+01
   9.8617200e+05   2.6916504e+01
   1.0010000e+06   2.6428223e+01
   1.0013940e+06   2.6916504e+01
   1.0394490e+06   2.6855469e+01
   1.0402680e+06   2.5939941e+01
   1.0406870e+06   2.5573730e+01
   1.1344590e+06   2.6611328e+01
   1.1348020e+06   2.6489258e+01
   1.1972620e+06   2.8564453e+01
   1.1983660e+06   2.6611328e+01
   1.1994950e+06   2.5695801e+01
   1.2064160e+06   2.8076172e+01
   1.2067730e+06   2.6428223e+01
   1.2578370e+06   2.6794434e+01
   1.2582120e+06   3.0578613e+01
   1.2893920e+06   2.6123047e+01
   1.2901680e+06   2.5817871e+01
   1.2905360e+06   2.5573730e+01
   1.4131630e+06   2.6123047e+01
   1.4343060e+06   3.1188965e+01
   1.4346870e+06   2.6245117e+01
   1.4668280e+06   2.9174805e+01
   1.5063930e+06   2.8808594e+01
   1.5067600e+06   3.0578613e+01
   1.5361230e+06   3.7902832e+01
   1.5498520e+06   2.5451660e+01
   1.5502430e+06   2.6672363e+01
   1.5505960e+06   2.6672363e+01
   1.6083740e+06   2.8442383e+01
   1.6091380e+06   2.5634766e+01
   1.6098950e+06   2.7160645e+01
   1.6347750e+06   2.6855469e+01
   1.6354900e+06   2.5390625e+01
   1.6656950e+06   3.1372070e+01
   1.6657890e+06   2.5695801e+01
   1.6657990e+06   3.7719727e+01
   1.6658250e+06   3.0456543e+01
   1.6658470e+06   3.2531738e+01
   1.6658830e+06   1.1059570e+02
   1.6659000e+06   4.2968750e+01
   1.6659290e+06   5.6945801e+01
   1.6659480e+06   6.7077637e+01
   1.6659660e+06   2.9113770e+01
   1.6659770e+06   6.6223145e+01
   1.6660030e+06   6.0974121e+01
   1.6660230e+06   4.7973633e+01
   1.6660440e+06   3.4301758e+01
   1.6660600e+06   6.2011719e+01
   1.6660750e+06   3.9550781e+01
   1.6661040e+06   3.3874512e+01
   1.6661290e+06   3.8818359e+01
   1.6661430e+06   4.9621582e+01
   1.6661560e+06   4.2297363e+01
   1.6661680e+06   2.6123047e+01
   1.6661870e+06   3.4606934e+01
   1.6662130e+06   3.2287598e+01
   1.6662460e+06   3.6071777e+01
   1.6662740e+06   3.0273438e+01
   1.6662880e+06   3.3813477e+01
   1.6663060e+06   3.6376953e+01
   1.6663230e+06   2.5756836e+01
   1.6663560e+06   3.7841797e+01
   1.6663720e+06   4.1564941e+01
   1.6664250e+06   2.7893066e+01
   1.6664410e+06   3.3691406e+01
   1.6664740e+06   2.8747559e+01
   1.6664850e+06   2.5512695e+01
   1.6665840e+06   2.7465820e+01
   1.6666190e+06   2.7465820e+01
   1.6666590e+06   3.2897949e+01
   1.6666880e+06   2.8320312e+01
   1.6667090e+06   2.6672363e+01
   1.6667640e+06   3.6132812e+01
   1.6667830e+06   2.6855469e+01
   1.6668290e+06   2.8198242e+01
   1.6668460e+06   3.1372070e+01
   1.6669100e+06   3.8146973e+01
   1.6669870e+06   3.6437988e+01
   1.6670480e+06   2.7526855e+01
   1.6670910e+06   2.8015137e+01
   1.6671010e+06   2.7526855e+01
   1.6671630e+06   2.7526855e+01
   1.6672090e+06   2.6428223e+01
   1.6672570e+06   3.0090332e+01
   1.6673370e+06   2.5695801e+01
   1.6674540e+06   2.5878906e+01
   1.6674950e+06   2.9785156e+01
   1.6675100e+06   3.4240723e+01
   1.6676340e+06   2.8869629e+01
   1.6676940e+06   2.5451660e+01
   1.6677640e+06   2.9479980e+01
   1.6685400e+06   2.5878906e+01
   1.6887880e+06   2.6245117e+01
   1.6891350e+06   2.6428223e+01
   1.6897220e+06   2.8625488e+01
   1.6946560e+06   2.6306152e+01
   1.6950300e+06   2.8442383e+01
   1.6953510e+06   2.6672363e+01
   1.6956520e+06   2.8442383e+01
   1.6959380e+06   2.5878906e+01
   1.6962400e+06   2.8015137e+01
   1.6971180e+06   2.9357910e+01
   1.7006620e+06   2.6550293e+01
   1.7014110e+06   2.8564453e+01
   1.7017530e+06   2.7404785e+01
   1.7020570e+06   2.9113770e+01
   1.7023930e+06   2.5390625e+01
   1.7131660e+06   2.5695801e+01
   1.7138630e+06   2.7954102e+01
   1.7141690e+06   2.5756836e+01
   1.7183830e+06   2.7221680e+01
   1.7205910e+06   2.6489258e+01
   1.7209690e+06   2.6306152e+01
   1.7280390e+06   2.6977539e+01
   1.7284540e+06   2.9418945e+01
   1.7347960e+06   2.6794434e+01
   1.7351700e+06   2.6000977e+01
   1.7410250e+06   2.5634766e+01
   1.7417280e+06   2.6184082e+01
   1.7420910e+06   2.9113770e+01
   1.7462940e+06   2.5634766e+01
   1.7497930e+06   2.6733398e+01
   1.7579620e+06   2.5695801e+01
   1.7582950e+06   2.7404785e+01
   1.7589370e+06   2.5390625e+01
   1.7667120e+06   2.6550293e+01
   1.7688700e+06   2.7954102e+01
   1.7867700e+06   2.5634766e+01
   1.7870980e+06   2.6611328e+01
   1.7874180e+06   2.5512695e+01
   1.7965200e+06   2.8991699e+01
   1.7968920e+06   2.7221680e+01
   1.7972160e+06   2.5451660e+01
   1.7979100e+06   3.5522461e+01
   1.7987470e+06   2.8076172e+01
   1.8126450e+06   2.5939941e+01
   1.8129670e+06   3.0151367e+01
   1.8190270e+06   2.7343750e+01
   1.8200340e+06   2.6000977e+01
   1.8291280e+06   2.6855469e+01
   1.8298140e+06   2.6367187e+01
   1.8438670e+06   2.5817871e+01
   1.8445470e+06   2.5939941e+01
   1.8574200e+06   2.5695801e+01
   1.8581980e+06   3.2714844e+01
   1.8689930e+06   2.5817871e+01
   1.8696830e+06   2.6855469e+01
   1.8829190e+06   2.5512695e+01
   1.8839180e+06   2.5817871e+01
   1.8962440e+06   2.5451660e+01
   1.8966020e+06   2.8991699e+01
   1.8972460e+06   2.7954102e+01
   1.8975730e+06   2.6916504e+01
   1.9081360e+06   3.1250000e+01
   1.9088280e+06   2.5634766e+01
   1.9091620e+06   2.5695801e+01
   1.9095030e+06   2.5634766e+01
   1.9149970e+06   2.6245117e+01
   1.9307770e+06   2.6000977e+01
   1.9311130e+06   2.6123047e+01
   1.9455680e+06   2.6000977e+01
   1.9458860e+06   2.6245117e+01
   1.9468600e+06   2.6611328e+01
   1.9617080e+06   2.5878906e+01
   1.9623980e+06   2.5634766e+01
   1.9627630e+06   3.2165527e+01
   1.9751720e+06   2.7038574e+01
   1.9761960e+06   2.5695801e+01
   1.9940230e+06   2.6794434e+01
   1.9943640e+06   2.6367188e+01
   1.9950920e+06   2.6611328e+01
   1.9954670e+06   2.8198242e+01
   2.0116280e+06   2.6489258e+01
   2.0400900e+06   2.6245117e+01
   2.0414780e+06   2.7893066e+01
   2.0422440e+06   2.7038574e+01
   2.0604500e+06   2.5512695e+01
   2.0788280e+06   2.6245117e+01
   2.0791920e+06   2.7954102e+01
   2.0985480e+06   2.5451660e+01
   2.0999480e+06   2.6245117e+01
   2.1135170e+06   2.5390625e+01
   2.1154130e+06   2.6611328e+01
   2.1273130e+06   2.5573730e+01
   2.1280400e+06   2.6184082e+01
   2.1547480e+06   2.6550293e+01
   2.1564960e+06   2.5512695e+01
   2.1671930e+06   2.6062012e+01
   2.1678920e+06   2.8259277e+01
   2.1762660e+06   2.6489258e+01
   2.1899600e+06   2.5390625e+01
   2.1913910e+06   2.5695801e+01
   2.2069630e+06   2.8930664e+01
   2.2073320e+06   3.1066895e+01
   2.2081000e+06   2.6000977e+01
   2.2429670e+06   2.7648926e+01
   2.2433540e+06   2.7465820e+01
   2.2662980e+06   2.7893066e+01
   2.2867600e+06   2.6184082e+01
   2.2874810e+06   2.6916504e+01
   2.2881490e+06   2.6489258e+01
   2.3141820e+06   2.8198242e+01
   2.3149050e+06   2.5756836e+01
   2.3155640e+06   2.9602051e+01
   2.3159030e+06   2.6977539e+01
   2.3304050e+06   2.9113770e+01
   2.3310480e+06   2.8930664e+01
   2.3442260e+06   2.7099609e+01
   2.3449400e+06   2.6245117e+01
   2.3746150e+06   2.5756836e+01
   2.3753360e+06   2.6672363e+01
   2.3867500e+06   2.7832031e+01
   2.4059700e+06   2.5817871e+01
   2.4214650e+06   2.6794434e+01
   2.4228580e+06   2.5573730e+01
   2.4365760e+06   2.9724121e+01
   2.4577000e+06   3.0395508e+01
   2.4583440e+06   2.8442383e+01
   2.4703970e+06   2.7038574e+01
   2.4718500e+06   2.8259277e+01
   2.4938740e+06   2.7160645e+01
   2.4941900e+06   2.8808594e+01
   2.4948750e+06   2.6611328e+01
   2.5207990e+06   2.5817871e+01
   2.5214970e+06   2.8198242e+01
   2.5222240e+06   2.6184082e+01
   2.5259910e+06   2.6245117e+01
   2.5483280e+06   2.5695801e+01
   2.5487060e+06   3.0517578e+01
   2.5501200e+06   2.8259277e+01
   2.5508550e+06   2.5939941e+01
   2.5543190e+06   2.7770996e+01
   2.5543550e+06   2.7587891e+01
   2.5543740e+06   2.6489258e+01
   2.5544170e+06   3.8085938e+01
   2.5544490e+06   2.5878906e+01
   2.5544840e+06   5.1208496e+01
   2.5544960e+06   3.6987305e+01
   2.5545310e+06   8.4960938e+01
   2.5545420e+06   9.2346191e+01
   2.5545530e+06   3.9978027e+01
   2.5545710e+06   4.5959473e+01
   2.5545890e+06   5.9387207e+01
   2.5546050e+06   2.7709961e+01
   2.5546290e+06   4.4982910e+01
   2.5546420e+06   3.8513184e+01
   2.5546560e+06   2.8869629e+01
   2.5546690e+06   3.6315918e+01
   2.5546870e+06   5.1147461e+01
   2.5547110e+06   6.0058594e+01
   2.5547250e+06   3.1066895e+01
   2.5547350e+06   2.8259277e+01
   2.5547580e+06   6.5490723e+01
   2.5547770e+06   2.8808594e+01
   2.5547890e+06   3.9550781e+01
   2.5548060e+06   3.0395508e+01
   2.5548190e+06   3.3264160e+01
   2.5548550e+06   3.3447266e+01
   2.5548770e+06   4.1809082e+01
   2.5548870e+06   3.7414551e+01
   2.5549180e+06   2.8381348e+01
   2.5549500e+06   2.7465820e+01
   2.5549700e+06   2.9907227e+01
   2.5549880e+06   3.7963867e+01
   2.5550180e+06   3.2775879e+01
   2.5550390e+06   2.9785156e+01
   2.5550500e+06   2.6428223e+01
   2.5550630e+06   3.4973145e+01
   2.5550940e+06   2.7099609e+01
   2.5551120e+06   2.5512695e+01
   2.5552040e+06   2.6306152e+01
   2.5552470e+06   3.2470703e+01
   2.5552830e+06   3.1372070e+01
   2.5553110e+06   3.0212402e+01
   2.5553400e+06   2.8442383e+01
   2.5553580e+06   2.5573730e+01
   2.5553870e+06   2.6916504e+01
   2.5553970e+06   3.9245605e+01
   2.5554230e+06   3.8085938e+01
   2.5554650e+06   2.5573730e+01
   2.5554940e+06   2.9235840e+01
   2.5555290e+06   2.6977539e+01
   2.5555900e+06   2.5451660e+01
   2.5556510e+06   2.9235840e+01
   2.5557260e+06   2.9296875e+01
   2.5558310e+06   2.6611328e+01
   2.5558900e+06   2.5390625e+01
   2.5559000e+06   2.9296875e+01
   2.5559950e+06   2.7770996e+01
   2.5561080e+06   2.6245117e+01
   2.5562330e+06   2.8625488e+01
   2.5565440e+06   2.5634766e+01
   2.5569510e+06   2.7343750e+01
   2.5589740e+06   2.7648926e+01
   2.5735760e+06   2.7343750e+01
   2.5739220e+06   2.9968262e+01
   2.5745080e+06   2.5756836e+01
   2.5754050e+06   2.9357910e+01
   2.5797320e+06   2.5878906e+01
   2.5800660e+06   2.5390625e+01
   2.5803810e+06   2.5451660e+01
   2.5810640e+06   2.7282715e+01
   2.5817780e+06   2.7282715e+01
   2.5821780e+06   2.7709961e+01
   2.5856690e+06   2.7526855e+01
   2.5899450e+06   2.8381348e+01
   2.5915430e+06   2.5878906e+01
   2.5954290e+06   2.5512695e+01
   2.5957650e+06   2.5390625e+01
   2.5960910e+06   2.6550293e+01
   2.6014400e+06   2.8442383e+01
   2.6017700e+06   2.7343750e+01
   2.6033480e+06   2.6000977e+01
   2.6102480e+06   2.7221680e+01
   2.6112290e+06   2.6489258e+01
   2.6119170e+06   2.5817871e+01
   2.6122490e+06   2.7893066e+01
   2.6133610e+06   2.7160645e+01
   2.6137860e+06   3.0639648e+01
   2.6172550e+06   2.6367187e+01
   2.6179260e+06   2.6733398e+01
   2.6197800e+06   3.0700684e+01
   2.6209290e+06   2.6428223e+01
   2.6237570e+06   2.6184082e+01
   2.6241340e+06   2.5817871e+01
   2.6289240e+06   2.9663086e+01
   2.6321390e+06   2.9418945e+01
   2.6398690e+06   2.5634766e+01
   2.6401810e+06   2.7648926e+01
   2.6414740e+06   2.5817871e+01
   2.6500660e+06   2.6367187e+01
   2.6507570e+06   2.6550293e+01
   2.6510940e+06   2.6123047e+01
   2.6606370e+06   2.8198242e+01
   2.6609980e+06   2.7709961e+01
   2.6616580e+06   2.6367188e+01
   2.6631830e+06   2.8259277e+01
   2.6639770e+06   2.7282715e+01
   2.6743250e+06   2.5878906e+01
   2.6749450e+06   2.5390625e+01
   2.6756000e+06   2.6855469e+01
   2.6762940e+06   2.8808594e+01
   2.6832390e+06   2.7465820e+01
   2.6848890e+06   2.5817871e+01
   2.6849880e+06   2.5512695e+01
   2.6850270e+06   3.5705566e+01
   2.6850690e+06   4.9926758e+01
   2.6851000e+06   6.4453125e+01
   2.6851350e+06   7.0251465e+01
   2.6851580e+06   4.1625977e+01
   2.6851750e+06   6.9946289e+01
   2.6851920e+06   3.8330078e+01
   2.6852080e+06   5.7678223e+01
   2.6852360e+06   4.1381836e+01
   2.6852540e+06   4.0222168e+01
   2.6852710e+06   3.2531738e+01
   2.6852880e+06   4.6936035e+01
   2.6853150e+06   5.5969238e+01
   2.6853320e+06   3.0639648e+01
   2.6853430e+06   4.2602539e+01
   2.6853930e+06   3.3935547e+01
   2.6854060e+06   2.8198242e+01
   2.6854360e+06   4.2053223e+01
   2.6854490e+06   2.7954102e+01
   2.6854670e+06   5.0598145e+01
   2.6854770e+06   2.8259277e+01
   2.6855000e+06   4.3151855e+01
   2.6855100e+06   2.7404785e+01
   2.6855660e+06   3.0578613e+01
   2.6855780e+06   3.4301758e+01
   2.6856050e+06   3.0822754e+01
   2.6856500e+06   3.9916992e+01
   2.6856830e+06   3.4179688e+01
   2.6857140e+06   2.7770996e+01
   2.6857340e+06   4.0832520e+01
   2.6857550e+06   2.6733398e+01
   2.6857930e+06   3.3508301e+01
   2.6858410e+06   3.0273438e+01
   2.6858520e+06   4.3212891e+01
   2.6859030e+06   2.7099609e+01
   2.6859450e+06   2.5817871e+01
   2.6859730e+06   3.2836914e+01
   2.6860060e+06   2.7160645e+01
   2.6860230e+06   2.7221680e+01
   2.6860400e+06   2.9418945e+01
   2.6860600e+06   2.8686523e+01
   2.6861810e+06   2.8381348e+01
   2.6862130e+06   2.5512695e+01
   2.6863070e+06   2.7709961e+01
   2.6863360e+06   2.5817871e+01
   2.6863790e+06   2.9418945e+01
   2.6864650e+06   3.0334473e+01
   2.6866230e+06   2.5512695e+01
   2.6866940e+06   2.5451660e+01
   2.6867340e+06   2.5451660e+01
   2.6868250e+06   3.5034180e+01
   2.6868660e+06   2.8076172e+01
   2.6870120e+06   2.5756836e+01
   2.6871200e+06   2.5939941e+01
   2.7082990e+06   2.7832031e+01
   2.7089060e+06   2.5939941e+01
   2.7247200e+06   2.5878906e+01
   2.7250660e+06   2.5451660e+01
   2.7253520e+06   2.7282715e+01
   2.7262420e+06   2.9296875e+01
   2.7344330e+06   2.6000977e+01
   2.7350670e+06   2.7221680e+01
   2.7424540e+06   2.6306152e+01
   2.7434970e+06   2.9174805e+01
   2.7489480e+06   2.7343750e+01
   2.7509240e+06   2.6733398e+01
   2.7579540e+06   2.6855469e+01
   2.7590050e+06   2.7404785e+01
   2.7669010e+06   2.8137207e+01
   2.7676020e+06   2.6184082e+01
   2.7691910e+06   2.7282715e+01
   2.7753350e+06   2.6855469e+01
   2.7759970e+06   3.0883789e+01
   2.7818470e+06   2.7282715e+01
   2.7854390e+06   2.6062012e+01
   2.7921580e+06   2.5756836e+01
   2.8019960e+06   2.5634766e+01
   2.8030910e+06   2.5512695e+01
   2.8086060e+06   2.9663086e+01
   2.8096920e+06   2.6733398e+01
   2.8144990e+06   2.6672363e+01
   2.8151970e+06   2.7038574e+01
   2.8237990e+06   2.5817871e+01
   2.8247300e+06   2.6245117e+01
   2.8311180e+06   2.8076172e+01
   2.8389130e+06   2.7893066e+01
   2.8462600e+06   2.5695801e+01
   2.8605970e+06   2.5756836e+01
   2.8609860e+06   2.5512695e+01
   2.8941940e+06   2.9602051e+01
   2.9061100e+06   2.6855469e+01
   2.9157690e+06   2.5390625e+01
   2.9176240e+06   2.9968262e+01
   2.9267710e+06   2.6123047e+01
   2.9278970e+06   3.1433105e+01
   2.9402630e+06   2.5939941e+01
   2.9528740e+06   2.6550293e+01
   2.9665160e+06   2.6794434e+01
   2.9675490e+06   3.0517578e+01
   2.9686280e+06   2.5390625e+01
   2.9817370e+06   2.7526855e+01
   2.9838780e+06   2.7282715e+01
   2.9980670e+06   2.5451660e+01
   2.9987630e+06   2.6733398e+01
