   3.0000000e+06   0.0000000e+00
   1.8760000e+03   1.9165039e+01
   6.9276000e+04   1.8920898e+01
   4.9384700e+05   2.6489258e+01
   4.9392300e+05   1.9287109e+01
   4.9396200e+05   2.8381348e+01
   4.9398100e+05   2.3132324e+01
   4.9400200e+05   3.0761719e+01
   4.9401300e+05   3.3081055e+01
   4.9403200e+05   3.2409668e+01
   4.9404200e+05   1.9653320e+01
   4.9406200e+05   6.2744141e+01
   4.9407800e+05   3.9306641e+01
   4.9409700e+05   2.1240234e+01
   4.9411600e+05   3.0456543e+01
   4.9412900e+05   2.1972656e+01
   4.9414200e+05   3.3203125e+01
   4.9416900e+05   2.4475098e+01
   4.9418400e+05   2.5512695e+01
   4.9423500e+05   2.6916504e+01
   4.9428100e+05   2.8808594e+01
   4.9431600e+05   2.3620605e+01
   4.9432600e+05   2.7404785e+01
   4.9434400e+05   2.2766113e+01
   4.9436200e+05   2.2888184e+01
   4.9437700e+05   3.7231445e+01
   4.9441200e+05   2.7770996e+01
   4.9449000e+05   2.3315430e+01
   4.9456500e+05   1.9287109e+01
   4.9458800e+05   2.2460938e+01
   4.9460400e+05   2.6672363e+01
   4.9465000e+05   2.0446777e+01
   4.9467600e+05   2.3254395e+01
   4.9469800e+05   1.9348145e+01
   4.9471700e+05   3.4301758e+01
   4.9474600e+05   2.3193359e+01
   4.9478200e+05   2.2399902e+01
   4.9482500e+05   1.8981934e+01
   4.9483700e+05   1.9592285e+01
   4.9486300e+05   2.4047852e+01
   4.9490200e+05   2.2094727e+01
   4.9493500e+05   2.9052734e+01
   4.9496100e+05   2.2155762e+01
   4.9497400e+05   2.5268555e+01
   4.9498500e+05   2.3864746e+01
   4.9501800e+05   2.4169922e+01
   4.9506300e+05   2.1728516e+01
   4.9509300e+05   2.0202637e+01
   4.9511800e+05   2.3620605e+01
   4.9515200e+05   2.1850586e+01
   4.9519700e+05   3.0334473e+01
   4.9522000e+05   2.0324707e+01
   4.9523600e+05   2.3376465e+01
   4.9527800e+05   2.4719238e+01
   4.9534600e+05   2.0629883e+01
   4.9538600e+05   2.0507812e+01
   4.9540000e+05   2.2888184e+01
   4.9553800e+05   2.0446777e+01
   4.9561500e+05   3.2470703e+01
   4.9563700e+05   2.3315430e+01
   4.9572000e+05   1.8981934e+01
   4.9574800e+05   1.9470215e+01
   4.9581800e+05   2.0751953e+01
   4.9586900e+05   1.9897461e+01
   4.9593900e+05   1.9653320e+01
   4.9598800e+05   2.1667480e+01
   4.9610300e+05   2.6855469e+01
   4.9618000e+05   1.9470215e+01
   4.9619800e+05   2.2888184e+01
   4.9627800e+05   1.9042969e+01
   4.9657100e+05   2.1972656e+01
   4.9663100e+05   1.9531250e+01
   4.9670000e+05   2.2644043e+01
   4.9677100e+05   2.0141602e+01
   4.9683300e+05   1.8798828e+01
   4.9690200e+05   2.0568848e+01
   4.9754700e+05   2.1545410e+01
   4.9795400e+05   2.2521973e+01
   4.9813200e+05   2.2827148e+01
   4.9850100e+05   2.0202637e+01
   4.9872500e+05   1.9714355e+01
   5.0001300e+05   2.0385742e+01
   5.0094200e+05   2.0446777e+01
   5.0183200e+05   2.1789551e+01
   5.0222100e+05   2.0874023e+01
   5.0838900e+05   2.2216797e+01
   5.0918000e+05   1.9348145e+01
   5.1140000e+05   2.6306152e+01
   5.1254400e+05   1.9226074e+01
   5.1315900e+05   1.9958496e+01
   5.1340800e+05   2.4108887e+01
   5.1383700e+05   1.9958496e+01
   5.1412600e+05   2.5329590e+01
   5.1446600e+05   2.0202637e+01
   5.1573400e+05   2.2521973e+01
   5.1605200e+05   2.0690918e+01
   5.1668000e+05   2.1118164e+01
   5.1712300e+05   2.8686523e+01
   5.1748500e+05   1.8981934e+01
   5.1795700e+05   1.8798828e+01
   5.1925500e+05   1.9897461e+01
   5.1972700e+05   1.8737793e+01
   5.2163700e+05   1.8737793e+01
   5.2309200e+05   2.3315430e+01
   5.2350400e+05   2.0141602e+01
   5.2441600e+05   1.9470215e+01
   5.2494300e+05   2.0874023e+01
   5.2530500e+05   2.3986816e+01
   5.2738500e+05   1.8798828e+01
   5.2786800e+05   1.9226074e+01
   5.2832300e+05   1.8737793e+01
   5.2906300e+05   2.1118164e+01
   5.2980200e+05   2.3925781e+01
   5.3030500e+05   2.0324707e+01
   5.3072000e+05   2.0202637e+01
   5.3144500e+05   2.0446777e+01
   5.3201700e+05   2.0263672e+01
   5.3250600e+05   2.3254395e+01
   5.3282200e+05   2.1850586e+01
   5.3384300e+05   2.0629883e+01
   5.3418900e+05   2.0202637e+01
   5.3570900e+05   2.1118164e+01
   5.3663100e+05   2.0263672e+01
   5.3790700e+05   2.0141602e+01
   5.3847700e+05   1.8737793e+01
   5.3933500e+05   2.1484375e+01
   5.3967900e+05   1.9287109e+01
   5.4009500e+05   2.0019531e+01
   5.4158100e+05   1.9104004e+01
   5.4208600e+05   1.9775391e+01
   5.4296700e+05   1.9165039e+01
   5.4380100e+05   1.9348145e+01
   5.4511800e+05   2.1911621e+01
   5.4581200e+05   1.9836426e+01
   5.4621800e+05   1.9775391e+01
   5.4751300e+05   2.3315430e+01
   5.4804000e+05   2.3071289e+01
   5.4857500e+05   1.9226074e+01
   5.4913300e+05   1.9531250e+01
   5.5004400e+05   2.2460938e+01
   5.5117400e+05   1.9531250e+01
   5.5170700e+05   1.8737793e+01
   5.5255000e+05   1.9287109e+01
   5.5317500e+05   2.1362305e+01
   5.5356000e+05   1.9775391e+01
   5.5433700e+05   2.0751953e+01
   5.5509200e+05   2.2216797e+01
   5.5535500e+05   2.0019531e+01
   5.5608700e+05   2.0324707e+01
   5.5657400e+05   1.9287109e+01
   5.5694100e+05   2.2155762e+01
   5.5760300e+05   2.2705078e+01
   5.5814600e+05   1.8737793e+01
   5.5865800e+05   2.2155762e+01
   5.5935400e+05   1.9409180e+01
   5.6178400e+05   1.8737793e+01
   5.6222000e+05   2.1484375e+01
   5.6330100e+05   2.0324707e+01
   5.6390300e+05   2.1240234e+01
   5.6494400e+05   2.0874023e+01
   5.6532800e+05   1.9042969e+01
   5.6708400e+05   2.2033691e+01
   5.6855500e+05   2.3498535e+01
   5.6907200e+05   2.1240234e+01
   5.6943200e+05   2.4414062e+01
   5.6999200e+05   2.0690918e+01
   5.7027700e+05   2.0568848e+01
   5.7112900e+05   2.1423340e+01
   5.7273800e+05   2.2338867e+01
   5.7334500e+05   2.3681641e+01
   5.7772200e+05   2.0385742e+01
   5.7836300e+05   2.0751953e+01
   5.7954400e+05   2.3681641e+01
   5.7976200e+05   1.9653320e+01
   5.8199600e+05   1.9714355e+01
   5.8274900e+05   1.8798828e+01
   5.8311100e+05   1.9409180e+01
   5.8319600e+05   1.8981934e+01
   5.8322000e+05   3.0334473e+01
   5.8324900e+05   1.9409180e+01
   5.8330000e+05   2.0263672e+01
   5.8336200e+05   2.3010254e+01
   5.8339300e+05   4.2297363e+01
   5.8342100e+05   3.0944824e+01
   5.8345400e+05   3.0517578e+01
   5.8347000e+05   3.2165527e+01
   5.8348300e+05   2.6123047e+01
   5.8350400e+05   3.4484863e+01
   5.8353600e+05   4.5593262e+01
   5.8355800e+05   3.3447266e+01
   5.8359000e+05   3.6376953e+01
   5.8360500e+05   2.1301270e+01
   5.8362600e+05   2.8564453e+01
   5.8363800e+05   2.8747559e+01
   5.8367000e+05   3.1127930e+01
   5.8369100e+05   2.3620605e+01
   5.8371800e+05   2.7954102e+01
   5.8373000e+05   2.6062012e+01
   5.8374700e+05   1.9531250e+01
   5.8376200e+05   2.8076172e+01
   5.8378400e+05   2.6611328e+01
   5.8382900e+05   1.9592285e+01
   5.8385400e+05   2.0202637e+01
   5.8393000e+05   2.6123047e+01
   5.8396400e+05   1.9348145e+01
   5.8399900e+05   2.2033691e+01
   5.8401400e+05   1.9775391e+01
   5.8403600e+05   2.7404785e+01
   5.8406200e+05   1.9897461e+01
   5.8409300e+05   2.2460938e+01
   5.8410700e+05   1.9714355e+01
   5.8414500e+05   2.1362305e+01
   5.8416700e+05   2.1850586e+01
   5.8418500e+05   2.5146484e+01
   5.8421800e+05   2.0141602e+01
   5.8425500e+05   2.2399902e+01
   5.8430600e+05   2.5756836e+01
   5.8435200e+05   2.6855469e+01
   5.8436300e+05   1.8859863e+01
   5.8439800e+05   2.5573730e+01
   5.8441400e+05   1.8737793e+01
   5.8447100e+05   2.3803711e+01
   5.8453500e+05   1.8920898e+01
   5.8455900e+05   1.9592285e+01
   5.8459100e+05   1.9470215e+01
   5.8463800e+05   2.3742676e+01
   5.8475300e+05   2.5573730e+01
   5.8479100e+05   2.4108887e+01
   5.8482100e+05   2.6977539e+01
   5.8486600e+05   2.1850586e+01
   5.8490000e+05   2.0141602e+01
   5.8498700e+05   2.4047852e+01
   5.8502600e+05   2.2399902e+01
   5.8505600e+05   1.9226074e+01
   5.8510400e+05   2.1179199e+01
   5.8511800e+05   1.9226074e+01
   5.8512900e+05   2.0019531e+01
   5.8520300e+05   1.9470215e+01
   5.8553100e+05   2.2827148e+01
   5.8574900e+05   2.0019531e+01
   5.8576700e+05   2.0935059e+01
   5.8580800e+05   1.8981934e+01
   5.8584700e+05   2.2644043e+01
   5.8594300e+05   2.2338867e+01
   5.8601600e+05   2.0568848e+01
   5.8606500e+05   1.8737793e+01
   5.8615400e+05   2.0996094e+01
   5.8617800e+05   2.0568848e+01
   5.8619700e+05   2.0080566e+01
   5.8629000e+05   2.0629883e+01
   5.8639000e+05   1.9042969e+01
   5.8652500e+05   2.2766113e+01
   5.8660300e+05   2.1606445e+01
   5.8677700e+05   1.9653320e+01
   5.8691600e+05   2.2766113e+01
   5.8694100e+05   2.1240234e+01
   5.8697900e+05   2.8808594e+01
   5.8789200e+05   2.2521973e+01
   5.8803200e+05   1.8859863e+01
   5.8810000e+05   2.1728516e+01
   5.8830600e+05   1.9714355e+01
   5.8840100e+05   2.0141602e+01
   5.8856100e+05   1.9226074e+01
   5.8872900e+05   2.0507812e+01
   5.8931500e+05   1.9226074e+01
   5.8946100e+05   2.1118164e+01
   5.8955900e+05   2.0019531e+01
   5.8959700e+05   1.9897461e+01
   5.8984300e+05   2.1362305e+01
   5.9009800e+05   1.9470215e+01
   5.9058700e+05   1.9531250e+01
   5.9067800e+05   2.0019531e+01
   5.9077500e+05   2.1179199e+01
   5.9091500e+05   2.0385742e+01
   5.9153200e+05   2.0568848e+01
   5.9161600e+05   1.9165039e+01
   5.9190700e+05   2.2827148e+01
   5.9261000e+05   1.9531250e+01
   5.9272300e+05   2.0019531e+01
   5.9301100e+05   2.1301270e+01
   5.9312300e+05   2.1606445e+01
   5.9335500e+05   2.2277832e+01
   5.9343900e+05   1.9042969e+01
   5.9358800e+05   2.0141602e+01
   5.9391400e+05   2.0507812e+01
   5.9402200e+05   2.1850586e+01
   5.9424300e+05   1.9531250e+01
   5.9433300e+05   2.3010254e+01
   5.9443000e+05   1.9348145e+01
   5.9454300e+05   2.2949219e+01
   5.9472300e+05   1.8859863e+01
   5.9482500e+05   2.0324707e+01
   5.9514200e+05   2.4841309e+01
   5.9565400e+05   2.0507812e+01
   5.9643300e+05   1.9775391e+01
   5.9652800e+05   2.2216797e+01
   5.9662100e+05   2.0080566e+01
   5.9673600e+05   2.0568848e+01
   5.9682700e+05   1.8981934e+01
   5.9694100e+05   2.1179199e+01
   5.9703600e+05   1.8920898e+01
   5.9713800e+05   1.9348145e+01
   5.9722700e+05   2.1240234e+01
   5.9743000e+05   1.9958496e+01
   5.9761700e+05   1.9714355e+01
   5.9783300e+05   2.0874023e+01
   5.9813100e+05   2.0019531e+01
   5.9835100e+05   2.0568848e+01
   5.9845200e+05   1.9104004e+01
   5.9856000e+05   2.2216797e+01
   5.9866200e+05   1.9104004e+01
   5.9888300e+05   2.0202637e+01
   5.9911500e+05   2.0202637e+01
   5.9921400e+05   2.4475098e+01
   5.9941400e+05   1.8859863e+01
   5.9954400e+05   2.1667480e+01
   5.9969200e+05   2.0935059e+01
   5.9991300e+05   1.9226074e+01
   6.0023900e+05   2.0874023e+01
   6.0046600e+05   2.1362305e+01
   6.0062300e+05   2.0690918e+01
   6.0075200e+05   2.2216797e+01
   6.0085200e+05   2.0935059e+01
   6.0109300e+05   2.0141602e+01
   6.0121200e+05   2.0202637e+01
   6.0142100e+05   1.8920898e+01
   6.0153000e+05   2.0080566e+01
   6.0174600e+05   1.8798828e+01
   6.0186200e+05   1.9165039e+01
   6.0219900e+05   2.1484375e+01
   6.0240200e+05   1.8920898e+01
   6.0254300e+05   1.9714355e+01
   6.0266600e+05   1.8737793e+01
   6.0278300e+05   2.3071289e+01
   6.0308900e+05   1.8981934e+01
   6.0344000e+05   2.0080566e+01
   6.0354900e+05   2.4414062e+01
   6.0366900e+05   2.0080566e+01
   6.0377700e+05   2.2949219e+01
   6.0401200e+05   1.9226074e+01
   6.0413400e+05   2.4475098e+01
   6.0436800e+05   1.9409180e+01
   6.0461600e+05   1.8859863e+01
   6.0473700e+05   2.1484375e+01
   6.0497700e+05   2.1728516e+01
   6.0510600e+05   2.1362305e+01
   6.0523800e+05   2.0874023e+01
   6.0601000e+05   1.9714355e+01
   6.0668800e+05   1.8859863e+01
   6.0708800e+05   2.0263672e+01
   6.0722300e+05   1.9653320e+01
   6.0737800e+05   2.1972656e+01
   6.0766600e+05   2.0263672e+01
   6.0792500e+05   1.9409180e+01
   6.0822000e+05   1.9714355e+01
   6.0835700e+05   2.1240234e+01
   6.0851500e+05   1.9470215e+01
   6.0882100e+05   2.1179199e+01
   6.0897400e+05   1.9104004e+01
   6.0912600e+05   1.9836426e+01
   6.0944100e+05   2.3620605e+01
   6.0976900e+05   2.0080566e+01
   6.1040300e+05   2.0141602e+01
   6.1056100e+05   2.2094727e+01
   6.1074100e+05   2.1728516e+01
   6.1092700e+05   2.0324707e+01
   6.1110000e+05   2.3498535e+01
   6.1143200e+05   2.3376465e+01
   6.1159500e+05   1.8920898e+01
   6.1193500e+05   2.3071289e+01
   6.1210000e+05   1.9470215e+01
   6.1226500e+05   2.0446777e+01
   6.1247200e+05   2.0629883e+01
   6.1279200e+05   2.0080566e+01
   6.1298800e+05   1.8737793e+01
   6.1316500e+05   2.3986816e+01
   6.1335900e+05   1.9042969e+01
   6.1433200e+05   2.0935059e+01
   6.1477100e+05   1.8920898e+01
   6.1502500e+05   1.9897461e+01
   6.1511900e+05   1.8798828e+01
   6.1533300e+05   2.2155762e+01
   6.1578800e+05   1.9348145e+01
   6.1662900e+05   1.8859863e+01
   6.1707000e+05   2.1118164e+01
   6.1726200e+05   2.0874023e+01
   6.1797900e+05   1.9531250e+01
   6.1816800e+05   2.0385742e+01
   6.1934000e+05   2.0996094e+01
   6.1954000e+05   2.5024414e+01
   6.1978100e+05   1.9165039e+01
   6.1999800e+05   2.1667480e+01
   6.2027600e+05   2.1118164e+01
   6.2079700e+05   2.0629883e+01
   6.2100400e+05   2.0324707e+01
   6.2121300e+05   2.0874023e+01
   6.2145400e+05   2.1362305e+01
   6.2192500e+05   1.9531250e+01
   6.2246500e+05   2.0446777e+01
   6.2293500e+05   2.0751953e+01
   6.2321100e+05   1.8920898e+01
   6.2330400e+05   1.9958496e+01
   6.2362800e+05   2.0996094e+01
   6.2393800e+05   2.0507812e+01
   6.2419500e+05   2.0324707e+01
   6.2523900e+05   2.3254395e+01
   6.2612000e+05   2.2094727e+01
   6.2637900e+05   2.1484375e+01
   6.2659100e+05   2.0935059e+01
   6.2688500e+05   1.9409180e+01
   6.2706700e+05   2.2155762e+01
   6.2758900e+05   1.9897461e+01
   6.2789600e+05   1.9836426e+01
   6.2804200e+05   1.9042969e+01
   6.2830700e+05   1.9653320e+01
   6.2860300e+05   1.8798828e+01
   6.2906600e+05   1.9287109e+01
   6.2934500e+05   2.0629883e+01
   6.2953600e+05   2.2521973e+01
   6.2979100e+05   2.1789551e+01
   6.3002300e+05   1.9226074e+01
   6.3059000e+05   2.2155762e+01
   6.3087200e+05   2.0751953e+01
   6.3111700e+05   2.1911621e+01
   6.3139700e+05   2.1423340e+01
   6.3167300e+05   1.9775391e+01
   6.3239400e+05   1.9592285e+01
   6.3258700e+05   2.3437500e+01
   6.3285800e+05   2.0202637e+01
   6.3310700e+05   2.0446777e+01
   6.3368000e+05   2.0385742e+01
   6.3394300e+05   1.9592285e+01
   6.3420100e+05   2.2155762e+01
   6.3448300e+05   1.9104004e+01
   6.3470200e+05   1.9348145e+01
   6.3496700e+05   2.1118164e+01
   6.3520700e+05   1.8859863e+01
   6.3546100e+05   2.1667480e+01
   6.3630000e+05   2.0141602e+01
   6.3684800e+05   1.9592285e+01
   6.3756200e+05   1.8737793e+01
   6.3837500e+05   1.9531250e+01
   6.3893300e+05   1.9653320e+01
   6.3950200e+05   2.1728516e+01
   6.4005100e+05   2.1789551e+01
   6.4023200e+05   2.3498535e+01
   6.4049400e+05   1.8798828e+01
   6.4118800e+05   1.9714355e+01
   6.4147400e+05   1.9653320e+01
   6.4176200e+05   2.0080566e+01
   6.4247200e+05   2.2277832e+01
   6.4268200e+05   1.9409180e+01
   6.4352600e+05   1.8981934e+01
   6.4403500e+05   1.9531250e+01
   6.4457500e+05   2.0141602e+01
   6.4532600e+05   1.9470215e+01
   6.4560000e+05   2.0629883e+01
   6.4612100e+05   1.9104004e+01
   6.4681100e+05   2.1545410e+01
   6.4708800e+05   1.9836426e+01
   6.4737100e+05   2.1972656e+01
   6.4787900e+05   1.9226074e+01
   6.4808500e+05   1.9653320e+01
   6.4837700e+05   2.2644043e+01
   6.4857800e+05   1.9042969e+01
   6.4897100e+05   1.9958496e+01
   6.4925500e+05   2.0874023e+01
   6.4970300e+05   1.8920898e+01
   6.4995100e+05   1.9042969e+01
   6.5019100e+05   1.9287109e+01
   6.5072100e+05   2.0202637e+01
   6.5092200e+05   2.1911621e+01
   6.5117500e+05   2.0263672e+01
   6.5170300e+05   2.0385742e+01
   6.5183200e+05   1.9653320e+01
   6.5210600e+05   2.3864746e+01
   6.5260600e+05   1.8859863e+01
   6.5283800e+05   1.8981934e+01
   6.5308800e+05   2.0324707e+01
   6.5332500e+05   2.0019531e+01
   6.5358900e+05   1.9531250e+01
   6.5383200e+05   1.9348145e+01
   6.5429900e+05   1.9836426e+01
   6.5478000e+05   2.0080566e+01
   6.5489000e+05   1.9287109e+01
   6.5517400e+05   2.0507812e+01
   6.5544800e+05   1.9714355e+01
   6.5568600e+05   2.1240234e+01
   6.5614500e+05   1.9470215e+01
   6.5680200e+05   2.0568848e+01
   6.5706200e+05   2.3681641e+01
   6.5758300e+05   2.2949219e+01
   6.5785300e+05   2.0141602e+01
   6.5812300e+05   1.9531250e+01
   6.5837100e+05   1.9042969e+01
   6.5885300e+05   2.0996094e+01
   6.5959600e+05   2.1240234e+01
   6.5986700e+05   1.9775391e+01
   6.6102800e+05   2.0568848e+01
   6.6125200e+05   1.8859863e+01
   6.6150400e+05   2.1362305e+01
   6.6174700e+05   1.9653320e+01
   6.6197500e+05   2.0080566e+01
   6.6222400e+05   1.9653320e+01
   6.6246900e+05   2.1484375e+01
   6.6353800e+05   1.9287109e+01
   6.6379100e+05   1.8859863e+01
   6.6405900e+05   1.9042969e+01
   6.6430500e+05   2.0812988e+01
   6.6454700e+05   1.9104004e+01
   6.6504100e+05   2.1606445e+01
   6.6529100e+05   2.1850586e+01
   6.6557200e+05   2.0263672e+01
   6.6606700e+05   1.9836426e+01
   6.6632500e+05   2.0263672e+01
   6.6681900e+05   1.9165039e+01
   6.6707800e+05   2.0996094e+01
   6.6784400e+05   2.0263672e+01
   6.6892000e+05   2.4291992e+01
   6.6912500e+05   1.9836426e+01
   6.6992500e+05   2.4169922e+01
   6.7046400e+05   2.1972656e+01
   6.7071100e+05   1.9287109e+01
   6.7122000e+05   2.1972656e+01
   6.7143200e+05   2.0263672e+01
   6.7286500e+05   2.2094727e+01
   6.7310200e+05   1.9042969e+01
   6.7364900e+05   1.9042969e+01
   6.7390600e+05   1.9409180e+01
   6.7417700e+05   1.9165039e+01
   6.7443300e+05   2.0202637e+01
   6.7472600e+05   1.9897461e+01
   6.7493800e+05   2.0935059e+01
   6.7519500e+05   1.9042969e+01
   6.7543100e+05   2.2583008e+01
   6.7589000e+05   2.1057129e+01
   6.7635600e+05   2.3132324e+01
   6.7661700e+05   1.9409180e+01
   6.7686300e+05   1.9470215e+01
   6.7712200e+05   2.1240234e+01
   6.7739700e+05   2.2033691e+01
   6.7765400e+05   2.7221680e+01
   6.7812500e+05   2.0385742e+01
   6.7839500e+05   1.9897461e+01
   6.7912700e+05   2.0690918e+01
   6.7939100e+05   2.3620605e+01
   6.7963500e+05   1.9104004e+01
   6.7991800e+05   2.0690918e+01
   6.8017900e+05   1.9409180e+01
   6.8040300e+05   2.1972656e+01
   6.8067200e+05   1.9042969e+01
   6.8094500e+05   1.9897461e+01
   6.8146600e+05   2.1789551e+01
   6.8174000e+05   2.0812988e+01
   6.8198700e+05   1.9653320e+01
   6.8249700e+05   1.9653320e+01
   6.8274900e+05   2.0141602e+01
   6.8300400e+05   2.0324707e+01
   6.8327000e+05   2.0935059e+01
   6.8353000e+05   2.2583008e+01
   6.8378300e+05   2.3254395e+01
   6.8430200e+05   2.1057129e+01
   6.8455500e+05   1.9042969e+01
   6.8481900e+05   1.8737793e+01
   6.8564000e+05   2.1057129e+01
   6.8612100e+05   1.8981934e+01
   6.8642100e+05   1.8737793e+01
   6.8687900e+05   2.1484375e+01
   6.8717900e+05   1.9592285e+01
   6.8802000e+05   1.9592285e+01
   6.8825900e+05   1.9653320e+01
   6.8959600e+05   2.0263672e+01
   6.8984600e+05   1.9104004e+01
   6.9088500e+05   1.8920898e+01
   6.9117200e+05   2.1728516e+01
   6.9144900e+05   1.8920898e+01
   6.9170800e+05   1.9348145e+01
   6.9197500e+05   2.5024414e+01
   6.9251300e+05   1.9348145e+01
   6.9279600e+05   1.9531250e+01
   6.9381300e+05   2.1667480e+01
   6.9409100e+05   1.9775391e+01
   6.9433400e+05   1.8859863e+01
   6.9458700e+05   2.1423340e+01
   6.9484500e+05   1.9409180e+01
   6.9538600e+05   2.0629883e+01
   6.9567700e+05   1.8798828e+01
   6.9598900e+05   1.8859863e+01
   6.9625500e+05   2.2277832e+01
   6.9683100e+05   1.9714355e+01
   6.9765300e+05   2.1057129e+01
   6.9787200e+05   1.9714355e+01
   6.9814000e+05   2.1728516e+01
   6.9842800e+05   1.9958496e+01
   6.9871300e+05   1.9592285e+01
   6.9901400e+05   1.8798828e+01
   6.9931400e+05   2.1118164e+01
   6.9986300e+05   2.0080566e+01
   7.0013400e+05   2.1850586e+01
   7.0067200e+05   2.0690918e+01
   7.0092200e+05   1.9409180e+01
   7.0119100e+05   2.2705078e+01
   7.0146300e+05   1.9042969e+01
   7.0175300e+05   2.0202637e+01
   7.0203000e+05   1.9165039e+01
   7.0229600e+05   1.9897461e+01
   7.0261000e+05   2.2155762e+01
   7.0322600e+05   2.1423340e+01
   7.0377200e+05   2.2888184e+01
   7.0406300e+05   2.0141602e+01
   7.0465900e+05   1.9470215e+01
   7.0494100e+05   1.9653320e+01
   7.0549000e+05   1.9836426e+01
   7.0575700e+05   1.9042969e+01
   7.0601600e+05   1.9226074e+01
   7.0625700e+05   1.8798828e+01
   7.0657700e+05   2.4108887e+01
   7.0686300e+05   2.1301270e+01
   7.0797900e+05   1.8737793e+01
   7.0855100e+05   2.0568848e+01
   7.0885000e+05   2.0690918e+01
   7.0970100e+05   1.8981934e+01
   7.0996600e+05   2.3925781e+01
   7.1026000e+05   2.0812988e+01
   7.1054600e+05   2.1728516e+01
   7.1086200e+05   1.9775391e+01
   7.1147900e+05   1.8737793e+01
   7.1233600e+05   1.9165039e+01
   7.1263500e+05   1.9531250e+01
   7.1295100e+05   1.8981934e+01
   7.1326200e+05   2.0019531e+01
   7.1381700e+05   1.9165039e+01
   7.1442300e+05   2.4536133e+01
   7.1469300e+05   1.9775391e+01
   7.1530900e+05   1.9958496e+01
   7.1556900e+05   1.8737793e+01
   7.1585600e+05   1.8981934e+01
   7.1615600e+05   1.9592285e+01
   7.1647200e+05   2.1850586e+01
   7.1677900e+05   1.8859863e+01
   7.1708300e+05   2.0874023e+01
   7.1737000e+05   2.3193359e+01
   7.1766600e+05   1.9104004e+01
   7.1793500e+05   2.1423340e+01
   7.1821400e+05   1.9104004e+01
   7.1883200e+05   2.1545410e+01
   7.1972000e+05   1.8859863e+01
   7.2000300e+05   2.2521973e+01
   7.2090400e+05   2.0996094e+01
   7.2202000e+05   1.8981934e+01
   7.2259800e+05   2.0202637e+01
   7.2323100e+05   2.0874023e+01
   7.2355000e+05   1.9287109e+01
   7.2387700e+05   2.3132324e+01
   7.2416200e+05   2.1911621e+01
   7.2447200e+05   2.0751953e+01
   7.2507900e+05   2.1362305e+01
   7.2540200e+05   1.8798828e+01
   7.2568700e+05   1.8798828e+01
   7.2599700e+05   1.9897461e+01
   7.2628500e+05   2.0446777e+01
   7.2647300e+05   2.1362305e+01
   7.2742600e+05   2.1118164e+01
   7.2771800e+05   2.2277832e+01
   7.2831900e+05   2.0019531e+01
   7.2864200e+05   1.9287109e+01
   7.2924900e+05   1.9226074e+01
   7.2991100e+05   2.0629883e+01
   7.3023800e+05   2.1362305e+01
   7.3087500e+05   2.0935059e+01
   7.3118700e+05   1.9470215e+01
   7.3153500e+05   2.0874023e+01
   7.3264900e+05   1.9531250e+01
   7.3298800e+05   1.9958496e+01
   7.3335800e+05   2.1240234e+01
   7.3370300e+05   1.9104004e+01
   7.3403100e+05   1.9592285e+01
   7.3456600e+05   1.8859863e+01
   7.3490100e+05   1.8981934e+01
   7.3523000e+05   1.8920898e+01
   7.3566300e+05   1.9409180e+01
   7.3634800e+05   1.9653320e+01
   7.3670300e+05   2.0690918e+01
   7.3741400e+05   2.1789551e+01
   7.3768700e+05   2.1789551e+01
   7.3806200e+05   2.0812988e+01
   7.3828000e+05   1.9653320e+01
   7.3970500e+05   1.9287109e+01
   7.3992900e+05   1.8798828e+01
   7.4066800e+05   1.9714355e+01
   7.4097900e+05   1.8859863e+01
   7.4174700e+05   2.0019531e+01
   7.4225400e+05   1.8920898e+01
   7.4294000e+05   1.9226074e+01
   7.4332300e+05   1.8920898e+01
   7.4370400e+05   1.8981934e+01
   7.4402000e+05   1.9348145e+01
   7.4434500e+05   2.3254395e+01
   7.4461000e+05   1.9042969e+01
   7.4535400e+05   1.9958496e+01
   7.4568700e+05   1.9714355e+01
   7.4636800e+05   1.8737793e+01
   7.4669500e+05   1.9897461e+01
   7.4694800e+05   1.9653320e+01
   7.4738600e+05   1.8859863e+01
   7.4780000e+05   1.8798828e+01
   7.4822900e+05   2.0446777e+01
   7.4858100e+05   1.9287109e+01
   7.4922600e+05   2.0202637e+01
   7.4979100e+05   2.1545410e+01
   7.5024200e+05   2.0385742e+01
   7.5196900e+05   2.0080566e+01
   7.5235400e+05   2.1667480e+01
   7.5344500e+05   1.9653320e+01
   7.5385500e+05   2.2521973e+01
   7.5456300e+05   2.3803711e+01
   7.5517800e+05   1.9287109e+01
   7.5558400e+05   2.0812988e+01
   7.5615600e+05   2.0202637e+01
   7.5713600e+05   1.9226074e+01
   7.5754600e+05   1.8981934e+01
   7.5792600e+05   2.0446777e+01
   7.5901200e+05   1.9775391e+01
   7.6104900e+05   2.0019531e+01
   7.6150200e+05   2.0019531e+01
   7.6184300e+05   1.9653320e+01
   7.6267000e+05   1.9470215e+01
   7.6313400e+05   2.0202637e+01
   7.6393800e+05   1.8798828e+01
   7.6441500e+05   1.8981934e+01
   7.6566600e+05   1.9287109e+01
   7.6606600e+05   1.9958496e+01
   7.6682300e+05   2.0446777e+01
   7.6709900e+05   1.9592285e+01
   7.6829600e+05   2.0812988e+01
   7.6905300e+05   1.9714355e+01
   7.6951100e+05   1.9104004e+01
   7.6988300e+05   1.9592285e+01
   7.7116400e+05   1.9470215e+01
   7.7165600e+05   2.0385742e+01
   7.7207800e+05   1.9287109e+01
   7.7243600e+05   1.8981934e+01
   7.7282800e+05   1.9531250e+01
   7.7431500e+05   2.0629883e+01
   7.7562000e+05   1.8920898e+01
   7.7606600e+05   2.1667480e+01
   7.7648000e+05   1.9165039e+01
   7.7751700e+05   2.0690918e+01
   7.7808200e+05   2.0324707e+01
   7.7863000e+05   1.9653320e+01
   7.7919100e+05   1.9409180e+01
   7.7944600e+05   2.0080566e+01
   7.7989900e+05   2.1362305e+01
   7.8058100e+05   2.0385742e+01
   7.8287300e+05   1.9287109e+01
   7.8331000e+05   2.0263672e+01
   7.8467200e+05   2.1240234e+01
   7.8508300e+05   1.9531250e+01
   7.8571700e+05   2.0874023e+01
   7.8610400e+05   2.1118164e+01
   7.8765200e+05   2.0385742e+01
   7.8812600e+05   2.0568848e+01
   7.8853800e+05   2.0568848e+01
   7.8900100e+05   1.9409180e+01
   7.9049700e+05   2.1362305e+01
   7.9218900e+05   2.2033691e+01
   7.9274300e+05   1.9592285e+01
   7.9323800e+05   1.9897461e+01
   7.9444900e+05   1.8859863e+01
   7.9582400e+05   1.9287109e+01
   7.9624800e+05   2.1179199e+01
   7.9671300e+05   2.0507813e+01
   7.9718400e+05   1.9409180e+01
   7.9955400e+05   1.8859863e+01
   8.0071800e+05   2.0996094e+01
   8.0138800e+05   2.1606445e+01
   8.0180900e+05   2.0324707e+01
   8.0236900e+05   2.1606445e+01
   8.0293800e+05   1.9836426e+01
   8.0464000e+05   2.0935059e+01
   8.0494600e+05   1.9226074e+01
   8.0520400e+05   1.9165039e+01
   8.0652200e+05   1.9165039e+01
   8.0907000e+05   1.9836426e+01
   8.1003600e+05   2.0751953e+01
   8.1221100e+05   1.8920898e+01
   8.1370000e+05   2.0996094e+01
   8.1524100e+05   2.0202637e+01
   8.1567500e+05   2.0874023e+01
   8.1619600e+05   1.9226074e+01
   8.1666200e+05   2.1057129e+01
   8.1938600e+05   2.0080566e+01
   8.1986000e+05   2.0019531e+01
   8.2177300e+05   1.9409180e+01
   8.2224100e+05   2.2216797e+01
   8.2328700e+05   2.1606445e+01
   8.2389900e+05   2.0568848e+01
   8.2453500e+05   2.1606445e+01
   8.2547400e+05   2.0629883e+01
   8.2613300e+05   1.8737793e+01
   8.2685100e+05   1.8737793e+01
   8.2869300e+05   2.2033691e+01
   8.3411200e+05   2.0080566e+01
   8.3458600e+05   1.9165039e+01
   8.3578000e+05   1.9714355e+01
   8.3967100e+05   1.9042969e+01
   8.4128800e+05   2.1545410e+01
   8.4201000e+05   1.8981934e+01
   8.4264900e+05   2.0690918e+01
   8.4384700e+05   2.1362305e+01
   8.4543600e+05   1.9775391e+01
   8.4847700e+05   1.9653320e+01
   8.4924900e+05   2.0629883e+01
   8.5194900e+05   2.0202637e+01
   8.5395400e+05   1.9409180e+01
   8.5439500e+05   1.8737793e+01
   8.6025500e+05   2.2949219e+01
   8.6204800e+05   1.9775391e+01
   8.6344300e+05   2.0080566e+01
   8.6563500e+05   2.3071289e+01
   8.6975600e+05   1.9897461e+01
   8.7161000e+05   2.1789551e+01
   8.7527100e+05   1.9958496e+01
   8.7620100e+05   2.1911621e+01
   8.7916300e+05   1.9409180e+01
   8.8485000e+05   2.2644043e+01
   8.8620600e+05   2.0629883e+01
   8.9228000e+05   2.0629883e+01
   8.9282400e+05   2.0202637e+01
   8.9413700e+05   1.8737793e+01
   8.9791600e+05   2.0690918e+01
   9.0213100e+05   1.9958496e+01
   9.0644700e+05   2.0080566e+01
   9.0772200e+05   1.9531250e+01
   9.1127400e+05   1.9104004e+01
   9.1161100e+05   2.3803711e+01
   9.1692800e+05   1.9897461e+01
   9.2109400e+05   2.0080566e+01
   9.2184800e+05   2.1911621e+01
   9.3156800e+05   1.9531250e+01
   9.3333100e+05   2.0812988e+01
   9.3393000e+05   1.9714355e+01
   9.3450900e+05   2.2033691e+01
   9.4012900e+05   1.9104004e+01
   9.4334500e+05   1.8798828e+01
   9.4932200e+05   1.9226074e+01
   9.5262800e+05   1.9531250e+01
   9.5344100e+05   2.0019531e+01
   9.5564500e+05   1.8920898e+01
   9.5820500e+05   2.1484375e+01
   9.6211900e+05   2.0751953e+01
   9.6479400e+05   1.8981934e+01
   9.6556500e+05   2.1789551e+01
   9.7341800e+05   2.0690918e+01
   9.7596900e+05   1.9287109e+01
   9.8934600e+05   1.8920898e+01
   9.9113900e+05   2.0202637e+01
   9.9182900e+05   1.8737793e+01
   1.0005340e+06   2.0019531e+01
   1.0135880e+06   2.2583008e+01
   1.0402920e+06   2.0141602e+01
   1.0969860e+06   3.2836914e+01
   1.6657860e+06   2.1545410e+01
   1.6658350e+06   2.0080566e+01
   1.6658660e+06   2.7587891e+01
   1.6658930e+06   3.8513184e+01
   1.6659080e+06   3.4118652e+01
   1.6659200e+06   3.4606934e+01
   1.6659360e+06   4.6264648e+01
   1.6659500e+06   4.1442871e+01
   1.6659670e+06   2.0812988e+01
   1.6659870e+06   4.3518066e+01
   1.6660150e+06   1.9836426e+01
   1.6660340e+06   1.9897461e+01
   1.6660490e+06   2.1484375e+01
   1.6660750e+06   2.5634766e+01
   1.6661260e+06   2.5756836e+01
   1.6661440e+06   2.8442383e+01
   1.6661750e+06   3.6010742e+01
   1.6662160e+06   3.3447266e+01
   1.6662700e+06   2.0019531e+01
   1.6662810e+06   3.1188965e+01
   1.6663150e+06   1.9165039e+01
   1.6663530e+06   2.1240234e+01
   1.6663850e+06   1.9653320e+01
   1.6663960e+06   2.3071289e+01
   1.6664540e+06   2.1911621e+01
   1.6664870e+06   2.0080566e+01
   1.6665170e+06   1.9287109e+01
   1.6665440e+06   2.1118164e+01
   1.6665620e+06   2.5146484e+01
   1.6666150e+06   2.2521973e+01
   1.6667270e+06   2.2766113e+01
   1.6667590e+06   1.9104004e+01
   1.6667810e+06   2.1362305e+01
   1.6668040e+06   2.2644043e+01
   1.6668810e+06   2.3681641e+01
   1.6669180e+06   1.9287109e+01
   1.6669340e+06   2.4475098e+01
   1.6670810e+06   2.2949219e+01
   1.6671000e+06   2.3010254e+01
   1.6671340e+06   1.8981934e+01
   1.6671490e+06   2.4047852e+01
   1.6671760e+06   2.1423340e+01
   1.6671980e+06   2.6123047e+01
   1.6672500e+06   2.2338867e+01
   1.6672910e+06   2.3742676e+01
   1.6673690e+06   2.8930664e+01
   1.6674080e+06   1.8981934e+01
   1.6674470e+06   2.3010254e+01
   1.6674580e+06   2.0690918e+01
   1.6674930e+06   2.4780273e+01
   1.6675530e+06   2.6062012e+01
   1.6675900e+06   1.9348145e+01
   1.6676180e+06   1.9226074e+01
   1.6676430e+06   2.6367188e+01
   1.6676810e+06   1.8981934e+01
   1.6677690e+06   1.9714355e+01
   1.6678590e+06   2.0385742e+01
   1.6678980e+06   2.8747559e+01
   1.6679580e+06   1.9836426e+01
   1.6680000e+06   1.9165039e+01
   1.6680140e+06   2.0690918e+01
   1.6680700e+06   2.1362305e+01
   1.6682660e+06   1.8798828e+01
   1.6683270e+06   2.1789551e+01
   1.6684450e+06   1.9958496e+01
   1.6687100e+06   3.0273438e+01
   1.6687680e+06   2.2705078e+01
   1.6690480e+06   1.8737793e+01
   1.6691180e+06   1.9775391e+01
   1.6691970e+06   2.0324707e+01
   1.6692770e+06   2.1911621e+01
   1.6693190e+06   1.9287109e+01
   1.6694830e+06   2.0385742e+01
   1.6695710e+06   2.1423340e+01
   1.6699650e+06   1.9775391e+01
   1.6700500e+06   1.9775391e+01
   1.6705430e+06   2.2644043e+01
   1.6709510e+06   2.3498535e+01
   1.6716670e+06   2.0385742e+01
   1.6725660e+06   2.0324707e+01
   1.6728690e+06   1.8737793e+01
   1.6746110e+06   2.0874023e+01
   1.6751150e+06   2.0385742e+01
   1.6766610e+06   2.3315430e+01
   1.6796410e+06   1.9287109e+01
   1.6801560e+06   1.9836426e+01
   1.6805060e+06   2.3864746e+01
   1.6810890e+06   2.0935059e+01
   1.6824070e+06   2.5146484e+01
   1.6829030e+06   2.0751953e+01
   1.6832580e+06   2.1606445e+01
   1.6837480e+06   2.0385742e+01
   1.6841470e+06   2.1850586e+01
   1.6843350e+06   1.9226074e+01
   1.6846480e+06   2.1667480e+01
   1.6850860e+06   1.9897461e+01
   1.6854950e+06   2.4658203e+01
   1.6865250e+06   1.9653320e+01
   1.6867650e+06   1.9104004e+01
   1.6873830e+06   2.1057129e+01
   1.6876410e+06   2.5634766e+01
   1.6879190e+06   2.0690918e+01
   1.6884520e+06   1.9836426e+01
   1.6887420e+06   1.9104004e+01
   1.6902280e+06   1.9775391e+01
   1.6905340e+06   1.9409180e+01
   1.6909180e+06   2.3803711e+01
   1.6912790e+06   2.3803711e+01
   1.6917280e+06   2.1972656e+01
   1.6924140e+06   2.0690918e+01
   1.6927810e+06   2.3986816e+01
   1.6931690e+06   2.3925781e+01
   1.6938550e+06   1.8981934e+01
   1.6949410e+06   2.0446777e+01
   1.6953370e+06   1.9958496e+01
   1.6955570e+06   1.9104004e+01
   1.6965000e+06   1.8798828e+01
   1.6969820e+06   2.0568848e+01
   1.6974370e+06   2.9296875e+01
   1.6977140e+06   1.9653320e+01
   1.6981120e+06   1.9287109e+01
   1.6983990e+06   2.1179199e+01
   1.6988810e+06   2.0874023e+01
   1.6993610e+06   2.1606445e+01
   1.6996760e+06   2.5146484e+01
   1.7003660e+06   1.9165039e+01
   1.7005160e+06   2.1911621e+01
   1.7009090e+06   2.0996094e+01
   1.7011790e+06   2.0019531e+01
   1.7014530e+06   2.0751953e+01
   1.7018230e+06   2.0568848e+01
   1.7021560e+06   1.9958496e+01
   1.7027600e+06   2.1484375e+01
   1.7032770e+06   2.0202637e+01
   1.7037010e+06   2.4902344e+01
   1.7041780e+06   1.9226074e+01
   1.7044180e+06   2.4353027e+01
   1.7048480e+06   2.8259277e+01
   1.7051010e+06   2.1423340e+01
   1.7055150e+06   1.9104004e+01
   1.7061240e+06   2.4536133e+01
   1.7064900e+06   2.6428223e+01
   1.7068130e+06   1.9897461e+01
   1.7071160e+06   2.4719238e+01
   1.7074150e+06   1.9836426e+01
   1.7077440e+06   2.1118164e+01
   1.7083550e+06   1.9287109e+01
   1.7086900e+06   2.1911621e+01
   1.7090220e+06   1.8798828e+01
   1.7095670e+06   2.1118164e+01
   1.7100980e+06   2.0996094e+01
   1.7104870e+06   2.1240234e+01
   1.7108210e+06   2.2338867e+01
   1.7111800e+06   1.9470215e+01
   1.7115210e+06   2.0324707e+01
   1.7121590e+06   2.4475098e+01
   1.7129630e+06   2.3193359e+01
   1.7136360e+06   2.5268555e+01
   1.7141300e+06   2.4841309e+01
   1.7143910e+06   2.2583008e+01
   1.7147110e+06   2.1545410e+01
   1.7150970e+06   2.2644043e+01
   1.7160980e+06   2.4475098e+01
   1.7165680e+06   1.8859863e+01
   1.7168140e+06   2.5634766e+01
   1.7182840e+06   1.9042969e+01
   1.7186370e+06   2.1850586e+01
   1.7189530e+06   2.2766113e+01
   1.7195670e+06   1.9653320e+01
   1.7198420e+06   2.3010254e+01
   1.7206990e+06   2.1606445e+01
   1.7212360e+06   2.0080566e+01
   1.7218230e+06   2.1179199e+01
   1.7221480e+06   2.1972656e+01
   1.7225210e+06   1.9836426e+01
   1.7228810e+06   2.1606445e+01
   1.7233220e+06   1.9531250e+01
   1.7236500e+06   1.9592285e+01
   1.7241460e+06   1.9592285e+01
   1.7248360e+06   1.9409180e+01
   1.7253140e+06   2.5329590e+01
   1.7256130e+06   2.0629883e+01
   1.7260490e+06   2.1362305e+01
   1.7265470e+06   2.0385742e+01
   1.7268180e+06   1.8920898e+01
   1.7270970e+06   1.9714355e+01
   1.7274570e+06   2.1972656e+01
   1.7279170e+06   2.0019531e+01
   1.7282350e+06   2.1423340e+01
   1.7287550e+06   2.1240234e+01
   1.7297710e+06   2.1179199e+01
   1.7302210e+06   2.0263672e+01
   1.7305460e+06   2.5024414e+01
   1.7310740e+06   2.0080566e+01
   1.7316440e+06   2.1667480e+01
   1.7320830e+06   1.9775391e+01
   1.7323810e+06   1.9775391e+01
   1.7328980e+06   2.0263672e+01
   1.7332940e+06   1.9714355e+01
   1.7336970e+06   2.0141602e+01
   1.7344080e+06   2.0202637e+01
   1.7349480e+06   2.1606445e+01
   1.7353900e+06   1.8859863e+01
   1.7357450e+06   1.9775391e+01
   1.7369220e+06   2.2155762e+01
   1.7373460e+06   2.0507812e+01
   1.7376820e+06   2.0751953e+01
   1.7381790e+06   2.2338867e+01
   1.7384560e+06   2.4475098e+01
   1.7393870e+06   2.4536133e+01
   1.7397880e+06   1.9042969e+01
   1.7400830e+06   2.2338867e+01
   1.7410500e+06   2.2521973e+01
   1.7412870e+06   1.9531250e+01
   1.7417550e+06   1.9531250e+01
   1.7421710e+06   2.0385742e+01
   1.7425850e+06   2.0751953e+01
   1.7429230e+06   2.1728516e+01
   1.7431260e+06   2.0812988e+01
   1.7436700e+06   2.2155762e+01
   1.7444850e+06   2.1667480e+01
   1.7453170e+06   2.0446777e+01
   1.7458580e+06   2.7221680e+01
   1.7464650e+06   2.1545410e+01
   1.7468970e+06   2.0263672e+01
   1.7473000e+06   1.9042969e+01
   1.7479600e+06   2.0019531e+01
   1.7481280e+06   2.5573730e+01
   1.7487740e+06   2.2216797e+01
   1.7490790e+06   1.9592285e+01
   1.7507510e+06   1.9653320e+01
   1.7511990e+06   1.9104004e+01
   1.7519320e+06   1.9409180e+01
   1.7525280e+06   2.5939941e+01
   1.7529200e+06   2.0812988e+01
   1.7534970e+06   2.3132324e+01
   1.7537580e+06   2.0629883e+01
   1.7542670e+06   2.0385742e+01
   1.7547110e+06   2.2338867e+01
   1.7566900e+06   2.0019531e+01
   1.7569880e+06   1.9775391e+01
   1.7574280e+06   1.8798828e+01
   1.7579450e+06   2.0385742e+01
   1.7587430e+06   2.0812988e+01
   1.7597150e+06   2.0080566e+01
   1.7604600e+06   1.9714355e+01
   1.7609050e+06   1.9531250e+01
   1.7612070e+06   2.1301270e+01
   1.7616130e+06   1.9897461e+01
   1.7620710e+06   2.0812988e+01
   1.7629060e+06   2.0446777e+01
   1.7633390e+06   1.8737793e+01
   1.7638020e+06   1.9104004e+01
   1.7644140e+06   2.0385742e+01
   1.7655950e+06   2.1606445e+01
   1.7660590e+06   2.4353027e+01
   1.7670240e+06   2.2583008e+01
   1.7675590e+06   2.0141602e+01
   1.7679220e+06   2.5268555e+01
   1.7681160e+06   2.0446777e+01
   1.7684980e+06   2.2583008e+01
   1.7697160e+06   2.1728516e+01
   1.7708950e+06   1.9775391e+01
   1.7715110e+06   2.0751953e+01
   1.7717840e+06   2.2827148e+01
   1.7731150e+06   2.1972656e+01
   1.7734450e+06   1.9165039e+01
   1.7741820e+06   1.9836426e+01
   1.7760100e+06   1.9470215e+01
   1.7768020e+06   2.2033691e+01
   1.7771090e+06   1.9287109e+01
   1.7774540e+06   2.0019531e+01
   1.7784010e+06   2.5390625e+01
   1.7804670e+06   1.9104004e+01
   1.7809030e+06   1.9836426e+01
   1.7811860e+06   2.1240234e+01
   1.7814550e+06   2.1057129e+01
   1.7825830e+06   1.9287109e+01
   1.7838820e+06   2.1667480e+01
   1.7855760e+06   2.0935059e+01
   1.7857900e+06   2.0751953e+01
   1.7871640e+06   2.0324707e+01
   1.7886900e+06   2.1118164e+01
   1.7890890e+06   2.4780273e+01
   1.7894670e+06   2.0629883e+01
   1.7903630e+06   2.1362305e+01
   1.7909540e+06   1.8859863e+01
   1.7927200e+06   2.2521973e+01
   1.7934830e+06   2.0996094e+01
   1.7939960e+06   2.2399902e+01
   1.7946490e+06   2.3437500e+01
   1.7953070e+06   2.3620605e+01
   1.7972700e+06   2.3620605e+01
   1.7984830e+06   2.1850586e+01
   1.7998200e+06   1.9714355e+01
   1.8005490e+06   2.2827148e+01
   1.8006800e+06   1.9287109e+01
   1.8015640e+06   1.9958496e+01
   1.8018000e+06   1.8920898e+01
   1.8020610e+06   1.8737793e+01
   1.8022770e+06   2.5268555e+01
   1.8025150e+06   2.0751953e+01
   1.8027670e+06   2.0629883e+01
   1.8030200e+06   1.9958496e+01
   1.8035040e+06   2.0080566e+01
   1.8040210e+06   2.2094727e+01
   1.8042870e+06   1.9592285e+01
   1.8045230e+06   2.1789551e+01
   1.8052220e+06   1.8981934e+01
   1.8061800e+06   1.9287109e+01
   1.8064620e+06   1.9592285e+01
   1.8067280e+06   1.9653320e+01
   1.8069800e+06   2.1972656e+01
   1.8072430e+06   1.9653320e+01
   1.8079310e+06   1.9470215e+01
   1.8082110e+06   1.9897461e+01
   1.8090410e+06   2.0568848e+01
   1.8093000e+06   1.9226074e+01
   1.8095620e+06   2.0446777e+01
   1.8110360e+06   1.9897461e+01
   1.8112890e+06   2.0629883e+01
   1.8118270e+06   1.9836426e+01
   1.8123170e+06   1.9958496e+01
   1.8126040e+06   1.9165039e+01
   1.8128730e+06   2.0263672e+01
   1.8131300e+06   2.0141602e+01
   1.8138610e+06   2.0202637e+01
   1.8141100e+06   2.2399902e+01
   1.8148030e+06   1.9409180e+01
   1.8150430e+06   2.1728516e+01
   1.8152810e+06   2.0629883e+01
   1.8155160e+06   2.0507813e+01
   1.8157560e+06   1.8981934e+01
   1.8160250e+06   1.9470215e+01
   1.8165580e+06   2.0812988e+01
   1.8168410e+06   2.0263672e+01
   1.8173940e+06   2.3986816e+01
   1.8181510e+06   1.9592285e+01
   1.8186940e+06   2.2155762e+01
   1.8189830e+06   1.9958496e+01
   1.8198490e+06   2.1423340e+01
   1.8205010e+06   2.2705078e+01
   1.8209790e+06   2.3681641e+01
   1.8217540e+06   1.8920898e+01
   1.8220090e+06   1.9653320e+01
   1.8225180e+06   2.0385742e+01
   1.8227590e+06   2.1850586e+01
   1.8230560e+06   2.0324707e+01
   1.8234560e+06   1.8981934e+01
   1.8237450e+06   1.9104004e+01
   1.8240160e+06   2.0019531e+01
   1.8245120e+06   1.9042969e+01
   1.8247540e+06   1.9226074e+01
   1.8252600e+06   2.1301270e+01
   1.8254800e+06   2.0629883e+01
   1.8257300e+06   2.0629883e+01
   1.8259320e+06   2.1606445e+01
   1.8264620e+06   1.8737793e+01
   1.8267390e+06   1.9348145e+01
   1.8269910e+06   1.9409180e+01
   1.8275010e+06   1.9775391e+01
   1.8277210e+06   1.9226074e+01
   1.8279710e+06   1.9042969e+01
   1.8289640e+06   1.9470215e+01
   1.8297740e+06   1.9958496e+01
   1.8300320e+06   2.2583008e+01
   1.8306680e+06   1.8920898e+01
   1.8311930e+06   1.9653320e+01
   1.8314730e+06   2.1850586e+01
   1.8317370e+06   1.9165039e+01
   1.8319960e+06   1.8920898e+01
   1.8322790e+06   2.1179199e+01
   1.8338410e+06   2.0629883e+01
   1.8341090e+06   1.8737793e+01
   1.8346210e+06   2.1484375e+01
   1.8348150e+06   1.9042969e+01
   1.8353940e+06   2.4658203e+01
   1.8356290e+06   1.9470215e+01
   1.8358740e+06   2.3132324e+01
   1.8364390e+06   1.8920898e+01
   1.8367350e+06   2.0507812e+01
   1.8372760e+06   2.0507813e+01
   1.8375400e+06   2.0263672e+01
   1.8378030e+06   1.9653320e+01
   1.8383350e+06   1.9775391e+01
   1.8386190e+06   1.9348145e+01
   1.8392410e+06   1.8737793e+01
   1.8395110e+06   2.0263672e+01
   1.8400500e+06   2.1362305e+01
   1.8402900e+06   1.9714355e+01
   1.8405860e+06   1.9531250e+01
   1.8411040e+06   1.9409180e+01
   1.8416700e+06   2.1301270e+01
   1.8422410e+06   2.0080566e+01
   1.8425200e+06   1.9226074e+01
   1.8428170e+06   2.1667480e+01
   1.8431060e+06   2.0324707e+01
   1.8433820e+06   2.2460938e+01
   1.8436500e+06   1.9958496e+01
   1.8439870e+06   2.0507813e+01
   1.8447710e+06   1.9653320e+01
   1.8457450e+06   1.8737793e+01
   1.8460260e+06   1.9958496e+01
   1.8463310e+06   1.8920898e+01
   1.8466040e+06   1.9592285e+01
   1.8477810e+06   2.0812988e+01
   1.8480790e+06   2.0507813e+01
   1.8486510e+06   1.9104004e+01
   1.8489180e+06   2.0324707e+01
   1.8492130e+06   2.1423340e+01
   1.8500650e+06   1.8920898e+01
   1.8503960e+06   2.0080566e+01
   1.8506920e+06   1.9104004e+01
   1.8520840e+06   2.0202637e+01
   1.8526900e+06   1.9226074e+01
   1.8532890e+06   1.9653320e+01
   1.8536160e+06   1.8737793e+01
   1.8542130e+06   1.8859863e+01
   1.8545210e+06   2.2888184e+01
   1.8548210e+06   1.9531250e+01
   1.8560800e+06   2.1667480e+01
   1.8572490e+06   1.8798828e+01
   1.8582050e+06   1.9714355e+01
   1.8591690e+06   1.8798828e+01
   1.8597340e+06   2.1545410e+01
   1.8598800e+06   1.8981934e+01
   1.8601100e+06   1.9531250e+01
   1.8607290e+06   2.1423340e+01
   1.8613550e+06   2.0385742e+01
   1.8616940e+06   2.0935059e+01
   1.8630180e+06   1.8981934e+01
   1.8633460e+06   1.9531250e+01
   1.8636880e+06   2.0568848e+01
   1.8658870e+06   1.9592285e+01
   1.8661550e+06   1.9348145e+01
   1.8664710e+06   1.9042969e+01
   1.8676890e+06   1.8920898e+01
   1.8682920e+06   1.9531250e+01
   1.8689340e+06   1.9470215e+01
   1.8692690e+06   1.9409180e+01
   1.8694960e+06   2.1911621e+01
   1.8697560e+06   1.9958496e+01
   1.8700720e+06   1.9836426e+01
   1.8705020e+06   1.9897461e+01
   1.8707300e+06   1.9897461e+01
   1.8717300e+06   1.9042969e+01
   1.8720810e+06   1.9042969e+01
   1.8724200e+06   1.9592285e+01
   1.8727650e+06   1.9836426e+01
   1.8734250e+06   1.9958496e+01
   1.8737660e+06   1.8920898e+01
   1.8743950e+06   1.9714355e+01
   1.8757400e+06   1.9104004e+01
   1.8760540e+06   2.0385742e+01
   1.8763840e+06   1.9653320e+01
   1.8784610e+06   1.9836426e+01
   1.8790830e+06   2.1179199e+01
   1.8794350e+06   1.9775391e+01
   1.8801360e+06   1.9470215e+01
   1.8804990e+06   1.9165039e+01
   1.8808000e+06   2.0385742e+01
   1.8811170e+06   2.0568848e+01
   1.8821550e+06   1.9042969e+01
   1.8837210e+06   1.8920898e+01
   1.8842520e+06   2.2277832e+01
   1.8845850e+06   1.8798828e+01
   1.8852040e+06   2.0751953e+01
   1.8865390e+06   2.2399902e+01
   1.8873170e+06   1.8859863e+01
   1.8877030e+06   2.1545410e+01
   1.8887810e+06   2.0751953e+01
   1.8895270e+06   2.8991699e+01
   1.8901620e+06   2.0935059e+01
   1.8908600e+06   1.8798828e+01
   1.8926120e+06   1.9714355e+01
   1.8933230e+06   2.0263672e+01
   1.8936600e+06   1.8798828e+01
   1.8939760e+06   2.0507813e+01
   1.8947220e+06   1.9470215e+01
   1.8950930e+06   2.0874023e+01
   1.8954660e+06   2.0324707e+01
   1.8958470e+06   2.0263672e+01
   1.8969260e+06   1.9470215e+01
   1.8976520e+06   1.8859863e+01
   1.8984090e+06   1.9775391e+01
   1.8991210e+06   1.9775391e+01
   1.8994940e+06   1.9897461e+01
   1.8998520e+06   2.0568848e+01
   1.9005670e+06   2.0141602e+01
   1.9009960e+06   1.8920898e+01
   1.9027970e+06   2.0080566e+01
   1.9032110e+06   2.1728516e+01
   1.9047510e+06   1.9775391e+01
   1.9051010e+06   1.9348145e+01
   1.9054350e+06   1.8737793e+01
   1.9065800e+06   1.9409180e+01
   1.9076850e+06   1.8737793e+01
   1.9081190e+06   1.8737793e+01
   1.9089100e+06   2.0935059e+01
   1.9092900e+06   1.8798828e+01
   1.9096580e+06   1.8920898e+01
   1.9103370e+06   1.9897461e+01
   1.9107070e+06   1.9592285e+01
   1.9115000e+06   2.1423340e+01
   1.9118810e+06   1.9104004e+01
   1.9122980e+06   1.8798828e+01
   1.9127170e+06   2.1240234e+01
   1.9131650e+06   2.0202637e+01
   1.9135530e+06   1.9042969e+01
   1.9138940e+06   1.9470215e+01
   1.9143180e+06   1.8798828e+01
   1.9151530e+06   1.8859863e+01
   1.9160800e+06   1.9775391e+01
   1.9173650e+06   2.2644043e+01
   1.9194400e+06   1.8859863e+01
   1.9202720e+06   1.9958496e+01
   1.9206560e+06   1.9958496e+01
   1.9211360e+06   2.1362305e+01
   1.9219350e+06   2.1606445e+01
   1.9240420e+06   1.8737793e+01
   1.9244350e+06   1.8737793e+01
   1.9279340e+06   1.8737793e+01
   1.9292320e+06   1.8798828e+01
   1.9310820e+06   2.0263672e+01
   1.9330520e+06   2.2155762e+01
   1.9341420e+06   1.9226074e+01
   1.9355370e+06   1.8859863e+01
   1.9379660e+06   1.8798828e+01
   1.9397420e+06   1.8920898e+01
   1.9401610e+06   1.9714355e+01
   1.9406570e+06   1.9042969e+01
   1.9422000e+06   1.9348145e+01
   1.9436530e+06   2.0568848e+01
   1.9441090e+06   1.9104004e+01
   1.9445830e+06   1.9470215e+01
   1.9450350e+06   1.9287109e+01
   1.9460080e+06   1.9409180e+01
   1.9477730e+06   1.9836426e+01
   1.9491480e+06   1.8737793e+01
   1.9506940e+06   1.9470215e+01
   1.9512190e+06   2.0629883e+01
   1.9517170e+06   2.2460938e+01
   1.9533240e+06   1.9104004e+01
   1.9595740e+06   1.9775391e+01
   1.9602370e+06   2.0263672e+01
   1.9606990e+06   1.9042969e+01
   1.9620780e+06   1.8737793e+01
   1.9625550e+06   1.9409180e+01
   1.9631180e+06   1.9104004e+01
   1.9636700e+06   2.4047852e+01
   1.9658520e+06   1.9226074e+01
   1.9670290e+06   1.9104004e+01
   1.9681700e+06   2.0690918e+01
   1.9694880e+06   2.0629883e+01
   1.9706940e+06   1.9226074e+01
   1.9731670e+06   2.1301270e+01
   1.9751570e+06   2.2094727e+01
   1.9770960e+06   2.0202637e+01
   1.9801290e+06   1.8859863e+01
   1.9830260e+06   1.8981934e+01
   1.9860300e+06   2.1118164e+01
   1.9908930e+06   2.0263672e+01
   1.9936940e+06   2.1057129e+01
   1.9960550e+06   1.8859863e+01
   2.0009800e+06   1.9592285e+01
   2.0059610e+06   2.0141602e+01
   2.0072090e+06   1.9958496e+01
   2.0095270e+06   1.9836426e+01
   2.0100480e+06   1.9042969e+01
   2.0120590e+06   2.2827148e+01
   2.0126530e+06   2.4230957e+01
   2.0133460e+06   1.9531250e+01
   2.0148030e+06   1.8859863e+01
   2.0208890e+06   2.0141602e+01
   2.0216050e+06   1.9958496e+01
   2.0280110e+06   1.8981934e+01
   2.0286370e+06   1.8920898e+01
   2.0304380e+06   1.9409180e+01
   2.0333840e+06   1.9042969e+01
   2.0339380e+06   2.0019531e+01
   2.0355200e+06   2.0202637e+01
   2.0362010e+06   2.1911621e+01
   2.0416830e+06   2.0874023e+01
   2.0427210e+06   1.9470215e+01
   2.0454350e+06   1.8737793e+01
   2.0477650e+06   1.9653320e+01
   2.0532080e+06   1.8737793e+01
   2.0546460e+06   2.2338867e+01
   2.0553660e+06   2.3315430e+01
   2.0632150e+06   1.9104004e+01
   2.0683780e+06   2.0141602e+01
   2.0715610e+06   2.1179199e+01
   2.0740490e+06   2.0446777e+01
   2.0782050e+06   1.9287109e+01
   2.0852490e+06   2.1667480e+01
   2.0886460e+06   1.9348145e+01
   2.0960050e+06   2.1118164e+01
   2.1024310e+06   2.1118164e+01
   2.1107670e+06   1.9775391e+01
   2.1221700e+06   2.0690918e+01
   2.1233080e+06   2.0935059e+01
   2.1277990e+06   1.8798828e+01
   2.5544320e+06   1.9104004e+01
   2.5544530e+06   2.2644043e+01
   2.5544720e+06   1.9348145e+01
   2.5545020e+06   2.3742676e+01
   2.5545320e+06   4.3579102e+01
   2.5545500e+06   4.7119141e+01
   2.5545710e+06   3.8635254e+01
   2.5545880e+06   3.5034180e+01
   2.5546130e+06   3.9001465e+01
   2.5546270e+06   2.2094727e+01
   2.5546770e+06   3.0639648e+01
   2.5546950e+06   3.0517578e+01
   2.5547280e+06   2.0080566e+01
   2.5547470e+06   2.4230957e+01
   2.5547620e+06   3.0456543e+01
   2.5547930e+06   2.8320312e+01
   2.5548210e+06   2.6977539e+01
   2.5548340e+06   2.1911621e+01
   2.5548580e+06   3.4179688e+01
   2.5549230e+06   2.0874023e+01
   2.5549440e+06   3.0273438e+01
   2.5549610e+06   2.2644043e+01
   2.5549900e+06   2.2705078e+01
   2.5550270e+06   2.4414063e+01
   2.5550670e+06   2.0019531e+01
   2.5550930e+06   2.8381348e+01
   2.5551350e+06   2.1972656e+01
   2.5552100e+06   1.9592285e+01
   2.5552510e+06   2.1789551e+01
   2.5552730e+06   1.9592285e+01
   2.5553340e+06   3.6010742e+01
   2.5554160e+06   2.3681641e+01
   2.5554780e+06   2.7038574e+01
   2.5555050e+06   2.3864746e+01
   2.5555400e+06   1.8920898e+01
   2.5555590e+06   2.0690918e+01
   2.5556280e+06   1.8981934e+01
   2.5556650e+06   2.4291992e+01
   2.5556810e+06   2.5207520e+01
   2.5557760e+06   2.2888184e+01
   2.5557980e+06   1.9531250e+01
   2.5558220e+06   2.0385742e+01
   2.5559060e+06   1.8737793e+01
   2.5559300e+06   2.0812988e+01
   2.5559850e+06   2.2521973e+01
   2.5560090e+06   3.3081055e+01
   2.5561050e+06   1.9714355e+01
   2.5562260e+06   2.2460938e+01
   2.5562850e+06   2.4841309e+01
   2.5563170e+06   2.2033691e+01
   2.5563650e+06   2.0507812e+01
   2.5563870e+06   2.5207520e+01
   2.5564430e+06   2.4597168e+01
   2.5565010e+06   2.2460938e+01
   2.5565950e+06   1.9958496e+01
   2.5567070e+06   2.0446777e+01
   2.5568050e+06   2.1789551e+01
   2.5568760e+06   2.1545410e+01
   2.5572300e+06   2.8320312e+01
   2.5573000e+06   1.9897461e+01
   2.5573780e+06   2.0812988e+01
   2.5575180e+06   2.0568848e+01
   2.5576470e+06   1.9409180e+01
   2.5577730e+06   2.2766113e+01
   2.5579840e+06   2.1972656e+01
   2.5580620e+06   2.1423340e+01
   2.5583650e+06   1.9226074e+01
   2.5587050e+06   2.0996094e+01
   2.5589510e+06   2.3498535e+01
   2.5590460e+06   1.8798828e+01
   2.5592230e+06   1.9409180e+01
   2.5595970e+06   2.3742676e+01
   2.5600350e+06   1.8737793e+01
   2.5601280e+06   2.1179199e+01
   2.5606240e+06   2.0812988e+01
   2.5625420e+06   1.9042969e+01
   2.5627130e+06   2.3559570e+01
   2.5638960e+06   2.1972656e+01
   2.5649710e+06   1.9531250e+01
   2.5684780e+06   2.0812988e+01
   2.5720520e+06   2.3559570e+01
   2.5730010e+06   2.4963379e+01
   2.5741730e+06   1.9165039e+01
   2.5756690e+06   2.3681641e+01
   2.5766810e+06   1.8981934e+01
   2.5772530e+06   2.1179199e+01
   2.5785300e+06   2.0385742e+01
   2.5789120e+06   2.0690918e+01
   2.5791770e+06   1.9348145e+01
   2.5803520e+06   2.3132324e+01
   2.5808630e+06   2.5024414e+01
   2.5813040e+06   1.9836426e+01
   2.5832130e+06   2.3742676e+01
   2.5835640e+06   2.3254395e+01
   2.5840160e+06   2.1606445e+01
   2.5849890e+06   1.9775391e+01
   2.5854700e+06   1.8859863e+01
   2.5859620e+06   2.0141602e+01
   2.5879490e+06   1.8859863e+01
   2.5883580e+06   1.9531250e+01
   2.5885550e+06   2.2888184e+01
   2.5903880e+06   2.1728516e+01
   2.5920370e+06   2.4291992e+01
   2.5923520e+06   2.1972656e+01
   2.5928300e+06   1.9470215e+01
   2.5932810e+06   1.9714355e+01
   2.5936250e+06   2.0507812e+01
   2.5940120e+06   1.9836426e+01
   2.5947440e+06   2.0263672e+01
   2.5951470e+06   1.9470215e+01
   2.5955960e+06   1.9287109e+01
   2.5961040e+06   1.9042969e+01
   2.5980680e+06   2.1911621e+01
   2.5986740e+06   2.0080566e+01
   2.5990980e+06   2.0019531e+01
   2.5994220e+06   2.4169922e+01
   2.5998590e+06   1.9042969e+01
   2.6001530e+06   1.9165039e+01
   2.6007140e+06   2.0446777e+01
   2.6009630e+06   2.0446777e+01
   2.6016240e+06   2.1240234e+01
   2.6021060e+06   2.1118164e+01
   2.6025280e+06   2.0263672e+01
   2.6029360e+06   2.1484375e+01
   2.6035870e+06   2.0996094e+01
   2.6050600e+06   2.4169922e+01
   2.6056800e+06   2.1667480e+01
   2.6060460e+06   1.8981934e+01
   2.6065550e+06   2.0263672e+01
   2.6070330e+06   2.0690918e+01
   2.6081270e+06   2.0263672e+01
   2.6085780e+06   2.1301270e+01
   2.6089990e+06   1.9348145e+01
   2.6093340e+06   1.9653320e+01
   2.6096720e+06   1.8737793e+01
   2.6107720e+06   2.1484375e+01
   2.6114220e+06   2.2949219e+01
   2.6128030e+06   1.9348145e+01
   2.6132080e+06   1.9775391e+01
   2.6136270e+06   2.0019531e+01
   2.6139560e+06   2.0812988e+01
   2.6144280e+06   2.3193359e+01
   2.6149130e+06   1.9592285e+01
   2.6154430e+06   1.8920898e+01
   2.6160810e+06   2.0263672e+01
   2.6164890e+06   1.8737793e+01
   2.6169000e+06   2.0141602e+01
   2.6173870e+06   1.9409180e+01
   2.6181520e+06   1.8981934e+01
   2.6185310e+06   2.0568848e+01
   2.6188290e+06   1.9531250e+01
   2.6197700e+06   2.0996094e+01
   2.6201800e+06   2.0874023e+01
   2.6207710e+06   2.0324707e+01
   2.6211060e+06   1.8981934e+01
   2.6217820e+06   1.9531250e+01
   2.6223810e+06   2.0202637e+01
   2.6232080e+06   1.9958496e+01
   2.6235650e+06   2.0996094e+01
   2.6239780e+06   2.0080566e+01
   2.6245590e+06   1.8737793e+01
   2.6253680e+06   1.9470215e+01
   2.6256530e+06   1.9165039e+01
   2.6264920e+06   1.8798828e+01
   2.6269880e+06   2.1240234e+01
   2.6273320e+06   2.0141602e+01
   2.6279930e+06   2.4658203e+01
   2.6286300e+06   2.1179199e+01
   2.6291160e+06   2.1118164e+01
   2.6296320e+06   2.2583008e+01
   2.6298820e+06   2.3498535e+01
   2.6305550e+06   2.1423340e+01
   2.6318420e+06   1.9287109e+01
   2.6323840e+06   2.0935059e+01
   2.6326750e+06   1.9775391e+01
   2.6329980e+06   1.9836426e+01
   2.6335830e+06   1.9653320e+01
   2.6347420e+06   2.2521973e+01
   2.6353220e+06   2.1423340e+01
   2.6360780e+06   2.1057129e+01
   2.6365790e+06   2.0385742e+01
   2.6370890e+06   2.2155762e+01
   2.6377380e+06   2.0874023e+01
   2.6381780e+06   2.3925781e+01
   2.6387510e+06   2.4353027e+01
   2.6392720e+06   1.9042969e+01
   2.6395680e+06   1.8859863e+01
   2.6400870e+06   1.8798828e+01
   2.6404090e+06   1.8920898e+01
   2.6409650e+06   1.9531250e+01
   2.6416580e+06   1.9165039e+01
   2.6423080e+06   2.0690918e+01
   2.6426140e+06   2.1545410e+01
   2.6434540e+06   2.0507812e+01
   2.6438280e+06   2.2888184e+01
   2.6447300e+06   2.0935059e+01
   2.6453970e+06   2.2460938e+01
   2.6457000e+06   2.1667480e+01
   2.6463210e+06   2.0080566e+01
   2.6468070e+06   1.9165039e+01
   2.6471230e+06   1.8737793e+01
   2.6477520e+06   1.9042969e+01
   2.6489700e+06   2.0080566e+01
   2.6494120e+06   1.9592285e+01
   2.6499370e+06   1.9653320e+01
   2.6505810e+06   2.0446777e+01
   2.6509110e+06   1.9165039e+01
   2.6513610e+06   2.2521973e+01
   2.6519830e+06   1.9287109e+01
   2.6524110e+06   2.1423340e+01
   2.6528480e+06   1.9897461e+01
   2.6540340e+06   2.0874023e+01
   2.6546020e+06   2.0996094e+01
   2.6555700e+06   1.9592285e+01
   2.6563400e+06   2.3437500e+01
   2.6569230e+06   2.0385742e+01
   2.6589150e+06   1.9165039e+01
   2.6600060e+06   2.0996094e+01
   2.6605130e+06   1.9104004e+01
   2.6611700e+06   1.9592285e+01
   2.6627090e+06   2.0446777e+01
   2.6634470e+06   2.0935059e+01
   2.6643020e+06   2.0629883e+01
   2.6647310e+06   1.9287109e+01
   2.6654080e+06   2.2583008e+01
   2.6658830e+06   2.0690918e+01
   2.6672690e+06   1.9958496e+01
   2.6679650e+06   1.8981934e+01
   2.6701220e+06   2.2766113e+01
   2.6713380e+06   1.9409180e+01
   2.6720170e+06   2.0996094e+01
   2.6745130e+06   1.9531250e+01
   2.6748140e+06   1.8798828e+01
   2.6759310e+06   2.6062012e+01
   2.6789810e+06   2.1118164e+01
   2.6797680e+06   2.2583008e+01
   2.6812300e+06   2.2766113e+01
   2.6817810e+06   2.2521973e+01
   2.6823180e+06   2.3132324e+01
   2.6826420e+06   2.0690918e+01
   2.6833280e+06   1.9042969e+01
   2.6837830e+06   1.8737793e+01
   2.6843790e+06   2.1789551e+01
   2.6845560e+06   2.3620605e+01
   2.6847250e+06   2.0263672e+01
   2.6848100e+06   2.5146484e+01
   2.6848240e+06   1.9714355e+01
   2.6848680e+06   1.8920898e+01
   2.6849200e+06   2.8442383e+01
   2.6849500e+06   2.2277832e+01
   2.6849620e+06   3.0517578e+01
   2.6849810e+06   3.5217285e+01
   2.6850140e+06   2.5146484e+01
   2.6850370e+06   4.5959473e+01
   2.6850590e+06   4.7424316e+01
   2.6850870e+06   4.4738770e+01
   2.6850980e+06   3.0761719e+01
   2.6851210e+06   2.6855469e+01
   2.6851510e+06   4.5043945e+01
   2.6851740e+06   2.7770996e+01
   2.6851850e+06   3.0395508e+01
   2.6852170e+06   2.3376465e+01
   2.6852290e+06   2.9724121e+01
   2.6852610e+06   1.9226074e+01
   2.6852800e+06   2.3681641e+01
   2.6852950e+06   2.1911621e+01
   2.6853080e+06   1.9226074e+01
   2.6853260e+06   2.3193359e+01
   2.6853480e+06   2.2766113e+01
   2.6853790e+06   2.4230957e+01
   2.6853910e+06   2.5207520e+01
   2.6854050e+06   2.2644043e+01
   2.6854440e+06   2.6123047e+01
   2.6854570e+06   2.4108887e+01
   2.6855010e+06   1.9409180e+01
   2.6855280e+06   1.9042969e+01
   2.6855540e+06   1.8798828e+01
   2.6855750e+06   1.8798828e+01
   2.6855990e+06   2.3925781e+01
   2.6856220e+06   1.9775391e+01
   2.6856710e+06   1.9165039e+01
   2.6856960e+06   1.8859863e+01
   2.6857110e+06   2.2705078e+01
   2.6857650e+06   1.9226074e+01
   2.6858160e+06   1.9226074e+01
   2.6858330e+06   2.5268555e+01
   2.6858660e+06   2.6489258e+01
   2.6859080e+06   2.0812988e+01
   2.6859270e+06   1.9714355e+01
   2.6859810e+06   2.3803711e+01
   2.6860260e+06   2.4291992e+01
   2.6860460e+06   1.9470215e+01
   2.6860580e+06   2.4475098e+01
   2.6860810e+06   2.1911621e+01
   2.6861310e+06   1.9958496e+01
   2.6861620e+06   1.8859863e+01
   2.6862000e+06   2.0385742e+01
   2.6862620e+06   2.3010254e+01
   2.6863040e+06   2.0690918e+01
   2.6863400e+06   2.0080566e+01
   2.6863560e+06   1.9897461e+01
   2.6863820e+06   2.5329590e+01
   2.6864740e+06   2.6489258e+01
   2.6864970e+06   1.8920898e+01
   2.6865160e+06   2.0141602e+01
   2.6866070e+06   2.4047852e+01
   2.6866480e+06   2.0935059e+01
   2.6866940e+06   3.0029297e+01
   2.6868010e+06   1.8920898e+01
   2.6868640e+06   2.4353027e+01
   2.6869190e+06   2.6550293e+01
   2.6870440e+06   1.8920898e+01
   2.6871130e+06   1.8798828e+01
   2.6873800e+06   1.9287109e+01
   2.6874030e+06   2.1057129e+01
   2.6875390e+06   1.9653320e+01
   2.6876120e+06   2.1301270e+01
   2.6878730e+06   1.9104004e+01
   2.6881120e+06   2.4108887e+01
   2.6882420e+06   2.0812988e+01
   2.6882570e+06   2.3010254e+01
   2.6883810e+06   1.8981934e+01
   2.6884760e+06   2.2644043e+01
   2.6885390e+06   1.9165039e+01
   2.6888150e+06   2.2949219e+01
   2.6890090e+06   2.3010254e+01
   2.6891580e+06   2.1972656e+01
   2.6892280e+06   2.1301270e+01
   2.6893180e+06   2.4963379e+01
   2.6895850e+06   2.1667480e+01
   2.6896680e+06   2.5146484e+01
   2.6898440e+06   1.9897461e+01
   2.6899180e+06   1.9836426e+01
   2.6900000e+06   2.1301270e+01
   2.6901320e+06   1.9409180e+01
   2.6901960e+06   2.0263672e+01
   2.6905100e+06   2.2338867e+01
   2.6905680e+06   2.2155762e+01
   2.6905870e+06   2.1179199e+01
   2.6908760e+06   1.8798828e+01
   2.6909510e+06   2.1606445e+01
   2.6912640e+06   1.9958496e+01
   2.6916470e+06   2.2033691e+01
   2.6917150e+06   2.0812988e+01
   2.6917860e+06   2.1850586e+01
   2.6918650e+06   1.8798828e+01
   2.6921980e+06   1.8859863e+01
   2.6923470e+06   2.2094727e+01
   2.6924300e+06   3.1616211e+01
   2.6925150e+06   1.9042969e+01
   2.6925920e+06   2.0690918e+01
   2.6928650e+06   2.6794434e+01
   2.6930220e+06   1.8981934e+01
   2.6933450e+06   1.9958496e+01
   2.6935140e+06   2.0080566e+01
   2.6935890e+06   2.0019531e+01
   2.6937700e+06   2.5329590e+01
   2.6942080e+06   1.9836426e+01
   2.6943030e+06   2.0629883e+01
   2.6946560e+06   1.9165039e+01
   2.6947250e+06   2.1423340e+01
   2.6948080e+06   2.0690918e+01
   2.6948880e+06   2.2094727e+01
   2.6951150e+06   2.0874023e+01
   2.6954060e+06   2.1606445e+01
   2.6954810e+06   1.9165039e+01
   2.6958030e+06   1.9531250e+01
   2.6960630e+06   2.1484375e+01
   2.6961450e+06   2.0629883e+01
   2.6964310e+06   2.0202637e+01
   2.6965070e+06   2.2094727e+01
   2.6965870e+06   1.8981934e+01
   2.6969980e+06   2.0080566e+01
   2.6970760e+06   2.1057129e+01
   2.6972250e+06   1.8737793e+01
   2.6973170e+06   2.4047852e+01
   2.6976460e+06   1.9653320e+01
   2.6980650e+06   1.8859863e+01
   2.6982280e+06   1.9592285e+01
   2.6983160e+06   1.9592285e+01
   2.6984710e+06   2.2521973e+01
   2.6985490e+06   2.2155762e+01
   2.6986360e+06   2.1484375e+01
   2.6989470e+06   2.0324707e+01
   2.6990350e+06   1.8920898e+01
   2.6991240e+06   1.8981934e+01
   2.6996320e+06   2.0141602e+01
   2.6997110e+06   2.0324707e+01
   2.6998030e+06   1.9104004e+01
   2.6999810e+06   2.1240234e+01
   2.7001650e+06   1.9836426e+01
   2.7003370e+06   2.0324707e+01
   2.7004250e+06   1.9531250e+01
   2.7006760e+06   2.3742676e+01
   2.7008660e+06   2.6428223e+01
   2.7010300e+06   1.8920898e+01
   2.7011120e+06   2.0446777e+01
   2.7012000e+06   1.9042969e+01
   2.7013760e+06   1.9531250e+01
   2.7014610e+06   2.0202637e+01
   2.7015530e+06   2.0568848e+01
   2.7019760e+06   1.9531250e+01
   2.7020610e+06   2.0690918e+01
   2.7022350e+06   2.1057129e+01
   2.7024150e+06   2.1545410e+01
   2.7025910e+06   1.8859863e+01
   2.7028570e+06   1.9897461e+01
   2.7031380e+06   2.1240234e+01
   2.7032250e+06   1.9287109e+01
   2.7034000e+06   1.9897461e+01
   2.7034970e+06   2.2827148e+01
   2.7036660e+06   2.2705078e+01
   2.7038630e+06   1.9165039e+01
   2.7040470e+06   2.0568848e+01
   2.7042240e+06   1.9409180e+01
   2.7043160e+06   2.0019531e+01
   2.7045050e+06   1.9775391e+01
   2.7045970e+06   1.9042969e+01
   2.7046860e+06   2.0080566e+01
   2.7049770e+06   2.1301270e+01
   2.7050680e+06   1.8737793e+01
   2.7053790e+06   2.0568848e+01
   2.7058580e+06   1.9226074e+01
   2.7059630e+06   1.9409180e+01
   2.7060570e+06   1.9775391e+01
   2.7064380e+06   1.8859863e+01
   2.7074600e+06   1.9531250e+01
   2.7079520e+06   1.9104004e+01
   2.7085090e+06   1.9348145e+01
   2.7087240e+06   1.9348145e+01
   2.7088320e+06   1.9287109e+01
   2.7089470e+06   1.8859863e+01
   2.7090600e+06   1.9592285e+01
   2.7091770e+06   2.0568848e+01
   2.7092700e+06   2.0141602e+01
   2.7093930e+06   1.8920898e+01
   2.7096060e+06   1.8920898e+01
   2.7097260e+06   2.1057129e+01
   2.7098400e+06   1.9592285e+01
   2.7099740e+06   1.8981934e+01
   2.7100850e+06   2.1362305e+01
   2.7103410e+06   2.1057129e+01
   2.7108030e+06   1.9165039e+01
   2.7110180e+06   2.0812988e+01
   2.7115200e+06   2.0568848e+01
   2.7116380e+06   2.1118164e+01
   2.7117670e+06   2.1484375e+01
   2.7119050e+06   2.1789551e+01
   2.7120340e+06   2.0507812e+01
   2.7121320e+06   2.5207520e+01
   2.7122720e+06   1.8981934e+01
   2.7124080e+06   1.9653320e+01
   2.7128000e+06   1.8920898e+01
   2.7130410e+06   1.9592285e+01
   2.7131780e+06   1.9348145e+01
   2.7133150e+06   2.1911621e+01
   2.7136080e+06   1.9775391e+01
   2.7141920e+06   1.9165039e+01
   2.7144660e+06   2.1972656e+01
   2.7146330e+06   1.9409180e+01
   2.7150310e+06   2.2644043e+01
   2.7152910e+06   1.8798828e+01
   2.7157500e+06   2.0141602e+01
   2.7160830e+06   1.8981934e+01
   2.7162240e+06   1.8981934e+01
   2.7168420e+06   1.8798828e+01
   2.7171280e+06   2.0446777e+01
   2.7174730e+06   2.0812988e+01
   2.7179100e+06   1.9592285e+01
   2.7180950e+06   1.9775391e+01
   2.7184330e+06   2.0263672e+01
   2.7186040e+06   1.9042969e+01
   2.7189310e+06   1.9104004e+01
   2.7190340e+06   1.9104004e+01
   2.7192360e+06   2.4230957e+01
   2.7194670e+06   1.9958496e+01
   2.7198500e+06   2.5634766e+01
   2.7200550e+06   2.0751953e+01
   2.7206350e+06   2.0202637e+01
   2.7208050e+06   1.8920898e+01
   2.7212100e+06   1.8859863e+01
   2.7214000e+06   2.1118164e+01
   2.7217760e+06   1.9042969e+01
   2.7223870e+06   2.0385742e+01
   2.7231690e+06   1.9104004e+01
   2.7233370e+06   1.8859863e+01
   2.7237300e+06   2.1850586e+01
   2.7239380e+06   2.0141602e+01
   2.7241300e+06   2.2216797e+01
   2.7242860e+06   2.0141602e+01
   2.7245280e+06   1.8920898e+01
   2.7246780e+06   2.0446777e+01
   2.7249040e+06   1.9531250e+01
   2.7260280e+06   1.9775391e+01
   2.7264460e+06   1.9592285e+01
   2.7269150e+06   2.3193359e+01
   2.7272090e+06   2.1057129e+01
   2.7276560e+06   1.9165039e+01
   2.7278440e+06   1.9226074e+01
   2.7283350e+06   1.8737793e+01
   2.7284490e+06   1.8920898e+01
   2.7286530e+06   2.1911621e+01
   2.7289420e+06   2.0812988e+01
   2.7290650e+06   1.9836426e+01
   2.7292450e+06   1.9042969e+01
   2.7295260e+06   1.9348145e+01
   2.7300300e+06   2.0385742e+01
   2.7310470e+06   2.1118164e+01
   2.7314830e+06   1.8737793e+01
   2.7317410e+06   1.8737793e+01
   2.7330930e+06   1.8737793e+01
   2.7334790e+06   2.2827148e+01
   2.7339500e+06   2.3803711e+01
   2.7341420e+06   2.1850586e+01
   2.7344020e+06   2.1240234e+01
   2.7345330e+06   2.0263672e+01
   2.7347600e+06   2.0874023e+01
   2.7350230e+06   1.9165039e+01
   2.7351940e+06   1.9348145e+01
   2.7356410e+06   1.8737793e+01
   2.7359400e+06   1.9958496e+01
   2.7364410e+06   2.2033691e+01
   2.7369280e+06   1.9592285e+01
   2.7372080e+06   1.8859863e+01
   2.7376510e+06   2.1972656e+01
   2.7384760e+06   2.0812988e+01
   2.7386490e+06   2.0996094e+01
   2.7388530e+06   2.1118164e+01
   2.7391370e+06   1.9287109e+01
   2.7394730e+06   1.9042969e+01
   2.7398620e+06   2.2827148e+01
   2.7404060e+06   2.3254395e+01
   2.7406560e+06   2.1606445e+01
   2.7409230e+06   1.9226074e+01
   2.7413300e+06   1.9226074e+01
   2.7417560e+06   1.9165039e+01
   2.7422340e+06   2.2583008e+01
   2.7424480e+06   1.9775391e+01
   2.7429300e+06   2.1179199e+01
   2.7431560e+06   2.2705078e+01
   2.7440750e+06   2.0202637e+01
   2.7443500e+06   1.8920898e+01
   2.7452020e+06   1.9348145e+01
   2.7453060e+06   2.0690918e+01
   2.7455820e+06   1.9042969e+01
   2.7462100e+06   2.1484375e+01
   2.7471170e+06   1.9104004e+01
   2.7475700e+06   1.9165039e+01
   2.7478110e+06   2.0019531e+01
   2.7480460e+06   1.8981934e+01
   2.7482900e+06   1.8920898e+01
   2.7486910e+06   1.9348145e+01
   2.7494820e+06   2.0935059e+01
   2.7496470e+06   1.9531250e+01
   2.7499160e+06   1.9104004e+01
   2.7501570e+06   2.0751953e+01
   2.7504060e+06   2.1789551e+01
   2.7505590e+06   1.9409180e+01
   2.7512480e+06   1.9104004e+01
   2.7516850e+06   1.9531250e+01
   2.7519140e+06   1.9958496e+01
   2.7526210e+06   1.9226074e+01
   2.7528200e+06   1.9653320e+01
   2.7531110e+06   2.2033691e+01
   2.7535500e+06   1.9714355e+01
   2.7539730e+06   2.0263672e+01
   2.7549660e+06   2.4719238e+01
   2.7552870e+06   1.9775391e+01
   2.7555730e+06   1.8859863e+01
   2.7558390e+06   2.0324707e+01
   2.7559910e+06   1.9897461e+01
   2.7561420e+06   1.9470215e+01
   2.7569250e+06   1.9714355e+01
   2.7572110e+06   1.9714355e+01
   2.7574380e+06   1.9470215e+01
   2.7577370e+06   2.0263672e+01
   2.7580080e+06   1.8981934e+01
   2.7584340e+06   1.9409180e+01
   2.7587220e+06   2.2277832e+01
   2.7590080e+06   2.2521973e+01
   2.7592740e+06   2.1484375e+01
   2.7595330e+06   2.0080566e+01
   2.7598130e+06   2.2033691e+01
   2.7599660e+06   2.0996094e+01
   2.7602630e+06   1.8981934e+01
   2.7605360e+06   2.0202637e+01
   2.7607750e+06   1.9958496e+01
   2.7610950e+06   1.8981934e+01
   2.7613570e+06   2.1667480e+01
   2.7616130e+06   2.1179199e+01
   2.7619890e+06   1.9104004e+01
   2.7622680e+06   2.1606445e+01
   2.7625020e+06   2.0446777e+01
   2.7635770e+06   1.9592285e+01
   2.7641200e+06   1.8737793e+01
   2.7643850e+06   1.8798828e+01
   2.7647650e+06   2.0568848e+01
   2.7650170e+06   1.9775391e+01
   2.7653050e+06   1.9409180e+01
   2.7655720e+06   1.9775391e+01
   2.7657170e+06   1.9714355e+01
   2.7660200e+06   1.9531250e+01
   2.7662750e+06   1.9226074e+01
   2.7668960e+06   1.9470215e+01
   2.7677330e+06   1.8859863e+01
   2.7679280e+06   2.0019531e+01
   2.7681450e+06   2.0324707e+01
   2.7685700e+06   2.3010254e+01
   2.7688440e+06   1.8981934e+01
   2.7690860e+06   2.1301270e+01
   2.7694320e+06   2.0202637e+01
   2.7697760e+06   2.0263672e+01
   2.7700460e+06   1.9470215e+01
   2.7705550e+06   2.1301270e+01
   2.7708630e+06   1.8798828e+01
   2.7717020e+06   2.1118164e+01
   2.7728200e+06   1.9592285e+01
   2.7735370e+06   1.8920898e+01
   2.7740600e+06   2.1911621e+01
   2.7745780e+06   2.0385742e+01
   2.7748420e+06   2.0629883e+01
   2.7755080e+06   1.9470215e+01
   2.7757510e+06   1.9287109e+01
   2.7761600e+06   2.1301270e+01
   2.7766560e+06   2.0263672e+01
   2.7769280e+06   1.9409180e+01
   2.7770820e+06   2.0202637e+01
   2.7772270e+06   1.8920898e+01
   2.7777820e+06   1.9592285e+01
   2.7782900e+06   2.0141602e+01
   2.7788800e+06   2.4475098e+01
   2.7791190e+06   2.1667480e+01
   2.7796260e+06   2.1850586e+01
   2.7798540e+06   1.9042969e+01
   2.7801030e+06   2.1118164e+01
   2.7804270e+06   2.1728516e+01
   2.7806440e+06   1.9592285e+01
   2.7808960e+06   2.0141602e+01
   2.7816670e+06   1.8981934e+01
   2.7819090e+06   2.1240234e+01
   2.7820340e+06   1.9042969e+01
   2.7822490e+06   1.8798828e+01
   2.7825080e+06   1.8859863e+01
   2.7832220e+06   2.0141602e+01
   2.7833630e+06   2.0141602e+01
   2.7838230e+06   1.9653320e+01
   2.7840750e+06   1.8920898e+01
   2.7847770e+06   2.0507813e+01
   2.7850450e+06   2.0507812e+01
   2.7853850e+06   1.9042969e+01
   2.7856990e+06   2.0080566e+01
   2.7859460e+06   2.3010254e+01
   2.7867780e+06   1.9531250e+01
   2.7876230e+06   2.1606445e+01
   2.7878370e+06   1.9165039e+01
   2.7880390e+06   1.9042969e+01
   2.7882600e+06   1.8859863e+01
   2.7886100e+06   2.1850586e+01
   2.7888680e+06   2.1667480e+01
   2.7892310e+06   1.9653320e+01
   2.7905840e+06   2.1057129e+01
   2.7908720e+06   1.9165039e+01
   2.7914550e+06   1.9226074e+01
   2.7925520e+06   1.9165039e+01
   2.7929950e+06   1.9165039e+01
   2.7933130e+06   2.1362305e+01
   2.7935800e+06   2.3071289e+01
   2.7941780e+06   2.0568848e+01
   2.7952340e+06   1.8737793e+01
   2.7954800e+06   1.8737793e+01
   2.7964390e+06   1.9104004e+01
   2.7973010e+06   2.2155762e+01
   2.7975820e+06   2.0690918e+01
   2.7980810e+06   1.8920898e+01
   2.7986530e+06   1.9836426e+01
   2.7991460e+06   2.0568848e+01
   2.7998810e+06   1.8737793e+01
   2.8000600e+06   1.8798828e+01
   2.8002210e+06   2.1423340e+01
   2.8005070e+06   1.9042969e+01
   2.8007890e+06   1.9958496e+01
   2.8010520e+06   2.0935059e+01
   2.8013160e+06   2.0629883e+01
   2.8016060e+06   1.9226074e+01
   2.8018700e+06   1.8920898e+01
   2.8020330e+06   2.0141602e+01
   2.8023400e+06   1.9531250e+01
   2.8026020e+06   2.0507812e+01
   2.8028680e+06   2.0751953e+01
   2.8031400e+06   2.2277832e+01
   2.8034100e+06   2.1240234e+01
   2.8036810e+06   2.0935059e+01
   2.8039450e+06   2.0202637e+01
   2.8045110e+06   1.9775391e+01
   2.8047310e+06   1.9042969e+01
   2.8049930e+06   2.0141602e+01
   2.8055210e+06   2.0263672e+01
   2.8060700e+06   2.0690918e+01
   2.8066200e+06   1.9653320e+01
   2.8074890e+06   1.9104004e+01
   2.8077550e+06   2.0324707e+01
   2.8080270e+06   1.9592285e+01
   2.8083070e+06   1.9897461e+01
   2.8085990e+06   1.9409180e+01
   2.8088630e+06   1.8981934e+01
   2.8091250e+06   1.9226074e+01
   2.8093580e+06   2.1301270e+01
   2.8095480e+06   1.8981934e+01
   2.8098350e+06   1.9531250e+01
   2.8100860e+06   2.0080566e+01
   2.8103570e+06   1.9470215e+01
   2.8105740e+06   1.9775391e+01
   2.8107750e+06   1.9836426e+01
   2.8109260e+06   1.9287109e+01
   2.8112310e+06   2.0996094e+01
   2.8120180e+06   2.4047852e+01
   2.8122970e+06   1.9042969e+01
   2.8128290e+06   1.9409180e+01
   2.8133390e+06   1.8981934e+01
   2.8136090e+06   2.0568848e+01
   2.8138630e+06   1.9226074e+01
   2.8141550e+06   2.0568848e+01
   2.8144400e+06   2.2094727e+01
   2.8149760e+06   1.9348145e+01
   2.8154830e+06   1.9531250e+01
   2.8173860e+06   2.0263672e+01
   2.8179380e+06   2.1240234e+01
   2.8187610e+06   1.9409180e+01
   2.8194570e+06   1.9958496e+01
   2.8196970e+06   2.1850586e+01
   2.8198260e+06   2.2094727e+01
   2.8203170e+06   2.1118164e+01
   2.8208890e+06   2.2094727e+01
   2.8214260e+06   1.8798828e+01
   2.8217060e+06   2.1240234e+01
   2.8223320e+06   1.9470215e+01
   2.8227820e+06   1.9287109e+01
   2.8230520e+06   2.0751953e+01
   2.8234600e+06   2.0385742e+01
   2.8239280e+06   1.8859863e+01
   2.8245000e+06   1.8981934e+01
   2.8250810e+06   1.9775391e+01
   2.8254390e+06   1.9775391e+01
   2.8256910e+06   1.9104004e+01
   2.8260180e+06   2.3010254e+01
   2.8264750e+06   1.9775391e+01
   2.8267770e+06   2.0202637e+01
   2.8278860e+06   2.0385742e+01
   2.8281660e+06   1.8859863e+01
   2.8287360e+06   2.1728516e+01
   2.8291370e+06   2.2155762e+01
   2.8293240e+06   2.1179199e+01
   2.8295840e+06   1.9470215e+01
   2.8300030e+06   1.9470215e+01
   2.8301480e+06   1.9653320e+01
   2.8321290e+06   1.9165039e+01
   2.8324280e+06   2.0996094e+01
   2.8335600e+06   2.0263672e+01
   2.8343620e+06   2.0202637e+01
   2.8347090e+06   1.9714355e+01
   2.8350100e+06   1.9592285e+01
   2.8358850e+06   2.2521973e+01
   2.8367300e+06   1.9653320e+01
   2.8373180e+06   2.0812988e+01
   2.8378920e+06   2.0935059e+01
   2.8386910e+06   2.0385742e+01
   2.8395620e+06   2.0263672e+01
   2.8397380e+06   1.8737793e+01
   2.8403860e+06   2.0141602e+01
   2.8412900e+06   2.2094727e+01
   2.8415910e+06   1.9470215e+01
   2.8422200e+06   1.9592285e+01
   2.8433990e+06   2.1118164e+01
   2.8437010e+06   2.1667480e+01
   2.8445930e+06   1.9897461e+01
   2.8451610e+06   1.9226074e+01
   2.8454200e+06   2.1545410e+01
   2.8458080e+06   1.9165039e+01
   2.8471940e+06   1.9226074e+01
   2.8474830e+06   2.0263672e+01
   2.8485790e+06   1.9592285e+01
   2.8488630e+06   1.9165039e+01
   2.8491300e+06   2.1240234e+01
   2.8497530e+06   1.9226074e+01
   2.8499950e+06   2.1240234e+01
   2.8521400e+06   1.9958496e+01
   2.8526820e+06   2.0874023e+01
   2.8532870e+06   1.8798828e+01
   2.8535880e+06   2.0019531e+01
   2.8549510e+06   2.3376465e+01
   2.8553120e+06   2.2094727e+01
   2.8558090e+06   2.0324707e+01
   2.8564350e+06   1.9653320e+01
   2.8567390e+06   1.9287109e+01
   2.8573240e+06   2.2705078e+01
   2.8578840e+06   2.1118164e+01
   2.8597070e+06   2.0629883e+01
   2.8603070e+06   2.0202637e+01
   2.8605780e+06   1.9165039e+01
   2.8611710e+06   2.2094727e+01
   2.8621580e+06   2.0324707e+01
   2.8634170e+06   2.0568848e+01
   2.8658980e+06   2.0141602e+01
   2.8662270e+06   1.9409180e+01
   2.8665070e+06   1.9165039e+01
   2.8668070e+06   2.3254395e+01
   2.8673590e+06   1.9775391e+01
   2.8676710e+06   2.0935059e+01
   2.8682370e+06   2.2460938e+01
   2.8704420e+06   1.9042969e+01
   2.8710440e+06   2.0751953e+01
   2.8722340e+06   2.0568848e+01
   2.8723780e+06   1.9592285e+01
   2.8728700e+06   1.9409180e+01
   2.8734830e+06   1.8798828e+01
   2.8750350e+06   1.8798828e+01
   2.8756250e+06   2.0141602e+01
   2.8759250e+06   1.9104004e+01
   2.8769060e+06   2.2277832e+01
   2.8772100e+06   1.8859863e+01
   2.8775540e+06   2.1362305e+01
   2.8777080e+06   1.8798828e+01
   2.8780340e+06   1.8737793e+01
   2.8794750e+06   1.9287109e+01
   2.8807190e+06   1.8737793e+01
   2.8810330e+06   2.1240234e+01
   2.8822140e+06   2.2338867e+01
   2.8825230e+06   2.0507813e+01
   2.8828200e+06   1.9836426e+01
   2.8837990e+06   1.9042969e+01
   2.8841270e+06   1.9958496e+01
   2.8844610e+06   2.0996094e+01
   2.8852520e+06   1.8920898e+01
   2.8855590e+06   2.0935059e+01
   2.8862250e+06   2.2338867e+01
   2.8871390e+06   1.8981934e+01
   2.8874740e+06   1.8920898e+01
   2.8878310e+06   1.9958496e+01
   2.8885590e+06   1.9226074e+01
   2.8888770e+06   1.9653320e+01
   2.8891840e+06   1.9531250e+01
   2.8898440e+06   2.1240234e+01
   2.8904830e+06   2.0446777e+01
   2.8920580e+06   1.9775391e+01
   2.8923620e+06   1.9836426e+01
   2.8930430e+06   1.9470215e+01
   2.8934370e+06   1.9897461e+01
   2.8940410e+06   1.9348145e+01
   2.8949920e+06   1.9470215e+01
   2.8967790e+06   1.8981934e+01
   2.8985240e+06   1.8859863e+01
   2.8988730e+06   1.9958496e+01
   2.8999010e+06   1.9714355e+01
   2.9012930e+06   1.9653320e+01
   2.9016720e+06   2.0019531e+01
   2.9033230e+06   1.9226074e+01
   2.9040450e+06   1.9226074e+01
   2.9047890e+06   2.1667480e+01
   2.9058700e+06   1.8798828e+01
   2.9062190e+06   2.0629883e+01
   2.9083520e+06   1.9348145e+01
   2.9089740e+06   1.8737793e+01
   2.9100320e+06   2.2460938e+01
   2.9104160e+06   2.2888184e+01
   2.9107630e+06   1.9104004e+01
   2.9111240e+06   1.9165039e+01
   2.9126680e+06   1.9409180e+01
   2.9146530e+06   2.0019531e+01
   2.9149730e+06   1.9287109e+01
   2.9157110e+06   1.9042969e+01
   2.9163720e+06   2.1972656e+01
   2.9167110e+06   1.9714355e+01
   2.9174150e+06   1.9409180e+01
   2.9177650e+06   1.9409180e+01
   2.9188190e+06   1.8798828e+01
   2.9214950e+06   2.0507813e+01
   2.9218390e+06   1.8981934e+01
   2.9221610e+06   2.0446777e+01
   2.9225730e+06   2.5268555e+01
   2.9229440e+06   2.1423340e+01
   2.9236800e+06   1.8859863e+01
   2.9252360e+06   1.9226074e+01
   2.9266980e+06   2.1911621e+01
   2.9274570e+06   1.9409180e+01
   2.9289430e+06   1.9348145e+01
   2.9296930e+06   2.0019531e+01
   2.9305330e+06   1.9042969e+01
   2.9309230e+06   2.0385742e+01
   2.9312610e+06   2.2888184e+01
   2.9316490e+06   1.9958496e+01
   2.9324490e+06   2.0629883e+01
   2.9336770e+06   2.0690918e+01
   2.9341280e+06   2.2644043e+01
   2.9348920e+06   1.8981934e+01
   2.9361070e+06   1.8798828e+01
   2.9378730e+06   1.9958496e+01
   2.9383810e+06   1.8920898e+01
   2.9388090e+06   2.0019531e+01
   2.9391560e+06   1.9287109e+01
   2.9405320e+06   1.9165039e+01
   2.9409350e+06   1.9653320e+01
   2.9413560e+06   2.3620605e+01
   2.9428420e+06   2.0141602e+01
   2.9437060e+06   2.0324707e+01
   2.9440290e+06   1.9104004e+01
   2.9445090e+06   1.9104004e+01
   2.9463290e+06   1.9958496e+01
   2.9484910e+06   2.0812988e+01
   2.9489020e+06   2.0751953e+01
   2.9493520e+06   1.8859863e+01
   2.9504410e+06   2.1118164e+01
   2.9526480e+06   2.0202637e+01
   2.9536160e+06   1.8859863e+01
   2.9560300e+06   1.9653320e+01
   2.9564500e+06   1.9653320e+01
   2.9569340e+06   1.9531250e+01
   2.9573820e+06   1.8981934e+01
   2.9584410e+06   2.2338867e+01
   2.9589910e+06   2.4719238e+01
   2.9610490e+06   1.9042969e+01
   2.9621580e+06   2.0080566e+01
   2.9643470e+06   1.8920898e+01
   2.9661970e+06   1.9836426e+01
   2.9671250e+06   1.8859863e+01
   2.9697110e+06   2.5207520e+01
   2.9740350e+06   1.9409180e+01
   2.9745950e+06   1.8981934e+01
   2.9773470e+06   1.9409180e+01
   2.9778270e+06   1.9042969e+01
   2.9789050e+06   1.9775391e+01
   2.9796990e+06   1.9226074e+01
   2.9803900e+06   2.0263672e+01
   2.9826580e+06   1.9592285e+01
   2.9833590e+06   1.9042969e+01
   2.9848620e+06   1.9897461e+01
   2.9925420e+06   1.9348145e+01
   2.9932290e+06   1.8981934e+01
   2.9944220e+06   1.8798828e+01
   2.9950700e+06   2.2888184e+01
   2.9999460e+06   2.1728516e+01
