   3.0000000e+06   0.0000000e+00
   4.3453000e+04   1.9653320e+01
   7.4194000e+04   2.2033691e+01
   2.6248900e+05   2.0324707e+01
   3.4541700e+05   2.0263672e+01
   4.0502300e+05   2.0019531e+01
   4.9396000e+05   1.9592285e+01
   4.9399400e+05   2.1362305e+01
   4.9402100e+05   3.2653809e+01
   4.9404500e+05   3.6865234e+01
   4.9406300e+05   3.7109375e+01
   4.9408200e+05   4.4677734e+01
   4.9409300e+05   2.5878906e+01
   4.9411500e+05   2.1362305e+01
   4.9412500e+05   2.8808594e+01
   4.9414900e+05   2.4047852e+01
   4.9417200e+05   2.8686523e+01
   4.9420200e+05   1.9775391e+01
   4.9422000e+05   2.9724121e+01
   4.9424400e+05   2.5573730e+01
   4.9426200e+05   2.3315430e+01
   4.9429600e+05   3.4423828e+01
   4.9432100e+05   1.9897461e+01
   4.9433500e+05   2.5207520e+01
   4.9437100e+05   2.4780273e+01
   4.9438300e+05   3.3447266e+01
   4.9441900e+05   2.0263672e+01
   4.9449500e+05   2.7038574e+01
   4.9453700e+05   3.1555176e+01
   4.9457500e+05   2.0263672e+01
   4.9459900e+05   2.2094727e+01
   4.9472800e+05   2.2949219e+01
   4.9479500e+05   2.4536133e+01
   4.9515800e+05   2.0935059e+01
   4.9524400e+05   2.4291992e+01
   4.9543200e+05   2.3071289e+01
   4.9573900e+05   1.9592285e+01
   5.3189200e+05   1.9653320e+01
   5.8336400e+05   2.5390625e+01
   5.8339800e+05   2.5329590e+01
   5.8342500e+05   2.4780273e+01
   5.8345300e+05   3.6010742e+01
   5.8347700e+05   2.0202637e+01
   5.8349800e+05   3.0578613e+01
   5.8351700e+05   5.2124023e+01
   5.8353100e+05   2.5878906e+01
   5.8356700e+05   2.5939941e+01
   5.8358300e+05   3.6682129e+01
   5.8362800e+05   3.9245605e+01
   5.8365400e+05   3.0517578e+01
   5.8368000e+05   2.0080566e+01
   5.8369700e+05   2.9602051e+01
   5.8370900e+05   3.1127930e+01
   5.8373500e+05   2.1850586e+01
   5.8375300e+05   2.9724121e+01
   5.8376500e+05   2.4963379e+01
   5.8379200e+05   2.6611328e+01
   5.8382900e+05   2.5268555e+01
   5.8386000e+05   2.5512695e+01
   5.8389100e+05   2.3986816e+01
   5.8390100e+05   2.0812988e+01
   5.8391200e+05   2.6245117e+01
   5.8394000e+05   2.0019531e+01
   5.8395700e+05   2.4719238e+01
   5.8397800e+05   2.2705078e+01
   5.8400000e+05   2.8686523e+01
   5.8401600e+05   2.4780273e+01
   5.8402800e+05   2.0324707e+01
   5.8404800e+05   2.3986816e+01
   5.8409600e+05   1.9897461e+01
   5.8413200e+05   2.0385742e+01
   5.8418100e+05   2.1484375e+01
   5.8434700e+05   1.9653320e+01
   5.8438800e+05   1.9714355e+01
   5.8444100e+05   2.1179199e+01
   5.8446900e+05   2.6428223e+01
   5.8460200e+05   2.2521973e+01
   5.8465500e+05   1.9714355e+01
   5.8469000e+05   2.4658203e+01
   5.8492700e+05   2.3193359e+01
   5.8583200e+05   2.2766113e+01
   6.2141200e+05   2.1484375e+01
   6.3633100e+05   1.9714355e+01
   7.4205700e+05   2.2155762e+01
   8.6567600e+05   2.1057129e+01
   8.7389900e+05   2.0446777e+01
   1.1376720e+06   2.1057129e+01
   1.2455740e+06   1.9958496e+01
   1.2720250e+06   1.9958496e+01
   1.4118850e+06   1.9775391e+01
   1.4851820e+06   2.2338867e+01
   1.5919680e+06   2.1423340e+01
   1.6311150e+06   2.1484375e+01
   1.6658560e+06   2.2399902e+01
   1.6659100e+06   2.8320312e+01
   1.6659290e+06   6.2316895e+01
   1.6659400e+06   4.7607422e+01
   1.6659640e+06   2.3681641e+01
   1.6659830e+06   2.9907227e+01
   1.6660250e+06   3.3935547e+01
   1.6660490e+06   2.3315430e+01
   1.6661000e+06   2.6489258e+01
   1.6661330e+06   3.4667969e+01
   1.6661520e+06   2.4108887e+01
   1.6661800e+06   2.5451660e+01
   1.6662160e+06   2.7832031e+01
   1.6662310e+06   3.2470703e+01
   1.6662530e+06   2.5390625e+01
   1.6662840e+06   2.2583008e+01
   1.6663100e+06   2.7770996e+01
   1.6663810e+06   2.8320313e+01
   1.6664440e+06   2.1484375e+01
   1.6664700e+06   2.1911621e+01
   1.6665520e+06   2.1667480e+01
   1.6667120e+06   2.0385742e+01
   1.6668430e+06   1.9653320e+01
   1.6668580e+06   2.2033691e+01
   1.6669060e+06   2.3071289e+01
   1.6672600e+06   1.9653320e+01
   1.6673230e+06   2.1850586e+01
   1.6675770e+06   2.2705078e+01
   1.6807960e+06   2.0568848e+01
   1.7152850e+06   2.1240234e+01
   1.7291350e+06   2.1301270e+01
   1.7438530e+06   1.9897461e+01
   1.7635050e+06   2.0690918e+01
   1.8528400e+06   2.1911621e+01
   1.8620110e+06   2.0996094e+01
   1.8824470e+06   2.0568848e+01
   2.0468380e+06   2.0202637e+01
   2.5544890e+06   2.1850586e+01
   2.5545130e+06   2.6733398e+01
   2.5545410e+06   3.8940430e+01
   2.5545520e+06   3.0029297e+01
   2.5545830e+06   4.0161133e+01
   2.5546010e+06   3.2775879e+01
   2.5546140e+06   3.2287598e+01
   2.5546240e+06   2.1423340e+01
   2.5546400e+06   2.6733398e+01
   2.5546610e+06   4.8583984e+01
   2.5546710e+06   2.6184082e+01
   2.5546980e+06   2.6977539e+01
   2.5547200e+06   2.3864746e+01
   2.5547480e+06   2.5939941e+01
   2.5547770e+06   2.7404785e+01
   2.5547910e+06   3.2226562e+01
   2.5548020e+06   2.0019531e+01
   2.5548330e+06   3.0090332e+01
   2.5549090e+06   2.9602051e+01
   2.5549240e+06   2.3071289e+01
   2.5549470e+06   2.1972656e+01
   2.5549950e+06   2.3620605e+01
   2.5550290e+06   2.2583008e+01
   2.5551540e+06   2.0202637e+01
   2.5551760e+06   2.1118164e+01
   2.5552000e+06   2.2644043e+01
   2.5552870e+06   2.3498535e+01
   2.5553180e+06   2.1362305e+01
   2.5554760e+06   2.0446777e+01
   2.5554880e+06   1.9958496e+01
   2.5557560e+06   2.0751953e+01
   2.5557960e+06   2.0751953e+01
   2.5560210e+06   1.9897461e+01
   2.5561350e+06   2.5634766e+01
   2.5567590e+06   2.0141602e+01
   2.5569590e+06   2.0629883e+01
   2.5676930e+06   1.9775391e+01
   2.5687460e+06   2.0996094e+01
   2.5723060e+06   2.0263672e+01
   2.6849400e+06   2.1118164e+01
   2.6849740e+06   2.5024414e+01
   2.6850210e+06   4.0039062e+01
   2.6850400e+06   2.6733398e+01
   2.6850700e+06   3.4179688e+01
   2.6851000e+06   2.1789551e+01
   2.6851170e+06   3.7780762e+01
   2.6851440e+06   3.6071777e+01
   2.6851660e+06   2.1240234e+01
   2.6851950e+06   2.5146484e+01
   2.6852090e+06   2.8076172e+01
   2.6852240e+06   2.4780273e+01
   2.6852660e+06   1.9714355e+01
   2.6852840e+06   2.1545410e+01
   2.6853030e+06   2.9296875e+01
   2.6853190e+06   3.4729004e+01
   2.6853370e+06   2.9785156e+01
   2.6853520e+06   2.0385742e+01
   2.6853910e+06   2.3254395e+01
   2.6854270e+06   2.5756836e+01
   2.6854430e+06   3.0700684e+01
   2.6854710e+06   2.8564453e+01
   2.6854950e+06   2.0568848e+01
   2.6855060e+06   2.9907227e+01
   2.6855620e+06   2.0141602e+01
   2.6855900e+06   1.9958496e+01
   2.6856210e+06   2.0324707e+01
   2.6856610e+06   2.0019531e+01
   2.6857030e+06   2.2460938e+01
   2.6857800e+06   1.9897461e+01
   2.6858410e+06   2.2277832e+01
   2.6860160e+06   1.9897461e+01
   2.6860800e+06   2.0874023e+01
   2.6861870e+06   2.1545410e+01
   2.6863430e+06   1.9897461e+01
   2.6863860e+06   2.1179199e+01
   2.6865190e+06   2.0263672e+01
   2.6867570e+06   1.9836426e+01
   2.6868200e+06   2.3254395e+01
   2.6869290e+06   2.2705078e+01
   2.7059040e+06   2.0019531e+01
   2.7580420e+06   2.0935059e+01
