   3.0000000e+06   0.0000000e+00
   4.9398600e+05   2.4169922e+01
   4.9401100e+05   3.4484863e+01
   4.9403700e+05   2.2399902e+01
   4.9406300e+05   3.0944824e+01
   4.9409100e+05   4.1320801e+01
   4.9411500e+05   2.9357910e+01
   4.9414300e+05   3.0700684e+01
   4.9416000e+05   3.1616211e+01
   4.9418300e+05   2.7343750e+01
   4.9421900e+05   2.4291992e+01
   4.9424300e+05   3.2348633e+01
   4.9426400e+05   2.2399902e+01
   4.9439600e+05   2.6367187e+01
   4.9451500e+05   2.3803711e+01
   4.9472400e+05   2.3010254e+01
   5.8337600e+05   2.3559570e+01
   5.8340700e+05   3.2775879e+01
   5.8345700e+05   2.5512695e+01
   5.8347900e+05   3.0517578e+01
   5.8350800e+05   2.6672363e+01
   5.8351900e+05   2.3132324e+01
   5.8355200e+05   2.6794434e+01
   5.8356300e+05   3.0578613e+01
   5.8361100e+05   2.8808594e+01
   5.8363700e+05   2.2521973e+01
   5.8366200e+05   3.1005859e+01
   5.8367300e+05   2.3498535e+01
   5.8371800e+05   2.7893066e+01
   5.8375200e+05   2.9418945e+01
   5.8398300e+05   2.6672363e+01
   5.8412800e+05   2.2277832e+01
   5.8414900e+05   2.3437500e+01
   5.8499000e+05   2.2888184e+01
   1.6658780e+06   2.3254395e+01
   1.6659060e+06   2.2949219e+01
   1.6659270e+06   2.9357910e+01
   1.6659430e+06   3.7597656e+01
   1.6660150e+06   2.5512695e+01
   1.6660470e+06   3.5705566e+01
   1.6660890e+06   2.6672363e+01
   1.6661310e+06   3.0151367e+01
   1.6661950e+06   2.5512695e+01
   1.6662480e+06   3.1127930e+01
   1.6662660e+06   2.9785156e+01
   1.6672570e+06   2.2583008e+01
   2.1657230e+06   2.5390625e+01
   2.5544930e+06   2.6428223e+01
   2.5545110e+06   3.3447266e+01
   2.5545270e+06   2.7038574e+01
   2.5545590e+06   2.8625488e+01
   2.5545830e+06   2.7648926e+01
   2.5546640e+06   2.3803711e+01
   2.5546880e+06   2.3925781e+01
   2.5547810e+06   2.3803711e+01
   2.5548110e+06   2.2888184e+01
   2.5549340e+06   2.2521973e+01
   2.5550330e+06   2.4353027e+01
   2.5552350e+06   2.4108887e+01
   2.5555270e+06   2.4658203e+01
   2.5562210e+06   2.2583008e+01
   2.6849260e+06   2.4658203e+01
   2.6849750e+06   2.3437500e+01
   2.6849870e+06   2.5817871e+01
   2.6850140e+06   4.5410156e+01
   2.6850630e+06   3.2775879e+01
   2.6850790e+06   3.0334473e+01
   2.6851420e+06   2.2521973e+01
   2.6851620e+06   2.7648926e+01
   2.6852100e+06   2.4841309e+01
   2.6852570e+06   2.3376465e+01
   2.6853490e+06   2.4353027e+01
   2.6855580e+06   2.8015137e+01
   2.6856990e+06   2.2277832e+01
   2.6861560e+06   2.3620605e+01
