   3.0000000e+06   0.0000000e+00
   4.9383400e+05   2.3681641e+01
   4.9399200e+05   2.5451660e+01
   4.9401800e+05   3.0395508e+01
   4.9403200e+05   4.3334961e+01
   4.9405500e+05   3.2226562e+01
   4.9407000e+05   2.5085449e+01
   4.9408300e+05   2.8564453e+01
   4.9411000e+05   4.1870117e+01
   4.9414800e+05   3.1188965e+01
   4.9416600e+05   4.6203613e+01
   4.9419700e+05   2.9724121e+01
   4.9421700e+05   2.6245117e+01
   4.9424800e+05   3.1738281e+01
   4.9430000e+05   2.8625488e+01
   4.9451400e+05   2.4475098e+01
   4.9474700e+05   2.7343750e+01
   4.9477400e+05   2.2766113e+01
   4.9502500e+05   2.2583008e+01
   4.9526900e+05   2.3437500e+01
   4.9576400e+05   2.4108887e+01
   4.9604200e+05   2.3010254e+01
   4.9647200e+05   2.7160645e+01
   5.8344600e+05   3.4729004e+01
   5.8346000e+05   2.5146484e+01
   5.8348700e+05   3.2409668e+01
   5.8351400e+05   2.6489258e+01
   5.8353800e+05   3.4423828e+01
   5.8355900e+05   3.1616211e+01
   5.8358300e+05   2.6733398e+01
   5.8360400e+05   4.3457031e+01
   5.8361400e+05   3.4667969e+01
   5.8363800e+05   3.3264160e+01
   5.8366400e+05   4.0527344e+01
   5.8371900e+05   3.5217285e+01
   5.8376600e+05   2.9357910e+01
   5.8378800e+05   2.3742676e+01
   5.8382800e+05   2.3986816e+01
   5.8384700e+05   2.4414062e+01
   5.8392700e+05   2.4902344e+01
   5.8409700e+05   2.6367188e+01
   5.8486800e+05   2.3010254e+01
   5.8556800e+05   2.3559570e+01
   5.9578100e+05   2.3864746e+01
   7.1045800e+05   2.3193359e+01
   9.6980100e+05   2.9357910e+01
   1.6658750e+06   2.5878906e+01
   1.6658930e+06   3.2531738e+01
   1.6659130e+06   4.6386719e+01
   1.6659260e+06   3.1921387e+01
   1.6659600e+06   5.2673340e+01
   1.6659740e+06   2.8381348e+01
   1.6659850e+06   4.4494629e+01
   1.6660070e+06   2.7221680e+01
   1.6660290e+06   4.0710449e+01
   1.6660500e+06   3.2287598e+01
   1.6660830e+06   2.3864746e+01
   1.6661220e+06   2.3437500e+01
   1.6661940e+06   2.8442383e+01
   1.6662950e+06   2.2949219e+01
   1.6663310e+06   2.3315430e+01
   1.6664290e+06   2.5878906e+01
   1.6664680e+06   2.6794434e+01
   1.6665280e+06   2.4841309e+01
   1.6666360e+06   2.6245117e+01
   1.6667490e+06   2.2399902e+01
   1.6668460e+06   2.2583008e+01
   1.6671020e+06   2.2705078e+01
   1.6672180e+06   2.4047852e+01
   2.1282660e+06   2.2766113e+01
   2.5544750e+06   2.2644043e+01
   2.5544880e+06   2.7221680e+01
   2.5545260e+06   2.8320312e+01
   2.5545420e+06   4.7973633e+01
   2.5545560e+06   4.0100098e+01
   2.5545800e+06   3.2409668e+01
   2.5545950e+06   3.5217285e+01
   2.5546100e+06   2.4230957e+01
   2.5546870e+06   3.0883789e+01
   2.5547530e+06   2.5146484e+01
   2.5547660e+06   2.4597168e+01
   2.5547860e+06   2.5573730e+01
   2.5548100e+06   2.3498535e+01
   2.5548210e+06   2.9296875e+01
   2.5548980e+06   2.7038574e+01
   2.5549120e+06   2.2888184e+01
   2.5549590e+06   2.3437500e+01
   2.5550500e+06   2.5146484e+01
   2.5551630e+06   2.3681641e+01
   2.5553760e+06   2.4536133e+01
   2.5554080e+06   2.2949219e+01
   2.5554650e+06   2.2644043e+01
   2.5556070e+06   2.8564453e+01
   2.5562640e+06   2.4902344e+01
   2.5793450e+06   2.4414062e+01
   2.5894090e+06   2.6794434e+01
   2.5896130e+06   2.4658203e+01
   2.6849530e+06   2.6184082e+01
   2.6850090e+06   2.2460938e+01
   2.6850400e+06   2.4169922e+01
   2.6850500e+06   2.2521973e+01
   2.6850770e+06   2.2827148e+01
   2.6851070e+06   4.1503906e+01
   2.6851190e+06   3.3935547e+01
   2.6851600e+06   4.1503906e+01
   2.6851820e+06   3.0944824e+01
   2.6852170e+06   3.0700684e+01
   2.6852330e+06   2.3498535e+01
   2.6852560e+06   2.8686523e+01
   2.6852720e+06   2.2399902e+01
   2.6852910e+06   2.2888184e+01
   2.6853490e+06   2.3376465e+01
   2.6853660e+06   2.6245117e+01
   2.6854070e+06   2.5939941e+01
   2.6855400e+06   2.5939941e+01
   2.6856180e+06   2.8625488e+01
   2.6858320e+06   2.2583008e+01
   2.6859100e+06   2.6611328e+01
   2.6859910e+06   2.5451660e+01
   2.6863230e+06   2.3376465e+01
   2.6865490e+06   2.2827148e+01
   2.7106310e+06   2.3254395e+01
