   3.0000000e+06   0.0000000e+00
   4.9390000e+05   4.2236328e+01
   4.9393700e+05   8.5327148e+01
   4.9397600e+05   5.4687500e+01
   4.9399400e+05   3.4790039e+01
   4.9402100e+05   4.1259766e+01
   4.9403900e+05   3.5827637e+01
   4.9405600e+05   2.6611328e+01
   4.9407500e+05   2.7099609e+01
   4.9408800e+05   3.2531738e+01
   4.9412700e+05   2.4230957e+01
   4.9414500e+05   2.8808594e+01
   4.9416800e+05   2.8930664e+01
   4.9419500e+05   2.9235840e+01
   4.9421200e+05   2.3803711e+01
   4.9422600e+05   3.0334473e+01
   4.9424500e+05   2.4719238e+01
   4.9425900e+05   2.7282715e+01
   4.9429900e+05   3.2470703e+01
   4.9430900e+05   2.6611328e+01
   4.9432600e+05   2.2949219e+01
   4.9435700e+05   2.7343750e+01
   4.9438300e+05   2.4780273e+01
   4.9440800e+05   2.6855469e+01
   4.9444200e+05   3.6560059e+01
   4.9446500e+05   2.4536133e+01
   4.9448800e+05   2.3803711e+01
   4.9451400e+05   2.9418945e+01
   4.9458000e+05   2.7893066e+01
   4.9461900e+05   2.5573730e+01
   4.9467700e+05   2.3315430e+01
   4.9474500e+05   2.9418945e+01
   4.9483500e+05   2.5695801e+01
   4.9487200e+05   2.8015137e+01
   4.9491200e+05   2.3742676e+01
   4.9519800e+05   3.4729004e+01
   4.9572200e+05   2.3559570e+01
   4.9615700e+05   2.3315430e+01
   5.0134500e+05   3.5766602e+01
   5.8344700e+05   2.6733398e+01
   5.8347300e+05   4.3334961e+01
   5.8348900e+05   8.2153320e+01
   5.8352400e+05   4.9987793e+01
   5.8354300e+05   2.4780273e+01
   5.8357200e+05   3.3264160e+01
   5.8358200e+05   7.4890137e+01
   5.8363900e+05   2.6428223e+01
   5.8366000e+05   3.1372070e+01
   5.8367700e+05   3.2897949e+01
   5.8369500e+05   3.0761719e+01
   5.8371800e+05   2.4841309e+01
   5.8373900e+05   3.1066895e+01
   5.8375100e+05   2.4658203e+01
   5.8378100e+05   3.6376953e+01
   5.8380300e+05   2.4047852e+01
   5.8382700e+05   3.3264160e+01
   5.8389300e+05   4.6142578e+01
   5.8391200e+05   2.5634766e+01
   5.8395400e+05   3.9184570e+01
   5.8398500e+05   2.6672363e+01
   5.8402700e+05   3.0029297e+01
   5.8409700e+05   2.5268555e+01
   5.8411200e+05   2.6794434e+01
   5.8415400e+05   2.3803711e+01
   5.8429700e+05   2.3864746e+01
   5.8439100e+05   2.4902344e+01
   5.8468000e+05   2.3742676e+01
   5.8487500e+05   2.4169922e+01
   1.1974050e+06   2.7648926e+01
   1.1977430e+06   6.6101074e+01
   1.6657640e+06   4.8400879e+01
   1.6657760e+06   8.3312988e+01
   1.6657950e+06   5.3527832e+01
   1.6658410e+06   7.8552246e+01
   1.6658570e+06   3.6437988e+01
   1.6658780e+06   3.0273438e+01
   1.6658930e+06   5.4443359e+01
   1.6659060e+06   5.8654785e+01
   1.6659510e+06   3.5827637e+01
   1.6659660e+06   2.9418945e+01
   1.6659910e+06   2.7832031e+01
   1.6660140e+06   3.1921387e+01
   1.6660480e+06   3.6621094e+01
   1.6660780e+06   2.7099609e+01
   1.6660980e+06   3.2348633e+01
   1.6661630e+06   2.7404785e+01
   1.6662300e+06   3.5827637e+01
   1.6662830e+06   2.6794434e+01
   1.6663180e+06   2.9541016e+01
   1.6664210e+06   3.0395508e+01
   1.6664430e+06   2.4047852e+01
   1.6664890e+06   2.4536133e+01
   1.6665600e+06   2.4597168e+01
   1.6666380e+06   2.3315430e+01
   1.6666760e+06   2.2949219e+01
   1.6668410e+06   2.3132324e+01
   1.6668930e+06   2.3071289e+01
   1.6670320e+06   2.4108887e+01
   2.5543870e+06   7.2143555e+01
   2.5544040e+06   3.2653809e+01
   2.5544400e+06   3.1982422e+01
   2.5544530e+06   6.6589355e+01
   2.5545000e+06   5.1635742e+01
   2.5545180e+06   2.4536133e+01
   2.5545430e+06   3.6376953e+01
   2.5545800e+06   4.4372559e+01
   2.5546000e+06   2.3254395e+01
   2.5546130e+06   2.4047852e+01
   2.5546450e+06   2.2827148e+01
   2.5546620e+06   3.0029297e+01
   2.5546740e+06   2.4780273e+01
   2.5547110e+06   2.3498535e+01
   2.5547210e+06   2.8625488e+01
   2.5547550e+06   4.0344238e+01
   2.5547710e+06   2.6367188e+01
   2.5548100e+06   2.4536133e+01
   2.5548370e+06   2.5695801e+01
   2.5548500e+06   2.7526855e+01
   2.5548640e+06   2.5756836e+01
   2.5549090e+06   2.3071289e+01
   2.5549700e+06   2.2827148e+01
   2.5550040e+06   2.3376465e+01
   2.5550590e+06   2.9479980e+01
   2.5551300e+06   2.5390625e+01
   2.5553020e+06   2.4597168e+01
   2.5553540e+06   2.3193359e+01
   2.5556560e+06   2.3254395e+01
   2.5557800e+06   2.4536133e+01
   2.5560230e+06   2.3437500e+01
   2.5562480e+06   2.8137207e+01
   2.6850410e+06   4.1687012e+01
   2.6850540e+06   6.6223145e+01
   2.6850720e+06   4.7851562e+01
   2.6850970e+06   3.0517578e+01
   2.6851130e+06   2.8259277e+01
   2.6851350e+06   5.1513672e+01
   2.6851470e+06   2.3010254e+01
   2.6851720e+06   4.3945312e+01
   2.6851870e+06   2.5268555e+01
   2.6852060e+06   3.6010742e+01
   2.6852320e+06   3.1250000e+01
   2.6852520e+06   2.7160645e+01
   2.6852720e+06   2.4536133e+01
   2.6852950e+06   2.6000977e+01
   2.6853310e+06   2.5024414e+01
   2.6853470e+06   2.8076172e+01
   2.6853800e+06   3.0517578e+01
   2.6854100e+06   2.7709961e+01
   2.6854280e+06   2.5329590e+01
   2.6854670e+06   2.5207520e+01
   2.6854850e+06   3.2409668e+01
   2.6855430e+06   2.7954102e+01
   2.6855720e+06   2.8564453e+01
   2.6855990e+06   2.5268555e+01
   2.6856510e+06   2.7893066e+01
   2.6857560e+06   2.3742676e+01
   2.6857700e+06   3.0639648e+01
   2.6858630e+06   2.4291992e+01
   2.6861570e+06   2.4658203e+01
   2.6864770e+06   2.7893066e+01
   2.6866940e+06   2.5146484e+01
   2.9222080e+06   4.2907715e+01
