   3.0000000e+06   0.0000000e+00
   4.9371600e+05   4.2785645e+01
   4.9404800e+05   2.4597168e+01
   4.9407800e+05   2.4108887e+01
   4.9410600e+05   2.3559570e+01
   4.9418300e+05   2.9113770e+01
   4.9425100e+05   4.2846680e+01
   4.9436200e+05   2.8686523e+01
   4.9447900e+05   3.2226562e+01
   4.9471700e+05   3.3508301e+01
   4.9489300e+05   4.0710449e+01
   4.9506900e+05   2.3498535e+01
   4.9544000e+05   2.3559570e+01
   5.8346100e+05   4.2114258e+01
   5.8349700e+05   2.5268555e+01
   5.8351300e+05   2.4230957e+01
   5.8354200e+05   4.1442871e+01
   5.8363500e+05   4.4250488e+01
   5.8374300e+05   2.3498535e+01
   5.8375700e+05   3.4240723e+01
   5.8383000e+05   3.1555176e+01
   5.8391100e+05   3.1372070e+01
   5.8396400e+05   2.5817871e+01
   5.8398700e+05   2.3803711e+01
   5.8403700e+05   2.7038574e+01
   5.8406000e+05   2.7832031e+01
   5.8415100e+05   2.4719238e+01
   5.8424700e+05   2.3925781e+01
   5.8481200e+05   2.7099609e+01
   1.6656620e+06   3.9794922e+01
   1.6659050e+06   2.4047852e+01
   1.6659280e+06   3.1921387e+01
   1.6659520e+06   2.5451660e+01
   1.6660120e+06   2.4414062e+01
   1.6661330e+06   3.9245605e+01
   1.6662240e+06   2.7038574e+01
   1.6663100e+06   3.0517578e+01
   1.6664940e+06   2.3803711e+01
   1.6668800e+06   2.4108887e+01
   1.6669100e+06   3.4484863e+01
   1.6671510e+06   2.6977539e+01
   1.6674580e+06   3.3508301e+01
   2.3583280e+06   3.7048340e+01
   2.5542910e+06   4.2907715e+01
   2.5544980e+06   2.5451660e+01
   2.5545400e+06   3.0883789e+01
   2.5545720e+06   2.6611328e+01
   2.5545950e+06   2.8686523e+01
   2.5546050e+06   2.5329590e+01
   2.5546840e+06   2.3925781e+01
   2.5547400e+06   3.6254883e+01
   2.5548320e+06   4.4677734e+01
   2.5549330e+06   2.8015137e+01
   2.5550880e+06   3.1005859e+01
   2.5553460e+06   2.7038574e+01
   2.5554340e+06   3.0456543e+01
   2.5556700e+06   2.9663086e+01
   2.6850250e+06   3.5095215e+01
   2.6850980e+06   2.6123047e+01
   2.6851490e+06   2.4719238e+01
   2.6852310e+06   2.7099609e+01
   2.6853000e+06   3.6132812e+01
   2.6853810e+06   4.5837402e+01
   2.6854220e+06   2.3925781e+01
   2.6854700e+06   3.0517578e+01
   2.6855670e+06   2.6855469e+01
   2.6857990e+06   2.6611328e+01
   2.6859240e+06   2.4291992e+01
   2.6859570e+06   3.5095215e+01
