   3.0000000e+06   0.0000000e+00
   4.2790000e+03   1.7333984e+01
   5.0030000e+03   1.7639160e+01
   6.9110000e+03   2.1728516e+01
   6.9620000e+03   1.9104004e+01
   6.9970000e+03   3.2714844e+01
   7.0200000e+03   2.6428223e+01
   7.0830000e+03   1.7578125e+01
   7.1160000e+03   1.8371582e+01
   7.1410000e+03   1.8188477e+01
   7.1640000e+03   1.7089844e+01
   1.0600000e+04   1.9958496e+01
   1.0751000e+04   2.1789551e+01
   1.0870000e+04   2.1667480e+01
   1.0914000e+04   1.6723633e+01
   1.0991000e+04   2.3925781e+01
   1.1003000e+04   1.8188477e+01
   1.1030000e+04   1.9226074e+01
   1.1043000e+04   1.7517090e+01
   1.1105000e+04   3.0517578e+01
   1.1169000e+04   1.9653320e+01
   1.1203000e+04   2.5329590e+01
   1.5944000e+04   1.7822266e+01
   1.5983000e+04   2.8625488e+01
   1.6015000e+04   3.3264160e+01
   1.6035000e+04   3.6132812e+01
   1.6046000e+04   1.8371582e+01
   1.6067000e+04   1.7211914e+01
   1.6084000e+04   1.7089844e+01
   1.6114000e+04   2.7160645e+01
   1.6131000e+04   3.4973145e+01
   1.6177000e+04   1.8371582e+01
   2.4610000e+04   1.6662598e+01
   2.4637000e+04   1.9165039e+01
   2.4669000e+04   1.7028809e+01
   2.4684000e+04   1.9226074e+01
   2.4710000e+04   1.9226074e+01
   2.4739000e+04   3.4790039e+01
   2.4758000e+04   3.5888672e+01
   2.4776000e+04   2.6611328e+01
   2.4803000e+04   2.8625488e+01
   2.4825000e+04   1.7150879e+01
   2.4838000e+04   2.0935059e+01
   2.4865000e+04   2.6489258e+01
   2.4937000e+04   2.2705078e+01
   2.5035000e+04   1.7395020e+01
   3.2642000e+04   2.1972656e+01
   3.2724000e+04   1.8554688e+01
   3.2830000e+04   1.8249512e+01
   3.2984000e+04   2.0141602e+01
   3.3763000e+04   1.7639160e+01
   3.5300000e+04   1.8737793e+01
   3.7283000e+04   1.6906738e+01
   3.7313000e+04   1.8554688e+01
   3.9220000e+04   1.8310547e+01
   3.9257000e+04   2.2277832e+01
   3.9301000e+04   2.1179199e+01
   3.9318000e+04   1.8249512e+01
   3.9343000e+04   1.9042969e+01
   3.9369000e+04   4.3945313e+01
   3.9385000e+04   2.9052734e+01
   3.9415000e+04   2.6855469e+01
   3.9426000e+04   2.0446777e+01
   3.9466000e+04   3.1799316e+01
   3.9516000e+04   2.8259277e+01
   3.9543000e+04   1.7944336e+01
   3.9584000e+04   2.0385742e+01
   3.9680000e+04   1.6967773e+01
   4.5394000e+04   2.3010254e+01
   4.5604000e+04   2.0324707e+01
   4.5625000e+04   1.8493652e+01
   4.5890000e+04   4.0649414e+01
   4.5931000e+04   3.0578613e+01
   4.5958000e+04   2.7404785e+01
   4.5988000e+04   2.6489258e+01
   4.6222000e+04   3.4362793e+01
   4.6251000e+04   2.8747559e+01
   4.6280000e+04   2.2033691e+01
   4.6362000e+04   3.1127930e+01
   4.6472000e+04   3.1005859e+01
   4.6601000e+04   3.4179688e+01
   4.6635000e+04   1.7211914e+01
   4.6697000e+04   2.7648926e+01
   4.6788000e+04   1.7578125e+01
   4.6836000e+04   2.3132324e+01
   4.6925000e+04   1.7578125e+01
   4.6967000e+04   1.7211914e+01
   4.7039000e+04   1.6845703e+01
   4.7590000e+04   1.8615723e+01
   4.7698000e+04   1.6845703e+01
   4.8645000e+04   1.9470215e+01
   4.8699000e+04   1.7761230e+01
   4.8712000e+04   2.0202637e+01
   4.8750000e+04   2.4597168e+01
   4.8766000e+04   3.1372070e+01
   4.8787000e+04   3.4362793e+01
   4.8800000e+04   1.8249512e+01
   4.8831000e+04   2.7770996e+01
   4.8848000e+04   5.5114746e+01
   4.8861000e+04   2.6855469e+01
   4.8875000e+04   2.8930664e+01
   4.8915000e+04   2.6062012e+01
   4.8949000e+04   3.4973145e+01
   4.8960000e+04   2.1789551e+01
   4.9012000e+04   3.2226562e+01
   5.5145000e+04   1.8615723e+01
   5.5185000e+04   2.0080566e+01
   5.5197000e+04   3.4606934e+01
   5.5234000e+04   3.0395508e+01
   5.5262000e+04   3.5827637e+01
   5.5286000e+04   1.9775391e+01
   5.5305000e+04   3.9428711e+01
   5.5316000e+04   1.6784668e+01
   5.5344000e+04   2.1667480e+01
   5.5377000e+04   2.4597168e+01
   6.0661000e+04   1.6845703e+01
   6.0707000e+04   1.9165039e+01
   6.0731000e+04   1.7395020e+01
   6.0759000e+04   3.6376953e+01
   6.0809000e+04   3.1188965e+01
   6.0852000e+04   3.0029297e+01
   6.0868000e+04   2.0629883e+01
   6.0921000e+04   1.8920898e+01
   6.3121000e+04   1.9958496e+01
   6.3153000e+04   1.9348145e+01
   6.3186000e+04   2.4841309e+01
   6.3210000e+04   3.2531738e+01
   6.3227000e+04   2.5146484e+01
   6.3247000e+04   3.3752441e+01
   6.3261000e+04   2.5573730e+01
   6.3288000e+04   2.8137207e+01
   6.3304000e+04   4.0344238e+01
   6.3322000e+04   3.1738281e+01
   6.3351000e+04   3.7597656e+01
   6.3361000e+04   2.3193359e+01
   6.3381000e+04   2.2460938e+01
   6.3404000e+04   2.8198242e+01
   6.3420000e+04   2.1789551e+01
   6.3466000e+04   3.1677246e+01
   6.3477000e+04   1.8676758e+01
   6.7835000e+04   1.8127441e+01
   6.9231000e+04   1.8981934e+01
   6.9259000e+04   2.2216797e+01
   6.9272000e+04   4.6997070e+01
   6.9297000e+04   2.3803711e+01
   6.9327000e+04   4.1442871e+01
   6.9338000e+04   4.1931152e+01
   6.9349000e+04   1.9958496e+01
   6.9379000e+04   2.0202637e+01
   6.9397000e+04   2.5695801e+01
   6.9417000e+04   1.7578125e+01
   6.9446000e+04   2.2705078e+01
   6.9481000e+04   2.0324707e+01
   6.9532000e+04   2.0874023e+01
   7.3598000e+04   1.7089844e+01
   7.3771000e+04   1.7700195e+01
   7.3816000e+04   1.6662598e+01
   7.3882000e+04   1.7700195e+01
   7.4045000e+04   1.9958496e+01
   7.4220000e+04   1.7578125e+01
   7.6063000e+04   1.7517090e+01
   7.6121000e+04   1.6845703e+01
   7.6137000e+04   6.8664551e+01
   7.6150000e+04   3.4423828e+01
   7.6185000e+04   4.6997070e+01
   7.6211000e+04   3.2165527e+01
   7.6241000e+04   3.4667969e+01
   7.6265000e+04   2.7038574e+01
   7.6283000e+04   3.6132812e+01
   7.6293000e+04   1.7089844e+01
   7.6318000e+04   2.0263672e+01
   7.6359000e+04   1.7456055e+01
   8.0450000e+04   1.7089844e+01
   8.0465000e+04   1.6662598e+01
   8.0514000e+04   1.7333984e+01
   8.0538000e+04   1.9348145e+01
   8.0593000e+04   1.6723633e+01
   8.2702000e+04   1.8127441e+01
   8.2735000e+04   1.9775391e+01
   8.2758000e+04   6.7077637e+01
   8.2790000e+04   4.0893555e+01
   8.2803000e+04   3.6254883e+01
   8.2834000e+04   5.6213379e+01
   8.2856000e+04   4.9438477e+01
   8.2866000e+04   3.9489746e+01
   8.2896000e+04   2.3254395e+01
   8.2922000e+04   2.4353027e+01
   8.2942000e+04   1.9409180e+01
   8.3001000e+04   2.1972656e+01
   8.7350000e+04   1.7028809e+01
   8.7413000e+04   1.8981934e+01
   8.9731000e+04   2.1362305e+01
   8.9755000e+04   1.8493652e+01
   8.9778000e+04   2.3803711e+01
   8.9801000e+04   2.7893066e+01
   8.9819000e+04   5.6213379e+01
   8.9841000e+04   1.9836426e+01
   8.9859000e+04   2.5268555e+01
   8.9889000e+04   5.1208496e+01
   8.9903000e+04   2.1850586e+01
   8.9929000e+04   3.2165527e+01
   8.9952000e+04   4.7729492e+01
   8.9977000e+04   2.0385742e+01
   9.0012000e+04   1.7822266e+01
   9.0065000e+04   3.7170410e+01
   9.0091000e+04   1.8432617e+01
   9.4046000e+04   2.0019531e+01
   9.4090000e+04   1.7333984e+01
   9.4103000e+04   3.4057617e+01
   9.4139000e+04   1.6784668e+01
   9.4162000e+04   2.1911621e+01
   9.4179000e+04   2.4108887e+01
   9.4199000e+04   3.5827637e+01
   9.4236000e+04   1.8371582e+01
   9.4251000e+04   2.2949219e+01
   9.8048000e+04   1.8859863e+01
   9.8093000e+04   2.2888184e+01
   9.8108000e+04   4.6752930e+01
   9.8127000e+04   1.7333984e+01
   9.8173000e+04   2.6428223e+01
   9.8200000e+04   4.4921875e+01
   9.8244000e+04   2.2338867e+01
   9.8260000e+04   1.8432617e+01
   9.8270000e+04   2.0080566e+01
   9.8323000e+04   2.0141602e+01
   1.0215700e+05   1.7395020e+01
   1.0218300e+05   1.9348145e+01
   1.0220900e+05   1.7028809e+01
   1.0222100e+05   2.8259277e+01
   1.0224700e+05   2.6916504e+01
   1.0227600e+05   3.5461426e+01
   1.0229300e+05   2.3620605e+01
   1.0230300e+05   2.6855469e+01
   1.0232900e+05   2.8564453e+01
   1.0235400e+05   1.7883301e+01
   1.0237800e+05   2.0629883e+01
   1.0240600e+05   3.9001465e+01
   1.0246800e+05   1.7761230e+01
   1.0707600e+05   1.8432617e+01
   1.0709300e+05   2.1606445e+01
   1.0712300e+05   3.4118652e+01
   1.0713500e+05   1.8493652e+01
   1.0714700e+05   1.7944336e+01
   1.0717000e+05   3.5217285e+01
   1.0719000e+05   3.4484863e+01
   1.0720300e+05   3.1555176e+01
   1.0723100e+05   2.7526855e+01
   1.0724800e+05   3.8208008e+01
   1.0727100e+05   2.0812988e+01
   1.0731900e+05   1.9592285e+01
   1.1179100e+05   2.1240234e+01
   1.1182900e+05   2.0935059e+01
   1.1186100e+05   2.0751953e+01
   1.1187700e+05   4.3334961e+01
   1.1189200e+05   2.2583008e+01
   1.1191000e+05   2.7832031e+01
   1.1196200e+05   2.7343750e+01
   1.1198500e+05   4.7180176e+01
   1.1199700e+05   2.6794434e+01
   1.1716400e+05   2.1240234e+01
   1.1718600e+05   1.7578125e+01
   1.1720200e+05   2.5817871e+01
   1.1722000e+05   3.4729004e+01
   1.1723700e+05   2.8259277e+01
   1.1725200e+05   3.0151367e+01
   1.1728100e+05   4.1198730e+01
   1.1730000e+05   1.7517090e+01
   1.1732100e+05   2.7648926e+01
   1.1736100e+05   2.2155762e+01
   1.1737500e+05   2.8015137e+01
   1.1739500e+05   1.7822266e+01
   1.1740900e+05   1.6723633e+01
   1.1744100e+05   1.7333984e+01
   1.2278700e+05   2.1057129e+01
   1.2281100e+05   1.7333984e+01
   1.2283600e+05   1.8127441e+01
   1.2284800e+05   5.3405762e+01
   1.2288300e+05   2.6306152e+01
   1.2290100e+05   2.3925781e+01
   1.2293100e+05   4.4677734e+01
   1.2295000e+05   1.8432617e+01
   1.2297200e+05   2.8625488e+01
   1.2302300e+05   4.0100098e+01
   1.2304400e+05   1.9104004e+01
   1.2306300e+05   1.8615723e+01
   1.2842500e+05   2.1301270e+01
   1.2845900e+05   2.3864746e+01
   1.2848400e+05   2.3010254e+01
   1.2850500e+05   4.0588379e+01
   1.2852200e+05   3.0212402e+01
   1.2854300e+05   2.0690918e+01
   1.2857100e+05   2.8137207e+01
   1.2858600e+05   1.7761230e+01
   1.2860000e+05   2.1545410e+01
   1.2862500e+05   2.3742676e+01
   1.2864200e+05   2.5573730e+01
   1.2865800e+05   2.2033691e+01
   1.2868200e+05   4.1381836e+01
   1.2870400e+05   2.1545410e+01
   1.3416700e+05   1.6906738e+01
   1.3420700e+05   1.9714355e+01
   1.3423700e+05   1.7944336e+01
   1.3425300e+05   2.9541016e+01
   1.3428700e+05   2.6245117e+01
   1.3430000e+05   4.1381836e+01
   1.3431300e+05   2.2216797e+01
   1.3433500e+05   2.7343750e+01
   1.3436100e+05   3.0212402e+01
   1.3438500e+05   1.8188477e+01
   1.3440700e+05   1.7517090e+01
   1.3445300e+05   1.9531250e+01
   1.3447400e+05   2.3437500e+01
   1.3453400e+05   2.1789551e+01
   1.4044500e+05   1.7578125e+01
   1.4048200e+05   2.0812988e+01
   1.4049600e+05   2.1057129e+01
   1.4050700e+05   1.8310547e+01
   1.4053100e+05   2.6672363e+01
   1.4056000e+05   3.6315918e+01
   1.4057500e+05   2.7770996e+01
   1.4059800e+05   2.8076172e+01
   1.4061700e+05   3.0456543e+01
   1.4063400e+05   1.7456055e+01
   1.4064500e+05   2.5634766e+01
   1.4066100e+05   3.0212402e+01
   1.4068400e+05   2.8808594e+01
   1.4070400e+05   2.3559570e+01
   1.4071500e+05   1.7272949e+01
   1.4074600e+05   2.4536133e+01
   1.4079200e+05   1.7150879e+01
   1.4701900e+05   1.8798828e+01
   1.4703300e+05   1.8066406e+01
   1.4706800e+05   3.2592773e+01
   1.4708200e+05   3.4790039e+01
   1.4710300e+05   4.3823242e+01
   1.4712100e+05   3.2897949e+01
   1.4714300e+05   2.4108887e+01
   1.4715700e+05   1.9714355e+01
   1.4717600e+05   1.8493652e+01
   1.4719700e+05   2.8808594e+01
   1.4721800e+05   2.7770996e+01
   1.4724300e+05   3.1677246e+01
   1.4725400e+05   1.8676758e+01
   1.4729000e+05   1.9958496e+01
   1.4733300e+05   1.8066406e+01
   1.5327600e+05   1.7395020e+01
   1.5335100e+05   2.0385742e+01
   1.5336700e+05   2.1484375e+01
   1.5338400e+05   1.9470215e+01
   1.5340300e+05   3.4545898e+01
   1.5342500e+05   2.3925781e+01
   1.5344300e+05   2.1301270e+01
   1.5346400e+05   4.2968750e+01
   1.5349100e+05   4.9682617e+01
   1.5350200e+05   1.8859863e+01
   1.5352400e+05   2.0568848e+01
   1.5356300e+05   2.7099609e+01
   1.5358300e+05   2.8259277e+01
   1.5363900e+05   1.7822266e+01
   1.5365000e+05   1.9714355e+01
   1.5372800e+05   1.7578125e+01
   1.6007100e+05   1.8127441e+01
   1.6016000e+05   1.8920898e+01
   1.6020200e+05   3.3386230e+01
   1.6022800e+05   2.2460938e+01
   1.6024000e+05   3.0578613e+01
   1.6026700e+05   1.9775391e+01
   1.6029300e+05   4.0222168e+01
   1.6030800e+05   2.0629883e+01
   1.6033000e+05   3.3325195e+01
   1.6034700e+05   2.8381348e+01
   1.6035900e+05   4.2297363e+01
   1.6037000e+05   3.1433105e+01
   1.6039500e+05   1.9592285e+01
   1.6041100e+05   2.4902344e+01
   1.6042300e+05   2.9418945e+01
   1.6044600e+05   5.1940918e+01
   1.6049300e+05   2.2521973e+01
   1.6726300e+05   1.8554688e+01
   1.6731300e+05   1.7761230e+01
   1.6734400e+05   3.0700684e+01
   1.6735600e+05   1.9165039e+01
   1.6736600e+05   1.7517090e+01
   1.6737800e+05   3.2836914e+01
   1.6741200e+05   2.7954102e+01
   1.6742600e+05   4.5654297e+01
   1.6745600e+05   3.2287598e+01
   1.6749400e+05   3.5034180e+01
   1.6750500e+05   2.4963379e+01
   1.6752400e+05   4.0893555e+01
   1.6753800e+05   2.0812988e+01
   1.6757500e+05   2.0080566e+01
   1.6759600e+05   1.9958496e+01
   1.6763400e+05   2.0568848e+01
   1.7406600e+05   1.7211914e+01
   1.7410000e+05   1.9653320e+01
   1.7412500e+05   2.9968262e+01
   1.7415600e+05   3.2287598e+01
   1.7416900e+05   2.7099609e+01
   1.7419400e+05   2.0629883e+01
   1.7421700e+05   2.6733398e+01
   1.7423800e+05   2.4414062e+01
   1.7426300e+05   3.0090332e+01
   1.7427400e+05   2.3925781e+01
   1.7429200e+05   2.8686523e+01
   1.7431500e+05   2.3925781e+01
   1.7432500e+05   2.6672363e+01
   1.7438000e+05   1.6662598e+01
   1.7447200e+05   1.7700195e+01
   1.8090300e+05   1.6845703e+01
   1.8092800e+05   2.0019531e+01
   1.8100700e+05   2.5085449e+01
   1.8102200e+05   2.9663086e+01
   1.8104100e+05   2.9052734e+01
   1.8106600e+05   3.2531738e+01
   1.8108700e+05   4.4799805e+01
   1.8110700e+05   2.1789551e+01
   1.8113100e+05   2.9235840e+01
   1.8114500e+05   2.0263672e+01
   1.8117700e+05   3.3996582e+01
   1.8119000e+05   2.0751953e+01
   1.8120600e+05   2.2094727e+01
   1.8122700e+05   3.1005859e+01
   1.8125000e+05   2.4963379e+01
   1.8127100e+05   1.7517090e+01
   1.8141800e+05   1.8249512e+01
   1.8653300e+05   1.8493652e+01
   1.8833000e+05   2.3681641e+01
   1.8834700e+05   2.0996094e+01
   1.8838300e+05   1.7456055e+01
   1.8840000e+05   3.3447266e+01
   1.8842500e+05   2.3315430e+01
   1.8845200e+05   3.6804199e+01
   1.8846500e+05   4.4799805e+01
   1.8849000e+05   4.5410156e+01
   1.8851700e+05   5.2795410e+01
   1.8853400e+05   2.1911621e+01
   1.8855600e+05   4.2785645e+01
   1.8857400e+05   1.7333984e+01
   1.8860100e+05   2.6245117e+01
   1.8862300e+05   3.0883789e+01
   1.8864000e+05   2.2094727e+01
   1.8865900e+05   1.8249512e+01
   1.8869600e+05   1.6906738e+01
   1.8871800e+05   3.4118652e+01
   1.9513000e+05   1.6967773e+01
   1.9525400e+05   1.7333984e+01
   1.9534600e+05   1.7211914e+01
   1.9535700e+05   2.0751953e+01
   1.9539200e+05   2.9235840e+01
   1.9541600e+05   2.0935059e+01
   1.9543700e+05   2.6794434e+01
   1.9545500e+05   3.5644531e+01
   1.9548100e+05   2.9357910e+01
   1.9549800e+05   2.9235840e+01
   1.9552100e+05   2.0812988e+01
   1.9554400e+05   2.8869629e+01
   1.9556500e+05   4.2297363e+01
   1.9557800e+05   2.1301270e+01
   1.9561300e+05   4.1442871e+01
   1.9567400e+05   2.4047852e+01
   1.9572100e+05   1.8188477e+01
   2.0232200e+05   1.7089844e+01
   2.0278700e+05   2.4780273e+01
   2.0281900e+05   1.9897461e+01
   2.0283000e+05   2.5329590e+01
   2.0285400e+05   2.6916504e+01
   2.0286700e+05   3.9916992e+01
   2.0289300e+05   2.7832031e+01
   2.0290300e+05   4.4128418e+01
   2.0293100e+05   3.9978027e+01
   2.0295900e+05   3.3264160e+01
   2.0297000e+05   4.4677734e+01
   2.0300300e+05   4.0832520e+01
   2.0303300e+05   5.4138184e+01
   2.0304300e+05   2.1728516e+01
   2.0305800e+05   2.4658203e+01
   2.0308300e+05   4.7119141e+01
   2.0310400e+05   2.3681641e+01
   2.0312400e+05   1.7822266e+01
   2.0317000e+05   1.6784668e+01
   2.0806400e+05   1.6845703e+01
   2.1003600e+05   1.6784668e+01
   2.1012500e+05   1.7333984e+01
   2.1014300e+05   1.8066406e+01
   2.1015500e+05   1.7700195e+01
   2.1016500e+05   2.1789551e+01
   2.1020400e+05   2.0263672e+01
   2.1022700e+05   2.3010254e+01
   2.1025300e+05   4.2785645e+01
   2.1026300e+05   1.8127441e+01
   2.1027900e+05   3.1127930e+01
   2.1031300e+05   3.4484863e+01
   2.1034900e+05   2.9296875e+01
   2.1038000e+05   3.7597656e+01
   2.1041000e+05   2.5207520e+01
   2.1043400e+05   2.9785156e+01
   2.1044700e+05   2.1667480e+01
   2.1045800e+05   2.0996094e+01
   2.1049100e+05   4.7424316e+01
   2.1392400e+05   1.8127441e+01
   2.1880300e+05   1.8127441e+01
   2.1898900e+05   1.8493652e+01
   2.1906000e+05   2.1484375e+01
   2.1908800e+05   1.7822266e+01
   2.1910000e+05   3.0090332e+01
   2.1912800e+05   3.7292480e+01
   2.1915300e+05   4.5837402e+01
   2.1917100e+05   3.7109375e+01
   2.1920000e+05   3.9367676e+01
   2.1921200e+05   3.0517578e+01
   2.1923300e+05   2.6123047e+01
   2.1924400e+05   1.7578125e+01
   2.1925400e+05   5.0537109e+01
   2.1927500e+05   3.9611816e+01
   2.1928700e+05   2.2277832e+01
   2.1931200e+05   4.9682617e+01
   2.1933800e+05   3.3264160e+01
   2.1936600e+05   2.3925781e+01
   2.1939700e+05   3.0944824e+01
   2.1941600e+05   2.0263672e+01
   2.1944200e+05   3.5400391e+01
   2.1951500e+05   1.9287109e+01
   2.1952700e+05   1.6845703e+01
   2.1957200e+05   1.7150879e+01
   2.2700600e+05   1.7944336e+01
   2.2704700e+05   2.0202637e+01
   2.2708000e+05   1.6967773e+01
   2.2710100e+05   1.9897461e+01
   2.2712800e+05   1.8371582e+01
   2.2715500e+05   1.8798828e+01
   2.2718400e+05   2.6428223e+01
   2.2719500e+05   3.7597656e+01
   2.2722300e+05   2.2399902e+01
   2.2725600e+05   5.5908203e+01
   2.2727500e+05   3.8024902e+01
   2.2728500e+05   1.6967773e+01
   2.2729700e+05   4.2968750e+01
   2.2733900e+05   3.4545898e+01
   2.2738200e+05   4.1931152e+01
   2.2739400e+05   2.1850586e+01
   2.2742600e+05   2.2399902e+01
   2.2744000e+05   1.8249512e+01
   2.2751900e+05   1.9042969e+01
   2.2752900e+05   1.7395020e+01
   2.3114700e+05   1.7761230e+01
   2.3604500e+05   1.7150879e+01
   2.3617300e+05   1.8249512e+01
   2.3619600e+05   3.2043457e+01
   2.3621400e+05   6.7199707e+01
   2.3622700e+05   3.4301758e+01
   2.3625400e+05   4.5837402e+01
   2.3627300e+05   3.7109375e+01
   2.3628800e+05   4.8095703e+01
   2.3630600e+05   3.6437988e+01
   2.3632700e+05   2.1911621e+01
   2.3634900e+05   3.8146973e+01
   2.3636200e+05   2.4658203e+01
   2.3638100e+05   4.5715332e+01
   2.3640500e+05   2.8076172e+01
   2.3641500e+05   2.8686523e+01
   2.3643600e+05   1.8371582e+01
   2.3647700e+05   4.3273926e+01
   2.3648700e+05   2.3559570e+01
   2.3650200e+05   1.9775391e+01
   2.4519300e+05   2.4780273e+01
   2.4524900e+05   1.6845703e+01
   2.4529200e+05   2.4536133e+01
   2.4531800e+05   2.6916504e+01
   2.4534200e+05   4.7668457e+01
   2.4535900e+05   2.7587891e+01
   2.4537000e+05   2.9479980e+01
   2.4539800e+05   3.2714844e+01
   2.4542000e+05   3.5583496e+01
   2.4543800e+05   3.5095215e+01
   2.4545000e+05   1.7395020e+01
   2.4546900e+05   4.0405273e+01
   2.4548300e+05   3.9794922e+01
   2.4550800e+05   5.2734375e+01
   2.4553900e+05   2.8076172e+01
   2.4556300e+05   3.1250000e+01
   2.4557400e+05   3.1066895e+01
   2.4560200e+05   2.7648926e+01
   2.4565200e+05   1.6723633e+01
   2.4567400e+05   2.1545410e+01
   2.5388200e+05   1.7639160e+01
   2.5390600e+05   1.7211914e+01
   2.5396200e+05   1.8127441e+01
   2.5399000e+05   2.1240234e+01
   2.5401100e+05   2.6733398e+01
   2.5403900e+05   2.0202637e+01
   2.5404900e+05   2.3376465e+01
   2.5407600e+05   2.7526855e+01
   2.5409500e+05   2.1972656e+01
   2.5412200e+05   3.7719727e+01
   2.5413900e+05   3.3203125e+01
   2.5415100e+05   3.2897949e+01
   2.5418700e+05   5.9448242e+01
   2.5420400e+05   3.2714844e+01
   2.5421600e+05   3.9611816e+01
   2.5423000e+05   1.9470215e+01
   2.5424400e+05   4.6691895e+01
   2.5426800e+05   3.2470703e+01
   2.5429700e+05   1.7883301e+01
   2.5431100e+05   5.5236816e+01
   2.5432300e+05   1.6784668e+01
   2.5433800e+05   2.2338867e+01
   2.5435600e+05   1.7089844e+01
   2.5438700e+05   3.7109375e+01
   2.5442000e+05   2.6245117e+01
   2.5445500e+05   1.8920898e+01
   2.6236500e+05   1.6967773e+01
   2.6442100e+05   1.8005371e+01
   2.6445600e+05   2.1118164e+01
   2.6447300e+05   2.1240234e+01
   2.6450200e+05   4.6630859e+01
   2.6452100e+05   2.6733398e+01
   2.6454400e+05   3.3325195e+01
   2.6456500e+05   3.3691406e+01
   2.6458500e+05   3.7963867e+01
   2.6460100e+05   4.6264648e+01
   2.6462400e+05   6.0119629e+01
   2.6464900e+05   3.9062500e+01
   2.6465900e+05   3.0029297e+01
   2.6468400e+05   2.7709961e+01
   2.6469700e+05   3.8879395e+01
   2.6472600e+05   3.6193848e+01
   2.6473900e+05   2.3681641e+01
   2.6475400e+05   1.7211914e+01
   2.6478000e+05   1.6723633e+01
   2.6482700e+05   1.9470215e+01
   2.6484700e+05   3.0395508e+01
   2.6491100e+05   2.5817871e+01
   2.7389800e+05   1.7333984e+01
   2.7393900e+05   1.8615723e+01
   2.7398500e+05   2.0751953e+01
   2.7404500e+05   2.1423340e+01
   2.7405700e+05   2.0141602e+01
   2.7407800e+05   1.7150879e+01
   2.7409500e+05   1.7272949e+01
   2.7410600e+05   3.3569336e+01
   2.7413100e+05   2.9846191e+01
   2.7415100e+05   2.9846191e+01
   2.7416900e+05   1.6784668e+01
   2.7418500e+05   1.8371582e+01
   2.7420300e+05   2.2338867e+01
   2.7421800e+05   2.7465820e+01
   2.7425600e+05   2.2460938e+01
   2.7426900e+05   2.7954102e+01
   2.7430700e+05   4.8217773e+01
   2.7432500e+05   2.2888184e+01
   2.7433900e+05   2.2888184e+01
   2.7435200e+05   3.7414551e+01
   2.7437000e+05   2.3742676e+01
   2.7439400e+05   4.2846680e+01
   2.7444000e+05   2.2216797e+01
   2.7445900e+05   1.7578125e+01
   2.8119900e+05   1.9287109e+01
   2.8542000e+05   1.7211914e+01
   2.8558400e+05   2.0935059e+01
   2.8560900e+05   2.7160645e+01
   2.8562600e+05   3.0517578e+01
   2.8568200e+05   2.1179199e+01
   2.8570000e+05   4.1198730e+01
   2.8572800e+05   2.4475098e+01
   2.8574900e+05   2.8869629e+01
   2.8577400e+05   4.9926758e+01
   2.8579800e+05   4.0893555e+01
   2.8581700e+05   4.7973633e+01
   2.8582800e+05   2.7343750e+01
   2.8584900e+05   3.7536621e+01
   2.8586200e+05   3.9855957e+01
   2.8589300e+05   3.7109375e+01
   2.8590500e+05   4.5104980e+01
   2.8593800e+05   5.7189941e+01
   2.8595000e+05   1.7700195e+01
   2.8596600e+05   2.0202637e+01
   2.8599500e+05   2.1179199e+01
   2.8601500e+05   4.9865723e+01
   2.8603100e+05   2.0690918e+01
   2.8606100e+05   1.9042969e+01
   2.8611400e+05   1.9714355e+01
   2.8614200e+05   3.0212402e+01
   2.9577500e+05   1.7089844e+01
   2.9693600e+05   1.7333984e+01
   2.9696000e+05   2.5390625e+01
   2.9697800e+05   3.7353516e+01
   2.9701000e+05   2.7343750e+01
   2.9704000e+05   4.5715332e+01
   2.9705800e+05   3.4912109e+01
   2.9707400e+05   1.9653320e+01
   2.9708900e+05   3.0944824e+01
   2.9711800e+05   3.6804199e+01
   2.9712800e+05   5.5908203e+01
   2.9715500e+05   5.2856445e+01
   2.9717700e+05   4.9255371e+01
   2.9718700e+05   6.2377930e+01
   2.9721000e+05   4.6264648e+01
   2.9723000e+05   3.0212402e+01
   2.9724200e+05   3.3447266e+01
   2.9725800e+05   3.5827637e+01
   2.9728000e+05   2.5878906e+01
   2.9729200e+05   2.5878906e+01
   2.9733300e+05   4.8583984e+01
   2.9734300e+05   2.1728516e+01
   2.9736100e+05   2.4841309e+01
   2.9741600e+05   2.5024414e+01
   2.9742900e+05   1.7333984e+01
   2.9753300e+05   1.8615723e+01
   2.9754900e+05   1.7150879e+01
   2.9756600e+05   1.7578125e+01
   2.9759700e+05   1.7944336e+01
   2.9772700e+05   1.6845703e+01
   3.0639500e+05   1.6784668e+01
   3.0868800e+05   1.7028809e+01
   3.0870600e+05   1.8554688e+01
   3.0874000e+05   3.1555176e+01
   3.0876900e+05   2.2094727e+01
   3.0878700e+05   4.0039062e+01
   3.0881000e+05   3.0639648e+01
   3.0882300e+05   3.6071777e+01
   3.0884900e+05   2.6794434e+01
   3.0887100e+05   5.3955078e+01
   3.0890100e+05   4.2541504e+01
   3.0892600e+05   4.0893555e+01
   3.0894400e+05   6.7687988e+01
   3.0898300e+05   5.0720215e+01
   3.0900000e+05   2.7954102e+01
   3.0902400e+05   5.2368164e+01
   3.0903400e+05   2.1850586e+01
   3.0906800e+05   6.0791016e+01
   3.0908600e+05   2.3742676e+01
   3.0910600e+05   1.9897461e+01
   3.0913100e+05   4.3579102e+01
   3.0914200e+05   1.8859863e+01
   3.0918900e+05   2.0996094e+01
   3.0925700e+05   1.8066406e+01
   3.0929500e+05   2.5695801e+01
   3.0935600e+05   1.8127441e+01
   3.0941900e+05   2.9602051e+01
   3.1794600e+05   2.0019531e+01
   3.1796100e+05   3.2287598e+01
   3.1797300e+05   1.9226074e+01
   3.1799000e+05   2.4230957e+01
   3.1804100e+05   2.8503418e+01
   3.1806100e+05   1.7700195e+01
   3.1807600e+05   3.7536621e+01
   3.1808800e+05   2.5146484e+01
   3.1811000e+05   3.3020020e+01
   3.1812100e+05   5.9570312e+01
   3.1815800e+05   4.4128418e+01
   3.1816800e+05   4.0710449e+01
   3.1819700e+05   5.9448242e+01
   3.1821300e+05   2.7038574e+01
   3.1824300e+05   2.2583008e+01
   3.1826000e+05   4.2602539e+01
   3.1828700e+05   2.4230957e+01
   3.1829900e+05   2.8930664e+01
   3.1834300e+05   2.2949219e+01
   3.1836800e+05   4.2785645e+01
   3.1838300e+05   2.2399902e+01
   3.2983800e+05   2.3376465e+01
   3.2985300e+05   2.0141602e+01
   3.2987900e+05   3.0395508e+01
   3.2991200e+05   3.2470703e+01
   3.2993000e+05   7.1899414e+01
   3.2994100e+05   2.4841309e+01
   3.2997000e+05   5.2185059e+01
   3.2998100e+05   2.7465820e+01
   3.2999600e+05   6.0180664e+01
   3.3002000e+05   5.4504395e+01
   3.3003500e+05   3.8696289e+01
   3.3006200e+05   2.1484375e+01
   3.3007300e+05   3.8574219e+01
   3.3010800e+05   4.4067383e+01
   3.3013400e+05   2.1972656e+01
   3.3016200e+05   1.8920898e+01
   3.3018100e+05   2.5817871e+01
   3.3022100e+05   3.3447266e+01
   3.3023900e+05   1.8371582e+01
   3.3025500e+05   2.4841309e+01
   3.3028400e+05   2.4719238e+01
   3.3029900e+05   4.0283203e+01
   3.3036100e+05   2.2644043e+01
   3.3037900e+05   2.9296875e+01
   3.3039700e+05   2.3498535e+01
   3.3043300e+05   1.8432617e+01
   3.3048600e+05   2.2827148e+01
   3.4495800e+05   1.8005371e+01
   3.4635800e+05   1.8066406e+01
   3.4640200e+05   2.5939941e+01
   3.4642300e+05   2.2216797e+01
   3.4644500e+05   3.6376953e+01
   3.4645700e+05   4.2358398e+01
   3.4647900e+05   7.3364258e+01
   3.4649100e+05   3.6437988e+01
   3.4652000e+05   5.3466797e+01
   3.4653100e+05   1.7639160e+01
   3.4654600e+05   2.9785156e+01
   3.4655900e+05   4.2175293e+01
   3.4658400e+05   5.0109863e+01
   3.4659600e+05   4.7546387e+01
   3.4662400e+05   4.2785645e+01
   3.4664200e+05   2.7221680e+01
   3.4665400e+05   2.7709961e+01
   3.4666500e+05   2.1545410e+01
   3.4668300e+05   3.1127930e+01
   3.4670800e+05   1.7761230e+01
   3.4672700e+05   2.9602051e+01
   3.4674500e+05   1.9287109e+01
   3.4676400e+05   1.8493652e+01
   3.4679500e+05   1.9165039e+01
   3.4680900e+05   4.0222168e+01
   3.4684500e+05   1.9287109e+01
   3.4686100e+05   2.3376465e+01
   3.4688900e+05   2.7282715e+01
   3.4692600e+05   2.6611328e+01
   3.4694100e+05   1.9714355e+01
   3.4701000e+05   3.1555176e+01
   3.4703300e+05   2.1789551e+01
   3.4713400e+05   1.9470215e+01
   3.5859300e+05   2.1057129e+01
   3.5861600e+05   2.6550293e+01
   3.5862900e+05   2.6611328e+01
   3.5864800e+05   4.6264648e+01
   3.5867000e+05   4.1931152e+01
   3.5869300e+05   4.2663574e+01
   3.5872400e+05   4.8400879e+01
   3.5874100e+05   2.2583008e+01
   3.5876800e+05   3.8635254e+01
   3.5878300e+05   3.8452148e+01
   3.5879800e+05   4.7912598e+01
   3.5883300e+05   3.2775879e+01
   3.5885700e+05   4.6081543e+01
   3.5887700e+05   2.8808594e+01
   3.5889600e+05   2.6977539e+01
   3.5891400e+05   2.7465820e+01
   3.5893300e+05   3.2104492e+01
   3.5895700e+05   2.2766113e+01
   3.5898300e+05   2.2033691e+01
   3.5901300e+05   2.3193359e+01
   3.5906000e+05   2.2338867e+01
   3.5907100e+05   3.1372070e+01
   3.5908700e+05   1.7028809e+01
   3.5914200e+05   2.8015137e+01
   3.5916800e+05   2.0080566e+01
   3.5918800e+05   1.8249512e+01
   3.5925300e+05   2.1484375e+01
   3.5937900e+05   1.7639160e+01
   3.6884600e+05   2.6062012e+01
   3.6886600e+05   2.5695801e+01
   3.6888500e+05   3.1616211e+01
   3.6891400e+05   3.6499023e+01
   3.6894100e+05   3.8757324e+01
   3.6896900e+05   6.1279297e+01
   3.6898600e+05   3.1494141e+01
   3.6900500e+05   4.6936035e+01
   3.6901500e+05   3.9123535e+01
   3.6902800e+05   2.3315430e+01
   3.6904300e+05   3.8574219e+01
   3.6906000e+05   2.6123047e+01
   3.6908100e+05   2.2644043e+01
   3.6910700e+05   4.7607422e+01
   3.6912500e+05   5.3710938e+01
   3.6915400e+05   3.1066895e+01
   3.6917700e+05   3.4606934e+01
   3.6920100e+05   3.1188965e+01
   3.6921100e+05   2.2705078e+01
   3.6923500e+05   1.9226074e+01
   3.6925800e+05   2.4658203e+01
   3.6927500e+05   1.8615723e+01
   3.6931100e+05   1.7761230e+01
   3.6933100e+05   2.5634766e+01
   3.9797900e+05   1.7211914e+01
   4.1256200e+05   1.6662598e+01
   4.4283000e+05   1.8737793e+01
   4.7894400e+05   1.7456055e+01
   4.7931000e+05   1.7761230e+01
   5.8364100e+05   2.6428223e+01
   5.8369800e+05   2.6062012e+01
   5.8374000e+05   2.3437500e+01
   5.8379900e+05   2.4963379e+01
   7.0323100e+05   2.8259277e+01
   7.0329200e+05   2.8625488e+01
   7.0335900e+05   2.5329590e+01
   7.0384800e+05   2.2094727e+01
   7.0389200e+05   1.8737793e+01
   7.0522400e+05   2.9663086e+01
   7.0528600e+05   2.7404785e+01
   7.0532700e+05   2.0568848e+01
   7.2331300e+05   2.7893066e+01
   7.2333200e+05   1.7822266e+01
   7.2340100e+05   2.5146484e+01
   7.2342900e+05   1.8432617e+01
   7.5203000e+05   1.6967773e+01
   7.5605800e+05   1.8127441e+01
   7.5906400e+05   1.6723633e+01
   7.5983100e+05   1.6723633e+01
   7.5990700e+05   1.7333984e+01
   7.6017500e+05   1.9897461e+01
   7.6023100e+05   1.6784668e+01
   7.6035500e+05   1.8737793e+01
   7.6182000e+05   2.7465820e+01
   7.9594500e+05   2.5817871e+01
   7.9598900e+05   2.3254395e+01
   7.9602500e+05   1.6906738e+01
   7.9634200e+05   2.4597168e+01
   7.9649900e+05   1.7089844e+01
   7.9659000e+05   2.3620605e+01
   7.9674300e+05   1.9592285e+01
   7.9726600e+05   2.5878906e+01
   7.9741700e+05   2.1911621e+01
   7.9744600e+05   1.7211914e+01
   7.9758000e+05   2.2949219e+01
   7.9761500e+05   1.7028809e+01
   7.9775700e+05   2.1484375e+01
   7.9777200e+05   3.0029297e+01
   7.9785200e+05   1.8554688e+01
   7.9787000e+05   1.6723633e+01
   7.9795800e+05   1.8859863e+01
   7.9814500e+05   1.9897461e+01
   7.9817800e+05   1.7150879e+01
   7.9870700e+05   2.3132324e+01
   8.0648500e+05   1.7517090e+01
   8.3258200e+05   1.6906738e+01
   8.3362900e+05   1.8676758e+01
   8.3564000e+05   2.7221680e+01
   8.3568700e+05   2.5268555e+01
   8.3717400e+05   1.9409180e+01
   8.4559200e+05   1.6967773e+01
   8.5855100e+05   2.1301270e+01
   8.5858600e+05   2.3315430e+01
   8.5864800e+05   1.8310547e+01
   8.5867900e+05   1.9897461e+01
   8.5872700e+05   1.7761230e+01
   8.5882300e+05   1.8127441e+01
   8.5887700e+05   3.0517578e+01
   8.5889200e+05   1.8859863e+01
   8.5893200e+05   1.9348145e+01
   8.5901400e+05   1.9836426e+01
   8.5908000e+05   1.8005371e+01
   8.5909100e+05   3.3203125e+01
   8.5916700e+05   1.9592285e+01
   8.5919200e+05   2.7343750e+01
   8.5925900e+05   1.7822266e+01
   8.5928800e+05   1.7700195e+01
   8.5931100e+05   1.8005371e+01
   8.5934100e+05   2.2644043e+01
   8.5937300e+05   4.3518066e+01
   8.5939600e+05   1.9775391e+01
   8.5958900e+05   1.6723633e+01
   8.5977300e+05   2.5024414e+01
   8.6519600e+05   1.7333984e+01
   8.6950600e+05   1.8676758e+01
   8.8373700e+05   1.7272949e+01
   8.9610400e+05   1.7028809e+01
   8.9639200e+05   1.6784668e+01
   8.9642600e+05   2.8625488e+01
   8.9647300e+05   2.3010254e+01
   8.9650600e+05   3.1982422e+01
   8.9659200e+05   4.0954590e+01
   8.9662500e+05   1.9897461e+01
   8.9665000e+05   3.4729004e+01
   8.9676200e+05   1.6662598e+01
   8.9681500e+05   1.8554688e+01
   8.9692900e+05   2.6916504e+01
   8.9696500e+05   1.6906738e+01
   8.9710200e+05   1.6784668e+01
   8.9742900e+05   1.8493652e+01
   9.0594600e+05   1.7395020e+01
   9.2144900e+05   1.7944336e+01
   9.2148300e+05   2.4291992e+01
   9.2163400e+05   2.9357910e+01
   9.2165300e+05   1.8432617e+01
   9.2168900e+05   2.1911621e+01
   9.2187400e+05   1.7028809e+01
   9.2192300e+05   1.9042969e+01
   9.2208500e+05   2.4597168e+01
   9.2229300e+05   1.7822266e+01
   9.2233200e+05   1.8981934e+01
   9.2237300e+05   3.1127930e+01
   9.2240400e+05   1.7761230e+01
   9.2242400e+05   2.7221680e+01
   9.2244500e+05   1.6723633e+01
   9.2247200e+05   1.9775391e+01
   9.2257200e+05   1.8371582e+01
   9.2260700e+05   1.7517090e+01
   9.2263400e+05   2.0202637e+01
   9.2271700e+05   1.8981934e+01
   9.2292600e+05   1.6967773e+01
   9.2297700e+05   1.8676758e+01
   9.2305500e+05   2.1301270e+01
   9.5455100e+05   1.7028809e+01
   9.5458600e+05   1.7211914e+01
   9.5463000e+05   2.6916504e+01
   9.5467500e+05   1.8737793e+01
   9.5472200e+05   1.8310547e+01
   9.5474700e+05   1.8737793e+01
   9.5478300e+05   3.5217285e+01
   9.5479400e+05   4.1931152e+01
   9.5484600e+05   2.1179199e+01
   9.5488700e+05   2.4536133e+01
   9.5489700e+05   2.6245117e+01
   9.5493400e+05   2.8320312e+01
   9.5498900e+05   1.7028809e+01
   9.5507400e+05   1.6845703e+01
   9.5522700e+05   2.2399902e+01
   9.5527600e+05   1.6845703e+01
   9.5557000e+05   1.7272949e+01
   9.7513100e+05   1.8371582e+01
   9.8103500e+05   2.1972656e+01
   9.8104900e+05   1.7639160e+01
   9.8113400e+05   1.6723633e+01
   9.8118600e+05   4.0161133e+01
   9.8131700e+05   2.6062012e+01
   9.8136900e+05   1.7578125e+01
   9.8143400e+05   1.7517090e+01
   9.8145200e+05   1.8981934e+01
   9.8148000e+05   1.7028809e+01
   9.8152800e+05   2.1789551e+01
   9.8155800e+05   1.9409180e+01
   9.8162000e+05   2.3620605e+01
   9.8164300e+05   1.8310547e+01
   9.8167300e+05   1.7395020e+01
   9.8169200e+05   2.0812988e+01
   9.8181300e+05   1.8676758e+01
   9.8183700e+05   2.3864746e+01
   9.8191700e+05   1.7578125e+01
   9.9026400e+05   1.7333984e+01
   1.0010860e+06   1.9531250e+01
   1.0011470e+06   3.9978027e+01
   1.0011610e+06   2.5024414e+01
   1.0011930e+06   1.8737793e+01
   1.0012220e+06   5.1574707e+01
   1.0012520e+06   3.5522461e+01
   1.0013070e+06   1.7272949e+01
   1.0013420e+06   2.6550293e+01
   1.0014780e+06   1.8371582e+01
   1.0015710e+06   1.8920898e+01
   1.0280390e+06   1.8737793e+01
   1.0280610e+06   1.7456055e+01
   1.0280740e+06   3.3691406e+01
   1.0281010e+06   2.0019531e+01
   1.0281240e+06   6.5734863e+01
   1.0281350e+06   4.2114258e+01
   1.0281630e+06   2.0690918e+01
   1.0281920e+06   2.9235840e+01
   1.0282090e+06   2.4902344e+01
   1.0282550e+06   2.2094727e+01
   1.0283000e+06   1.8676758e+01
   1.0283550e+06   2.4841309e+01
   1.0283970e+06   1.6662598e+01
   1.0284480e+06   2.2521973e+01
   1.0284760e+06   2.3132324e+01
   1.0285080e+06   1.8066406e+01
   1.0285330e+06   1.8127441e+01
   1.0286080e+06   2.1423340e+01
   1.0286230e+06   1.8188477e+01
   1.0286890e+06   1.8676758e+01
   1.0287540e+06   1.6845703e+01
   1.0288840e+06   4.6752930e+01
   1.0289050e+06   1.6845703e+01
   1.0290900e+06   2.0324707e+01
   1.0517020e+06   1.8554688e+01
   1.0517280e+06   1.8066406e+01
   1.0517590e+06   1.6967773e+01
   1.0517810e+06   3.8024902e+01
   1.0518040e+06   2.7282715e+01
   1.0518270e+06   1.7944336e+01
   1.0518490e+06   3.0090332e+01
   1.0518690e+06   3.4545898e+01
   1.0518870e+06   1.9409180e+01
   1.0519220e+06   2.8869629e+01
   1.0519410e+06   1.8493652e+01
   1.0520480e+06   2.4108887e+01
   1.0520930e+06   2.0874023e+01
   1.0521250e+06   2.1728516e+01
   1.0522550e+06   1.7456055e+01
   1.0523640e+06   1.9897461e+01
   1.0523980e+06   1.8371582e+01
   1.0587480e+06   1.6845703e+01
   1.0782950e+06   2.1301270e+01
   1.0783270e+06   1.6784668e+01
   1.0783480e+06   3.2592773e+01
   1.0783640e+06   4.3395996e+01
   1.0783850e+06   2.0629883e+01
   1.0784000e+06   2.7038574e+01
   1.0784190e+06   2.1240234e+01
   1.0784560e+06   3.0944824e+01
   1.0784930e+06   4.7302246e+01
   1.0785350e+06   1.8432617e+01
   1.0787740e+06   2.1057129e+01
   1.0788290e+06   1.8493652e+01
   1.0788640e+06   2.2460938e+01
   1.0790310e+06   1.7089844e+01
   1.0790870e+06   2.8991699e+01
   1.0791770e+06   2.1057129e+01
   1.0880290e+06   1.8005371e+01
   1.1005970e+06   1.7517090e+01
   1.1006870e+06   1.8432617e+01
   1.1007130e+06   1.8371582e+01
   1.1007360e+06   1.8188477e+01
   1.1007560e+06   2.6184082e+01
   1.1007900e+06   3.1433105e+01
   1.1008190e+06   1.7211914e+01
   1.1008300e+06   3.2470703e+01
   1.1008420e+06   3.2348633e+01
   1.1008540e+06   2.2277832e+01
   1.1008740e+06   2.6123047e+01
   1.1008840e+06   2.3376465e+01
   1.1008980e+06   2.9235840e+01
   1.1009250e+06   2.6794434e+01
   1.1009470e+06   1.7761230e+01
   1.1009780e+06   1.7150879e+01
   1.1010820e+06   1.9470215e+01
   1.1099330e+06   1.7944336e+01
   1.1158240e+06   1.7456055e+01
   1.1163360e+06   2.5451660e+01
   1.1163530e+06   2.1423340e+01
   1.1163710e+06   1.8493652e+01
   1.1163920e+06   2.3193359e+01
   1.1164180e+06   1.7700195e+01
   1.1164280e+06   2.3437500e+01
   1.1164390e+06   2.2583008e+01
   1.1164710e+06   4.0405273e+01
   1.1165000e+06   2.1484375e+01
   1.1166010e+06   2.9846191e+01
   1.1166370e+06   1.6723633e+01
   1.1166960e+06   2.2521973e+01
   1.1249220e+06   1.7578125e+01
   1.1249490e+06   2.8991699e+01
   1.1249820e+06   1.9165039e+01
   1.1250000e+06   2.1789551e+01
   1.1250180e+06   4.2236328e+01
   1.1250310e+06   1.8371582e+01
   1.1250600e+06   3.3935547e+01
   1.1250940e+06   2.1728516e+01
   1.1251140e+06   3.5339355e+01
   1.1251410e+06   2.0080566e+01
   1.1251600e+06   1.8920898e+01
   1.1252170e+06   1.9653320e+01
   1.1298820e+06   1.7517090e+01
   1.1314800e+06   1.8127441e+01
   1.1336730e+06   1.7333984e+01
   1.1336830e+06   3.1433105e+01
   1.1337070e+06   2.5390625e+01
   1.1337330e+06   2.8747559e+01
   1.1337550e+06   1.8310547e+01
   1.1337810e+06   2.4230957e+01
   1.1337990e+06   3.2714844e+01
   1.1338230e+06   2.2277832e+01
   1.1338410e+06   1.9592285e+01
   1.1338630e+06   2.3559570e+01
   1.1338880e+06   2.3254395e+01
   1.1339080e+06   2.5207520e+01
   1.1339250e+06   2.0568848e+01
   1.1388520e+06   1.6723633e+01
   1.1422170e+06   1.8981934e+01
   1.1422380e+06   3.4606934e+01
   1.1422670e+06   2.8564453e+01
   1.1422870e+06   3.4545898e+01
   1.1423020e+06   1.9592285e+01
   1.1423270e+06   3.8146973e+01
   1.1423420e+06   2.8808594e+01
   1.1423840e+06   3.0822754e+01
   1.1423950e+06   1.8188477e+01
   1.1424260e+06   1.7333984e+01
   1.1424570e+06   1.7272949e+01
   1.1424750e+06   1.7700195e+01
   1.1499110e+06   2.2277832e+01
   1.1500180e+06   1.7517090e+01
   1.1500510e+06   2.9113770e+01
   1.1500830e+06   1.9531250e+01
   1.1501020e+06   2.0324707e+01
   1.1501190e+06   3.1372070e+01
   1.1501480e+06   2.0568848e+01
   1.1501580e+06   1.7211914e+01
   1.1501870e+06   2.0202637e+01
   1.1502020e+06   3.3935547e+01
   1.1502490e+06   2.8015137e+01
   1.1502830e+06   3.4545898e+01
   1.1543590e+06   1.8554688e+01
   1.1567860e+06   1.8005371e+01
   1.1568570e+06   2.2277832e+01
   1.1568790e+06   2.0812988e+01
   1.1568950e+06   1.7517090e+01
   1.1569260e+06   2.2155762e+01
   1.1569360e+06   2.6550293e+01
   1.1569580e+06   2.8076172e+01
   1.1569820e+06   2.0568848e+01
   1.1570110e+06   3.4240723e+01
   1.1570260e+06   1.6906738e+01
   1.1570620e+06   1.6723633e+01
   1.1571400e+06   2.9113770e+01
   1.1614760e+06   1.8310547e+01
   1.1643300e+06   1.8249512e+01
   1.1643760e+06   1.8798828e+01
   1.1644040e+06   2.3376465e+01
   1.1644300e+06   3.3203125e+01
   1.1644590e+06   2.0324707e+01
   1.1644720e+06   3.0456543e+01
   1.1644910e+06   3.0273438e+01
   1.1645110e+06   1.7272949e+01
   1.1645390e+06   2.2338867e+01
   1.1645610e+06   2.4414062e+01
   1.1645800e+06   2.5024414e+01
   1.1646360e+06   3.1738281e+01
   1.1646470e+06   1.7150879e+01
   1.1647270e+06   1.9226074e+01
   1.1725200e+06   1.8859863e+01
   1.1725430e+06   2.0812988e+01
   1.1725740e+06   1.8005371e+01
   1.1725840e+06   3.0883789e+01
   1.1726000e+06   3.5827637e+01
   1.1726290e+06   2.8381348e+01
   1.1726580e+06   2.6062012e+01
   1.1726730e+06   1.7822266e+01
   1.1726930e+06   1.8371582e+01
   1.1727410e+06   2.1667480e+01
   1.1799810e+06   1.8066406e+01
   1.1800050e+06   3.9916992e+01
   1.1800530e+06   1.8798828e+01
   1.1800690e+06   2.4963379e+01
   1.1800830e+06   1.9531250e+01
   1.1801070e+06   1.7456055e+01
   1.1801380e+06   3.0761719e+01
   1.1801550e+06   2.4841309e+01
   1.1801790e+06   1.6662598e+01
   1.1802090e+06   1.9165039e+01
   1.1802300e+06   2.1850586e+01
   1.1802700e+06   2.7709961e+01
   1.1844940e+06   1.7639160e+01
   1.1846020e+06   1.8981934e+01
   1.1846140e+06   2.5085449e+01
   1.1846370e+06   1.9042969e+01
   1.1846630e+06   1.7883301e+01
   1.1846950e+06   1.6723633e+01
   1.1878900e+06   1.7150879e+01
   1.1879240e+06   1.9409180e+01
   1.1879510e+06   2.2583008e+01
   1.1879890e+06   2.7465820e+01
   1.1880180e+06   3.2287598e+01
   1.1880450e+06   2.0935059e+01
   1.1880760e+06   2.8381348e+01
   1.1880920e+06   2.4902344e+01
   1.1881690e+06   1.7456055e+01
   1.1881860e+06   1.9958496e+01
   1.1946970e+06   2.0874023e+01
   1.1947350e+06   1.8249512e+01
   1.1947470e+06   2.3254395e+01
   1.1947680e+06   2.1606445e+01
   1.1947790e+06   2.3803711e+01
   1.1948030e+06   4.0222168e+01
   1.1948200e+06   2.2216797e+01
   1.1948430e+06   2.1606445e+01
   1.1949970e+06   2.4291992e+01
   1.1993530e+06   1.8005371e+01
   1.2017470e+06   1.7150879e+01
   1.2017870e+06   1.8066406e+01
   1.2018100e+06   1.8127441e+01
   1.2018370e+06   1.9042969e+01
   1.2018670e+06   1.9348145e+01
   1.2018870e+06   1.9165039e+01
   1.2019180e+06   2.0751953e+01
   1.2019710e+06   2.9052734e+01
   1.2020800e+06   2.0263672e+01
   1.2077600e+06   2.0629883e+01
   1.2077940e+06   2.1911621e+01
   1.2078120e+06   1.8127441e+01
   1.2078390e+06   2.1179199e+01
   1.2078740e+06   2.0446777e+01
   1.2079090e+06   1.8432617e+01
   1.2079340e+06   1.7517090e+01
   1.2149970e+06   1.8859863e+01
   1.2150330e+06   2.2766113e+01
   1.2150650e+06   2.1118164e+01
   1.2151080e+06   3.4362793e+01
   1.2151180e+06   4.5043945e+01
   1.2151380e+06   2.1240234e+01
   1.2207470e+06   1.7028809e+01
   1.2207860e+06   1.9958496e+01
   1.2208410e+06   1.8676758e+01
   1.2208560e+06   2.3742676e+01
   1.2208940e+06   2.0935059e+01
   1.2209060e+06   1.6662598e+01
   1.2209430e+06   1.8127441e+01
   1.2209540e+06   1.9592285e+01
   1.2210770e+06   2.0690918e+01
   1.2254440e+06   1.8981934e+01
   1.2254750e+06   1.7089844e+01
   1.2255140e+06   1.7517090e+01
   1.2256270e+06   2.7709961e+01
   1.2292690e+06   1.9958496e+01
   1.2292850e+06   1.7028809e+01
   1.2293180e+06   3.3874512e+01
   1.2293770e+06   2.1789551e+01
   1.2293970e+06   1.6784668e+01
   1.2295250e+06   1.9104004e+01
   1.2339960e+06   1.8981934e+01
   1.2340440e+06   1.8432617e+01
   1.2340770e+06   1.9104004e+01
   1.2342220e+06   2.0019531e+01
   1.2390840e+06   1.7333984e+01
   1.2391050e+06   1.9409180e+01
   1.2391290e+06   2.2888184e+01
   1.2391800e+06   2.0874023e+01
   1.2392200e+06   1.9836426e+01
   1.2392370e+06   1.7822266e+01
   1.2392980e+06   1.9409180e+01
   1.2393480e+06   2.2399902e+01
   1.2446380e+06   1.7272949e+01
   1.2446670e+06   1.6784668e+01
   1.2447180e+06   2.1179199e+01
   1.2448080e+06   2.7160645e+01
   1.2506880e+06   1.8005371e+01
   1.2507210e+06   1.6967773e+01
   1.2507340e+06   1.9897461e+01
   1.2507670e+06   2.3742676e+01
   1.2507790e+06   2.4780273e+01
   1.2508000e+06   2.0690918e+01
   1.2508430e+06   2.6977539e+01
   1.2580710e+06   1.6784668e+01
   1.2581010e+06   1.8005371e+01
   1.2581260e+06   1.8493652e+01
   1.2581360e+06   1.9348145e+01
   1.2581680e+06   1.9287109e+01
   1.2582030e+06   1.7578125e+01
   1.2582340e+06   2.0019531e+01
   1.2658650e+06   2.2094727e+01
   1.2658940e+06   1.7395020e+01
   1.2659190e+06   1.7456055e+01
   1.2659700e+06   1.6906738e+01
   1.2732720e+06   1.7028809e+01
   1.2732840e+06   1.7578125e+01
   1.2733160e+06   2.6489258e+01
   1.2733600e+06   3.1921387e+01
   1.2734760e+06   2.0202637e+01
   1.2806020e+06   1.9958496e+01
   1.2806280e+06   1.8920898e+01
   1.2807090e+06   2.0446777e+01
   1.2807620e+06   1.9226074e+01
   1.2811290e+06   1.9470215e+01
   1.2878410e+06   1.6723633e+01
   1.2878780e+06   1.8554688e+01
   1.2879440e+06   2.5024414e+01
   1.2879630e+06   1.7517090e+01
   1.2880000e+06   1.7578125e+01
   1.2880940e+06   2.2644043e+01
   1.2881170e+06   2.0080566e+01
   1.2947120e+06   1.9592285e+01
   1.2947430e+06   2.2094727e+01
   1.2947850e+06   1.7211914e+01
   1.2948000e+06   1.9348145e+01
   1.2948690e+06   1.8920898e+01
   1.2949040e+06   1.9409180e+01
   1.3025380e+06   1.7639160e+01
   1.3025640e+06   1.8859863e+01
   1.3025870e+06   1.8493652e+01
   1.3026010e+06   2.8869629e+01
   1.3026290e+06   1.9287109e+01
   1.3026570e+06   2.0629883e+01
   1.3027210e+06   1.9897461e+01
   1.3027520e+06   1.8615723e+01
   1.3112760e+06   1.8066406e+01
   1.3113270e+06   2.1667480e+01
   1.3113710e+06   1.8249512e+01
   1.3113870e+06   1.7028809e+01
   1.3114560e+06   1.7700195e+01
   1.3114810e+06   1.9226074e+01
   1.3115280e+06   1.6845703e+01
   1.3199940e+06   1.9165039e+01
   1.3200690e+06   1.7395020e+01
   1.3200910e+06   3.0273438e+01
   1.3201340e+06   2.1911621e+01
   1.3201670e+06   1.7333984e+01
   1.3201850e+06   1.9287109e+01
   1.3202310e+06   2.9479980e+01
   1.3296030e+06   1.7700195e+01
   1.3296350e+06   1.8493652e+01
   1.3296470e+06   2.0568848e+01
   1.3297300e+06   2.8442383e+01
   1.3297790e+06   1.9653320e+01
   1.3298130e+06   1.7089844e+01
   1.3298400e+06   1.9775391e+01
   1.3298580e+06   2.0019531e+01
   1.3388220e+06   1.9531250e+01
   1.3389030e+06   1.8676758e+01
   1.3389260e+06   2.0874023e+01
   1.3389610e+06   2.0202637e+01
   1.3390050e+06   3.6376953e+01
   1.3390640e+06   1.8615723e+01
   1.3390910e+06   2.1057129e+01
   1.3480110e+06   1.8066406e+01
   1.3480580e+06   2.0263672e+01
   1.3480840e+06   1.8310547e+01
   1.3481260e+06   1.7089844e+01
   1.3481370e+06   3.7597656e+01
   1.3481530e+06   1.8066406e+01
   1.3481880e+06   1.6662598e+01
   1.3482020e+06   1.7395020e+01
   1.3482280e+06   1.9165039e+01
   1.3483020e+06   1.7150879e+01
   1.3483250e+06   2.4658203e+01
   1.3591220e+06   1.8737793e+01
   1.3591710e+06   1.7211914e+01
   1.3591900e+06   1.7028809e+01
   1.3592220e+06   1.6906738e+01
   1.3592350e+06   1.7944336e+01
   1.3592550e+06   1.8066406e+01
   1.3592660e+06   2.2827148e+01
   1.3592910e+06   2.4719238e+01
   1.3593050e+06   1.9897461e+01
   1.3593470e+06   2.3559570e+01
   1.3593690e+06   1.7456055e+01
   1.3594390e+06   2.2399902e+01
   1.3595250e+06   2.0568848e+01
   1.3596270e+06   1.7272949e+01
   1.3685330e+06   1.7333984e+01
   1.3685430e+06   2.1301270e+01
   1.3686260e+06   2.0141602e+01
   1.3686360e+06   1.7883301e+01
   1.3686790e+06   2.2399902e+01
   1.3687100e+06   2.7770996e+01
   1.3687410e+06   2.3559570e+01
   1.3687530e+06   2.0446777e+01
   1.3687630e+06   1.9287109e+01
   1.3687930e+06   2.8869629e+01
   1.3688170e+06   1.7395020e+01
   1.3688810e+06   1.7211914e+01
   1.3688960e+06   3.0883789e+01
   1.3689250e+06   2.0019531e+01
   1.3689780e+06   2.0263672e+01
   1.3690010e+06   2.1484375e+01
   1.3793690e+06   1.6967773e+01
   1.3794350e+06   2.0263672e+01
   1.3794660e+06   1.9104004e+01
   1.3794890e+06   1.9042969e+01
   1.3795120e+06   3.0761719e+01
   1.3795270e+06   2.9724121e+01
   1.3795520e+06   2.4414062e+01
   1.3795680e+06   2.5024414e+01
   1.3795910e+06   2.5146484e+01
   1.3796090e+06   2.5329590e+01
   1.3796270e+06   1.8066406e+01
   1.3796720e+06   1.7272949e+01
   1.3796830e+06   2.1911621e+01
   1.3797790e+06   1.8249512e+01
   1.3800030e+06   1.7456055e+01
   1.3889970e+06   1.8188477e+01
   1.3890370e+06   1.7883301e+01
   1.3890740e+06   1.8310547e+01
   1.3890880e+06   2.5512695e+01
   1.3891230e+06   2.5695801e+01
   1.3891390e+06   2.0019531e+01
   1.3891710e+06   3.3325195e+01
   1.3891890e+06   2.1301270e+01
   1.3892030e+06   2.3376465e+01
   1.3892290e+06   2.1057129e+01
   1.3892680e+06   2.0080566e+01
   1.3892810e+06   2.9357910e+01
   1.3893030e+06   2.7282715e+01
   1.3893130e+06   2.5756836e+01
   1.3893570e+06   1.8615723e+01
   1.3893930e+06   1.7761230e+01
   1.3894130e+06   1.8615723e+01
   1.3894560e+06   2.1057129e+01
   1.3992720e+06   1.8554688e+01
   1.3993600e+06   1.8554688e+01
   1.3993910e+06   1.6662598e+01
   1.3994090e+06   2.6550293e+01
   1.3994260e+06   1.8920898e+01
   1.3994550e+06   2.3803711e+01
   1.3994770e+06   4.6203613e+01
   1.3994870e+06   1.6784668e+01
   1.3995140e+06   2.6062012e+01
   1.3995450e+06   2.3498535e+01
   1.3995610e+06   2.4047852e+01
   1.3995940e+06   2.7954102e+01
   1.3996130e+06   3.5888672e+01
   1.3996300e+06   2.3925781e+01
   1.3996410e+06   2.4475098e+01
   1.3996560e+06   1.8981934e+01
   1.3996900e+06   2.9785156e+01
   1.3997130e+06   2.1545410e+01
   1.3998060e+06   1.8493652e+01
   1.4097330e+06   1.7883301e+01
   1.4098430e+06   1.8432617e+01
   1.4098710e+06   1.8066406e+01
   1.4098970e+06   3.0578613e+01
   1.4099290e+06   2.7832031e+01
   1.4099640e+06   1.6723633e+01
   1.4099900e+06   3.5827637e+01
   1.4100010e+06   3.1188965e+01
   1.4100140e+06   2.3132324e+01
   1.4100350e+06   2.9479980e+01
   1.4100540e+06   1.8859863e+01
   1.4100660e+06   2.6672363e+01
   1.4100980e+06   3.3447266e+01
   1.4101130e+06   1.9348145e+01
   1.4101420e+06   2.3925781e+01
   1.4220440e+06   1.8188477e+01
   1.4220900e+06   3.0822754e+01
   1.4221000e+06   2.8564453e+01
   1.4221220e+06   1.6662598e+01
   1.4221600e+06   2.0629883e+01
   1.4221730e+06   1.8371582e+01
   1.4222000e+06   2.2277832e+01
   1.4222550e+06   2.1911621e+01
   1.4222760e+06   3.7719727e+01
   1.4222890e+06   2.3071289e+01
   1.4223100e+06   2.3254395e+01
   1.4223370e+06   2.5451660e+01
   1.4223730e+06   2.1484375e+01
   1.4223930e+06   4.9621582e+01
   1.4224110e+06   2.4719238e+01
   1.4224320e+06   2.3315430e+01
   1.4224600e+06   1.8859863e+01
   1.4224870e+06   3.0822754e+01
   1.4225250e+06   1.8249512e+01
   1.4226270e+06   1.7028809e+01
   1.4226730e+06   1.6845703e+01
   1.4329230e+06   1.9042969e+01
   1.4329550e+06   2.0324707e+01
   1.4329780e+06   2.4963379e+01
   1.4329980e+06   3.1921387e+01
   1.4330100e+06   2.1240234e+01
   1.4330310e+06   1.7761230e+01
   1.4330640e+06   1.7028809e+01
   1.4330780e+06   1.9409180e+01
   1.4331120e+06   1.9287109e+01
   1.4331400e+06   4.1442871e+01
   1.4331540e+06   1.8310547e+01
   1.4331770e+06   2.6489258e+01
   1.4331930e+06   1.8310547e+01
   1.4332080e+06   3.2165527e+01
   1.4332460e+06   1.7089844e+01
   1.4332640e+06   2.2644043e+01
   1.4332940e+06   3.9489746e+01
   1.4333040e+06   3.0090332e+01
   1.4333330e+06   1.7211914e+01
   1.4333700e+06   2.2644043e+01
   1.4334300e+06   1.6784668e+01
   1.4335110e+06   1.7944336e+01
   1.4335250e+06   1.9409180e+01
   1.4446130e+06   1.8615723e+01
   1.4446680e+06   1.8615723e+01
   1.4446820e+06   2.9907227e+01
   1.4446980e+06   2.5268555e+01
   1.4447140e+06   2.6855469e+01
   1.4447460e+06   3.6010742e+01
   1.4447700e+06   2.5329590e+01
   1.4447910e+06   2.4719238e+01
   1.4448070e+06   3.3874512e+01
   1.4448270e+06   1.7211914e+01
   1.4448450e+06   3.3203125e+01
   1.4448630e+06   1.7944336e+01
   1.4448790e+06   3.3203125e+01
   1.4449080e+06   3.7109375e+01
   1.4449200e+06   2.0019531e+01
   1.4449320e+06   2.8137207e+01
   1.4449550e+06   2.8625488e+01
   1.4449700e+06   3.1738281e+01
   1.4449840e+06   1.9226074e+01
   1.4450060e+06   2.8015137e+01
   1.4450200e+06   2.8930664e+01
   1.4450360e+06   1.7700195e+01
   1.4450580e+06   2.0324707e+01
   1.4450790e+06   1.7333984e+01
   1.4451990e+06   1.7150879e+01
   1.4576010e+06   1.9042969e+01
   1.4576120e+06   1.8432617e+01
   1.4576480e+06   2.4291992e+01
   1.4576580e+06   3.6376953e+01
   1.4576890e+06   3.0639648e+01
   1.4577130e+06   4.2541504e+01
   1.4577240e+06   2.4475098e+01
   1.4577510e+06   3.8024902e+01
   1.4577800e+06   1.9042969e+01
   1.4578100e+06   3.1616211e+01
   1.4578270e+06   2.5756836e+01
   1.4578530e+06   2.6245117e+01
   1.4578670e+06   3.8452148e+01
   1.4578910e+06   3.1188965e+01
   1.4579120e+06   4.4189453e+01
   1.4579320e+06   2.6428223e+01
   1.4579450e+06   2.0812988e+01
   1.4579670e+06   1.6967773e+01
   1.4579950e+06   4.3701172e+01
   1.4580100e+06   1.7272949e+01
   1.4580270e+06   2.7832031e+01
   1.4580610e+06   1.9531250e+01
   1.4581730e+06   2.0263672e+01
   1.4695880e+06   1.8737793e+01
   1.4696610e+06   2.2888184e+01
   1.4696800e+06   1.8127441e+01
   1.4697260e+06   3.7719727e+01
   1.4697410e+06   2.0446777e+01
   1.4697740e+06   3.1982422e+01
   1.4698080e+06   2.7282715e+01
   1.4698190e+06   2.0141602e+01
   1.4698290e+06   3.7170410e+01
   1.4698420e+06   2.4475098e+01
   1.4698580e+06   2.8076172e+01
   1.4698790e+06   2.7709961e+01
   1.4699030e+06   2.1911621e+01
   1.4699350e+06   4.8645020e+01
   1.4699520e+06   3.6804199e+01
   1.4699760e+06   3.2043457e+01
   1.4700110e+06   4.1076660e+01
   1.4700230e+06   3.2775879e+01
   1.4700480e+06   2.4597168e+01
   1.4700750e+06   2.5329590e+01
   1.4700910e+06   2.3254395e+01
   1.4701180e+06   1.9409180e+01
   1.4701810e+06   1.9775391e+01
   1.4702240e+06   1.8493652e+01
   1.4702590e+06   1.8249512e+01
   1.4808790e+06   1.6723633e+01
   1.4809000e+06   2.6123047e+01
   1.4809250e+06   3.7719727e+01
   1.4809530e+06   3.5583496e+01
   1.4809670e+06   4.3518066e+01
   1.4809960e+06   4.3945312e+01
   1.4810090e+06   6.2683105e+01
   1.4810290e+06   5.8898926e+01
   1.4810440e+06   2.9296875e+01
   1.4810600e+06   3.5217285e+01
   1.4810790e+06   2.4169922e+01
   1.4810990e+06   3.2653809e+01
   1.4811230e+06   2.7099609e+01
   1.4811350e+06   3.1677246e+01
   1.4811570e+06   2.4902344e+01
   1.4811700e+06   2.6367188e+01
   1.4811940e+06   2.7954102e+01
   1.4812250e+06   1.8432617e+01
   1.4812440e+06   1.9714355e+01
   1.4812670e+06   1.9226074e+01
   1.4813110e+06   1.7028809e+01
   1.4813500e+06   3.2775879e+01
   1.4813720e+06   1.9592285e+01
   1.4814450e+06   2.0446777e+01
   1.4857250e+06   1.7700195e+01
   1.4860810e+06   2.1850586e+01
   1.4895470e+06   2.0874023e+01
   1.4895850e+06   2.2277832e+01
   1.4896140e+06   3.2714844e+01
   1.4896290e+06   1.8920898e+01
   1.4896660e+06   2.2521973e+01
   1.4896870e+06   2.6306152e+01
   1.4897070e+06   2.7099609e+01
   1.4897300e+06   4.5715332e+01
   1.4897420e+06   2.5085449e+01
   1.4897550e+06   2.1911621e+01
   1.4897780e+06   1.8310547e+01
   1.4897970e+06   2.6428223e+01
   1.4898340e+06   1.6845703e+01
   1.4898670e+06   2.5817871e+01
   1.4898980e+06   1.8066406e+01
   1.4899130e+06   3.4545898e+01
   1.4899400e+06   1.8249512e+01
   1.4899930e+06   1.7395020e+01
   1.4900050e+06   1.8676758e+01
   1.4900360e+06   2.3803711e+01
   1.4900580e+06   3.1188965e+01
   1.4900890e+06   2.1301270e+01
   1.4901110e+06   2.4475098e+01
   1.4901380e+06   3.0334473e+01
   1.4901840e+06   2.4291992e+01
   1.4972540e+06   1.8249512e+01
   1.4972830e+06   2.0629883e+01
   1.4972980e+06   1.6967773e+01
   1.4973210e+06   3.4057617e+01
   1.4973750e+06   1.7822266e+01
   1.4974000e+06   3.8208008e+01
   1.4974120e+06   1.7578125e+01
   1.4974700e+06   2.3986816e+01
   1.4974860e+06   2.3986816e+01
   1.4975180e+06   2.4963379e+01
   1.4975890e+06   1.9714355e+01
   1.4976730e+06   2.1606445e+01
   1.4976870e+06   1.8981934e+01
   1.4978730e+06   1.7578125e+01
   1.4979230e+06   1.8371582e+01
   1.4979480e+06   1.9897461e+01
   1.4979780e+06   2.4047852e+01
   1.4979950e+06   1.7456055e+01
   1.4980110e+06   1.9592285e+01
   1.4980320e+06   1.9714355e+01
   1.4980590e+06   3.7902832e+01
   1.4980690e+06   2.8564453e+01
   1.4980900e+06   1.7028809e+01
   1.4981200e+06   1.8676758e+01
   1.5116670e+06   1.8676758e+01
   1.5117180e+06   2.2949219e+01
   1.5117390e+06   2.4597168e+01
   1.5117640e+06   3.5583496e+01
   1.5117910e+06   3.8818359e+01
   1.5118110e+06   2.4108887e+01
   1.5118420e+06   4.4860840e+01
   1.5118530e+06   4.0649414e+01
   1.5118700e+06   1.9226074e+01
   1.5118890e+06   2.3742676e+01
   1.5119050e+06   3.0334473e+01
   1.5119320e+06   3.0212402e+01
   1.5119450e+06   2.1362305e+01
   1.5119660e+06   2.5024414e+01
   1.5119810e+06   3.8330078e+01
   1.5120200e+06   3.9123535e+01
   1.5120340e+06   3.4545898e+01
   1.5120710e+06   2.0507812e+01
   1.5121010e+06   4.9560547e+01
   1.5121210e+06   1.8859863e+01
   1.5121320e+06   1.8554688e+01
   1.5121760e+06   4.5104980e+01
   1.5122020e+06   2.4169922e+01
   1.5122230e+06   2.2216797e+01
   1.5262030e+06   1.9165039e+01
   1.5262330e+06   2.1057129e+01
   1.5262810e+06   2.2338867e+01
   1.5263000e+06   4.3212891e+01
   1.5263280e+06   2.1240234e+01
   1.5263570e+06   3.4179688e+01
   1.5263760e+06   2.8869629e+01
   1.5263900e+06   2.4169922e+01
   1.5264140e+06   2.8808594e+01
   1.5264370e+06   4.8828125e+01
   1.5264570e+06   2.5817871e+01
   1.5264710e+06   4.8400879e+01
   1.5264930e+06   3.9978027e+01
   1.5265130e+06   3.7109375e+01
   1.5265270e+06   5.1269531e+01
   1.5265630e+06   2.4047852e+01
   1.5265760e+06   5.0903320e+01
   1.5265900e+06   2.4841309e+01
   1.5266080e+06   2.4353027e+01
   1.5266270e+06   1.7089844e+01
   1.5266550e+06   4.3090820e+01
   1.5266850e+06   2.2705078e+01
   1.5267140e+06   1.9042969e+01
   1.5267580e+06   1.9165039e+01
   1.5267800e+06   2.0935059e+01
   1.5374420e+06   2.0690918e+01
   1.5374640e+06   2.5512695e+01
   1.5374800e+06   4.6997070e+01
   1.5375040e+06   3.2348633e+01
   1.5375240e+06   3.8757324e+01
   1.5375400e+06   3.1250000e+01
   1.5375710e+06   4.8828125e+01
   1.5375820e+06   5.1818848e+01
   1.5376040e+06   2.3010254e+01
   1.5376200e+06   4.2724609e+01
   1.5376490e+06   3.9062500e+01
   1.5376600e+06   7.3486328e+01
   1.5376850e+06   2.7648926e+01
   1.5377100e+06   4.2846680e+01
   1.5377260e+06   2.5085449e+01
   1.5377440e+06   1.7211914e+01
   1.5377650e+06   2.5451660e+01
   1.5377890e+06   3.5095215e+01
   1.5378030e+06   2.1545410e+01
   1.5378260e+06   1.8859863e+01
   1.5378640e+06   2.0690918e+01
   1.5378910e+06   1.7089844e+01
   1.5379340e+06   1.8798828e+01
   1.5459690e+06   1.7089844e+01
   1.5460500e+06   1.8493652e+01
   1.5460690e+06   5.8044434e+01
   1.5461210e+06   3.6804199e+01
   1.5461410e+06   1.9653320e+01
   1.5461530e+06   1.9348145e+01
   1.5461780e+06   1.9348145e+01
   1.5462070e+06   2.9663086e+01
   1.5462230e+06   1.7333984e+01
   1.5462530e+06   3.3203125e+01
   1.5462710e+06   2.2399902e+01
   1.5462990e+06   1.7517090e+01
   1.5463110e+06   1.7395020e+01
   1.5463540e+06   2.5390625e+01
   1.5463770e+06   2.4536133e+01
   1.5464060e+06   2.0324707e+01
   1.5464280e+06   2.6550293e+01
   1.5464750e+06   2.0568848e+01
   1.5464940e+06   1.9042969e+01
   1.5465430e+06   3.1127930e+01
   1.5465610e+06   2.4291992e+01
   1.5466290e+06   2.4963379e+01
   1.5467520e+06   1.6906738e+01
   1.5573020e+06   1.7089844e+01
   1.5573290e+06   3.7292480e+01
   1.5573580e+06   3.9123535e+01
   1.5573840e+06   2.2949219e+01
   1.5574020e+06   2.5756836e+01
   1.5574230e+06   2.5146484e+01
   1.5574370e+06   3.0273438e+01
   1.5574590e+06   2.6123047e+01
   1.5574900e+06   5.1818848e+01
   1.5575230e+06   3.6560059e+01
   1.5575350e+06   1.8493652e+01
   1.5575570e+06   6.3598633e+01
   1.5575850e+06   4.4128418e+01
   1.5576150e+06   3.0517578e+01
   1.5576280e+06   3.7292480e+01
   1.5576530e+06   3.2531738e+01
   1.5576730e+06   1.9714355e+01
   1.5577040e+06   3.2897949e+01
   1.5577250e+06   2.3986816e+01
   1.5577490e+06   1.6845703e+01
   1.5577740e+06   2.3498535e+01
   1.5578020e+06   1.8432617e+01
   1.5578560e+06   2.5390625e+01
   1.5578710e+06   1.8554688e+01
   1.5580570e+06   1.7456055e+01
   1.5698310e+06   2.3498535e+01
   1.5698580e+06   1.9470215e+01
   1.5698840e+06   4.7668457e+01
   1.5699080e+06   2.1301270e+01
   1.5699180e+06   2.4658203e+01
   1.5699440e+06   2.2766113e+01
   1.5699830e+06   4.5104980e+01
   1.5699990e+06   2.5024414e+01
   1.5700120e+06   2.9785156e+01
   1.5700370e+06   3.1555176e+01
   1.5700480e+06   3.3691406e+01
   1.5700620e+06   3.1860352e+01
   1.5700790e+06   3.4118652e+01
   1.5701160e+06   2.5634766e+01
   1.5701410e+06   5.6640625e+01
   1.5701550e+06   1.8615723e+01
   1.5701730e+06   2.6489258e+01
   1.5701970e+06   2.6245117e+01
   1.5702110e+06   3.0395508e+01
   1.5702380e+06   2.2521973e+01
   1.5702590e+06   1.8676758e+01
   1.5702960e+06   1.9348145e+01
   1.5703190e+06   2.0568848e+01
   1.5703380e+06   1.8005371e+01
   1.5707010e+06   1.9775391e+01
   1.5834440e+06   1.7456055e+01
   1.5834860e+06   2.7038574e+01
   1.5835070e+06   3.9428711e+01
   1.5835180e+06   2.2766113e+01
   1.5835390e+06   1.7944336e+01
   1.5835610e+06   5.2124023e+01
   1.5835710e+06   1.8554688e+01
   1.5835880e+06   2.1728516e+01
   1.5836140e+06   4.2663574e+01
   1.5836300e+06   3.0517578e+01
   1.5836540e+06   4.0893555e+01
   1.5836780e+06   3.1860352e+01
   1.5836880e+06   3.1250000e+01
   1.5837100e+06   3.6254883e+01
   1.5837230e+06   3.0334473e+01
   1.5837490e+06   3.2470703e+01
   1.5837660e+06   3.6743164e+01
   1.5837860e+06   2.2644043e+01
   1.5838010e+06   2.7221680e+01
   1.5838140e+06   2.9113770e+01
   1.5838260e+06   2.5085449e+01
   1.5838620e+06   3.0639648e+01
   1.5838720e+06   2.6367188e+01
   1.5839030e+06   1.7944336e+01
   1.5839130e+06   2.2460938e+01
   1.5839690e+06   1.8493652e+01
   1.5840950e+06   1.8005371e+01
   1.5978800e+06   1.7883301e+01
   1.5980210e+06   2.1423340e+01
   1.5980960e+06   2.2521973e+01
   1.5981210e+06   1.7700195e+01
   1.5981560e+06   3.9306641e+01
   1.5981730e+06   2.7954102e+01
   1.5982010e+06   2.6367188e+01
   1.5982200e+06   3.6865234e+01
   1.5982460e+06   2.4841309e+01
   1.5982710e+06   6.1218262e+01
   1.5982860e+06   3.4362793e+01
   1.5983270e+06   3.5644531e+01
   1.5983370e+06   5.9448242e+01
   1.5983730e+06   4.2541504e+01
   1.5983880e+06   2.7465820e+01
   1.5984080e+06   3.6376953e+01
   1.5984310e+06   2.4414062e+01
   1.5984510e+06   1.8188477e+01
   1.5984630e+06   3.1860352e+01
   1.5984840e+06   3.1188965e+01
   1.5984950e+06   3.6621094e+01
   1.5985120e+06   2.6306152e+01
   1.5985260e+06   2.8747559e+01
   1.5985520e+06   2.4902344e+01
   1.5985760e+06   2.5878906e+01
   1.5985920e+06   2.2277832e+01
   1.5986310e+06   2.0874023e+01
   1.5986520e+06   2.2827148e+01
   1.5986810e+06   1.9653320e+01
   1.5987240e+06   2.7404785e+01
   1.5987730e+06   2.1362305e+01
   1.5988360e+06   1.6723633e+01
   1.6182000e+06   1.7578125e+01
   1.6182230e+06   3.6804199e+01
   1.6182490e+06   2.2888184e+01
   1.6182710e+06   4.9499512e+01
   1.6182840e+06   1.7150879e+01
   1.6183090e+06   3.7414551e+01
   1.6183190e+06   3.4912109e+01
   1.6183450e+06   3.8391113e+01
   1.6183620e+06   4.4616699e+01
   1.6183770e+06   4.0100098e+01
   1.6183910e+06   5.9936523e+01
   1.6184200e+06   7.3486328e+01
   1.6184460e+06   2.9663086e+01
   1.6184670e+06   2.4414062e+01
   1.6184790e+06   3.3752441e+01
   1.6185040e+06   2.2705078e+01
   1.6185300e+06   2.1911621e+01
   1.6185460e+06   2.6306152e+01
   1.6185970e+06   4.5837402e+01
   1.6186170e+06   2.2766113e+01
   1.6186400e+06   2.3986816e+01
   1.6186660e+06   1.7578125e+01
   1.6186940e+06   1.7700195e+01
   1.6187490e+06   1.9531250e+01
   1.6187650e+06   2.3254395e+01
   1.6188110e+06   1.9470215e+01
   1.6188470e+06   1.6784668e+01
   1.6189130e+06   1.8249512e+01
   1.6189780e+06   2.0690918e+01
   1.6311370e+06   3.1860352e+01
   1.6352530e+06   2.9113770e+01
   1.6433590e+06   2.5878906e+01
   1.6434360e+06   2.4597168e+01
   1.6435390e+06   2.5817871e+01
   1.6458030e+06   3.1250000e+01
   1.6458270e+06   3.0944824e+01
   1.6458610e+06   2.3193359e+01
   1.6458910e+06   4.5166016e+01
   1.6459070e+06   3.4423828e+01
   1.6459400e+06   3.6682129e+01
   1.6459560e+06   2.1850586e+01
   1.6459780e+06   2.1484375e+01
   1.6459890e+06   2.2644043e+01
   1.6460030e+06   2.9113770e+01
   1.6460170e+06   1.9958496e+01
   1.6460390e+06   2.9724121e+01
   1.6460660e+06   2.5268555e+01
   1.6460770e+06   3.7292480e+01
   1.6461010e+06   2.8442383e+01
   1.6461320e+06   1.8249512e+01
   1.6461510e+06   2.2949219e+01
   1.6461820e+06   1.8615723e+01
   1.6462080e+06   1.8920898e+01
   1.6462400e+06   2.0507813e+01
   1.6570730e+06   1.7333984e+01
   1.8847290e+06   2.5695801e+01
   1.8847730e+06   2.1850586e+01
   1.8848270e+06   2.8198242e+01
   1.8848650e+06   2.8320312e+01
   1.8848990e+06   2.4719238e+01
   1.8849350e+06   3.5583496e+01
   1.8849720e+06   2.9846191e+01
   1.8850040e+06   2.8503418e+01
   1.8850740e+06   2.3864746e+01
   1.8850970e+06   2.6611328e+01
   1.8851330e+06   2.3315430e+01
   1.8852080e+06   1.7150879e+01
   1.9538600e+06   1.7333984e+01
   1.9619800e+06   2.6977539e+01
   1.9620320e+06   2.6916504e+01
   1.9620830e+06   2.3498535e+01
   1.9647260e+06   2.4475098e+01
   1.9651070e+06   3.0395508e+01
   1.9655500e+06   1.7761230e+01
   1.9937080e+06   1.7456055e+01
   1.9941880e+06   2.5756836e+01
   1.9942990e+06   2.7465820e+01
   1.9943360e+06   2.1240234e+01
   1.9959690e+06   2.9052734e+01
   1.9960170e+06   3.1311035e+01
   1.9960530e+06   2.1057129e+01
   1.9960890e+06   1.7272949e+01
   1.9961340e+06   1.7272949e+01
   1.9969840e+06   1.7150879e+01
   2.0270090e+06   2.5390625e+01
   2.0297590e+06   1.7395020e+01
   2.0323700e+06   2.8320312e+01
   2.0324100e+06   2.7954102e+01
   2.0324240e+06   1.7333984e+01
   2.0325220e+06   3.4606934e+01
   2.0325680e+06   3.2897949e+01
   2.0326030e+06   2.5756836e+01
   2.0326360e+06   2.3681641e+01
   2.0326710e+06   1.7089844e+01
   2.0327220e+06   1.8920898e+01
   2.0327430e+06   3.0212402e+01
   2.0328850e+06   1.8188477e+01
   2.1057780e+06   1.7639160e+01
   2.1198780e+06   1.8798828e+01
   2.1210800e+06   2.7282715e+01
   2.1211240e+06   2.4169922e+01
   2.1211390e+06   2.0446777e+01
   2.1213120e+06   3.4362793e+01
   2.1213230e+06   3.9428711e+01
   2.1217200e+06   1.7211914e+01
   2.1217450e+06   3.1677246e+01
   2.1662550e+06   2.0690918e+01
   2.1833710e+06   2.3376465e+01
   2.1859660e+06   1.7089844e+01
   2.1866950e+06   1.8005371e+01
   2.1889030e+06   3.2348633e+01
   2.1889440e+06   2.8686523e+01
   2.1889760e+06   2.0202637e+01
   2.2228290e+06   2.0935059e+01
   2.2233980e+06   1.7395020e+01
   2.2241860e+06   2.7587891e+01
   2.2242310e+06   2.5085449e+01
   2.2242680e+06   1.9165039e+01
   2.2248430e+06   2.7770996e+01
   2.2251400e+06   1.7028809e+01
   2.2254700e+06   1.7089844e+01
   2.2262780e+06   1.7761230e+01
   2.2264130e+06   1.9653320e+01
   2.2266150e+06   3.0334473e+01
   2.2266930e+06   2.0996094e+01
   2.2267790e+06   2.2705078e+01
   2.2268350e+06   2.5878906e+01
   2.2268590e+06   1.7211914e+01
   2.2268900e+06   3.2226563e+01
   2.2269030e+06   1.9531250e+01
   2.2269550e+06   2.0080566e+01
   2.2270000e+06   3.2165527e+01
   2.2270390e+06   1.7211914e+01
   2.2270830e+06   1.6845703e+01
   2.2271160e+06   2.5695801e+01
   2.2271640e+06   1.6662598e+01
   2.2273290e+06   2.6550293e+01
   2.2273510e+06   2.7465820e+01
   2.2273950e+06   1.8554688e+01
   2.2274390e+06   2.0874023e+01
   2.2274680e+06   2.1606445e+01
   2.2275700e+06   2.0324707e+01
   2.2275910e+06   1.9470215e+01
   2.2276760e+06   3.1188965e+01
   2.2277030e+06   2.2399902e+01
   2.2277320e+06   2.4047852e+01
   2.2277610e+06   1.7272949e+01
   2.2278040e+06   3.1738281e+01
   2.2278440e+06   3.0029297e+01
   2.2278620e+06   1.6906738e+01
   2.2279370e+06   1.7883301e+01
   2.2280260e+06   3.9733887e+01
   2.2280630e+06   1.9836426e+01
   2.2281070e+06   3.4973145e+01
   2.2281990e+06   2.2583008e+01
   2.2282120e+06   1.9897461e+01
   2.2347310e+06   1.7089844e+01
   2.2421960e+06   3.1616211e+01
   2.2651540e+06   1.6784668e+01
   2.2713330e+06   1.6784668e+01
   2.2845100e+06   2.9235840e+01
   2.2845390e+06   1.8676758e+01
   2.2845650e+06   3.0212402e+01
   2.2845800e+06   2.2216797e+01
   2.2846630e+06   2.1240234e+01
   2.2847600e+06   2.0446777e+01
   2.2848220e+06   2.6733398e+01
   2.2848910e+06   1.9042969e+01
   2.2849100e+06   2.0141602e+01
   2.2849470e+06   1.7395020e+01
   2.2851980e+06   2.5939941e+01
   2.2852380e+06   1.8127441e+01
   2.2852570e+06   2.2460938e+01
   2.2853000e+06   1.7150879e+01
   2.2853390e+06   2.2216797e+01
   2.2853590e+06   1.8066406e+01
   2.2854440e+06   2.5634766e+01
   2.2855230e+06   2.0263672e+01
   2.2855330e+06   2.4780273e+01
   2.2856120e+06   1.6723633e+01
   2.2856440e+06   1.9775391e+01
   2.3025460e+06   1.7272949e+01
   2.3144360e+06   1.8127441e+01
   2.3145410e+06   1.7700195e+01
   2.3145950e+06   1.6967773e+01
   2.3146120e+06   2.7832031e+01
   2.3150880e+06   1.7761230e+01
   2.3151020e+06   4.2663574e+01
   2.3151570e+06   3.6315918e+01
   2.3151720e+06   3.3203125e+01
   2.3151860e+06   1.6662598e+01
   2.3152490e+06   3.1860352e+01
   2.3152650e+06   3.1982422e+01
   2.3152770e+06   1.9409180e+01
   2.3154040e+06   2.6184082e+01
   2.3154400e+06   1.8798828e+01
   2.3157280e+06   1.6845703e+01
   2.3307840e+06   1.7883301e+01
   2.3308760e+06   2.5634766e+01
   2.3308960e+06   1.8554688e+01
   2.3309060e+06   2.6672363e+01
   2.3309160e+06   2.5512695e+01
   2.3309400e+06   2.6062012e+01
   2.3309500e+06   2.6367188e+01
   2.3309720e+06   1.9409180e+01
   2.3310110e+06   1.8249512e+01
   2.3310300e+06   1.7578125e+01
   2.3310510e+06   1.7761230e+01
   2.3312340e+06   1.6784668e+01
   2.3313390e+06   2.0507812e+01
   2.3314720e+06   1.7272949e+01
   2.3315840e+06   1.7211914e+01
   2.3316160e+06   1.7700195e+01
   2.3316530e+06   1.6662598e+01
   2.3318000e+06   2.0935059e+01
   2.3397230e+06   1.8493652e+01
   2.3424090e+06   1.7089844e+01
   2.3625260e+06   1.9165039e+01
   2.3625650e+06   2.0324707e+01
   2.3625900e+06   1.7028809e+01
   2.3626350e+06   1.6906738e+01
   2.3626790e+06   1.8981934e+01
   2.3627080e+06   3.0761719e+01
   2.3627300e+06   2.7587891e+01
   2.3627440e+06   1.8188477e+01
   2.3627710e+06   2.4597168e+01
   2.3627820e+06   1.8493652e+01
   2.3628050e+06   1.9958496e+01
   2.3628210e+06   2.4230957e+01
   2.3628390e+06   3.2470703e+01
   2.3628600e+06   3.3203125e+01
   2.3628810e+06   1.8249512e+01
   2.3629070e+06   1.8615723e+01
   2.3629620e+06   1.9226074e+01
   2.3630510e+06   1.9409180e+01
   2.3631230e+06   1.8005371e+01
   2.3631570e+06   2.2827148e+01
   2.3632630e+06   2.0690918e+01
   2.3632780e+06   2.9235840e+01
   2.3633490e+06   3.1738281e+01
   2.3633840e+06   2.2460938e+01
   2.3634490e+06   2.1240234e+01
   2.3635460e+06   2.9785156e+01
   2.3635800e+06   1.8005371e+01
   2.4076780e+06   1.8432617e+01
   2.4077260e+06   1.8676758e+01
   2.4077670e+06   1.7639160e+01
   2.4077890e+06   2.8625488e+01
   2.4078050e+06   1.6906738e+01
   2.4078330e+06   3.0456543e+01
   2.4078630e+06   3.2592773e+01
   2.4078890e+06   3.4912109e+01
   2.4079100e+06   3.5461426e+01
   2.4079270e+06   2.5207520e+01
   2.4079470e+06   2.4841309e+01
   2.4080200e+06   2.4902344e+01
   2.4080590e+06   1.8859863e+01
   2.4081040e+06   1.9470215e+01
   2.4082090e+06   3.1005859e+01
   2.4082320e+06   1.7150879e+01
   2.4082940e+06   2.3315430e+01
   2.4083170e+06   1.6845703e+01
   2.4083980e+06   2.8503418e+01
   2.4084270e+06   1.8249512e+01
   2.4084510e+06   1.9653320e+01
   2.4084940e+06   2.1484375e+01
   2.4085050e+06   2.2766113e+01
   2.4085460e+06   2.1057129e+01
   2.4085840e+06   1.7639160e+01
   2.4086040e+06   1.9470215e+01
   2.4086270e+06   1.9531250e+01
   2.4086890e+06   2.2644043e+01
   2.4087580e+06   1.6845703e+01
   2.4089040e+06   1.8066406e+01
   2.4257290e+06   1.7089844e+01
   2.4277370e+06   1.7150879e+01
   2.4440460e+06   2.2338867e+01
   2.4440770e+06   2.3864746e+01
   2.4440960e+06   1.7700195e+01
   2.4441060e+06   3.7902832e+01
   2.4441300e+06   2.7160645e+01
   2.4441420e+06   1.8188477e+01
   2.4441690e+06   4.0100098e+01
   2.4442010e+06   1.7639160e+01
   2.4442290e+06   3.3874512e+01
   2.4442590e+06   2.1057129e+01
   2.4442840e+06   2.1545410e+01
   2.4443420e+06   3.8574219e+01
   2.4444520e+06   1.8798828e+01
   2.4444730e+06   1.7822266e+01
   2.4445200e+06   2.1179199e+01
   2.4445830e+06   1.8188477e+01
   2.4446070e+06   1.8310547e+01
   2.4446580e+06   1.7639160e+01
   2.4446800e+06   3.3874512e+01
   2.4446950e+06   1.6723633e+01
   2.4447560e+06   1.6845703e+01
   2.4448920e+06   1.8310547e+01
   2.4450730e+06   2.0202637e+01
   2.4451600e+06   1.7028809e+01
   2.4497910e+06   1.6967773e+01
   2.4652640e+06   1.6784668e+01
   2.4738560e+06   1.9592285e+01
   2.4739170e+06   1.9531250e+01
   2.4739340e+06   1.9226074e+01
   2.4739530e+06   2.0202637e+01
   2.4739690e+06   3.3935547e+01
   2.4739960e+06   4.5043945e+01
   2.4740410e+06   3.0761719e+01
   2.4740670e+06   2.6672363e+01
   2.4740780e+06   2.9846191e+01
   2.4740960e+06   4.6630859e+01
   2.4742670e+06   2.0874023e+01
   2.4743190e+06   1.8127441e+01
   2.4744510e+06   1.6784668e+01
   2.4745090e+06   1.9470215e+01
   2.4745380e+06   1.8554688e+01
   2.4746890e+06   1.8493652e+01
   2.4748270e+06   1.7944336e+01
   2.4857990e+06   1.8676758e+01
   2.4909830e+06   2.4291992e+01
   2.4910140e+06   1.8554688e+01
   2.4910320e+06   3.7292480e+01
   2.4910470e+06   1.8127441e+01
   2.4910650e+06   3.6132812e+01
   2.4911110e+06   4.3701172e+01
   2.4911770e+06   2.2888184e+01
   2.4912100e+06   1.6967773e+01
   2.4912620e+06   2.3559570e+01
   2.4914560e+06   1.7150879e+01
   2.4915500e+06   1.6784668e+01
   2.4916370e+06   1.8188477e+01
   2.5051110e+06   1.7028809e+01
   2.5051650e+06   2.8076172e+01
   2.5051930e+06   1.7333984e+01
   2.5052050e+06   2.2521973e+01
   2.5052270e+06   2.8320312e+01
   2.5052460e+06   3.3935547e+01
   2.5052580e+06   1.8432617e+01
   2.5052780e+06   2.1301270e+01
   2.5052900e+06   2.4841309e+01
   2.5053250e+06   3.1616211e+01
   2.5053400e+06   3.4484863e+01
   2.5059630e+06   1.7211914e+01
   2.5175530e+06   2.6550293e+01
   2.5175660e+06   2.7709961e+01
   2.5175900e+06   3.2836914e+01
   2.5176020e+06   4.8706055e+01
   2.5176330e+06   3.5156250e+01
   2.5176520e+06   3.3386230e+01
   2.5176680e+06   2.2827148e+01
   2.5176960e+06   1.8798828e+01
   2.5177330e+06   1.9714355e+01
   2.5177670e+06   2.3681641e+01
   2.5178720e+06   2.4658203e+01
   2.5224220e+06   1.6967773e+01
   2.5262060e+06   1.8005371e+01
   2.5262400e+06   1.8737793e+01
   2.5262500e+06   2.8625488e+01
   2.5262750e+06   1.8371582e+01
   2.5263020e+06   2.6489258e+01
   2.5263150e+06   1.9531250e+01
   2.5263370e+06   3.3203125e+01
   2.5263740e+06   1.9287109e+01
   2.5263910e+06   1.6723633e+01
   2.5264140e+06   3.4484863e+01
   2.5264340e+06   2.1423340e+01
   2.5264560e+06   1.7822266e+01
   2.5265240e+06   1.6845703e+01
   2.5265440e+06   2.5756836e+01
   2.5265800e+06   1.8798828e+01
   2.5265930e+06   2.3803711e+01
   2.5323960e+06   1.6845703e+01
   2.5365770e+06   1.8188477e+01
   2.5366130e+06   1.8554688e+01
   2.5366530e+06   3.1555176e+01
   2.5366800e+06   2.0568848e+01
   2.5366970e+06   4.3823242e+01
   2.5367090e+06   2.6855469e+01
   2.5367190e+06   3.1066895e+01
   2.5367300e+06   2.7099609e+01
   2.5367470e+06   3.1799316e+01
   2.5367900e+06   1.7028809e+01
   2.5368420e+06   2.3620605e+01
   2.5369760e+06   1.8188477e+01
   2.5441220e+06   2.0385742e+01
   2.5442160e+06   1.7333984e+01
   2.5442710e+06   2.9724121e+01
   2.5444570e+06   1.8493652e+01
   2.5450250e+06   1.7272949e+01
   2.5467360e+06   1.8615723e+01
   2.5492250e+06   1.8432617e+01
   2.5492900e+06   1.9714355e+01
   2.5493070e+06   2.9907227e+01
   2.5493420e+06   2.4902344e+01
   2.5493700e+06   2.3254395e+01
   2.5493980e+06   3.7353516e+01
   2.5494130e+06   3.0578613e+01
   2.5494390e+06   2.2399902e+01
   2.5494560e+06   2.0385742e+01
   2.5494890e+06   2.9846191e+01
   2.5495040e+06   1.6723633e+01
   2.5495330e+06   2.4841309e+01
   2.5496420e+06   3.0517578e+01
   2.5540710e+06   1.6784668e+01
   2.5570720e+06   1.7944336e+01
   2.5570920e+06   2.5634766e+01
   2.5571200e+06   2.1789551e+01
   2.5571500e+06   2.1789551e+01
   2.5571970e+06   3.6010742e+01
   2.5572100e+06   2.2155762e+01
   2.5572510e+06   1.9958496e+01
   2.5572940e+06   1.7822266e+01
   2.5573260e+06   2.1362305e+01
   2.5576780e+06   1.6967773e+01
   2.5646030e+06   2.0629883e+01
   2.5646890e+06   1.8066406e+01
   2.5647240e+06   2.9907227e+01
   2.5647490e+06   2.0812988e+01
   2.5648230e+06   1.7089844e+01
   2.5648600e+06   3.1494141e+01
   2.5649180e+06   2.4291992e+01
   2.5686830e+06   2.4291992e+01
   2.5715700e+06   1.8676758e+01
   2.5716370e+06   2.3071289e+01
   2.5716640e+06   2.5573730e+01
   2.5716890e+06   3.0273438e+01
   2.5717100e+06   3.2287598e+01
   2.5717260e+06   1.8859863e+01
   2.5717470e+06   6.0729980e+01
   2.5717700e+06   2.4414062e+01
   2.5717860e+06   1.9775391e+01
   2.5718060e+06   1.7272949e+01
   2.5718340e+06   1.7883301e+01
   2.5718550e+06   2.8381348e+01
   2.5719800e+06   2.0263672e+01
   2.5793370e+06   2.0446777e+01
   2.5793530e+06   1.7883301e+01
   2.5793820e+06   1.7150879e+01
   2.5794080e+06   4.0161133e+01
   2.5794250e+06   1.8981934e+01
   2.5794600e+06   2.5512695e+01
   2.5794880e+06   3.8757324e+01
   2.5795170e+06   1.7761230e+01
   2.5795600e+06   2.1728516e+01
   2.5795810e+06   2.1972656e+01
   2.5797120e+06   2.0019531e+01
   2.5873720e+06   2.4291992e+01
   2.5874080e+06   1.8432617e+01
   2.5874290e+06   2.5268555e+01
   2.5874430e+06   2.4902344e+01
   2.5874530e+06   2.0202637e+01
   2.5874770e+06   3.3325195e+01
   2.5874900e+06   3.1188965e+01
   2.5875110e+06   2.2583008e+01
   2.5875210e+06   1.8798828e+01
   2.5875360e+06   2.6550293e+01
   2.5875550e+06   1.9592285e+01
   2.5875700e+06   2.0080566e+01
   2.5876780e+06   1.8310547e+01
   2.5944500e+06   1.7272949e+01
   2.5945010e+06   2.1057129e+01
   2.5945140e+06   1.6784668e+01
   2.5945350e+06   1.8432617e+01
   2.5945600e+06   2.2766113e+01
   2.5945850e+06   3.1250000e+01
   2.5946190e+06   2.7282715e+01
   2.5946470e+06   1.8798828e+01
   2.5946900e+06   1.7822266e+01
   2.5947310e+06   2.3376465e+01
   2.5947550e+06   1.8554688e+01
   2.6014000e+06   2.4475098e+01
   2.6014210e+06   2.2766113e+01
   2.6014520e+06   2.8991699e+01
   2.6014820e+06   2.0812988e+01
   2.6015090e+06   2.8442383e+01
   2.6015280e+06   1.8920898e+01
   2.6015430e+06   2.2827148e+01
   2.6066900e+06   1.6784668e+01
   2.6090040e+06   1.9104004e+01
   2.6090430e+06   1.9409180e+01
   2.6090680e+06   1.8493652e+01
   2.6090830e+06   2.4719238e+01
   2.6091040e+06   2.9052734e+01
   2.6091340e+06   1.9775391e+01
   2.6091450e+06   4.1137695e+01
   2.6091940e+06   1.7333984e+01
   2.6092360e+06   1.8798828e+01
   2.6093220e+06   1.7089844e+01
   2.6093590e+06   2.3193359e+01
   2.6144070e+06   1.7395020e+01
   2.6144400e+06   1.9287109e+01
   2.6145070e+06   2.4963379e+01
   2.6145360e+06   1.8615723e+01
   2.6146770e+06   2.0690918e+01
   2.6192910e+06   1.7211914e+01
   2.6194070e+06   1.8066406e+01
   2.6194650e+06   1.7211914e+01
   2.6194880e+06   1.9287109e+01
   2.6195800e+06   1.7456055e+01
   2.6196230e+06   2.0141602e+01
   2.6196760e+06   1.8737793e+01
   2.6245110e+06   2.0690918e+01
   2.6245290e+06   1.7578125e+01
   2.6245600e+06   2.0507812e+01
   2.6245760e+06   1.8859863e+01
   2.6245890e+06   1.7456055e+01
   2.6246010e+06   2.5512695e+01
   2.6246350e+06   2.0263672e+01
   2.6246510e+06   1.8371582e+01
   2.6247530e+06   2.9907227e+01
   2.6248500e+06   2.3132324e+01
   2.6302780e+06   1.8859863e+01
   2.6303040e+06   2.3498535e+01
   2.6303780e+06   2.0446777e+01
   2.6303950e+06   1.7944336e+01
   2.6304190e+06   1.7211914e+01
   2.6305800e+06   1.8310547e+01
   2.6362320e+06   1.7211914e+01
   2.6362650e+06   1.8493652e+01
   2.6362980e+06   2.0568848e+01
   2.6363120e+06   1.9104004e+01
   2.6363540e+06   1.6967773e+01
   2.6363970e+06   1.8188477e+01
   2.6364220e+06   2.4597168e+01
   2.6364610e+06   2.3437500e+01
   2.6364730e+06   1.6784668e+01
   2.6365400e+06   2.4597168e+01
   2.6423120e+06   2.2216797e+01
   2.6423230e+06   1.9897461e+01
   2.6423430e+06   1.7639160e+01
   2.6423880e+06   1.9287109e+01
   2.6424050e+06   2.0019531e+01
   2.6424200e+06   1.8493652e+01
   2.6424860e+06   1.9714355e+01
   2.6425160e+06   1.7639160e+01
   2.6486530e+06   1.6723633e+01
   2.6487180e+06   1.6723633e+01
   2.6487590e+06   1.8981934e+01
   2.6487840e+06   1.9042969e+01
   2.6488060e+06   2.6367188e+01
   2.6488210e+06   1.9836426e+01
   2.6488570e+06   1.7028809e+01
   2.6488880e+06   2.5512695e+01
   2.6489070e+06   1.9714355e+01
   2.6489410e+06   2.3742676e+01
   2.6490140e+06   1.7028809e+01
   2.6551730e+06   1.9775391e+01
   2.6552320e+06   2.7343750e+01
   2.6552660e+06   3.0944824e+01
   2.6553000e+06   1.8005371e+01
   2.6553230e+06   2.6794434e+01
   2.6553710e+06   1.8615723e+01
   2.6620680e+06   2.0996094e+01
   2.6620980e+06   2.0507812e+01
   2.6621350e+06   2.0751953e+01
   2.6621550e+06   1.7211914e+01
   2.6621650e+06   2.1484375e+01
   2.6621880e+06   4.3884277e+01
   2.6622610e+06   2.3925781e+01
   2.6622860e+06   2.0629883e+01
   2.6690770e+06   2.1606445e+01
   2.6690930e+06   1.6906738e+01
   2.6691140e+06   2.1728516e+01
   2.6691690e+06   1.9714355e+01
   2.6691950e+06   2.7160645e+01
   2.6692190e+06   1.9470215e+01
   2.6692300e+06   1.6906738e+01
   2.6692570e+06   1.6784668e+01
   2.6692850e+06   2.2094727e+01
   2.6695270e+06   1.7395020e+01
   2.6762110e+06   1.9165039e+01
   2.6762360e+06   1.8859863e+01
   2.6762620e+06   2.4963379e+01
   2.6762880e+06   2.8320312e+01
   2.6762990e+06   1.8188477e+01
   2.6763130e+06   2.7709961e+01
   2.6763660e+06   3.6560059e+01
   2.6764050e+06   1.8066406e+01
   2.6764980e+06   1.7395020e+01
   2.6836600e+06   2.0019531e+01
   2.6837090e+06   2.2460938e+01
   2.6837440e+06   1.9104004e+01
   2.6837670e+06   2.5756836e+01
   2.6838030e+06   1.6723633e+01
   2.6838410e+06   3.4301758e+01
   2.6838660e+06   1.8737793e+01
   2.6838950e+06   2.0751953e+01
   2.6839250e+06   1.7761230e+01
   2.6921610e+06   1.9165039e+01
   2.6921840e+06   1.9042969e+01
   2.6922150e+06   2.2338867e+01
   2.6922430e+06   2.2949219e+01
   2.6922580e+06   2.2216797e+01
   2.6922710e+06   3.2104492e+01
   2.6922970e+06   2.0629883e+01
   2.6923070e+06   2.6306152e+01
   2.6923270e+06   2.4780273e+01
   2.6923400e+06   2.0263672e+01
   2.6923620e+06   2.0202637e+01
   2.6923760e+06   1.7150879e+01
   2.6924460e+06   2.0935059e+01
   2.6925190e+06   2.3498535e+01
   2.6925660e+06   1.8493652e+01
   2.6926710e+06   1.7517090e+01
   2.7005850e+06   2.1789551e+01
   2.7006120e+06   2.0324707e+01
   2.7006250e+06   2.9357910e+01
   2.7006350e+06   2.6611328e+01
   2.7006640e+06   2.1301270e+01
   2.7006830e+06   2.0996094e+01
   2.7006940e+06   1.8188477e+01
   2.7007100e+06   2.0141602e+01
   2.7007200e+06   1.6723633e+01
   2.7007320e+06   2.2949219e+01
   2.7007550e+06   1.7028809e+01
   2.7007990e+06   2.0446777e+01
   2.7008150e+06   1.8432617e+01
   2.7008850e+06   1.6662598e+01
   2.7009260e+06   1.6723633e+01
   2.7077820e+06   1.7150879e+01
   2.7078070e+06   1.7883301e+01
   2.7078250e+06   2.3254395e+01
   2.7078700e+06   1.7150879e+01
   2.7078920e+06   1.6967773e+01
   2.7079630e+06   1.9287109e+01
   2.7079770e+06   1.8737793e+01
   2.7079950e+06   1.7822266e+01
   2.7080130e+06   2.0690918e+01
   2.7080400e+06   2.1118164e+01
   2.7080660e+06   2.3986816e+01
   2.7081130e+06   2.5939941e+01
   2.7081250e+06   2.4658203e+01
   2.7081590e+06   2.2583008e+01
   2.7170110e+06   1.8310547e+01
   2.7170270e+06   1.8554688e+01
   2.7170920e+06   1.7883301e+01
   2.7171180e+06   1.9287109e+01
   2.7171560e+06   2.6916504e+01
   2.7171860e+06   3.1921387e+01
   2.7172040e+06   1.8676758e+01
   2.7172270e+06   1.9104004e+01
   2.7172420e+06   2.7587891e+01
   2.7172690e+06   1.8920898e+01
   2.7172900e+06   2.2521973e+01
   2.7173040e+06   1.9226074e+01
   2.7173400e+06   2.9235840e+01
   2.7173890e+06   2.2827148e+01
   2.7174810e+06   2.0446777e+01
   2.7174990e+06   1.6967773e+01
   2.7265040e+06   1.7944336e+01
   2.7265860e+06   1.9287109e+01
   2.7266160e+06   2.3986816e+01
   2.7266270e+06   1.8005371e+01
   2.7266580e+06   2.2949219e+01
   2.7266700e+06   1.7333984e+01
   2.7266980e+06   3.1921387e+01
   2.7267100e+06   2.1789551e+01
   2.7267240e+06   2.1057129e+01
   2.7267390e+06   2.1240234e+01
   2.7267660e+06   3.9916992e+01
   2.7267900e+06   1.7211914e+01
   2.7268030e+06   2.0996094e+01
   2.7268300e+06   1.6662598e+01
   2.7268800e+06   1.6906738e+01
   2.7270440e+06   2.0446777e+01
   2.7355230e+06   1.8005371e+01
   2.7356080e+06   1.6662598e+01
   2.7356370e+06   3.1127930e+01
   2.7356590e+06   2.0141602e+01
   2.7356710e+06   2.2399902e+01
   2.7357190e+06   2.3376465e+01
   2.7357420e+06   3.9550781e+01
   2.7357660e+06   2.2277832e+01
   2.7357790e+06   3.1616211e+01
   2.7357940e+06   2.5695801e+01
   2.7358080e+06   2.7709961e+01
   2.7358310e+06   3.6193848e+01
   2.7358720e+06   2.4169922e+01
   2.7359070e+06   2.1118164e+01
   2.7359480e+06   1.8188477e+01
   2.7360240e+06   1.7272949e+01
   2.7458830e+06   1.8188477e+01
   2.7459520e+06   2.1911621e+01
   2.7459750e+06   1.9836426e+01
   2.7459980e+06   1.8371582e+01
   2.7460140e+06   2.2460938e+01
   2.7460510e+06   4.9438477e+01
   2.7460790e+06   2.4536133e+01
   2.7460930e+06   2.3010254e+01
   2.7461270e+06   4.1259766e+01
   2.7461400e+06   3.3203125e+01
   2.7461580e+06   2.3376465e+01
   2.7461860e+06   3.4851074e+01
   2.7462090e+06   2.3742676e+01
   2.7462250e+06   2.8747559e+01
   2.7462480e+06   2.5146484e+01
   2.7463240e+06   2.1850586e+01
   2.7566300e+06   1.7150879e+01
   2.7566480e+06   2.5146484e+01
   2.7566720e+06   1.8981934e+01
   2.7567120e+06   2.4902344e+01
   2.7567230e+06   1.8676758e+01
   2.7567400e+06   1.8554688e+01
   2.7567720e+06   4.3518066e+01
   2.7567880e+06   2.6733398e+01
   2.7568010e+06   1.9775391e+01
   2.7568560e+06   5.1574707e+01
   2.7568670e+06   2.9968262e+01
   2.7569030e+06   2.1484375e+01
   2.7569180e+06   3.9001465e+01
   2.7569420e+06   3.6010742e+01
   2.7569650e+06   3.0334473e+01
   2.7569940e+06   2.0202637e+01
   2.7570310e+06   2.2705078e+01
   2.7570490e+06   1.8249512e+01
   2.7570940e+06   1.7761230e+01
   2.7571290e+06   2.0019531e+01
   2.7667390e+06   1.7944336e+01
   2.7667770e+06   1.8554688e+01
   2.7667920e+06   3.2714844e+01
   2.7668080e+06   2.6855469e+01
   2.7668200e+06   2.3315430e+01
   2.7668400e+06   1.7517090e+01
   2.7668550e+06   3.9733887e+01
   2.7668820e+06   2.2644043e+01
   2.7668940e+06   1.8249512e+01
   2.7669110e+06   3.5095215e+01
   2.7669300e+06   4.1687012e+01
   2.7669540e+06   3.3264160e+01
   2.7669640e+06   1.9958496e+01
   2.7669820e+06   3.8024902e+01
   2.7669980e+06   3.3996582e+01
   2.7670150e+06   2.4291992e+01
   2.7670370e+06   4.4006348e+01
   2.7670790e+06   1.8493652e+01
   2.7671070e+06   4.8950195e+01
   2.7671370e+06   2.3925781e+01
   2.7671910e+06   1.6967773e+01
   2.7672270e+06   1.7456055e+01
   2.7759580e+06   1.7944336e+01
   2.7759740e+06   2.0324707e+01
   2.7759950e+06   1.8676758e+01
   2.7760050e+06   1.6662598e+01
   2.7760260e+06   1.6967773e+01
   2.7760500e+06   1.9653320e+01
   2.7760790e+06   3.6926270e+01
   2.7761010e+06   2.1545410e+01
   2.7761200e+06   4.1625977e+01
   2.7761370e+06   3.0273438e+01
   2.7761670e+06   2.3193359e+01
   2.7761860e+06   3.2165527e+01
   2.7762120e+06   3.2775879e+01
   2.7762240e+06   2.5451660e+01
   2.7762530e+06   2.5085449e+01
   2.7762820e+06   2.1362305e+01
   2.7763030e+06   2.5085449e+01
   2.7763590e+06   2.0019531e+01
   2.7763820e+06   1.8127441e+01
   2.7764020e+06   1.8432617e+01
   2.7765300e+06   2.6184082e+01
   2.7872000e+06   1.7150879e+01
   2.7872500e+06   1.8859863e+01
   2.7872770e+06   2.2827148e+01
   2.7873060e+06   1.8554688e+01
   2.7873310e+06   3.5095215e+01
   2.7873590e+06   2.0324707e+01
   2.7873840e+06   2.1362305e+01
   2.7874010e+06   3.1494141e+01
   2.7874110e+06   3.3813477e+01
   2.7874300e+06   2.9235840e+01
   2.7874570e+06   5.1879883e+01
   2.7874750e+06   2.8564453e+01
   2.7874890e+06   2.6245117e+01
   2.7875090e+06   3.2592773e+01
   2.7875200e+06   2.5512695e+01
   2.7875440e+06   4.9804688e+01
   2.7875630e+06   3.4790039e+01
   2.7875780e+06   1.7211914e+01
   2.7876000e+06   1.7272949e+01
   2.7876180e+06   4.6691895e+01
   2.7876300e+06   2.1301270e+01
   2.7877100e+06   2.7160645e+01
   2.7877420e+06   1.8066406e+01
   2.7877760e+06   1.8920898e+01
   2.7878360e+06   2.2277832e+01
   2.7992900e+06   2.1850586e+01
   2.7994190e+06   1.7700195e+01
   2.7994510e+06   1.6967773e+01
   2.7994740e+06   4.3395996e+01
   2.7994840e+06   2.4230957e+01
   2.7995160e+06   2.7038574e+01
   2.7995330e+06   2.8991699e+01
   2.7995550e+06   4.0039062e+01
   2.7995700e+06   2.8320312e+01
   2.7995810e+06   2.0202637e+01
   2.7995910e+06   2.1362305e+01
   2.7996110e+06   3.6071777e+01
   2.7996220e+06   2.6123047e+01
   2.7996340e+06   2.6123047e+01
   2.7996550e+06   2.7648926e+01
   2.7996770e+06   2.5329590e+01
   2.7996960e+06   4.9011230e+01
   2.7997250e+06   3.4790039e+01
   2.7997390e+06   4.1442871e+01
   2.7997740e+06   2.5207520e+01
   2.7997970e+06   3.8391113e+01
   2.7998090e+06   2.2888184e+01
   2.7998510e+06   2.0385742e+01
   2.7998740e+06   3.1188965e+01
   2.7999190e+06   2.2705078e+01
   2.7999460e+06   1.8737793e+01
   2.7999890e+06   2.2094727e+01
   2.8000520e+06   1.7761230e+01
   2.8128910e+06   1.9104004e+01
   2.8157860e+06   1.6967773e+01
   2.8158170e+06   2.0080566e+01
   2.8158420e+06   2.8076172e+01
   2.8158620e+06   2.7893066e+01
   2.8158870e+06   3.8146973e+01
   2.8158990e+06   3.4057617e+01
   2.8159110e+06   3.6926270e+01
   2.8159480e+06   4.9926758e+01
   2.8159630e+06   3.4973145e+01
   2.8159840e+06   2.9602051e+01
   2.8160010e+06   2.2583008e+01
   2.8160220e+06   3.5095215e+01
   2.8160490e+06   3.2775879e+01
   2.8160600e+06   5.2734375e+01
   2.8160840e+06   1.9165039e+01
   2.8160950e+06   2.8320313e+01
   2.8161230e+06   1.9226074e+01
   2.8161410e+06   3.9978027e+01
   2.8161670e+06   2.5512695e+01
   2.8161790e+06   1.9714355e+01
   2.8162110e+06   3.1921387e+01
   2.8162280e+06   1.8310547e+01
   2.8162890e+06   1.9836426e+01
   2.8163290e+06   1.8249512e+01
   2.8163740e+06   2.3864746e+01
   2.8164630e+06   1.6967773e+01
   2.8269620e+06   2.0568848e+01
   2.8269940e+06   2.0080566e+01
   2.8270200e+06   3.7597656e+01
   2.8270430e+06   3.4118652e+01
   2.8270740e+06   4.2968750e+01
   2.8270930e+06   3.5400391e+01
   2.8271200e+06   2.8442383e+01
   2.8271430e+06   3.8391113e+01
   2.8271600e+06   3.1494141e+01
   2.8271770e+06   3.0578613e+01
   2.8271870e+06   1.9409180e+01
   2.8272130e+06   5.1635742e+01
   2.8272500e+06   3.5278320e+01
   2.8272700e+06   4.7485352e+01
   2.8272870e+06   2.9846191e+01
   2.8273000e+06   4.1076660e+01
   2.8273210e+06   2.8076172e+01
   2.8273410e+06   2.4108887e+01
   2.8273660e+06   1.8615723e+01
   2.8274000e+06   3.7780762e+01
   2.8274140e+06   2.2094727e+01
   2.8274600e+06   1.9226074e+01
   2.8275590e+06   2.1545410e+01
   2.8356290e+06   1.6784668e+01
   2.8386440e+06   1.9104004e+01
   2.8387950e+06   1.7883301e+01
   2.8388860e+06   2.7343750e+01
   2.8389100e+06   3.4240723e+01
   2.8389340e+06   2.4230957e+01
   2.8389570e+06   2.2521973e+01
   2.8389720e+06   3.4790039e+01
   2.8390020e+06   2.4475098e+01
   2.8390290e+06   4.2236328e+01
   2.8390420e+06   2.2338867e+01
   2.8390730e+06   4.3579102e+01
   2.8390860e+06   1.8493652e+01
   2.8391070e+06   5.3771973e+01
   2.8391300e+06   3.6010742e+01
   2.8391450e+06   4.5898438e+01
   2.8391690e+06   4.9560547e+01
   2.8391800e+06   2.7099609e+01
   2.8392020e+06   1.9348145e+01
   2.8392200e+06   2.8869629e+01
   2.8392390e+06   2.9052734e+01
   2.8392590e+06   3.3447266e+01
   2.8392740e+06   2.0080566e+01
   2.8393200e+06   2.4108887e+01
   2.8393410e+06   2.1972656e+01
   2.8393560e+06   1.9714355e+01
   2.8394220e+06   2.2094727e+01
   2.8394890e+06   1.6845703e+01
   2.8395770e+06   2.2888184e+01
   2.8396680e+06   1.7883301e+01
   2.8443650e+06   1.6906738e+01
   2.8483100e+06   1.6662598e+01
   2.8493930e+06   2.0446777e+01
   2.8494250e+06   2.6428223e+01
   2.8494420e+06   1.8127441e+01
   2.8494680e+06   1.7028809e+01
   2.8494810e+06   3.6071777e+01
   2.8495040e+06   3.8757324e+01
   2.8495290e+06   1.7272949e+01
   2.8495510e+06   2.4353027e+01
   2.8495760e+06   3.8574219e+01
   2.8495870e+06   1.9531250e+01
   2.8496060e+06   2.3803711e+01
   2.8496240e+06   2.2705078e+01
   2.8496540e+06   5.8776855e+01
   2.8496690e+06   2.6916504e+01
   2.8497020e+06   2.4047852e+01
   2.8497260e+06   2.2888184e+01
   2.8497570e+06   3.3630371e+01
   2.8497720e+06   3.2043457e+01
   2.8497930e+06   2.9785156e+01
   2.8498060e+06   2.2216797e+01
   2.8498400e+06   2.8320312e+01
   2.8498560e+06   2.0202637e+01
   2.8499080e+06   1.8188477e+01
   2.8499980e+06   2.3376465e+01
   2.8606090e+06   1.8127441e+01
   2.8606270e+06   2.0324707e+01
   2.8606420e+06   2.7465820e+01
   2.8606570e+06   2.7038574e+01
   2.8606730e+06   1.8920898e+01
   2.8607120e+06   2.2277832e+01
   2.8607320e+06   4.6875000e+01
   2.8607540e+06   2.9602051e+01
   2.8607700e+06   3.5339355e+01
   2.8607940e+06   3.5339355e+01
   2.8608320e+06   4.9011230e+01
   2.8608430e+06   2.4475098e+01
   2.8608620e+06   3.5644531e+01
   2.8608830e+06   1.8310547e+01
   2.8609020e+06   4.8889160e+01
   2.8609150e+06   2.0446777e+01
   2.8609270e+06   2.6733398e+01
   2.8609480e+06   4.4860840e+01
   2.8609680e+06   5.1330566e+01
   2.8609930e+06   2.1362305e+01
   2.8610160e+06   4.2968750e+01
   2.8610320e+06   2.7404785e+01
   2.8610520e+06   2.0141602e+01
   2.8610810e+06   1.7639160e+01
   2.8612410e+06   2.8808594e+01
   2.8612580e+06   1.6967773e+01
   2.8685090e+06   1.7456055e+01
   2.8720030e+06   2.6672363e+01
   2.8720280e+06   2.7221680e+01
   2.8720570e+06   2.5756836e+01
   2.8720850e+06   4.6020508e+01
   2.8721000e+06   3.0944824e+01
   2.8721240e+06   3.8024902e+01
   2.8721590e+06   5.6457520e+01
   2.8721750e+06   2.2155762e+01
   2.8721930e+06   3.7170410e+01
   2.8722070e+06   5.4199219e+01
   2.8722370e+06   3.5217285e+01
   2.8722550e+06   2.9785156e+01
   2.8722730e+06   2.9846191e+01
   2.8722940e+06   2.2277832e+01
   2.8723100e+06   3.6743164e+01
   2.8723220e+06   2.3193359e+01
   2.8723550e+06   2.3071289e+01
   2.8723670e+06   1.8310547e+01
   2.8723850e+06   3.2775879e+01
   2.8724140e+06   2.2338867e+01
   2.8724360e+06   2.5024414e+01
   2.8724510e+06   1.8310547e+01
   2.8725000e+06   1.9348145e+01
   2.8725100e+06   1.8554688e+01
   2.8725430e+06   1.9836426e+01
   2.8726370e+06   2.0446777e+01
   2.8729950e+06   1.6723633e+01
   2.8804000e+06   1.8371582e+01
   2.8833140e+06   3.4118652e+01
   2.8833340e+06   2.0080566e+01
   2.8833610e+06   3.3142090e+01
   2.8833920e+06   1.8676758e+01
   2.8834150e+06   4.0527344e+01
   2.8834420e+06   2.4719238e+01
   2.8834770e+06   4.4799805e+01
   2.8834880e+06   2.8442383e+01
   2.8835160e+06   3.0029297e+01
   2.8835420e+06   6.5185547e+01
   2.8835620e+06   2.2338867e+01
   2.8835840e+06   4.2175293e+01
   2.8836070e+06   3.0944824e+01
   2.8836210e+06   3.2958984e+01
   2.8836330e+06   3.2714844e+01
   2.8836730e+06   4.3823242e+01
   2.8836960e+06   2.0324707e+01
   2.8837080e+06   2.1789551e+01
   2.8837400e+06   3.2897949e+01
   2.8837680e+06   2.5573730e+01
   2.8838310e+06   1.8310547e+01
   2.8839210e+06   2.0385742e+01
   2.8839410e+06   1.7639160e+01
   2.8924370e+06   1.8554688e+01
   2.8948880e+06   2.3925781e+01
   2.8964530e+06   1.7150879e+01
   2.8965920e+06   2.7343750e+01
   2.8966200e+06   2.3315430e+01
   2.8966370e+06   5.0170898e+01
   2.8966730e+06   2.7282715e+01
   2.8966900e+06   5.0048828e+01
   2.8967060e+06   2.9174805e+01
   2.8967240e+06   2.3132324e+01
   2.8967500e+06   2.4414062e+01
   2.8967690e+06   2.4291992e+01
   2.8967900e+06   4.3273926e+01
   2.8968070e+06   4.0649414e+01
   2.8968290e+06   4.0344238e+01
   2.8968610e+06   3.7902832e+01
   2.8968890e+06   5.0842285e+01
   2.8969000e+06   2.5512695e+01
   2.8969190e+06   2.4230957e+01
   2.8969290e+06   2.5573730e+01
   2.8969460e+06   3.7170410e+01
   2.8969590e+06   2.0751953e+01
   2.8969800e+06   2.3925781e+01
   2.8970190e+06   3.6987305e+01
   2.8970400e+06   2.4291992e+01
   2.8970700e+06   2.5573730e+01
   2.8971050e+06   2.1728516e+01
   2.8972040e+06   2.1728516e+01
   2.8972580e+06   2.0080566e+01
   2.9084230e+06   1.7272949e+01
   2.9117130e+06   1.6784668e+01
   2.9121000e+06   2.9663086e+01
   2.9122230e+06   2.5268555e+01
   2.9123930e+06   1.6723633e+01
   2.9125110e+06   2.2705078e+01
   2.9125630e+06   2.0507812e+01
   2.9126290e+06   2.2705078e+01
   2.9126590e+06   3.6804199e+01
   2.9126960e+06   2.7038574e+01
   2.9127210e+06   3.4667969e+01
   2.9127430e+06   3.6865234e+01
   2.9127730e+06   2.1850586e+01
   2.9127850e+06   3.9916992e+01
   2.9128180e+06   3.9306641e+01
   2.9128390e+06   5.4199219e+01
   2.9128640e+06   4.5837402e+01
   2.9128800e+06   3.4606934e+01
   2.9129010e+06   4.0466309e+01
   2.9129230e+06   3.7719727e+01
   2.9129350e+06   1.6967773e+01
   2.9129490e+06   3.0212402e+01
   2.9129630e+06   4.5227051e+01
   2.9129790e+06   2.1301270e+01
   2.9129940e+06   3.6926270e+01
   2.9130130e+06   2.4047852e+01
   2.9130350e+06   3.4667969e+01
   2.9130530e+06   3.3569336e+01
   2.9130690e+06   2.8930664e+01
   2.9130960e+06   3.1311035e+01
   2.9131410e+06   3.1982422e+01
   2.9133190e+06   1.9287109e+01
   2.9134650e+06   1.7150879e+01
   2.9136740e+06   1.7211914e+01
   2.9243000e+06   2.5390625e+01
   2.9264680e+06   1.8249512e+01
   2.9265120e+06   2.5878906e+01
   2.9265260e+06   2.9174805e+01
   2.9265620e+06   3.0212402e+01
   2.9265930e+06   2.0446777e+01
   2.9266080e+06   3.3935547e+01
   2.9266380e+06   6.6406250e+01
   2.9266600e+06   2.8808594e+01
   2.9266830e+06   5.7800293e+01
   2.9266990e+06   4.5471191e+01
   2.9267180e+06   5.9020996e+01
   2.9267370e+06   2.7099609e+01
   2.9267480e+06   2.1972656e+01
   2.9267700e+06   5.2978516e+01
   2.9268100e+06   2.2583008e+01
   2.9268330e+06   3.0334473e+01
   2.9268470e+06   4.3151855e+01
   2.9268870e+06   2.6184082e+01
   2.9269080e+06   2.9357910e+01
   2.9269470e+06   1.7700195e+01
   2.9269620e+06   1.9287109e+01
   2.9269930e+06   1.8554688e+01
   2.9270200e+06   2.5207520e+01
   2.9270380e+06   3.4851074e+01
   2.9270870e+06   1.9409180e+01
   2.9271160e+06   1.9897461e+01
   2.9271720e+06   1.8249512e+01
   2.9271860e+06   1.6784668e+01
   2.9272740e+06   1.9714355e+01
   2.9357170e+06   2.5268555e+01
   2.9365870e+06   1.7639160e+01
   2.9374990e+06   2.7770996e+01
   2.9377030e+06   1.6845703e+01
   2.9377330e+06   1.8493652e+01
   2.9377450e+06   3.2104492e+01
   2.9377630e+06   2.1423340e+01
   2.9377810e+06   1.8798828e+01
   2.9378030e+06   3.9794922e+01
   2.9378210e+06   2.0141602e+01
   2.9378470e+06   2.9235840e+01
   2.9378570e+06   3.4057617e+01
   2.9378840e+06   2.9357910e+01
   2.9378940e+06   3.1738281e+01
   2.9379200e+06   4.5593262e+01
   2.9379310e+06   5.1330566e+01
   2.9379500e+06   4.8767090e+01
   2.9379840e+06   3.6132812e+01
   2.9380140e+06   3.1799316e+01
   2.9380370e+06   3.1494141e+01
   2.9380550e+06   2.8442383e+01
   2.9380770e+06   2.8991699e+01
   2.9380900e+06   4.8217773e+01
   2.9381010e+06   2.8625488e+01
   2.9381280e+06   2.4475098e+01
   2.9381460e+06   1.8920898e+01
   2.9381700e+06   2.8198242e+01
   2.9381810e+06   1.7700195e+01
   2.9382370e+06   2.6855469e+01
   2.9382530e+06   2.0141602e+01
   2.9384520e+06   1.6906738e+01
   2.9443360e+06   1.7456055e+01
   2.9469710e+06   1.7456055e+01
   2.9472260e+06   2.2521973e+01
   2.9501860e+06   2.4230957e+01
   2.9531370e+06   1.7944336e+01
   2.9554070e+06   2.5756836e+01
   2.9586180e+06   2.5024414e+01
   2.9587450e+06   2.4780273e+01
