   3.0000000e+06   0.0000000e+00
   4.8803000e+04   1.6723633e+01
   1.3433900e+05   1.7761230e+01
   1.4713400e+05   1.6418457e+01
   2.2722300e+05   1.7333984e+01
   2.3685300e+05   1.8005371e+01
   3.4661300e+05   1.7211914e+01
   3.5869800e+05   1.6906738e+01
   1.2659380e+06   1.7883301e+01
   1.3795100e+06   1.6784668e+01
   1.3891650e+06   1.8615723e+01
   1.4222670e+06   1.5930176e+01
   1.4223820e+06   1.5869141e+01
   1.4331240e+06   1.6052246e+01
   1.4578040e+06   1.5930176e+01
   1.4809810e+06   1.5930176e+01
   1.4900390e+06   1.6174316e+01
   1.5263150e+06   1.6052246e+01
   1.5263980e+06   1.6174316e+01
   1.5464000e+06   1.6845703e+01
   1.5837080e+06   1.7028809e+01
   1.5839130e+06   1.5991211e+01
   1.6460180e+06   1.5869141e+01
   2.5571480e+06   1.6174316e+01
   2.6363760e+06   1.6235352e+01
   2.6924550e+06   1.6723633e+01
   2.7462360e+06   1.6906738e+01
   2.7873620e+06   1.7089844e+01
   2.7875040e+06   1.6357422e+01
   2.7875650e+06   1.6479492e+01
   2.8163110e+06   1.9775391e+01
   2.8499050e+06   1.6235352e+01
   2.9270010e+06   1.6174316e+01
