   3.0000000e+06   0.0000000e+00
   7.0390000e+03   2.0446777e+01
   1.0899000e+04   1.7761230e+01
   1.1078000e+04   2.2033691e+01
   1.1140000e+04   1.8981934e+01
   1.1212000e+04   2.0996094e+01
   1.1359000e+04   1.7944336e+01
   1.5903000e+04   1.8127441e+01
   1.5927000e+04   1.8554688e+01
   1.5961000e+04   1.8920898e+01
   1.5974000e+04   2.1545410e+01
   1.6023000e+04   2.0080566e+01
   1.6046000e+04   1.9104004e+01
   1.6087000e+04   1.8249512e+01
   1.6113000e+04   1.8066406e+01
   1.6172000e+04   2.4353027e+01
   1.6293000e+04   1.7761230e+01
   1.6452000e+04   1.7944336e+01
   2.4677000e+04   1.8371582e+01
   2.4720000e+04   2.5512695e+01
   2.4776000e+04   2.1667480e+01
   2.4812000e+04   2.0202637e+01
   2.5037000e+04   1.9714355e+01
   2.5152000e+04   2.2094727e+01
   3.2627000e+04   1.7822266e+01
   3.9271000e+04   1.8432617e+01
   3.9365000e+04   3.0090332e+01
   3.9399000e+04   1.7944336e+01
   3.9448000e+04   2.6733398e+01
   4.8723000e+04   1.8188477e+01
   4.8743000e+04   2.2766113e+01
   4.8770000e+04   2.2705078e+01
   4.8797000e+04   2.3315430e+01
   4.8879000e+04   1.9226074e+01
   4.8942000e+04   2.1606445e+01
   4.9091000e+04   1.8615723e+01
   5.5150000e+04   1.7944336e+01
   5.5176000e+04   1.8127441e+01
   5.5201000e+04   1.7883301e+01
   5.5242000e+04   1.7944336e+01
   5.5289000e+04   2.0446777e+01
   5.5335000e+04   2.2399902e+01
   6.3164000e+04   2.0874023e+01
   6.3188000e+04   2.0080566e+01
   6.3207000e+04   2.1179199e+01
   6.3240000e+04   1.9775391e+01
   6.3275000e+04   2.2705078e+01
   6.3307000e+04   2.0751953e+01
   6.3347000e+04   2.3193359e+01
   6.3364000e+04   1.8005371e+01
   6.3425000e+04   1.7944336e+01
   6.9299000e+04   1.8005371e+01
   6.9338000e+04   1.9592285e+01
   6.9389000e+04   2.4047852e+01
   6.9414000e+04   1.8981934e+01
   6.9431000e+04   1.7822266e+01
   6.9455000e+04   1.8920898e+01
   7.6104000e+04   2.1850586e+01
   7.6122000e+04   1.8493652e+01
   7.6195000e+04   1.8798828e+01
   7.6296000e+04   2.0446777e+01
   8.2721000e+04   2.0202637e+01
   8.2745000e+04   1.7883301e+01
   8.2779000e+04   1.9104004e+01
   8.2803000e+04   1.9226074e+01
   8.2813000e+04   2.2216797e+01
   8.2920000e+04   2.0385742e+01
   8.9790000e+04   2.4475098e+01
   8.9809000e+04   2.2644043e+01
   8.9843000e+04   1.8554688e+01
   8.9869000e+04   2.1728516e+01
   8.9979000e+04   1.7822266e+01
   9.0014000e+04   2.0935059e+01
   9.4068000e+04   2.0568848e+01
   9.4143000e+04   1.9226074e+01
   9.4192000e+04   1.8066406e+01
   9.4246000e+04   1.8981934e+01
   9.8135000e+04   1.9409180e+01
   9.8165000e+04   2.1240234e+01
   9.8201000e+04   1.9287109e+01
   1.0223000e+05   2.0568848e+01
   1.0229300e+05   1.9653320e+01
   1.0232900e+05   1.9775391e+01
   1.0705600e+05   2.5512695e+01
   1.0708700e+05   2.0446777e+01
   1.0710800e+05   1.8066406e+01
   1.0714700e+05   1.8066406e+01
   1.0724300e+05   1.9165039e+01
   1.1185700e+05   1.7883301e+01
   1.1188100e+05   1.8005371e+01
   1.1718300e+05   2.0446777e+01
   1.1720100e+05   2.0812988e+01
   1.1728700e+05   1.9104004e+01
   1.2283800e+05   2.3437500e+01
   1.2289100e+05   1.9104004e+01
   1.2291400e+05   1.8432617e+01
   1.2293600e+05   1.9165039e+01
   1.2845500e+05   2.1484375e+01
   1.2850400e+05   2.0080566e+01
   1.2859000e+05   1.7761230e+01
   1.2864000e+05   1.8493652e+01
   1.2866900e+05   2.1118164e+01
   1.3425200e+05   1.7822266e+01
   1.3442500e+05   1.8493652e+01
   1.4051300e+05   2.0812988e+01
   1.4056100e+05   1.8859863e+01
   1.4058100e+05   1.8310547e+01
   1.4061700e+05   2.6000977e+01
   1.4063700e+05   1.8005371e+01
   1.4705300e+05   1.7761230e+01
   1.4713000e+05   1.7944336e+01
   1.4715900e+05   1.8249512e+01
   1.4723300e+05   1.9531250e+01
   1.5341600e+05   2.1179199e+01
   1.5350900e+05   2.2460938e+01
   1.5354000e+05   1.9592285e+01
   1.5359200e+05   1.8188477e+01
   1.5367300e+05   1.8371582e+01
   1.6024400e+05   2.3254395e+01
   1.6027400e+05   1.9653320e+01
   1.6035800e+05   1.8920898e+01
   1.6045400e+05   2.0080566e+01
   1.6737200e+05   2.4169922e+01
   1.6744100e+05   1.9287109e+01
   1.6747500e+05   2.3132324e+01
   1.6748800e+05   1.8249512e+01
   1.6750800e+05   1.9653320e+01
   1.6758900e+05   2.2583008e+01
   1.7416900e+05   1.9653320e+01
   1.7420600e+05   1.9653320e+01
   1.7425100e+05   1.8554688e+01
   1.7427400e+05   1.9226074e+01
   1.7435700e+05   1.9897461e+01
   1.7441500e+05   2.3803711e+01
   1.8105600e+05   1.8859863e+01
   1.8110500e+05   1.9836426e+01
   1.8113400e+05   2.0629883e+01
   1.8115000e+05   1.9287109e+01
   1.8119400e+05   1.8127441e+01
   1.8126600e+05   1.7944336e+01
   1.8850400e+05   2.6245117e+01
   1.8855800e+05   2.2338867e+01
   1.8858700e+05   2.0568848e+01
   1.8865100e+05   2.1118164e+01
   1.8870800e+05   1.8310547e+01
   1.9553400e+05   1.7761230e+01
   1.9556500e+05   2.3742676e+01
   1.9560800e+05   1.8493652e+01
   1.9591400e+05   1.8127441e+01
   2.0289000e+05   1.9714355e+01
   2.0290600e+05   2.1179199e+01
   2.0295200e+05   2.3742676e+01
   2.0297300e+05   1.8371582e+01
   2.0300500e+05   1.9104004e+01
   2.0307600e+05   2.2827148e+01
   2.0310000e+05   1.9287109e+01
   2.1027600e+05   1.8188477e+01
   2.1031300e+05   1.9348145e+01
   2.1033200e+05   2.0935059e+01
   2.1035100e+05   2.2155762e+01
   2.1037800e+05   2.2705078e+01
   2.1050000e+05   2.1240234e+01
   2.1918600e+05   1.8371582e+01
   2.1921600e+05   2.7221680e+01
   2.1922600e+05   1.9104004e+01
   2.1926100e+05   2.5695801e+01
   2.1928400e+05   2.4169922e+01
   2.1931700e+05   2.2155762e+01
   2.1944100e+05   1.8127441e+01
   2.1961500e+05   2.0019531e+01
   2.2725200e+05   2.3803711e+01
   2.2729000e+05   2.2888184e+01
   2.2733000e+05   2.1545410e+01
   2.2735400e+05   1.9287109e+01
   2.2740600e+05   2.1667480e+01
   2.2773500e+05   1.8615723e+01
   2.3629200e+05   2.2766113e+01
   2.3630800e+05   2.0446777e+01
   2.3632200e+05   2.4169922e+01
   2.3635600e+05   2.0263672e+01
   2.3640000e+05   1.9226074e+01
   2.3645600e+05   2.3376465e+01
   2.3649800e+05   1.9287109e+01
   2.4542200e+05   2.2583008e+01
   2.4547300e+05   3.0151367e+01
   2.4550600e+05   2.2216797e+01
   2.4551800e+05   2.2827148e+01
   2.4553100e+05   2.1362305e+01
   2.4556700e+05   2.1057129e+01
   2.4596600e+05   2.0019531e+01
   2.5418400e+05   1.8310547e+01
   2.5422500e+05   2.3315430e+01
   2.5423900e+05   1.8188477e+01
   2.5427600e+05   2.3132324e+01
   2.5431200e+05   1.9348145e+01
   2.5434500e+05   2.0751953e+01
   2.5442300e+05   1.9409180e+01
   2.5452900e+05   1.9287109e+01
   2.6463600e+05   2.9113770e+01
   2.6464600e+05   2.0568848e+01
   2.6467300e+05   2.0568848e+01
   2.6469400e+05   2.0874023e+01
   2.6472900e+05   2.7526855e+01
   2.6475600e+05   2.3925781e+01
   2.6487000e+05   2.3681641e+01
   2.7425900e+05   2.1972656e+01
   2.7429300e+05   1.9042969e+01
   2.7430400e+05   1.9165039e+01
   2.7432500e+05   1.7822266e+01
   2.7434900e+05   2.3071289e+01
   2.7435900e+05   2.3376465e+01
   2.7439500e+05   1.7883301e+01
   2.8578100e+05   2.0629883e+01
   2.8581500e+05   1.9104004e+01
   2.8583900e+05   2.6000977e+01
   2.8587200e+05   1.9897461e+01
   2.8589600e+05   1.9287109e+01
   2.8593300e+05   1.9470215e+01
   2.9712900e+05   2.3071289e+01
   2.9716600e+05   1.9592285e+01
   2.9719200e+05   2.2705078e+01
   2.9721500e+05   2.2583008e+01
   2.9723800e+05   1.9592285e+01
   2.9727100e+05   2.5390625e+01
   2.9728800e+05   2.0935059e+01
   2.9731100e+05   1.8676758e+01
   2.9749100e+05   1.8981934e+01
   3.0887900e+05   1.8127441e+01
   3.0892400e+05   1.8371582e+01
   3.0893900e+05   2.0141602e+01
   3.0897000e+05   2.2033691e+01
   3.0902200e+05   2.2155762e+01
   3.0903900e+05   1.9165039e+01
   3.0909800e+05   2.1057129e+01
   3.0918800e+05   2.0385742e+01
   3.0923900e+05   1.7822266e+01
   3.0947100e+05   1.8615723e+01
   3.0959700e+05   1.8127441e+01
   3.1809900e+05   1.7883301e+01
   3.1812200e+05   2.6733398e+01
   3.1815700e+05   2.1240234e+01
   3.1818400e+05   2.7160645e+01
   3.1822800e+05   2.0019531e+01
   3.1831200e+05   1.9165039e+01
   3.1841800e+05   1.8737793e+01
   3.1850400e+05   1.8920898e+01
   3.1870700e+05   1.8310547e+01
   3.2990900e+05   2.1972656e+01
   3.2995200e+05   2.2521973e+01
   3.2999000e+05   1.9714355e+01
   3.3000000e+05   2.3193359e+01
   3.3003200e+05   1.7761230e+01
   3.3006000e+05   1.8249512e+01
   3.3008500e+05   2.3254395e+01
   3.3017200e+05   1.9836426e+01
   3.3021900e+05   1.9531250e+01
   3.3034300e+05   2.2705078e+01
   3.3056100e+05   2.0324707e+01
   3.4651000e+05   2.7832031e+01
   3.4654200e+05   2.4658203e+01
   3.4656700e+05   2.4108887e+01
   3.4661500e+05   2.1301270e+01
   3.4666700e+05   1.9714355e+01
   3.4673900e+05   1.7761230e+01
   3.4731600e+05   1.7883301e+01
   3.5865800e+05   1.8005371e+01
   3.5868300e+05   2.2460938e+01
   3.5873500e+05   1.8676758e+01
   3.5876800e+05   2.3620605e+01
   3.5884600e+05   2.5146484e+01
   3.5897200e+05   2.1667480e+01
   3.6897900e+05   1.8554688e+01
   3.6900700e+05   2.0385742e+01
   3.6905100e+05   2.2521973e+01
   3.6907700e+05   1.8798828e+01
   3.6913900e+05   2.0080566e+01
   3.6917700e+05   2.0996094e+01
   3.6922300e+05   1.8005371e+01
   3.6938900e+05   1.8920898e+01
   3.6947000e+05   1.8554688e+01
   5.9498700e+05   1.9836426e+01
   8.9647100e+05   1.8127441e+01
   8.9670900e+05   1.9226074e+01
   9.2195100e+05   1.9531250e+01
   9.2267700e+05   1.8310547e+01
   9.5467100e+05   1.8798828e+01
   9.5475800e+05   1.8066406e+01
   9.8134600e+05   1.8249512e+01
   9.8160200e+05   2.0690918e+01
   9.8189500e+05   2.2277832e+01
   1.0011450e+06   1.9287109e+01
   1.0280420e+06   2.3864746e+01
   1.0281860e+06   1.9592285e+01
   1.0286060e+06   1.9287109e+01
   1.0517700e+06   1.8493652e+01
   1.0517950e+06   2.2155762e+01
   1.0518550e+06   1.7822266e+01
   1.0518710e+06   1.8310547e+01
   1.0519520e+06   1.9287109e+01
   1.0782790e+06   1.7761230e+01
   1.0783290e+06   1.8127441e+01
   1.0783820e+06   2.5939941e+01
   1.0784120e+06   1.7883301e+01
   1.0784250e+06   2.9174805e+01
   1.0785000e+06   1.8310547e+01
   1.0787240e+06   2.3315430e+01
   1.0788210e+06   1.9592285e+01
   1.0791050e+06   2.0690918e+01
   1.1007180e+06   1.9958496e+01
   1.1007410e+06   2.0690918e+01
   1.1007590e+06   2.5451660e+01
   1.1007870e+06   1.9958496e+01
   1.1008080e+06   1.9958496e+01
   1.1008420e+06   2.4536133e+01
   1.1008880e+06   1.8432617e+01
   1.1009210e+06   2.0080566e+01
   1.1163460e+06   2.2827148e+01
   1.1163690e+06   2.0751953e+01
   1.1164110e+06   2.0019531e+01
   1.1164260e+06   1.8798828e+01
   1.1164470e+06   1.8005371e+01
   1.1165310e+06   1.8005371e+01
   1.1165580e+06   1.8920898e+01
   1.1165780e+06   1.9409180e+01
   1.1166150e+06   1.8432617e+01
   1.1166280e+06   1.8554688e+01
   1.1166920e+06   1.9470215e+01
   1.1168680e+06   1.7761230e+01
   1.1249460e+06   1.9958496e+01
   1.1249680e+06   2.0874023e+01
   1.1250010e+06   1.8188477e+01
   1.1250200e+06   1.8676758e+01
   1.1250690e+06   2.1118164e+01
   1.1250930e+06   1.8615723e+01
   1.1253390e+06   1.9836426e+01
   1.1336420e+06   1.9653320e+01
   1.1336660e+06   1.9775391e+01
   1.1337650e+06   1.9348145e+01
   1.1338200e+06   2.3376465e+01
   1.1338590e+06   2.2705078e+01
   1.1339140e+06   2.0019531e+01
   1.1339730e+06   1.8676758e+01
   1.1422440e+06   2.0690918e+01
   1.1422600e+06   2.1301270e+01
   1.1423270e+06   2.0690918e+01
   1.1423410e+06   3.0578613e+01
   1.1423690e+06   1.8432617e+01
   1.1423850e+06   1.9714355e+01
   1.1424130e+06   2.3986816e+01
   1.1424410e+06   1.9409180e+01
   1.1424650e+06   1.9653320e+01
   1.1425620e+06   1.8249512e+01
   1.1426370e+06   1.8493652e+01
   1.1500820e+06   1.8615723e+01
   1.1501250e+06   1.9409180e+01
   1.1502240e+06   2.2216797e+01
   1.1502610e+06   2.3498535e+01
   1.1503730e+06   1.9348145e+01
   1.1568030e+06   1.8798828e+01
   1.1568360e+06   1.9714355e+01
   1.1568650e+06   1.7822266e+01
   1.1569120e+06   1.8737793e+01
   1.1569700e+06   2.0446777e+01
   1.1570080e+06   1.8676758e+01
   1.1570480e+06   1.7883301e+01
   1.1570760e+06   2.1911621e+01
   1.1570970e+06   1.8371582e+01
   1.1644280e+06   1.9042969e+01
   1.1644440e+06   2.1118164e+01
   1.1644970e+06   1.8188477e+01
   1.1645450e+06   2.0690918e+01
   1.1647660e+06   1.9714355e+01
   1.1648280e+06   1.8493652e+01
   1.1724760e+06   2.3071289e+01
   1.1725110e+06   2.0874023e+01
   1.1725860e+06   2.1118164e+01
   1.1726070e+06   1.8371582e+01
   1.1726500e+06   1.8371582e+01
   1.1726940e+06   2.1667480e+01
   1.1799670e+06   1.8737793e+01
   1.1800710e+06   2.0812988e+01
   1.1801090e+06   2.5512695e+01
   1.1801520e+06   2.0446777e+01
   1.1801900e+06   1.7761230e+01
   1.1845500e+06   1.9714355e+01
   1.1846730e+06   2.0141602e+01
   1.1879690e+06   2.1789551e+01
   1.1879950e+06   2.0629883e+01
   1.1880280e+06   1.8920898e+01
   1.1880510e+06   2.0812988e+01
   1.1880810e+06   1.8005371e+01
   1.1881560e+06   1.9775391e+01
   1.1947360e+06   1.9226074e+01
   1.1947770e+06   1.8432617e+01
   1.1948140e+06   2.0080566e+01
   1.1949090e+06   1.8371582e+01
   1.2018120e+06   1.7883301e+01
   1.2018480e+06   2.0935059e+01
   1.2018910e+06   2.0202637e+01
   1.2019180e+06   2.0080566e+01
   1.2019450e+06   2.0935059e+01
   1.2020110e+06   1.9897461e+01
   1.2021560e+06   1.8493652e+01
   1.2022810e+06   1.7761230e+01
   1.2077810e+06   2.2583008e+01
   1.2077920e+06   1.8920898e+01
   1.2078310e+06   1.7822266e+01
   1.2078840e+06   3.3935547e+01
   1.2079960e+06   2.1179199e+01
   1.2150030e+06   1.8737793e+01
   1.2150660e+06   2.1728516e+01
   1.2150940e+06   1.9958496e+01
   1.2151460e+06   1.9592285e+01
   1.2151680e+06   3.0578613e+01
   1.2151960e+06   1.7944336e+01
   1.2207980e+06   1.9165039e+01
   1.2208360e+06   2.3132324e+01
   1.2208840e+06   2.7648926e+01
   1.2255680e+06   2.1545410e+01
   1.2292590e+06   1.8493652e+01
   1.2293020e+06   2.3925781e+01
   1.2293280e+06   1.9775391e+01
   1.2293620e+06   1.9531250e+01
   1.2293880e+06   1.9714355e+01
   1.2340830e+06   2.0935059e+01
   1.2391020e+06   1.9836426e+01
   1.2391440e+06   2.2033691e+01
   1.2391590e+06   2.3376465e+01
   1.2391860e+06   2.0507812e+01
   1.2392170e+06   2.0935059e+01
   1.2392400e+06   2.3254395e+01
   1.2446910e+06   2.3986816e+01
   1.2507270e+06   2.0141602e+01
   1.2507700e+06   1.9287109e+01
   1.2507960e+06   2.5695801e+01
   1.2508330e+06   2.6611328e+01
   1.2509840e+06   1.8615723e+01
   1.2581030e+06   1.8188477e+01
   1.2581430e+06   1.8249512e+01
   1.2581540e+06   2.0080566e+01
   1.2582630e+06   2.2277832e+01
   1.2658880e+06   1.8066406e+01
   1.2659280e+06   1.7761230e+01
   1.2659660e+06   1.9165039e+01
   1.2660130e+06   1.8188477e+01
   1.2661010e+06   1.8920898e+01
   1.2732900e+06   2.0141602e+01
   1.2733370e+06   1.9470215e+01
   1.2733570e+06   2.1972656e+01
   1.2733860e+06   2.7282715e+01
   1.2734210e+06   1.7822266e+01
   1.2734820e+06   1.9653320e+01
   1.2735770e+06   2.0080566e+01
   1.2806980e+06   2.2949219e+01
   1.2807670e+06   1.8188477e+01
   1.2878960e+06   2.3010254e+01
   1.2879230e+06   2.1972656e+01
   1.2879410e+06   1.8737793e+01
   1.2879790e+06   2.0812988e+01
   1.2880680e+06   1.7944336e+01
   1.2881590e+06   1.8005371e+01
   1.2947270e+06   1.9042969e+01
   1.2947450e+06   3.2409668e+01
   1.2948290e+06   1.7883301e+01
   1.2949100e+06   1.9409180e+01
   1.3025480e+06   2.0568848e+01
   1.3025820e+06   2.4902344e+01
   1.3026420e+06   1.7822266e+01
   1.3026540e+06   2.0202637e+01
   1.3026960e+06   2.1606445e+01
   1.3027800e+06   2.0690918e+01
   1.3113370e+06   2.2338867e+01
   1.3114200e+06   1.8920898e+01
   1.3114620e+06   1.8859863e+01
   1.3114830e+06   2.0874023e+01
   1.3115810e+06   1.8310547e+01
   1.3116090e+06   1.7822266e+01
   1.3201000e+06   1.8066406e+01
   1.3201330e+06   2.1850586e+01
   1.3201920e+06   1.7883301e+01
   1.3202780e+06   1.8310547e+01
   1.3203390e+06   1.9592285e+01
   1.3204050e+06   1.8676758e+01
   1.3296830e+06   1.7944336e+01
   1.3297110e+06   2.1911621e+01
   1.3297390e+06   1.9897461e+01
   1.3297630e+06   1.9042969e+01
   1.3297770e+06   1.8005371e+01
   1.3299770e+06   1.7883301e+01
   1.3389180e+06   2.6245117e+01
   1.3389700e+06   1.9409180e+01
   1.3389840e+06   1.7822266e+01
   1.3390430e+06   1.9226074e+01
   1.3391350e+06   1.8676758e+01
   1.3480500e+06   1.8066406e+01
   1.3480800e+06   2.0263672e+01
   1.3481010e+06   1.8066406e+01
   1.3481130e+06   2.2583008e+01
   1.3481310e+06   2.0385742e+01
   1.3481650e+06   2.1972656e+01
   1.3482290e+06   1.9042969e+01
   1.3482570e+06   1.8188477e+01
   1.3592160e+06   1.9592285e+01
   1.3592390e+06   3.2409668e+01
   1.3592530e+06   2.0080566e+01
   1.3592950e+06   2.2766113e+01
   1.3593330e+06   2.3559570e+01
   1.3593510e+06   1.7761230e+01
   1.3594080e+06   2.2827148e+01
   1.3594570e+06   1.9531250e+01
   1.3596480e+06   1.8981934e+01
   1.3687250e+06   1.7944336e+01
   1.3687720e+06   1.8005371e+01
   1.3690150e+06   1.9592285e+01
   1.3691270e+06   1.8615723e+01
   1.3693770e+06   1.8554688e+01
   1.3794680e+06   1.8737793e+01
   1.3795020e+06   2.1240234e+01
   1.3795160e+06   1.8005371e+01
   1.3795490e+06   1.8066406e+01
   1.3795630e+06   2.5329590e+01
   1.3795800e+06   1.8188477e+01
   1.3797890e+06   1.8005371e+01
   1.3890990e+06   2.4963379e+01
   1.3891440e+06   1.8249512e+01
   1.3891740e+06   1.7822266e+01
   1.3892110e+06   1.8859863e+01
   1.3892350e+06   2.1972656e+01
   1.3892660e+06   1.8798828e+01
   1.3893400e+06   1.8005371e+01
   1.3898250e+06   1.8615723e+01
   1.3994650e+06   2.0507812e+01
   1.3995150e+06   1.8371582e+01
   1.3995330e+06   2.1911621e+01
   1.3995600e+06   2.4658203e+01
   1.3995760e+06   2.6611328e+01
   1.3996020e+06   2.0446777e+01
   1.3996170e+06   2.0263672e+01
   1.3997260e+06   1.8127441e+01
   1.3999450e+06   1.8066406e+01
   1.4099530e+06   1.8981934e+01
   1.4099740e+06   1.9897461e+01
   1.4099950e+06   1.8737793e+01
   1.4100140e+06   2.0874023e+01
   1.4100270e+06   2.2338867e+01
   1.4100780e+06   2.0935059e+01
   1.4101440e+06   2.1728516e+01
   1.4103180e+06   1.9226074e+01
   1.4104830e+06   1.7761230e+01
   1.4222670e+06   1.8859863e+01
   1.4222870e+06   3.0883789e+01
   1.4223250e+06   2.0019531e+01
   1.4223620e+06   2.0141602e+01
   1.4223800e+06   2.3437500e+01
   1.4224050e+06   1.7822266e+01
   1.4224460e+06   1.8066406e+01
   1.4331080e+06   1.8798828e+01
   1.4331210e+06   2.1240234e+01
   1.4331930e+06   1.9165039e+01
   1.4332320e+06   1.9409180e+01
   1.4333000e+06   1.8798828e+01
   1.4337150e+06   1.8005371e+01
   1.4447280e+06   2.0690918e+01
   1.4448360e+06   2.0202637e+01
   1.4448610e+06   2.5085449e+01
   1.4448970e+06   2.3254395e+01
   1.4449220e+06   1.8310547e+01
   1.4451930e+06   1.8676758e+01
   1.4452750e+06   1.8554688e+01
   1.4578700e+06   2.1484375e+01
   1.4579400e+06   1.8188477e+01
   1.4580020e+06   2.3254395e+01
   1.4580860e+06   2.3742676e+01
   1.4581360e+06   1.7883301e+01
   1.4583660e+06   1.9226074e+01
   1.4698330e+06   2.0935059e+01
   1.4698500e+06   2.2827148e+01
   1.4698720e+06   1.8188477e+01
   1.4699120e+06   2.4597168e+01
   1.4699300e+06   1.8737793e+01
   1.4700050e+06   2.0568848e+01
   1.4703320e+06   1.8981934e+01
   1.4808760e+06   2.2216797e+01
   1.4808910e+06   2.0568848e+01
   1.4809230e+06   1.9409180e+01
   1.4809550e+06   2.8381348e+01
   1.4809680e+06   2.3437500e+01
   1.4810000e+06   1.8066406e+01
   1.4810300e+06   1.9714355e+01
   1.4810600e+06   2.2399902e+01
   1.4811000e+06   2.0263672e+01
   1.4811310e+06   1.7883301e+01
   1.4811920e+06   1.9897461e+01
   1.4812670e+06   2.0874023e+01
   1.4814420e+06   1.8493652e+01
   1.4899160e+06   1.7944336e+01
   1.4899790e+06   1.8066406e+01
   1.4900270e+06   3.3813477e+01
   1.4900760e+06   2.7404785e+01
   1.4901390e+06   1.8615723e+01
   1.4902040e+06   2.1057129e+01
   1.4902610e+06   1.9042969e+01
   1.4979790e+06   2.3803711e+01
   1.4980030e+06   2.7343750e+01
   1.4980610e+06   1.9836426e+01
   1.5119340e+06   2.0446777e+01
   1.5119510e+06   1.7883301e+01
   1.5119900e+06   1.8920898e+01
   1.5120090e+06   2.1179199e+01
   1.5120350e+06   2.1057129e+01
   1.5120550e+06   1.7944336e+01
   1.5121010e+06   1.8371582e+01
   1.5122690e+06   1.8676758e+01
   1.5123130e+06   1.8249512e+01
   1.5124830e+06   1.9470215e+01
   1.5125500e+06   2.1423340e+01
   1.5265380e+06   2.1728516e+01
   1.5265720e+06   2.1911621e+01
   1.5265850e+06   2.1728516e+01
   1.5266100e+06   2.1789551e+01
   1.5266240e+06   2.1362305e+01
   1.5266440e+06   2.1362305e+01
   1.5266770e+06   2.0324707e+01
   1.5267300e+06   2.4536133e+01
   1.5268630e+06   1.9104004e+01
   1.5268810e+06   1.8005371e+01
   1.5375290e+06   1.8737793e+01
   1.5375760e+06   2.0568848e+01
   1.5375970e+06   1.8554688e+01
   1.5376360e+06   2.7893066e+01
   1.5376730e+06   1.8554688e+01
   1.5377200e+06   2.1362305e+01
   1.5377590e+06   1.8188477e+01
   1.5463830e+06   1.9287109e+01
   1.5464290e+06   2.0080566e+01
   1.5465360e+06   1.9287109e+01
   1.5465630e+06   2.4047852e+01
   1.5466150e+06   2.0629883e+01
   1.5466540e+06   2.0385742e+01
   1.5466690e+06   1.8554688e+01
   1.5575090e+06   1.9226074e+01
   1.5575360e+06   2.2155762e+01
   1.5575790e+06   2.5085449e+01
   1.5576220e+06   2.1850586e+01
   1.5577980e+06   1.8188477e+01
   1.5700830e+06   2.0568848e+01
   1.5701450e+06   2.4780273e+01
   1.5701620e+06   2.1362305e+01
   1.5701820e+06   2.3010254e+01
   1.5702030e+06   1.9653320e+01
   1.5702170e+06   2.1667480e+01
   1.5702400e+06   1.8127441e+01
   1.5702550e+06   1.8371582e+01
   1.5703630e+06   1.8798828e+01
   1.5704640e+06   1.9836426e+01
   1.5836940e+06   1.8188477e+01
   1.5837340e+06   1.9348145e+01
   1.5837530e+06   1.9409180e+01
   1.5837910e+06   3.1616211e+01
   1.5838970e+06   2.0935059e+01
   1.5840250e+06   1.8615723e+01
   1.5842460e+06   1.8005371e+01
   1.5983650e+06   2.0629883e+01
   1.5983780e+06   1.7822266e+01
   1.5984080e+06   2.2949219e+01
   1.5984270e+06   1.8798828e+01
   1.5984850e+06   1.8188477e+01
   1.5985200e+06   1.9226074e+01
   1.5986590e+06   2.0629883e+01
   1.5987630e+06   1.7761230e+01
   1.5988330e+06   1.8066406e+01
   1.5989990e+06   1.8188477e+01
   1.5990400e+06   1.8310547e+01
   1.6183490e+06   1.8127441e+01
   1.6183720e+06   2.1179199e+01
   1.6184000e+06   1.9226074e+01
   1.6184550e+06   2.7709961e+01
   1.6185580e+06   1.9897461e+01
   1.6185760e+06   1.7883301e+01
   1.6185960e+06   1.9470215e+01
   1.6186120e+06   1.8554688e+01
   1.6186600e+06   2.2094727e+01
   1.6188100e+06   1.8432617e+01
   1.6461060e+06   2.3071289e+01
   1.6461490e+06   1.8920898e+01
   1.6462140e+06   2.0019531e+01
   2.2846820e+06   2.3620605e+01
   2.3151570e+06   2.1545410e+01
   2.3308820e+06   1.8798828e+01
   2.3309290e+06   2.4719238e+01
   2.3314210e+06   1.7761230e+01
   2.3626450e+06   1.8188477e+01
   2.3627340e+06   1.9165039e+01
   2.3628040e+06   1.9348145e+01
   2.3629460e+06   1.7944336e+01
   2.3630650e+06   1.8737793e+01
   2.4076520e+06   1.8920898e+01
   2.4077620e+06   2.0935059e+01
   2.4078010e+06   2.5878906e+01
   2.4078160e+06   2.0019531e+01
   2.4078740e+06   2.0019531e+01
   2.4079040e+06   1.8737793e+01
   2.4079430e+06   2.2766113e+01
   2.4079770e+06   1.9470215e+01
   2.4081460e+06   1.9836426e+01
   2.4439550e+06   1.7944336e+01
   2.4440630e+06   1.9958496e+01
   2.4441050e+06   1.9958496e+01
   2.4441330e+06   2.1850586e+01
   2.4441880e+06   1.9836426e+01
   2.4442300e+06   1.9653320e+01
   2.4443160e+06   2.0568848e+01
   2.4443790e+06   1.8066406e+01
   2.4738870e+06   2.1972656e+01
   2.4739280e+06   1.9409180e+01
   2.4739670e+06   2.7160645e+01
   2.4741720e+06   1.9836426e+01
   2.4742970e+06   1.9775391e+01
   2.4744910e+06   2.0019531e+01
   2.4745580e+06   1.8432617e+01
   2.4910130e+06   2.0202637e+01
   2.4910270e+06   1.8310547e+01
   2.4910830e+06   2.0874023e+01
   2.4910950e+06   1.8981934e+01
   2.4911460e+06   2.2460938e+01
   2.4911930e+06   1.9592285e+01
   2.4916000e+06   1.8981934e+01
   2.5051450e+06   1.9042969e+01
   2.5051580e+06   2.4291992e+01
   2.5051910e+06   2.5390625e+01
   2.5052580e+06   2.4108887e+01
   2.5053440e+06   2.1484375e+01
   2.5054540e+06   2.0629883e+01
   2.5175460e+06   2.2827148e+01
   2.5175610e+06   1.9287109e+01
   2.5175830e+06   1.8554688e+01
   2.5175990e+06   1.9409180e+01
   2.5176130e+06   1.7883301e+01
   2.5176360e+06   2.0629883e+01
   2.5176710e+06   1.8615723e+01
   2.5176950e+06   2.0751953e+01
   2.5177760e+06   1.8737793e+01
   2.5178900e+06   1.9409180e+01
   2.5261730e+06   1.7883301e+01
   2.5262440e+06   2.2949219e+01
   2.5262890e+06   1.8310547e+01
   2.5263170e+06   1.8188477e+01
   2.5366280e+06   2.0507812e+01
   2.5366910e+06   1.7822266e+01
   2.5367530e+06   1.8371582e+01
   2.5367690e+06   2.0324707e+01
   2.5367860e+06   1.7822266e+01
   2.5367970e+06   1.9348145e+01
   2.5368300e+06   2.2277832e+01
   2.5368550e+06   2.0141602e+01
   2.5493330e+06   2.0996094e+01
   2.5493690e+06   1.8798828e+01
   2.5493820e+06   2.0202637e+01
   2.5494140e+06   1.8066406e+01
   2.5496680e+06   2.0446777e+01
   2.5570460e+06   2.1850586e+01
   2.5570840e+06   2.5146484e+01
   2.5571200e+06   1.8249512e+01
   2.5571560e+06   1.8554688e+01
   2.5572270e+06   1.9531250e+01
   2.5572910e+06   2.3681641e+01
   2.5574010e+06   1.8310547e+01
   2.5646790e+06   1.7761230e+01
   2.5647290e+06   1.9409180e+01
   2.5647610e+06   1.8310547e+01
   2.5648000e+06   1.8432617e+01
   2.5649240e+06   1.8859863e+01
   2.5685780e+06   2.0568848e+01
   2.5716330e+06   1.8432617e+01
   2.5716740e+06   1.8615723e+01
   2.5716870e+06   2.3620605e+01
   2.5717380e+06   2.0080566e+01
   2.5717560e+06   1.9897461e+01
   2.5718010e+06   3.0151367e+01
   2.5718680e+06   2.0202637e+01
   2.5718780e+06   1.7822266e+01
   2.5721170e+06   1.8310547e+01
   2.5793980e+06   2.4902344e+01
   2.5795770e+06   1.9042969e+01
   2.5796050e+06   1.8920898e+01
   2.5873800e+06   2.2338867e+01
   2.5874460e+06   1.7761230e+01
   2.5874630e+06   1.9165039e+01
   2.5875010e+06   2.4780273e+01
   2.5875140e+06   1.9165039e+01
   2.5875310e+06   1.9714355e+01
   2.5875680e+06   1.8859863e+01
   2.5875830e+06   2.0690918e+01
   2.5944970e+06   1.8310547e+01
   2.5945620e+06   2.6611328e+01
   2.5945960e+06   2.1667480e+01
   2.5947540e+06   1.8798828e+01
   2.6013910e+06   1.9714355e+01
   2.6014290e+06   2.8625488e+01
   2.6014430e+06   2.3620605e+01
   2.6014760e+06   1.7761230e+01
   2.6015260e+06   3.1738281e+01
   2.6016450e+06   1.7822266e+01
   2.6090560e+06   1.9165039e+01
   2.6090980e+06   2.3437500e+01
   2.6091160e+06   2.2705078e+01
   2.6091290e+06   2.3132324e+01
   2.6091940e+06   2.8930664e+01
   2.6144440e+06   2.4230957e+01
   2.6144820e+06   2.0141602e+01
   2.6145390e+06   1.9531250e+01
   2.6145620e+06   1.9714355e+01
   2.6245700e+06   2.2338867e+01
   2.6246310e+06   2.4169922e+01
   2.6246800e+06   1.8615723e+01
   2.6303480e+06   2.1972656e+01
   2.6304150e+06   1.8310547e+01
   2.6305190e+06   1.8920898e+01
   2.6362840e+06   2.3925781e+01
   2.6362940e+06   2.1118164e+01
   2.6363270e+06   1.8981934e+01
   2.6363710e+06   1.8371582e+01
   2.6363960e+06   2.1301270e+01
   2.6424360e+06   2.0935059e+01
   2.6424470e+06   1.7944336e+01
   2.6424940e+06   1.9409180e+01
   2.6487450e+06   1.9470215e+01
   2.6487820e+06   1.8798828e+01
   2.6489270e+06   2.4963379e+01
   2.6490130e+06   2.0812988e+01
   2.6551980e+06   1.8920898e+01
   2.6553020e+06   1.8798828e+01
   2.6553350e+06   1.9165039e+01
   2.6554250e+06   1.8127441e+01
   2.6556490e+06   1.8249512e+01
   2.6621580e+06   2.0385742e+01
   2.6621940e+06   2.0324707e+01
   2.6691150e+06   1.8310547e+01
   2.6691370e+06   2.0446777e+01
   2.6691600e+06   2.0385742e+01
   2.6691980e+06   1.8615723e+01
   2.6692280e+06   1.9775391e+01
   2.6693010e+06   1.7822266e+01
   2.6693240e+06   1.9958496e+01
   2.6762370e+06   1.8859863e+01
   2.6762650e+06   1.9714355e+01
   2.6763010e+06   1.8249512e+01
   2.6763180e+06   1.9775391e+01
   2.6763810e+06   2.0080566e+01
   2.6764030e+06   1.8005371e+01
   2.6837260e+06   2.0935059e+01
   2.6837640e+06   2.0446777e+01
   2.6838010e+06   1.9287109e+01
   2.6838520e+06   2.2155762e+01
   2.6838930e+06   1.8432617e+01
   2.6839200e+06   1.8127441e+01
   2.6922130e+06   1.9836426e+01
   2.6922230e+06   2.8442383e+01
   2.6923060e+06   2.3193359e+01
   2.6923740e+06   1.8798828e+01
   2.7006290e+06   2.1362305e+01
   2.7006480e+06   2.1301270e+01
   2.7006630e+06   2.0874023e+01
   2.7007150e+06   2.0935059e+01
   2.7007270e+06   1.8981934e+01
   2.7007690e+06   1.8859863e+01
   2.7009130e+06   2.4169922e+01
   2.7079890e+06   1.9470215e+01
   2.7080290e+06   2.5451660e+01
   2.7080510e+06   1.8859863e+01
   2.7081330e+06   2.1423340e+01
   2.7171650e+06   1.8371582e+01
   2.7172010e+06   2.2338867e+01
   2.7172470e+06   2.0202637e+01
   2.7173050e+06   1.8005371e+01
   2.7173400e+06   1.9104004e+01
   2.7174070e+06   1.7761230e+01
   2.7174960e+06   1.8310547e+01
   2.7175280e+06   1.9531250e+01
   2.7176710e+06   1.7883301e+01
   2.7266250e+06   2.1972656e+01
   2.7266480e+06   2.3803711e+01
   2.7266940e+06   1.9714355e+01
   2.7267550e+06   1.9897461e+01
   2.7267740e+06   1.7822266e+01
   2.7268250e+06   1.8127441e+01
   2.7355990e+06   1.8127441e+01
   2.7356990e+06   1.8676758e+01
   2.7357280e+06   2.8015137e+01
   2.7357870e+06   1.8859863e+01
   2.7358410e+06   1.8127441e+01
   2.7358870e+06   1.9165039e+01
   2.7359210e+06   2.1301270e+01
   2.7361120e+06   1.7822266e+01
   2.7460540e+06   1.8249512e+01
   2.7460650e+06   2.9663086e+01
   2.7460940e+06   2.1789551e+01
   2.7461430e+06   1.9897461e+01
   2.7461850e+06   1.9042969e+01
   2.7462590e+06   1.7822266e+01
   2.7466290e+06   2.0507812e+01
   2.7567820e+06   2.3132324e+01
   2.7567930e+06   1.8493652e+01
   2.7568250e+06   2.3742676e+01
   2.7568410e+06   2.2705078e+01
   2.7568560e+06   1.9714355e+01
   2.7568790e+06   2.4475098e+01
   2.7568970e+06   1.8371582e+01
   2.7569200e+06   2.0935059e+01
   2.7571840e+06   2.0385742e+01
   2.7573050e+06   1.9165039e+01
   2.7668700e+06   1.7761230e+01
   2.7669120e+06   1.8554688e+01
   2.7669320e+06   2.6733398e+01
   2.7669560e+06   2.1423340e+01
   2.7669710e+06   1.8493652e+01
   2.7670530e+06   1.7822266e+01
   2.7671610e+06   1.8493652e+01
   2.7761050e+06   1.8859863e+01
   2.7761200e+06   2.0935059e+01
   2.7761630e+06   2.6306152e+01
   2.7761810e+06   1.9042969e+01
   2.7762080e+06   3.2165527e+01
   2.7762440e+06   1.7761230e+01
   2.7762630e+06   1.9897461e+01
   2.7766930e+06   1.8127441e+01
   2.7874080e+06   1.9836426e+01
   2.7874470e+06   2.0507812e+01
   2.7874620e+06   2.2460938e+01
   2.7874840e+06   2.0385742e+01
   2.7875060e+06   2.5939941e+01
   2.7875310e+06   1.7761230e+01
   2.7875450e+06   1.9592285e+01
   2.7876120e+06   1.9897461e+01
   2.7877750e+06   1.8676758e+01
   2.7880290e+06   1.8554688e+01
   2.7996030e+06   1.9409180e+01
   2.7996160e+06   1.9104004e+01
   2.7996330e+06   2.1484375e+01
   2.7996640e+06   1.8310547e+01
   2.7996890e+06   2.1301270e+01
   2.7997270e+06   2.2827148e+01
   2.7998620e+06   1.8554688e+01
   2.7998800e+06   1.8859863e+01
   2.8000010e+06   2.0935059e+01
   2.8001000e+06   1.8127441e+01
   2.8159770e+06   1.7761230e+01
   2.8159870e+06   1.9653320e+01
   2.8160250e+06   2.2949219e+01
   2.8160590e+06   1.8798828e+01
   2.8160970e+06   1.9836426e+01
   2.8161160e+06   1.9897461e+01
   2.8162280e+06   2.1240234e+01
   2.8164470e+06   1.8005371e+01
   2.8271490e+06   2.3315430e+01
   2.8272090e+06   2.4353027e+01
   2.8272390e+06   1.9653320e+01
   2.8272670e+06   1.9653320e+01
   2.8273450e+06   1.8676758e+01
   2.8273740e+06   1.9775391e+01
   2.8273930e+06   1.7822266e+01
   2.8274500e+06   1.8249512e+01
   2.8274740e+06   2.2033691e+01
   2.8275050e+06   1.9165039e+01
   2.8275700e+06   2.1972656e+01
   2.8276950e+06   1.8188477e+01
   2.8390440e+06   2.1728516e+01
   2.8390740e+06   2.1362305e+01
   2.8390930e+06   2.0080566e+01
   2.8391450e+06   1.8371582e+01
   2.8391650e+06   2.2583008e+01
   2.8391860e+06   2.5939941e+01
   2.8392090e+06   2.1972656e+01
   2.8392610e+06   1.8493652e+01
   2.8393070e+06   1.9836426e+01
   2.8394700e+06   1.9409180e+01
   2.8394980e+06   1.9104004e+01
   2.8395690e+06   1.8981934e+01
   2.8396060e+06   1.8737793e+01
   2.8495930e+06   1.7761230e+01
   2.8496140e+06   2.0874023e+01
   2.8496480e+06   2.0385742e+01
   2.8496620e+06   2.0996094e+01
   2.8496900e+06   2.3742676e+01
   2.8497130e+06   2.4658203e+01
   2.8497540e+06   2.0019531e+01
   2.8608110e+06   2.0568848e+01
   2.8608430e+06   1.9470215e+01
   2.8608550e+06   2.0568848e+01
   2.8608740e+06   2.1057129e+01
   2.8609370e+06   2.2766113e+01
   2.8609550e+06   1.8676758e+01
   2.8609970e+06   2.1240234e+01
   2.8610830e+06   1.8798828e+01
   2.8722250e+06   2.0080566e+01
   2.8722460e+06   2.0874023e+01
   2.8722590e+06   1.9897461e+01
   2.8722890e+06   2.2949219e+01
   2.8723170e+06   1.8798828e+01
   2.8723540e+06   1.9287109e+01
   2.8723730e+06   1.9775391e+01
   2.8725750e+06   1.7761230e+01
   2.8726580e+06   1.9348145e+01
   2.8726680e+06   1.8249512e+01
   2.8835720e+06   1.8615723e+01
   2.8836000e+06   2.1423340e+01
   2.8836290e+06   2.4719238e+01
   2.8836400e+06   2.2521973e+01
   2.8836590e+06   1.8249512e+01
   2.8836700e+06   2.0996094e+01
   2.8837070e+06   1.9531250e+01
   2.8837480e+06   2.0080566e+01
   2.8968580e+06   1.8859863e+01
   2.8968700e+06   2.3437500e+01
   2.8969300e+06   1.8432617e+01
   2.8970230e+06   1.8066406e+01
   2.8972210e+06   2.3498535e+01
   2.8972500e+06   1.9409180e+01
   2.8973060e+06   1.9592285e+01
   2.9128610e+06   1.8676758e+01
   2.9128870e+06   1.8127441e+01
   2.9129090e+06   1.8554688e+01
   2.9129310e+06   2.3193359e+01
   2.9129700e+06   1.8737793e+01
   2.9130580e+06   1.9042969e+01
   2.9266700e+06   2.1240234e+01
   2.9267260e+06   1.7883301e+01
   2.9267380e+06   1.9226074e+01
   2.9267660e+06   1.8310547e+01
   2.9269720e+06   1.9348145e+01
   2.9270060e+06   1.9226074e+01
   2.9274850e+06   1.8737793e+01
   2.9379230e+06   2.2155762e+01
   2.9379740e+06   1.8798828e+01
   2.9380100e+06   2.4169922e+01
   2.9381110e+06   2.0996094e+01
   2.9381570e+06   1.8554688e+01
   2.9384370e+06   1.8920898e+01
