   3.0000000e+06   0.0000000e+00
   1.0948000e+04   2.6306152e+01
   1.6011000e+04   2.2888184e+01
   1.6046000e+04   4.9926758e+01
   1.6136000e+04   2.2460938e+01
   2.4924000e+04   2.7465820e+01
   3.9533000e+04   2.0446777e+01
   4.8907000e+04   9.6923828e+01
   4.9288000e+04   3.0090332e+01
   6.3276000e+04   2.0446777e+01
   6.3324000e+04   9.4787598e+01
   6.3431000e+04   7.8674316e+01
   6.9329000e+04   2.5939941e+01
   6.9357000e+04   2.0751953e+01
   6.9385000e+04   2.3254395e+01
   6.9412000e+04   8.7402344e+01
   7.6112000e+04   2.1362305e+01
   7.6143000e+04   2.5573730e+01
   7.6207000e+04   2.1179199e+01
   7.6260000e+04   9.4360352e+01
   8.2792000e+04   9.0820312e+01
   8.2842000e+04   2.0263672e+01
   8.2859000e+04   6.9946289e+01
   8.2896000e+04   3.2348633e+01
   8.2941000e+04   9.0515137e+01
   8.9816000e+04   2.2399902e+01
   8.9853000e+04   8.1970215e+01
   8.9875000e+04   2.0935059e+01
   8.9966000e+04   2.5817871e+01
   9.0025000e+04   8.7036133e+01
   9.4105000e+04   2.4902344e+01
   9.4147000e+04   7.8002930e+01
   9.4169000e+04   2.2705078e+01
   9.4350000e+04   2.3498535e+01
   9.8261000e+04   8.2580566e+01
   1.0223400e+05   2.6367188e+01
   1.0224500e+05   9.1552734e+01
   1.0230300e+05   7.4707031e+01
   1.0238800e+05   8.3740234e+01
   1.0710000e+05   8.0688477e+01
   1.0712700e+05   2.0141602e+01
   1.0716200e+05   3.3508301e+01
   1.0719000e+05   7.2204590e+01
   1.0720500e+05   2.6550293e+01
   1.1185400e+05   2.3193359e+01
   1.1193500e+05   7.9528809e+01
   1.1194800e+05   3.3569336e+01
   1.1201400e+05   8.2397461e+01
   1.1208100e+05   2.0874023e+01
   1.1213500e+05   7.4890137e+01
   1.1718300e+05   2.3376465e+01
   1.1720700e+05   8.9050293e+01
   1.1722800e+05   4.7180176e+01
   1.1728500e+05   8.6547852e+01
   1.1732400e+05   2.2644043e+01
   1.1743500e+05   3.7597656e+01
   1.1745100e+05   6.9396973e+01
   1.2283800e+05   2.4841309e+01
   1.2285200e+05   9.5275879e+01
   1.2287200e+05   2.3254395e+01
   1.2291000e+05   8.3251953e+01
   1.2293100e+05   2.8564453e+01
   1.2297200e+05   6.9519043e+01
   1.2304700e+05   7.9284668e+01
   1.2315600e+05   2.0202637e+01
   1.2318000e+05   6.9091797e+01
   1.2848500e+05   7.7697754e+01
   1.2851100e+05   2.8198242e+01
   1.2853000e+05   7.2998047e+01
   1.2856900e+05   2.0812988e+01
   1.2858800e+05   5.6274414e+01
   1.2859900e+05   3.3081055e+01
   1.2863600e+05   7.8430176e+01
   1.2869100e+05   6.0607910e+01
   1.2870300e+05   2.3559570e+01
   1.2885700e+05   7.2814941e+01
   1.2894600e+05   6.2683105e+01
   1.2895700e+05   2.2827148e+01
   1.3423600e+05   2.2399902e+01
   1.3424700e+05   9.1552734e+01
   1.3426400e+05   2.6672363e+01
   1.3428300e+05   7.3181152e+01
   1.3431100e+05   3.7597656e+01
   1.3432900e+05   7.1594238e+01
   1.3434700e+05   3.4790039e+01
   1.3438200e+05   7.8796387e+01
   1.3443300e+05   5.8532715e+01
   1.3450200e+05   5.7373047e+01
   1.3457500e+05   5.3955078e+01
   1.4052600e+05   7.3974609e+01
   1.4056500e+05   6.4453125e+01
   1.4060200e+05   5.4138184e+01
   1.4062900e+05   5.6213379e+01
   1.4065100e+05   4.1625977e+01
   1.4068200e+05   5.1025391e+01
   1.4071000e+05   5.8227539e+01
   1.4072000e+05   4.0405273e+01
   1.4077600e+05   4.9133301e+01
   1.4083000e+05   4.5043945e+01
   1.4085400e+05   3.2531738e+01
   1.4091900e+05   5.7861328e+01
   1.4099500e+05   5.6091309e+01
   1.4107700e+05   5.0964355e+01
   1.4707200e+05   7.4829102e+01
   1.4710600e+05   5.4199219e+01
   1.4712000e+05   3.1738281e+01
   1.4714200e+05   4.8156738e+01
   1.4717100e+05   3.2958984e+01
   1.4718800e+05   2.3925781e+01
   1.4720100e+05   3.8513184e+01
   1.4722800e+05   2.3620605e+01
   1.4725600e+05   4.4799805e+01
   1.4728700e+05   4.3090820e+01
   1.4729700e+05   2.0507812e+01
   1.4732800e+05   3.1188965e+01
   1.4736500e+05   4.1137695e+01
   1.4742000e+05   4.4555664e+01
   1.4747300e+05   2.1423340e+01
   1.4750600e+05   4.3090820e+01
   1.4762400e+05   5.9814453e+01
   1.4771600e+05   2.0385742e+01
   1.5340900e+05   2.4841309e+01
   1.5343100e+05   3.5766602e+01
   1.5344600e+05   5.4748535e+01
   1.5348200e+05   5.6396484e+01
   1.5350500e+05   3.2836914e+01
   1.5351600e+05   4.1564941e+01
   1.5355500e+05   3.6071777e+01
   1.5356600e+05   6.4086914e+01
   1.5358600e+05   2.8991699e+01
   1.5362000e+05   3.2348633e+01
   1.5363400e+05   2.1423340e+01
   1.5366500e+05   3.5339355e+01
   1.5371400e+05   5.6030273e+01
   1.5381000e+05   4.3395996e+01
   1.5393300e+05   5.3039551e+01
   1.5395200e+05   2.1850586e+01
   1.5401700e+05   5.6884766e+01
   1.5415500e+05   5.4931641e+01
   1.6022900e+05   2.2827148e+01
   1.6026500e+05   6.8237305e+01
   1.6029600e+05   7.8918457e+01
   1.6031000e+05   2.8137207e+01
   1.6033700e+05   6.1401367e+01
   1.6035000e+05   2.9724121e+01
   1.6037900e+05   2.8137207e+01
   1.6039100e+05   2.4047852e+01
   1.6042000e+05   5.2734375e+01
   1.6043400e+05   2.5390625e+01
   1.6047500e+05   2.0385742e+01
   1.6048500e+05   3.9489746e+01
   1.6055100e+05   2.4047852e+01
   1.6057100e+05   2.7648926e+01
   1.6060300e+05   2.6000977e+01
   1.6066400e+05   3.7597656e+01
   1.6067500e+05   2.1057129e+01
   1.6073300e+05   3.9489746e+01
   1.6080100e+05   3.7719727e+01
   1.6092600e+05   5.1696777e+01
   1.6735600e+05   6.8908691e+01
   1.6738900e+05   3.6865234e+01
   1.6741100e+05   4.7424316e+01
   1.6742700e+05   5.9936523e+01
   1.6745000e+05   3.6376953e+01
   1.6748400e+05   3.5461426e+01
   1.6749700e+05   3.0212402e+01
   1.6751500e+05   2.1850586e+01
   1.6753600e+05   6.3964844e+01
   1.6754900e+05   2.3986816e+01
   1.6757500e+05   2.4291992e+01
   1.6763300e+05   2.4597168e+01
   1.6767600e+05   2.0202637e+01
   1.6769000e+05   3.3935547e+01
   1.6773000e+05   2.1362305e+01
   1.6776000e+05   3.1005859e+01
   1.6780000e+05   2.7832031e+01
   1.6787000e+05   3.5095215e+01
   1.6790800e+05   2.8381348e+01
   1.6794500e+05   3.8574219e+01
   1.6805100e+05   4.7363281e+01
   1.7417300e+05   6.5307617e+01
   1.7420000e+05   3.9672852e+01
   1.7421300e+05   9.5153809e+01
   1.7424500e+05   7.1899414e+01
   1.7426400e+05   3.7231445e+01
   1.7428100e+05   9.0820312e+01
   1.7429500e+05   3.1738281e+01
   1.7431000e+05   2.4536133e+01
   1.7433900e+05   2.9235840e+01
   1.7435200e+05   2.7465820e+01
   1.7439200e+05   3.3935547e+01
   1.7440600e+05   3.1188965e+01
   1.7442800e+05   2.2460938e+01
   1.7446600e+05   2.1728516e+01
   1.7450100e+05   3.3630371e+01
   1.7455900e+05   2.2460938e+01
   1.7458200e+05   2.3010254e+01
   1.7461200e+05   3.7536621e+01
   1.7467700e+05   2.9724121e+01
   1.7470400e+05   2.7709961e+01
   1.7475700e+05   3.5339355e+01
   1.8104900e+05   8.1298828e+01
   1.8108600e+05   5.3588867e+01
   1.8111500e+05   5.9326172e+01
   1.8113500e+05   3.4179688e+01
   1.8115400e+05   5.0109863e+01
   1.8116600e+05   2.8503418e+01
   1.8118400e+05   2.6428223e+01
   1.8119900e+05   2.4719238e+01
   1.8122100e+05   6.1401367e+01
   1.8124900e+05   2.9357910e+01
   1.8128300e+05   2.6855469e+01
   1.8133600e+05   3.1372070e+01
   1.8135000e+05   4.9743652e+01
   1.8141800e+05   2.7709961e+01
   1.8145300e+05   3.8696289e+01
   1.8147000e+05   2.5634766e+01
   1.8152100e+05   3.4057617e+01
   1.8162000e+05   2.7160645e+01
   1.8163800e+05   2.7709961e+01
   1.8172400e+05   3.5949707e+01
   1.8184800e+05   5.5175781e+01
   1.8846500e+05   7.9895020e+01
   1.8849100e+05   3.1921387e+01
   1.8850200e+05   7.3669434e+01
   1.8853600e+05   7.8979492e+01
   1.8855400e+05   5.5358887e+01
   1.8857700e+05   2.3803711e+01
   1.8861700e+05   2.8564453e+01
   1.8863200e+05   2.1057129e+01
   1.8864900e+05   2.5451660e+01
   1.8866500e+05   2.1118164e+01
   1.8869400e+05   2.1972656e+01
   1.8872900e+05   3.1494141e+01
   1.8877200e+05   3.1982422e+01
   1.8879000e+05   2.8808594e+01
   1.8883100e+05   2.2277832e+01
   1.8884700e+05   3.1066895e+01
   1.8886300e+05   2.0141602e+01
   1.8895000e+05   2.4047852e+01
   1.8896200e+05   2.0202637e+01
   1.8902600e+05   2.9724121e+01
   1.8909600e+05   3.7536621e+01
   1.8918700e+05   4.8400879e+01
   1.9546400e+05   6.2622070e+01
   1.9548000e+05   2.6794434e+01
   1.9550200e+05   5.1635742e+01
   1.9553700e+05   6.3842773e+01
   1.9556200e+05   2.5390625e+01
   1.9558600e+05   6.6345215e+01
   1.9561900e+05   3.3264160e+01
   1.9563400e+05   4.6691895e+01
   1.9567300e+05   2.2766113e+01
   1.9570800e+05   4.0588379e+01
   1.9572000e+05   2.9052734e+01
   1.9576400e+05   2.9785156e+01
   1.9578300e+05   2.6245117e+01
   1.9583500e+05   4.4189453e+01
   1.9593600e+05   2.2583008e+01
   1.9595000e+05   4.1381836e+01
   1.9602900e+05   2.6184082e+01
   1.9612400e+05   4.2846680e+01
   2.0291100e+05   7.4768066e+01
   2.0294600e+05   5.7373047e+01
   2.0296000e+05   3.5888672e+01
   2.0297700e+05   3.1433105e+01
   2.0300700e+05   7.3486328e+01
   2.0302300e+05   2.3498535e+01
   2.0303800e+05   3.2043457e+01
   2.0305400e+05   2.4963379e+01
   2.0307000e+05   3.1738281e+01
   2.0311800e+05   3.3874512e+01
   2.0314800e+05   3.4973145e+01
   2.0315800e+05   2.5573730e+01
   2.0318800e+05   2.3254395e+01
   2.0322300e+05   2.2033691e+01
   2.0324700e+05   3.3142090e+01
   2.0327900e+05   2.2155762e+01
   2.0334700e+05   3.3264160e+01
   2.0339800e+05   2.5390625e+01
   2.0342800e+05   2.9235840e+01
   2.0349200e+05   2.2338867e+01
   2.0351500e+05   2.8137207e+01
   2.1029100e+05   6.9213867e+01
   2.1032500e+05   6.2011719e+01
   2.1034900e+05   6.6833496e+01
   2.1036000e+05   5.6823730e+01
   2.1039300e+05   7.3608398e+01
   2.1041500e+05   3.5705566e+01
   2.1045300e+05   3.9489746e+01
   2.1048500e+05   3.4667969e+01
   2.1049800e+05   3.1372070e+01
   2.1053400e+05   3.4362793e+01
   2.1054400e+05   2.0812988e+01
   2.1056600e+05   2.7160645e+01
   2.1059300e+05   2.3071289e+01
   2.1062700e+05   2.7160645e+01
   2.1065200e+05   2.2094727e+01
   2.1068100e+05   3.3142090e+01
   2.1070700e+05   2.0141602e+01
   2.1076900e+05   3.0822754e+01
   2.1080600e+05   3.8085938e+01
   2.1089600e+05   2.5817871e+01
   2.1092800e+05   2.1972656e+01
   2.1097400e+05   2.8808594e+01
   2.1918000e+05   7.5622559e+01
   2.1920500e+05   3.1005859e+01
   2.1921500e+05   6.8420410e+01
   2.1925000e+05   6.0058594e+01
   2.1927100e+05   3.4362793e+01
   2.1928700e+05   2.3681641e+01
   2.1930900e+05   4.0161133e+01
   2.1935500e+05   2.7465820e+01
   2.1938200e+05   2.3437500e+01
   2.1939600e+05   3.3691406e+01
   2.1943000e+05   2.4536133e+01
   2.1949300e+05   4.5959473e+01
   2.1953400e+05   2.0141602e+01
   2.1954600e+05   3.1799316e+01
   2.1959600e+05   2.5512695e+01
   2.1961400e+05   2.4719238e+01
   2.1969600e+05   2.1484375e+01
   2.1973500e+05   3.1738281e+01
   2.1988300e+05   2.6794434e+01
   2.1992400e+05   2.2033691e+01
   2.2002900e+05   4.5104980e+01
   2.2725500e+05   8.3618164e+01
   2.2726900e+05   2.9846191e+01
   2.2728800e+05   1.0235596e+02
   2.2732000e+05   4.4250488e+01
   2.2733700e+05   4.4616699e+01
   2.2736600e+05   4.2968750e+01
   2.2737600e+05   6.6650391e+01
   2.2740600e+05   5.0476074e+01
   2.2744000e+05   4.0100098e+01
   2.2745100e+05   3.3447266e+01
   2.2747600e+05   4.6569824e+01
   2.2749200e+05   2.2094727e+01
   2.2752200e+05   3.0273438e+01
   2.2754100e+05   3.5522461e+01
   2.2758400e+05   4.5410156e+01
   2.2762300e+05   3.1372070e+01
   2.2765000e+05   3.9978027e+01
   2.2770000e+05   3.5034180e+01
   2.2773300e+05   2.1240234e+01
   2.2776100e+05   2.6184082e+01
   2.2785300e+05   2.3803711e+01
   2.2793100e+05   2.1850586e+01
   2.3628400e+05   7.3181152e+01
   2.3630200e+05   2.5634766e+01
   2.3631900e+05   7.3730469e+01
   2.3635300e+05   1.1303711e+02
   2.3636300e+05   2.8137207e+01
   2.3638100e+05   2.9785156e+01
   2.3639300e+05   2.2338867e+01
   2.3641900e+05   2.8259277e+01
   2.3645900e+05   3.7536621e+01
   2.3648900e+05   2.0263672e+01
   2.3653300e+05   2.0385742e+01
   2.3656300e+05   2.3376465e+01
   2.3657800e+05   2.3437500e+01
   2.3660300e+05   2.9479980e+01
   2.3663900e+05   3.7536621e+01
   2.3668600e+05   3.0090332e+01
   2.3673900e+05   2.0141602e+01
   2.3676900e+05   2.0385742e+01
   2.3683800e+05   3.2287598e+01
   2.3686800e+05   2.5878906e+01
   2.3691700e+05   2.4047852e+01
   2.3693300e+05   2.5024414e+01
   2.3709600e+05   3.3813477e+01
   2.3720000e+05   4.1931152e+01
   2.4540200e+05   8.5205078e+01
   2.4543500e+05   5.0537109e+01
   2.4545000e+05   6.7382812e+01
   2.4548300e+05   5.9387207e+01
   2.4549800e+05   5.8166504e+01
   2.4553000e+05   2.9602051e+01
   2.4557500e+05   2.2094727e+01
   2.4558800e+05   2.4169922e+01
   2.4562400e+05   2.5756836e+01
   2.4565400e+05   2.3620605e+01
   2.4569300e+05   2.0568848e+01
   2.4571800e+05   2.8808594e+01
   2.4583200e+05   2.3559570e+01
   2.4586700e+05   2.5817871e+01
   2.4588100e+05   2.1240234e+01
   2.4592300e+05   2.2705078e+01
   2.4594400e+05   2.4536133e+01
   2.4599100e+05   2.1240234e+01
   2.4607300e+05   2.6794434e+01
   2.4637000e+05   4.3212891e+01
   2.5420100e+05   3.7536621e+01
   2.5421200e+05   4.2602539e+01
   2.5423300e+05   4.2114258e+01
   2.5426100e+05   4.8461914e+01
   2.5427600e+05   6.9641113e+01
   2.5428800e+05   2.9541016e+01
   2.5430400e+05   5.5786133e+01
   2.5432200e+05   5.5725098e+01
   2.5434100e+05   3.1066895e+01
   2.5435600e+05   3.0761719e+01
   2.5438000e+05   2.2827148e+01
   2.5441600e+05   2.3681641e+01
   2.5445400e+05   2.2277832e+01
   2.5447800e+05   2.1850586e+01
   2.5452700e+05   3.4790039e+01
   2.5461600e+05   3.1616211e+01
   2.5472800e+05   2.8259277e+01
   2.5474000e+05   2.4047852e+01
   2.5477300e+05   2.2949219e+01
   2.5482700e+05   2.6367188e+01
   2.5486200e+05   2.0690918e+01
   2.5489700e+05   2.0874023e+01
   2.6461100e+05   2.7709961e+01
   2.6462800e+05   3.9550781e+01
   2.6464800e+05   6.9641113e+01
   2.6467000e+05   3.8208008e+01
   2.6469700e+05   3.6621094e+01
   2.6473600e+05   2.8076172e+01
   2.6478500e+05   2.6855469e+01
   2.6482400e+05   2.8930664e+01
   2.6486800e+05   2.2277832e+01
   2.6490300e+05   2.4780273e+01
   2.6492900e+05   2.5390625e+01
   2.6497400e+05   2.7221680e+01
   2.6500000e+05   2.0141602e+01
   2.6516000e+05   2.3559570e+01
   2.6518800e+05   2.0202637e+01
   2.6522700e+05   2.3559570e+01
   2.6524900e+05   2.0935059e+01
   2.6528800e+05   3.4484863e+01
   2.6531200e+05   2.0568848e+01
   2.6541100e+05   3.3569336e+01
   2.7426000e+05   1.0223389e+02
   2.7427700e+05   2.6123047e+01
   2.7430300e+05   8.7585449e+01
   2.7431300e+05   2.0507812e+01
   2.7433900e+05   8.3190918e+01
   2.7435800e+05   3.3508301e+01
   2.7437100e+05   4.0344238e+01
   2.7439800e+05   2.3559570e+01
   2.7447500e+05   2.9296875e+01
   2.7450200e+05   2.0935059e+01
   2.7454500e+05   2.1118164e+01
   2.7465300e+05   2.3742676e+01
   2.7470900e+05   2.0812988e+01
   2.7477200e+05   2.7404785e+01
   2.7484000e+05   3.5888672e+01
   2.7493000e+05   2.4963379e+01
   2.7494600e+05   2.7099609e+01
   2.7504100e+05   2.6306152e+01
   2.8581500e+05   4.4921875e+01
   2.8582600e+05   8.1237793e+01
   2.8585700e+05   4.5471191e+01
   2.8588600e+05   6.6528320e+01
   2.8591400e+05   4.6447754e+01
   2.8594400e+05   2.6245117e+01
   2.8599000e+05   2.1850586e+01
   2.8602300e+05   2.7404785e+01
   2.8605200e+05   2.2949219e+01
   2.8609200e+05   2.2155762e+01
   2.8618200e+05   2.4047852e+01
   2.8633000e+05   2.4230957e+01
   2.8639700e+05   2.6916504e+01
   2.8648500e+05   2.2705078e+01
   2.8651500e+05   2.8686523e+01
   2.8658000e+05   2.0263672e+01
   2.9713000e+05   3.2226563e+01
   2.9716900e+05   9.1247559e+01
   2.9720000e+05   8.6669922e+01
   2.9721400e+05   3.7780762e+01
   2.9722400e+05   5.4687500e+01
   2.9724500e+05   5.2734375e+01
   2.9727200e+05   3.2714844e+01
   2.9730300e+05   2.4291992e+01
   2.9733800e+05   2.8076172e+01
   2.9735700e+05   2.2277832e+01
   2.9762500e+05   2.5939941e+01
   2.9771600e+05   2.6855469e+01
   2.9777800e+05   2.1118164e+01
   2.9786800e+05   2.3193359e+01
   2.9798200e+05   3.6132812e+01
   2.9800900e+05   2.2277832e+01
   2.9806600e+05   3.1433105e+01
   2.9993700e+05   2.4169922e+01
   3.0889300e+05   3.0334473e+01
   3.0892100e+05   3.5217285e+01
   3.0893100e+05   8.3984375e+01
   3.0896200e+05   6.4758301e+01
   3.0899300e+05   3.6254883e+01
   3.0900600e+05   3.6376953e+01
   3.0904200e+05   2.4536133e+01
   3.0907000e+05   2.1728516e+01
   3.0914300e+05   2.3010254e+01
   3.0918200e+05   2.5695801e+01
   3.0934800e+05   2.4108887e+01
   3.0939300e+05   2.0202637e+01
   3.0944800e+05   3.1311035e+01
   3.0951400e+05   2.1789551e+01
   3.0958900e+05   2.2399902e+01
   3.0963500e+05   2.0751953e+01
   3.0967000e+05   2.0935059e+01
   3.0969200e+05   3.5156250e+01
   3.0992400e+05   4.3823242e+01
   3.1240200e+05   2.2644043e+01
   3.1784100e+05   3.1433105e+01
   3.1799400e+05   4.2236328e+01
   3.1802300e+05   2.7221680e+01
   3.1805200e+05   2.4047852e+01
   3.1808600e+05   8.4350586e+01
   3.1810400e+05   8.3496094e+01
   3.1812900e+05   5.5541992e+01
   3.1814100e+05   3.0334473e+01
   3.1816800e+05   4.2541504e+01
   3.1817800e+05   2.7526855e+01
   3.1819600e+05   4.2236328e+01
   3.1822200e+05   2.6306152e+01
   3.1823700e+05   2.8503418e+01
   3.1825200e+05   4.0832520e+01
   3.1829000e+05   3.6376953e+01
   3.1833100e+05   2.8686523e+01
   3.1837300e+05   3.2470703e+01
   3.1840600e+05   3.1066895e+01
   3.1843900e+05   2.4353027e+01
   3.1846600e+05   2.1606445e+01
   3.1854500e+05   2.0568848e+01
   3.1859600e+05   3.3996582e+01
   3.1868200e+05   2.1667480e+01
   3.1877100e+05   4.0039063e+01
   3.1961300e+05   3.8696289e+01
   3.2972200e+05   3.1005859e+01
   3.2975800e+05   4.0100098e+01
   3.2978900e+05   9.3200684e+01
   3.2981000e+05   2.5146484e+01
   3.2983200e+05   1.0272217e+02
   3.2985900e+05   3.1860352e+01
   3.2988900e+05   2.8137207e+01
   3.2992400e+05   4.3640137e+01
   3.2994600e+05   2.3742676e+01
   3.3003700e+05   2.4047852e+01
   3.3010700e+05   2.2766113e+01
   3.3021300e+05   2.2888184e+01
   3.3025700e+05   2.6367188e+01
   3.3032200e+05   3.3569336e+01
   3.3037500e+05   2.3193359e+01
   3.3044300e+05   2.7221680e+01
   3.3049200e+05   2.0812988e+01
   3.3052900e+05   2.4169922e+01
   3.3056800e+05   2.2460938e+01
   3.3067100e+05   2.4230957e+01
   3.4637200e+05   3.4362793e+01
   3.4640200e+05   2.3986816e+01
   3.4641300e+05   3.2958984e+01
   3.4642400e+05   6.9946289e+01
   3.4646200e+05   4.9011230e+01
   3.4648200e+05   3.8085938e+01
   3.4650800e+05   7.0129395e+01
   3.4654200e+05   2.4902344e+01
   3.4657600e+05   3.1494141e+01
   3.4669500e+05   2.2216797e+01
   3.4673400e+05   2.3010254e+01
   3.4681100e+05   2.1240234e+01
   3.4695200e+05   2.7099609e+01
   3.4701100e+05   2.4230957e+01
   3.4707700e+05   2.4475098e+01
   3.4708800e+05   2.3254395e+01
   3.4711100e+05   2.3132324e+01
   3.4714800e+05   2.7648926e+01
   3.4717500e+05   2.4841309e+01
   3.4722400e+05   2.2766113e+01
   3.4728900e+05   2.1545410e+01
   3.4733000e+05   2.1057129e+01
   3.5845100e+05   2.9235840e+01
   3.5847500e+05   2.5146484e+01
   3.5851200e+05   3.0029297e+01
   3.5852600e+05   5.5786133e+01
   3.5854200e+05   2.8808594e+01
   3.5855500e+05   7.8735352e+01
   3.5859300e+05   4.1870117e+01
   3.5860900e+05   3.6743164e+01
   3.5863100e+05   3.6376953e+01
   3.5865000e+05   5.0048828e+01
   3.5866900e+05   2.1301270e+01
   3.5868700e+05   4.1198730e+01
   3.5871900e+05   3.8879395e+01
   3.5876800e+05   2.0751953e+01
   3.5879600e+05   2.0751953e+01
   3.5882800e+05   2.9846191e+01
   3.5886700e+05   2.3498535e+01
   3.5909200e+05   2.2399902e+01
   3.5917400e+05   2.6245117e+01
   3.5924300e+05   2.5512695e+01
   3.5950000e+05   4.7363281e+01
   3.6878000e+05   3.2104492e+01
   3.6883200e+05   2.6489258e+01
   3.6885900e+05   2.4536133e+01
   3.6889800e+05   5.1269531e+01
   3.6891200e+05   4.1503906e+01
   3.6893700e+05   7.1350098e+01
   3.6895900e+05   2.5878906e+01
   3.6897900e+05   6.8481445e+01
   3.6901500e+05   8.3129883e+01
   3.6902600e+05   3.5034180e+01
   3.6904600e+05   6.6711426e+01
   3.6906500e+05   5.2429199e+01
   3.6910900e+05   5.8776855e+01
   3.6912000e+05   2.6428223e+01
   3.6914600e+05   3.2958984e+01
   3.6919200e+05   2.2888184e+01
   3.6922700e+05   3.2104492e+01
   3.6928600e+05   3.1494141e+01
   3.6930000e+05   2.0263672e+01
   3.6934300e+05   2.9785156e+01
   3.6947600e+05   4.2907715e+01
   3.6952900e+05   2.0202637e+01
   3.6959000e+05   2.0507812e+01
   3.6967600e+05   3.9733887e+01
   3.7212600e+05   3.0151367e+01
   8.9660900e+05   2.0874023e+01
   9.2189600e+05   2.1179199e+01
   9.2237600e+05   3.1555176e+01
   9.5458100e+05   2.0385742e+01
   9.8148100e+05   2.2827148e+01
   9.8151300e+05   2.5756836e+01
   1.0011630e+06   2.2033691e+01
   1.0281030e+06   2.5390625e+01
   1.0288000e+06   2.0141602e+01
   1.0517960e+06   2.5146484e+01
   1.0518550e+06   2.4230957e+01
   1.0783110e+06   2.1911621e+01
   1.0783270e+06   5.6518555e+01
   1.0784000e+06   5.8654785e+01
   1.0784240e+06   2.0324707e+01
   1.1007580e+06   2.0385742e+01
   1.1007800e+06   4.8400879e+01
   1.1007930e+06   2.0385742e+01
   1.1008180e+06   5.6640625e+01
   1.1008480e+06   3.2043457e+01
   1.1009560e+06   2.0385742e+01
   1.1163350e+06   2.2033691e+01
   1.1163910e+06   6.1889648e+01
   1.1164530e+06   2.0507812e+01
   1.1249530e+06   2.0385742e+01
   1.1249870e+06   4.5410156e+01
   1.1250230e+06   2.2399902e+01
   1.1250900e+06   2.9968262e+01
   1.1251190e+06   2.4047852e+01
   1.1337260e+06   5.7067871e+01
   1.1422720e+06   5.9448242e+01
   1.1422970e+06   3.0151367e+01
   1.1423410e+06   3.8818359e+01
   1.1500770e+06   4.7607422e+01
   1.1501490e+06   2.4597168e+01
   1.1502000e+06   2.0690918e+01
   1.1644300e+06   3.0700684e+01
   1.1644800e+06   5.0964355e+01
   1.1645780e+06   2.0568848e+01
   1.1646050e+06   8.2092285e+01
   1.1725200e+06   2.6306152e+01
   1.1725570e+06   3.2043457e+01
   1.1947490e+06   2.2338867e+01
   1.1948360e+06   2.7832031e+01
   1.2018790e+06   2.8991699e+01
   1.2019380e+06   8.5083008e+01
   1.2151750e+06   2.3437500e+01
   1.2658720e+06   2.0324707e+01
   1.2659620e+06   2.1545410e+01
   1.2808200e+06   8.2458496e+01
   1.2808390e+06   2.4963379e+01
   1.2948380e+06   2.2155762e+01
   1.3026380e+06   2.2338867e+01
   1.3027500e+06   8.3312988e+01
   1.3028280e+06   8.2946777e+01
   1.3113450e+06   3.1921387e+01
   1.3114090e+06   8.0749512e+01
   1.3115360e+06   9.5581055e+01
   1.3115520e+06   3.3874512e+01
   1.3116430e+06   2.5756836e+01
   1.3201060e+06   8.6059570e+01
   1.3201350e+06   2.5878906e+01
   1.3201840e+06   7.7392578e+01
   1.3201980e+06   2.0629883e+01
   1.3203030e+06   8.1359863e+01
   1.3296960e+06   8.0505371e+01
   1.3297160e+06   2.0385742e+01
   1.3297970e+06   8.3862305e+01
   1.3298310e+06   3.5278320e+01
   1.3298540e+06   7.5073242e+01
   1.3299240e+06   7.2448730e+01
   1.3299500e+06   4.1198730e+01
   1.3300520e+06   6.7504883e+01
   1.3389340e+06   9.7534180e+01
   1.3389740e+06   9.7656250e+01
   1.3390230e+06   6.7138672e+01
   1.3390380e+06   2.7404785e+01
   1.3390690e+06   7.0251465e+01
   1.3391200e+06   7.1472168e+01
   1.3391370e+06   3.0883789e+01
   1.3391910e+06   6.5307617e+01
   1.3392320e+06   3.4484863e+01
   1.3392660e+06   7.1350098e+01
   1.3393270e+06   5.6091309e+01
   1.3393540e+06   2.2094727e+01
   1.3395310e+06   5.9387207e+01
   1.3481010e+06   8.0810547e+01
   1.3481260e+06   2.7893066e+01
   1.3481400e+06   5.6945801e+01
   1.3481640e+06   6.6833496e+01
   1.3481940e+06   4.7180176e+01
   1.3482130e+06   3.8269043e+01
   1.3482290e+06   6.1340332e+01
   1.3482590e+06   3.3081055e+01
   1.3482770e+06   3.9978027e+01
   1.3482960e+06   2.9479980e+01
   1.3483300e+06   4.1015625e+01
   1.3483550e+06   2.6062012e+01
   1.3483910e+06   3.9916992e+01
   1.3484220e+06   3.7048340e+01
   1.3484330e+06   5.2246094e+01
   1.3484630e+06   2.0874023e+01
   1.3484790e+06   3.2104492e+01
   1.3485310e+06   4.3762207e+01
   1.3485530e+06   3.4057617e+01
   1.3485830e+06   4.5166016e+01
   1.3486560e+06   4.4372559e+01
   1.3487660e+06   4.4433594e+01
   1.3488600e+06   5.8471680e+01
   1.3592270e+06   7.4645996e+01
   1.3592600e+06   9.3383789e+01
   1.3592840e+06   7.7270508e+01
   1.3593160e+06   6.8054199e+01
   1.3593300e+06   4.1625977e+01
   1.3593590e+06   6.5551758e+01
   1.3593950e+06   3.1921387e+01
   1.3594170e+06   2.8442383e+01
   1.3594440e+06   3.0700684e+01
   1.3594890e+06   3.1066895e+01
   1.3595100e+06   3.5217285e+01
   1.3595200e+06   3.1860352e+01
   1.3595640e+06   3.8879395e+01
   1.3596000e+06   5.1513672e+01
   1.3596440e+06   3.4851074e+01
   1.3596820e+06   3.0639648e+01
   1.3597060e+06   3.6071777e+01
   1.3597590e+06   7.2265625e+01
   1.3598120e+06   4.2419434e+01
   1.3598800e+06   4.0222168e+01
   1.3599490e+06   4.8217773e+01
   1.3600140e+06   4.3762207e+01
   1.3601010e+06   4.7058105e+01
   1.3687080e+06   8.9599609e+01
   1.3687270e+06   3.0517578e+01
   1.3687410e+06   8.1970215e+01
   1.3687720e+06   5.7189941e+01
   1.3688030e+06   6.8115234e+01
   1.3688210e+06   4.1625977e+01
   1.3688470e+06   4.6081543e+01
   1.3688730e+06   5.1818848e+01
   1.3688830e+06   3.2592773e+01
   1.3689060e+06   3.1860352e+01
   1.3689220e+06   3.0334473e+01
   1.3689370e+06   2.1728516e+01
   1.3689560e+06   4.0039062e+01
   1.3689800e+06   4.1870117e+01
   1.3690070e+06   2.1911621e+01
   1.3690370e+06   3.8391113e+01
   1.3690480e+06   3.2104492e+01
   1.3690760e+06   2.8869629e+01
   1.3691250e+06   2.3803711e+01
   1.3691440e+06   2.6123047e+01
   1.3691760e+06   2.0202637e+01
   1.3692520e+06   2.7160645e+01
   1.3692730e+06   2.3376465e+01
   1.3692890e+06   2.9113770e+01
   1.3693480e+06   3.5339355e+01
   1.3694180e+06   4.0710449e+01
   1.3695090e+06   4.0039063e+01
   1.3794930e+06   7.4707031e+01
   1.3795250e+06   6.3781738e+01
   1.3795470e+06   2.9541016e+01
   1.3795600e+06   4.1442871e+01
   1.3795880e+06   3.5705566e+01
   1.3796060e+06   5.6823730e+01
   1.3796260e+06   4.7851562e+01
   1.3796440e+06   4.0710449e+01
   1.3796670e+06   2.9052734e+01
   1.3797000e+06   7.0007324e+01
   1.3797170e+06   4.0954590e+01
   1.3797650e+06   2.5939941e+01
   1.3798140e+06   3.9306641e+01
   1.3798260e+06   3.6499023e+01
   1.3798680e+06   2.1423340e+01
   1.3798830e+06   3.2897949e+01
   1.3799270e+06   2.0507812e+01
   1.3799450e+06   4.6386719e+01
   1.3799970e+06   4.5532227e+01
   1.3800420e+06   2.9296875e+01
   1.3800690e+06   2.0568848e+01
   1.3801210e+06   3.0944824e+01
   1.3801630e+06   3.1250000e+01
   1.3802920e+06   2.9541016e+01
   1.3803870e+06   2.4658203e+01
   1.3891580e+06   7.5012207e+01
   1.3891820e+06   2.9174805e+01
   1.3891960e+06   9.8022461e+01
   1.3892240e+06   5.7678223e+01
   1.3892400e+06   4.4799805e+01
   1.3892690e+06   3.1127930e+01
   1.3893040e+06   2.3864746e+01
   1.3893170e+06   2.7099609e+01
   1.3893580e+06   3.0761719e+01
   1.3893760e+06   3.0212402e+01
   1.3894140e+06   3.2897949e+01
   1.3894340e+06   2.5573730e+01
   1.3894620e+06   2.2705078e+01
   1.3894850e+06   3.5278320e+01
   1.3894970e+06   3.0151367e+01
   1.3895330e+06   4.0710449e+01
   1.3895490e+06   2.4353027e+01
   1.3895860e+06   2.4963379e+01
   1.3896240e+06   2.1484375e+01
   1.3896450e+06   2.2033691e+01
   1.3896880e+06   2.6367188e+01
   1.3897010e+06   3.9733887e+01
   1.3897510e+06   2.7526855e+01
   1.3897850e+06   2.1789551e+01
   1.3898530e+06   2.7404785e+01
   1.3898820e+06   3.1494141e+01
   1.3899440e+06   3.1860352e+01
   1.3899550e+06   2.1484375e+01
   1.3900060e+06   4.0588379e+01
   1.3994950e+06   8.7707520e+01
   1.3995160e+06   4.6447754e+01
   1.3995290e+06   8.9599609e+01
   1.3995470e+06   5.8044434e+01
   1.3995580e+06   5.7189941e+01
   1.3995820e+06   3.6987305e+01
   1.3996000e+06   4.3518066e+01
   1.3996310e+06   3.7963867e+01
   1.3996640e+06   3.5583496e+01
   1.3996990e+06   3.1250000e+01
   1.3997150e+06   2.1789551e+01
   1.3997800e+06   2.8808594e+01
   1.3998020e+06   2.1789551e+01
   1.3998170e+06   3.4240723e+01
   1.3998560e+06   2.5390625e+01
   1.3999040e+06   3.4912109e+01
   1.3999160e+06   2.8381348e+01
   1.3999540e+06   2.4414063e+01
   1.3999730e+06   2.7709961e+01
   1.4000150e+06   2.4475098e+01
   1.4000290e+06   2.3376465e+01
   1.4000730e+06   2.8381348e+01
   1.4001070e+06   2.5146484e+01
   1.4001240e+06   2.2766113e+01
   1.4001530e+06   2.0935059e+01
   1.4001790e+06   3.2897949e+01
   1.4002780e+06   3.4606934e+01
   1.4003220e+06   2.0385742e+01
   1.4003630e+06   2.4719238e+01
   1.4004060e+06   2.7770996e+01
   1.4099570e+06   7.9772949e+01
   1.4099880e+06   1.0388184e+02
   1.4100030e+06   6.6955566e+01
   1.4100210e+06   6.7138672e+01
   1.4100340e+06   3.4851074e+01
   1.4100570e+06   3.9916992e+01
   1.4100920e+06   2.9724121e+01
   1.4101220e+06   2.8137207e+01
   1.4101390e+06   2.0385742e+01
   1.4101830e+06   2.5451660e+01
   1.4102490e+06   2.1179199e+01
   1.4102950e+06   2.2888184e+01
   1.4103070e+06   2.3742676e+01
   1.4103510e+06   2.7160645e+01
   1.4104620e+06   2.1972656e+01
   1.4105130e+06   2.0324707e+01
   1.4105390e+06   2.3132324e+01
   1.4105780e+06   2.6611328e+01
   1.4106270e+06   2.0935059e+01
   1.4106430e+06   2.4536133e+01
   1.4106680e+06   2.7832031e+01
   1.4107580e+06   3.4973145e+01
   1.4108790e+06   3.4301758e+01
   1.4109660e+06   4.6020508e+01
   1.4222760e+06   7.3669434e+01
   1.4222920e+06   4.3640137e+01
   1.4223080e+06   1.0577393e+02
   1.4223300e+06   3.0578613e+01
   1.4223450e+06   2.6733398e+01
   1.4223580e+06   3.7658691e+01
   1.4223770e+06   2.9846191e+01
   1.4223990e+06   2.0507812e+01
   1.4224170e+06   2.5207520e+01
   1.4224450e+06   2.6489258e+01
   1.4224820e+06   4.0039062e+01
   1.4225120e+06   2.1728516e+01
   1.4225560e+06   2.6000977e+01
   1.4226540e+06   2.4169922e+01
   1.4226980e+06   2.1972656e+01
   1.4227640e+06   2.2338867e+01
   1.4228500e+06   2.4597168e+01
   1.4229050e+06   2.8442383e+01
   1.4229680e+06   2.6245117e+01
   1.4229830e+06   2.1484375e+01
   1.4231180e+06   2.7282715e+01
   1.4231510e+06   2.2644043e+01
   1.4232620e+06   2.1667480e+01
   1.4233810e+06   4.0893555e+01
   1.4331320e+06   7.2753906e+01
   1.4331490e+06   5.2856445e+01
   1.4331640e+06   6.9213867e+01
   1.4331870e+06   3.3325195e+01
   1.4332010e+06   3.5034180e+01
   1.4332140e+06   3.3264160e+01
   1.4332300e+06   3.7475586e+01
   1.4332640e+06   3.0151367e+01
   1.4332920e+06   2.4414063e+01
   1.4333870e+06   2.0568848e+01
   1.4334340e+06   2.0751953e+01
   1.4335320e+06   2.1850586e+01
   1.4335770e+06   3.0395508e+01
   1.4336770e+06   2.9418945e+01
   1.4337420e+06   2.8991699e+01
   1.4337880e+06   2.5451660e+01
   1.4338490e+06   2.1728516e+01
   1.4339190e+06   2.1362305e+01
   1.4339450e+06   2.0446777e+01
   1.4448550e+06   7.6721191e+01
   1.4448680e+06   6.1157227e+01
   1.4448870e+06   6.9702148e+01
   1.4449100e+06   5.2612305e+01
   1.4449330e+06   2.5634766e+01
   1.4449530e+06   2.8503418e+01
   1.4449660e+06   2.1972656e+01
   1.4449870e+06   2.7465820e+01
   1.4451630e+06   2.9357910e+01
   1.4451770e+06   2.1179199e+01
   1.4452440e+06   2.0507812e+01
   1.4453270e+06   2.6062012e+01
   1.4453780e+06   2.4169922e+01
   1.4455360e+06   2.4047852e+01
   1.4455560e+06   2.6000977e+01
   1.4456990e+06   2.6428223e+01
   1.4457240e+06   2.2094727e+01
   1.4457880e+06   2.0141602e+01
   1.4459830e+06   3.6743164e+01
   1.4578500e+06   8.7097168e+01
   1.4578610e+06   2.7587891e+01
   1.4578800e+06   1.0137939e+02
   1.4579040e+06   4.5410156e+01
   1.4579170e+06   3.9428711e+01
   1.4579320e+06   2.6062012e+01
   1.4579480e+06   3.2043457e+01
   1.4579750e+06   2.9663086e+01
   1.4580020e+06   2.4597168e+01
   1.4580360e+06   2.2338867e+01
   1.4580510e+06   3.0517578e+01
   1.4580890e+06   2.4963379e+01
   1.4581180e+06   2.1362305e+01
   1.4581290e+06   2.7404785e+01
   1.4582070e+06   2.1850586e+01
   1.4582170e+06   2.0263672e+01
   1.4584100e+06   2.2094727e+01
   1.4584490e+06   2.4841309e+01
   1.4585060e+06   2.7404785e+01
   1.4585680e+06   2.2094727e+01
   1.4586000e+06   2.0690918e+01
   1.4586410e+06   2.1179199e+01
   1.4588370e+06   2.7954102e+01
   1.4698700e+06   1.1230469e+02
   1.4698830e+06   4.9804688e+01
   1.4698990e+06   8.4411621e+01
   1.4699200e+06   3.8208008e+01
   1.4699460e+06   5.4931641e+01
   1.4699620e+06   2.4841309e+01
   1.4700020e+06   2.2399902e+01
   1.4700940e+06   2.3498535e+01
   1.4701560e+06   2.2155762e+01
   1.4702170e+06   2.0996094e+01
   1.4703860e+06   2.5939941e+01
   1.4704620e+06   2.7404785e+01
   1.4704900e+06   2.1362305e+01
   1.4705470e+06   2.2949219e+01
   1.4706430e+06   2.1728516e+01
   1.4709100e+06   3.4179688e+01
   1.4806030e+06   3.1005859e+01
   1.4806970e+06   8.2458496e+01
   1.4807380e+06   2.9052734e+01
   1.4807600e+06   2.9907227e+01
   1.4807740e+06   7.5927734e+01
   1.4807960e+06   2.8686523e+01
   1.4808310e+06   6.0241699e+01
   1.4808510e+06   4.5776367e+01
   1.4808680e+06   4.5471191e+01
   1.4808860e+06   3.1921387e+01
   1.4809060e+06   5.6762695e+01
   1.4809250e+06   4.8339844e+01
   1.4809400e+06   2.2949219e+01
   1.4809590e+06   3.9367676e+01
   1.4809840e+06   4.9072266e+01
   1.4809970e+06   2.2644043e+01
   1.4810380e+06   2.0812988e+01
   1.4810540e+06   2.0141602e+01
   1.4810720e+06   2.1484375e+01
   1.4810950e+06   2.7832031e+01
   1.4811410e+06   2.7465820e+01
   1.4811630e+06   2.4597168e+01
   1.4812830e+06   2.2399902e+01
   1.4813630e+06   3.4667969e+01
   1.4814480e+06   3.6743164e+01
   1.4815460e+06   2.2521973e+01
   1.4899010e+06   3.4484863e+01
   1.4899520e+06   8.6730957e+01
   1.4899640e+06   4.4250488e+01
   1.4900000e+06   6.8725586e+01
   1.4900290e+06   4.5776367e+01
   1.4900610e+06   3.0395508e+01
   1.4900820e+06   3.7292480e+01
   1.4901160e+06   2.2949219e+01
   1.4901270e+06   2.9357910e+01
   1.4901960e+06   2.4291992e+01
   1.4902170e+06   4.0222168e+01
   1.4902690e+06   2.8625488e+01
   1.4904700e+06   2.1606445e+01
   1.4905330e+06   2.3681641e+01
   1.4905490e+06   2.6733398e+01
   1.4906150e+06   2.2460938e+01
   1.4908930e+06   2.5512695e+01
   1.4977460e+06   3.3508301e+01
   1.4978010e+06   3.4667969e+01
   1.4978160e+06   5.5664062e+01
   1.4978400e+06   3.4423828e+01
   1.4978640e+06   5.6396484e+01
   1.4978880e+06   3.4484863e+01
   1.4979030e+06   6.6162109e+01
   1.4979320e+06   3.4301758e+01
   1.4979460e+06   3.7658691e+01
   1.4979730e+06   4.9255371e+01
   1.4979890e+06   2.6123047e+01
   1.4980000e+06   2.8076172e+01
   1.4980110e+06   2.3254395e+01
   1.4980350e+06   3.1127930e+01
   1.4980820e+06   2.3620605e+01
   1.4981150e+06   2.2949219e+01
   1.4981400e+06   2.1972656e+01
   1.4981740e+06   3.1982422e+01
   1.4981890e+06   2.0141602e+01
   1.4982270e+06   2.4414063e+01
   1.4982410e+06   2.2827148e+01
   1.4982960e+06   2.7099609e+01
   1.4983270e+06   2.3010254e+01
   1.4983820e+06   3.0334473e+01
   1.4986070e+06   4.2053223e+01
   1.5119580e+06   3.6315918e+01
   1.5119700e+06   8.6120605e+01
   1.5119890e+06   5.5175781e+01
   1.5120250e+06   5.9936523e+01
   1.5120440e+06   4.2236328e+01
   1.5120710e+06   2.3071289e+01
   1.5121040e+06   2.3742676e+01
   1.5121350e+06   2.8503418e+01
   1.5121890e+06   2.5573730e+01
   1.5122260e+06   2.2460938e+01
   1.5125880e+06   2.7160645e+01
   1.5126680e+06   2.4169922e+01
   1.5126880e+06   2.1301270e+01
   1.5127140e+06   2.0385742e+01
   1.5127620e+06   2.2644043e+01
   1.5127970e+06   2.7770996e+01
   1.5128090e+06   2.4291992e+01
   1.5129510e+06   2.0690918e+01
   1.5133570e+06   2.1545410e+01
   1.5141520e+06   2.3193359e+01
   1.5264840e+06   9.1064453e+01
   1.5265140e+06   7.0129395e+01
   1.5265370e+06   2.9357910e+01
   1.5265620e+06   2.7282715e+01
   1.5265730e+06   2.0629883e+01
   1.5266010e+06   2.4719238e+01
   1.5266310e+06   2.1057129e+01
   1.5266560e+06   2.2827148e+01
   1.5266830e+06   2.3315430e+01
   1.5267400e+06   2.7343750e+01
   1.5270080e+06   2.8381348e+01
   1.5270680e+06   2.6489258e+01
   1.5271280e+06   2.2827148e+01
   1.5272130e+06   3.1677246e+01
   1.5272740e+06   2.2277832e+01
   1.5272850e+06   2.7526855e+01
   1.5273650e+06   3.1921387e+01
   1.5274560e+06   3.7536621e+01
   1.5275360e+06   3.9611816e+01
   1.5276490e+06   5.0903320e+01
   1.5284390e+06   2.2277832e+01
   1.5285990e+06   2.0568848e+01
   1.5287700e+06   2.0629883e+01
   1.5290650e+06   2.3620605e+01
   1.5292540e+06   2.7404785e+01
   1.5298390e+06   2.2460938e+01
   1.5371670e+06   3.1372070e+01
   1.5372880e+06   3.1982422e+01
   1.5373180e+06   2.6977539e+01
   1.5373330e+06   2.8625488e+01
   1.5373450e+06   2.1301270e+01
   1.5373780e+06   9.3627930e+01
   1.5374040e+06   4.1992188e+01
   1.5374300e+06   7.4584961e+01
   1.5374600e+06   3.4790039e+01
   1.5374770e+06   5.1635742e+01
   1.5374960e+06   3.0029297e+01
   1.5375260e+06   7.9711914e+01
   1.5375450e+06   2.4780273e+01
   1.5375670e+06   5.5969238e+01
   1.5375810e+06   2.9968262e+01
   1.5376280e+06   4.8400879e+01
   1.5376440e+06   2.0446777e+01
   1.5376610e+06   2.4108887e+01
   1.5376970e+06   2.3071289e+01
   1.5378250e+06   2.5878906e+01
   1.5379870e+06   3.4118652e+01
   1.5380970e+06   5.6396484e+01
   1.5381330e+06   3.5583496e+01
   1.5382260e+06   2.9846191e+01
   1.5382470e+06   2.4353027e+01
   1.5383180e+06   2.1545410e+01
   1.5463880e+06   2.5878906e+01
   1.5464120e+06   2.0263672e+01
   1.5464340e+06   6.1706543e+01
   1.5464470e+06   4.1748047e+01
   1.5464780e+06   9.2102051e+01
   1.5464880e+06   3.0456543e+01
   1.5465230e+06   4.9194336e+01
   1.5465350e+06   5.1513672e+01
   1.5465790e+06   4.8339844e+01
   1.5466000e+06   2.9296875e+01
   1.5466160e+06   2.9724121e+01
   1.5466330e+06   2.7709961e+01
   1.5466670e+06   2.0202637e+01
   1.5467020e+06   2.2583008e+01
   1.5467570e+06   2.2888184e+01
   1.5467810e+06   2.8076172e+01
   1.5468210e+06   2.2399902e+01
   1.5468780e+06   3.0334473e+01
   1.5469310e+06   3.0395508e+01
   1.5480010e+06   2.4108887e+01
   1.5496010e+06   2.3681641e+01
   1.5572270e+06   2.6245117e+01
   1.5572770e+06   2.3071289e+01
   1.5572950e+06   2.4658203e+01
   1.5573080e+06   2.4841309e+01
   1.5573350e+06   7.6354980e+01
   1.5573470e+06   2.6123047e+01
   1.5573700e+06   4.8034668e+01
   1.5573900e+06   7.3364258e+01
   1.5574200e+06   4.3457031e+01
   1.5574370e+06   4.1809082e+01
   1.5574580e+06   4.8950195e+01
   1.5574850e+06   3.9245605e+01
   1.5575150e+06   3.8757324e+01
   1.5575460e+06   3.3386230e+01
   1.5575890e+06   2.8015137e+01
   1.5576580e+06   2.0141602e+01
   1.5576710e+06   2.1911621e+01
   1.5576970e+06   2.5878906e+01
   1.5577790e+06   2.6184082e+01
   1.5578840e+06   2.3803711e+01
   1.5579460e+06   3.6499023e+01
   1.5580210e+06   2.5146484e+01
   1.5581620e+06   3.8574219e+01
   1.5582150e+06   2.4719238e+01
   1.5583120e+06   2.9724121e+01
   1.5700700e+06   2.8015137e+01
   1.5700990e+06   8.9660645e+01
   1.5701180e+06   4.6447754e+01
   1.5701350e+06   8.7524414e+01
   1.5701660e+06   5.2490234e+01
   1.5701870e+06   4.4616699e+01
   1.5702760e+06   2.1484375e+01
   1.5703270e+06   2.2216797e+01
   1.5703470e+06   2.8564453e+01
   1.5704040e+06   2.1789551e+01
   1.5704380e+06   2.4230957e+01
   1.5704700e+06   2.1972656e+01
   1.5705220e+06   2.8198242e+01
   1.5706150e+06   3.0700684e+01
   1.5706780e+06   2.9724121e+01
   1.5707320e+06   2.6733398e+01
   1.5708070e+06   2.1728516e+01
   1.5709080e+06   2.4353027e+01
   1.5710060e+06   2.1179199e+01
   1.5710890e+06   3.2104492e+01
   1.5716760e+06   2.1179199e+01
   1.5730460e+06   2.3742676e+01
   1.5836860e+06   2.9296875e+01
   1.5837170e+06   7.7514648e+01
   1.5837310e+06   6.1462402e+01
   1.5837450e+06   2.7038574e+01
   1.5837550e+06   5.3344727e+01
   1.5837860e+06   3.1188965e+01
   1.5837970e+06   4.1503906e+01
   1.5838400e+06   3.5705566e+01
   1.5838780e+06   2.2521973e+01
   1.5839030e+06   2.3864746e+01
   1.5839300e+06   2.1179199e+01
   1.5839410e+06   2.2155762e+01
   1.5840560e+06   2.1850586e+01
   1.5840970e+06   3.3874512e+01
   1.5843030e+06   2.1423340e+01
   1.5843620e+06   2.1606445e+01
   1.5844450e+06   3.3081055e+01
   1.5846010e+06   2.6184082e+01
   1.5846470e+06   2.1118164e+01
   1.5847070e+06   3.4179688e+01
   1.5848230e+06   4.9682617e+01
   1.5873600e+06   2.2338867e+01
   1.5983550e+06   3.1005859e+01
   1.5983700e+06   2.0507812e+01
   1.5983820e+06   9.0942383e+01
   1.5984110e+06   6.4514160e+01
   1.5984400e+06   6.5612793e+01
   1.5984600e+06   6.2988281e+01
   1.5984900e+06   4.1870117e+01
   1.5985340e+06   2.3315430e+01
   1.5985510e+06   2.0324707e+01
   1.5985660e+06   2.3071289e+01
   1.5985950e+06   2.6550293e+01
   1.5987280e+06   2.0202637e+01
   1.5988160e+06   2.0324707e+01
   1.5988610e+06   2.4230957e+01
   1.5989210e+06   2.3132324e+01
   1.5990420e+06   2.1057129e+01
   1.5990860e+06   2.0141602e+01
   1.5991250e+06   2.5268555e+01
   1.5991550e+06   2.1667480e+01
   1.5992490e+06   2.6306152e+01
   1.5997100e+06   5.1147461e+01
   1.5998120e+06   2.4230957e+01
   1.6180870e+06   3.5095215e+01
   1.6181230e+06   2.9113770e+01
   1.6181340e+06   3.2653809e+01
   1.6181610e+06   2.4291992e+01
   1.6181750e+06   9.2407227e+01
   1.6182060e+06   5.8227539e+01
   1.6182240e+06   8.8012695e+01
   1.6182580e+06   5.4443359e+01
   1.6182770e+06   4.7973633e+01
   1.6182980e+06   6.2500000e+01
   1.6183300e+06   4.0161133e+01
   1.6183660e+06   2.4230957e+01
   1.6183950e+06   3.7719727e+01
   1.6184270e+06   4.2541504e+01
   1.6184370e+06   5.0476074e+01
   1.6184630e+06   2.2949219e+01
   1.6184920e+06   2.2888184e+01
   1.6185310e+06   2.1362305e+01
   1.6185940e+06   2.3925781e+01
   1.6187310e+06   2.5329590e+01
   1.6188040e+06   2.4169922e+01
   1.6188700e+06   2.8686523e+01
   1.6189460e+06   2.0629883e+01
   1.6189780e+06   2.2644043e+01
   1.6191020e+06   2.0629883e+01
   1.6460620e+06   3.4545898e+01
   1.6460850e+06   2.0263672e+01
   1.6461010e+06   8.9965820e+01
   1.6461230e+06   3.7353516e+01
   1.6461450e+06   2.3193359e+01
   1.6461670e+06   8.0688477e+01
   1.6461950e+06   2.4230957e+01
   1.6462160e+06   2.6062012e+01
   1.6462420e+06   2.8015137e+01
   1.6463420e+06   2.3742676e+01
   1.6463700e+06   2.9174805e+01
   1.6464180e+06   2.6977539e+01
   1.6465000e+06   2.5817871e+01
   1.6466150e+06   2.4963379e+01
   1.6468610e+06   2.2155762e+01
   2.2266520e+06   2.5878906e+01
   2.2267080e+06   6.5917969e+01
   2.2267730e+06   5.2185059e+01
   2.2267870e+06   2.3254395e+01
   2.2272080e+06   2.2338867e+01
   2.2274250e+06   2.4536133e+01
   2.2275320e+06   2.3620605e+01
   2.2278520e+06   3.2165527e+01
   2.2846180e+06   2.6367188e+01
   2.2852860e+06   2.0141602e+01
   2.2853290e+06   3.1066895e+01
   2.2853550e+06   2.8991699e+01
   2.2855640e+06   2.2033691e+01
   2.2857360e+06   2.5756836e+01
   2.3149740e+06   4.9621582e+01
   2.3150540e+06   6.2500000e+01
   2.3306590e+06   2.1362305e+01
   2.3307810e+06   2.4169922e+01
   2.3308600e+06   2.3559570e+01
   2.3308930e+06   2.1911621e+01
   2.3626560e+06   2.5878906e+01
   2.3627220e+06   4.2663574e+01
   2.3627740e+06   2.1118164e+01
   2.4078120e+06   4.6325684e+01
   2.4440860e+06   5.2978516e+01
   2.4440960e+06   3.5583496e+01
   2.4441580e+06   5.2978516e+01
   2.4446480e+06   2.1301270e+01
   2.4739990e+06   4.4921875e+01
   2.4740480e+06   2.8076172e+01
   2.4910390e+06   2.1789551e+01
   2.4910600e+06   5.4382324e+01
   2.4911080e+06   2.5024414e+01
   2.5051750e+06   5.2001953e+01
   2.5052230e+06   3.8269043e+01
   2.5175750e+06   6.8176270e+01
   2.5176360e+06   5.1757812e+01
   2.5263160e+06   4.9865723e+01
   2.5263650e+06   2.3559570e+01
   2.5366570e+06   5.0109863e+01
   2.5366840e+06   2.8442383e+01
   2.5367210e+06   4.4555664e+01
   2.5367520e+06   2.3132324e+01
   2.5367640e+06   6.5612793e+01
   2.5368490e+06   3.8146973e+01
   2.5494230e+06   2.0507812e+01
   2.5571060e+06   2.8991699e+01
   2.5571510e+06   5.8227539e+01
   2.5571990e+06   8.1176758e+01
   2.5572750e+06   8.1054688e+01
   2.5572990e+06   2.0751953e+01
   2.5717260e+06   8.2580566e+01
   2.5717500e+06   2.5329590e+01
   2.5717730e+06   2.9602051e+01
   2.5717960e+06   6.8481445e+01
   2.5718780e+06   8.6791992e+01
   2.5719360e+06   2.0263672e+01
   2.5793860e+06   2.1301270e+01
   2.5794320e+06   2.6855469e+01
   2.5794550e+06   8.5632324e+01
   2.5797300e+06   2.3864746e+01
   2.5874300e+06   2.0629883e+01
   2.5874640e+06   8.1604004e+01
   2.5875120e+06   8.9233398e+01
   2.5875800e+06   7.2082520e+01
   2.5876650e+06   7.4279785e+01
   2.5945610e+06   2.6672363e+01
   2.5945890e+06   7.6904297e+01
   2.5946490e+06   7.5805664e+01
   2.5947310e+06   7.7087402e+01
   2.5947460e+06   3.1127930e+01
   2.5948460e+06   7.0007324e+01
   2.6014250e+06   7.5744629e+01
   2.6014810e+06   7.2448730e+01
   2.6015320e+06   6.1340332e+01
   2.6015440e+06   4.6936035e+01
   2.6015720e+06   3.0090332e+01
   2.6016040e+06   7.5988770e+01
   2.6016890e+06   6.6284180e+01
   2.6090890e+06   8.2580566e+01
   2.6091350e+06   7.1044922e+01
   2.6091640e+06   2.4291992e+01
   2.6091760e+06   8.4594727e+01
   2.6092120e+06   6.8481445e+01
   2.6092250e+06   4.0527344e+01
   2.6092500e+06   2.9418945e+01
   2.6092760e+06   5.4809570e+01
   2.6093190e+06   3.3813477e+01
   2.6093830e+06   7.1960449e+01
   2.6144360e+06   2.0996094e+01
   2.6144930e+06   7.4279785e+01
   2.6145680e+06   7.3059082e+01
   2.6145820e+06   2.1057129e+01
   2.6146510e+06   7.2143555e+01
   2.6147720e+06   2.0629883e+01
   2.6194600e+06   7.1960449e+01
   2.6196070e+06   7.9467773e+01
   2.6197100e+06   7.0373535e+01
   2.6245410e+06   8.3129883e+01
   2.6245670e+06   2.3986816e+01
   2.6245830e+06   6.5368652e+01
   2.6246190e+06   5.3833008e+01
   2.6246540e+06   7.3730469e+01
   2.6246670e+06   3.2287598e+01
   2.6247010e+06   6.5979004e+01
   2.6247260e+06   2.6489258e+01
   2.6247610e+06   4.7302246e+01
   2.6248690e+06   6.5185547e+01
   2.6248870e+06   2.0202637e+01
   2.6249590e+06   6.7077637e+01
   2.6249780e+06   2.0385742e+01
   2.6303090e+06   8.4411621e+01
   2.6303510e+06   6.5368652e+01
   2.6303750e+06   2.4780273e+01
   2.6303910e+06   5.7373047e+01
   2.6304100e+06   2.9663086e+01
   2.6304420e+06   6.9152832e+01
   2.6305100e+06   6.6711426e+01
   2.6305770e+06   6.3720703e+01
   2.6306410e+06   2.2033691e+01
   2.6307090e+06   6.4086914e+01
   2.6307680e+06   2.3193359e+01
   2.6362690e+06   9.1613770e+01
   2.6363010e+06   6.4636230e+01
   2.6363350e+06   5.5786133e+01
   2.6363570e+06   3.9184570e+01
   2.6363730e+06   4.4006348e+01
   2.6364150e+06   5.1208496e+01
   2.6364340e+06   2.5634766e+01
   2.6364570e+06   3.9916992e+01
   2.6365010e+06   5.2734375e+01
   2.6365570e+06   4.7973633e+01
   2.6366150e+06   5.4992676e+01
   2.6367400e+06   5.9082031e+01
   2.6423180e+06   7.7453613e+01
   2.6423570e+06   6.9396973e+01
   2.6423740e+06   3.5827637e+01
   2.6423940e+06   4.2175293e+01
   2.6424360e+06   5.0781250e+01
   2.6424600e+06   4.2785645e+01
   2.6424800e+06   4.7973633e+01
   2.6425070e+06   3.1127930e+01
   2.6425200e+06   4.0222168e+01
   2.6425330e+06   2.6123047e+01
   2.6425930e+06   5.5786133e+01
   2.6426490e+06   5.2673340e+01
   2.6427240e+06   4.8767090e+01
   2.6487120e+06   6.4575195e+01
   2.6487480e+06   6.8359375e+01
   2.6487640e+06   2.2338867e+01
   2.6487830e+06   4.2724609e+01
   2.6487960e+06   2.9418945e+01
   2.6488190e+06   4.7241211e+01
   2.6488320e+06   4.2175293e+01
   2.6488590e+06   3.7048340e+01
   2.6488690e+06   3.9184570e+01
   2.6488840e+06   3.6865234e+01
   2.6489460e+06   3.6682129e+01
   2.6489650e+06   3.2104492e+01
   2.6489920e+06   3.9550781e+01
   2.6490450e+06   6.0363770e+01
   2.6491090e+06   6.2255859e+01
   2.6492050e+06   5.1696777e+01
   2.6493150e+06   5.1818848e+01
   2.6551840e+06   8.2824707e+01
   2.6552200e+06   7.3242188e+01
   2.6552550e+06   7.4401855e+01
   2.6552660e+06   2.9724121e+01
   2.6552860e+06   4.1198730e+01
   2.6553200e+06   4.3151855e+01
   2.6553480e+06   3.3813477e+01
   2.6553880e+06   3.3630371e+01
   2.6554340e+06   4.9316406e+01
   2.6554460e+06   3.0517578e+01
   2.6554850e+06   2.5512695e+01
   2.6555840e+06   4.9987793e+01
   2.6557040e+06   4.8950195e+01
   2.6558310e+06   2.3803711e+01
   2.6559010e+06   5.4138184e+01
   2.6621060e+06   6.5490723e+01
   2.6621360e+06   3.5583496e+01
   2.6621780e+06   5.4992676e+01
   2.6622160e+06   6.0302734e+01
   2.6622310e+06   3.5461426e+01
   2.6622420e+06   2.6672363e+01
   2.6622620e+06   3.5278320e+01
   2.6622900e+06   2.8442383e+01
   2.6623170e+06   2.0629883e+01
   2.6623340e+06   2.6306152e+01
   2.6623470e+06   2.7038574e+01
   2.6623830e+06   3.1188965e+01
   2.6623970e+06   2.0935059e+01
   2.6624450e+06   4.0466309e+01
   2.6625000e+06   4.9133301e+01
   2.6625920e+06   6.1096191e+01
   2.6626780e+06   5.1574707e+01
   2.6690900e+06   8.2702637e+01
   2.6691290e+06   6.3110352e+01
   2.6691390e+06   3.1188965e+01
   2.6691640e+06   6.8420410e+01
   2.6691810e+06   4.2236328e+01
   2.6692000e+06   5.1452637e+01
   2.6692360e+06   5.5664062e+01
   2.6692570e+06   4.4311523e+01
   2.6692870e+06   2.8869629e+01
   2.6693030e+06   4.1320801e+01
   2.6693270e+06   2.6489258e+01
   2.6693570e+06   3.6926270e+01
   2.6693770e+06   3.5888672e+01
   2.6694030e+06   2.8991699e+01
   2.6694660e+06   4.0100098e+01
   2.6695050e+06   3.8696289e+01
   2.6695370e+06   4.3090820e+01
   2.6695960e+06   5.6518555e+01
   2.6698230e+06   5.1940918e+01
   2.6762140e+06   7.1044922e+01
   2.6762470e+06   6.2133789e+01
   2.6762600e+06   5.8898926e+01
   2.6762810e+06   4.8583984e+01
   2.6763060e+06   4.4494629e+01
   2.6763280e+06   4.7302246e+01
   2.6763440e+06   3.1127930e+01
   2.6763620e+06   3.6010742e+01
   2.6764020e+06   4.0222168e+01
   2.6764300e+06   4.3457031e+01
   2.6764570e+06   3.1616211e+01
   2.6764820e+06   3.5461426e+01
   2.6765110e+06   3.4484863e+01
   2.6765320e+06   3.4301758e+01
   2.6765790e+06   3.2653809e+01
   2.6766040e+06   4.9499512e+01
   2.6766400e+06   3.5766602e+01
   2.6766630e+06   5.2246094e+01
   2.6767280e+06   3.8818359e+01
   2.6767590e+06   2.1118164e+01
   2.6768200e+06   4.4067383e+01
   2.6769210e+06   5.0842285e+01
   2.6837110e+06   7.8796387e+01
   2.6837420e+06   6.9458008e+01
   2.6837730e+06   6.5185547e+01
   2.6837930e+06   3.1616211e+01
   2.6838080e+06   4.9377441e+01
   2.6838290e+06   3.5278320e+01
   2.6838430e+06   4.0832520e+01
   2.6838850e+06   3.9794922e+01
   2.6839110e+06   2.3254395e+01
   2.6839240e+06   2.8259277e+01
   2.6839520e+06   2.6550293e+01
   2.6839730e+06   2.4047852e+01
   2.6840140e+06   3.2775879e+01
   2.6840240e+06   3.0822754e+01
   2.6840800e+06   2.0996094e+01
   2.6841150e+06   3.8452148e+01
   2.6841320e+06   3.8757324e+01
   2.6841890e+06   3.3935547e+01
   2.6842430e+06   3.0090332e+01
   2.6842530e+06   2.9357910e+01
   2.6843300e+06   4.7607422e+01
   2.6921810e+06   2.6794434e+01
   2.6921930e+06   3.3142090e+01
   2.6922230e+06   6.4086914e+01
   2.6922460e+06   4.8461914e+01
   2.6922670e+06   4.9926758e+01
   2.6922830e+06   2.2827148e+01
   2.6923030e+06   4.0832520e+01
   2.6923490e+06   3.1677246e+01
   2.6923620e+06   4.0405273e+01
   2.6923950e+06   3.2409668e+01
   2.6924410e+06   4.0710449e+01
   2.6924600e+06   3.3630371e+01
   2.6924790e+06   2.7465820e+01
   2.6925200e+06   3.2531738e+01
   2.6925420e+06   2.5207520e+01
   2.6926170e+06   3.3630371e+01
   2.6926520e+06   2.3254395e+01
   2.6927230e+06   3.9001465e+01
   2.6927530e+06   2.3925781e+01
   2.6927900e+06   3.7109375e+01
   2.6929010e+06   5.3588867e+01
   2.6929910e+06   5.6762695e+01
   2.7006140e+06   2.5390625e+01
   2.7006320e+06   8.8439941e+01
   2.7006650e+06   8.4960938e+01
   2.7006970e+06   6.5002441e+01
   2.7007200e+06   2.9907227e+01
   2.7007430e+06   5.7739258e+01
   2.7007740e+06   7.0190430e+01
   2.7007850e+06   3.0151367e+01
   2.7008140e+06   3.0456543e+01
   2.7008410e+06   5.1757812e+01
   2.7008660e+06   2.1911621e+01
   2.7008990e+06   2.1301270e+01
   2.7009430e+06   3.1982422e+01
   2.7009560e+06   2.6367188e+01
   2.7009950e+06   2.0507813e+01
   2.7010110e+06   4.4250488e+01
   2.7010910e+06   3.6499023e+01
   2.7011130e+06   2.1057129e+01
   2.7011550e+06   2.7832031e+01
   2.7011760e+06   3.9550781e+01
   2.7012480e+06   3.9245605e+01
   2.7013180e+06   2.2460938e+01
   2.7013440e+06   3.4545898e+01
   2.7014910e+06   5.1025391e+01
   2.7079890e+06   8.1176758e+01
   2.7080050e+06   4.7668457e+01
   2.7080230e+06   6.2255859e+01
   2.7080560e+06   4.7241211e+01
   2.7080660e+06   2.1606445e+01
   2.7080920e+06   5.3222656e+01
   2.7081070e+06   3.5827637e+01
   2.7081410e+06   3.1005859e+01
   2.7081560e+06   4.0527344e+01
   2.7081790e+06   2.0935059e+01
   2.7081970e+06   3.5522461e+01
   2.7082270e+06   4.2358398e+01
   2.7082700e+06   3.5217285e+01
   2.7082800e+06   2.6367188e+01
   2.7083480e+06   2.8747559e+01
   2.7084350e+06   3.5522461e+01
   2.7084520e+06   2.1118164e+01
   2.7085120e+06   4.0649414e+01
   2.7085240e+06   3.1066895e+01
   2.7087150e+06   3.5583496e+01
   2.7171690e+06   7.5622559e+01
   2.7171900e+06   6.5185547e+01
   2.7172010e+06   5.9020996e+01
   2.7172260e+06   5.0781250e+01
   2.7172420e+06   2.4108887e+01
   2.7172570e+06   4.0710449e+01
   2.7172710e+06   3.3142090e+01
   2.7172950e+06   2.2033691e+01
   2.7173180e+06   5.3894043e+01
   2.7173610e+06   2.4230957e+01
   2.7173830e+06   2.5634766e+01
   2.7174140e+06   2.2705078e+01
   2.7174360e+06   2.0935059e+01
   2.7174610e+06   2.4108887e+01
   2.7174930e+06   2.9418945e+01
   2.7175140e+06   2.1911621e+01
   2.7175690e+06   3.6010742e+01
   2.7176370e+06   3.8330078e+01
   2.7176550e+06   4.2541504e+01
   2.7177370e+06   2.7709961e+01
   2.7177690e+06   2.0935059e+01
   2.7178010e+06   3.0761719e+01
   2.7178690e+06   3.1799316e+01
   2.7179530e+06   5.5053711e+01
   2.7266350e+06   7.5988770e+01
   2.7266550e+06   5.4992676e+01
   2.7266690e+06   6.9824219e+01
   2.7266880e+06   6.0424805e+01
   2.7267220e+06   4.3457031e+01
   2.7267420e+06   3.1860352e+01
   2.7267700e+06   4.2907715e+01
   2.7268050e+06   2.1972656e+01
   2.7268300e+06   6.4941406e+01
   2.7268580e+06   2.6062012e+01
   2.7268770e+06   3.5217285e+01
   2.7269170e+06   2.5024414e+01
   2.7269470e+06   2.9846191e+01
   2.7269760e+06   2.3620605e+01
   2.7270090e+06   2.0935059e+01
   2.7270230e+06   2.4902344e+01
   2.7270730e+06   2.3620605e+01
   2.7271190e+06   2.3071289e+01
   2.7271390e+06   4.4921875e+01
   2.7272010e+06   3.0151367e+01
   2.7272420e+06   2.8198242e+01
   2.7273130e+06   2.8137207e+01
   2.7273670e+06   3.4057617e+01
   2.7274450e+06   5.0537109e+01
   2.7356980e+06   6.0729980e+01
   2.7357190e+06   4.9987793e+01
   2.7357300e+06   6.8786621e+01
   2.7357620e+06   3.9306641e+01
   2.7357750e+06   2.2460938e+01
   2.7357860e+06   4.3151855e+01
   2.7358100e+06   3.9672852e+01
   2.7358260e+06   4.2419434e+01
   2.7358580e+06   5.2246094e+01
   2.7358920e+06   4.1564941e+01
   2.7359220e+06   4.0527344e+01
   2.7359450e+06   2.2033691e+01
   2.7359730e+06   2.5512695e+01
   2.7359980e+06   3.4912109e+01
   2.7360110e+06   2.0507812e+01
   2.7360600e+06   2.6489258e+01
   2.7360890e+06   3.8024902e+01
   2.7361200e+06   4.6508789e+01
   2.7361430e+06   2.5329590e+01
   2.7362130e+06   3.3447266e+01
   2.7362630e+06   2.1057129e+01
   2.7362730e+06   2.3376465e+01
   2.7362960e+06   3.4729004e+01
   2.7363230e+06   3.5583496e+01
   2.7363680e+06   2.1057129e+01
   2.7364340e+06   2.0874023e+01
   2.7364980e+06   3.7048340e+01
   2.7460720e+06   8.1298828e+01
   2.7461050e+06   7.2998047e+01
   2.7461360e+06   5.7434082e+01
   2.7461610e+06   2.6000977e+01
   2.7461740e+06   2.1240234e+01
   2.7461920e+06   2.2583008e+01
   2.7462300e+06   2.8503418e+01
   2.7462830e+06   3.6071777e+01
   2.7463200e+06   2.5756836e+01
   2.7463450e+06   3.9916992e+01
   2.7463760e+06   2.0507812e+01
   2.7464130e+06   5.1513672e+01
   2.7464510e+06   3.2836914e+01
   2.7464710e+06   3.2958984e+01
   2.7464940e+06   2.4597168e+01
   2.7465170e+06   2.3803711e+01
   2.7465340e+06   2.0935059e+01
   2.7466070e+06   2.1667480e+01
   2.7466290e+06   2.0141602e+01
   2.7466520e+06   3.3813477e+01
   2.7467010e+06   3.4851074e+01
   2.7467240e+06   2.5085449e+01
   2.7467740e+06   2.0263672e+01
   2.7468030e+06   2.2338867e+01
   2.7468870e+06   3.5522461e+01
   2.7469250e+06   3.0639648e+01
   2.7469520e+06   2.3071289e+01
   2.7568140e+06   6.9580078e+01
   2.7568320e+06   5.0903320e+01
   2.7568450e+06   8.9416504e+01
   2.7568710e+06   6.3598633e+01
   2.7568950e+06   3.2409668e+01
   2.7569230e+06   3.3203125e+01
   2.7569440e+06   3.0029297e+01
   2.7569700e+06   2.4353027e+01
   2.7569880e+06   3.3935547e+01
   2.7570040e+06   2.5695801e+01
   2.7570510e+06   2.0690918e+01
   2.7570690e+06   2.0568848e+01
   2.7571030e+06   3.6499023e+01
   2.7571430e+06   2.9663086e+01
   2.7571570e+06   2.0385742e+01
   2.7571940e+06   2.9418945e+01
   2.7572170e+06   2.4414063e+01
   2.7572870e+06   4.1198730e+01
   2.7573340e+06   2.0141602e+01
   2.7573860e+06   2.2949219e+01
   2.7574630e+06   2.1728516e+01
   2.7575250e+06   2.7160645e+01
   2.7575700e+06   2.1728516e+01
   2.7576140e+06   3.1860352e+01
   2.7576780e+06   2.8442383e+01
   2.7577030e+06   2.1484375e+01
   2.7669070e+06   9.5886230e+01
   2.7669210e+06   9.4848633e+01
   2.7669370e+06   7.2998047e+01
   2.7669520e+06   8.1115723e+01
   2.7669660e+06   4.6936035e+01
   2.7669900e+06   3.9855957e+01
   2.7670280e+06   2.1057129e+01
   2.7670680e+06   3.8635254e+01
   2.7670940e+06   2.6550293e+01
   2.7671250e+06   2.3498535e+01
   2.7671820e+06   3.0212402e+01
   2.7672340e+06   2.0568848e+01
   2.7672620e+06   2.3010254e+01
   2.7672840e+06   2.9846191e+01
   2.7673070e+06   2.4963379e+01
   2.7673280e+06   2.1179199e+01
   2.7673500e+06   3.3142090e+01
   2.7673810e+06   2.2644043e+01
   2.7674120e+06   2.1850586e+01
   2.7674630e+06   4.4555664e+01
   2.7674780e+06   2.0446777e+01
   2.7675240e+06   3.5461426e+01
   2.7675480e+06   2.2155762e+01
   2.7675920e+06   3.7170410e+01
   2.7676020e+06   2.1850586e+01
   2.7676500e+06   2.0629883e+01
   2.7676620e+06   4.1259766e+01
   2.7677310e+06   2.3437500e+01
   2.7761220e+06   1.0144043e+02
   2.7761450e+06   2.3742676e+01
   2.7761580e+06   9.2834473e+01
   2.7761890e+06   6.0974121e+01
   2.7762110e+06   6.0058594e+01
   2.7762450e+06   4.8706055e+01
   2.7762740e+06   2.0324707e+01
   2.7762890e+06   3.0700684e+01
   2.7763150e+06   2.2827148e+01
   2.7763270e+06   2.8808594e+01
   2.7763550e+06   2.3376465e+01
   2.7763850e+06   2.5756836e+01
   2.7763960e+06   2.0629883e+01
   2.7764320e+06   2.3681641e+01
   2.7764460e+06   2.2460938e+01
   2.7764910e+06   2.3315430e+01
   2.7765010e+06   3.2531738e+01
   2.7765370e+06   2.9602051e+01
   2.7765580e+06   2.2033691e+01
   2.7766040e+06   2.5390625e+01
   2.7766580e+06   2.2827148e+01
   2.7766960e+06   2.1179199e+01
   2.7767100e+06   2.1545410e+01
   2.7767270e+06   2.1118164e+01
   2.7767500e+06   2.1118164e+01
   2.7768150e+06   2.2521973e+01
   2.7768480e+06   2.3010254e+01
   2.7769330e+06   3.7719727e+01
   2.7874560e+06   7.9772949e+01
   2.7874710e+06   5.0598145e+01
   2.7874840e+06   7.5439453e+01
   2.7875270e+06   4.3395996e+01
   2.7875500e+06   2.9968262e+01
   2.7875710e+06   2.5329590e+01
   2.7876200e+06   2.3864746e+01
   2.7876550e+06   2.0324707e+01
   2.7877070e+06   2.1240234e+01
   2.7877410e+06   2.4475098e+01
   2.7877760e+06   3.1005859e+01
   2.7879770e+06   2.3376465e+01
   2.7879980e+06   2.1118164e+01
   2.7880770e+06   2.4841309e+01
   2.7881080e+06   2.0935059e+01
   2.7881820e+06   2.5695801e+01
   2.7883060e+06   2.4780273e+01
   2.7883940e+06   2.0935059e+01
   2.7884050e+06   3.3081055e+01
   2.7996180e+06   9.6618652e+01
   2.7996290e+06   5.1025391e+01
   2.7996470e+06   6.3720703e+01
   2.7996600e+06   7.3059082e+01
   2.7996840e+06   5.2307129e+01
   2.7997110e+06   4.1687012e+01
   2.7997390e+06   4.5410156e+01
   2.7997740e+06   2.8686523e+01
   2.7998520e+06   2.0751953e+01
   2.7998800e+06   2.2033691e+01
   2.7999370e+06   2.3681641e+01
   2.7999740e+06   2.3193359e+01
   2.8000390e+06   2.3559570e+01
   2.8002180e+06   2.6245117e+01
   2.8002780e+06   2.3803711e+01
   2.8003080e+06   2.4841309e+01
   2.8003590e+06   4.4860840e+01
   2.8004350e+06   2.3437500e+01
   2.8160270e+06   3.2775879e+01
   2.8160420e+06   3.9062500e+01
   2.8160640e+06   6.2133789e+01
   2.8160860e+06   5.2368164e+01
   2.8161070e+06   4.6020508e+01
   2.8161380e+06   2.5939941e+01
   2.8161860e+06   3.1921387e+01
   2.8162480e+06   2.1850586e+01
   2.8162910e+06   2.1606445e+01
   2.8163240e+06   2.6306152e+01
   2.8163550e+06   2.0629883e+01
   2.8163800e+06   2.3315430e+01
   2.8166090e+06   2.0874023e+01
   2.8166550e+06   2.2644043e+01
   2.8167200e+06   2.9357910e+01
   2.8167690e+06   3.2775879e+01
   2.8168130e+06   2.1240234e+01
   2.8168290e+06   2.4230957e+01
   2.8168750e+06   2.1240234e+01
   2.8169410e+06   2.1362305e+01
   2.8170510e+06   4.2175293e+01
   2.8271930e+06   3.3630371e+01
   2.8272060e+06   1.0559082e+02
   2.8272340e+06   6.0302734e+01
   2.8272620e+06   7.2387695e+01
   2.8272780e+06   5.2429199e+01
   2.8273110e+06   4.3701172e+01
   2.8273400e+06   2.6306152e+01
   2.8274190e+06   2.1911621e+01
   2.8274610e+06   2.2583008e+01
   2.8274930e+06   2.0263672e+01
   2.8275650e+06   2.1057129e+01
   2.8276840e+06   2.7648926e+01
   2.8277400e+06   2.0935059e+01
   2.8278510e+06   2.1484375e+01
   2.8278660e+06   3.1372070e+01
   2.8279110e+06   2.0385742e+01
   2.8279840e+06   3.4973145e+01
   2.8280990e+06   2.1606445e+01
   2.8390880e+06   3.5766602e+01
   2.8391040e+06   4.7790527e+01
   2.8391200e+06   8.9904785e+01
   2.8391540e+06   8.1359863e+01
   2.8391720e+06   3.1372070e+01
   2.8391920e+06   2.7709961e+01
   2.8392080e+06   2.6672363e+01
   2.8392830e+06   2.0202637e+01
   2.8393100e+06   2.9296875e+01
   2.8393470e+06   2.2644043e+01
   2.8394260e+06   2.2949219e+01
   2.8394830e+06   2.3986816e+01
   2.8395920e+06   2.4047852e+01
   2.8396670e+06   2.4780273e+01
   2.8397630e+06   4.0039063e+01
   2.8397730e+06   2.1423340e+01
   2.8398260e+06   2.3986816e+01
   2.8398630e+06   2.2766113e+01
   2.8399550e+06   2.5329590e+01
   2.8400280e+06   3.5034180e+01
   2.8400520e+06   2.1240234e+01
   2.8496480e+06   4.2602539e+01
   2.8496610e+06   3.7597656e+01
   2.8496820e+06   9.3383789e+01
   2.8497130e+06   6.0791016e+01
   2.8497260e+06   2.6184082e+01
   2.8497480e+06   2.4353027e+01
   2.8497830e+06   2.7648926e+01
   2.8498390e+06   2.0263672e+01
   2.8498930e+06   2.4536133e+01
   2.8499400e+06   2.1667480e+01
   2.8499870e+06   2.3620605e+01
   2.8502060e+06   2.9724121e+01
   2.8502660e+06   2.3742676e+01
   2.8503290e+06   3.1799316e+01
   2.8503630e+06   2.5817871e+01
   2.8504920e+06   2.4291992e+01
   2.8505260e+06   2.1789551e+01
   2.8505930e+06   2.1240234e+01
   2.8608430e+06   3.1799316e+01
   2.8608590e+06   1.0144043e+02
   2.8608750e+06   3.0029297e+01
   2.8608870e+06   7.8186035e+01
   2.8609160e+06   6.4147949e+01
   2.8609310e+06   2.5268555e+01
   2.8609530e+06   2.8991699e+01
   2.8609860e+06   2.0507812e+01
   2.8610350e+06   2.5024414e+01
   2.8611600e+06   2.1423340e+01
   2.8613390e+06   2.4780273e+01
   2.8613880e+06   2.4230957e+01
   2.8614260e+06   2.2766113e+01
   2.8614620e+06   2.2033691e+01
   2.8615180e+06   2.0263672e+01
   2.8616010e+06   2.2705078e+01
   2.8616490e+06   2.6977539e+01
   2.8618880e+06   4.0283203e+01
   2.8722580e+06   3.1005859e+01
   2.8722790e+06   1.0882568e+02
   2.8722910e+06   6.4941406e+01
   2.8723080e+06   5.7373047e+01
   2.8723360e+06   6.3781738e+01
   2.8723530e+06   3.0883789e+01
   2.8723680e+06   2.5878906e+01
   2.8724050e+06   2.8015137e+01
   2.8724380e+06   2.6794434e+01
   2.8724660e+06   2.2399902e+01
   2.8724910e+06   2.1606445e+01
   2.8725460e+06   2.2216797e+01
   2.8727550e+06   2.2521973e+01
   2.8728670e+06   2.4291992e+01
   2.8729320e+06   2.9541016e+01
   2.8730110e+06   3.0029297e+01
   2.8732670e+06   3.9855957e+01
   2.8733170e+06   2.0385742e+01
   2.8735960e+06   2.2155762e+01
   2.8737330e+06   2.3193359e+01
   2.8740180e+06   2.0507812e+01
   2.8835800e+06   3.1738281e+01
   2.8836060e+06   7.8308105e+01
   2.8836260e+06   4.2663574e+01
   2.8836500e+06   4.1381836e+01
   2.8836600e+06   7.8308105e+01
   2.8836760e+06   2.7832031e+01
   2.8836930e+06   2.6000977e+01
   2.8837370e+06   2.0324707e+01
   2.8837720e+06   2.0568848e+01
   2.8838650e+06   2.3437500e+01
   2.8839530e+06   2.0385742e+01
   2.8841930e+06   2.0629883e+01
   2.8842180e+06   2.4291992e+01
   2.8842620e+06   2.5634766e+01
   2.8842980e+06   2.0446777e+01
   2.8843340e+06   2.1911621e+01
   2.8843720e+06   2.8747559e+01
   2.8844630e+06   2.1423340e+01
   2.8845310e+06   3.3142090e+01
   2.8846840e+06   4.5227051e+01
   2.8849520e+06   2.0141602e+01
   2.8856360e+06   2.1850586e+01
   2.8968040e+06   2.9235840e+01
   2.8968410e+06   1.0382080e+02
   2.8968710e+06   7.0190430e+01
   2.8968910e+06   2.7709961e+01
   2.8969190e+06   5.3588867e+01
   2.8969440e+06   3.6682129e+01
   2.8970350e+06   2.4780273e+01
   2.8970960e+06   2.1179199e+01
   2.8971570e+06   2.0446777e+01
   2.8973300e+06   2.4597168e+01
   2.8974470e+06   2.4841309e+01
   2.8975940e+06   2.7343750e+01
   2.8985830e+06   2.2705078e+01
   2.8988610e+06   2.0568848e+01
   2.9128730e+06   3.5827637e+01
   2.9129010e+06   8.7951660e+01
   2.9129120e+06   4.3762207e+01
   2.9129280e+06   6.3659668e+01
   2.9129550e+06   7.3791504e+01
   2.9129740e+06   5.9020996e+01
   2.9130040e+06   2.1240234e+01
   2.9131610e+06   2.1911621e+01
   2.9133330e+06   2.3742676e+01
   2.9133740e+06   2.2094727e+01
   2.9135140e+06   2.1789551e+01
   2.9135720e+06   2.0812988e+01
   2.9136360e+06   2.0629883e+01
   2.9136820e+06   2.2094727e+01
   2.9137190e+06   3.1921387e+01
   2.9137790e+06   2.0568848e+01
   2.9138640e+06   4.2175293e+01
   2.9139910e+06   2.4475098e+01
   2.9149490e+06   2.1118164e+01
   2.9153000e+06   2.3132324e+01
   2.9168120e+06   2.5146484e+01
   2.9263410e+06   2.7770996e+01
   2.9264170e+06   4.2297363e+01
   2.9264480e+06   2.0202637e+01
   2.9264740e+06   3.3569336e+01
   2.9264870e+06   7.9711914e+01
   2.9265130e+06   4.8706055e+01
   2.9265450e+06   5.1940918e+01
   2.9265610e+06   3.8208008e+01
   2.9265880e+06   7.2692871e+01
   2.9266010e+06   3.0212402e+01
   2.9266220e+06   7.2082520e+01
   2.9266450e+06   2.8747559e+01
   2.9266620e+06   4.7668457e+01
   2.9266850e+06   4.4616699e+01
   2.9267090e+06   2.0629883e+01
   2.9267540e+06   2.8076172e+01
   2.9267780e+06   2.1728516e+01
   2.9268170e+06   2.2644043e+01
   2.9268670e+06   3.2470703e+01
   2.9268920e+06   2.1118164e+01
   2.9269700e+06   2.5695801e+01
   2.9270390e+06   2.6794434e+01
   2.9270810e+06   2.3193359e+01
   2.9271080e+06   2.6000977e+01
   2.9271440e+06   2.6733398e+01
   2.9272200e+06   2.2094727e+01
   2.9272320e+06   2.7038574e+01
   2.9273500e+06   3.2958984e+01
   2.9273900e+06   2.1911621e+01
   2.9376370e+06   3.3752441e+01
   2.9377150e+06   3.2409668e+01
   2.9377750e+06   2.2460938e+01
   2.9378090e+06   2.3010254e+01
   2.9378340e+06   2.4597168e+01
   2.9378590e+06   8.6791992e+01
   2.9378880e+06   5.4687500e+01
   2.9379190e+06   2.7282715e+01
   2.9379350e+06   7.7026367e+01
   2.9379620e+06   4.1625977e+01
   2.9379800e+06   7.3547363e+01
   2.9379920e+06   4.9194336e+01
   2.9380200e+06   7.1228027e+01
   2.9380310e+06   4.1870117e+01
   2.9380500e+06   2.0568848e+01
   2.9380720e+06   4.6752930e+01
   2.9381100e+06   2.2705078e+01
   2.9381380e+06   3.6987305e+01
   2.9381570e+06   2.4353027e+01
   2.9381750e+06   2.1301270e+01
   2.9382620e+06   2.6611328e+01
   2.9383360e+06   2.0874023e+01
   2.9383640e+06   2.7404785e+01
   2.9384330e+06   3.0517578e+01
   2.9385320e+06   2.5207520e+01
   2.9385580e+06   4.7180176e+01
   2.9385960e+06   3.1066895e+01
