   3.0000000e+06   0.0000000e+00
   6.9720000e+03   5.2612305e+01
   6.9880000e+03   2.5146484e+01
   7.0440000e+03   4.5410156e+01
   1.0906000e+04   4.7363281e+01
   1.0959000e+04   4.8767090e+01
   1.1014000e+04   2.5146484e+01
   1.1051000e+04   4.1198730e+01
   1.1199000e+04   4.4433594e+01
   1.5912000e+04   4.6752930e+01
   1.5970000e+04   3.7597656e+01
   1.6029000e+04   4.0344238e+01
   1.6065000e+04   2.3132324e+01
   1.6091000e+04   4.7607422e+01
   1.6110000e+04   2.4597168e+01
   1.6164000e+04   4.9743652e+01
   1.6215000e+04   4.1320801e+01
   1.6231000e+04   2.7404785e+01
   1.6349000e+04   3.8879395e+01
   1.6448000e+04   3.7719727e+01
   1.6575000e+04   4.0039062e+01
   2.4685000e+04   4.5898438e+01
   2.4699000e+04   2.8198242e+01
   2.4728000e+04   3.3508301e+01
   2.4787000e+04   3.1250000e+01
   2.4824000e+04   2.6062012e+01
   2.4842000e+04   3.3813477e+01
   2.4907000e+04   3.9733887e+01
   2.4966000e+04   4.2724609e+01
   2.4978000e+04   3.1311035e+01
   2.5042000e+04   3.7719727e+01
   2.5140000e+04   3.5522461e+01
   2.5214000e+04   4.1870117e+01
   2.5368000e+04   3.3752441e+01
   3.2683000e+04   4.2114258e+01
   3.5103000e+04   4.2846680e+01
   3.7264000e+04   4.4982910e+01
   3.9295000e+04   4.1137695e+01
   3.9354000e+04   4.4433594e+01
   3.9420000e+04   4.1015625e+01
   3.9510000e+04   3.8879395e+01
   3.9529000e+04   2.2949219e+01
   3.9592000e+04   3.6926270e+01
   4.8718000e+04   5.0170898e+01
   4.8766000e+04   4.3334961e+01
   4.8795000e+04   2.3071289e+01
   4.8818000e+04   5.0354004e+01
   4.8892000e+04   4.2358398e+01
   4.8955000e+04   4.6997070e+01
   4.9027000e+04   3.9733887e+01
   4.9087000e+04   2.3864746e+01
   4.9213000e+04   3.8635254e+01
   4.9351000e+04   3.6132812e+01
   4.9488000e+04   4.0222168e+01
   5.5132000e+04   4.7729492e+01
   5.5203000e+04   3.7719727e+01
   5.5271000e+04   4.7180176e+01
   5.5367000e+04   3.7658691e+01
   5.5418000e+04   2.3315430e+01
   5.5472000e+04   4.6875000e+01
   5.9397000e+04   3.8208008e+01
   6.0689000e+04   4.2175293e+01
   6.0954000e+04   3.7353516e+01
   6.3160000e+04   5.7495117e+01
   6.3219000e+04   3.7353516e+01
   6.3268000e+04   3.8635254e+01
   6.3284000e+04   3.3752441e+01
   6.3348000e+04   3.7109375e+01
   6.7809000e+04   3.6621094e+01
   6.9216000e+04   4.4555664e+01
   6.9277000e+04   4.5776367e+01
   6.9324000e+04   2.3315430e+01
   6.9354000e+04   3.8757324e+01
   6.9403000e+04   2.3803711e+01
   6.9422000e+04   3.0822754e+01
   6.9489000e+04   3.7231445e+01
   7.3695000e+04   4.0283203e+01
   7.6052000e+04   4.2114258e+01
   7.6152000e+04   3.9245605e+01
   7.6199000e+04   2.2949219e+01
   7.6251000e+04   3.7292480e+01
   7.6278000e+04   2.6672363e+01
   8.0548000e+04   3.2470703e+01
   8.2708000e+04   4.8461914e+01
   8.2777000e+04   4.1809082e+01
   8.2855000e+04   4.5898438e+01
   8.2949000e+04   4.6020508e+01
   8.7149000e+04   4.4372559e+01
   8.9729000e+04   4.1687012e+01
   8.9810000e+04   3.7963867e+01
   8.9924000e+04   3.5034180e+01
   9.4005000e+04   4.0527344e+01
   9.4065000e+04   3.7414551e+01
   9.4138000e+04   2.4353027e+01
   9.8008000e+04   3.7719727e+01
   9.8084000e+04   4.1015625e+01
   9.8234000e+04   2.5146484e+01
   1.0217200e+05   5.0476074e+01
   1.0229000e+05   4.2846680e+01
   1.0238900e+05   2.3925781e+01
   1.0706600e+05   3.8085938e+01
   1.0713100e+05   2.3132324e+01
   1.0723500e+05   5.7312012e+01
   1.1180400e+05   2.4902344e+01
   1.1182900e+05   4.3640137e+01
   1.1218000e+05   4.0710449e+01
   1.1716200e+05   4.0649414e+01
   1.1730800e+05   3.6621094e+01
   1.2280400e+05   5.0964355e+01
   1.2300200e+05   5.9448242e+01
   1.2845700e+05   4.9377441e+01
   1.2851900e+05   3.9550781e+01
   1.2858700e+05   3.2714844e+01
   1.2864700e+05   5.6640625e+01
   1.3420300e+05   5.2307129e+01
   1.3431800e+05   5.9387207e+01
   1.3446200e+05   4.4006348e+01
   1.4049500e+05   4.9316406e+01
   1.4052200e+05   2.4047852e+01
   1.4054500e+05   3.9062500e+01
   1.4058500e+05   2.3925781e+01
   1.4075400e+05   5.3161621e+01
   1.4095200e+05   4.5166016e+01
   1.4705800e+05   4.6691895e+01
   1.4708700e+05   2.4841309e+01
   1.4711400e+05   4.4128418e+01
   1.4724300e+05   3.9855957e+01
   1.4726900e+05   3.5217285e+01
   1.4732600e+05   2.5451660e+01
   1.4736400e+05   3.5644531e+01
   1.5338400e+05   4.9316406e+01
   1.5344500e+05   4.5776367e+01
   1.5355300e+05   4.1564941e+01
   1.5362400e+05   2.3498535e+01
   1.6019700e+05   4.8767090e+01
   1.6026900e+05   4.0588379e+01
   1.6038100e+05   3.8085938e+01
   1.6733200e+05   4.4860840e+01
   1.6738700e+05   4.3823242e+01
   1.6750700e+05   3.8085938e+01
   1.6751800e+05   3.1921387e+01
   1.6759800e+05   2.3254395e+01
   1.6770800e+05   4.0649414e+01
   1.6779200e+05   2.3620605e+01
   1.7414200e+05   4.3395996e+01
   1.7420700e+05   4.8828125e+01
   1.7425300e+05   2.3315430e+01
   1.7427400e+05   2.4597168e+01
   1.7429600e+05   3.7963867e+01
   1.7435400e+05   2.4108887e+01
   1.7444400e+05   4.3395996e+01
   1.7455100e+05   2.6733398e+01
   1.8103000e+05   5.6091309e+01
   1.8108500e+05   3.2836914e+01
   1.8113500e+05   2.3193359e+01
   1.8115000e+05   4.3518066e+01
   1.8122900e+05   3.6193848e+01
   1.8136200e+05   3.0639648e+01
   1.8842500e+05   4.1992188e+01
   1.8848400e+05   3.3264160e+01
   1.8860500e+05   3.0090332e+01
   1.8863500e+05   2.6245117e+01
   1.8872900e+05   3.4179688e+01
   1.9543000e+05   3.4912109e+01
   1.9548700e+05   3.6682129e+01
   1.9552000e+05   2.4719238e+01
   1.9556800e+05   3.2409668e+01
   1.9569200e+05   3.3508301e+01
   1.9573600e+05   2.4414062e+01
   1.9579200e+05   3.0334473e+01
   1.9591200e+05   3.2409668e+01
   2.0287700e+05   3.9672852e+01
   2.0293800e+05   4.8217773e+01
   2.0298600e+05   3.4484863e+01
   2.0300300e+05   3.5461426e+01
   2.0303100e+05   2.4414062e+01
   2.0311100e+05   4.0161133e+01
   2.1025700e+05   4.0954590e+01
   2.1032500e+05   4.2663574e+01
   2.1038900e+05   3.4118652e+01
   2.1044300e+05   2.5634766e+01
   2.1046300e+05   3.3020020e+01
   2.1075200e+05   2.3437500e+01
   2.1916700e+05   4.1198730e+01
   2.1921700e+05   4.0161133e+01
   2.1927300e+05   2.4719238e+01
   2.1931700e+05   2.5817871e+01
   2.1936200e+05   3.7658691e+01
   2.1945300e+05   3.5339355e+01
   2.1971200e+05   2.9052734e+01
   2.2722800e+05   3.8818359e+01
   2.2729100e+05   4.6508789e+01
   2.2731600e+05   2.4658203e+01
   2.2735800e+05   3.4240723e+01
   2.2738000e+05   2.6062012e+01
   2.2742100e+05   2.8259277e+01
   2.2749800e+05   3.6865234e+01
   2.2761500e+05   3.2287598e+01
   2.3627300e+05   3.3264160e+01
   2.3632700e+05   3.9611816e+01
   2.3638400e+05   3.1005859e+01
   2.4539500e+05   3.1799316e+01
   2.4542300e+05   2.3742676e+01
   2.4546100e+05   3.9123535e+01
   2.4548400e+05   2.7954102e+01
   2.4558000e+05   2.3437500e+01
   2.5419300e+05   2.5268555e+01
   2.5424500e+05   2.7709961e+01
   2.5434000e+05   2.3010254e+01
   2.6463500e+05   2.5207520e+01
   2.6465900e+05   2.2888184e+01
   2.6473800e+05   2.4536133e+01
   2.7423700e+05   2.5024414e+01
   2.7429600e+05   2.4353027e+01
   2.7432000e+05   2.6123047e+01
   2.8583900e+05   2.8015137e+01
   2.8585700e+05   2.7893066e+01
   2.8593200e+05   2.4780273e+01
   2.8598100e+05   2.3620605e+01
   2.9719200e+05   2.4169922e+01
   2.9735100e+05   2.3925781e+01
   2.9753800e+05   2.3498535e+01
   3.0897500e+05   2.9479980e+01
   3.1816800e+05   2.3132324e+01
   3.1819600e+05   2.4169922e+01
   3.1821500e+05   2.6062012e+01
   3.1868000e+05   2.3864746e+01
   3.2995900e+05   3.1860352e+01
   3.2998700e+05   2.3010254e+01
   3.4362100e+05   2.3925781e+01
   3.4649400e+05   2.3986816e+01
   3.4650800e+05   2.6062012e+01
   3.4653600e+05   2.4169922e+01
   3.4654600e+05   2.4169922e+01
   3.5858400e+05   2.5268555e+01
   3.5866500e+05   2.7099609e+01
   3.5877100e+05   2.3071289e+01
   3.5880100e+05   2.3925781e+01
   3.5910000e+05   2.4108887e+01
   3.5914200e+05   2.3437500e+01
   3.6899300e+05   2.6367188e+01
   3.6903000e+05   2.3132324e+01
   3.6906000e+05   2.6672363e+01
   3.6910300e+05   2.2949219e+01
   4.4760200e+05   4.0039063e+01
   4.5958200e+05   3.8635254e+01
   4.7125900e+05   3.5339355e+01
   4.8199600e+05   3.3630371e+01
   4.8506100e+05   4.4067383e+01
   4.9421500e+05   4.0405273e+01
   4.9855700e+05   3.8513184e+01
   5.0190600e+05   3.4973145e+01
   5.0789000e+05   4.2358398e+01
   5.1561400e+05   3.5949707e+01
   5.2062900e+05   3.5766602e+01
   5.2373900e+05   3.8757324e+01
   5.2385500e+05   3.0334473e+01
   5.3058400e+05   4.3518066e+01
   5.3969500e+05   3.6437988e+01
   5.3984400e+05   3.6926270e+01
   5.4772800e+05   4.4494629e+01
   5.4786700e+05   3.6193848e+01
   5.4801800e+05   3.3142090e+01
   5.5331300e+05   4.1564941e+01
   5.5836600e+05   4.3273926e+01
   5.5845200e+05   4.1992188e+01
   5.5853700e+05   3.3996582e+01
   5.6825100e+05   3.8940430e+01
   5.7580300e+05   3.8452148e+01
   5.7593400e+05   3.7353516e+01
   5.7601400e+05   3.1433105e+01
   5.8192700e+05   4.6386719e+01
   5.8839700e+05   3.6560059e+01
   5.9324000e+05   4.0954590e+01
   5.9764000e+05   3.4423828e+01
   5.9778100e+05   3.7292480e+01
   6.0451900e+05   3.8757324e+01
   6.0460100e+05   4.3151855e+01
   6.0467900e+05   3.1921387e+01
   6.1150300e+05   4.1564941e+01
   6.1159400e+05   3.6132812e+01
   6.1596000e+05   4.2053223e+01
   6.1865000e+05   4.7546387e+01
   6.1950400e+05   4.3884277e+01
   6.2374500e+05   4.7790527e+01
   6.2383300e+05   3.6499023e+01
   6.2771400e+05   3.9978027e+01
   6.2785100e+05   4.2480469e+01
   6.2795500e+05   3.3996582e+01
   6.3294900e+05   4.4494629e+01
   6.3304500e+05   4.1137695e+01
   6.3310800e+05   3.3508301e+01
   6.3804800e+05   4.5043945e+01
   6.3815200e+05   4.3334961e+01
   6.4336800e+05   3.5278320e+01
   6.4368700e+05   4.5166016e+01
   6.4748700e+05   4.6997070e+01
   6.4905200e+05   3.6621094e+01
   6.4911200e+05   3.7353516e+01
   6.4917700e+05   3.4667969e+01
   6.5568200e+05   4.7302246e+01
   6.5751700e+05   4.1137695e+01
   6.5766600e+05   3.5888672e+01
   6.6190800e+05   4.1198730e+01
   6.6238400e+05   4.0344238e+01
   6.6253400e+05   3.0151367e+01
   6.6597900e+05   3.6987305e+01
   6.6609700e+05   3.7353516e+01
   6.7028500e+05   3.8879395e+01
   6.7097300e+05   4.1625977e+01
   6.7485000e+05   4.6752930e+01
   6.7598500e+05   3.7780762e+01
   6.7950700e+05   3.8574219e+01
   6.8124200e+05   4.3823242e+01
   6.8289800e+05   4.3518066e+01
   6.8541800e+05   4.2480469e+01
   6.8582100e+05   3.8635254e+01
   6.8851800e+05   3.3264160e+01
   6.9046800e+05   3.4729004e+01
   6.9263300e+05   4.0771484e+01
   6.9575500e+05   4.7485352e+01
   6.9925800e+05   3.6376953e+01
   6.9937100e+05   3.7475586e+01
   7.0229300e+05   3.7414551e+01
   7.0563400e+05   4.0100098e+01
   7.0706800e+05   4.2785645e+01
   7.0848800e+05   2.9724121e+01
   7.1020200e+05   4.0222168e+01
   7.1301800e+05   3.5888672e+01
   7.1316700e+05   3.8024902e+01
   7.1679000e+05   3.5583496e+01
   7.1793700e+05   4.0527344e+01
   7.1979500e+05   3.5461426e+01
   7.2002500e+05   3.7658691e+01
   7.2375400e+05   3.9062500e+01
   7.2522200e+05   4.0283203e+01
   7.2554800e+05   3.4790039e+01
   7.2911700e+05   3.7597656e+01
   7.3027000e+05   3.7902832e+01
   7.3208300e+05   3.4912109e+01
   7.3396700e+05   3.5095215e+01
   7.3566300e+05   3.6743164e+01
   7.3725900e+05   4.2968750e+01
   7.4024300e+05   3.1311035e+01
   7.4136600e+05   3.9123535e+01
   7.4176800e+05   4.2541504e+01
   7.4189900e+05   3.3081055e+01
   7.4573900e+05   3.5644531e+01
   7.4607800e+05   4.2663574e+01
   7.5001600e+05   3.8391113e+01
   7.5106100e+05   3.7841797e+01
   7.5331900e+05   4.3823242e+01
   7.5599300e+05   3.7963867e+01
   7.5624600e+05   3.3508301e+01
   7.5848900e+05   3.8208008e+01
   7.5925100e+05   3.2165527e+01
   7.6279600e+05   4.0893555e+01
   7.6306900e+05   4.0405273e+01
   7.6485900e+05   3.3386230e+01
   7.6704600e+05   3.2653809e+01
   7.7016900e+05   4.0283203e+01
   7.7135800e+05   3.9550781e+01
   7.7220400e+05   3.4179688e+01
   7.7426000e+05   4.6569824e+01
   7.7562100e+05   3.8452148e+01
   7.7744700e+05   3.5339355e+01
   7.7859800e+05   3.4057617e+01
   7.7873200e+05   3.1005859e+01
   7.8138200e+05   3.8696289e+01
   7.8321200e+05   3.8146973e+01
   7.8391700e+05   3.9794922e+01
   7.8530000e+05   3.8940430e+01
   7.8779400e+05   3.7353516e+01
   7.9042400e+05   3.8208008e+01
   7.9179000e+05   3.6010742e+01
   7.9328400e+05   3.7109375e+01
   7.9644200e+05   4.3029785e+01
   7.9813100e+05   3.8146973e+01
   7.9861300e+05   3.6987305e+01
   7.9886000e+05   3.4301758e+01
   7.9910500e+05   3.6254883e+01
   7.9922700e+05   2.7954102e+01
   7.9942900e+05   3.3081055e+01
   7.9958800e+05   3.8146973e+01
   7.9969300e+05   2.8137207e+01
   7.9989800e+05   2.8137207e+01
   8.0610300e+05   3.8085938e+01
   8.0728200e+05   4.2480469e+01
   8.1010300e+05   3.8391113e+01
   8.1051900e+05   3.8696289e+01
   8.1250100e+05   4.4311523e+01
   8.1397100e+05   3.9367676e+01
   8.1570200e+05   3.7658691e+01
   8.1708300e+05   3.7780762e+01
   8.1838000e+05   4.1076660e+01
   8.2123500e+05   4.4006348e+01
   8.2226900e+05   3.7841797e+01
   8.2235600e+05   3.3142090e+01
   8.2498700e+05   3.7902832e+01
   8.2682100e+05   3.8208008e+01
   8.2796600e+05   3.5949707e+01
   8.3012000e+05   4.2114258e+01
   8.3141800e+05   4.1137695e+01
   8.3328300e+05   4.0527344e+01
   8.3482000e+05   3.7292480e+01
   8.3495600e+05   3.6254883e+01
   8.3587700e+05   3.5888672e+01
   8.3759000e+05   3.2348633e+01
   8.3793800e+05   3.6010742e+01
   8.3804600e+05   3.2775879e+01
   8.4106500e+05   3.5705566e+01
   8.4134800e+05   3.5522461e+01
   8.4369600e+05   3.6010742e+01
   8.4390600e+05   3.5339355e+01
   8.4560500e+05   3.5034180e+01
   8.4769100e+05   4.1931152e+01
   8.4861000e+05   3.5034180e+01
   8.4951100e+05   3.8940430e+01
   8.5121100e+05   3.6010742e+01
   8.5209100e+05   3.5339355e+01
   8.5664500e+05   3.9733887e+01
   8.5908500e+05   4.0039062e+01
   8.5954200e+05   3.1311035e+01
   8.5974700e+05   3.7719727e+01
   8.6006000e+05   2.9235840e+01
   8.6029000e+05   3.1921387e+01
   8.6550300e+05   4.6325684e+01
   8.6658200e+05   3.8635254e+01
   8.6767200e+05   3.7597656e+01
   8.6776700e+05   2.8381348e+01
   8.6969800e+05   4.0161133e+01
   8.7222800e+05   4.1503906e+01
   8.7234900e+05   2.9357910e+01
   8.7478100e+05   3.9794922e+01
   8.7525000e+05   4.0954590e+01
   8.7720500e+05   3.4973145e+01
   8.7814100e+05   3.7231445e+01
   8.8033600e+05   3.2653809e+01
   8.8183000e+05   3.5705566e+01
   8.8310700e+05   3.9794922e+01
   8.8473700e+05   3.8635254e+01
   8.8483100e+05   3.4423828e+01
   8.8686000e+05   2.9052734e+01
   8.8841700e+05   3.4851074e+01
   8.8976400e+05   3.3935547e+01
   8.9028100e+05   3.2653809e+01
   8.9255600e+05   3.2226562e+01
   8.9308200e+05   3.7353516e+01
   8.9540900e+05   4.1992188e+01
   8.9594400e+05   2.7099609e+01
   9.0219700e+05   4.4982910e+01
   9.0247900e+05   4.3334961e+01
   9.0327800e+05   4.2968750e+01
   9.0510100e+05   3.7109375e+01
   9.0586100e+05   3.7719727e+01
   9.0762700e+05   3.3630371e+01
   9.0915600e+05   3.3752441e+01
   9.0972800e+05   3.6132813e+01
   9.1109700e+05   4.2053223e+01
   9.1239700e+05   3.8208008e+01
   9.1382200e+05   3.6804199e+01
   9.1517700e+05   3.5156250e+01
   9.1629100e+05   3.9062500e+01
   9.1719700e+05   3.4423828e+01
   9.1880600e+05   3.5705566e+01
   9.2027000e+05   3.8818359e+01
   9.2268000e+05   4.0283203e+01
   9.2286200e+05   3.8452148e+01
   9.2320100e+05   4.2968750e+01
   9.2376700e+05   2.8991699e+01
   9.2408200e+05   3.3386230e+01
   9.2420600e+05   2.8442383e+01
   9.2431100e+05   2.4963379e+01
   9.3119300e+05   4.3518066e+01
   9.3220200e+05   3.7780762e+01
   9.3244800e+05   3.5034180e+01
   9.3417100e+05   3.7597656e+01
   9.3430900e+05   3.3569336e+01
   9.3801300e+05   3.7902832e+01
   9.3968100e+05   3.4484863e+01
   9.4028200e+05   3.4790039e+01
   9.4050200e+05   3.0090332e+01
   9.4328000e+05   3.7536621e+01
   9.4481300e+05   4.4311523e+01
   9.4650300e+05   3.9306641e+01
   9.4761900e+05   3.4545898e+01
   9.4901800e+05   3.6987305e+01
   9.5069800e+05   3.9550781e+01
   9.5210300e+05   3.3874512e+01
   9.5328200e+05   3.5888672e+01
   9.5490200e+05   3.1677246e+01
   9.5969000e+05   4.3640137e+01
   9.5984500e+05   3.5888672e+01
   9.6169800e+05   4.0100098e+01
   9.6347000e+05   3.6560059e+01
   9.6413400e+05   3.1005859e+01
   9.6624400e+05   4.3029785e+01
   9.6802000e+05   3.8635254e+01
   9.6971600e+05   3.4484863e+01
   9.7177800e+05   4.3579102e+01
   9.7299600e+05   3.6376953e+01
   9.7498400e+05   4.1137695e+01
   9.7652900e+05   3.9062500e+01
   9.7731500e+05   3.8085938e+01
   9.7805900e+05   3.9062500e+01
   9.7965400e+05   3.9184570e+01
   9.8143500e+05   2.6000977e+01
   9.8158900e+05   2.4841309e+01
   9.8738700e+05   4.6875000e+01
   9.8762000e+05   3.2592773e+01
   9.8770100e+05   3.4606934e+01
   9.9083100e+05   3.9794922e+01
   9.9132600e+05   4.2541504e+01
   9.9440200e+05   3.5888672e+01
   9.9580200e+05   4.1015625e+01
   9.9667600e+05   4.2541504e+01
   9.9850900e+05   3.0761719e+01
   9.9974800e+05   3.4790039e+01
   1.0017500e+06   2.4353027e+01
   1.0070260e+06   4.0161133e+01
   1.0071590e+06   3.6010742e+01
   1.0083010e+06   4.4494629e+01
   1.0103460e+06   4.1198730e+01
   1.0104410e+06   3.6193848e+01
   1.0117600e+06   3.9550781e+01
   1.0141650e+06   3.5156250e+01
   1.0142950e+06   3.7719727e+01
   1.0172780e+06   4.0832520e+01
   1.0180770e+06   4.0649414e+01
   1.0199500e+06   3.8940430e+01
   1.0205760e+06   3.7902832e+01
   1.0217210e+06   3.5278320e+01
   1.0236780e+06   3.6865234e+01
   1.0245020e+06   3.6682129e+01
   1.0267440e+06   3.6437988e+01
   1.0280380e+06   2.3559570e+01
   1.0281390e+06   2.4963379e+01
   1.0352870e+06   5.0048828e+01
   1.0354350e+06   3.4729004e+01
   1.0369150e+06   4.3823242e+01
   1.0380240e+06   4.0954590e+01
   1.0396980e+06   4.4555664e+01
   1.0416560e+06   4.3273926e+01
   1.0418860e+06   3.8757324e+01
   1.0419880e+06   3.4179688e+01
   1.0458690e+06   4.6386719e+01
   1.0471740e+06   4.6936035e+01
   1.0473460e+06   3.2531738e+01
   1.0504560e+06   3.8818359e+01
   1.0505700e+06   4.0283203e+01
   1.0518010e+06   2.9968262e+01
   1.0518250e+06   2.5329590e+01
   1.0518990e+06   2.6611328e+01
   1.0589850e+06   4.2602539e+01
   1.0590650e+06   4.1564941e+01
   1.0591400e+06   3.3874512e+01
   1.0620740e+06   4.4921875e+01
   1.0622420e+06   3.6865234e+01
   1.0649700e+06   3.7902832e+01
   1.0652180e+06   3.9794922e+01
   1.0683040e+06   3.9611816e+01
   1.0689020e+06   4.1870117e+01
   1.0690280e+06   3.5522461e+01
   1.0716200e+06   3.7719727e+01
   1.0735750e+06   3.9855957e+01
   1.0738260e+06   3.1921387e+01
   1.0758310e+06   4.0954590e+01
   1.0772710e+06   3.4790039e+01
   1.0783250e+06   2.4169922e+01
   1.0783790e+06   2.5390625e+01
   1.0784760e+06   3.2104492e+01
   1.0861180e+06   3.9367676e+01
   1.0862350e+06   4.0771484e+01
   1.0863130e+06   3.7902832e+01
   1.0897280e+06   4.2663574e+01
   1.0898020e+06   3.7841797e+01
   1.0917250e+06   4.0771484e+01
   1.0945280e+06   3.6499023e+01
   1.0946020e+06   3.8330078e+01
   1.0960920e+06   3.9489746e+01
   1.0975940e+06   3.8818359e+01
   1.0986710e+06   3.6010742e+01
   1.1007580e+06   2.4108887e+01
   1.1007860e+06   2.3864746e+01
   1.1010180e+06   2.3559570e+01
   1.1085340e+06   4.6142578e+01
   1.1086410e+06   4.1809082e+01
   1.1087200e+06   3.4973145e+01
   1.1124380e+06   3.4729004e+01
   1.1125850e+06   3.7780762e+01
   1.1141600e+06   4.2175293e+01
   1.1160720e+06   3.8085938e+01
   1.1164000e+06   2.3986816e+01
   1.1164700e+06   2.3620605e+01
   1.1167550e+06   2.3315430e+01
   1.1243660e+06   4.1076660e+01
   1.1244930e+06   3.9489746e+01
   1.1250020e+06   2.3742676e+01
   1.1250600e+06   3.8269043e+01
   1.1255490e+06   4.3457031e+01
   1.1304710e+06   4.5532227e+01
   1.1336490e+06   2.3010254e+01
   1.1336910e+06   2.3742676e+01
   1.1338040e+06   2.9357910e+01
   1.1338630e+06   3.9245605e+01
   1.1340050e+06   2.6611328e+01
   1.1387880e+06   4.4372559e+01
   1.1422570e+06   3.9794922e+01
   1.1422780e+06   2.9846191e+01
   1.1423350e+06   2.9602051e+01
   1.1423890e+06   5.1574707e+01
   1.1428750e+06   2.3986816e+01
   1.1486580e+06   4.0588379e+01
   1.1500450e+06   4.0771484e+01
   1.1500940e+06   2.3498535e+01
   1.1501480e+06   3.8208008e+01
   1.1502590e+06   3.8696289e+01
   1.1542750e+06   3.8757324e+01
   1.1545830e+06   3.6010742e+01
   1.1568820e+06   5.0659180e+01
   1.1568970e+06   2.5695801e+01
   1.1569550e+06   2.3071289e+01
   1.1570220e+06   4.9377441e+01
   1.1570600e+06   2.4536133e+01
   1.1617240e+06   4.1320801e+01
   1.1643840e+06   4.4006348e+01
   1.1644570e+06   3.6254883e+01
   1.1644690e+06   2.7099609e+01
   1.1644940e+06   2.4841309e+01
   1.1645510e+06   2.3315430e+01
   1.1645610e+06   2.7648926e+01
   1.1645970e+06   2.2949219e+01
   1.1646920e+06   2.4719238e+01
   1.1706540e+06   4.2175293e+01
   1.1725060e+06   2.7221680e+01
   1.1725380e+06   5.4016113e+01
   1.1726390e+06   2.7954102e+01
   1.1726560e+06   2.6428223e+01
   1.1727610e+06   2.5817871e+01
   1.1729180e+06   2.7099609e+01
   1.1799650e+06   4.5776367e+01
   1.1800640e+06   3.5949707e+01
   1.1801570e+06   2.3620605e+01
   1.1802770e+06   2.3925781e+01
   1.1844910e+06   3.9489746e+01
   1.1846260e+06   4.9255371e+01
   1.1847270e+06   2.3986816e+01
   1.1879660e+06   4.1442871e+01
   1.1880040e+06   3.4423828e+01
   1.1880210e+06   2.6000977e+01
   1.1880530e+06   2.7282715e+01
   1.1947030e+06   4.3090820e+01
   1.1947980e+06   2.3803711e+01
   1.1948430e+06   2.4169922e+01
   1.1948940e+06   3.2775879e+01
   1.1949550e+06   2.4841309e+01
   1.2017810e+06   2.3193359e+01
   1.2018280e+06   3.0944824e+01
   1.2018570e+06   2.3010254e+01
   1.2019150e+06   4.0893555e+01
   1.2019430e+06   2.3803711e+01
   1.2021490e+06   3.4118652e+01
   1.2077330e+06   4.5715332e+01
   1.2077840e+06   2.3071289e+01
   1.2078450e+06   2.9724121e+01
   1.2078820e+06   2.3071289e+01
   1.2123690e+06   3.5339355e+01
   1.2124950e+06   3.0273438e+01
   1.2149920e+06   3.3508301e+01
   1.2150700e+06   2.4414062e+01
   1.2151160e+06   4.4311523e+01
   1.2151580e+06   3.0395508e+01
   1.2152100e+06   2.6123047e+01
   1.2152210e+06   2.7404785e+01
   1.2152860e+06   2.7343750e+01
   1.2153460e+06   2.4169922e+01
   1.2207770e+06   3.2104492e+01
   1.2208360e+06   2.7160645e+01
   1.2208790e+06   2.4719238e+01
   1.2209070e+06   2.3315430e+01
   1.2209540e+06   3.9123535e+01
   1.2209780e+06   2.2949219e+01
   1.2254030e+06   3.8269043e+01
   1.2256070e+06   2.3010254e+01
   1.2256480e+06   2.8747559e+01
   1.2292590e+06   4.2663574e+01
   1.2292950e+06   2.3559570e+01
   1.2293690e+06   2.3132324e+01
   1.2294480e+06   2.6977539e+01
   1.2340220e+06   3.8635254e+01
   1.2340320e+06   2.4353027e+01
   1.2340680e+06   2.6611328e+01
   1.2344370e+06   2.5512695e+01
   1.2390850e+06   3.3996582e+01
   1.2391480e+06   4.3579102e+01
   1.2446050e+06   3.6437988e+01
   1.2507630e+06   4.1503906e+01
   1.2508220e+06   2.7465820e+01
   1.2508380e+06   2.7465820e+01
   1.2508670e+06   2.6123047e+01
   1.2509680e+06   2.3559570e+01
   1.2580670e+06   4.0832520e+01
   1.2581390e+06   4.0283203e+01
   1.2582170e+06   2.7038574e+01
   1.2582660e+06   2.4047852e+01
   1.2584210e+06   2.3803711e+01
   1.2658560e+06   3.7658691e+01
   1.2658900e+06   2.4719238e+01
   1.2659150e+06   4.7729492e+01
   1.2660000e+06   2.4414062e+01
   1.2732510e+06   3.5949707e+01
   1.2733200e+06   2.7404785e+01
   1.2733590e+06   2.6306152e+01
   1.2733720e+06   3.2531738e+01
   1.2734980e+06   2.5634766e+01
   1.2735090e+06   2.3925781e+01
   1.2805570e+06   2.9907227e+01
   1.2806610e+06   4.0771484e+01
   1.2807210e+06   2.4291992e+01
   1.2809030e+06   2.3376465e+01
   1.2811580e+06   2.3498535e+01
   1.2878870e+06   3.5827637e+01
   1.2879180e+06   2.9785156e+01
   1.2879800e+06   2.4169922e+01
   1.2880000e+06   2.4291992e+01
   1.2880300e+06   2.5390625e+01
   1.2947390e+06   2.7160645e+01
   1.2947510e+06   2.8137207e+01
   1.2948220e+06   2.6916504e+01
   1.3025440e+06   3.2775879e+01
   1.3025860e+06   2.7709961e+01
   1.3026060e+06   2.4597168e+01
   1.3026880e+06   2.7038574e+01
   1.3030700e+06   2.3498535e+01
   1.3113400e+06   2.6855469e+01
   1.3113580e+06   2.7587891e+01
   1.3113930e+06   2.9907227e+01
   1.3114410e+06   2.4291992e+01
   1.3114850e+06   2.5146484e+01
   1.3200790e+06   2.9174805e+01
   1.3201120e+06   2.5207520e+01
   1.3201470e+06   2.5024414e+01
   1.3202340e+06   2.4841309e+01
   1.3202880e+06   2.8137207e+01
   1.3204130e+06   2.4047852e+01
   1.3297020e+06   2.6794434e+01
   1.3297350e+06   2.7404785e+01
   1.3300140e+06   2.2949219e+01
   1.3303500e+06   2.3803711e+01
   1.3389390e+06   2.7465820e+01
   1.3389800e+06   2.3437500e+01
   1.3390090e+06   2.8503418e+01
   1.3390350e+06   2.3437500e+01
   1.3390860e+06   2.4047852e+01
   1.3393130e+06   2.3071289e+01
   1.3480960e+06   2.5024414e+01
   1.3481490e+06   2.8381348e+01
   1.3482180e+06   2.4230957e+01
   1.3592450e+06   3.8757324e+01
   1.3592570e+06   2.6855469e+01
   1.3592840e+06   3.4851074e+01
   1.3593150e+06   2.8625488e+01
   1.3594680e+06   2.5573730e+01
   1.3596120e+06   2.4658203e+01
   1.3597830e+06   2.3437500e+01
   1.3687160e+06   3.0883789e+01
   1.3687570e+06   2.4108887e+01
   1.3688060e+06   2.3803711e+01
   1.3795140e+06   2.5085449e+01
   1.3795500e+06   2.8930664e+01
   1.3891430e+06   2.7832031e+01
   1.3891550e+06   3.3203125e+01
   1.3891770e+06   2.3742676e+01
   1.3995370e+06   3.1311035e+01
   1.3995840e+06   2.4353027e+01
   1.3998390e+06   2.6184082e+01
   1.4099790e+06   2.6550293e+01
   1.4100470e+06   2.4353027e+01
   1.4103080e+06   2.5085449e+01
   1.4222420e+06   2.3620605e+01
   1.4222880e+06   2.4841309e+01
   1.4331780e+06   2.3742676e+01
   1.4332110e+06   2.7770996e+01
   1.4332740e+06   2.3193359e+01
   1.4448600e+06   2.3498535e+01
   1.4449270e+06   2.6245117e+01
   1.4578680e+06   2.4108887e+01
   1.4578970e+06   2.5634766e+01
   1.4579310e+06   2.4475098e+01
   1.4579520e+06   2.3132324e+01
   1.4579670e+06   2.3315430e+01
   1.4580440e+06   2.3986816e+01
   1.4698700e+06   2.4230957e+01
   1.4699000e+06   2.6184082e+01
   1.4699440e+06   2.5146484e+01
   1.4699990e+06   2.4658203e+01
   1.4809630e+06   2.8015137e+01
   1.4810080e+06   2.4475098e+01
   1.4810270e+06   2.3010254e+01
   1.4900280e+06   2.3071289e+01
   1.4901400e+06   2.4353027e+01
   1.4901580e+06   2.5024414e+01
   1.4978610e+06   2.3071289e+01
   1.4978710e+06   3.0578613e+01
   1.4980770e+06   2.2888184e+01
   1.4982740e+06   2.5085449e+01
   1.5120410e+06   3.0395508e+01
   1.5265330e+06   2.4414062e+01
   1.5265430e+06   3.0944824e+01
   1.5265750e+06   2.8747559e+01
   1.5266430e+06   2.7770996e+01
   1.5266810e+06   2.5268555e+01
   1.5374410e+06   2.7465820e+01
   1.5374820e+06   2.3010254e+01
   1.5375030e+06   2.3986816e+01
   1.5375200e+06   2.5634766e+01
   1.5375540e+06   2.4719238e+01
   1.5376140e+06   2.4597168e+01
   1.5377070e+06   3.0761719e+01
   1.5377830e+06   2.3254395e+01
   1.5464330e+06   2.4841309e+01
   1.5464930e+06   2.8808594e+01
   1.5466410e+06   2.5939941e+01
   1.5574640e+06   2.8564453e+01
   1.5575000e+06   2.5268555e+01
   1.5575400e+06   2.7526855e+01
   1.5701760e+06   2.3315430e+01
   1.5702060e+06   2.3132324e+01
   1.5702260e+06   2.7343750e+01
   1.5703110e+06   2.8198242e+01
   1.5837590e+06   2.3803711e+01
   1.5838070e+06   2.4353027e+01
   1.5838300e+06   2.3071289e+01
   1.5983650e+06   2.3376465e+01
   1.5984330e+06   2.3986816e+01
   1.5984780e+06   2.4902344e+01
   1.5987710e+06   2.3986816e+01
   1.6182920e+06   2.5024414e+01
   1.6183340e+06   2.4169922e+01
   1.6183450e+06   2.7832031e+01
   1.6183800e+06   2.6123047e+01
   1.6184430e+06   2.3437500e+01
   1.6461310e+06   3.0700684e+01
   1.6461870e+06   2.3559570e+01
   1.7160700e+06   3.3325195e+01
   1.7256200e+06   3.7597656e+01
   1.7337480e+06   4.2297363e+01
   1.7361800e+06   3.5339355e+01
   1.7517870e+06   4.2236328e+01
   1.7566100e+06   3.6010742e+01
   1.7567240e+06   3.8085938e+01
   1.7644490e+06   4.1198730e+01
   1.7747310e+06   3.0700684e+01
   1.7748410e+06   3.7353516e+01
   1.7858160e+06   3.7353516e+01
   1.7894740e+06   3.7780762e+01
   1.7896410e+06   3.4484863e+01
   1.7983130e+06   3.3996582e+01
   1.7984500e+06   3.3386230e+01
   1.8045240e+06   3.7231445e+01
   1.8079730e+06   3.4179688e+01
   1.8082180e+06   3.4240723e+01
   1.8138520e+06   3.4545898e+01
   1.8194500e+06   3.3447266e+01
   1.8195640e+06   3.7292480e+01
   1.8246930e+06   3.9062500e+01
   1.8249890e+06   3.9672852e+01
   1.8309950e+06   4.2114258e+01
   1.8342380e+06   3.7841797e+01
   1.8343400e+06   3.3996582e+01
   1.8344570e+06   2.9541016e+01
   1.8432630e+06   3.6865234e+01
   1.8433450e+06   3.4912109e+01
   1.8469590e+06   3.5095215e+01
   1.8471560e+06   3.5949707e+01
   1.8507600e+06   3.3447266e+01
   1.8550430e+06   3.9184570e+01
   1.8596240e+06   3.8574219e+01
   1.8634130e+06   4.2968750e+01
   1.8679690e+06   3.2958984e+01
   1.8680770e+06   3.6682129e+01
   1.8722220e+06   3.7780762e+01
   1.8723490e+06   3.7414551e+01
   1.8782970e+06   3.9489746e+01
   1.8808690e+06   4.1748047e+01
   1.8831300e+06   3.9611816e+01
   1.8877690e+06   3.5034180e+01
   1.8912650e+06   4.4372559e+01
   1.8919540e+06   3.9855957e+01
   1.8961370e+06   3.3630371e+01
   1.8986460e+06   3.3935547e+01
   1.9011520e+06   3.7170410e+01
   1.9043020e+06   3.8391113e+01
   1.9071450e+06   3.7719727e+01
   1.9073420e+06   3.6376953e+01
   1.9117750e+06   4.1503906e+01
   1.9119080e+06   3.5034180e+01
   1.9154760e+06   4.2541504e+01
   1.9196500e+06   4.0039062e+01
   1.9198390e+06   3.4606934e+01
   1.9230880e+06   3.1921387e+01
   1.9233540e+06   3.3996582e+01
   1.9282870e+06   4.6447754e+01
   1.9309540e+06   3.5034180e+01
   1.9325090e+06   4.0832520e+01
   1.9359360e+06   3.9611816e+01
   1.9380320e+06   3.5217285e+01
   1.9396950e+06   4.2236328e+01
   1.9435830e+06   3.8391113e+01
   1.9465100e+06   3.6254883e+01
   1.9475370e+06   3.8452148e+01
   1.9506540e+06   3.7536621e+01
   1.9528900e+06   4.3579102e+01
   1.9581280e+06   4.1442871e+01
   1.9587970e+06   3.1982422e+01
   1.9589650e+06   3.1555176e+01
   1.9637080e+06   3.4973145e+01
   1.9639050e+06   3.9550781e+01
   1.9650310e+06   4.3518066e+01
   1.9652960e+06   4.0771484e+01
   1.9705720e+06   3.8391113e+01
   1.9712960e+06   4.7119141e+01
   1.9735470e+06   4.1015625e+01
   1.9758400e+06   4.2846680e+01
   1.9775620e+06   3.8513184e+01
   1.9785010e+06   3.6437988e+01
   1.9812950e+06   4.1931152e+01
   1.9835820e+06   3.6987305e+01
   1.9845970e+06   3.6010742e+01
   1.9875900e+06   4.0649414e+01
   1.9892350e+06   3.4851074e+01
   1.9911740e+06   3.6804199e+01
   1.9924580e+06   3.9611816e+01
   1.9938130e+06   3.5705566e+01
   1.9967070e+06   3.2348633e+01
   1.9983380e+06   3.6987305e+01
   2.0014100e+06   3.4973145e+01
   2.0029760e+06   3.6254883e+01
   2.0044220e+06   3.5705566e+01
   2.0070370e+06   4.0893555e+01
   2.0096130e+06   3.8818359e+01
   2.0108940e+06   3.0822754e+01
   2.0118620e+06   3.6315918e+01
   2.0145250e+06   3.7780762e+01
   2.0171170e+06   3.5217285e+01
   2.0186640e+06   3.0883789e+01
   2.0207790e+06   3.6865234e+01
   2.0218890e+06   4.4799805e+01
   2.0238760e+06   4.3457031e+01
   2.0255640e+06   3.7963867e+01
   2.0272640e+06   3.8879395e+01
   2.0287650e+06   3.8391113e+01
   2.0302390e+06   4.0100098e+01
   2.0320220e+06   3.5644531e+01
   2.0335820e+06   3.9245605e+01
   2.0346610e+06   3.4973145e+01
   2.0368360e+06   3.3020020e+01
   2.0397320e+06   3.7109375e+01
   2.0405790e+06   3.4973145e+01
   2.0430980e+06   4.1931152e+01
   2.0435110e+06   3.6071777e+01
   2.0442220e+06   3.8879395e+01
   2.0469720e+06   3.2897949e+01
   2.0473550e+06   3.4545898e+01
   2.0502950e+06   4.0771484e+01
   2.0518220e+06   3.6132812e+01
   2.0537840e+06   3.6621094e+01
   2.0551060e+06   3.5827637e+01
   2.0570600e+06   3.6987305e+01
   2.0589200e+06   3.5888672e+01
   2.0606170e+06   3.4851074e+01
   2.0630170e+06   3.6132813e+01
   2.0637980e+06   3.6865234e+01
   2.0663610e+06   3.8085938e+01
   2.0670270e+06   3.5034180e+01
   2.0677820e+06   3.5461426e+01
   2.0706110e+06   3.6499023e+01
   2.0712650e+06   3.3630371e+01
   2.0745640e+06   3.8696289e+01
   2.0762740e+06   4.0771484e+01
   2.0784020e+06   3.4851074e+01
   2.0789730e+06   3.8085938e+01
   2.0802660e+06   3.5400391e+01
   2.0805190e+06   2.7343750e+01
   2.0841160e+06   4.0161133e+01
   2.0850920e+06   3.0578613e+01
   2.0865290e+06   4.3762207e+01
   2.0879660e+06   4.0161133e+01
   2.0902580e+06   3.4606934e+01
   2.0917250e+06   3.2592773e+01
   2.0937850e+06   3.6926270e+01
   2.0958240e+06   3.2531738e+01
   2.0960460e+06   2.8381348e+01
   2.0984240e+06   3.6193848e+01
   2.0993480e+06   3.4301758e+01
   2.1019680e+06   3.9001465e+01
   2.1036160e+06   3.3752441e+01
   2.1038400e+06   3.0090332e+01
   2.1068140e+06   3.8024902e+01
   2.1090690e+06   3.4423828e+01
   2.1098250e+06   3.5278320e+01
   2.1110370e+06   3.6987305e+01
   2.1127470e+06   3.1372070e+01
   2.1138420e+06   3.5400391e+01
   2.1151450e+06   3.2958984e+01
   2.1169100e+06   3.7658691e+01
   2.1178960e+06   3.1372070e+01
   2.1198770e+06   3.6010742e+01
   2.1225980e+06   3.4729004e+01
   2.1230530e+06   3.4729004e+01
   2.1231540e+06   3.3569336e+01
   2.1243320e+06   3.3325195e+01
   2.1245300e+06   3.5583496e+01
   2.1250100e+06   3.8085938e+01
   2.1292490e+06   4.0222168e+01
   2.1297300e+06   3.8024902e+01
   2.1299290e+06   2.8259277e+01
   2.1324280e+06   3.3874512e+01
   2.1340780e+06   3.6132813e+01
   2.1347050e+06   3.9550781e+01
   2.1366530e+06   3.4057617e+01
   2.1387140e+06   3.8085938e+01
   2.1398630e+06   3.5583496e+01
   2.1407490e+06   2.8320312e+01
   2.1424310e+06   3.4423828e+01
   2.1442070e+06   3.5034180e+01
   2.1450000e+06   4.0344238e+01
   2.1472460e+06   3.0883789e+01
   2.1485600e+06   3.6865234e+01
   2.1493440e+06   4.0161133e+01
   2.1507290e+06   3.4912109e+01
   2.1522340e+06   3.2226562e+01
   2.1534980e+06   3.3386230e+01
   2.1545530e+06   3.0700684e+01
   2.1564820e+06   3.6376953e+01
   2.1573030e+06   3.4790039e+01
   2.1585040e+06   3.0090332e+01
   2.1597660e+06   3.0700684e+01
   2.1620940e+06   3.2409668e+01
   2.1626810e+06   3.2470703e+01
   2.1645930e+06   3.5949707e+01
   2.1665180e+06   3.5339355e+01
   2.1679450e+06   3.1555176e+01
   2.1690690e+06   3.2165527e+01
   2.1702280e+06   3.3142090e+01
   2.1715160e+06   3.6804199e+01
   2.1732400e+06   3.2775879e+01
   2.1740630e+06   3.1311035e+01
   2.1763700e+06   2.9602051e+01
   2.1779650e+06   2.8381348e+01
   2.1790420e+06   3.4973145e+01
   2.1802020e+06   3.7963867e+01
   2.1814750e+06   3.4118652e+01
   2.1835950e+06   3.6743164e+01
   2.1846240e+06   3.4790039e+01
   2.1858570e+06   3.8024902e+01
   2.1872040e+06   4.0222168e+01
   2.1890500e+06   3.8269043e+01
   2.1895770e+06   3.1494141e+01
   2.1909650e+06   3.7841797e+01
   2.1930650e+06   3.0883789e+01
   2.1946170e+06   4.2785645e+01
   2.1959910e+06   3.3752441e+01
   2.1978510e+06   2.9174805e+01
   2.1980100e+06   2.6428223e+01
   2.2005350e+06   4.0588379e+01
   2.2019790e+06   3.7170410e+01
   2.2021340e+06   2.9418945e+01
   2.2054980e+06   3.8330078e+01
   2.2067810e+06   3.4729004e+01
   2.2082830e+06   3.5095215e+01
   2.2091290e+06   3.5644531e+01
   2.2100280e+06   3.4667969e+01
   2.2101350e+06   2.9907227e+01
   2.2136430e+06   3.4606934e+01
   2.2150060e+06   4.1320801e+01
   2.2155490e+06   2.8625488e+01
   2.2164320e+06   3.7902832e+01
   2.2178040e+06   3.5034180e+01
   2.2186320e+06   3.0334473e+01
   2.2208330e+06   3.4362793e+01
   2.2221260e+06   3.5705566e+01
   2.2233200e+06   2.9235840e+01
   2.2242340e+06   3.0700684e+01
   2.2265350e+06   2.3437500e+01
   2.2267520e+06   3.0090332e+01
   2.2325960e+06   4.4555664e+01
   2.2327110e+06   2.8076172e+01
   2.2338470e+06   3.7414551e+01
   2.2351100e+06   3.7231445e+01
   2.2375160e+06   3.6804199e+01
   2.2382050e+06   3.8085938e+01
   2.2383180e+06   2.8991699e+01
   2.2416060e+06   3.8024902e+01
   2.2430510e+06   3.6987305e+01
   2.2445070e+06   3.2836914e+01
   2.2465760e+06   3.2348633e+01
   2.2481260e+06   3.9306641e+01
   2.2497940e+06   3.5766602e+01
   2.2511710e+06   3.3569336e+01
   2.2529660e+06   3.8879395e+01
   2.2546040e+06   3.5400391e+01
   2.2553260e+06   3.9978027e+01
   2.2572210e+06   2.9907227e+01
   2.2591600e+06   3.4362793e+01
   2.2608570e+06   3.7658691e+01
   2.2615780e+06   3.4912109e+01
   2.2631920e+06   3.3142090e+01
   2.2651200e+06   3.6315918e+01
   2.2659880e+06   2.8137207e+01
   2.2677980e+06   3.1188965e+01
   2.2697720e+06   3.4240723e+01
   2.2720180e+06   3.7902832e+01
   2.2738340e+06   3.7353516e+01
   2.2749280e+06   3.4790039e+01
   2.2761660e+06   4.0283203e+01
   2.2771870e+06   4.5104980e+01
   2.2794370e+06   3.1250000e+01
   2.2812540e+06   2.8930664e+01
   2.2821610e+06   2.7404785e+01
   2.2830450e+06   3.4240723e+01
   2.2859180e+06   4.0649414e+01
   2.2908770e+06   4.8217773e+01
   2.2919640e+06   3.7170410e+01
   2.2923420e+06   3.3996582e+01
   2.2946330e+06   4.0039062e+01
   2.2958040e+06   3.6743164e+01
   2.2977900e+06   3.4729004e+01
   2.2999710e+06   3.2531738e+01
   2.3009500e+06   3.6865234e+01
   2.3026250e+06   3.3996582e+01
   2.3026620e+06   2.7893066e+01
   2.3038280e+06   3.5766602e+01
   2.3045740e+06   3.3142090e+01
   2.3063420e+06   3.5400391e+01
   2.3077010e+06   3.4362793e+01
   2.3082260e+06   3.1860352e+01
   2.3115260e+06   3.8269043e+01
   2.3124720e+06   3.5217285e+01
   2.3139750e+06   3.3386230e+01
   2.3200350e+06   3.9672852e+01
   2.3201700e+06   3.4973145e+01
   2.3209560e+06   3.7353516e+01
   2.3231990e+06   4.0466309e+01
   2.3233210e+06   3.2165527e+01
   2.3248370e+06   3.3630371e+01
   2.3275560e+06   3.9672852e+01
   2.3285170e+06   3.4912109e+01
   2.3299440e+06   3.9550781e+01
   2.3306390e+06   3.2409668e+01
   2.3308930e+06   2.5329590e+01
   2.3363230e+06   3.6804199e+01
   2.3364080e+06   3.6560059e+01
   2.3378330e+06   3.7902832e+01
   2.3396370e+06   3.6804199e+01
   2.3404510e+06   3.2653809e+01
   2.3432630e+06   3.9123535e+01
   2.3439370e+06   3.6621094e+01
   2.3448090e+06   3.6376953e+01
   2.3467640e+06   3.6437988e+01
   2.3485170e+06   3.5766602e+01
   2.3502760e+06   3.4118652e+01
   2.3512290e+06   3.0517578e+01
   2.3533660e+06   4.0954590e+01
   2.3541180e+06   2.9296875e+01
   2.3553960e+06   2.9724121e+01
   2.3566240e+06   3.0944824e+01
   2.3576080e+06   3.7719727e+01
   2.3601260e+06   3.6926270e+01
   2.3613710e+06   3.2287598e+01
   2.3688690e+06   4.5227051e+01
   2.3689740e+06   3.9489746e+01
   2.3701390e+06   3.6193848e+01
   2.3702610e+06   3.3630371e+01
   2.3728170e+06   3.6132813e+01
   2.3747320e+06   3.8391113e+01
   2.3761730e+06   3.2409668e+01
   2.3775180e+06   3.4057617e+01
   2.3784790e+06   3.9367676e+01
   2.3803090e+06   3.6804199e+01
   2.3814600e+06   3.6315918e+01
   2.3816570e+06   3.3996582e+01
   2.3840840e+06   3.8574219e+01
   2.3842150e+06   3.0029297e+01
   2.3859010e+06   3.1555176e+01
   2.3879610e+06   3.5888672e+01
   2.3886160e+06   3.7048340e+01
   2.3895520e+06   3.4545898e+01
   2.3911950e+06   3.5644531e+01
   2.3926070e+06   3.6499023e+01
   2.3940650e+06   3.4545898e+01
   2.3953770e+06   4.1687012e+01
   2.3972300e+06   3.0944824e+01
   2.3983510e+06   3.3752441e+01
   2.3992780e+06   3.1494141e+01
   2.4002870e+06   3.6865234e+01
   2.4017340e+06   3.3264160e+01
   2.4027380e+06   3.1738281e+01
   2.4041230e+06   3.3447266e+01
   2.4058270e+06   3.2348633e+01
   2.4060700e+06   3.0456543e+01
   2.4147220e+06   4.3884277e+01
   2.4147890e+06   3.5339355e+01
   2.4148470e+06   3.0212402e+01
   2.4183760e+06   4.1931152e+01
   2.4187260e+06   3.5278320e+01
   2.4188170e+06   2.9541016e+01
   2.4211040e+06   3.9367676e+01
   2.4226770e+06   3.7353516e+01
   2.4233630e+06   3.5705566e+01
   2.4246150e+06   3.0090332e+01
   2.4249390e+06   3.5156250e+01
   2.4259040e+06   3.9855957e+01
   2.4273690e+06   3.0761719e+01
   2.4289650e+06   3.4667969e+01
   2.4295310e+06   3.4851074e+01
   2.4314250e+06   3.4545898e+01
   2.4325440e+06   3.3935547e+01
   2.4342120e+06   3.3081055e+01
   2.4350390e+06   3.4057617e+01
   2.4357630e+06   2.9113770e+01
   2.4360180e+06   3.2958984e+01
   2.4387130e+06   3.7048340e+01
   2.4396220e+06   3.3630371e+01
   2.4411210e+06   3.6804199e+01
   2.4423390e+06   3.9978027e+01
   2.4429170e+06   3.4973145e+01
   2.4441290e+06   2.3803711e+01
   2.4442370e+06   2.4658203e+01
   2.4505670e+06   3.9855957e+01
   2.4506850e+06   4.1503906e+01
   2.4518640e+06   4.2053223e+01
   2.4527190e+06   3.9978027e+01
   2.4541560e+06   4.2297363e+01
   2.4560090e+06   3.7597656e+01
   2.4571630e+06   3.4729004e+01
   2.4585290e+06   3.6560059e+01
   2.4598500e+06   3.9123535e+01
   2.4605510e+06   4.1442871e+01
   2.4612150e+06   3.5095215e+01
   2.4629770e+06   4.4433594e+01
   2.4641770e+06   3.4240723e+01
   2.4657530e+06   3.6071777e+01
   2.4670740e+06   3.7536621e+01
   2.4682000e+06   3.6132813e+01
   2.4699350e+06   3.5339355e+01
   2.4707760e+06   3.1921387e+01
   2.4716560e+06   3.0822754e+01
   2.4728450e+06   3.4118652e+01
   2.4739710e+06   2.4719238e+01
   2.4810570e+06   4.4006348e+01
   2.4811750e+06   3.7353516e+01
   2.4812970e+06   3.1921387e+01
   2.4841310e+06   4.0588379e+01
   2.4849060e+06   4.1442871e+01
   2.4859470e+06   3.4545898e+01
   2.4860990e+06   3.0639648e+01
   2.4883040e+06   3.7902832e+01
   2.4898990e+06   3.4912109e+01
   2.4907010e+06   3.3813477e+01
   2.4910790e+06   2.3132324e+01
   2.4912100e+06   2.3193359e+01
   2.4912680e+06   2.5268555e+01
   2.4986170e+06   4.7729492e+01
   2.4986990e+06   4.3640137e+01
   2.4993560e+06   4.2785645e+01
   2.4994540e+06   3.5339355e+01
   2.5021570e+06   3.8208008e+01
   2.5023370e+06   3.4606934e+01
   2.5044270e+06   3.3996582e+01
   2.5051870e+06   2.5817871e+01
   2.5052410e+06   4.7668457e+01
   2.5055070e+06   3.0883789e+01
   2.5127220e+06   4.1687012e+01
   2.5128320e+06   3.2104492e+01
   2.5129060e+06   3.3935547e+01
   2.5133080e+06   3.6804199e+01
   2.5161400e+06   3.8818359e+01
   2.5162870e+06   3.1555176e+01
   2.5175780e+06   2.3986816e+01
   2.5177550e+06   2.3620605e+01
   2.5259840e+06   4.4494629e+01
   2.5262420e+06   2.3437500e+01
   2.5262850e+06   6.8847656e+01
   2.5264880e+06   6.1157227e+01
   2.5266430e+06   2.5634766e+01
   2.5267020e+06   3.6560059e+01
   2.5354020e+06   5.2246094e+01
   2.5366750e+06   4.4616699e+01
   2.5367440e+06   2.3742676e+01
   2.5367650e+06   4.7363281e+01
   2.5368880e+06   2.7099609e+01
   2.5430060e+06   3.3752441e+01
   2.5440940e+06   4.7363281e+01
   2.5441090e+06   2.4719238e+01
   2.5469710e+06   3.8879395e+01
   2.5493280e+06   3.9001465e+01
   2.5493550e+06   2.2949219e+01
   2.5494140e+06   3.0700684e+01
   2.5494540e+06   2.3864746e+01
   2.5494900e+06   3.8269043e+01
   2.5496150e+06   4.1870117e+01
   2.5560420e+06   4.3457031e+01
   2.5570950e+06   3.4973145e+01
   2.5571720e+06   3.2592773e+01
   2.5572740e+06   3.1799316e+01
   2.5573530e+06   3.3874512e+01
   2.5627270e+06   3.6682129e+01
   2.5630870e+06   3.4484863e+01
   2.5645880e+06   2.3010254e+01
   2.5646590e+06   3.8208008e+01
   2.5647660e+06   2.5451660e+01
   2.5647970e+06   2.7038574e+01
   2.5648440e+06   2.8076172e+01
   2.5684930e+06   3.0517578e+01
   2.5685690e+06   3.5827637e+01
   2.5687150e+06   3.7475586e+01
   2.5716090e+06   3.8818359e+01
   2.5717010e+06   3.3081055e+01
   2.5717690e+06   2.5268555e+01
   2.5718530e+06   2.6306152e+01
   2.5721330e+06   2.3803711e+01
   2.5764950e+06   3.3691406e+01
   2.5792280e+06   4.0954590e+01
   2.5793360e+06   2.3620605e+01
   2.5793820e+06   2.3742676e+01
   2.5793980e+06   3.9245605e+01
   2.5795360e+06   3.0944824e+01
   2.5874190e+06   3.4179688e+01
   2.5874500e+06   2.8808594e+01
   2.5874840e+06   4.4616699e+01
   2.5875480e+06   2.7282715e+01
   2.5875610e+06   2.6733398e+01
   2.5945290e+06   4.5349121e+01
   2.5945420e+06   2.4414062e+01
   2.5945920e+06   2.5634766e+01
   2.5946370e+06   3.0517578e+01
   2.5947720e+06   2.4902344e+01
   2.5996240e+06   2.2888184e+01
   2.6013520e+06   3.5095215e+01
   2.6014120e+06   2.4108887e+01
   2.6014340e+06   3.6193848e+01
   2.6015050e+06   2.4475098e+01
   2.6066660e+06   3.1799316e+01
   2.6090150e+06   2.8625488e+01
   2.6091070e+06   4.1320801e+01
   2.6091500e+06   3.2287598e+01
   2.6091700e+06   2.3559570e+01
   2.6091900e+06   2.8625488e+01
   2.6092830e+06   2.6062012e+01
   2.6143020e+06   3.2775879e+01
   2.6143710e+06   2.6367188e+01
   2.6144310e+06   2.6855469e+01
   2.6144870e+06   2.9113770e+01
   2.6145760e+06   3.1555176e+01
   2.6146640e+06   2.3925781e+01
   2.6194280e+06   2.4414062e+01
   2.6194760e+06   2.3315430e+01
   2.6244910e+06   3.2287598e+01
   2.6245480e+06   2.5451660e+01
   2.6246040e+06   2.2949219e+01
   2.6247150e+06   2.3742676e+01
   2.6247720e+06   2.4291992e+01
   2.6248850e+06   2.4291992e+01
   2.6362420e+06   4.2907715e+01
   2.6362950e+06   3.5461426e+01
   2.6363440e+06   2.4597168e+01
   2.6364510e+06   2.9907227e+01
   2.6422330e+06   2.5512695e+01
   2.6423460e+06   2.7954102e+01
   2.6487210e+06   3.4057617e+01
   2.6487410e+06   2.5939941e+01
   2.6487620e+06   3.2775879e+01
   2.6488140e+06   2.4841309e+01
   2.6493690e+06   2.6000977e+01
   2.6551570e+06   2.4536133e+01
   2.6552160e+06   2.7587891e+01
   2.6621080e+06   2.8137207e+01
   2.6621270e+06   2.8625488e+01
   2.6621460e+06   2.3742676e+01
   2.6623940e+06   2.3437500e+01
   2.6691110e+06   2.3193359e+01
   2.6691270e+06   3.1494141e+01
   2.6691640e+06   2.4841309e+01
   2.6692510e+06   3.3081055e+01
   2.6692850e+06   2.4230957e+01
   2.6762370e+06   3.1982422e+01
   2.6837260e+06   4.0649414e+01
   2.6837500e+06   2.4719238e+01
   2.6921800e+06   2.3132324e+01
   2.6922210e+06   2.6367188e+01
   2.6922650e+06   2.4475098e+01
   2.6923500e+06   2.3498535e+01
   2.6926670e+06   2.3010254e+01
   2.7006460e+06   2.3376465e+01
   2.7006770e+06   2.3254395e+01
   2.7008770e+06   3.0212402e+01
   2.7010840e+06   2.5512695e+01
   2.7079020e+06   2.3620605e+01
   2.7079990e+06   2.5451660e+01
   2.7080230e+06   2.3254395e+01
   2.7171830e+06   3.2104492e+01
   2.7172160e+06   3.8574219e+01
   2.7172850e+06   2.6245117e+01
   2.7266350e+06   2.3559570e+01
   2.7266500e+06   2.8930664e+01
   2.7266710e+06   2.3132324e+01
   2.7268060e+06   2.4658203e+01
   2.7268850e+06   2.2888184e+01
   2.7357070e+06   3.5095215e+01
   2.7357340e+06   2.7832031e+01
   2.7357440e+06   2.4597168e+01
   2.7358470e+06   2.5451660e+01
   2.7358690e+06   2.7709961e+01
   2.7460800e+06   2.4719238e+01
   2.7461090e+06   2.5878906e+01
   2.7462330e+06   2.4353027e+01
   2.7465400e+06   2.3193359e+01
   2.7568170e+06   3.7353516e+01
   2.7568490e+06   2.3742676e+01
   2.7568610e+06   2.5085449e+01
   2.7573810e+06   2.4169922e+01
   2.7669110e+06   2.9602051e+01
   2.7672140e+06   2.5939941e+01
   2.7761500e+06   2.8381348e+01
   2.7761840e+06   2.3376465e+01
   2.7762530e+06   2.3742676e+01
   2.7874440e+06   3.3630371e+01
   2.7874570e+06   2.2888184e+01
   2.7875310e+06   2.9541016e+01
   2.7996550e+06   3.2348633e+01
   2.7996900e+06   2.5817871e+01
   2.8159940e+06   2.5695801e+01
   2.8160200e+06   2.2888184e+01
   2.8160640e+06   2.9479980e+01
   2.8160880e+06   2.2949219e+01
   2.8164760e+06   2.5939941e+01
   2.8272310e+06   2.6062012e+01
   2.8272700e+06   2.3010254e+01
   2.8272900e+06   2.4902344e+01
   2.8274750e+06   2.4658203e+01
   2.8391210e+06   3.3691406e+01
   2.8391480e+06   2.4536133e+01
   2.8496650e+06   2.5451660e+01
   2.8497360e+06   2.4475098e+01
   2.8498080e+06   2.3864746e+01
   2.8608860e+06   2.9663086e+01
   2.8609100e+06   2.4108887e+01
   2.8722140e+06   2.4047852e+01
   2.8722940e+06   3.1372070e+01
   2.8723240e+06   2.4963379e+01
   2.8723440e+06   2.4719238e+01
   2.8836560e+06   3.2836914e+01
   2.8968690e+06   2.4658203e+01
   2.8968860e+06   3.0944824e+01
   2.8968990e+06   3.0822754e+01
   2.8969490e+06   2.8503418e+01
   2.9129220e+06   2.8259277e+01
   2.9129560e+06   2.4414062e+01
   2.9133790e+06   2.3681641e+01
   2.9265900e+06   2.3742676e+01
   2.9266230e+06   2.3010254e+01
   2.9266620e+06   3.2165527e+01
   2.9267000e+06   2.5329590e+01
   2.9267640e+06   2.8259277e+01
   2.9379750e+06   2.6367188e+01
   2.9380130e+06   2.5573730e+01
