   3.0000000e+06   0.0000000e+00
   4.0670000e+03   2.9357910e+01
   4.2630000e+03   2.9418945e+01
   6.8950000e+03   2.7526855e+01
   6.9760000e+03   2.7465820e+01
   7.0450000e+03   3.4423828e+01
   7.1840000e+03   3.3874512e+01
   7.3720000e+03   2.6062012e+01
   1.0800000e+04   2.8625488e+01
   1.0904000e+04   3.2043457e+01
   1.0952000e+04   2.3803711e+01
   1.1005000e+04   3.2775879e+01
   1.1060000e+04   2.7709961e+01
   1.1145000e+04   2.3132324e+01
   1.1237000e+04   2.8625488e+01
   1.5797000e+04   3.3569336e+01
   1.5865000e+04   3.4362793e+01
   1.5914000e+04   2.9846191e+01
   1.5975000e+04   3.0151367e+01
   1.6011000e+04   2.6733398e+01
   1.6088000e+04   2.6367188e+01
   1.6156000e+04   2.3986816e+01
   1.6293000e+04   2.2766113e+01
   2.0687000e+04   2.9785156e+01
   2.4605000e+04   3.0761719e+01
   2.4662000e+04   3.0395508e+01
   2.4701000e+04   2.6611328e+01
   2.4758000e+04   3.1066895e+01
   2.4802000e+04   2.5451660e+01
   2.4813000e+04   2.3986816e+01
   2.4863000e+04   3.2714844e+01
   2.4905000e+04   2.5573730e+01
   2.4962000e+04   2.4108887e+01
   2.5363000e+04   2.5512695e+01
   3.0818000e+04   2.7648926e+01
   3.2418000e+04   3.1616211e+01
   3.2492000e+04   2.6733398e+01
   3.2621000e+04   3.4606934e+01
   3.2695000e+04   3.5278320e+01
   3.4836000e+04   2.8259277e+01
   3.5044000e+04   2.6977539e+01
   3.5107000e+04   3.1677246e+01
   3.5295000e+04   2.7770996e+01
   3.6992000e+04   2.7832031e+01
   3.7168000e+04   2.7221680e+01
   3.7236000e+04   2.5634766e+01
   3.7385000e+04   3.2592773e+01
   3.9180000e+04   2.3559570e+01
   3.9251000e+04   2.6550293e+01
   3.9311000e+04   3.1799316e+01
   3.9343000e+04   2.7587891e+01
   3.9373000e+04   2.8808594e+01
   3.9413000e+04   3.4301758e+01
   3.9464000e+04   2.5085449e+01
   3.9540000e+04   2.2766113e+01
   3.9619000e+04   2.4597168e+01
   4.4869000e+04   2.8381348e+01
   4.6152000e+04   3.0456543e+01
   4.6322000e+04   2.9907227e+01
   4.8636000e+04   3.4362793e+01
   4.8687000e+04   2.9602051e+01
   4.8726000e+04   2.5146484e+01
   4.8752000e+04   2.4047852e+01
   4.8795000e+04   3.0273438e+01
   4.8807000e+04   2.6123047e+01
   4.8963000e+04   3.2653809e+01
   4.9020000e+04   2.2766113e+01
   4.9127000e+04   2.8198242e+01
   4.9337000e+04   2.5024414e+01
   5.3833000e+04   3.0578613e+01
   5.5059000e+04   2.5329590e+01
   5.5117000e+04   3.3874512e+01
   5.5153000e+04   2.4841309e+01
   5.5251000e+04   2.3132324e+01
   5.5297000e+04   2.3681641e+01
   5.5356000e+04   2.5939941e+01
   5.5421000e+04   2.5024414e+01
   5.5557000e+04   2.9846191e+01
   5.9252000e+04   2.6611328e+01
   5.9368000e+04   3.0639648e+01
   6.0538000e+04   2.6977539e+01
   6.0632000e+04   3.4118652e+01
   6.0680000e+04   2.7526855e+01
   6.0736000e+04   2.6184082e+01
   6.3093000e+04   3.0456543e+01
   6.3153000e+04   3.0822754e+01
   6.3202000e+04   3.5888672e+01
   6.3262000e+04   2.5207520e+01
   6.3281000e+04   3.1738281e+01
   6.3298000e+04   2.3925781e+01
   6.3422000e+04   2.6489258e+01
   6.3490000e+04   3.0761719e+01
   6.3542000e+04   2.3254395e+01
   6.7325000e+04   3.0395508e+01
   6.7796000e+04   2.5634766e+01
   6.7995000e+04   2.6916504e+01
   6.9170000e+04   3.1555176e+01
   6.9214000e+04   3.1433105e+01
   6.9247000e+04   2.5756836e+01
   6.9291000e+04   3.5095215e+01
   6.9338000e+04   2.5146484e+01
   6.9396000e+04   2.7282715e+01
   6.9486000e+04   2.9541016e+01
   6.9554000e+04   2.6428223e+01
   7.3536000e+04   3.1616211e+01
   7.3594000e+04   3.8391113e+01
   7.3675000e+04   3.0212402e+01
   7.3760000e+04   3.2836914e+01
   7.3843000e+04   2.5268555e+01
   7.5951000e+04   3.3264160e+01
   7.6028000e+04   3.1188965e+01
   7.6072000e+04   2.3315430e+01
   7.6122000e+04   2.9724121e+01
   7.6175000e+04   3.2653809e+01
   7.6202000e+04   2.4597168e+01
   7.6255000e+04   2.6306152e+01
   8.0163000e+04   2.5390625e+01
   8.0365000e+04   3.0273438e+01
   8.0436000e+04   2.7526855e+01
   8.0592000e+04   2.3620605e+01
   8.2669000e+04   2.7832031e+01
   8.2704000e+04   2.6550293e+01
   8.2739000e+04   2.7770996e+01
   8.2767000e+04   3.1066895e+01
   8.2830000e+04   3.1005859e+01
   8.2874000e+04   3.1127930e+01
   8.2929000e+04   2.8076172e+01
   8.2993000e+04   2.4291992e+01
   8.3187000e+04   2.3498535e+01
   8.6984000e+04   3.1982422e+01
   8.7091000e+04   2.7465820e+01
   8.7162000e+04   3.0151367e+01
   8.7307000e+04   2.6672363e+01
   8.9686000e+04   3.0090332e+01
   8.9746000e+04   2.4597168e+01
   8.9781000e+04   3.5644531e+01
   8.9796000e+04   2.8015137e+01
   8.9829000e+04   2.7709961e+01
   9.0089000e+04   2.7770996e+01
   9.3954000e+04   3.3691406e+01
   9.4004000e+04   2.6855469e+01
   9.4057000e+04   2.7099609e+01
   9.4093000e+04   2.9724121e+01
   9.4162000e+04   2.3010254e+01
   9.4208000e+04   2.8381348e+01
   9.7870000e+04   3.0822754e+01
   9.7990000e+04   2.8076172e+01
   9.8077000e+04   3.0822754e+01
   9.8122000e+04   2.4291992e+01
   9.8194000e+04   2.6428223e+01
   9.8298000e+04   2.6550293e+01
   1.0214300e+05   3.3752441e+01
   1.0218200e+05   2.3925781e+01
   1.0221700e+05   3.0151367e+01
   1.0224800e+05   2.3498535e+01
   1.0228700e+05   2.7893066e+01
   1.0232000e+05   2.5146484e+01
   1.0235600e+05   3.4973145e+01
   1.0243200e+05   2.5268555e+01
   1.0700900e+05   2.8808594e+01
   1.0705500e+05   3.1311035e+01
   1.0708200e+05   3.0212402e+01
   1.0711300e+05   2.6916504e+01
   1.0715400e+05   2.9235840e+01
   1.0721100e+05   2.3803711e+01
   1.1178100e+05   3.0639648e+01
   1.1182100e+05   3.7475586e+01
   1.1185400e+05   2.5390625e+01
   1.1189200e+05   2.2705078e+01
   1.1192400e+05   3.2897949e+01
   1.1196800e+05   3.0029297e+01
   1.1200700e+05   2.8625488e+01
   1.1208900e+05   2.6306152e+01
   1.1705700e+05   3.1616211e+01
   1.1713800e+05   3.0822754e+01
   1.1716300e+05   2.7770996e+01
   1.1720400e+05   2.2705078e+01
   1.1722700e+05   2.4414062e+01
   1.1729500e+05   2.6428223e+01
   1.1732400e+05   2.4414062e+01
   1.1740200e+05   2.9968262e+01
   1.2274700e+05   3.0212402e+01
   1.2279500e+05   2.4291992e+01
   1.2283100e+05   2.8503418e+01
   1.2286800e+05   2.4475098e+01
   1.2293400e+05   2.9907227e+01
   1.2299500e+05   3.2165527e+01
   1.2307700e+05   2.6733398e+01
   1.2840200e+05   2.7954102e+01
   1.2844300e+05   3.3752441e+01
   1.2847200e+05   2.2766113e+01
   1.2851300e+05   3.2226562e+01
   1.2855900e+05   2.5146484e+01
   1.2856900e+05   2.4475098e+01
   1.2860400e+05   2.8930664e+01
   1.2866600e+05   2.6550293e+01
   1.2875900e+05   3.2226562e+01
   1.3410400e+05   3.4240723e+01
   1.3418900e+05   3.2653809e+01
   1.3421600e+05   2.7770996e+01
   1.3428000e+05   3.1433105e+01
   1.3436300e+05   2.8869629e+01
   1.3444800e+05   2.9052734e+01
   1.4045800e+05   3.0273438e+01
   1.4049300e+05   2.4658203e+01
   1.4052500e+05   2.4291992e+01
   1.4055100e+05   3.2165527e+01
   1.4056400e+05   2.9663086e+01
   1.4062100e+05   2.5085449e+01
   1.4067300e+05   3.7414551e+01
   1.4071700e+05   2.2705078e+01
   1.4076200e+05   2.6245117e+01
   1.4699600e+05   3.5339355e+01
   1.4704200e+05   2.7160645e+01
   1.4707200e+05   2.4414063e+01
   1.4711100e+05   3.1066895e+01
   1.4714200e+05   3.7231445e+01
   1.4715400e+05   2.8686523e+01
   1.4722300e+05   2.3681641e+01
   1.4728200e+05   2.6000977e+01
   1.4738600e+05   2.6489258e+01
   1.4754900e+05   2.9235840e+01
   1.5333000e+05   3.0517578e+01
   1.5336600e+05   3.1005859e+01
   1.5340600e+05   3.9306641e+01
   1.5344900e+05   3.3874512e+01
   1.5349000e+05   2.2827148e+01
   1.5352800e+05   2.8869629e+01
   1.5359300e+05   2.4291992e+01
   1.5365900e+05   2.5268555e+01
   1.6014200e+05   2.9602051e+01
   1.6019200e+05   2.9052734e+01
   1.6022200e+05   2.8503418e+01
   1.6024700e+05   2.9174805e+01
   1.6026900e+05   2.6611328e+01
   1.6033200e+05   3.8208008e+01
   1.6036300e+05   2.3498535e+01
   1.6042700e+05   2.9479980e+01
   1.6051000e+05   2.6062012e+01
   1.6725900e+05   3.1005859e+01
   1.6732400e+05   2.5695801e+01
   1.6735500e+05   2.6916504e+01
   1.6739000e+05   2.3986816e+01
   1.6745100e+05   2.5146484e+01
   1.6750400e+05   2.7832031e+01
   1.6753500e+05   3.1372070e+01
   1.6763300e+05   2.5451660e+01
   1.6789300e+05   2.5207520e+01
   1.7407600e+05   2.6672363e+01
   1.7413900e+05   2.3681641e+01
   1.7416200e+05   2.3437500e+01
   1.7418200e+05   2.6550293e+01
   1.7420800e+05   2.6245117e+01
   1.7422100e+05   2.6306152e+01
   1.7424500e+05   2.6916504e+01
   1.7431100e+05   3.3325195e+01
   1.7434300e+05   2.5024414e+01
   1.7445300e+05   2.8503418e+01
   1.7481500e+05   2.8747559e+01
   1.8096700e+05   3.1066895e+01
   1.8101100e+05   4.3090820e+01
   1.8103900e+05   3.0639648e+01
   1.8106600e+05   2.6184082e+01
   1.8108900e+05   2.2705078e+01
   1.8111400e+05   2.3742676e+01
   1.8114600e+05   2.4291992e+01
   1.8118900e+05   3.4973145e+01
   1.8131500e+05   2.4108887e+01
   1.8137900e+05   2.7587891e+01
   1.8146600e+05   2.3376465e+01
   1.8838200e+05   2.5634766e+01
   1.8843400e+05   2.8503418e+01
   1.8845600e+05   3.5339355e+01
   1.8848200e+05   2.3986816e+01
   1.8850400e+05   2.3803711e+01
   1.8853600e+05   2.4780273e+01
   1.8864500e+05   3.1005859e+01
   1.8869600e+05   2.5390625e+01
   1.8873000e+05   2.6733398e+01
   1.8879800e+05   2.3132324e+01
   1.9538300e+05   3.1982422e+01
   1.9543000e+05   3.0944824e+01
   1.9545400e+05   2.5085449e+01
   1.9548800e+05   2.8320312e+01
   1.9550900e+05   2.8503418e+01
   1.9552500e+05   2.6000977e+01
   1.9554300e+05   2.5512695e+01
   1.9557400e+05   2.2766113e+01
   1.9562500e+05   2.3986816e+01
   1.9564500e+05   3.1738281e+01
   1.9567800e+05   2.7465820e+01
   1.9571500e+05   2.4353027e+01
   1.9575000e+05   2.6977539e+01
   1.9589100e+05   2.3986816e+01
   2.0283800e+05   3.2348633e+01
   2.0287500e+05   2.3742676e+01
   2.0290000e+05   2.3742676e+01
   2.0297500e+05   2.7893066e+01
   2.0303000e+05   2.4719238e+01
   2.0304800e+05   3.5156250e+01
   2.0329900e+05   2.9296875e+01
   2.1022100e+05   2.9357910e+01
   2.1026000e+05   2.9663086e+01
   2.1028900e+05   2.5695801e+01
   2.1031300e+05   3.2104492e+01
   2.1033700e+05   2.2949219e+01
   2.1037700e+05   2.4291992e+01
   2.1058400e+05   2.5695801e+01
   2.1911800e+05   3.2958984e+01
   2.1920400e+05   2.5024414e+01
   2.1924000e+05   2.5756836e+01
   2.1932900e+05   2.8991699e+01
   2.1937400e+05   2.3864746e+01
   2.1943800e+05   3.0395508e+01
   2.1952400e+05   2.8686523e+01
   2.1963600e+05   2.4902344e+01
   2.1972300e+05   2.7587891e+01
   2.1981600e+05   2.9174805e+01
   2.2718800e+05   2.6855469e+01
   2.2722300e+05   2.9296875e+01
   2.2725500e+05   2.3681641e+01
   2.2730400e+05   2.3376465e+01
   2.2732900e+05   2.8930664e+01
   2.2736900e+05   2.6794434e+01
   2.2739400e+05   2.2949219e+01
   2.2748900e+05   2.8198242e+01
   2.3622700e+05   3.2043457e+01
   2.3626000e+05   2.5817871e+01
   2.3629300e+05   2.7465820e+01
   2.3630800e+05   2.4719238e+01
   2.3632400e+05   2.7038574e+01
   2.3644200e+05   2.2888184e+01
   2.3658100e+05   2.3132324e+01
   2.3683100e+05   2.5268555e+01
   2.4532800e+05   2.7526855e+01
   2.4537100e+05   2.4841309e+01
   2.4538900e+05   2.6794434e+01
   2.4540900e+05   2.8015137e+01
   2.4543000e+05   2.5573730e+01
   2.4546300e+05   2.3071289e+01
   2.4550500e+05   2.3437500e+01
   2.4581500e+05   2.3071289e+01
   2.4589600e+05   2.6184082e+01
   2.5412400e+05   2.9907227e+01
   2.5416200e+05   2.4597168e+01
   2.5419200e+05   2.5085449e+01
   2.5422000e+05   2.6000977e+01
   2.5423700e+05   2.4536133e+01
   2.5426500e+05   2.4719238e+01
   2.5452300e+05   2.7832031e+01
   2.5464100e+05   2.3803711e+01
   2.5471400e+05   2.3986816e+01
   2.6454900e+05   3.1311035e+01
   2.6458600e+05   2.4536133e+01
   2.6460500e+05   2.8625488e+01
   2.6465500e+05   2.6611328e+01
   2.6473000e+05   2.3193359e+01
   2.6476300e+05   2.3620605e+01
   2.6479300e+05   2.9907227e+01
   2.7418900e+05   3.1433105e+01
   2.7422300e+05   2.7648926e+01
   2.7428400e+05   2.4597168e+01
   2.7434600e+05   2.5756836e+01
   2.7437700e+05   2.2766113e+01
   2.7442600e+05   2.5695801e+01
   2.7448000e+05   2.6550293e+01
   2.7459200e+05   2.5756836e+01
   2.7478600e+05   2.3620605e+01
   2.7506700e+05   2.3681641e+01
   2.8575300e+05   2.7465820e+01
   2.8578500e+05   2.8747559e+01
   2.8579900e+05   2.5756836e+01
   2.8582200e+05   2.9357910e+01
   2.8583600e+05   2.3864746e+01
   2.8585900e+05   2.3498535e+01
   2.8587800e+05   2.6550293e+01
   2.8593400e+05   2.4963379e+01
   2.8602000e+05   3.0273438e+01
   2.8619500e+05   2.2705078e+01
   2.8660000e+05   2.2705078e+01
   2.9709500e+05   3.2714844e+01
   2.9712900e+05   2.9357910e+01
   2.9715800e+05   2.9296875e+01
   2.9719400e+05   3.0578613e+01
   2.9720800e+05   2.9174805e+01
   2.9729000e+05   2.5695801e+01
   2.9733300e+05   2.9968262e+01
   2.9745900e+05   2.2827148e+01
   2.9753700e+05   2.4658203e+01
   2.9759000e+05   2.6916504e+01
   2.9765500e+05   2.2949219e+01
   2.9793700e+05   2.4414062e+01
   3.0887700e+05   3.3752441e+01
   3.0890400e+05   3.5949707e+01
   3.0893200e+05   2.5939941e+01
   3.0894900e+05   2.3254395e+01
   3.0896800e+05   2.4597168e+01
   3.0900800e+05   2.8503418e+01
   3.0937200e+05   2.3620605e+01
   3.0944900e+05   2.3376465e+01
   3.0960600e+05   2.5939941e+01
   3.1804300e+05   3.1433105e+01
   3.1808000e+05   2.3315430e+01
   3.1811000e+05   2.6306152e+01
   3.1816800e+05   2.3742676e+01
   3.1820200e+05   3.1188965e+01
   3.1821900e+05   2.4169922e+01
   3.1825700e+05   2.5085449e+01
   3.1855100e+05   2.5573730e+01
   3.1861000e+05   2.8442383e+01
   3.1876300e+05   2.6245117e+01
   3.2981600e+05   3.0700684e+01
   3.2985300e+05   3.1311035e+01
   3.2987200e+05   2.6428223e+01
   3.2988800e+05   3.1250000e+01
   3.2994200e+05   2.2827148e+01
   3.3002300e+05   2.3498535e+01
   3.3010300e+05   2.8991699e+01
   3.3021900e+05   2.5634766e+01
   3.3026100e+05   2.3925781e+01
   3.3042800e+05   2.6794434e+01
   3.3049600e+05   2.3071289e+01
   3.4645100e+05   3.3752441e+01
   3.4648500e+05   3.1555176e+01
   3.4650500e+05   3.2470703e+01
   3.4655200e+05   2.4841309e+01
   3.4656800e+05   2.2888184e+01
   3.4672800e+05   2.7282715e+01
   3.4675900e+05   3.1188965e+01
   3.4679900e+05   2.3925781e+01
   3.4694700e+05   2.8503418e+01
   3.4705800e+05   2.5024414e+01
   3.4712300e+05   2.3071289e+01
   3.5855200e+05   3.4912109e+01
   3.5859800e+05   2.5207520e+01
   3.5862400e+05   2.5024414e+01
   3.5865000e+05   2.4780273e+01
   3.5866800e+05   2.7832031e+01
   3.5868700e+05   2.8869629e+01
   3.5886200e+05   2.3071289e+01
   3.5901600e+05   2.2949219e+01
   3.5921700e+05   2.3132324e+01
   3.6890000e+05   3.9672852e+01
   3.6894200e+05   3.3020020e+01
   3.6896800e+05   2.5512695e+01
   3.6898100e+05   2.6733398e+01
   3.6909000e+05   2.3681641e+01
   3.6910700e+05   2.3864746e+01
   3.6926600e+05   2.4169922e+01
   3.6930000e+05   2.2766113e+01
   3.6934300e+05   2.2949219e+01
   3.6948800e+05   2.7038574e+01
   3.6953100e+05   3.4362793e+01
   5.4621500e+05   3.0151367e+01
   5.6947400e+05   3.0700684e+01
   5.7608100e+05   2.8625488e+01
   5.9329000e+05   2.9785156e+01
   5.9789300e+05   2.5146484e+01
   6.0486800e+05   2.8259277e+01
   6.2385600e+05   2.8747559e+01
   6.2809800e+05   2.9052734e+01
   6.3817700e+05   3.3081055e+01
   6.4370300e+05   3.4301758e+01
   6.4702400e+05   4.1564941e+01
   6.4917500e+05   3.2409668e+01
   6.5573300e+05   3.3020020e+01
   6.5780400e+05   3.0395508e+01
   6.6613000e+05   3.3935547e+01
   6.7240600e+05   2.8442383e+01
   6.7448300e+05   2.9174805e+01
   6.8143000e+05   3.2348633e+01
   6.8296000e+05   2.7404785e+01
   6.9058800e+05   3.2958984e+01
   7.0130900e+05   3.8818359e+01
   7.0240000e+05   2.7770996e+01
   7.0586400e+05   3.9855957e+01
   7.0855200e+05   3.0944824e+01
   7.1323700e+05   3.2531738e+01
   7.2005800e+05   3.2714844e+01
   7.2340100e+05   3.1555176e+01
   7.2919300e+05   3.1921387e+01
   7.3214400e+05   3.4423828e+01
   7.3402600e+05   3.0029297e+01
   7.4388000e+05   3.0578613e+01
   7.4890900e+05   2.6306152e+01
   7.5368600e+05   2.9418945e+01
   7.5899300e+05   2.5756836e+01
   7.6066900e+05   2.8381348e+01
   7.6139100e+05   3.1188965e+01
   7.6191200e+05   2.6672363e+01
   7.6267100e+05   2.7832031e+01
   7.7020200e+05   2.6367188e+01
   7.8010000e+05   3.1250000e+01
   7.8141200e+05   3.7658691e+01
   7.8334800e+05   3.1066895e+01
   7.9046100e+05   3.5827637e+01
   7.9333600e+05   2.4475098e+01
   7.9669300e+05   2.9296875e+01
   7.9743400e+05   2.6611328e+01
   7.9765900e+05   2.6489258e+01
   7.9781500e+05   3.0273438e+01
   7.9791600e+05   2.9174805e+01
   7.9798800e+05   3.1188965e+01
   7.9810500e+05   2.7893066e+01
   7.9831900e+05   2.9602051e+01
   7.9846400e+05   3.0212402e+01
   7.9859800e+05   2.6672363e+01
   7.9871100e+05   2.4963379e+01
   7.9879000e+05   3.1127930e+01
   7.9899500e+05   2.8137207e+01
   7.9925100e+05   2.7221680e+01
   7.9955600e+05   2.7648926e+01
   8.0621400e+05   3.2226562e+01
   8.2124000e+05   2.9296875e+01
   8.3395400e+05   3.2958984e+01
   8.3499800e+05   3.0029297e+01
   8.3539300e+05   2.7099609e+01
   8.3805000e+05   3.1677246e+01
   8.4563600e+05   3.2836914e+01
   8.5300100e+05   3.3142090e+01
   8.5489800e+05   3.6193848e+01
   8.5558000e+05   2.9724121e+01
   8.5628100e+05   3.5461426e+01
   8.5772000e+05   3.3081055e+01
   8.5847200e+05   2.7221680e+01
   8.5857700e+05   3.2836914e+01
   8.5872100e+05   3.0273438e+01
   8.5879300e+05   2.9357910e+01
   8.5889000e+05   2.2705078e+01
   8.5897800e+05   2.5695801e+01
   8.5919400e+05   2.5634766e+01
   8.5930600e+05   2.9235840e+01
   8.5938000e+05   2.7770996e+01
   8.5952200e+05   2.4414063e+01
   8.5960600e+05   2.4169922e+01
   8.5973500e+05   2.4719238e+01
   8.5986400e+05   2.9052734e+01
   8.6012300e+05   2.7221680e+01
   8.6672000e+05   3.0578613e+01
   8.7726500e+05   2.8015137e+01
   8.9333500e+05   3.1066895e+01
   8.9498400e+05   3.0273438e+01
   8.9636400e+05   2.7770996e+01
   8.9643700e+05   2.2766113e+01
   8.9651200e+05   2.9968262e+01
   8.9660000e+05   2.9785156e+01
   8.9671800e+05   3.1005859e+01
   8.9686100e+05   3.2043457e+01
   8.9698100e+05   2.7465820e+01
   8.9714700e+05   2.9479980e+01
   8.9728000e+05   2.6123047e+01
   8.9741800e+05   2.5207520e+01
   9.0772100e+05   2.3986816e+01
   9.0977600e+05   2.8625488e+01
   9.1633400e+05   2.9968262e+01
   9.2032300e+05   3.3691406e+01
   9.2162100e+05   2.6367188e+01
   9.2179200e+05   2.6977539e+01
   9.2188000e+05   3.1677246e+01
   9.2194400e+05   2.5756836e+01
   9.2213400e+05   2.4475098e+01
   9.2222300e+05   2.8442383e+01
   9.2232300e+05   3.0578613e+01
   9.2239200e+05   2.3254395e+01
   9.2252000e+05   2.4414063e+01
   9.2260900e+05   3.0578613e+01
   9.2278200e+05   3.3874512e+01
   9.2299200e+05   2.5634766e+01
   9.3248400e+05   3.2531738e+01
   9.4484800e+05   2.9846191e+01
   9.5334500e+05   2.8625488e+01
   9.5446100e+05   3.4301758e+01
   9.5451100e+05   2.9602051e+01
   9.5456600e+05   2.8198242e+01
   9.5461700e+05   2.9052734e+01
   9.5469600e+05   3.3935547e+01
   9.5475800e+05   3.1494141e+01
   9.5480000e+05   3.0578613e+01
   9.5484600e+05   2.3010254e+01
   9.5522600e+05   2.3437500e+01
   9.5532000e+05   2.3803711e+01
   9.6637700e+05   3.3630371e+01
   9.6978400e+05   2.6184082e+01
   9.7676600e+05   2.6550293e+01
   9.8118700e+05   2.7099609e+01
   9.8139500e+05   2.6916504e+01
   9.8144500e+05   2.8503418e+01
   9.8147300e+05   2.6855469e+01
   9.8153400e+05   2.6184082e+01
   9.8158300e+05   2.5573730e+01
   9.8163000e+05   2.6855469e+01
   9.8173300e+05   2.9418945e+01
   9.8190700e+05   2.8503418e+01
   9.8198600e+05   3.1066895e+01
   9.8207900e+05   2.7343750e+01
   9.8218200e+05   2.8564453e+01
   9.9990100e+05   2.8686523e+01
   1.0009930e+06   3.5827637e+01
   1.0010440e+06   2.5939941e+01
   1.0010760e+06   3.1555176e+01
   1.0011310e+06   2.6916504e+01
   1.0011600e+06   2.4414062e+01
   1.0012100e+06   2.5329590e+01
   1.0013830e+06   2.3986816e+01
   1.0015020e+06   2.5451660e+01
   1.0016830e+06   2.9418945e+01
   1.0183420e+06   3.3142090e+01
   1.0207410e+06   2.6672363e+01
   1.0246450e+06   2.8137207e+01
   1.0279800e+06   2.7954102e+01
   1.0280260e+06   3.2775879e+01
   1.0280670e+06   2.5695801e+01
   1.0281080e+06   2.4475098e+01
   1.0281560e+06   2.3925781e+01
   1.0281910e+06   2.8015137e+01
   1.0283440e+06   2.8442383e+01
   1.0284700e+06   2.7893066e+01
   1.0285650e+06   3.1188965e+01
   1.0286810e+06   2.7770996e+01
   1.0287990e+06   2.5146484e+01
   1.0289810e+06   3.3935547e+01
   1.0516530e+06   2.4597168e+01
   1.0516980e+06   3.2043457e+01
   1.0517360e+06   2.7099609e+01
   1.0517850e+06   2.3071289e+01
   1.0518300e+06   2.9357910e+01
   1.0518740e+06   3.2958984e+01
   1.0518990e+06   2.9968262e+01
   1.0519690e+06   2.9541016e+01
   1.0521160e+06   2.6855469e+01
   1.0622960e+06   2.8259277e+01
   1.0690510e+06   2.6855469e+01
   1.0739020e+06   3.0334473e+01
   1.0782300e+06   3.8146973e+01
   1.0782770e+06   3.2836914e+01
   1.0783090e+06   2.5817871e+01
   1.0783610e+06   2.8442383e+01
   1.0783930e+06   2.4719238e+01
   1.0784360e+06   2.5634766e+01
   1.0784720e+06   2.5695801e+01
   1.0785350e+06   2.4536133e+01
   1.0786300e+06   2.4719238e+01
   1.0788050e+06   2.5024414e+01
   1.0789210e+06   2.9052734e+01
   1.0790480e+06   2.8869629e+01
   1.0898760e+06   2.7709961e+01
   1.0946460e+06   3.2104492e+01
   1.0963180e+06   3.0578613e+01
   1.0987370e+06   3.0883789e+01
   1.1005470e+06   2.7954102e+01
   1.1006550e+06   3.3325195e+01
   1.1006980e+06   2.3864746e+01
   1.1007460e+06   2.8808594e+01
   1.1008250e+06   2.5085449e+01
   1.1008690e+06   2.6977539e+01
   1.1009420e+06   2.6550293e+01
   1.1010400e+06   2.9541016e+01
   1.1011580e+06   3.2958984e+01
   1.1013000e+06   3.2653809e+01
   1.1142600e+06   3.1127930e+01
   1.1160730e+06   3.3996582e+01
   1.1161340e+06   2.8930664e+01
   1.1162880e+06   3.7902832e+01
   1.1163360e+06   3.0029297e+01
   1.1163650e+06   2.3864746e+01
   1.1163890e+06   2.3498535e+01
   1.1164300e+06   2.5878906e+01
   1.1164760e+06   2.4047852e+01
   1.1165150e+06   2.3986816e+01
   1.1165780e+06   2.5451660e+01
   1.1245750e+06   3.6682129e+01
   1.1247300e+06   2.7465820e+01
   1.1248480e+06   3.0334473e+01
   1.1249250e+06   3.0822754e+01
   1.1249560e+06   3.0029297e+01
   1.1249880e+06   2.3986816e+01
   1.1250330e+06   2.9296875e+01
   1.1251970e+06   3.3752441e+01
   1.1253510e+06   2.7465820e+01
   1.1302860e+06   3.4606934e+01
   1.1304990e+06   2.7709961e+01
   1.1310490e+06   2.9663086e+01
   1.1313130e+06   3.2165527e+01
   1.1333020e+06   2.9541016e+01
   1.1335600e+06   2.4108887e+01
   1.1336120e+06   2.8808594e+01
   1.1336670e+06   3.4179688e+01
   1.1337160e+06   2.3376465e+01
   1.1337650e+06   2.5329590e+01
   1.1337930e+06   2.7404785e+01
   1.1338180e+06   3.5583496e+01
   1.1338590e+06   2.5207520e+01
   1.1339130e+06   2.5939941e+01
   1.1339690e+06   2.4963379e+01
   1.1384240e+06   3.3874512e+01
   1.1385340e+06   3.4790039e+01
   1.1386430e+06   2.6428223e+01
   1.1387240e+06   3.9245605e+01
   1.1387650e+06   2.4414063e+01
   1.1388270e+06   2.4475098e+01
   1.1420710e+06   3.2226562e+01
   1.1421800e+06   2.2827148e+01
   1.1422230e+06   3.5217285e+01
   1.1422500e+06   3.0700684e+01
   1.1422650e+06   3.1066895e+01
   1.1423270e+06   2.3010254e+01
   1.1423460e+06   2.5634766e+01
   1.1423720e+06   2.6245117e+01
   1.1424970e+06   2.8869629e+01
   1.1484430e+06   3.4362793e+01
   1.1498700e+06   3.7109375e+01
   1.1499530e+06   2.7221680e+01
   1.1500090e+06   2.5817871e+01
   1.1500220e+06   2.5756836e+01
   1.1500560e+06   2.6733398e+01
   1.1501180e+06   2.4658203e+01
   1.1501320e+06   2.7954102e+01
   1.1501900e+06   3.0090332e+01
   1.1502210e+06   2.7221680e+01
   1.1502750e+06   2.5451660e+01
   1.1540540e+06   3.2043457e+01
   1.1542020e+06   3.3142090e+01
   1.1542650e+06   2.8808594e+01
   1.1543250e+06   2.7160645e+01
   1.1544420e+06   3.1188965e+01
   1.1545600e+06   2.3986816e+01
   1.1567180e+06   2.7465820e+01
   1.1567690e+06   3.2226562e+01
   1.1568200e+06   2.9052734e+01
   1.1568640e+06   2.5390625e+01
   1.1569130e+06   2.9541016e+01
   1.1569560e+06   2.3010254e+01
   1.1569870e+06   2.7587891e+01
   1.1570620e+06   2.5939941e+01
   1.1571330e+06   2.8015137e+01
   1.1616380e+06   2.2888184e+01
   1.1617260e+06   2.8930664e+01
   1.1619150e+06   3.2348633e+01
   1.1643180e+06   2.7465820e+01
   1.1643680e+06   3.2897949e+01
   1.1644010e+06   2.7160645e+01
   1.1644300e+06   3.0273438e+01
   1.1645270e+06   2.6184082e+01
   1.1648970e+06   3.0090332e+01
   1.1696020e+06   2.5573730e+01
   1.1709930e+06   2.5573730e+01
   1.1723790e+06   2.3742676e+01
   1.1724330e+06   2.8930664e+01
   1.1724690e+06   2.6367188e+01
   1.1724970e+06   2.8991699e+01
   1.1725470e+06   2.3620605e+01
   1.1726200e+06   2.5329590e+01
   1.1726880e+06   2.3742676e+01
   1.1775720e+06   3.0639648e+01
   1.1777240e+06   2.3193359e+01
   1.1778870e+06   3.1188965e+01
   1.1781510e+06   2.3986816e+01
   1.1798760e+06   2.9968262e+01
   1.1799110e+06   2.5146484e+01
   1.1799730e+06   2.3437500e+01
   1.1799950e+06   2.8137207e+01
   1.1800230e+06   3.0151367e+01
   1.1800340e+06   2.3864746e+01
   1.1800870e+06   2.7709961e+01
   1.1801210e+06   2.2766113e+01
   1.1801640e+06   2.5939941e+01
   1.1802370e+06   3.0639648e+01
   1.1843940e+06   3.0212402e+01
   1.1844600e+06   3.0883789e+01
   1.1845150e+06   2.5512695e+01
   1.1845570e+06   3.1433105e+01
   1.1845880e+06   2.6977539e+01
   1.1846940e+06   2.8991699e+01
   1.1847820e+06   2.3132324e+01
   1.1878490e+06   3.6499023e+01
   1.1878880e+06   2.6062012e+01
   1.1879290e+06   2.4291992e+01
   1.1879530e+06   2.5817871e+01
   1.1879970e+06   2.3620605e+01
   1.1880260e+06   2.9357910e+01
   1.1880510e+06   2.8747559e+01
   1.1880640e+06   2.2827148e+01
   1.1881020e+06   2.6794434e+01
   1.1881920e+06   3.2470703e+01
   1.1921800e+06   2.9846191e+01
   1.1924420e+06   2.9418945e+01
   1.1946340e+06   2.5390625e+01
   1.1946710e+06   2.7099609e+01
   1.1946980e+06   3.3386230e+01
   1.1947340e+06   2.2705078e+01
   1.1947920e+06   2.7343750e+01
   1.1948300e+06   2.8930664e+01
   1.1950710e+06   3.0944824e+01
   1.1952310e+06   2.5878906e+01
   1.1993060e+06   3.5217285e+01
   1.1994200e+06   3.3691406e+01
   1.1995290e+06   2.8686523e+01
   1.2017670e+06   2.8076172e+01
   1.2018030e+06   2.5024414e+01
   1.2018490e+06   2.8991699e+01
   1.2018620e+06   2.4719238e+01
   1.2019230e+06   2.8625488e+01
   1.2019680e+06   2.2949219e+01
   1.2020070e+06   2.2827148e+01
   1.2064080e+06   2.7343750e+01
   1.2076840e+06   3.1555176e+01
   1.2077230e+06   2.6916504e+01
   1.2077510e+06   2.9296875e+01
   1.2077820e+06   3.0273438e+01
   1.2077970e+06   2.3498535e+01
   1.2078240e+06   2.4658203e+01
   1.2078450e+06   2.2827148e+01
   1.2078950e+06   2.8198242e+01
   1.2079810e+06   2.5878906e+01
   1.2081370e+06   2.4291992e+01
   1.2121990e+06   2.4841309e+01
   1.2122870e+06   3.9672852e+01
   1.2123460e+06   3.6804199e+01
   1.2124380e+06   2.3437500e+01
   1.2124940e+06   3.3569336e+01
   1.2129230e+06   3.4423828e+01
   1.2148990e+06   2.7099609e+01
   1.2149720e+06   2.4291992e+01
   1.2150020e+06   2.6184082e+01
   1.2150190e+06   2.5146484e+01
   1.2150570e+06   2.3498535e+01
   1.2150960e+06   2.3986816e+01
   1.2151240e+06   2.4536133e+01
   1.2151570e+06   2.8198242e+01
   1.2152390e+06   2.2888184e+01
   1.2206910e+06   2.9785156e+01
   1.2207350e+06   2.7160645e+01
   1.2208510e+06   2.4047852e+01
   1.2209010e+06   2.6733398e+01
   1.2210080e+06   2.7832031e+01
   1.2212330e+06   2.4963379e+01
   1.2253400e+06   2.8137207e+01
   1.2254080e+06   2.7526855e+01
   1.2254570e+06   2.3681641e+01
   1.2254730e+06   2.9235840e+01
   1.2255090e+06   2.5878906e+01
   1.2255470e+06   2.7099609e+01
   1.2256440e+06   2.6916504e+01
   1.2291520e+06   3.3752441e+01
   1.2292100e+06   2.5512695e+01
   1.2292330e+06   2.3254395e+01
   1.2292790e+06   2.6489258e+01
   1.2293000e+06   2.4353027e+01
   1.2293320e+06   2.9174805e+01
   1.2293610e+06   2.6855469e+01
   1.2294180e+06   2.7099609e+01
   1.2294680e+06   2.4597168e+01
   1.2295960e+06   2.3742676e+01
   1.2339350e+06   2.7770996e+01
   1.2339900e+06   3.3081055e+01
   1.2340250e+06   2.9052734e+01
   1.2340530e+06   2.4719238e+01
   1.2340860e+06   2.9174805e+01
   1.2341650e+06   2.8930664e+01
   1.2342550e+06   2.5451660e+01
   1.2343070e+06   2.4291992e+01
   1.2344000e+06   2.7832031e+01
   1.2390390e+06   2.8015137e+01
   1.2390790e+06   2.4658203e+01
   1.2391000e+06   2.6428223e+01
   1.2391400e+06   2.6489258e+01
   1.2391560e+06   3.4851074e+01
   1.2391930e+06   2.5573730e+01
   1.2392090e+06   2.3193359e+01
   1.2392450e+06   2.9052734e+01
   1.2393030e+06   2.4597168e+01
   1.2393460e+06   2.4353027e+01
   1.2445370e+06   3.1860352e+01
   1.2445930e+06   2.9479980e+01
   1.2446250e+06   2.4597168e+01
   1.2446520e+06   2.6123047e+01
   1.2446810e+06   2.3681641e+01
   1.2447250e+06   2.6123047e+01
   1.2447480e+06   2.3071289e+01
   1.2447960e+06   3.0761719e+01
   1.2448710e+06   2.3071289e+01
   1.2506740e+06   3.3752441e+01
   1.2507090e+06   2.6000977e+01
   1.2507370e+06   2.9846191e+01
   1.2508150e+06   2.6733398e+01
   1.2508440e+06   2.9785156e+01
   1.2509410e+06   2.9602051e+01
   1.2510080e+06   2.9663086e+01
   1.2511590e+06   2.5756836e+01
   1.2580390e+06   2.3620605e+01
   1.2580690e+06   2.9602051e+01
   1.2580920e+06   2.5634766e+01
   1.2581060e+06   2.2705078e+01
   1.2581390e+06   2.7343750e+01
   1.2581570e+06   2.9357910e+01
   1.2582160e+06   2.5329590e+01
   1.2582560e+06   2.3681641e+01
   1.2582880e+06   2.6550293e+01
   1.2583290e+06   2.5756836e+01
   1.2584630e+06   2.6672363e+01
   1.2586130e+06   2.4719238e+01
   1.2658240e+06   3.4606934e+01
   1.2658720e+06   2.5268555e+01
   1.2658910e+06   2.5390625e+01
   1.2659460e+06   2.3498535e+01
   1.2659740e+06   3.0029297e+01
   1.2659850e+06   2.9541016e+01
   1.2660180e+06   2.5390625e+01
   1.2660610e+06   2.4291992e+01
   1.2661070e+06   3.0334473e+01
   1.2661350e+06   2.4475098e+01
   1.2661980e+06   2.6733398e+01
   1.2662990e+06   2.4108887e+01
   1.2732070e+06   3.4545898e+01
   1.2732470e+06   2.9907227e+01
   1.2732700e+06   2.9968262e+01
   1.2733040e+06   2.9235840e+01
   1.2733440e+06   2.8259277e+01
   1.2733810e+06   2.7587891e+01
   1.2734120e+06   3.1066895e+01
   1.2734690e+06   2.2705078e+01
   1.2735420e+06   2.3864746e+01
   1.2735980e+06   3.1982422e+01
   1.2736610e+06   2.4963379e+01
   1.2737620e+06   2.5939941e+01
   1.2805620e+06   3.0822754e+01
   1.2805920e+06   2.2949219e+01
   1.2806150e+06   2.3254395e+01
   1.2806470e+06   2.5878906e+01
   1.2806660e+06   2.2949219e+01
   1.2806860e+06   2.6184082e+01
   1.2807640e+06   2.2888184e+01
   1.2809850e+06   2.7282715e+01
   1.2810670e+06   2.8686523e+01
   1.2812620e+06   2.3803711e+01
   1.2877890e+06   2.6000977e+01
   1.2878310e+06   2.5573730e+01
   1.2878920e+06   2.2705078e+01
   1.2879910e+06   2.6000977e+01
   1.2880120e+06   2.3315430e+01
   1.2881770e+06   2.3376465e+01
   1.2882100e+06   2.5268555e+01
   1.2886070e+06   2.7465820e+01
   1.2946250e+06   2.4047852e+01
   1.2946550e+06   2.3742676e+01
   1.2946900e+06   2.6489258e+01
   1.2947340e+06   2.3681641e+01
   1.2947580e+06   2.3925781e+01
   1.2948010e+06   2.5939941e+01
   1.2948490e+06   3.0395508e+01
   1.2949250e+06   2.6611328e+01
   1.2950210e+06   2.3437500e+01
   1.2950680e+06   2.3559570e+01
   1.2951230e+06   3.3935547e+01
   1.2952330e+06   2.6000977e+01
   1.2953700e+06   2.6489258e+01
   1.3024440e+06   3.0822754e+01
   1.3024990e+06   3.0151367e+01
   1.3025230e+06   3.5217285e+01
   1.3025430e+06   2.3925781e+01
   1.3025710e+06   2.3254395e+01
   1.3026140e+06   2.3559570e+01
   1.3027600e+06   2.3925781e+01
   1.3028200e+06   2.4414062e+01
   1.3031310e+06   2.5390625e+01
   1.3112170e+06   3.1311035e+01
   1.3112720e+06   3.2531738e+01
   1.3112940e+06   2.6367188e+01
   1.3113110e+06   2.3803711e+01
   1.3113520e+06   2.8808594e+01
   1.3113820e+06   2.9541016e+01
   1.3114060e+06   2.5756836e+01
   1.3115730e+06   2.3437500e+01
   1.3117360e+06   2.3132324e+01
   1.3118840e+06   2.8259277e+01
   1.3119950e+06   2.4963379e+01
   1.3199490e+06   2.7465820e+01
   1.3199930e+06   2.7160645e+01
   1.3200230e+06   2.5634766e+01
   1.3200540e+06   3.3508301e+01
   1.3200840e+06   3.0212402e+01
   1.3201040e+06   2.9174805e+01
   1.3201650e+06   2.3010254e+01
   1.3201910e+06   2.4475098e+01
   1.3202180e+06   2.3986816e+01
   1.3203430e+06   2.2705078e+01
   1.3295650e+06   3.1311035e+01
   1.3296190e+06   2.5146484e+01
   1.3296440e+06   2.4414062e+01
   1.3296940e+06   2.5146484e+01
   1.3297130e+06   3.0334473e+01
   1.3297610e+06   2.2766113e+01
   1.3297860e+06   2.6062012e+01
   1.3298320e+06   2.7954102e+01
   1.3301080e+06   2.2888184e+01
   1.3302000e+06   2.8747559e+01
   1.3303310e+06   2.9357910e+01
   1.3387540e+06   3.8208008e+01
   1.3388300e+06   3.1616211e+01
   1.3388860e+06   2.4536133e+01
   1.3389150e+06   2.5268555e+01
   1.3389540e+06   2.3986816e+01
   1.3389810e+06   2.7709961e+01
   1.3389960e+06   3.1677246e+01
   1.3391920e+06   2.8137207e+01
   1.3392530e+06   2.8564453e+01
   1.3393620e+06   2.2888184e+01
   1.3394720e+06   2.3986816e+01
   1.3395810e+06   2.3864746e+01
   1.3479720e+06   2.6489258e+01
   1.3480150e+06   2.6184082e+01
   1.3480590e+06   2.9174805e+01
   1.3480960e+06   2.2766113e+01
   1.3481200e+06   3.1127930e+01
   1.3481580e+06   3.0151367e+01
   1.3482030e+06   2.4108887e+01
   1.3482950e+06   2.3010254e+01
   1.3484080e+06   2.2766113e+01
   1.3485600e+06   2.3254395e+01
   1.3591440e+06   2.5146484e+01
   1.3591790e+06   2.4047852e+01
   1.3592000e+06   2.2888184e+01
   1.3592160e+06   3.0700684e+01
   1.3592320e+06   2.4353027e+01
   1.3593240e+06   2.5207520e+01
   1.3593550e+06   2.5634766e+01
   1.3593740e+06   2.3437500e+01
   1.3596380e+06   2.4230957e+01
   1.3599630e+06   2.5451660e+01
   1.3685700e+06   3.4545898e+01
   1.3686210e+06   2.6245117e+01
   1.3686530e+06   3.7841797e+01
   1.3687100e+06   2.2705078e+01
   1.3687370e+06   2.5512695e+01
   1.3688320e+06   2.5451660e+01
   1.3688650e+06   2.6184082e+01
   1.3689950e+06   2.2766113e+01
   1.3690710e+06   2.4963379e+01
   1.3691370e+06   2.4963379e+01
   1.3693380e+06   2.5756836e+01
   1.3794060e+06   3.2104492e+01
   1.3794360e+06   3.0334473e+01
   1.3794600e+06   2.4230957e+01
   1.3794750e+06   2.3681641e+01
   1.3795200e+06   2.7526855e+01
   1.3795590e+06   3.2775879e+01
   1.3795970e+06   2.3986816e+01
   1.3796420e+06   2.3864746e+01
   1.3796590e+06   2.6428223e+01
   1.3796800e+06   2.5390625e+01
   1.3797330e+06   2.3742676e+01
   1.3798330e+06   2.5085449e+01
   1.3802470e+06   2.4780273e+01
   1.3890130e+06   2.7343750e+01
   1.3890630e+06   2.6245117e+01
   1.3890930e+06   2.7587891e+01
   1.3891480e+06   2.3132324e+01
   1.3891590e+06   2.3132324e+01
   1.3892900e+06   2.7038574e+01
   1.3893580e+06   2.5268555e+01
   1.3895300e+06   2.3925781e+01
   1.3895970e+06   2.4658203e+01
   1.3993910e+06   3.1066895e+01
   1.3994200e+06   2.6367188e+01
   1.3994470e+06   3.4851074e+01
   1.3994730e+06   2.2766113e+01
   1.3995040e+06   2.3437500e+01
   1.3995370e+06   2.8015137e+01
   1.3995840e+06   2.9357910e+01
   1.3996260e+06   2.3498535e+01
   1.3997860e+06   2.4902344e+01
   1.3999280e+06   3.0090332e+01
   1.4098360e+06   2.7404785e+01
   1.4098770e+06   2.5207520e+01
   1.4098950e+06   2.5756836e+01
   1.4099320e+06   3.1799316e+01
   1.4099480e+06   2.2827148e+01
   1.4099690e+06   3.3203125e+01
   1.4100920e+06   2.3681641e+01
   1.4101310e+06   2.6611328e+01
   1.4102240e+06   2.9296875e+01
   1.4103040e+06   2.3681641e+01
   1.4105720e+06   2.3498535e+01
   1.4221530e+06   3.4851074e+01
   1.4221900e+06   2.9296875e+01
   1.4222090e+06   2.2949219e+01
   1.4222250e+06   2.3620605e+01
   1.4222720e+06   2.3864746e+01
   1.4223190e+06   2.8259277e+01
   1.4225370e+06   2.8747559e+01
   1.4225700e+06   2.4169922e+01
   1.4226260e+06   2.3620605e+01
   1.4227640e+06   2.5207520e+01
   1.4228830e+06   2.3498535e+01
   1.4330090e+06   3.0517578e+01
   1.4330460e+06   3.3630371e+01
   1.4330940e+06   2.3986816e+01
   1.4331130e+06   2.3315430e+01
   1.4331510e+06   2.6977539e+01
   1.4334310e+06   2.9052734e+01
   1.4334780e+06   2.7221680e+01
   1.4335740e+06   2.3437500e+01
   1.4337380e+06   2.3986816e+01
   1.4447360e+06   3.1372070e+01
   1.4447750e+06   2.7221680e+01
   1.4448480e+06   2.2827148e+01
   1.4449570e+06   2.7099609e+01
   1.4450790e+06   2.5207520e+01
   1.4451750e+06   2.9907227e+01
   1.4454110e+06   2.3254395e+01
   1.4577340e+06   2.9602051e+01
   1.4577680e+06   3.0090332e+01
   1.4577840e+06   2.3071289e+01
   1.4578090e+06   2.3681641e+01
   1.4578730e+06   2.5207520e+01
   1.4579090e+06   2.2705078e+01
   1.4583590e+06   2.7893066e+01
   1.4584820e+06   2.3254395e+01
   1.4697740e+06   3.2592773e+01
   1.4698130e+06   2.6062012e+01
   1.4698260e+06   2.3254395e+01
   1.4698550e+06   2.4719238e+01
   1.4698740e+06   2.4536133e+01
   1.4699160e+06   2.5573730e+01
   1.4699320e+06   2.5451660e+01
   1.4699560e+06   2.3010254e+01
   1.4704870e+06   2.3864746e+01
   1.4707240e+06   2.4536133e+01
   1.4806870e+06   3.8269043e+01
   1.4807800e+06   3.1982422e+01
   1.4808570e+06   3.5400391e+01
   1.4809070e+06   2.5634766e+01
   1.4809220e+06   2.3925781e+01
   1.4809780e+06   2.3498535e+01
   1.4810020e+06   2.3864746e+01
   1.4810310e+06   2.3742676e+01
   1.4812480e+06   2.7343750e+01
   1.4813110e+06   2.8320312e+01
   1.4815560e+06   2.6306152e+01
   1.4898080e+06   3.5461426e+01
   1.4898600e+06   3.3203125e+01
   1.4898830e+06   2.4780273e+01
   1.4899370e+06   2.5024414e+01
   1.4899560e+06   2.7770996e+01
   1.4899750e+06   2.5390625e+01
   1.4899880e+06   2.2888184e+01
   1.4900200e+06   2.4414062e+01
   1.4900680e+06   2.4719238e+01
   1.4900930e+06   2.4536133e+01
   1.4901910e+06   2.3681641e+01
   1.4902980e+06   2.3071289e+01
   1.4975960e+06   2.6306152e+01
   1.4976570e+06   3.2531738e+01
   1.4977050e+06   2.5024414e+01
   1.4977360e+06   2.4353027e+01
   1.4977760e+06   2.7282715e+01
   1.4978150e+06   2.6184082e+01
   1.4978660e+06   3.3447266e+01
   1.4978950e+06   2.3742676e+01
   1.4979530e+06   2.4230957e+01
   1.4979930e+06   2.2888184e+01
   1.4980240e+06   2.2827148e+01
   1.4980630e+06   2.5329590e+01
   1.5118540e+06   3.6315918e+01
   1.5119210e+06   2.3742676e+01
   1.5119430e+06   3.1127930e+01
   1.5119610e+06   3.2897949e+01
   1.5120040e+06   2.6550293e+01
   1.5120260e+06   2.2766113e+01
   1.5120610e+06   2.4780273e+01
   1.5121070e+06   2.6977539e+01
   1.5121480e+06   2.3315430e+01
   1.5122090e+06   2.2949219e+01
   1.5122420e+06   2.5573730e+01
   1.5123630e+06   2.3254395e+01
   1.5264130e+06   3.9306641e+01
   1.5264610e+06   2.4780273e+01
   1.5264970e+06   2.4963379e+01
   1.5265230e+06   2.4230957e+01
   1.5265380e+06   2.4475098e+01
   1.5265710e+06   3.8146973e+01
   1.5266040e+06   2.8564453e+01
   1.5267360e+06   2.3376465e+01
   1.5373880e+06   2.8503418e+01
   1.5374380e+06   2.8808594e+01
   1.5374660e+06   3.1127930e+01
   1.5374920e+06   2.4719238e+01
   1.5375090e+06   2.4841309e+01
   1.5375210e+06   3.2653809e+01
   1.5375460e+06   2.4047852e+01
   1.5375650e+06   2.7160645e+01
   1.5376010e+06   2.4230957e+01
   1.5376370e+06   2.9846191e+01
   1.5376600e+06   2.4536133e+01
   1.5377360e+06   2.8198242e+01
   1.5378200e+06   2.6306152e+01
   1.5378570e+06   2.8198242e+01
   1.5379290e+06   3.1188965e+01
   1.5381720e+06   2.5390625e+01
   1.5463080e+06   3.7048340e+01
   1.5463660e+06   2.9724121e+01
   1.5464080e+06   2.4414062e+01
   1.5464470e+06   2.7648926e+01
   1.5464710e+06   2.6794434e+01
   1.5465240e+06   3.3081055e+01
   1.5465540e+06   2.4291992e+01
   1.5465800e+06   2.2827148e+01
   1.5466360e+06   2.2705078e+01
   1.5466780e+06   2.6123047e+01
   1.5573700e+06   3.4790039e+01
   1.5574160e+06   2.4963379e+01
   1.5574410e+06   3.6804199e+01
   1.5574600e+06   2.4108887e+01
   1.5575030e+06   2.3620605e+01
   1.5575620e+06   2.5634766e+01
   1.5576410e+06   2.3437500e+01
   1.5576680e+06   2.2827148e+01
   1.5577400e+06   2.3681641e+01
   1.5578070e+06   2.4597168e+01
   1.5578700e+06   2.7038574e+01
   1.5580430e+06   2.7343750e+01
   1.5700320e+06   2.7526855e+01
   1.5700720e+06   3.0395508e+01
   1.5701150e+06   2.2766113e+01
   1.5701460e+06   3.3996582e+01
   1.5701590e+06   2.4902344e+01
   1.5701770e+06   2.8808594e+01
   1.5701900e+06   2.4169922e+01
   1.5702840e+06   2.7587891e+01
   1.5703040e+06   2.3010254e+01
   1.5704370e+06   2.3010254e+01
   1.5704990e+06   2.8137207e+01
   1.5836630e+06   2.7526855e+01
   1.5837160e+06   2.6184082e+01
   1.5837440e+06   2.3193359e+01
   1.5837720e+06   2.7465820e+01
   1.5837870e+06   2.5146484e+01
   1.5839670e+06   2.3925781e+01
   1.5840200e+06   2.3376465e+01
   1.5843320e+06   2.4291992e+01
   1.5983130e+06   2.6123047e+01
   1.5983590e+06   3.3874512e+01
   1.5983860e+06   2.6550293e+01
   1.5984120e+06   2.7160645e+01
   1.5984920e+06   2.4536133e+01
   1.5991280e+06   2.3803711e+01
   1.6182110e+06   2.8015137e+01
   1.6182720e+06   2.5817871e+01
   1.6182950e+06   2.9846191e+01
   1.6183070e+06   2.7465820e+01
   1.6183310e+06   2.6000977e+01
   1.6183650e+06   3.1372070e+01
   1.6184040e+06   2.7282715e+01
   1.6184210e+06   2.8076172e+01
   1.6184510e+06   2.3681641e+01
   1.6185450e+06   2.9846191e+01
   1.6187110e+06   2.7526855e+01
   1.6187690e+06   2.3132324e+01
   1.6188150e+06   3.0151367e+01
   1.6189280e+06   2.5024414e+01
   1.6460060e+06   3.7231445e+01
   1.6460730e+06   2.7343750e+01
   1.6461110e+06   2.9907227e+01
   1.6461390e+06   2.9052734e+01
   1.6461540e+06   2.7099609e+01
   1.6462250e+06   2.7160645e+01
   1.6462570e+06   3.3386230e+01
   1.6463110e+06   2.5451660e+01
   1.6463410e+06   2.5634766e+01
   1.6465850e+06   2.8808594e+01
   1.7897410e+06   3.1127930e+01
   1.8022400e+06   3.6010742e+01
   1.8312060e+06   3.3020020e+01
   1.8344930e+06   2.5451660e+01
   1.8508050e+06   3.4729004e+01
   1.8596780e+06   2.9052734e+01
   1.8681070e+06   3.2653809e+01
   1.8783620e+06   3.7353516e+01
   1.8854810e+06   3.5095215e+01
   1.8879820e+06   3.1433105e+01
   1.8964240e+06   3.2409668e+01
   1.9119400e+06   3.1860352e+01
   1.9181950e+06   3.0273438e+01
   1.9234270e+06   2.7282715e+01
   1.9285540e+06   2.7465820e+01
   1.9383380e+06   2.3864746e+01
   1.9456300e+06   2.8015137e+01
   1.9591150e+06   3.2226562e+01
   1.9609280e+06   2.8015137e+01
   1.9639420e+06   3.2104492e+01
   1.9648330e+06   2.9052734e+01
   1.9652930e+06   3.2043457e+01
   1.9785960e+06   3.4667969e+01
   1.9939810e+06   3.3142090e+01
   1.9983950e+06   3.4667969e+01
   2.0014770e+06   2.5756836e+01
   2.0070720e+06   3.1250000e+01
   2.0110120e+06   2.5573730e+01
   2.0135250e+06   2.8320313e+01
   2.0145990e+06   2.7648926e+01
   2.0173270e+06   2.8259277e+01
   2.0186950e+06   3.2287598e+01
   2.0219740e+06   3.4301758e+01
   2.0256010e+06   2.9113770e+01
   2.0324890e+06   3.4179688e+01
   2.0331480e+06   2.8564453e+01
   2.0397860e+06   2.7038574e+01
   2.0406090e+06   3.8452148e+01
   2.0442540e+06   2.8625488e+01
   2.0504070e+06   2.6550293e+01
   2.0520380e+06   2.8869629e+01
   2.0538150e+06   3.4057617e+01
   2.0571190e+06   2.9968262e+01
   2.0638320e+06   2.6672363e+01
   2.0678100e+06   3.3142090e+01
   2.0798440e+06   3.3752441e+01
   2.0841440e+06   3.3447266e+01
   2.0880250e+06   2.9541016e+01
   2.0984610e+06   3.0151367e+01
   2.1039510e+06   3.1494141e+01
   2.1098590e+06   3.7231445e+01
   2.1169360e+06   2.8747559e+01
   2.1179400e+06   2.9724121e+01
   2.1213990e+06   3.2531738e+01
   2.1218080e+06   3.0029297e+01
   2.1221670e+06   2.9724121e+01
   2.1222980e+06   3.1433105e+01
   2.1226490e+06   2.7770996e+01
   2.1231550e+06   2.5024414e+01
   2.1240820e+06   2.4047852e+01
   2.1242980e+06   2.5634766e+01
   2.1245340e+06   2.8625488e+01
   2.1247830e+06   2.4047852e+01
   2.1250310e+06   2.5878906e+01
   2.1292800e+06   2.8930664e+01
   2.1324830e+06   3.0029297e+01
   2.1367860e+06   3.0822754e+01
   2.1407810e+06   2.7038574e+01
   2.1425030e+06   2.8808594e+01
   2.1450400e+06   3.5522461e+01
   2.1473060e+06   3.0456543e+01
   2.1496230e+06   2.7587891e+01
   2.1523770e+06   2.8503418e+01
   2.1546600e+06   2.5695801e+01
   2.1565320e+06   3.4484863e+01
   2.1597880e+06   3.1066895e+01
   2.1627100e+06   3.3203125e+01
   2.1691840e+06   3.3691406e+01
   2.1702530e+06   2.4291992e+01
   2.1732910e+06   3.0090332e+01
   2.1764310e+06   3.7292480e+01
   2.1815070e+06   3.4362793e+01
   2.1836840e+06   3.6560059e+01
   2.1859090e+06   3.4179688e+01
   2.1867960e+06   2.8137207e+01
   2.1878430e+06   3.2287598e+01
   2.1896360e+06   2.9907227e+01
   2.1930830e+06   3.3386230e+01
   2.1961790e+06   3.4545898e+01
   2.1980320e+06   2.8503418e+01
   2.2005600e+06   3.7292480e+01
   2.2136750e+06   3.3508301e+01
   2.2242770e+06   3.7231445e+01
   2.2251390e+06   3.1616211e+01
   2.2259750e+06   3.1188965e+01
   2.2261320e+06   3.3569336e+01
   2.2262050e+06   2.7954102e+01
   2.2265740e+06   2.8686523e+01
   2.2266600e+06   2.4597168e+01
   2.2267750e+06   2.5512695e+01
   2.2268650e+06   3.1005859e+01
   2.2270060e+06   2.3010254e+01
   2.2271260e+06   2.6611328e+01
   2.2272460e+06   2.8503418e+01
   2.2273470e+06   2.4719238e+01
   2.2274510e+06   2.6916504e+01
   2.2277100e+06   2.8259277e+01
   2.2278240e+06   2.4047852e+01
   2.2280790e+06   2.5573730e+01
   2.2327800e+06   2.9113770e+01
   2.2375780e+06   2.8564453e+01
   2.2383330e+06   3.6621094e+01
   2.2423300e+06   3.2775879e+01
   2.2431010e+06   3.1127930e+01
   2.2482180e+06   3.3996582e+01
   2.2498350e+06   3.0883789e+01
   2.2553820e+06   3.1188965e+01
   2.2652110e+06   3.5278320e+01
   2.2678210e+06   3.5583496e+01
   2.2705880e+06   3.2531738e+01
   2.2750130e+06   3.0212402e+01
   2.2795060e+06   2.9724121e+01
   2.2812810e+06   2.6794434e+01
   2.2823640e+06   3.0639648e+01
   2.2844150e+06   3.1738281e+01
   2.2844870e+06   2.7160645e+01
   2.2845470e+06   2.7282715e+01
   2.2846300e+06   3.0212402e+01
   2.2847780e+06   3.0334473e+01
   2.2848600e+06   2.6672363e+01
   2.2849710e+06   3.3752441e+01
   2.2851820e+06   2.9724121e+01
   2.2852500e+06   2.3254395e+01
   2.2853710e+06   2.8686523e+01
   2.2854520e+06   2.3315430e+01
   2.2855210e+06   2.3986816e+01
   2.2856320e+06   2.7160645e+01
   2.2857600e+06   2.4230957e+01
   2.2923890e+06   3.5400391e+01
   2.3000310e+06   2.8930664e+01
   2.3038890e+06   2.8198242e+01
   2.3063660e+06   3.0517578e+01
   2.3082540e+06   3.6621094e+01
   2.3116520e+06   3.1555176e+01
   2.3146800e+06   3.6071777e+01
   2.3148260e+06   3.2836914e+01
   2.3149240e+06   2.9418945e+01
   2.3150140e+06   3.6743164e+01
   2.3151640e+06   3.0334473e+01
   2.3152390e+06   2.7343750e+01
   2.3154250e+06   3.0212402e+01
   2.3155190e+06   2.6489258e+01
   2.3156080e+06   2.6977539e+01
   2.3156950e+06   2.2949219e+01
   2.3233200e+06   3.2775879e+01
   2.3307380e+06   3.5522461e+01
   2.3308520e+06   3.5583496e+01
   2.3308890e+06   2.5695801e+01
   2.3309260e+06   2.8259277e+01
   2.3309690e+06   2.4658203e+01
   2.3310340e+06   2.9968262e+01
   2.3311800e+06   2.9968262e+01
   2.3313720e+06   3.4423828e+01
   2.3314770e+06   2.9052734e+01
   2.3317220e+06   2.7404785e+01
   2.3468210e+06   3.0151367e+01
   2.3512710e+06   3.7353516e+01
   2.3534050e+06   2.8991699e+01
   2.3576590e+06   3.1433105e+01
   2.3625440e+06   3.3081055e+01
   2.3626230e+06   3.1921387e+01
   2.3626630e+06   3.8024902e+01
   2.3627090e+06   2.2888184e+01
   2.3628010e+06   2.4536133e+01
   2.3628660e+06   2.8625488e+01
   2.3629020e+06   2.8442383e+01
   2.3630520e+06   2.6245117e+01
   2.3631710e+06   2.4658203e+01
   2.3632720e+06   2.8015137e+01
   2.3633920e+06   3.2531738e+01
   2.3635230e+06   2.9968262e+01
   2.3728520e+06   2.7526855e+01
   2.3747910e+06   2.5817871e+01
   2.3859330e+06   2.9968262e+01
   2.3886430e+06   2.8686523e+01
   2.3895860e+06   3.5034180e+01
   2.3926740e+06   2.9602051e+01
   2.3972670e+06   3.5705566e+01
   2.3984920e+06   3.3752441e+01
   2.4017520e+06   4.1198730e+01
   2.4028870e+06   3.1005859e+01
   2.4042160e+06   3.0517578e+01
   2.4059280e+06   2.5878906e+01
   2.4076700e+06   2.3742676e+01
   2.4077140e+06   2.5085449e+01
   2.4077510e+06   2.9602051e+01
   2.4077830e+06   3.3813477e+01
   2.4078270e+06   2.6733398e+01
   2.4079040e+06   3.1738281e+01
   2.4080450e+06   2.7221680e+01
   2.4081990e+06   2.5939941e+01
   2.4082880e+06   2.6306152e+01
   2.4083530e+06   2.9235840e+01
   2.4084790e+06   3.0334473e+01
   2.4086150e+06   2.5512695e+01
   2.4086710e+06   2.6611328e+01
   2.4089980e+06   2.8625488e+01
   2.4148680e+06   3.1799316e+01
   2.4234270e+06   3.6926270e+01
   2.4246810e+06   3.2104492e+01
   2.4291320e+06   2.5024414e+01
   2.4314650e+06   3.0334473e+01
   2.4336650e+06   2.8991699e+01
   2.4360550e+06   3.0090332e+01
   2.4397250e+06   3.1433105e+01
   2.4429650e+06   2.9968262e+01
   2.4440120e+06   3.2043457e+01
   2.4440510e+06   2.9907227e+01
   2.4440870e+06   3.0212402e+01
   2.4441740e+06   2.7160645e+01
   2.4442620e+06   2.2705078e+01
   2.4443040e+06   3.0334473e+01
   2.4444280e+06   2.3986816e+01
   2.4445090e+06   2.7160645e+01
   2.4446330e+06   2.6794434e+01
   2.4447430e+06   2.4963379e+01
   2.4518990e+06   2.8381348e+01
   2.4572510e+06   3.8208008e+01
   2.4612530e+06   2.6184082e+01
   2.4654040e+06   3.2165527e+01
   2.4657920e+06   2.6672363e+01
   2.4699840e+06   3.1127930e+01
   2.4708080e+06   3.4667969e+01
   2.4716860e+06   3.1860352e+01
   2.4736680e+06   2.7832031e+01
   2.4737880e+06   2.5451660e+01
   2.4738720e+06   2.9296875e+01
   2.4739010e+06   2.5085449e+01
   2.4739620e+06   3.1799316e+01
   2.4740070e+06   2.5512695e+01
   2.4740750e+06   2.4902344e+01
   2.4743520e+06   3.1433105e+01
   2.4744960e+06   2.9052734e+01
   2.4747220e+06   2.7832031e+01
   2.4883540e+06   3.0822754e+01
   2.4907760e+06   3.1494141e+01
   2.4908780e+06   2.8198242e+01
   2.4909120e+06   2.5329590e+01
   2.4909880e+06   2.9541016e+01
   2.4910210e+06   2.9235840e+01
   2.4910450e+06   2.4902344e+01
   2.4910810e+06   3.0822754e+01
   2.4911560e+06   2.9907227e+01
   2.4912280e+06   2.6672363e+01
   2.4912690e+06   2.6184082e+01
   2.4914600e+06   2.9296875e+01
   2.4916450e+06   2.8625488e+01
   2.5023650e+06   3.3203125e+01
   2.5044960e+06   3.5949707e+01
   2.5049000e+06   2.6916504e+01
   2.5049650e+06   2.6794434e+01
   2.5050930e+06   2.9235840e+01
   2.5051470e+06   3.8818359e+01
   2.5051850e+06   2.3803711e+01
   2.5052130e+06   2.3315430e+01
   2.5052740e+06   2.3132324e+01
   2.5052840e+06   2.7099609e+01
   2.5053470e+06   2.5451660e+01
   2.5059370e+06   3.0029297e+01
   2.5173640e+06   3.8024902e+01
   2.5174340e+06   3.1494141e+01
   2.5175420e+06   2.6062012e+01
   2.5175860e+06   2.7160645e+01
   2.5177060e+06   3.2653809e+01
   2.5177520e+06   3.1738281e+01
   2.5178360e+06   3.0029297e+01
   2.5235820e+06   3.2592773e+01
   2.5242830e+06   3.0944824e+01
   2.5257800e+06   3.0578613e+01
   2.5261800e+06   2.7587891e+01
   2.5262290e+06   3.3386230e+01
   2.5262790e+06   3.5217285e+01
   2.5263100e+06   2.2888184e+01
   2.5263650e+06   2.7343750e+01
   2.5264220e+06   2.4963379e+01
   2.5264840e+06   2.3071289e+01
   2.5266160e+06   3.1860352e+01
   2.5310310e+06   3.0334473e+01
   2.5316090e+06   3.5827637e+01
   2.5326900e+06   2.3193359e+01
   2.5361370e+06   3.1738281e+01
   2.5365920e+06   3.0578613e+01
   2.5366420e+06   2.8137207e+01
   2.5366530e+06   2.7221680e+01
   2.5366850e+06   2.8320312e+01
   2.5367200e+06   2.6611328e+01
   2.5367390e+06   2.3376465e+01
   2.5368160e+06   2.6184082e+01
   2.5369080e+06   2.8747559e+01
   2.5370230e+06   2.7587891e+01
   2.5412390e+06   2.8442383e+01
   2.5424270e+06   3.1433105e+01
   2.5426950e+06   3.4790039e+01
   2.5441030e+06   3.2043457e+01
   2.5441560e+06   2.9113770e+01
   2.5442240e+06   2.5451660e+01
   2.5443130e+06   3.4606934e+01
   2.5443500e+06   2.4780273e+01
   2.5466450e+06   3.1677246e+01
   2.5470380e+06   3.1188965e+01
   2.5476370e+06   3.2958984e+01
   2.5490740e+06   2.9968262e+01
   2.5492190e+06   3.2531738e+01
   2.5492670e+06   3.3630371e+01
   2.5493170e+06   2.2888184e+01
   2.5493520e+06   2.3254395e+01
   2.5494660e+06   2.2888184e+01
   2.5495120e+06   2.5390625e+01
   2.5495630e+06   3.2165527e+01
   2.5540740e+06   2.7343750e+01
   2.5547750e+06   3.1799316e+01
   2.5569790e+06   3.2104492e+01
   2.5570270e+06   2.9663086e+01
   2.5570640e+06   2.3681641e+01
   2.5570920e+06   2.9846191e+01
   2.5571140e+06   2.6855469e+01
   2.5571710e+06   2.4291992e+01
   2.5571990e+06   3.1188965e+01
   2.5572640e+06   2.3498535e+01
   2.5573560e+06   2.5451660e+01
   2.5574350e+06   2.6428223e+01
   2.5624890e+06   3.1188965e+01
   2.5627060e+06   3.1005859e+01
   2.5627880e+06   2.7099609e+01
   2.5628890e+06   3.2409668e+01
   2.5645800e+06   3.1799316e+01
   2.5646480e+06   3.5522461e+01
   2.5646980e+06   2.5512695e+01
   2.5647370e+06   2.4902344e+01
   2.5647910e+06   2.6123047e+01
   2.5648370e+06   2.3254395e+01
   2.5648950e+06   2.7404785e+01
   2.5649480e+06   2.6672363e+01
   2.5683330e+06   2.8320313e+01
   2.5684260e+06   2.3986816e+01
   2.5685040e+06   3.9367676e+01
   2.5685520e+06   2.8381348e+01
   2.5685970e+06   2.6245117e+01
   2.5686940e+06   2.6123047e+01
   2.5715700e+06   3.3142090e+01
   2.5716040e+06   2.4230957e+01
   2.5716410e+06   3.1127930e+01
   2.5716590e+06   3.1860352e+01
   2.5717000e+06   2.8320312e+01
   2.5717210e+06   2.3681641e+01
   2.5717450e+06   2.3498535e+01
   2.5717930e+06   2.6916504e+01
   2.5718630e+06   2.7099609e+01
   2.5719610e+06   2.6794434e+01
   2.5763890e+06   3.4362793e+01
   2.5769410e+06   3.1005859e+01
   2.5771280e+06   2.7038574e+01
   2.5792380e+06   2.5939941e+01
   2.5792890e+06   3.0456543e+01
   2.5793280e+06   2.4536133e+01
   2.5793470e+06   2.6306152e+01
   2.5793740e+06   2.5634766e+01
   2.5794110e+06   2.5695801e+01
   2.5794720e+06   2.5756836e+01
   2.5794930e+06   2.4230957e+01
   2.5795840e+06   3.0212402e+01
   2.5796400e+06   2.7526855e+01
   2.5798000e+06   2.3864746e+01
   2.5845190e+06   2.5085449e+01
   2.5847390e+06   2.9357910e+01
   2.5849340e+06   2.8747559e+01
   2.5849790e+06   3.1127930e+01
   2.5850220e+06   2.7343750e+01
   2.5851800e+06   2.9602051e+01
   2.5873170e+06   2.9174805e+01
   2.5873490e+06   2.5329590e+01
   2.5873800e+06   2.6611328e+01
   2.5874040e+06   2.9296875e+01
   2.5874230e+06   2.2888184e+01
   2.5874970e+06   2.9052734e+01
   2.5875230e+06   2.7038574e+01
   2.5876680e+06   3.2043457e+01
   2.5923280e+06   3.3996582e+01
   2.5924750e+06   2.8869629e+01
   2.5926470e+06   2.6489258e+01
   2.5928860e+06   2.9785156e+01
   2.5944010e+06   3.5339355e+01
   2.5944430e+06   2.6733398e+01
   2.5945730e+06   2.5024414e+01
   2.5946630e+06   2.4169922e+01
   2.5947320e+06   3.0334473e+01
   2.5947950e+06   2.3803711e+01
   2.5990740e+06   2.7832031e+01
   2.5991710e+06   3.3630371e+01
   2.5994050e+06   3.2897949e+01
   2.5996440e+06   2.7404785e+01
   2.6012970e+06   3.6315918e+01
   2.6013460e+06   2.9418945e+01
   2.6013700e+06   2.2888184e+01
   2.6015400e+06   2.6245117e+01
   2.6015520e+06   2.4658203e+01
   2.6015840e+06   2.3437500e+01
   2.6016390e+06   2.3315430e+01
   2.6018010e+06   2.5878906e+01
   2.6063950e+06   3.3935547e+01
   2.6064970e+06   2.6306152e+01
   2.6065420e+06   2.8076172e+01
   2.6065780e+06   2.5085449e+01
   2.6066650e+06   2.3864746e+01
   2.6067160e+06   2.8442383e+01
   2.6088580e+06   2.8808594e+01
   2.6089550e+06   3.2226562e+01
   2.6090050e+06   2.2766113e+01
   2.6090330e+06   2.7465820e+01
   2.6090430e+06   2.3559570e+01
   2.6090830e+06   2.6123047e+01
   2.6091360e+06   2.3071289e+01
   2.6091500e+06   2.6489258e+01
   2.6094250e+06   2.4780273e+01
   2.6142690e+06   2.5146484e+01
   2.6143350e+06   2.8015137e+01
   2.6143730e+06   2.3193359e+01
   2.6144050e+06   2.9357910e+01
   2.6144360e+06   2.6977539e+01
   2.6144650e+06   2.5512695e+01
   2.6145170e+06   2.6916504e+01
   2.6145610e+06   2.3437500e+01
   2.6146210e+06   2.5878906e+01
   2.6147070e+06   2.5146484e+01
   2.6148140e+06   2.6672363e+01
   2.6191580e+06   3.1433105e+01
   2.6192250e+06   3.3813477e+01
   2.6192790e+06   2.8015137e+01
   2.6193150e+06   2.5756836e+01
   2.6193560e+06   2.4902344e+01
   2.6194520e+06   2.3742676e+01
   2.6195290e+06   2.6306152e+01
   2.6195750e+06   2.8808594e+01
   2.6196680e+06   2.7832031e+01
   2.6244520e+06   3.0273438e+01
   2.6244980e+06   3.1921387e+01
   2.6245180e+06   2.7954102e+01
   2.6245300e+06   2.6672363e+01
   2.6245730e+06   2.6123047e+01
   2.6245940e+06   2.3498535e+01
   2.6246500e+06   2.2827148e+01
   2.6246800e+06   2.7526855e+01
   2.6247160e+06   2.3681641e+01
   2.6248830e+06   2.7099609e+01
   2.6301970e+06   3.6315918e+01
   2.6302370e+06   2.6306152e+01
   2.6302680e+06   2.8808594e+01
   2.6302910e+06   3.0151367e+01
   2.6303150e+06   2.3193359e+01
   2.6303470e+06   2.7709961e+01
   2.6303910e+06   2.3437500e+01
   2.6304280e+06   2.3071289e+01
   2.6304600e+06   2.5634766e+01
   2.6305920e+06   2.2949219e+01
   2.6358870e+06   2.9663086e+01
   2.6361930e+06   2.4902344e+01
   2.6362480e+06   2.7832031e+01
   2.6362770e+06   2.6428223e+01
   2.6363280e+06   2.6245117e+01
   2.6363470e+06   2.5939941e+01
   2.6364350e+06   2.5939941e+01
   2.6364600e+06   2.5451660e+01
   2.6365070e+06   2.2827148e+01
   2.6422160e+06   2.9602051e+01
   2.6422500e+06   3.3447266e+01
   2.6422840e+06   2.8808594e+01
   2.6423020e+06   2.4291992e+01
   2.6423770e+06   2.7770996e+01
   2.6423990e+06   2.3620605e+01
   2.6424430e+06   2.3620605e+01
   2.6424690e+06   2.3132324e+01
   2.6425780e+06   2.4780273e+01
   2.6426360e+06   3.0944824e+01
   2.6427100e+06   2.5085449e+01
   2.6485790e+06   2.9479980e+01
   2.6486460e+06   2.4414062e+01
   2.6486810e+06   2.8320312e+01
   2.6487450e+06   2.5695801e+01
   2.6487680e+06   3.2226562e+01
   2.6487880e+06   3.0029297e+01
   2.6488040e+06   2.4719238e+01
   2.6488410e+06   2.8198242e+01
   2.6490030e+06   2.6794434e+01
   2.6491080e+06   2.9418945e+01
   2.6550710e+06   2.7038574e+01
   2.6551160e+06   2.7282715e+01
   2.6551500e+06   2.6184082e+01
   2.6551870e+06   2.9052734e+01
   2.6552660e+06   2.8198242e+01
   2.6552920e+06   2.6611328e+01
   2.6553590e+06   2.4169922e+01
   2.6553950e+06   2.8137207e+01
   2.6555430e+06   2.5817871e+01
   2.6559120e+06   2.3681641e+01
   2.6620010e+06   3.3142090e+01
   2.6620450e+06   2.7282715e+01
   2.6620800e+06   2.3986816e+01
   2.6621100e+06   2.5024414e+01
   2.6621630e+06   2.5268555e+01
   2.6622200e+06   2.3315430e+01
   2.6623940e+06   2.5451660e+01
   2.6625050e+06   2.6611328e+01
   2.6626320e+06   2.2827148e+01
   2.6627750e+06   2.5695801e+01
   2.6690190e+06   2.9907227e+01
   2.6690610e+06   2.9052734e+01
   2.6690790e+06   3.0700684e+01
   2.6691140e+06   2.5939941e+01
   2.6691550e+06   2.4291992e+01
   2.6691700e+06   2.3010254e+01
   2.6692060e+06   2.3803711e+01
   2.6692470e+06   2.8869629e+01
   2.6693120e+06   2.5451660e+01
   2.6694630e+06   2.4597168e+01
   2.6695340e+06   2.5939941e+01
   2.6696900e+06   2.3742676e+01
   2.6761250e+06   3.1494141e+01
   2.6761720e+06   2.4414062e+01
   2.6761920e+06   2.3193359e+01
   2.6762200e+06   2.5390625e+01
   2.6762300e+06   2.4536133e+01
   2.6762700e+06   2.6000977e+01
   2.6763160e+06   2.3864746e+01
   2.6763410e+06   2.3132324e+01
   2.6763640e+06   2.4963379e+01
   2.6764280e+06   2.2888184e+01
   2.6765940e+06   2.3742676e+01
   2.6767280e+06   2.6062012e+01
   2.6835940e+06   3.4118652e+01
   2.6836550e+06   2.7038574e+01
   2.6836730e+06   2.5207520e+01
   2.6837010e+06   2.3376465e+01
   2.6837350e+06   2.3193359e+01
   2.6837540e+06   2.3010254e+01
   2.6838810e+06   2.4902344e+01
   2.6841330e+06   2.6428223e+01
   2.6842620e+06   2.5756836e+01
   2.6920890e+06   3.2775879e+01
   2.6921370e+06   2.6062012e+01
   2.6921560e+06   3.2043457e+01
   2.6921770e+06   2.4719238e+01
   2.6922130e+06   2.6000977e+01
   2.6922500e+06   2.2705078e+01
   2.6922860e+06   2.4108887e+01
   2.6922990e+06   2.6000977e+01
   2.6924120e+06   2.5634766e+01
   2.6925940e+06   2.5634766e+01
   2.6926770e+06   2.6428223e+01
   2.7005300e+06   2.6000977e+01
   2.7005730e+06   3.2653809e+01
   2.7005860e+06   2.2827148e+01
   2.7006390e+06   2.3864746e+01
   2.7006610e+06   2.8442383e+01
   2.7006770e+06   2.8442383e+01
   2.7007210e+06   3.1677246e+01
   2.7007710e+06   2.3132324e+01
   2.7009570e+06   2.8747559e+01
   2.7012900e+06   2.5756836e+01
   2.7078430e+06   3.2470703e+01
   2.7078850e+06   2.8625488e+01
   2.7079100e+06   2.3864746e+01
   2.7079420e+06   2.7893066e+01
   2.7079540e+06   2.6550293e+01
   2.7080040e+06   2.3254395e+01
   2.7080510e+06   2.6611328e+01
   2.7080720e+06   3.6071777e+01
   2.7080980e+06   2.7160645e+01
   2.7081780e+06   2.7282715e+01
   2.7082470e+06   2.3742676e+01
   2.7170690e+06   3.4667969e+01
   2.7171100e+06   3.7597656e+01
   2.7171300e+06   2.8137207e+01
   2.7172110e+06   3.1311035e+01
   2.7172900e+06   2.5146484e+01
   2.7173200e+06   2.7526855e+01
   2.7173890e+06   2.5451660e+01
   2.7174250e+06   2.3864746e+01
   2.7175290e+06   2.5939941e+01
   2.7176620e+06   2.6184082e+01
   2.7265060e+06   2.9174805e+01
   2.7265640e+06   2.5817871e+01
   2.7265880e+06   2.8320312e+01
   2.7266120e+06   2.5573730e+01
   2.7266380e+06   2.7099609e+01
   2.7266640e+06   2.6550293e+01
   2.7266970e+06   2.5329590e+01
   2.7267950e+06   2.3010254e+01
   2.7268060e+06   2.7770996e+01
   2.7269100e+06   3.0639648e+01
   2.7271590e+06   2.3986816e+01
   2.7274200e+06   2.9907227e+01
   2.7355620e+06   2.7099609e+01
   2.7356180e+06   2.5634766e+01
   2.7356500e+06   3.0334473e+01
   2.7356680e+06   2.6184082e+01
   2.7356840e+06   2.5878906e+01
   2.7357570e+06   2.6489258e+01
   2.7357860e+06   3.1433105e+01
   2.7358070e+06   2.3193359e+01
   2.7359340e+06   2.7038574e+01
   2.7360430e+06   2.7221680e+01
   2.7360930e+06   2.6550293e+01
   2.7363550e+06   2.8259277e+01
   2.7459530e+06   3.3386230e+01
   2.7460020e+06   2.8320313e+01
   2.7460400e+06   2.6672363e+01
   2.7460760e+06   2.9113770e+01
   2.7460960e+06   2.2827148e+01
   2.7461120e+06   2.5207520e+01
   2.7461970e+06   3.5522461e+01
   2.7462830e+06   2.5024414e+01
   2.7463320e+06   2.5695801e+01
   2.7466620e+06   2.3315430e+01
   2.7467370e+06   2.3437500e+01
   2.7567070e+06   2.7465820e+01
   2.7567460e+06   2.8869629e+01
   2.7567680e+06   3.1616211e+01
   2.7568470e+06   2.2766113e+01
   2.7568750e+06   2.8442383e+01
   2.7569140e+06   2.4230957e+01
   2.7569770e+06   2.8808594e+01
   2.7571750e+06   2.4658203e+01
   2.7572450e+06   2.4536133e+01
   2.7573810e+06   2.4169922e+01
   2.7667980e+06   2.7832031e+01
   2.7668430e+06   2.9846191e+01
   2.7668680e+06   2.6184082e+01
   2.7669040e+06   2.4963379e+01
   2.7669470e+06   3.5827637e+01
   2.7669570e+06   2.3498535e+01
   2.7669880e+06   2.3559570e+01
   2.7670270e+06   2.3742676e+01
   2.7670870e+06   2.3681641e+01
   2.7671630e+06   2.2949219e+01
   2.7671950e+06   2.5207520e+01
   2.7674090e+06   2.2888184e+01
   2.7675110e+06   2.7160645e+01
   2.7760140e+06   2.9846191e+01
   2.7760620e+06   2.8564453e+01
   2.7760850e+06   3.0578613e+01
   2.7761020e+06   2.5817871e+01
   2.7761200e+06   2.3559570e+01
   2.7761670e+06   2.8076172e+01
   2.7762130e+06   2.8503418e+01
   2.7762700e+06   2.6794434e+01
   2.7763630e+06   2.5817871e+01
   2.7763940e+06   2.4963379e+01
   2.7765130e+06   2.4475098e+01
   2.7765560e+06   2.4169922e+01
   2.7768450e+06   2.5878906e+01
   2.7873400e+06   2.7343750e+01
   2.7873750e+06   2.5390625e+01
   2.7873980e+06   3.5583496e+01
   2.7874390e+06   2.4841309e+01
   2.7874500e+06   2.3193359e+01
   2.7875580e+06   2.6855469e+01
   2.7877830e+06   2.6672363e+01
   2.7879390e+06   2.4353027e+01
   2.7881010e+06   2.3620605e+01
   2.7995280e+06   3.3935547e+01
   2.7995630e+06   2.9724121e+01
   2.7995870e+06   3.8146973e+01
   2.7996190e+06   2.3925781e+01
   2.7996400e+06   3.3752441e+01
   2.7997570e+06   2.8015137e+01
   2.7998730e+06   2.9907227e+01
   2.8001460e+06   2.4597168e+01
   2.8002420e+06   2.8503418e+01
   2.8004520e+06   2.5451660e+01
   2.8159210e+06   3.1433105e+01
   2.8159550e+06   2.5268555e+01
   2.8159700e+06   2.3437500e+01
   2.8160100e+06   2.5634766e+01
   2.8160210e+06   3.4423828e+01
   2.8160620e+06   2.4902344e+01
   2.8163600e+06   2.9235840e+01
   2.8166150e+06   2.4353027e+01
   2.8167810e+06   2.8991699e+01
   2.8271180e+06   3.4790039e+01
   2.8271520e+06   3.7170410e+01
   2.8271790e+06   3.9978027e+01
   2.8271890e+06   2.7160645e+01
   2.8272680e+06   2.9357910e+01
   2.8272810e+06   3.1250000e+01
   2.8273270e+06   3.1127930e+01
   2.8273510e+06   2.5390625e+01
   2.8273990e+06   2.2888184e+01
   2.8274450e+06   2.3986816e+01
   2.8274820e+06   2.3559570e+01
   2.8275570e+06   2.5451660e+01
   2.8276860e+06   2.7099609e+01
   2.8278980e+06   2.8747559e+01
   2.8279660e+06   2.5146484e+01
   2.8281670e+06   2.3742676e+01
   2.8390230e+06   3.0578613e+01
   2.8390700e+06   2.8442383e+01
   2.8390860e+06   2.4963379e+01
   2.8391050e+06   3.1433105e+01
   2.8391630e+06   2.4902344e+01
   2.8391770e+06   2.4658203e+01
   2.8392460e+06   2.3559570e+01
   2.8396470e+06   2.3742676e+01
   2.8397400e+06   2.4658203e+01
   2.8398770e+06   2.3742676e+01
   2.8495440e+06   3.5522461e+01
   2.8495840e+06   2.9174805e+01
   2.8496110e+06   2.6550293e+01
   2.8496340e+06   2.5512695e+01
   2.8496490e+06   3.0944824e+01
   2.8496730e+06   2.8076172e+01
   2.8500920e+06   2.9418945e+01
   2.8502070e+06   2.2949219e+01
   2.8503160e+06   2.7099609e+01
   2.8504280e+06   2.5451660e+01
   2.8607780e+06   3.3508301e+01
   2.8608170e+06   3.4912109e+01
   2.8608420e+06   3.1005859e+01
   2.8608940e+06   2.5878906e+01
   2.8609300e+06   2.6611328e+01
   2.8609480e+06   2.3071289e+01
   2.8610510e+06   2.3254395e+01
   2.8610880e+06   2.2766113e+01
   2.8612390e+06   2.3803711e+01
   2.8721540e+06   3.1494141e+01
   2.8721880e+06   3.0944824e+01
   2.8722170e+06   3.0517578e+01
   2.8722510e+06   2.7709961e+01
   2.8722890e+06   2.5390625e+01
   2.8723860e+06   2.4536133e+01
   2.8724860e+06   2.4719238e+01
   2.8725440e+06   2.5878906e+01
   2.8726060e+06   2.3132324e+01
   2.8727530e+06   3.0822754e+01
   2.8729260e+06   2.3254395e+01
   2.8835240e+06   2.6977539e+01
   2.8835610e+06   3.4790039e+01
   2.8835850e+06   2.5024414e+01
   2.8836160e+06   2.6428223e+01
   2.8836310e+06   2.4108887e+01
   2.8836770e+06   2.4841309e+01
   2.8837130e+06   2.6794434e+01
   2.8838940e+06   2.3681641e+01
   2.8840640e+06   2.8320312e+01
   2.8967840e+06   2.9907227e+01
   2.8968130e+06   2.5634766e+01
   2.8968350e+06   2.5878906e+01
   2.8968570e+06   3.4667969e+01
   2.8968810e+06   2.8320312e+01
   2.8968920e+06   2.4475098e+01
   2.8969590e+06   2.8808594e+01
   2.8970090e+06   2.4902344e+01
   2.8970770e+06   2.4780273e+01
   2.8971170e+06   2.8259277e+01
   2.8973540e+06   2.3254395e+01
   2.8975890e+06   2.3437500e+01
   2.9128270e+06   3.0761719e+01
   2.9128660e+06   3.2287598e+01
   2.9128760e+06   3.5461426e+01
   2.9129040e+06   3.0944824e+01
   2.9129230e+06   2.4963379e+01
   2.9129400e+06   2.5878906e+01
   2.9129640e+06   2.5756836e+01
   2.9131620e+06   2.4291992e+01
   2.9264910e+06   3.0639648e+01
   2.9265370e+06   2.4902344e+01
   2.9265650e+06   2.5024414e+01
   2.9265920e+06   2.8137207e+01
   2.9266090e+06   2.5329590e+01
   2.9266280e+06   2.4108887e+01
   2.9266420e+06   3.1188965e+01
   2.9266710e+06   2.3803711e+01
   2.9267100e+06   2.5756836e+01
   2.9267350e+06   2.6184082e+01
   2.9270460e+06   2.5329590e+01
   2.9270810e+06   2.6000977e+01
   2.9271400e+06   2.5634766e+01
   2.9378180e+06   3.3630371e+01
   2.9378580e+06   3.4729004e+01
   2.9379010e+06   2.9541016e+01
   2.9379250e+06   2.4414062e+01
   2.9379430e+06   2.2888184e+01
   2.9379630e+06   2.4230957e+01
   2.9379820e+06   2.7099609e+01
   2.9381690e+06   2.3559570e+01
   2.9384420e+06   2.3315430e+01
