   3.0000000e+06   0.0000000e+00
   6.9500000e+03   1.9165039e+01
   6.9870000e+03   1.9470215e+01
   7.0320000e+03   1.9836426e+01
   7.1000000e+03   2.2094727e+01
   7.1930000e+03   2.1911621e+01
   1.0931000e+04   2.6245117e+01
   1.1027000e+04   2.7282715e+01
   1.1075000e+04   4.2663574e+01
   1.1121000e+04   2.3681641e+01
   1.1155000e+04   2.5756836e+01
   1.1192000e+04   3.7536621e+01
   1.1254000e+04   2.1667480e+01
   1.5828000e+04   1.7883301e+01
   1.5911000e+04   2.4719238e+01
   1.5950000e+04   2.0507812e+01
   1.5964000e+04   3.5156250e+01
   1.5997000e+04   2.4291992e+01
   1.6013000e+04   2.6672363e+01
   1.6043000e+04   1.8981934e+01
   1.6057000e+04   2.1484375e+01
   1.6084000e+04   2.1362305e+01
   1.6103000e+04   2.9357910e+01
   1.6127000e+04   1.8371582e+01
   1.6209000e+04   2.7099609e+01
   1.6265000e+04   2.8320313e+01
   1.6359000e+04   2.6550293e+01
   1.6441000e+04   1.9775391e+01
   1.6579000e+04   1.9470215e+01
   1.6681000e+04   1.7944336e+01
   2.4692000e+04   2.1972656e+01
   2.4717000e+04   4.2602539e+01
   2.4748000e+04   2.6245117e+01
   2.4769000e+04   2.8320312e+01
   2.4784000e+04   2.0996094e+01
   2.4822000e+04   2.7404785e+01
   2.4859000e+04   2.7954102e+01
   2.4878000e+04   1.9287109e+01
   2.4900000e+04   2.1667480e+01
   2.4917000e+04   1.9409180e+01
   2.4943000e+04   1.8127441e+01
   2.4972000e+04   2.8381348e+01
   2.5037000e+04   2.4169922e+01
   2.5111000e+04   2.0751953e+01
   2.5206000e+04   2.8991699e+01
   3.2845000e+04   2.3742676e+01
   3.7361000e+04   2.0751953e+01
   3.9262000e+04   2.4658203e+01
   3.9273000e+04   2.7160645e+01
   3.9298000e+04   1.8493652e+01
   3.9324000e+04   3.7414551e+01
   3.9335000e+04   2.4597168e+01
   3.9374000e+04   3.3630371e+01
   3.9404000e+04   1.9104004e+01
   3.9425000e+04   2.3315430e+01
   3.9469000e+04   2.8686523e+01
   3.9518000e+04   2.1606445e+01
   3.9575000e+04   2.2583008e+01
   3.9594000e+04   1.8310547e+01
   3.9674000e+04   2.4291992e+01
   4.8705000e+04   1.9409180e+01
   4.8726000e+04   2.8076172e+01
   4.8750000e+04   3.3508301e+01
   4.8771000e+04   1.8249512e+01
   4.8800000e+04   2.8991699e+01
   4.8817000e+04   2.5695801e+01
   4.8843000e+04   3.3386230e+01
   4.8865000e+04   2.3620605e+01
   4.8969000e+04   2.2399902e+01
   4.9023000e+04   3.0517578e+01
   4.9096000e+04   2.5329590e+01
   5.5104000e+04   2.3071289e+01
   5.5155000e+04   1.8310547e+01
   5.5188000e+04   2.1972656e+01
   5.5212000e+04   4.6142578e+01
   5.5243000e+04   2.3010254e+01
   5.5281000e+04   4.0161133e+01
   5.5292000e+04   1.9775391e+01
   5.5308000e+04   1.8493652e+01
   5.5338000e+04   1.8920898e+01
   5.5361000e+04   3.0883789e+01
   6.0602000e+04   1.8859863e+01
   6.0727000e+04   1.8920898e+01
   6.0888000e+04   1.7944336e+01
   6.3144000e+04   2.1057129e+01
   6.3165000e+04   2.3864746e+01
   6.3181000e+04   2.1972656e+01
   6.3199000e+04   2.5085449e+01
   6.3238000e+04   2.4047852e+01
   6.3252000e+04   3.0395508e+01
   6.3365000e+04   2.4780273e+01
   6.3472000e+04   3.0944824e+01
   6.7789000e+04   2.4902344e+01
   6.9198000e+04   1.8798828e+01
   6.9224000e+04   1.8493652e+01
   6.9258000e+04   2.8930664e+01
   6.9270000e+04   3.0517578e+01
   6.9325000e+04   3.1188965e+01
   6.9337000e+04   2.3803711e+01
   6.9427000e+04   3.6132812e+01
   6.9528000e+04   2.1484375e+01
   7.3715000e+04   1.8554688e+01
   7.3824000e+04   1.8066406e+01
   7.6061000e+04   2.2033691e+01
   7.6072000e+04   1.9226074e+01
   7.6118000e+04   3.2104492e+01
   7.6193000e+04   3.3142090e+01
   7.6245000e+04   1.9958496e+01
   7.6259000e+04   2.5634766e+01
   8.2672000e+04   2.1179199e+01
   8.2740000e+04   2.4230957e+01
   8.2758000e+04   3.1127930e+01
   8.2779000e+04   2.3010254e+01
   8.2812000e+04   2.2827148e+01
   8.2873000e+04   2.7221680e+01
   8.2903000e+04   1.7883301e+01
   8.2945000e+04   3.6560059e+01
   8.3156000e+04   1.8432617e+01
   8.7100000e+04   2.1301270e+01
   8.7212000e+04   2.5390625e+01
   8.9769000e+04   1.8920898e+01
   8.9794000e+04   2.2338867e+01
   8.9819000e+04   2.8442383e+01
   8.9868000e+04   1.8249512e+01
   8.9939000e+04   1.8310547e+01
   8.9965000e+04   2.9113770e+01
   9.4065000e+04   2.3071289e+01
   9.4078000e+04   1.9836426e+01
   9.4125000e+04   2.0751953e+01
   9.4170000e+04   1.8066406e+01
   9.4268000e+04   1.9042969e+01
   9.8228000e+04   1.9104004e+01
   1.0226200e+05   3.8146973e+01
   1.0228000e+05   2.6306152e+01
   1.0237900e+05   3.0944824e+01
   1.0240800e+05   1.9104004e+01
   1.0255900e+05   1.9836426e+01
   1.0706300e+05   1.8066406e+01
   1.0711200e+05   1.8188477e+01
   1.0712600e+05   1.7822266e+01
   1.0715300e+05   4.0588379e+01
   1.0718200e+05   1.8676758e+01
   1.0727000e+05   2.0507813e+01
   1.1178700e+05   2.2216797e+01
   1.1186200e+05   2.1179199e+01
   1.1192600e+05   2.0080566e+01
   1.1196500e+05   3.1982422e+01
   1.1711900e+05   1.9653320e+01
   1.1717200e+05   2.2460938e+01
   1.1719700e+05   1.8920898e+01
   1.1720700e+05   1.8920898e+01
   1.1722600e+05   4.2236328e+01
   1.1731800e+05   1.9348145e+01
   1.1743400e+05   3.1188965e+01
   1.2294800e+05   2.1972656e+01
   1.2300500e+05   3.7902832e+01
   1.2313400e+05   1.8066406e+01
   1.2846600e+05   1.8981934e+01
   1.2849900e+05   2.4597168e+01
   1.2853900e+05   2.0446777e+01
   1.2856800e+05   1.9836426e+01
   1.2862200e+05   1.8188477e+01
   1.3423300e+05   2.4719238e+01
   1.3427400e+05   1.8005371e+01
   1.3431900e+05   1.8859863e+01
   1.3434700e+05   3.6926270e+01
   1.4043600e+05   1.9348145e+01
   1.4051300e+05   1.8493652e+01
   1.4056300e+05   3.2226562e+01
   1.4067200e+05   4.1259766e+01
   1.4068900e+05   1.8981934e+01
   1.4070600e+05   3.3447266e+01
   1.4709500e+05   3.2592773e+01
   1.4711900e+05   2.7282715e+01
   1.4719700e+05   1.8310547e+01
   1.4721800e+05   3.1860352e+01
   1.5338700e+05   2.0935059e+01
   1.5346100e+05   3.7292480e+01
   1.5354900e+05   1.8798828e+01
   1.5361500e+05   2.0568848e+01
   1.5371400e+05   2.0446777e+01
   1.6017600e+05   1.8615723e+01
   1.6020200e+05   1.8249512e+01
   1.6022800e+05   1.9042969e+01
   1.6031300e+05   4.3640137e+01
   1.6054600e+05   2.6977539e+01
   1.6727800e+05   1.8737793e+01
   1.6738400e+05   3.7536621e+01
   1.6739700e+05   2.0751953e+01
   1.6742900e+05   1.9897461e+01
   1.6745900e+05   2.5451660e+01
   1.7417200e+05   1.8554688e+01
   1.7419300e+05   3.9489746e+01
   1.7421100e+05   1.9592285e+01
   1.7425000e+05   2.0568848e+01
   1.7437400e+05   2.1362305e+01
   1.7440400e+05   3.2165527e+01
   1.8099500e+05   2.0324707e+01
   1.8106500e+05   1.9104004e+01
   1.8108400e+05   3.8696289e+01
   1.8113800e+05   1.8005371e+01
   1.8115300e+05   1.8859863e+01
   1.8121500e+05   1.8859863e+01
   1.8129200e+05   3.7719727e+01
   1.8847500e+05   3.4790039e+01
   1.8851900e+05   3.2531738e+01
   1.8857200e+05   2.6367188e+01
   1.8865000e+05   2.2949219e+01
   1.8872300e+05   3.6071777e+01
   1.9547000e+05   1.8249512e+01
   1.9548600e+05   4.0222168e+01
   1.9553700e+05   2.5817871e+01
   1.9560400e+05   2.4841309e+01
   1.9564400e+05   1.8798828e+01
   1.9566900e+05   1.8249512e+01
   1.9567900e+05   2.7160645e+01
   2.0292000e+05   3.0456543e+01
   2.0296400e+05   1.9592285e+01
   2.0299200e+05   2.3742676e+01
   2.0300500e+05   2.6977539e+01
   2.0305100e+05   2.8076172e+01
   2.0308200e+05   1.8188477e+01
   2.0312600e+05   1.8798828e+01
   2.0320100e+05   2.3681641e+01
   2.0329100e+05   2.4658203e+01
   2.1029100e+05   2.3986816e+01
   2.1030400e+05   3.7902832e+01
   2.1034500e+05   2.2827148e+01
   2.1037800e+05   2.2338867e+01
   2.1039600e+05   4.0832520e+01
   2.1043900e+05   2.3620605e+01
   2.1049100e+05   1.9775391e+01
   2.1057600e+05   1.9409180e+01
   2.1065700e+05   2.5756836e+01
   2.1078100e+05   2.0446777e+01
   2.1917700e+05   1.8615723e+01
   2.1918900e+05   2.7587891e+01
   2.1922800e+05   2.8747559e+01
   2.1926200e+05   1.8249512e+01
   2.1930800e+05   3.0761719e+01
   2.1933000e+05   2.2094727e+01
   2.1941600e+05   1.8066406e+01
   2.1945600e+05   2.4291992e+01
   2.1955300e+05   2.5329590e+01
   2.1969800e+05   1.8859863e+01
   2.2726300e+05   3.0273438e+01
   2.2731000e+05   2.9724121e+01
   2.2733900e+05   3.0639648e+01
   2.2735500e+05   2.2766113e+01
   2.2737900e+05   2.1728516e+01
   2.2745500e+05   2.5024414e+01
   2.2756700e+05   2.3193359e+01
   2.2758700e+05   2.3559570e+01
   2.2763700e+05   2.0507813e+01
   2.2771900e+05   1.8127441e+01
   2.2781000e+05   2.2155762e+01
   2.3625700e+05   1.9958496e+01
   2.3627400e+05   1.8493652e+01
   2.3629200e+05   4.1625977e+01
   2.3632500e+05   2.3437500e+01
   2.3633500e+05   1.8249512e+01
   2.3635800e+05   1.8066406e+01
   2.3636900e+05   2.1118164e+01
   2.3640000e+05   2.0935059e+01
   2.3641500e+05   2.3010254e+01
   2.3644700e+05   2.3559570e+01
   2.3656900e+05   1.9042969e+01
   2.3662700e+05   1.9775391e+01
   2.3675700e+05   2.0568848e+01
   2.3683000e+05   1.7822266e+01
   2.3694200e+05   2.3315430e+01
   2.4540500e+05   2.8198242e+01
   2.4542700e+05   1.9958496e+01
   2.4544500e+05   3.6682129e+01
   2.4546200e+05   2.0324707e+01
   2.4549000e+05   2.8564453e+01
   2.4550800e+05   3.2775879e+01
   2.4554700e+05   1.8188477e+01
   2.4557000e+05   1.8737793e+01
   2.4559000e+05   1.9042969e+01
   2.4564700e+05   2.5695801e+01
   2.4585300e+05   2.3315430e+01
   2.4611400e+05   1.9714355e+01
   2.5419000e+05   1.7944336e+01
   2.5420500e+05   4.1320801e+01
   2.5423000e+05   1.8737793e+01
   2.5425300e+05   3.4179688e+01
   2.5429500e+05   2.4047852e+01
   2.5430600e+05   1.9165039e+01
   2.5434900e+05   2.0385742e+01
   2.5439900e+05   1.8371582e+01
   2.5451900e+05   1.9653320e+01
   2.5465800e+05   2.3010254e+01
   2.6460900e+05   3.0212402e+01
   2.6462700e+05   2.7709961e+01
   2.6465100e+05   2.3437500e+01
   2.6467600e+05   2.3986816e+01
   2.6471300e+05   2.0996094e+01
   2.6515200e+05   1.9165039e+01
   2.7425500e+05   3.6682129e+01
   2.7426800e+05   1.9409180e+01
   2.7429500e+05   2.4658203e+01
   2.7431200e+05   2.0141602e+01
   2.7435300e+05   2.0751953e+01
   2.7437700e+05   1.8127441e+01
   2.7439900e+05   2.1362305e+01
   2.7450500e+05   1.8859863e+01
   2.7476000e+05   2.1240234e+01
   2.7487200e+05   1.8676758e+01
   2.8579400e+05   2.3071289e+01
   2.8580500e+05   3.0761719e+01
   2.8583800e+05   2.4902344e+01
   2.8584900e+05   2.0141602e+01
   2.8588400e+05   2.4658203e+01
   2.8608100e+05   1.7944336e+01
   2.8620200e+05   1.9592285e+01
   2.8637200e+05   1.9348145e+01
   2.8649800e+05   2.1240234e+01
   2.9712600e+05   2.5390625e+01
   2.9715900e+05   3.3996582e+01
   2.9718600e+05   2.1728516e+01
   2.9720200e+05   2.6428223e+01
   2.9721600e+05   3.0151367e+01
   2.9724100e+05   1.9653320e+01
   2.9727400e+05   2.0324707e+01
   2.9750800e+05   1.9836426e+01
   3.0890300e+05   2.6733398e+01
   3.0893600e+05   2.7465820e+01
   3.0895600e+05   1.9042969e+01
   3.0899600e+05   2.0019531e+01
   3.0902100e+05   2.3376465e+01
   3.0904100e+05   2.7832031e+01
   3.0906500e+05   2.0507813e+01
   3.0909000e+05   2.0324707e+01
   3.0922200e+05   2.0385742e+01
   3.0934600e+05   1.8737793e+01
   3.0937200e+05   2.0141602e+01
   3.0948700e+05   1.8981934e+01
   3.0968500e+05   1.8737793e+01
   3.1812500e+05   3.3569336e+01
   3.1814100e+05   1.9592285e+01
   3.1817200e+05   2.6794434e+01
   3.1822800e+05   1.9470215e+01
   3.1824500e+05   2.2705078e+01
   3.1827000e+05   2.1240234e+01
   3.1829700e+05   1.9958496e+01
   3.1835700e+05   2.0263672e+01
   3.1881500e+05   1.9165039e+01
   3.2991300e+05   2.6184082e+01
   3.2992500e+05   2.3010254e+01
   3.2995200e+05   2.6489258e+01
   3.2997900e+05   2.7893066e+01
   3.2999000e+05   2.5939941e+01
   3.3004000e+05   1.8493652e+01
   3.3009900e+05   1.8127441e+01
   3.3019300e+05   1.9653320e+01
   3.3025800e+05   1.9531250e+01
   3.3049200e+05   2.1667480e+01
   3.3057700e+05   1.7822266e+01
   3.4644900e+05   1.8371582e+01
   3.4651500e+05   3.3020020e+01
   3.4652700e+05   2.0141602e+01
   3.4655300e+05   2.8381348e+01
   3.4658900e+05   3.1311035e+01
   3.4676700e+05   1.8005371e+01
   3.4679000e+05   1.9592285e+01
   3.4686200e+05   2.0080566e+01
   3.4700800e+05   1.9592285e+01
   3.5866600e+05   2.3437500e+01
   3.5870500e+05   2.3742676e+01
   3.5871800e+05   2.0751953e+01
   3.5874400e+05   1.9897461e+01
   3.5876400e+05   1.7944336e+01
   3.5879100e+05   2.3864746e+01
   3.5889600e+05   2.2460938e+01
   3.5900900e+05   1.7944336e+01
   3.5913100e+05   1.8005371e+01
   3.6900400e+05   3.8635254e+01
   3.6901700e+05   1.8371582e+01
   3.6904800e+05   3.1616211e+01
   3.6907100e+05   2.2399902e+01
   3.6909900e+05   2.1301270e+01
   3.6911100e+05   2.0385742e+01
   3.6930500e+05   2.0812988e+01
   3.6944000e+05   2.0690918e+01
   3.6951300e+05   1.7944336e+01
   3.6960200e+05   2.1118164e+01
   7.9728900e+05   2.2460938e+01
   7.9742400e+05   2.2705078e+01
   7.9746500e+05   2.0385742e+01
   7.9759600e+05   2.5207520e+01
   7.9772500e+05   2.0568848e+01
   7.9800000e+05   1.9165039e+01
   7.9811900e+05   2.0019531e+01
   8.5844800e+05   3.5095215e+01
   8.5851900e+05   2.1118164e+01
   8.5873000e+05   2.1423340e+01
   8.5878200e+05   2.0019531e+01
   8.5912900e+05   1.9165039e+01
   8.9630400e+05   2.9663086e+01
   8.9655000e+05   1.8737793e+01
   8.9661900e+05   1.8676758e+01
   8.9675500e+05   1.8371582e+01
   9.2166600e+05   1.9897461e+01
   9.2174900e+05   2.0324707e+01
   9.2182000e+05   2.7648926e+01
   9.2191300e+05   3.0517578e+01
   9.2199800e+05   2.6916504e+01
   9.5439700e+05   2.8686523e+01
   9.5447800e+05   2.1301270e+01
   9.5454200e+05   2.0996094e+01
   9.5461700e+05   2.3986816e+01
   9.5491500e+05   1.8127441e+01
   9.8126100e+05   1.9348145e+01
   9.8135300e+05   2.0935059e+01
   9.8141000e+05   2.0324707e+01
   9.8146300e+05   1.8310547e+01
   9.8157500e+05   2.0996094e+01
   1.0009660e+06   2.2460938e+01
   1.0010300e+06   2.0507813e+01
   1.0010850e+06   1.8737793e+01
   1.0011410e+06   2.2583008e+01
   1.0012240e+06   1.8432617e+01
   1.0012750e+06   1.9165039e+01
   1.0012890e+06   1.7883301e+01
   1.0014580e+06   2.0629883e+01
   1.0017550e+06   1.7883301e+01
   1.0279510e+06   2.1850586e+01
   1.0279930e+06   2.6062012e+01
   1.0280950e+06   1.9531250e+01
   1.0282000e+06   1.7883301e+01
   1.0516190e+06   2.2766113e+01
   1.0516800e+06   2.3803711e+01
   1.0517310e+06   2.5329590e+01
   1.0782350e+06   3.1005859e+01
   1.0782780e+06   2.4597168e+01
   1.0783170e+06   1.9104004e+01
   1.0783500e+06   1.7944336e+01
   1.0784030e+06   1.9775391e+01
   1.0784140e+06   2.0751953e+01
   1.0784710e+06   1.8493652e+01
   1.0785030e+06   1.8188477e+01
   1.0787020e+06   1.9958496e+01
   1.1007000e+06   2.4658203e+01
   1.1007410e+06   2.5634766e+01
   1.1007640e+06   1.8798828e+01
   1.1007900e+06   4.4189453e+01
   1.1008040e+06   1.7944336e+01
   1.1008220e+06   2.0751953e+01
   1.1008720e+06   2.3803711e+01
   1.1009430e+06   1.8127441e+01
   1.1011540e+06   1.9348145e+01
   1.1162920e+06   1.8493652e+01
   1.1163090e+06   2.6245117e+01
   1.1163410e+06   1.9226074e+01
   1.1163600e+06   1.8554688e+01
   1.1163810e+06   1.9104004e+01
   1.1164010e+06   1.8249512e+01
   1.1164340e+06   1.8737793e+01
   1.1164480e+06   2.0385742e+01
   1.1164840e+06   3.5949707e+01
   1.1164980e+06   1.9531250e+01
   1.1166990e+06   1.9531250e+01
   1.1249330e+06   2.1728516e+01
   1.1249760e+06   2.3986816e+01
   1.1250070e+06   3.4118652e+01
   1.1250240e+06   1.8371582e+01
   1.1250630e+06   3.6193848e+01
   1.1251110e+06   2.5024414e+01
   1.1251240e+06   1.9165039e+01
   1.1253240e+06   2.1972656e+01
   1.1336560e+06   2.7770996e+01
   1.1337340e+06   2.0629883e+01
   1.1337770e+06   3.2714844e+01
   1.1422270e+06   2.4475098e+01
   1.1422420e+06   2.0996094e+01
   1.1422690e+06   4.7485352e+01
   1.1423080e+06   2.6794434e+01
   1.1423200e+06   2.0507812e+01
   1.1423450e+06   2.6855469e+01
   1.1424030e+06   3.7597656e+01
   1.1424270e+06   2.0568848e+01
   1.1424500e+06   2.2338867e+01
   1.1424650e+06   2.0629883e+01
   1.1425030e+06   2.8320312e+01
   1.1425670e+06   2.8076172e+01
   1.1425910e+06   2.1606445e+01
   1.1426820e+06   2.4719238e+01
   1.1427390e+06   2.1240234e+01
   1.1500140e+06   2.2827148e+01
   1.1500810e+06   2.1484375e+01
   1.1501300e+06   2.6916504e+01
   1.1501540e+06   4.1503906e+01
   1.1501950e+06   2.3986816e+01
   1.1502230e+06   1.9348145e+01
   1.1502620e+06   3.0639648e+01
   1.1568660e+06   2.4475098e+01
   1.1569170e+06   4.8339844e+01
   1.1569840e+06   3.7231445e+01
   1.1569980e+06   1.8981934e+01
   1.1570320e+06   2.8930664e+01
   1.1570850e+06   2.2521973e+01
   1.1571060e+06   1.7944336e+01
   1.1571250e+06   3.0395508e+01
   1.1572870e+06   1.8371582e+01
   1.1643930e+06   1.7883301e+01
   1.1644180e+06   1.9287109e+01
   1.1644420e+06   3.0761719e+01
   1.1644830e+06   3.6315918e+01
   1.1645020e+06   2.8259277e+01
   1.1645350e+06   2.4902344e+01
   1.1645900e+06   3.4240723e+01
   1.1646560e+06   1.9165039e+01
   1.1647370e+06   2.6000977e+01
   1.1649070e+06   2.0446777e+01
   1.1724980e+06   1.8554688e+01
   1.1725170e+06   1.9531250e+01
   1.1725360e+06   2.9541016e+01
   1.1725610e+06   2.0751953e+01
   1.1725840e+06   3.1433105e+01
   1.1726090e+06   2.2583008e+01
   1.1726440e+06   2.5512695e+01
   1.1726890e+06   2.2949219e+01
   1.1727160e+06   2.7465820e+01
   1.1731130e+06   1.9470215e+01
   1.1800300e+06   2.0446777e+01
   1.1800630e+06   1.9287109e+01
   1.1800920e+06   2.6855469e+01
   1.1801190e+06   1.8798828e+01
   1.1801320e+06   1.8981934e+01
   1.1801470e+06   2.9052734e+01
   1.1801780e+06   1.9836426e+01
   1.1802280e+06   2.1667480e+01
   1.1802390e+06   2.9052734e+01
   1.1846300e+06   1.8676758e+01
   1.1846750e+06   1.9531250e+01
   1.1879530e+06   2.5329590e+01
   1.1879650e+06   1.7822266e+01
   1.1879960e+06   3.2958984e+01
   1.1880140e+06   2.2644043e+01
   1.1880620e+06   3.0029297e+01
   1.1880730e+06   2.2338867e+01
   1.1881430e+06   1.8920898e+01
   1.1883120e+06   1.8432617e+01
   1.1947060e+06   2.2949219e+01
   1.1947280e+06   2.6428223e+01
   1.1947570e+06   3.6987305e+01
   1.1947700e+06   1.8981934e+01
   1.1948060e+06   3.6560059e+01
   1.1948280e+06   1.9531250e+01
   1.1948560e+06   3.3020020e+01
   1.1949220e+06   3.1433105e+01
   1.1949520e+06   1.7944336e+01
   1.2017930e+06   2.2521973e+01
   1.2018410e+06   1.8249512e+01
   1.2018540e+06   2.2827148e+01
   1.2018730e+06   4.0954590e+01
   1.2019030e+06   2.0996094e+01
   1.2019380e+06   2.4963379e+01
   1.2019600e+06   2.5024414e+01
   1.2020040e+06   3.7658691e+01
   1.2020540e+06   1.9104004e+01
   1.2077200e+06   2.9479980e+01
   1.2077520e+06   2.1240234e+01
   1.2077740e+06   2.1301270e+01
   1.2077890e+06   2.0568848e+01
   1.2078290e+06   2.2583008e+01
   1.2078510e+06   2.9113770e+01
   1.2078740e+06   1.9836426e+01
   1.2080270e+06   1.8127441e+01
   1.2123810e+06   1.8371582e+01
   1.2126470e+06   1.7883301e+01
   1.2150450e+06   2.3498535e+01
   1.2150710e+06   2.9907227e+01
   1.2150890e+06   2.1118164e+01
   1.2151130e+06   2.5268555e+01
   1.2151440e+06   1.8432617e+01
   1.2151870e+06   3.6804199e+01
   1.2151980e+06   2.0996094e+01
   1.2207710e+06   2.5634766e+01
   1.2208080e+06   2.2644043e+01
   1.2208410e+06   1.9470215e+01
   1.2208710e+06   2.1728516e+01
   1.2208980e+06   3.2897949e+01
   1.2209220e+06   1.8615723e+01
   1.2209960e+06   1.7822266e+01
   1.2210740e+06   2.0385742e+01
   1.2254200e+06   1.8127441e+01
   1.2254800e+06   1.7822266e+01
   1.2255150e+06   2.6000977e+01
   1.2256570e+06   2.0202637e+01
   1.2292250e+06   2.6123047e+01
   1.2292760e+06   1.8310547e+01
   1.2293240e+06   2.3315430e+01
   1.2293590e+06   4.1076660e+01
   1.2294610e+06   2.5756836e+01
   1.2340060e+06   1.8798828e+01
   1.2340870e+06   1.9897461e+01
   1.2341660e+06   2.0385742e+01
   1.2390560e+06   1.9226074e+01
   1.2391220e+06   1.8066406e+01
   1.2391560e+06   2.0507812e+01
   1.2391660e+06   3.4973145e+01
   1.2392000e+06   1.8127441e+01
   1.2393260e+06   3.3447266e+01
   1.2445980e+06   1.9775391e+01
   1.2446730e+06   1.7822266e+01
   1.2447480e+06   1.8676758e+01
   1.2448730e+06   2.0019531e+01
   1.2449190e+06   1.8432617e+01
   1.2506950e+06   2.0019531e+01
   1.2507150e+06   2.0935059e+01
   1.2507500e+06   2.1545410e+01
   1.2507680e+06   4.0771484e+01
   1.2507960e+06   1.8005371e+01
   1.2508350e+06   1.9226074e+01
   1.2508560e+06   1.8554688e+01
   1.2509010e+06   3.7780762e+01
   1.2510700e+06   2.0263672e+01
   1.2580410e+06   1.9592285e+01
   1.2581430e+06   3.1494141e+01
   1.2582870e+06   1.9531250e+01
   1.2658170e+06   1.8310547e+01
   1.2658790e+06   1.8188477e+01
   1.2659140e+06   3.1433105e+01
   1.2659400e+06   2.1179199e+01
   1.2659850e+06   2.9052734e+01
   1.2660650e+06   1.9348145e+01
   1.2660810e+06   2.9968262e+01
   1.2732180e+06   1.8188477e+01
   1.2732540e+06   1.8798828e+01
   1.2732870e+06   1.7822266e+01
   1.2733260e+06   5.3039551e+01
   1.2734290e+06   3.6682129e+01
   1.2734670e+06   2.0385742e+01
   1.2805510e+06   1.9653320e+01
   1.2806310e+06   1.8005371e+01
   1.2806510e+06   2.9113770e+01
   1.2806690e+06   1.8127441e+01
   1.2807370e+06   2.1301270e+01
   1.2808150e+06   3.2897949e+01
   1.2808900e+06   3.1250000e+01
   1.2809160e+06   2.0690918e+01
   1.2878090e+06   1.8127441e+01
   1.2878800e+06   2.0019531e+01
   1.2879020e+06   2.8198242e+01
   1.2879250e+06   1.9042969e+01
   1.2879660e+06   3.8818359e+01
   1.2880510e+06   3.0334473e+01
   1.2881820e+06   2.7648926e+01
   1.2947530e+06   2.4841309e+01
   1.2947750e+06   2.2827148e+01
   1.2948010e+06   1.8859863e+01
   1.2948120e+06   2.6245117e+01
   1.2948750e+06   2.4597168e+01
   1.2949620e+06   3.1005859e+01
   1.2950820e+06   1.8371582e+01
   1.3025670e+06   3.3142090e+01
   1.3026130e+06   2.0446777e+01
   1.3026520e+06   2.2705078e+01
   1.3026650e+06   2.9968262e+01
   1.3027130e+06   2.5939941e+01
   1.3027890e+06   2.6489258e+01
   1.3029120e+06   2.9541016e+01
   1.3030350e+06   2.8686523e+01
   1.3113300e+06   3.5766602e+01
   1.3113740e+06   2.5329590e+01
   1.3114170e+06   3.1677246e+01
   1.3114300e+06   1.8859863e+01
   1.3114640e+06   2.6550293e+01
   1.3115150e+06   1.8981934e+01
   1.3115950e+06   1.8676758e+01
   1.3117280e+06   2.3864746e+01
   1.3118250e+06   2.3132324e+01
   1.3200050e+06   1.8066406e+01
   1.3200280e+06   1.8737793e+01
   1.3200710e+06   3.4729004e+01
   1.3201100e+06   2.6184082e+01
   1.3201540e+06   2.0629883e+01
   1.3202030e+06   2.4719238e+01
   1.3202620e+06   2.5146484e+01
   1.3203290e+06   1.8737793e+01
   1.3203930e+06   2.6306152e+01
   1.3204740e+06   2.0263672e+01
   1.3205830e+06   2.2460938e+01
   1.3296550e+06   1.8798828e+01
   1.3296840e+06   3.8818359e+01
   1.3297230e+06   2.6123047e+01
   1.3297610e+06   3.3142090e+01
   1.3298020e+06   2.2949219e+01
   1.3298980e+06   1.9470215e+01
   1.3303890e+06   2.3864746e+01
   1.3388910e+06   2.0263672e+01
   1.3389200e+06   3.8574219e+01
   1.3389520e+06   2.0568848e+01
   1.3389810e+06   1.8615723e+01
   1.3390040e+06   2.2033691e+01
   1.3390450e+06   1.9165039e+01
   1.3390590e+06   3.1005859e+01
   1.3391090e+06   2.0935059e+01
   1.3480910e+06   4.0710449e+01
   1.3481340e+06   1.9226074e+01
   1.3481730e+06   1.8798828e+01
   1.3482170e+06   1.9165039e+01
   1.3482670e+06   1.9653320e+01
   1.3482770e+06   2.7465820e+01
   1.3483240e+06   1.8188477e+01
   1.3484010e+06   1.8371582e+01
   1.3484440e+06   1.8981934e+01
   1.3485770e+06   1.9409180e+01
   1.3486690e+06   1.8859863e+01
   1.3591950e+06   1.9409180e+01
   1.3592220e+06   3.0456543e+01
   1.3592610e+06   3.7658691e+01
   1.3592990e+06   2.1789551e+01
   1.3593090e+06   2.6977539e+01
   1.3593650e+06   1.8127441e+01
   1.3593750e+06   2.1728516e+01
   1.3594360e+06   1.9226074e+01
   1.3594740e+06   2.3132324e+01
   1.3598170e+06   2.0935059e+01
   1.3599020e+06   1.8798828e+01
   1.3686560e+06   2.1789551e+01
   1.3686940e+06   3.5278320e+01
   1.3687050e+06   2.0080566e+01
   1.3687450e+06   3.5278320e+01
   1.3687800e+06   1.8920898e+01
   1.3688150e+06   3.4545898e+01
   1.3688350e+06   2.3315430e+01
   1.3688590e+06   2.0385742e+01
   1.3689070e+06   2.8747559e+01
   1.3689290e+06   1.9042969e+01
   1.3691310e+06   2.6611328e+01
   1.3692660e+06   1.8310547e+01
   1.3794390e+06   1.7944336e+01
   1.3795000e+06   3.3081055e+01
   1.3795140e+06   2.0141602e+01
   1.3795480e+06   3.3081055e+01
   1.3795610e+06   1.8188477e+01
   1.3795860e+06   4.1687012e+01
   1.3796210e+06   1.9042969e+01
   1.3796450e+06   2.3254395e+01
   1.3797310e+06   3.1494141e+01
   1.3798310e+06   1.9775391e+01
   1.3799110e+06   1.7883301e+01
   1.3799630e+06   1.8127441e+01
   1.3800590e+06   1.8371582e+01
   1.3890850e+06   2.1179199e+01
   1.3891360e+06   3.6376953e+01
   1.3891860e+06   2.0141602e+01
   1.3892330e+06   3.5888672e+01
   1.3892670e+06   2.0935059e+01
   1.3893000e+06   1.8310547e+01
   1.3893650e+06   3.0395508e+01
   1.3893990e+06   1.8371582e+01
   1.3894630e+06   1.7883301e+01
   1.3896230e+06   1.8920898e+01
   1.3994430e+06   2.1606445e+01
   1.3994770e+06   3.1555176e+01
   1.3995270e+06   3.3508301e+01
   1.3995720e+06   2.8930664e+01
   1.3995960e+06   3.0517578e+01
   1.3996540e+06   2.2644043e+01
   1.3997190e+06   2.2094727e+01
   1.3997780e+06   2.3620605e+01
   1.3999020e+06   2.1667480e+01
   1.3999770e+06   1.9653320e+01
   1.4000550e+06   1.9165039e+01
   1.4001460e+06   1.8127441e+01
   1.4099080e+06   1.9042969e+01
   1.4099410e+06   4.1259766e+01
   1.4099600e+06   2.0996094e+01
   1.4099840e+06   4.3395996e+01
   1.4100100e+06   1.8859863e+01
   1.4100290e+06   3.0700684e+01
   1.4100570e+06   2.5085449e+01
   1.4100750e+06   1.9470215e+01
   1.4101170e+06   1.8249512e+01
   1.4101530e+06   2.5024414e+01
   1.4102640e+06   1.8554688e+01
   1.4103020e+06   2.2094727e+01
   1.4103770e+06   2.0324707e+01
   1.4106030e+06   1.8859863e+01
   1.4222170e+06   1.8493652e+01
   1.4222550e+06   3.8879395e+01
   1.4222680e+06   2.3437500e+01
   1.4222960e+06   2.3803711e+01
   1.4223430e+06   3.1188965e+01
   1.4223720e+06   1.9714355e+01
   1.4223880e+06   1.7822266e+01
   1.4225450e+06   1.8066406e+01
   1.4225870e+06   3.0883789e+01
   1.4226560e+06   1.9348145e+01
   1.4227220e+06   1.8798828e+01
   1.4228580e+06   2.0812988e+01
   1.4330710e+06   2.0507812e+01
   1.4330890e+06   3.3630371e+01
   1.4331330e+06   2.1179199e+01
   1.4331440e+06   2.1484375e+01
   1.4331720e+06   1.8066406e+01
   1.4331920e+06   2.1972656e+01
   1.4332030e+06   2.5085449e+01
   1.4332360e+06   1.9653320e+01
   1.4332520e+06   2.7465820e+01
   1.4334690e+06   1.8615723e+01
   1.4335370e+06   2.0996094e+01
   1.4336790e+06   1.8066406e+01
   1.4338920e+06   1.9653320e+01
   1.4448050e+06   2.0019531e+01
   1.4448190e+06   2.6611328e+01
   1.4448560e+06   2.1484375e+01
   1.4448660e+06   2.2338867e+01
   1.4449080e+06   2.6000977e+01
   1.4449430e+06   2.0812988e+01
   1.4449540e+06   1.9958496e+01
   1.4451170e+06   1.7822266e+01
   1.4452410e+06   2.1728516e+01
   1.4454820e+06   1.9042969e+01
   1.4578110e+06   2.5695801e+01
   1.4578400e+06   2.0202637e+01
   1.4578670e+06   2.3559570e+01
   1.4578940e+06   2.0996094e+01
   1.4579090e+06   2.4108887e+01
   1.4579340e+06   1.8737793e+01
   1.4579460e+06   2.6367188e+01
   1.4580480e+06   1.8554688e+01
   1.4581030e+06   1.9836426e+01
   1.4581870e+06   1.9714355e+01
   1.4583640e+06   2.0080566e+01
   1.4584350e+06   1.9836426e+01
   1.4584810e+06   1.7822266e+01
   1.4697530e+06   2.0080566e+01
   1.4698620e+06   3.7353516e+01
   1.4698790e+06   1.8066406e+01
   1.4699060e+06   2.3254395e+01
   1.4699260e+06   3.1738281e+01
   1.4699790e+06   2.1789551e+01
   1.4699900e+06   2.2277832e+01
   1.4700360e+06   2.0507813e+01
   1.4700850e+06   1.8554688e+01
   1.4701460e+06   1.7822266e+01
   1.4702180e+06   2.0324707e+01
   1.4702660e+06   2.5329590e+01
   1.4704680e+06   1.8615723e+01
   1.4809030e+06   1.9714355e+01
   1.4809540e+06   2.1545410e+01
   1.4809820e+06   2.7465820e+01
   1.4809960e+06   2.5634766e+01
   1.4810270e+06   2.8198242e+01
   1.4810740e+06   1.8432617e+01
   1.4811610e+06   1.9165039e+01
   1.4812150e+06   2.0812988e+01
   1.4812650e+06   2.1240234e+01
   1.4816360e+06   1.8066406e+01
   1.4899970e+06   2.6184082e+01
   1.4900140e+06   1.9470215e+01
   1.4900390e+06   2.0141602e+01
   1.4900630e+06   3.6010742e+01
   1.4900830e+06   1.9531250e+01
   1.4901200e+06   2.2216797e+01
   1.4901830e+06   2.0080566e+01
   1.4902390e+06   1.8615723e+01
   1.4903070e+06   2.3071289e+01
   1.4903270e+06   2.3193359e+01
   1.4979290e+06   3.5583496e+01
   1.4979690e+06   1.9104004e+01
   1.4979920e+06   2.7282715e+01
   1.4980020e+06   2.6367188e+01
   1.4980200e+06   2.3315430e+01
   1.4980480e+06   1.8127441e+01
   1.4980850e+06   2.0690918e+01
   1.4981110e+06   2.2949219e+01
   1.4982070e+06   2.5512695e+01
   1.5118240e+06   2.2033691e+01
   1.5119360e+06   3.4423828e+01
   1.5119530e+06   1.8676758e+01
   1.5119760e+06   2.1179199e+01
   1.5119860e+06   3.8024902e+01
   1.5120340e+06   2.8198242e+01
   1.5120570e+06   2.3010254e+01
   1.5120810e+06   2.0507813e+01
   1.5121310e+06   2.2705078e+01
   1.5121650e+06   2.2644043e+01
   1.5121910e+06   1.7822266e+01
   1.5123720e+06   2.2216797e+01
   1.5123980e+06   2.4353027e+01
   1.5264320e+06   2.0812988e+01
   1.5265090e+06   3.8208008e+01
   1.5265360e+06   2.2521973e+01
   1.5265510e+06   3.3996582e+01
   1.5265720e+06   2.2583008e+01
   1.5265880e+06   2.1179199e+01
   1.5266260e+06   2.4658203e+01
   1.5267990e+06   1.9042969e+01
   1.5268500e+06   2.1545410e+01
   1.5268970e+06   1.8676758e+01
   1.5270720e+06   2.0080566e+01
   1.5272310e+06   1.8188477e+01
   1.5375410e+06   1.9409180e+01
   1.5375570e+06   3.6254883e+01
   1.5375710e+06   2.7832031e+01
   1.5376000e+06   3.9733887e+01
   1.5376510e+06   1.8432617e+01
   1.5376860e+06   2.1545410e+01
   1.5377190e+06   2.4047852e+01
   1.5377320e+06   2.0263672e+01
   1.5378380e+06   1.8737793e+01
   1.5378960e+06   1.9104004e+01
   1.5381290e+06   1.8981934e+01
   1.5465090e+06   3.0456543e+01
   1.5465300e+06   2.3559570e+01
   1.5465660e+06   1.8249512e+01
   1.5465900e+06   3.5339355e+01
   1.5466140e+06   1.8859863e+01
   1.5466340e+06   2.4291992e+01
   1.5466840e+06   2.1484375e+01
   1.5466950e+06   1.9042969e+01
   1.5467540e+06   2.4475098e+01
   1.5468010e+06   1.7883301e+01
   1.5469230e+06   2.1850586e+01
   1.5574240e+06   2.3742676e+01
   1.5574850e+06   2.3376465e+01
   1.5575000e+06   4.1870117e+01
   1.5575220e+06   2.0019531e+01
   1.5575320e+06   3.5583496e+01
   1.5575630e+06   2.4475098e+01
   1.5575840e+06   2.9418945e+01
   1.5576060e+06   2.0629883e+01
   1.5576220e+06   2.6916504e+01
   1.5577600e+06   1.9897461e+01
   1.5578920e+06   2.0568848e+01
   1.5579530e+06   2.1850586e+01
   1.5700260e+06   1.9714355e+01
   1.5701340e+06   4.0161133e+01
   1.5701580e+06   2.7099609e+01
   1.5701730e+06   2.4658203e+01
   1.5702140e+06   2.3559570e+01
   1.5702770e+06   1.8432617e+01
   1.5704130e+06   1.9165039e+01
   1.5705020e+06   1.8249512e+01
   1.5705180e+06   1.8737793e+01
   1.5705620e+06   1.8859863e+01
   1.5706130e+06   1.8676758e+01
   1.5706470e+06   1.9287109e+01
   1.5707900e+06   1.8798828e+01
   1.5836460e+06   1.8127441e+01
   1.5837510e+06   2.7221680e+01
   1.5837780e+06   2.1545410e+01
   1.5837890e+06   2.9663086e+01
   1.5838100e+06   2.1057129e+01
   1.5838270e+06   2.8869629e+01
   1.5838670e+06   2.4780273e+01
   1.5839170e+06   2.7343750e+01
   1.5839670e+06   2.1057129e+01
   1.5840260e+06   1.9836426e+01
   1.5983020e+06   2.2583008e+01
   1.5983990e+06   2.5573730e+01
   1.5984150e+06   2.3437500e+01
   1.5984340e+06   2.7160645e+01
   1.5984640e+06   2.3864746e+01
   1.5984780e+06   3.5034180e+01
   1.5985230e+06   2.1484375e+01
   1.5986610e+06   1.7883301e+01
   1.5988210e+06   2.2460938e+01
   1.5988820e+06   2.2766113e+01
   1.5990200e+06   1.8188477e+01
   1.5990340e+06   1.9836426e+01
   1.5991160e+06   1.8981934e+01
   1.6182560e+06   2.1301270e+01
   1.6183160e+06   2.2399902e+01
   1.6183670e+06   3.1188965e+01
   1.6183940e+06   2.2033691e+01
   1.6184080e+06   2.7404785e+01
   1.6184320e+06   2.3559570e+01
   1.6184480e+06   2.7954102e+01
   1.6184740e+06   1.8554688e+01
   1.6184880e+06   2.7709961e+01
   1.6185000e+06   1.8432617e+01
   1.6185390e+06   2.0446777e+01
   1.6185680e+06   1.8859863e+01
   1.6185930e+06   2.1911621e+01
   1.6186870e+06   1.8188477e+01
   1.6187040e+06   1.9287109e+01
   1.6187390e+06   2.2155762e+01
   1.6187940e+06   1.9104004e+01
   1.6188660e+06   1.9531250e+01
   1.6189160e+06   1.9226074e+01
   1.6190800e+06   2.2216797e+01
   1.6460170e+06   1.9836426e+01
   1.6460620e+06   2.0507812e+01
   1.6461260e+06   2.0141602e+01
   1.6461920e+06   1.8981934e+01
   1.6462090e+06   4.2236328e+01
   1.6462940e+06   1.8188477e+01
   2.2259980e+06   1.8432617e+01
   2.2264860e+06   1.8493652e+01
   2.2267050e+06   2.1301270e+01
   2.2269130e+06   2.1850586e+01
   2.2270540e+06   1.9226074e+01
   2.2273100e+06   1.8066406e+01
   2.2273940e+06   1.8554688e+01
   2.2426290e+06   1.9714355e+01
   2.2426570e+06   2.1484375e+01
   2.2844460e+06   1.8188477e+01
   2.2845780e+06   2.4597168e+01
   2.2845950e+06   2.3315430e+01
   2.2846860e+06   1.7883301e+01
   2.2855010e+06   1.7822266e+01
   2.2856580e+06   2.0019531e+01
   2.3148490e+06   2.9785156e+01
   2.3149000e+06   2.5817871e+01
   2.3150130e+06   2.7282715e+01
   2.3150820e+06   2.2094727e+01
   2.3156070e+06   1.8737793e+01
   2.3308230e+06   2.0263672e+01
   2.3308800e+06   2.1728516e+01
   2.3309600e+06   1.9409180e+01
   2.3309710e+06   1.8493652e+01
   2.3310930e+06   1.8859863e+01
   2.3625460e+06   1.9592285e+01
   2.3626060e+06   2.5207520e+01
   2.3627760e+06   1.8249512e+01
   2.4076130e+06   2.3681641e+01
   2.4076640e+06   2.2399902e+01
   2.4077030e+06   2.4414063e+01
   2.4077570e+06   2.4658203e+01
   2.4078100e+06   2.1789551e+01
   2.4078790e+06   2.0263672e+01
   2.4079290e+06   1.8859863e+01
   2.4079520e+06   1.7944336e+01
   2.4439390e+06   3.4545898e+01
   2.4439990e+06   2.4169922e+01
   2.4442260e+06   1.9958496e+01
   2.4442890e+06   1.8005371e+01
   2.4443650e+06   1.9653320e+01
   2.4448650e+06   2.0385742e+01
   2.4738330e+06   2.7770996e+01
   2.4738710e+06   1.8005371e+01
   2.4739140e+06   2.0690918e+01
   2.4739900e+06   1.9409180e+01
   2.4740130e+06   2.0141602e+01
   2.4740270e+06   1.8249512e+01
   2.4741150e+06   1.8188477e+01
   2.4741330e+06   2.6000977e+01
   2.4742920e+06   1.7822266e+01
   2.4744040e+06   1.8920898e+01
   2.4909910e+06   2.5817871e+01
   2.4910270e+06   2.6123047e+01
   2.4910630e+06   2.1301270e+01
   2.4911020e+06   1.8066406e+01
   2.4911420e+06   2.0507812e+01
   2.5051080e+06   2.9296875e+01
   2.5051380e+06   1.9470215e+01
   2.5051600e+06   2.5268555e+01
   2.5052000e+06   1.9836426e+01
   2.5052220e+06   1.7944336e+01
   2.5052440e+06   2.4047852e+01
   2.5052630e+06   2.1911621e+01
   2.5054980e+06   1.8371582e+01
   2.5056520e+06   2.1423340e+01
   2.5175290e+06   2.8747559e+01
   2.5175650e+06   2.3803711e+01
   2.5176000e+06   1.7822266e+01
   2.5176700e+06   2.2399902e+01
   2.5176830e+06   1.9287109e+01
   2.5177750e+06   2.2277832e+01
   2.5262190e+06   2.1057129e+01
   2.5262500e+06   2.4963379e+01
   2.5263830e+06   2.3559570e+01
   2.5264020e+06   1.8981934e+01
   2.5264330e+06   2.0812988e+01
   2.5366300e+06   2.6977539e+01
   2.5366510e+06   4.4189453e+01
   2.5366890e+06   3.4973145e+01
   2.5367010e+06   2.4780273e+01
   2.5367320e+06   3.1677246e+01
   2.5367730e+06   3.0578613e+01
   2.5368090e+06   2.2399902e+01
   2.5368270e+06   2.5756836e+01
   2.5368690e+06   2.1301270e+01
   2.5368930e+06   2.7038574e+01
   2.5369200e+06   2.0629883e+01
   2.5369780e+06   1.7883301e+01
   2.5370140e+06   2.4230957e+01
   2.5371650e+06   3.4179688e+01
   2.5442080e+06   2.4108887e+01
   2.5492740e+06   1.8127441e+01
   2.5493470e+06   2.8564453e+01
   2.5493860e+06   2.9907227e+01
   2.5494060e+06   3.7475586e+01
   2.5494310e+06   1.9042969e+01
   2.5494750e+06   2.4841309e+01
   2.5495340e+06   2.9174805e+01
   2.5496620e+06   2.0629883e+01
   2.5570800e+06   2.4841309e+01
   2.5571030e+06   4.2053223e+01
   2.5571140e+06   2.9724121e+01
   2.5571450e+06   2.2216797e+01
   2.5571560e+06   2.2888184e+01
   2.5571920e+06   2.8869629e+01
   2.5572210e+06   2.0812988e+01
   2.5572450e+06   2.1484375e+01
   2.5573090e+06   2.1179199e+01
   2.5573890e+06   2.7770996e+01
   2.5575450e+06   2.8381348e+01
   2.5647320e+06   2.7709961e+01
   2.5647760e+06   2.1179199e+01
   2.5648390e+06   1.8066406e+01
   2.5648670e+06   2.4353027e+01
   2.5648880e+06   4.0344238e+01
   2.5686200e+06   1.8005371e+01
   2.5687790e+06   2.1911621e+01
   2.5716260e+06   1.8615723e+01
   2.5716630e+06   1.9348145e+01
   2.5716800e+06   3.1433105e+01
   2.5717110e+06   1.9409180e+01
   2.5717260e+06   2.6550293e+01
   2.5717610e+06   2.2216797e+01
   2.5717720e+06   2.3681641e+01
   2.5718220e+06   2.2399902e+01
   2.5718730e+06   1.7944336e+01
   2.5719170e+06   2.7832031e+01
   2.5793600e+06   2.0141602e+01
   2.5793880e+06   3.8940430e+01
   2.5794210e+06   2.1057129e+01
   2.5794390e+06   2.0507813e+01
   2.5794790e+06   1.7883301e+01
   2.5795040e+06   2.8381348e+01
   2.5795970e+06   2.9785156e+01
   2.5796110e+06   1.8310547e+01
   2.5873750e+06   3.0151367e+01
   2.5874110e+06   2.0385742e+01
   2.5874250e+06   1.8981934e+01
   2.5874530e+06   2.2460938e+01
   2.5874660e+06   3.6865234e+01
   2.5874960e+06   2.1606445e+01
   2.5875150e+06   2.7404785e+01
   2.5875720e+06   3.6071777e+01
   2.5876200e+06   1.8371582e+01
   2.5876360e+06   2.2583008e+01
   2.5878100e+06   1.8554688e+01
   2.5944820e+06   2.2033691e+01
   2.5945500e+06   2.7587891e+01
   2.5945860e+06   2.8320313e+01
   2.5945980e+06   3.1188965e+01
   2.5946110e+06   2.0568848e+01
   2.5946520e+06   2.8625488e+01
   2.5947860e+06   2.7343750e+01
   2.6013750e+06   1.8554688e+01
   2.6014410e+06   2.6672363e+01
   2.6014550e+06   2.1240234e+01
   2.6014860e+06   1.8310547e+01
   2.6015150e+06   2.1484375e+01
   2.6015360e+06   3.2653809e+01
   2.6015570e+06   2.0629883e+01
   2.6016150e+06   2.8015137e+01
   2.6065570e+06   1.8371582e+01
   2.6067080e+06   1.8249512e+01
   2.6089960e+06   2.0812988e+01
   2.6091070e+06   3.2287598e+01
   2.6091340e+06   2.0202637e+01
   2.6091700e+06   5.1879883e+01
   2.6092600e+06   3.3386230e+01
   2.6143180e+06   1.9897461e+01
   2.6144150e+06   1.7883301e+01
   2.6145130e+06   3.3142090e+01
   2.6145820e+06   2.3376465e+01
   2.6192570e+06   1.7944336e+01
   2.6192870e+06   1.8310547e+01
   2.6195120e+06   1.8859863e+01
   2.6196970e+06   1.9348145e+01
   2.6244900e+06   2.0385742e+01
   2.6245340e+06   2.0446777e+01
   2.6245710e+06   3.3020020e+01
   2.6246330e+06   3.2714844e+01
   2.6246920e+06   2.5146484e+01
   2.6302600e+06   1.8310547e+01
   2.6303290e+06   2.2827148e+01
   2.6303580e+06   1.8798828e+01
   2.6303810e+06   1.9775391e+01
   2.6304110e+06   1.7944336e+01
   2.6304330e+06   3.0090332e+01
   2.6304940e+06   2.0324707e+01
   2.6362270e+06   2.0446777e+01
   2.6362400e+06   1.8554688e+01
   2.6363110e+06   3.0029297e+01
   2.6363500e+06   2.0446777e+01
   2.6363760e+06   3.4301758e+01
   2.6365690e+06   2.1911621e+01
   2.6422740e+06   1.8493652e+01
   2.6423060e+06   1.8859863e+01
   2.6423560e+06   2.4902344e+01
   2.6423840e+06   3.7719727e+01
   2.6425550e+06   1.9470215e+01
   2.6487070e+06   1.9531250e+01
   2.6487320e+06   2.2521973e+01
   2.6487530e+06   1.8737793e+01
   2.6487680e+06   4.1748047e+01
   2.6488850e+06   2.7954102e+01
   2.6490420e+06   1.8188477e+01
   2.6551060e+06   2.0446777e+01
   2.6551810e+06   1.8310547e+01
   2.6552820e+06   3.3569336e+01
   2.6553090e+06   1.9653320e+01
   2.6553980e+06   2.8076172e+01
   2.6554800e+06   1.9775391e+01
   2.6620980e+06   1.9470215e+01
   2.6621380e+06   3.4362793e+01
   2.6621990e+06   3.0822754e+01
   2.6622830e+06   3.1982422e+01
   2.6623600e+06   3.1188965e+01
   2.6690990e+06   1.9348145e+01
   2.6691400e+06   1.8615723e+01
   2.6691520e+06   2.9052734e+01
   2.6691730e+06   2.0324707e+01
   2.6692070e+06   3.2409668e+01
   2.6692850e+06   2.6611328e+01
   2.6762120e+06   2.1911621e+01
   2.6762430e+06   1.8066406e+01
   2.6762590e+06   1.8249512e+01
   2.6763400e+06   3.5949707e+01
   2.6764060e+06   2.3681641e+01
   2.6765320e+06   2.6855469e+01
   2.6836940e+06   1.9287109e+01
   2.6837200e+06   3.5705566e+01
   2.6837770e+06   3.8513184e+01
   2.6838040e+06   1.9287109e+01
   2.6838390e+06   2.6733398e+01
   2.6839330e+06   2.9357910e+01
   2.6921140e+06   1.8005371e+01
   2.6921860e+06   2.6245117e+01
   2.6921960e+06   3.7780762e+01
   2.6922300e+06   2.0263672e+01
   2.6922440e+06   2.7160645e+01
   2.6922670e+06   2.0385742e+01
   2.6922960e+06   2.3742676e+01
   2.6923530e+06   2.2277832e+01
   2.6924060e+06   2.4902344e+01
   2.6924770e+06   2.3071289e+01
   2.6925680e+06   2.8137207e+01
   2.6927040e+06   2.4536133e+01
   2.7006340e+06   3.6193848e+01
   2.7006800e+06   2.3864746e+01
   2.7007150e+06   1.9897461e+01
   2.7007250e+06   2.3986816e+01
   2.7007760e+06   2.5024414e+01
   2.7007910e+06   1.8981934e+01
   2.7008290e+06   2.3254395e+01
   2.7008930e+06   1.8676758e+01
   2.7009580e+06   2.6672363e+01
   2.7010360e+06   1.9470215e+01
   2.7011020e+06   2.0446777e+01
   2.7079310e+06   1.8493652e+01
   2.7079840e+06   3.1494141e+01
   2.7080200e+06   2.1240234e+01
   2.7080340e+06   2.8381348e+01
   2.7080870e+06   1.9897461e+01
   2.7081360e+06   2.3620605e+01
   2.7081810e+06   2.0019531e+01
   2.7081960e+06   2.0874023e+01
   2.7082750e+06   2.8137207e+01
   2.7083890e+06   2.5634766e+01
   2.7171400e+06   2.0690918e+01
   2.7171530e+06   1.9592285e+01
   2.7171790e+06   1.9104004e+01
   2.7171970e+06   2.0080566e+01
   2.7172160e+06   1.9409180e+01
   2.7172470e+06   2.1850586e+01
   2.7172590e+06   2.3925781e+01
   2.7173040e+06   1.9897461e+01
   2.7173580e+06   2.2155762e+01
   2.7174110e+06   1.8615723e+01
   2.7175460e+06   1.9470215e+01
   2.7176990e+06   1.9042969e+01
   2.7177780e+06   2.3315430e+01
   2.7266200e+06   3.5034180e+01
   2.7266480e+06   2.1057129e+01
   2.7266670e+06   2.6794434e+01
   2.7266780e+06   2.1728516e+01
   2.7267600e+06   1.8249512e+01
   2.7268100e+06   1.9897461e+01
   2.7268330e+06   1.9897461e+01
   2.7269160e+06   1.8188477e+01
   2.7269320e+06   1.8005371e+01
   2.7269980e+06   1.9531250e+01
   2.7270900e+06   1.8493652e+01
   2.7356390e+06   1.9836426e+01
   2.7356790e+06   2.0202637e+01
   2.7357280e+06   2.9541016e+01
   2.7357630e+06   2.0874023e+01
   2.7358300e+06   2.6977539e+01
   2.7358710e+06   1.9042969e+01
   2.7361160e+06   2.0812988e+01
   2.7460280e+06   1.7944336e+01
   2.7460600e+06   2.6794434e+01
   2.7461110e+06   2.3559570e+01
   2.7461520e+06   2.0385742e+01
   2.7461930e+06   2.4291992e+01
   2.7462370e+06   1.8371582e+01
   2.7463210e+06   2.5756836e+01
   2.7465380e+06   1.9592285e+01
   2.7465650e+06   1.7883301e+01
   2.7567790e+06   1.9653320e+01
   2.7568050e+06   4.1320801e+01
   2.7568470e+06   2.9663086e+01
   2.7568650e+06   2.1301270e+01
   2.7568930e+06   2.2644043e+01
   2.7569130e+06   2.0690918e+01
   2.7569740e+06   1.9470215e+01
   2.7570060e+06   2.9174805e+01
   2.7570900e+06   1.8127441e+01
   2.7571320e+06   1.8615723e+01
   2.7571500e+06   2.3864746e+01
   2.7572250e+06   1.9409180e+01
   2.7575470e+06   1.8920898e+01
   2.7668980e+06   3.6499023e+01
   2.7669410e+06   2.5085449e+01
   2.7669560e+06   2.4475098e+01
   2.7669870e+06   2.1423340e+01
   2.7670120e+06   2.3681641e+01
   2.7670870e+06   1.9409180e+01
   2.7671820e+06   2.3925781e+01
   2.7672400e+06   1.8371582e+01
   2.7673490e+06   1.8615723e+01
   2.7673830e+06   1.9104004e+01
   2.7761240e+06   1.9958496e+01
   2.7761350e+06   3.8818359e+01
   2.7761830e+06   2.7099609e+01
   2.7762310e+06   1.8676758e+01
   2.7762680e+06   2.3437500e+01
   2.7763100e+06   1.8127441e+01
   2.7763960e+06   1.9104004e+01
   2.7764370e+06   2.6123047e+01
   2.7764590e+06   1.9958496e+01
   2.7765200e+06   1.9714355e+01
   2.7765850e+06   1.8493652e+01
   2.7874230e+06   3.3447266e+01
   2.7874640e+06   1.8066406e+01
   2.7874800e+06   1.9470215e+01
   2.7875130e+06   3.0700684e+01
   2.7875910e+06   2.1423340e+01
   2.7876210e+06   2.2644043e+01
   2.7876410e+06   2.4536133e+01
   2.7877220e+06   2.3559570e+01
   2.7877580e+06   1.7883301e+01
   2.7878210e+06   2.7648926e+01
   2.7995080e+06   2.0385742e+01
   2.7995590e+06   2.2033691e+01
   2.7995970e+06   3.9733887e+01
   2.7996420e+06   2.3559570e+01
   2.7996560e+06   2.0202637e+01
   2.7996860e+06   2.8015137e+01
   2.7997190e+06   1.8432617e+01
   2.7997900e+06   1.8615723e+01
   2.7998160e+06   1.8310547e+01
   2.7998680e+06   2.6977539e+01
   2.7999970e+06   1.9409180e+01
   2.8000560e+06   1.8920898e+01
   2.8004260e+06   2.1240234e+01
   2.8158800e+06   2.0629883e+01
   2.8159300e+06   1.7944336e+01
   2.8159860e+06   2.7587891e+01
   2.8160280e+06   2.7038574e+01
   2.8160670e+06   2.7465820e+01
   2.8160940e+06   2.2277832e+01
   2.8161060e+06   1.9287109e+01
   2.8161380e+06   2.3498535e+01
   2.8161820e+06   2.7282715e+01
   2.8163790e+06   2.2094727e+01
   2.8164660e+06   2.0385742e+01
   2.8166070e+06   1.8310547e+01
   2.8271900e+06   3.7658691e+01
   2.8272080e+06   1.8676758e+01
   2.8272330e+06   2.8320313e+01
   2.8272750e+06   2.0507812e+01
   2.8272910e+06   2.9113770e+01
   2.8273180e+06   2.1911621e+01
   2.8273680e+06   1.9348145e+01
   2.8275400e+06   2.0996094e+01
   2.8277160e+06   2.0080566e+01
   2.8277320e+06   1.8188477e+01
   2.8390930e+06   3.3081055e+01
   2.8391360e+06   4.1503906e+01
   2.8391630e+06   2.7404785e+01
   2.8391760e+06   3.1738281e+01
   2.8392090e+06   2.3254395e+01
   2.8395280e+06   1.7944336e+01
   2.8397080e+06   1.7883301e+01
   2.8398580e+06   1.9531250e+01
   2.8496340e+06   3.3020020e+01
   2.8496710e+06   2.0751953e+01
   2.8496840e+06   2.6977539e+01
   2.8497170e+06   2.0019531e+01
   2.8497500e+06   1.8432617e+01
   2.8497730e+06   2.4291992e+01
   2.8498170e+06   2.4902344e+01
   2.8498270e+06   2.0080566e+01
   2.8498790e+06   2.3254395e+01
   2.8500680e+06   1.8005371e+01
   2.8501350e+06   2.0019531e+01
   2.8502170e+06   1.8249512e+01
   2.8608610e+06   3.7719727e+01
   2.8608830e+06   2.2644043e+01
   2.8609220e+06   2.4780273e+01
   2.8609430e+06   3.0212402e+01
   2.8609860e+06   1.9226074e+01
   2.8610120e+06   1.8676758e+01
   2.8610910e+06   1.8249512e+01
   2.8612040e+06   2.1972656e+01
   2.8613380e+06   1.8127441e+01
   2.8614060e+06   2.0568848e+01
   2.8722440e+06   2.6794434e+01
   2.8722610e+06   2.3742676e+01
   2.8722870e+06   2.7832031e+01
   2.8723010e+06   2.5878906e+01
   2.8723220e+06   2.3620605e+01
   2.8723330e+06   1.7883301e+01
   2.8723440e+06   2.3742676e+01
   2.8723740e+06   2.0507813e+01
   2.8724230e+06   2.2827148e+01
   2.8725340e+06   1.7944336e+01
   2.8726440e+06   1.7822266e+01
   2.8727140e+06   1.8493652e+01
   2.8835980e+06   3.7536621e+01
   2.8836080e+06   1.9348145e+01
   2.8836410e+06   3.2409668e+01
   2.8836860e+06   2.3803711e+01
   2.8837150e+06   2.8259277e+01
   2.8837290e+06   1.9531250e+01
   2.8837980e+06   2.0324707e+01
   2.8838280e+06   2.0141602e+01
   2.8838760e+06   1.9348145e+01
   2.8840270e+06   1.8981934e+01
   2.8840600e+06   2.4414062e+01
   2.8841420e+06   1.9958496e+01
   2.8968500e+06   3.5217285e+01
   2.8968750e+06   2.0141602e+01
   2.8968950e+06   3.1555176e+01
   2.8969320e+06   2.1423340e+01
   2.8969650e+06   1.9592285e+01
   2.8970170e+06   2.0874023e+01
   2.8971790e+06   1.7883301e+01
   2.8972450e+06   1.8676758e+01
   2.8976890e+06   1.7883301e+01
   2.9128090e+06   2.3376465e+01
   2.9128680e+06   2.0080566e+01
   2.9128910e+06   1.9592285e+01
   2.9129050e+06   1.9897461e+01
   2.9129320e+06   3.3386230e+01
   2.9129520e+06   2.2949219e+01
   2.9129660e+06   1.8737793e+01
   2.9129930e+06   2.2338867e+01
   2.9130600e+06   2.0263672e+01
   2.9132540e+06   2.2949219e+01
   2.9133660e+06   2.0690918e+01
   2.9135820e+06   2.2338867e+01
   2.9265380e+06   2.3254395e+01
   2.9266230e+06   1.8188477e+01
   2.9266560e+06   3.2104492e+01
   2.9266660e+06   1.9836426e+01
   2.9266890e+06   2.5268555e+01
   2.9267080e+06   2.3742676e+01
   2.9267340e+06   2.7282715e+01
   2.9267570e+06   1.8798828e+01
   2.9267760e+06   2.5085449e+01
   2.9268220e+06   2.3315430e+01
   2.9270130e+06   1.9714355e+01
   2.9272020e+06   1.9592285e+01
   2.9272690e+06   1.9165039e+01
   2.9273420e+06   1.8676758e+01
   2.9274380e+06   1.8066406e+01
   2.9379100e+06   1.8127441e+01
   2.9379490e+06   1.8554688e+01
   2.9379830e+06   3.3203125e+01
   2.9380020e+06   3.1066895e+01
   2.9380250e+06   3.1677246e+01
   2.9380670e+06   2.6733398e+01
   2.9381080e+06   1.9897461e+01
   2.9381740e+06   1.8005371e+01
   2.9382090e+06   1.9653320e+01
   2.9382590e+06   1.9104004e+01
   2.9383160e+06   1.8859863e+01
