   3.0000000e+06   0.0000000e+00
   7.1460000e+03   1.9653320e+01
   1.0975000e+04   2.4902344e+01
   1.1030000e+04   2.3559570e+01
   1.1050000e+04   2.4414062e+01
   1.1072000e+04   4.3945312e+01
   1.1105000e+04   2.2888184e+01
   1.5938000e+04   2.0690918e+01
   1.5971000e+04   2.1789551e+01
   1.5987000e+04   4.1076660e+01
   1.6015000e+04   2.0202637e+01
   1.6031000e+04   2.9479980e+01
   1.6051000e+04   2.6489258e+01
   1.6062000e+04   5.9997559e+01
   1.6090000e+04   2.2033691e+01
   1.6130000e+04   5.5175781e+01
   1.6234000e+04   5.3527832e+01
   1.6387000e+04   2.0080566e+01
   2.4695000e+04   2.1545410e+01
   2.4730000e+04   1.9897461e+01
   2.4740000e+04   2.5390625e+01
   2.4792000e+04   2.3803711e+01
   2.4803000e+04   2.6733398e+01
   2.4826000e+04   3.3203125e+01
   2.4845000e+04   4.7729492e+01
   2.4858000e+04   3.0578613e+01
   2.4888000e+04   2.4291992e+01
   2.4973000e+04   4.5349121e+01
   3.9303000e+04   2.6062012e+01
   3.9337000e+04   5.1696777e+01
   3.9349000e+04   2.8381348e+01
   3.9383000e+04   2.3620605e+01
   3.9403000e+04   3.8085938e+01
   3.9433000e+04   3.0029297e+01
   3.9446000e+04   4.0527344e+01
   3.9479000e+04   2.9174805e+01
   3.9505000e+04   5.3588867e+01
   3.9634000e+04   4.6447754e+01
   4.8754000e+04   4.2663574e+01
   4.8765000e+04   2.6245117e+01
   4.8789000e+04   3.6987305e+01
   4.8816000e+04   2.3071289e+01
   4.8842000e+04   2.9541016e+01
   4.8855000e+04   3.0395508e+01
   4.8891000e+04   4.8034668e+01
   4.8924000e+04   5.3833008e+01
   4.8945000e+04   4.1076660e+01
   4.9023000e+04   5.1696777e+01
   4.9056000e+04   3.5278320e+01
   5.5237000e+04   5.0292969e+01
   5.5292000e+04   4.8217773e+01
   5.5302000e+04   4.1320801e+01
   5.5324000e+04   2.7954102e+01
   5.5349000e+04   3.9550781e+01
   5.5405000e+04   4.1564941e+01
   5.5549000e+04   5.0720215e+01
   6.3180000e+04   2.0568848e+01
   6.3192000e+04   4.6813965e+01
   6.3210000e+04   2.9785156e+01
   6.3234000e+04   7.5683594e+01
   6.3248000e+04   2.3620605e+01
   6.3283000e+04   4.6752930e+01
   6.3310000e+04   2.4841309e+01
   6.3337000e+04   5.3894043e+01
   6.3382000e+04   3.8085938e+01
   6.3408000e+04   4.0710449e+01
   6.3459000e+04   4.9011230e+01
   6.9251000e+04   4.8339844e+01
   6.9265000e+04   5.4260254e+01
   6.9286000e+04   2.9968262e+01
   6.9299000e+04   7.7270508e+01
   6.9355000e+04   1.0375977e+02
   6.9372000e+04   2.3254395e+01
   6.9413000e+04   5.5297852e+01
   6.9441000e+04   3.0578613e+01
   6.9485000e+04   3.8391113e+01
   6.9522000e+04   2.6733398e+01
   6.9538000e+04   2.3681641e+01
   6.9586000e+04   3.7963867e+01
   7.6108000e+04   5.3039551e+01
   7.6124000e+04   5.0415039e+01
   7.6156000e+04   5.5603027e+01
   7.6181000e+04   3.3386230e+01
   7.6205000e+04   3.4423828e+01
   7.6232000e+04   2.3193359e+01
   7.6255000e+04   6.2255859e+01
   7.6281000e+04   2.8686523e+01
   7.6318000e+04   4.5349121e+01
   7.6475000e+04   4.0100098e+01
   8.2743000e+04   4.7424316e+01
   8.2768000e+04   3.1433105e+01
   8.2780000e+04   6.9152832e+01
   8.2819000e+04   8.6608887e+01
   8.2845000e+04   3.9306641e+01
   8.2855000e+04   4.2419434e+01
   8.2886000e+04   3.1188965e+01
   8.2906000e+04   4.8706055e+01
   8.2942000e+04   3.1127930e+01
   8.2961000e+04   2.8015137e+01
   8.3028000e+04   3.9062500e+01
   8.9764000e+04   1.9775391e+01
   8.9783000e+04   4.5410156e+01
   8.9798000e+04   2.6245117e+01
   8.9813000e+04   3.1188965e+01
   8.9826000e+04   4.8217773e+01
   8.9854000e+04   4.3212891e+01
   8.9866000e+04   5.2062988e+01
   8.9899000e+04   5.7434082e+01
   8.9909000e+04   5.8105469e+01
   8.9960000e+04   4.1748047e+01
   9.0019000e+04   3.4912109e+01
   9.0086000e+04   4.5288086e+01
   9.4070000e+04   4.3212891e+01
   9.4130000e+04   5.6152344e+01
   9.4143000e+04   5.7434082e+01
   9.4193000e+04   3.9184570e+01
   9.4217000e+04   3.3325195e+01
   9.4275000e+04   3.9245605e+01
   9.4381000e+04   4.2541504e+01
   9.4392000e+04   3.4301758e+01
   9.8099000e+04   4.4311523e+01
   9.8125000e+04   4.1381836e+01
   9.8158000e+04   4.4921875e+01
   9.8172000e+04   4.1381836e+01
   9.8188000e+04   3.3142090e+01
   9.8234000e+04   4.3395996e+01
   9.8286000e+04   3.0944824e+01
   9.8306000e+04   3.9794922e+01
   1.0222200e+05   4.0039062e+01
   1.0225300e+05   2.0690918e+01
   1.0226300e+05   5.4138184e+01
   1.0229300e+05   3.3447266e+01
   1.0230500e+05   6.0363770e+01
   1.0234600e+05   2.7648926e+01
   1.0236400e+05   3.9001465e+01
   1.0237800e+05   2.6489258e+01
   1.0244700e+05   4.7485352e+01
   1.0708500e+05   4.7973633e+01
   1.0711400e+05   2.7587891e+01
   1.0712700e+05   5.0903320e+01
   1.0716400e+05   4.5654297e+01
   1.0719200e+05   3.1311035e+01
   1.0720900e+05   6.4941406e+01
   1.0723100e+05   2.6123047e+01
   1.0728100e+05   3.5156250e+01
   1.1186400e+05   4.5104980e+01
   1.1188700e+05   3.3630371e+01
   1.1190600e+05   4.6936035e+01
   1.1191900e+05   2.8259277e+01
   1.1194800e+05   4.0161133e+01
   1.1196900e+05   2.6000977e+01
   1.1197900e+05   3.5461426e+01
   1.1200700e+05   4.1076660e+01
   1.1203700e+05   2.8930664e+01
   1.1207500e+05   4.2602539e+01
   1.1719200e+05   3.9916992e+01
   1.1722300e+05   5.6701660e+01
   1.1724000e+05   7.0922852e+01
   1.1726500e+05   4.9621582e+01
   1.1729000e+05   3.4179688e+01
   1.1730800e+05   5.1452637e+01
   1.1732700e+05   3.7292480e+01
   1.1736300e+05   3.6560059e+01
   1.1738500e+05   2.0385742e+01
   1.1740500e+05   3.6071777e+01
   1.1745100e+05   3.8208008e+01
   1.2284400e+05   4.4128418e+01
   1.2285600e+05   2.0751953e+01
   1.2287900e+05   5.5908203e+01
   1.2289600e+05   7.6538086e+01
   1.2291800e+05   3.0212402e+01
   1.2293600e+05   3.2409668e+01
   1.2296000e+05   3.2897949e+01
   1.2301900e+05   3.6315918e+01
   1.2304600e+05   2.9724121e+01
   1.2308100e+05   4.4067383e+01
   1.2316800e+05   4.1442871e+01
   1.2848700e+05   4.4250488e+01
   1.2849700e+05   3.5766602e+01
   1.2852400e+05   8.5327148e+01
   1.2856800e+05   5.0109863e+01
   1.2858900e+05   2.9663086e+01
   1.2860700e+05   3.3203125e+01
   1.2863700e+05   2.3498535e+01
   1.2867700e+05   4.6936035e+01
   1.2870800e+05   4.2419434e+01
   1.2874700e+05   3.8696289e+01
   1.2896700e+05   3.8757324e+01
   1.3423600e+05   4.4738770e+01
   1.3425100e+05   2.6550293e+01
   1.3427700e+05   4.8461914e+01
   1.3428800e+05   4.2541504e+01
   1.3433300e+05   5.0842285e+01
   1.3435800e+05   4.7180176e+01
   1.3440800e+05   6.7749023e+01
   1.3442600e+05   3.6865234e+01
   1.3446800e+05   3.8146973e+01
   1.3460600e+05   4.5837402e+01
   1.4053000e+05   5.4809570e+01
   1.4056300e+05   3.6254883e+01
   1.4059600e+05   3.5827637e+01
   1.4062000e+05   2.3010254e+01
   1.4064300e+05   3.8818359e+01
   1.4066700e+05   2.9663086e+01
   1.4069300e+05   2.2277832e+01
   1.4070800e+05   3.6499023e+01
   1.4076800e+05   4.0954590e+01
   1.4079700e+05   3.6071777e+01
   1.4084900e+05   3.8940430e+01
   1.4709000e+05   4.0527344e+01
   1.4710000e+05   4.1625977e+01
   1.4712600e+05   8.6914062e+01
   1.4714000e+05   2.7526855e+01
   1.4716200e+05   3.9428711e+01
   1.4718600e+05   3.7963867e+01
   1.4719800e+05   2.3315430e+01
   1.4726300e+05   3.7719727e+01
   1.4728400e+05   2.2094727e+01
   1.4732500e+05   4.2297363e+01
   1.4739700e+05   3.2409668e+01
   1.4740900e+05   2.4108887e+01
   1.5341200e+05   4.2968750e+01
   1.5344900e+05   5.8959961e+01
   1.5346500e+05   2.4353027e+01
   1.5348100e+05   4.2968750e+01
   1.5351700e+05   4.6264648e+01
   1.5352700e+05   2.3620605e+01
   1.5354900e+05   2.8930664e+01
   1.5357100e+05   2.1911621e+01
   1.5358300e+05   4.0039062e+01
   1.5360800e+05   2.2216797e+01
   1.5364400e+05   4.0893555e+01
   1.5366400e+05   3.0395508e+01
   1.5372300e+05   4.2785645e+01
   1.5386200e+05   3.9306641e+01
   1.6024000e+05   4.3823242e+01
   1.6025600e+05   3.8085938e+01
   1.6027600e+05   9.3078613e+01
   1.6030800e+05   3.2348633e+01
   1.6031800e+05   5.1147461e+01
   1.6034900e+05   4.0039062e+01
   1.6037700e+05   5.0354004e+01
   1.6040900e+05   4.1870117e+01
   1.6044000e+05   4.3640137e+01
   1.6047100e+05   2.0080566e+01
   1.6050000e+05   5.2062988e+01
   1.6057000e+05   3.4545898e+01
   1.6063300e+05   2.7893066e+01
   1.6068200e+05   4.4128418e+01
   1.6737400e+05   5.2856445e+01
   1.6740100e+05   5.7373047e+01
   1.6741800e+05   5.8410645e+01
   1.6744700e+05   6.1096191e+01
   1.6747000e+05   5.2062988e+01
   1.6748400e+05   5.6762695e+01
   1.6752500e+05   6.7871094e+01
   1.6754400e+05   2.2033691e+01
   1.6757400e+05   3.9916992e+01
   1.6761500e+05   6.0363770e+01
   1.6764200e+05   2.6123047e+01
   1.6766600e+05   4.0710449e+01
   1.6775100e+05   4.5104980e+01
   1.6783200e+05   4.7973633e+01
   1.6794500e+05   3.7902832e+01
   1.7420100e+05   5.8410645e+01
   1.7421600e+05   3.6254883e+01
   1.7423800e+05   6.0913086e+01
   1.7424800e+05   6.3964844e+01
   1.7427100e+05   3.5827637e+01
   1.7429000e+05   4.8400879e+01
   1.7430700e+05   3.0517578e+01
   1.7433100e+05   3.9428711e+01
   1.7434500e+05   5.4016113e+01
   1.7436700e+05   2.4536133e+01
   1.7439800e+05   3.2165527e+01
   1.7443000e+05   2.3986816e+01
   1.7444700e+05   4.9438477e+01
   1.7447200e+05   2.9907227e+01
   1.7450700e+05   4.2297363e+01
   1.7459800e+05   3.5034180e+01
   1.7463000e+05   2.3559570e+01
   1.8104800e+05   2.0019531e+01
   1.8107300e+05   5.0598145e+01
   1.8111000e+05   1.2048340e+02
   1.8113200e+05   4.7607422e+01
   1.8115000e+05   8.7341309e+01
   1.8116600e+05   4.0710449e+01
   1.8119100e+05   5.5786133e+01
   1.8120800e+05   5.6884766e+01
   1.8123300e+05   5.1635742e+01
   1.8125400e+05   2.2827148e+01
   1.8128700e+05   3.8085938e+01
   1.8130600e+05   6.3415527e+01
   1.8132100e+05   2.3925781e+01
   1.8134600e+05   3.1311035e+01
   1.8136100e+05   2.2521973e+01
   1.8138500e+05   3.7780762e+01
   1.8141800e+05   3.3996582e+01
   1.8144600e+05   3.5583496e+01
   1.8147900e+05   2.8747559e+01
   1.8849300e+05   5.0842285e+01
   1.8850800e+05   5.1208496e+01
   1.8852200e+05   6.3903809e+01
   1.8853700e+05   5.2917480e+01
   1.8857700e+05   4.1992188e+01
   1.8859900e+05   3.3630371e+01
   1.8860900e+05   4.7241211e+01
   1.8863500e+05   2.9541016e+01
   1.8865900e+05   2.8930664e+01
   1.8867300e+05   2.8991699e+01
   1.8869800e+05   2.9968262e+01
   1.8870800e+05   2.3071289e+01
   1.8873100e+05   2.0263672e+01
   1.8876200e+05   2.3803711e+01
   1.8880300e+05   2.5756836e+01
   1.8881300e+05   3.6254883e+01
   1.8884300e+05   3.3264160e+01
   1.8885800e+05   2.9357910e+01
   1.8889000e+05   3.2043457e+01
   1.8895200e+05   2.8625488e+01
   1.8898700e+05   3.5644531e+01
   1.9548200e+05   4.4311523e+01
   1.9550300e+05   6.3781738e+01
   1.9554000e+05   6.7138672e+01
   1.9555600e+05   3.7475586e+01
   1.9557900e+05   8.6547852e+01
   1.9559300e+05   3.8269043e+01
   1.9561600e+05   3.0090332e+01
   1.9565400e+05   4.8706055e+01
   1.9567200e+05   3.5888672e+01
   1.9569500e+05   3.4484863e+01
   1.9570900e+05   2.8076172e+01
   1.9573100e+05   2.6306152e+01
   1.9574100e+05   2.6306152e+01
   1.9579200e+05   2.2766113e+01
   1.9581200e+05   7.2692871e+01
   1.9584100e+05   2.1240234e+01
   1.9585400e+05   2.6306152e+01
   1.9587800e+05   2.4780273e+01
   1.9589800e+05   2.6550293e+01
   1.9593400e+05   3.4057617e+01
   1.9597200e+05   2.8625488e+01
   2.0293100e+05   3.5461426e+01
   2.0294100e+05   2.2949219e+01
   2.0295400e+05   5.5419922e+01
   2.0297300e+05   6.7810059e+01
   2.0298500e+05   6.9335938e+01
   2.0300700e+05   5.7434082e+01
   2.0302600e+05   3.2104492e+01
   2.0303700e+05   4.3273926e+01
   2.0305800e+05   2.0568848e+01
   2.0307600e+05   1.9653320e+01
   2.0308700e+05   6.9763184e+01
   2.0311300e+05   6.6833496e+01
   2.0313800e+05   4.1320801e+01
   2.0318900e+05   3.3508301e+01
   2.0320400e+05   7.5683594e+01
   2.0323000e+05   4.5349121e+01
   2.0324900e+05   2.0141602e+01
   2.0330000e+05   3.0700684e+01
   2.0331400e+05   4.0893555e+01
   2.0337300e+05   6.3415527e+01
   2.0338900e+05   2.1301270e+01
   2.0345400e+05   3.0151367e+01
   2.0350300e+05   4.6936035e+01
   2.1032000e+05   2.4230957e+01
   2.1035100e+05   4.1625977e+01
   2.1036500e+05   8.4106445e+01
   2.1040200e+05   5.2368164e+01
   2.1042400e+05   2.6611328e+01
   2.1043400e+05   4.7546387e+01
   2.1045000e+05   3.9428711e+01
   2.1047500e+05   3.2043457e+01
   2.1049700e+05   2.5756836e+01
   2.1052000e+05   5.1330566e+01
   2.1053600e+05   3.6132812e+01
   2.1056600e+05   2.6489258e+01
   2.1058000e+05   3.0639648e+01
   2.1062700e+05   3.9733887e+01
   2.1063700e+05   5.0537109e+01
   2.1068700e+05   4.6264648e+01
   2.1069800e+05   2.8930664e+01
   2.1070900e+05   3.3874512e+01
   2.1074800e+05   2.0690918e+01
   2.1077600e+05   2.2399902e+01
   2.1079300e+05   3.3752441e+01
   2.1920100e+05   4.3762207e+01
   2.1921100e+05   4.5898438e+01
   2.1923800e+05   8.9233398e+01
   2.1926100e+05   3.5522461e+01
   2.1927400e+05   7.3120117e+01
   2.1930300e+05   2.9296875e+01
   2.1932800e+05   6.3415527e+01
   2.1937300e+05   3.1860352e+01
   2.1938800e+05   4.1564941e+01
   2.1940900e+05   3.5034180e+01
   2.1943400e+05   2.6123047e+01
   2.1945300e+05   3.7597656e+01
   2.1947800e+05   2.4719238e+01
   2.1951700e+05   2.4047852e+01
   2.1953500e+05   3.1494141e+01
   2.1957200e+05   2.5268555e+01
   2.1959100e+05   2.4536133e+01
   2.1960800e+05   2.0507812e+01
   2.1963400e+05   3.4057617e+01
   2.1966400e+05   2.1667480e+01
   2.1968800e+05   3.8696289e+01
   2.1972000e+05   3.3996582e+01
   2.1974300e+05   3.8818359e+01
   2.1976900e+05   2.6916504e+01
   2.1983900e+05   2.8686523e+01
   2.1987000e+05   1.9836426e+01
   2.2727100e+05   5.4748535e+01
   2.2729200e+05   4.3884277e+01
   2.2730700e+05   2.5756836e+01
   2.2732600e+05   8.2336426e+01
   2.2735700e+05   5.2307129e+01
   2.2736900e+05   8.3557129e+01
   2.2741600e+05   6.7687988e+01
   2.2743000e+05   6.7382812e+01
   2.2746200e+05   4.8461914e+01
   2.2747200e+05   3.3142090e+01
   2.2750700e+05   2.9113770e+01
   2.2753500e+05   3.5705566e+01
   2.2756200e+05   2.0202637e+01
   2.2759400e+05   3.4301758e+01
   2.2763500e+05   3.7353516e+01
   2.2764500e+05   2.8930664e+01
   2.2766700e+05   4.3884277e+01
   2.2770800e+05   2.5634766e+01
   2.2772800e+05   2.1728516e+01
   2.2778300e+05   3.4790039e+01
   2.2781100e+05   2.1545410e+01
   2.2783700e+05   3.0456543e+01
   2.2785900e+05   1.9409180e+01
   2.2789900e+05   2.0568848e+01
   2.3630700e+05   7.1350098e+01
   2.3633500e+05   2.4291992e+01
   2.3635000e+05   1.2164307e+02
   2.3638400e+05   8.1665039e+01
   2.3640200e+05   4.9377441e+01
   2.3642400e+05   2.6062012e+01
   2.3643600e+05   4.0832520e+01
   2.3646200e+05   1.9775391e+01
   2.3648200e+05   3.3874512e+01
   2.3650200e+05   2.5695801e+01
   2.3651700e+05   2.8564453e+01
   2.3654700e+05   2.1484375e+01
   2.3657000e+05   2.0324707e+01
   2.3659900e+05   2.3376465e+01
   2.3662300e+05   3.8513184e+01
   2.3663400e+05   1.9897461e+01
   2.3667200e+05   4.4738770e+01
   2.3668200e+05   3.4118652e+01
   2.3669900e+05   2.5634766e+01
   2.3672700e+05   3.2592773e+01
   2.3674600e+05   2.1423340e+01
   2.3677300e+05   2.1118164e+01
   2.3678600e+05   2.6794434e+01
   2.3680600e+05   2.3620605e+01
   2.3685800e+05   2.1850586e+01
   2.3687600e+05   2.5085449e+01
   2.3691200e+05   3.6865234e+01
   2.3692800e+05   2.1179199e+01
   2.3697800e+05   2.0446777e+01
   2.3700800e+05   2.7893066e+01
   2.4541400e+05   2.7221680e+01
   2.4543500e+05   6.5551758e+01
   2.4546000e+05   3.6376953e+01
   2.4547100e+05   1.1621094e+02
   2.4550700e+05   7.2448730e+01
   2.4552400e+05   5.1147461e+01
   2.4555300e+05   3.9978027e+01
   2.4561100e+05   1.9470215e+01
   2.4563400e+05   1.9836426e+01
   2.4564700e+05   2.9785156e+01
   2.4567700e+05   2.5329590e+01
   2.4571100e+05   2.6123047e+01
   2.4574100e+05   2.0202637e+01
   2.4576100e+05   2.2094727e+01
   2.4580100e+05   4.5776367e+01
   2.4581300e+05   2.2583008e+01
   2.4587600e+05   3.3142090e+01
   2.4591800e+05   2.7648926e+01
   2.4603100e+05   2.5390625e+01
   2.5422800e+05   6.3537598e+01
   2.5423900e+05   3.4240723e+01
   2.5427000e+05   1.1016846e+02
   2.5428600e+05   3.8513184e+01
   2.5429700e+05   2.6245117e+01
   2.5432300e+05   6.9885254e+01
   2.5433700e+05   2.3742676e+01
   2.5438500e+05   2.0019531e+01
   2.5442400e+05   3.1127930e+01
   2.5443600e+05   1.9531250e+01
   2.5445500e+05   4.0161133e+01
   2.5448400e+05   2.9663086e+01
   2.5450400e+05   3.5034180e+01
   2.5453600e+05   3.5217285e+01
   2.5455100e+05   2.3620605e+01
   2.5459500e+05   2.8198242e+01
   2.5461800e+05   2.1118164e+01
   2.5465900e+05   4.3884277e+01
   2.5469400e+05   3.0456543e+01
   2.5473200e+05   4.1442871e+01
   2.5481700e+05   3.0212402e+01
   2.5496300e+05   3.0761719e+01
   2.5500200e+05   2.1728516e+01
   2.6461900e+05   2.2949219e+01
   2.6463400e+05   4.6569824e+01
   2.6464700e+05   3.9001465e+01
   2.6467100e+05   1.3684082e+02
   2.6470700e+05   6.7504883e+01
   2.6472600e+05   6.3354492e+01
   2.6475600e+05   4.7302246e+01
   2.6480000e+05   4.3640137e+01
   2.6482300e+05   2.8625488e+01
   2.6484300e+05   3.0944824e+01
   2.6487000e+05   2.9907227e+01
   2.6489600e+05   2.0141602e+01
   2.6491100e+05   3.3752441e+01
   2.6494300e+05   2.2583008e+01
   2.6496700e+05   3.5339355e+01
   2.6498500e+05   2.0019531e+01
   2.6502700e+05   2.3559570e+01
   2.6504900e+05   2.1057129e+01
   2.6507200e+05   1.9470215e+01
   2.6514200e+05   2.2155762e+01
   2.6520900e+05   3.3935547e+01
   2.6522800e+05   2.8869629e+01
   2.6528300e+05   2.0446777e+01
   2.6532000e+05   2.2888184e+01
   2.6546600e+05   2.1240234e+01
   2.6559200e+05   3.1677246e+01
   2.7426500e+05   2.6916504e+01
   2.7429000e+05   6.7626953e+01
   2.7431900e+05   2.3376465e+01
   2.7433400e+05   1.0162354e+02
   2.7435200e+05   2.1362305e+01
   2.7438900e+05   7.2692871e+01
   2.7442500e+05   4.3212891e+01
   2.7445200e+05   3.5583496e+01
   2.7447900e+05   2.5634766e+01
   2.7451000e+05   3.3630371e+01
   2.7452900e+05   4.6325684e+01
   2.7455900e+05   3.9733887e+01
   2.7460000e+05   2.2399902e+01
   2.7463900e+05   3.1677246e+01
   2.7465800e+05   2.8991699e+01
   2.7470300e+05   2.5939941e+01
   2.7471600e+05   3.4545898e+01
   2.7473800e+05   2.1423340e+01
   2.7480200e+05   2.2705078e+01
   2.7482900e+05   2.0874023e+01
   2.7489000e+05   3.1738281e+01
   2.7496300e+05   3.4362793e+01
   2.8582200e+05   2.6855469e+01
   2.8584800e+05   5.8776855e+01
   2.8588100e+05   1.0528564e+02
   2.8591400e+05   7.4340820e+01
   2.8593700e+05   3.7597656e+01
   2.8595900e+05   5.1635742e+01
   2.8597000e+05   3.4362793e+01
   2.8600300e+05   3.3996582e+01
   2.8602400e+05   2.4291992e+01
   2.8604100e+05   3.1982422e+01
   2.8609400e+05   2.4536133e+01
   2.8611400e+05   2.1240234e+01
   2.8618100e+05   2.5085449e+01
   2.8621500e+05   2.7343750e+01
   2.8624700e+05   2.9418945e+01
   2.8631100e+05   2.5024414e+01
   2.8634600e+05   2.1789551e+01
   2.8639400e+05   2.0996094e+01
   2.8642100e+05   3.0151367e+01
   2.8648700e+05   3.9306641e+01
   2.8650100e+05   2.4169922e+01
   2.8655800e+05   2.3437500e+01
   2.8672800e+05   3.0822754e+01
   2.9717000e+05   2.7709961e+01
   2.9719100e+05   6.0607910e+01
   2.9721700e+05   2.1606445e+01
   2.9722900e+05   1.1138916e+02
   2.9726400e+05   8.3251953e+01
   2.9728400e+05   4.3212891e+01
   2.9731700e+05   3.0883789e+01
   2.9734600e+05   3.9611816e+01
   2.9740300e+05   3.3630371e+01
   2.9741800e+05   2.4719238e+01
   2.9744300e+05   3.2043457e+01
   2.9748800e+05   2.2888184e+01
   2.9751600e+05   2.5573730e+01
   2.9753000e+05   2.4719238e+01
   2.9756400e+05   2.2644043e+01
   2.9760400e+05   3.5583496e+01
   2.9764100e+05   2.3254395e+01
   2.9767000e+05   2.7648926e+01
   2.9775400e+05   2.8686523e+01
   2.9782900e+05   2.0141602e+01
   2.9792800e+05   2.5268555e+01
   3.0890300e+05   2.1057129e+01
   3.0892600e+05   3.3447266e+01
   3.0894000e+05   8.1115723e+01
   3.0897100e+05   9.0942383e+01
   3.0898500e+05   3.7292480e+01
   3.0900900e+05   7.3791504e+01
   3.0905200e+05   4.9621582e+01
   3.0906200e+05   3.8513184e+01
   3.0910400e+05   2.6855469e+01
   3.0911600e+05   2.3864746e+01
   3.0914200e+05   3.9184570e+01
   3.0920300e+05   2.1972656e+01
   3.0922000e+05   3.5827637e+01
   3.0928300e+05   3.2592773e+01
   3.0930000e+05   2.4353027e+01
   3.0933900e+05   4.0527344e+01
   3.0935000e+05   4.6264648e+01
   3.0938700e+05   2.8198242e+01
   3.0939800e+05   2.4414062e+01
   3.0942500e+05   4.5898438e+01
   3.0944500e+05   2.1057129e+01
   3.0955600e+05   2.0996094e+01
   3.0956900e+05   3.5583496e+01
   3.0963400e+05   2.9296875e+01
   3.0966100e+05   2.1972656e+01
   3.0970700e+05   2.8137207e+01
   3.1784500e+05   2.2155762e+01
   3.1795600e+05   2.0996094e+01
   3.1798700e+05   3.1616211e+01
   3.1801100e+05   2.9724121e+01
   3.1803600e+05   3.8696289e+01
   3.1807100e+05   2.6123047e+01
   3.1809900e+05   5.0781250e+01
   3.1812200e+05   2.8625488e+01
   3.1814500e+05   7.2387695e+01
   3.1815500e+05   5.6152344e+01
   3.1820300e+05   4.5288086e+01
   3.1822600e+05   3.7414551e+01
   3.1825600e+05   7.2631836e+01
   3.1828600e+05   3.9672852e+01
   3.1829700e+05   2.1911621e+01
   3.1832300e+05   2.2644043e+01
   3.1833800e+05   4.0710449e+01
   3.1837800e+05   4.4433594e+01
   3.1840200e+05   2.1850586e+01
   3.1841900e+05   2.2216797e+01
   3.1844300e+05   2.8259277e+01
   3.1846800e+05   2.0019531e+01
   3.1852500e+05   3.5095215e+01
   3.1861500e+05   4.5227051e+01
   3.2971700e+05   2.0568848e+01
   3.2974200e+05   2.2399902e+01
   3.2976000e+05   7.3425293e+01
   3.2978000e+05   2.8869629e+01
   3.2980500e+05   5.0720215e+01
   3.2982300e+05   5.4016113e+01
   3.2984600e+05   5.4626465e+01
   3.2987100e+05   2.7770996e+01
   3.2989100e+05   9.1979980e+01
   3.2992900e+05   2.6000977e+01
   3.2994300e+05   2.2766113e+01
   3.2995900e+05   2.2766113e+01
   3.2997700e+05   2.9296875e+01
   3.3000100e+05   3.5461426e+01
   3.3002300e+05   2.7465820e+01
   3.3003900e+05   2.7404785e+01
   3.3007100e+05   2.9846191e+01
   3.3010100e+05   2.0690918e+01
   3.3012300e+05   2.9907227e+01
   3.3015900e+05   2.2338867e+01
   3.3017000e+05   2.6000977e+01
   3.3020800e+05   4.2602539e+01
   3.3023000e+05   3.6682129e+01
   3.3025700e+05   2.2583008e+01
   3.3029600e+05   3.2897949e+01
   3.3031500e+05   2.8930664e+01
   3.3036100e+05   2.6977539e+01
   3.3037700e+05   3.0334473e+01
   3.3042200e+05   2.6000977e+01
   3.3044700e+05   3.2653809e+01
   3.3048700e+05   4.1442871e+01
   3.3062500e+05   3.0456543e+01
   3.4632000e+05   1.9470215e+01
   3.4635100e+05   2.8503418e+01
   3.4637700e+05   2.3254395e+01
   3.4639400e+05   2.6916504e+01
   3.4640600e+05   7.7209473e+01
   3.4642900e+05   3.8085938e+01
   3.4644700e+05   5.9509277e+01
   3.4646900e+05   9.2407227e+01
   3.4649000e+05   2.9602051e+01
   3.4650600e+05   7.0922852e+01
   3.4652900e+05   3.5034180e+01
   3.4654200e+05   2.0874023e+01
   3.4656500e+05   2.0019531e+01
   3.4658200e+05   1.9836426e+01
   3.4661000e+05   3.5644531e+01
   3.4664200e+05   2.8381348e+01
   3.4669600e+05   3.8085938e+01
   3.4672800e+05   2.3376465e+01
   3.4676700e+05   2.1972656e+01
   3.4679000e+05   2.0690918e+01
   3.4683000e+05   3.3386230e+01
   3.4687100e+05   2.4963379e+01
   3.4693700e+05   3.8757324e+01
   3.4695300e+05   2.4414062e+01
   3.4698500e+05   2.7404785e+01
   3.4704800e+05   2.2644043e+01
   3.4708400e+05   5.0415039e+01
   3.4717000e+05   2.8869629e+01
   3.4720200e+05   2.1301270e+01
   3.4726000e+05   2.1301270e+01
   3.4732100e+05   3.3325195e+01
   3.5831200e+05   2.1667480e+01
   3.5843900e+05   2.3559570e+01
   3.5846700e+05   3.3874512e+01
   3.5847900e+05   6.7260742e+01
   3.5851600e+05   2.9174805e+01
   3.5855200e+05   3.1616211e+01
   3.5857400e+05   8.5937500e+01
   3.5861100e+05   3.3630371e+01
   3.5863700e+05   3.3081055e+01
   3.5865100e+05   4.4067383e+01
   3.5868400e+05   5.1147461e+01
   3.5871900e+05   4.6569824e+01
   3.5873200e+05   4.5043945e+01
   3.5877400e+05   4.6264648e+01
   3.5878800e+05   1.9775391e+01
   3.5881500e+05   2.4902344e+01
   3.5884800e+05   4.8645020e+01
   3.5886300e+05   2.5573730e+01
   3.5892000e+05   3.1127930e+01
   3.5893000e+05   2.6000977e+01
   3.5900300e+05   4.6630859e+01
   3.5904900e+05   2.9296875e+01
   3.5906300e+05   3.0517578e+01
   3.5912000e+05   4.1870117e+01
   3.5917700e+05   2.7404785e+01
   3.5919900e+05   2.6428223e+01
   3.5927700e+05   3.4423828e+01
   3.6877500e+05   3.2226562e+01
   3.6880100e+05   2.6733398e+01
   3.6884300e+05   2.3742676e+01
   3.6886500e+05   9.2834473e+01
   3.6891100e+05   3.3508301e+01
   3.6892300e+05   5.3405762e+01
   3.6896200e+05   4.4799805e+01
   3.6899200e+05   3.8452148e+01
   3.6900700e+05   5.0781250e+01
   3.6904500e+05   5.6335449e+01
   3.6906600e+05   3.9001465e+01
   3.6908400e+05   4.4250488e+01
   3.6910700e+05   2.0080566e+01
   3.6912400e+05   2.4963379e+01
   3.6913800e+05   3.7414551e+01
   3.6917100e+05   3.5888672e+01
   3.6920400e+05   2.3010254e+01
   3.6924000e+05   2.4963379e+01
   3.6928500e+05   2.2094727e+01
   3.6931400e+05   6.0424805e+01
   3.6936800e+05   4.1442871e+01
   3.6938300e+05   2.2521973e+01
   3.6941800e+05   2.2277832e+01
   3.6943500e+05   3.1311035e+01
   3.6954600e+05   3.3752441e+01
   3.6960800e+05   2.3620605e+01
   7.9803100e+05   2.1240234e+01
   8.9637700e+05   2.0080566e+01
   9.2260200e+05   2.0568848e+01
   9.2272700e+05   1.9531250e+01
   9.5459000e+05   1.9409180e+01
   9.8145600e+05   1.9958496e+01
   9.8156100e+05   2.7160645e+01
   9.8162900e+05   2.0080566e+01
   9.8186400e+05   2.0629883e+01
   1.0280430e+06   2.1301270e+01
   1.0280970e+06   2.1728516e+01
   1.0281710e+06   2.1362305e+01
   1.0282090e+06   2.4658203e+01
   1.0285470e+06   2.1301270e+01
   1.0287600e+06   1.9531250e+01
   1.0287930e+06   2.1728516e+01
   1.0517400e+06   1.9958496e+01
   1.0517760e+06   2.0507812e+01
   1.0518290e+06   2.2338867e+01
   1.0518660e+06   2.6245117e+01
   1.0519230e+06   2.3010254e+01
   1.0783180e+06   2.4597168e+01
   1.0783540e+06   2.7832031e+01
   1.0783730e+06   1.9775391e+01
   1.0784190e+06   2.7832031e+01
   1.0784330e+06   4.4189453e+01
   1.0784960e+06   2.5878906e+01
   1.1007590e+06   2.2094727e+01
   1.1007950e+06   2.3193359e+01
   1.1008310e+06   2.4719238e+01
   1.1008420e+06   2.6428223e+01
   1.1008990e+06   3.0883789e+01
   1.1009830e+06   3.0151367e+01
   1.1163770e+06   1.9775391e+01
   1.1164050e+06   3.1799316e+01
   1.1164380e+06   2.2338867e+01
   1.1164640e+06   2.0446777e+01
   1.1164860e+06   3.5156250e+01
   1.1165210e+06   2.0568848e+01
   1.1249900e+06   2.2338867e+01
   1.1250140e+06   2.5024414e+01
   1.1250340e+06   3.2409668e+01
   1.1250680e+06   2.2705078e+01
   1.1250910e+06   2.5512695e+01
   1.1251100e+06   6.5307617e+01
   1.1251680e+06   2.6306152e+01
   1.1252590e+06   2.1545410e+01
   1.1337430e+06   3.2714844e+01
   1.1338950e+06   2.1423340e+01
   1.1422720e+06   3.2348633e+01
   1.1422880e+06   2.9418945e+01
   1.1423040e+06   2.0812988e+01
   1.1423280e+06   4.1320801e+01
   1.1423600e+06   5.8227539e+01
   1.1423700e+06   4.5288086e+01
   1.1423900e+06   4.0466309e+01
   1.1424340e+06   4.6386719e+01
   1.1424890e+06   2.9541016e+01
   1.1500840e+06   1.9653320e+01
   1.1501120e+06   2.5451660e+01
   1.1501540e+06   2.7343750e+01
   1.1502700e+06   2.2277832e+01
   1.1569430e+06   2.8930664e+01
   1.1569670e+06   3.8879395e+01
   1.1569970e+06   2.1484375e+01
   1.1570280e+06   5.4260254e+01
   1.1644370e+06   2.6123047e+01
   1.1644560e+06   2.1179199e+01
   1.1644790e+06   2.5695801e+01
   1.1645020e+06   6.3842773e+01
   1.1645330e+06   3.7658691e+01
   1.1645800e+06   6.7993164e+01
   1.1645970e+06   2.3193359e+01
   1.1646270e+06   2.6733398e+01
   1.1725580e+06   3.8574219e+01
   1.1725750e+06   5.6762695e+01
   1.1725870e+06   3.8818359e+01
   1.1726070e+06   3.6193848e+01
   1.1726490e+06   3.0517578e+01
   1.1726700e+06   2.7954102e+01
   1.1727560e+06   4.7119141e+01
   1.1800360e+06   1.9409180e+01
   1.1800800e+06   2.4475098e+01
   1.1801070e+06   1.9714355e+01
   1.1801610e+06   2.9052734e+01
   1.1802070e+06   4.9865723e+01
   1.1880060e+06   2.0568848e+01
   1.1880650e+06   3.0578613e+01
   1.1880890e+06   4.3701172e+01
   1.1881820e+06   5.2062988e+01
   1.1947540e+06   2.8137207e+01
   1.1947890e+06   5.6579590e+01
   1.1948350e+06   1.9531250e+01
   1.1948690e+06   2.7526855e+01
   1.1948830e+06   4.6386719e+01
   1.1949800e+06   2.4291992e+01
   1.2018480e+06   1.9531250e+01
   1.2018700e+06   3.8330078e+01
   1.2018900e+06   3.0944824e+01
   1.2019410e+06   3.1555176e+01
   1.2019660e+06   2.1972656e+01
   1.2019780e+06   4.7912598e+01
   1.2077860e+06   1.9775391e+01
   1.2077990e+06   2.4414063e+01
   1.2078320e+06   1.9653320e+01
   1.2078480e+06   4.8095703e+01
   1.2079070e+06   3.0822754e+01
   1.2079710e+06   4.2541504e+01
   1.2150590e+06   4.4677734e+01
   1.2150800e+06   2.3681641e+01
   1.2150950e+06   2.0080566e+01
   1.2151590e+06   7.1716309e+01
   1.2151720e+06   2.4475098e+01
   1.2152690e+06   2.0019531e+01
   1.2208600e+06   2.1301270e+01
   1.2208880e+06   2.4719238e+01
   1.2209290e+06   4.6508789e+01
   1.2209620e+06   2.9846191e+01
   1.2255850e+06   2.0202637e+01
   1.2293350e+06   3.1555176e+01
   1.2293530e+06   6.4270020e+01
   1.2341420e+06   4.3273926e+01
   1.2342360e+06   1.9836426e+01
   1.2391530e+06   2.5085449e+01
   1.2391850e+06   5.2062988e+01
   1.2392650e+06   4.8095703e+01
   1.2393820e+06   3.9855957e+01
   1.2447880e+06   4.5959473e+01
   1.2507790e+06   5.0659180e+01
   1.2508230e+06   2.2949219e+01
   1.2508410e+06   4.2114258e+01
   1.2510420e+06   2.9724121e+01
   1.2510540e+06   5.2612305e+01
   1.2581580e+06   4.8889160e+01
   1.2582450e+06   4.9621582e+01
   1.2582640e+06   1.9897461e+01
   1.2659350e+06   5.7128906e+01
   1.2659690e+06   3.4484863e+01
   1.2659990e+06   6.0546875e+01
   1.2660550e+06   5.6457520e+01
   1.2660840e+06   2.8930664e+01
   1.2661710e+06   4.7180176e+01
   1.2733680e+06   6.2561035e+01
   1.2734420e+06   4.5532227e+01
   1.2735410e+06   3.9123535e+01
   1.2806530e+06   4.0588379e+01
   1.2807060e+06   4.9316406e+01
   1.2807420e+06   3.2348633e+01
   1.2808050e+06   5.0598145e+01
   1.2808280e+06   4.8217773e+01
   1.2809390e+06   4.1809082e+01
   1.2879070e+06   4.4006348e+01
   1.2879720e+06   4.0283203e+01
   1.2880090e+06   1.9409180e+01
   1.2880290e+06   4.2907715e+01
   1.2880810e+06   4.0222168e+01
   1.2881060e+06   2.0935059e+01
   1.2881650e+06   4.1259766e+01
   1.2881820e+06   2.8808594e+01
   1.2947510e+06   4.8767090e+01
   1.2948030e+06   4.4006348e+01
   1.2948380e+06   5.5541992e+01
   1.2948610e+06   3.1982422e+01
   1.2948770e+06   2.8198242e+01
   1.2949160e+06   5.1330566e+01
   1.2949480e+06   1.9592285e+01
   1.2949990e+06   4.0893555e+01
   1.3025720e+06   3.6926270e+01
   1.3026290e+06   3.9245605e+01
   1.3026560e+06   1.9470215e+01
   1.3026720e+06   4.5837402e+01
   1.3026890e+06   2.1301270e+01
   1.3027390e+06   6.7504883e+01
   1.3027510e+06   3.6499023e+01
   1.3028180e+06   3.4057617e+01
   1.3113440e+06   4.2663574e+01
   1.3113740e+06   4.7546387e+01
   1.3114010e+06   4.1381836e+01
   1.3114140e+06   2.9296875e+01
   1.3114420e+06   4.9743652e+01
   1.3114560e+06   2.9235840e+01
   1.3115020e+06   5.3344727e+01
   1.3115230e+06   3.2958984e+01
   1.3115500e+06   4.4311523e+01
   1.3116360e+06   3.4973145e+01
   1.3117800e+06   4.8156738e+01
   1.3200840e+06   3.7902832e+01
   1.3201280e+06   7.4157715e+01
   1.3201540e+06   2.6733398e+01
   1.3201730e+06   4.2297363e+01
   1.3202040e+06   4.8339844e+01
   1.3202140e+06   4.0161133e+01
   1.3202710e+06   3.7475586e+01
   1.3203390e+06   4.5471191e+01
   1.3204380e+06   3.3874512e+01
   1.3296880e+06   4.0466309e+01
   1.3297260e+06   5.4992676e+01
   1.3297610e+06   7.7148438e+01
   1.3298020e+06   5.3344727e+01
   1.3298340e+06   4.0954590e+01
   1.3298490e+06   3.6315918e+01
   1.3298640e+06   4.4921875e+01
   1.3298970e+06   4.6997070e+01
   1.3299750e+06   4.5898438e+01
   1.3302680e+06   4.1870117e+01
   1.3389310e+06   4.2236328e+01
   1.3389700e+06   3.6315918e+01
   1.3389880e+06   3.5766602e+01
   1.3390170e+06   3.5827637e+01
   1.3390430e+06   4.9926758e+01
   1.3390530e+06   3.1921387e+01
   1.3390990e+06   6.3049316e+01
   1.3391490e+06   3.7170410e+01
   1.3392160e+06   3.9672852e+01
   1.3393640e+06   3.8146973e+01
   1.3481010e+06   4.2907715e+01
   1.3481450e+06   3.5400391e+01
   1.3481750e+06   4.5898438e+01
   1.3481960e+06   4.2785645e+01
   1.3482340e+06   3.9550781e+01
   1.3482460e+06   2.1484375e+01
   1.3482670e+06   3.7048340e+01
   1.3482900e+06   5.7189941e+01
   1.3483230e+06   2.3071289e+01
   1.3483410e+06   4.0222168e+01
   1.3484000e+06   4.4311523e+01
   1.3485030e+06   3.3508301e+01
   1.3486280e+06   4.6813965e+01
   1.3592360e+06   4.5776367e+01
   1.3592590e+06   2.3681641e+01
   1.3592830e+06   6.5979004e+01
   1.3593030e+06   4.9438477e+01
   1.3593130e+06   2.4902344e+01
   1.3593320e+06   3.8513184e+01
   1.3593600e+06   2.7709961e+01
   1.3593770e+06   4.9072266e+01
   1.3593980e+06   3.1311035e+01
   1.3594180e+06   5.0720215e+01
   1.3594360e+06   1.9958496e+01
   1.3594610e+06   3.7658691e+01
   1.3594860e+06   2.5573730e+01
   1.3595130e+06   3.4240723e+01
   1.3596360e+06   3.8146973e+01
   1.3597190e+06   3.9123535e+01
   1.3599090e+06   4.1625977e+01
   1.3687130e+06   4.1809082e+01
   1.3687240e+06   2.0141602e+01
   1.3687470e+06   5.8105469e+01
   1.3687680e+06   2.4108887e+01
   1.3687830e+06   4.8156738e+01
   1.3688050e+06   4.1687012e+01
   1.3688310e+06   2.6672363e+01
   1.3688520e+06   2.4475098e+01
   1.3688750e+06   2.9174805e+01
   1.3689010e+06   4.4677734e+01
   1.3689430e+06   2.9724121e+01
   1.3689680e+06   2.0385742e+01
   1.3689840e+06   3.0944824e+01
   1.3690430e+06   3.2409668e+01
   1.3691020e+06   3.7658691e+01
   1.3691230e+06   2.1911621e+01
   1.3692130e+06   3.0517578e+01
   1.3693860e+06   3.6682129e+01
   1.3795150e+06   6.1035156e+01
   1.3795320e+06   2.7404785e+01
   1.3795480e+06   5.0537109e+01
   1.3795690e+06   2.2033691e+01
   1.3795810e+06   4.6142578e+01
   1.3796070e+06   2.9479980e+01
   1.3796280e+06   4.8156738e+01
   1.3796400e+06   5.1818848e+01
   1.3796750e+06   5.3405762e+01
   1.3797010e+06   2.9113770e+01
   1.3797250e+06   3.3813477e+01
   1.3797450e+06   3.1311035e+01
   1.3797780e+06   3.3752441e+01
   1.3798050e+06   4.5288086e+01
   1.3798160e+06   3.5461426e+01
   1.3798380e+06   3.1555176e+01
   1.3798570e+06   3.1982422e+01
   1.3799020e+06   3.2836914e+01
   1.3799150e+06   2.9724121e+01
   1.3799730e+06   5.1818848e+01
   1.3800350e+06   3.0456543e+01
   1.3801140e+06   3.6010742e+01
   1.3891770e+06   5.2429199e+01
   1.3891960e+06   3.6254883e+01
   1.3892140e+06   5.7434082e+01
   1.3892480e+06   5.3710938e+01
   1.3892760e+06   8.5388184e+01
   1.3892990e+06   5.0170898e+01
   1.3893120e+06   3.5034180e+01
   1.3893300e+06   6.6955566e+01
   1.3893740e+06   4.1503906e+01
   1.3893890e+06   5.8959961e+01
   1.3894020e+06   2.4047852e+01
   1.3894370e+06   2.8015137e+01
   1.3894570e+06   2.2460938e+01
   1.3894760e+06   4.5898438e+01
   1.3895180e+06   4.3884277e+01
   1.3895530e+06   3.6621094e+01
   1.3895650e+06   4.4494629e+01
   1.3896040e+06   2.1362305e+01
   1.3896230e+06   2.5146484e+01
   1.3896430e+06   3.8757324e+01
   1.3896830e+06   4.6569824e+01
   1.3897970e+06   3.1127930e+01
   1.3995180e+06   5.1269531e+01
   1.3995340e+06   4.6508789e+01
   1.3995480e+06   2.8259277e+01
   1.3995620e+06   6.0852051e+01
   1.3995800e+06   6.1889648e+01
   1.3995990e+06   6.3049316e+01
   1.3996210e+06   3.8085938e+01
   1.3996560e+06   7.0556641e+01
   1.3996700e+06   3.4484863e+01
   1.3996980e+06   3.4240723e+01
   1.3997280e+06   4.3273926e+01
   1.3997460e+06   6.4147949e+01
   1.3997820e+06   2.8869629e+01
   1.3997950e+06   2.5146484e+01
   1.3998310e+06   5.6640625e+01
   1.3998560e+06   3.2470703e+01
   1.3998790e+06   4.3273926e+01
   1.3998900e+06   5.1757812e+01
   1.3999260e+06   4.1137695e+01
   1.3999440e+06   3.5339355e+01
   1.3999560e+06   3.9794922e+01
   1.3999920e+06   1.9897461e+01
   1.4000040e+06   7.8186035e+01
   1.4000470e+06   2.6367188e+01
   1.4000750e+06   4.5532227e+01
   1.4000850e+06   3.4118652e+01
   1.4000990e+06   2.2033691e+01
   1.4001490e+06   1.9958496e+01
   1.4001670e+06   2.0446777e+01
   1.4001950e+06   2.1484375e+01
   1.4002500e+06   4.4311523e+01
   1.4099840e+06   4.6508789e+01
   1.4100050e+06   3.8696289e+01
   1.4100230e+06   1.3269043e+02
   1.4100470e+06   3.1616211e+01
   1.4100590e+06   8.1542969e+01
   1.4100850e+06   4.1687012e+01
   1.4101110e+06   2.9113770e+01
   1.4101250e+06   3.2287598e+01
   1.4101400e+06   2.9602051e+01
   1.4101680e+06   3.5278320e+01
   1.4101820e+06   2.1728516e+01
   1.4102070e+06   2.6489258e+01
   1.4102440e+06   2.8625488e+01
   1.4102660e+06   3.2897949e+01
   1.4102860e+06   2.7648926e+01
   1.4103470e+06   2.8381348e+01
   1.4103590e+06   4.4372559e+01
   1.4104040e+06   5.4138184e+01
   1.4104140e+06   4.8522949e+01
   1.4104470e+06   5.0292969e+01
   1.4104670e+06   3.8818359e+01
   1.4104980e+06   3.9184570e+01
   1.4105130e+06   3.2775879e+01
   1.4105540e+06   3.4851074e+01
   1.4105660e+06   4.3823242e+01
   1.4106050e+06   2.4597168e+01
   1.4106250e+06   2.8381348e+01
   1.4106510e+06   2.2705078e+01
   1.4106890e+06   2.7954102e+01
   1.4107030e+06   4.3457031e+01
   1.4107330e+06   3.1738281e+01
   1.4107790e+06   2.3925781e+01
   1.4108120e+06   3.1005859e+01
   1.4222960e+06   5.2856445e+01
   1.4223130e+06   4.4738770e+01
   1.4223360e+06   1.1688232e+02
   1.4223660e+06   8.3679199e+01
   1.4223870e+06   5.3405762e+01
   1.4224170e+06   6.5490723e+01
   1.4224400e+06   3.0517578e+01
   1.4224720e+06   2.4658203e+01
   1.4224970e+06   2.8320312e+01
   1.4225410e+06   3.0578613e+01
   1.4225660e+06   3.5888672e+01
   1.4225860e+06   2.2033691e+01
   1.4226160e+06   2.9052734e+01
   1.4226370e+06   2.1057129e+01
   1.4226620e+06   3.0334473e+01
   1.4226800e+06   3.0456543e+01
   1.4227240e+06   3.0578613e+01
   1.4227630e+06   5.9570312e+01
   1.4227750e+06   4.2663574e+01
   1.4228020e+06   1.9592285e+01
   1.4228260e+06   2.5329590e+01
   1.4228560e+06   3.7780762e+01
   1.4228950e+06   2.6062012e+01
   1.4229400e+06   3.7902832e+01
   1.4229720e+06   2.7038574e+01
   1.4229980e+06   4.3395996e+01
   1.4230400e+06   2.2521973e+01
   1.4230560e+06   7.3181152e+01
   1.4231110e+06   2.2583008e+01
   1.4231310e+06   3.6621094e+01
   1.4231830e+06   3.1127930e+01
   1.4331580e+06   6.5917969e+01
   1.4331690e+06   5.3100586e+01
   1.4331960e+06   1.4501953e+02
   1.4332260e+06   7.6721191e+01
   1.4332370e+06   8.3862305e+01
   1.4332590e+06   2.5451660e+01
   1.4332710e+06   3.0761719e+01
   1.4333050e+06   4.4860840e+01
   1.4333470e+06   2.4169922e+01
   1.4333940e+06   2.4597168e+01
   1.4334440e+06   1.9470215e+01
   1.4334640e+06   2.5329590e+01
   1.4334940e+06   2.2460938e+01
   1.4335250e+06   3.6437988e+01
   1.4335420e+06   1.9653320e+01
   1.4335980e+06   4.0466309e+01
   1.4336430e+06   2.9418945e+01
   1.4336740e+06   3.2714844e+01
   1.4336940e+06   2.5634766e+01
   1.4337170e+06   2.2705078e+01
   1.4337570e+06   7.0129395e+01
   1.4337970e+06   2.9418945e+01
   1.4338160e+06   2.2216797e+01
   1.4338410e+06   2.8625488e+01
   1.4338640e+06   2.8564453e+01
   1.4338880e+06   2.2155762e+01
   1.4339250e+06   3.6926270e+01
   1.4339730e+06   2.5329590e+01
   1.4340010e+06   2.7282715e+01
   1.4448690e+06   3.9123535e+01
   1.4448840e+06   7.0007324e+01
   1.4448940e+06   2.1850586e+01
   1.4449150e+06   1.5118408e+02
   1.4449320e+06   3.3508301e+01
   1.4449470e+06   8.8562012e+01
   1.4449710e+06   4.1931152e+01
   1.4449870e+06   2.3498535e+01
   1.4450000e+06   3.0700684e+01
   1.4450210e+06   2.6855469e+01
   1.4450570e+06   2.3193359e+01
   1.4450860e+06   2.3010254e+01
   1.4451300e+06   3.5766602e+01
   1.4451420e+06   2.1667480e+01
   1.4451650e+06   2.0629883e+01
   1.4451940e+06   2.6062012e+01
   1.4452200e+06   3.1921387e+01
   1.4452830e+06   2.1606445e+01
   1.4452970e+06   2.4475098e+01
   1.4453270e+06   4.0527344e+01
   1.4453550e+06   2.0996094e+01
   1.4453910e+06   4.7302246e+01
   1.4454210e+06   2.0019531e+01
   1.4454460e+06   3.7292480e+01
   1.4454880e+06   2.2888184e+01
   1.4455520e+06   5.1391602e+01
   1.4455770e+06   3.5095215e+01
   1.4456400e+06   3.8940430e+01
   1.4457060e+06   2.3071289e+01
   1.4457260e+06   2.4475098e+01
   1.4578730e+06   5.4321289e+01
   1.4578830e+06   7.0495605e+01
   1.4579090e+06   1.2127686e+02
   1.4579410e+06   6.6101074e+01
   1.4579590e+06   5.2734375e+01
   1.4579980e+06   2.6733398e+01
   1.4580570e+06   2.4353027e+01
   1.4580960e+06   2.2399902e+01
   1.4581140e+06   2.7526855e+01
   1.4581420e+06   2.7526855e+01
   1.4582090e+06   2.2094727e+01
   1.4582220e+06   2.4597168e+01
   1.4582590e+06   3.7963867e+01
   1.4583140e+06   2.9113770e+01
   1.4583570e+06   2.0202637e+01
   1.4583920e+06   2.7038574e+01
   1.4584280e+06   2.6916504e+01
   1.4584800e+06   2.5878906e+01
   1.4585300e+06   3.1738281e+01
   1.4585720e+06   2.2216797e+01
   1.4585870e+06   3.5766602e+01
   1.4586350e+06   2.9479980e+01
   1.4586520e+06   2.8320313e+01
   1.4587150e+06   3.2165527e+01
   1.4587950e+06   2.5329590e+01
   1.4698890e+06   5.6457520e+01
   1.4699280e+06   1.0766602e+02
   1.4699480e+06   2.5512695e+01
   1.4699610e+06   1.0546875e+02
   1.4699760e+06   4.6813965e+01
   1.4700080e+06   4.7363281e+01
   1.4700230e+06   3.6621094e+01
   1.4700390e+06   2.2216797e+01
   1.4700580e+06   2.2644043e+01
   1.4700680e+06   1.9592285e+01
   1.4700880e+06   2.0568848e+01
   1.4701110e+06   2.6428223e+01
   1.4701550e+06   2.5512695e+01
   1.4701750e+06   2.1423340e+01
   1.4702010e+06   2.1606445e+01
   1.4702210e+06   1.9897461e+01
   1.4702610e+06   2.7099609e+01
   1.4702720e+06   3.0151367e+01
   1.4703190e+06   2.3864746e+01
   1.4703360e+06   3.0700684e+01
   1.4703730e+06   3.4240723e+01
   1.4704140e+06   2.2460938e+01
   1.4704340e+06   2.2399902e+01
   1.4705020e+06   2.6489258e+01
   1.4705250e+06   2.0202637e+01
   1.4705890e+06   5.4443359e+01
   1.4706220e+06   2.6550293e+01
   1.4706480e+06   4.4738770e+01
   1.4707230e+06   2.8137207e+01
   1.4708170e+06   2.3376465e+01
   1.4805190e+06   2.2766113e+01
   1.4805780e+06   3.3203125e+01
   1.4805950e+06   4.5715332e+01
   1.4806290e+06   2.6306152e+01
   1.4806740e+06   3.2836914e+01
   1.4807290e+06   5.3161621e+01
   1.4807410e+06   3.4118652e+01
   1.4807750e+06   2.7832031e+01
   1.4807900e+06   5.0415039e+01
   1.4808040e+06   3.3020020e+01
   1.4808260e+06   2.4536133e+01
   1.4808530e+06   6.7077637e+01
   1.4808700e+06   6.4086914e+01
   1.4809020e+06   3.7048340e+01
   1.4809280e+06   3.4851074e+01
   1.4809460e+06   2.2888184e+01
   1.4809610e+06   3.8879395e+01
   1.4809830e+06   5.2246094e+01
   1.4810210e+06   5.2062988e+01
   1.4810360e+06   4.4616699e+01
   1.4810820e+06   6.0424805e+01
   1.4811200e+06   1.9653320e+01
   1.4811390e+06   2.3437500e+01
   1.4811590e+06   2.5451660e+01
   1.4811770e+06   2.4108887e+01
   1.4812030e+06   2.2583008e+01
   1.4812460e+06   3.5095215e+01
   1.4812560e+06   2.0385742e+01
   1.4813130e+06   2.2155762e+01
   1.4813450e+06   2.2888184e+01
   1.4814330e+06   3.2165527e+01
   1.4814510e+06   2.4719238e+01
   1.4814770e+06   2.2338867e+01
   1.4815790e+06   3.9733887e+01
   1.4899430e+06   2.6855469e+01
   1.4899570e+06   6.2011719e+01
   1.4899750e+06   2.6977539e+01
   1.4900100e+06   6.2011719e+01
   1.4900250e+06   3.5766602e+01
   1.4900450e+06   6.0546875e+01
   1.4900630e+06   3.6621094e+01
   1.4900810e+06   2.1789551e+01
   1.4901030e+06   3.7597656e+01
   1.4901150e+06   3.2470703e+01
   1.4901330e+06   2.1545410e+01
   1.4901440e+06   2.2216797e+01
   1.4901690e+06   4.4799805e+01
   1.4902080e+06   3.0151367e+01
   1.4902250e+06   2.2644043e+01
   1.4902670e+06   3.2836914e+01
   1.4902800e+06   3.7841797e+01
   1.4903270e+06   2.5329590e+01
   1.4903530e+06   2.8808594e+01
   1.4903920e+06   2.4169922e+01
   1.4904410e+06   3.0151367e+01
   1.4905360e+06   2.2644043e+01
   1.4906020e+06   2.2460938e+01
   1.4977820e+06   2.6000977e+01
   1.4977990e+06   2.4047852e+01
   1.4978160e+06   4.0405273e+01
   1.4978380e+06   2.0019531e+01
   1.4978610e+06   8.7768555e+01
   1.4978900e+06   4.7119141e+01
   1.4979100e+06   4.9804688e+01
   1.4979460e+06   5.0354004e+01
   1.4979670e+06   2.4108887e+01
   1.4979840e+06   6.0485840e+01
   1.4980020e+06   4.8034668e+01
   1.4980260e+06   2.9418945e+01
   1.4980420e+06   4.1320801e+01
   1.4980690e+06   2.0263672e+01
   1.4981090e+06   5.0292969e+01
   1.4981470e+06   4.7363281e+01
   1.4981640e+06   2.6062012e+01
   1.4982050e+06   2.6733398e+01
   1.4982450e+06   3.6132812e+01
   1.4982570e+06   3.8269043e+01
   1.4983080e+06   2.1423340e+01
   1.4983690e+06   3.3264160e+01
   1.5119710e+06   2.4780273e+01
   1.5119850e+06   4.9377441e+01
   1.5120090e+06   4.2419434e+01
   1.5120400e+06   2.8503418e+01
   1.5120580e+06   2.7099609e+01
   1.5120940e+06   2.8137207e+01
   1.5121270e+06   2.7832031e+01
   1.5121600e+06   2.4902344e+01
   1.5121800e+06   2.5817871e+01
   1.5122180e+06   2.0324707e+01
   1.5122490e+06   2.2399902e+01
   1.5123100e+06   2.0996094e+01
   1.5124660e+06   1.9470215e+01
   1.5125280e+06   2.5573730e+01
   1.5125830e+06   3.2348633e+01
   1.5126590e+06   4.0405273e+01
   1.5127000e+06   4.1381836e+01
   1.5127120e+06   2.1362305e+01
   1.5127400e+06   2.6611328e+01
   1.5127640e+06   2.1362305e+01
   1.5128250e+06   2.5695801e+01
   1.5128540e+06   5.9753418e+01
   1.5129740e+06   1.9897461e+01
   1.5264920e+06   3.4545898e+01
   1.5265080e+06   7.4951172e+01
   1.5265370e+06   9.7290039e+01
   1.5265710e+06   6.3476562e+01
   1.5265870e+06   4.4494629e+01
   1.5266110e+06   2.7587891e+01
   1.5266450e+06   3.0883789e+01
   1.5266950e+06   2.5146484e+01
   1.5267620e+06   1.9409180e+01
   1.5268410e+06   2.1789551e+01
   1.5268650e+06   2.7648926e+01
   1.5270370e+06   3.2897949e+01
   1.5270660e+06   3.4057617e+01
   1.5271120e+06   2.6977539e+01
   1.5271330e+06   2.5390625e+01
   1.5271690e+06   2.9907227e+01
   1.5271880e+06   2.6062012e+01
   1.5272140e+06   3.8879395e+01
   1.5272340e+06   2.3437500e+01
   1.5272770e+06   2.7038574e+01
   1.5272950e+06   3.6132812e+01
   1.5273160e+06   2.7282715e+01
   1.5273770e+06   2.6672363e+01
   1.5274770e+06   3.2409668e+01
   1.5372060e+06   2.1850586e+01
   1.5372220e+06   2.1301270e+01
   1.5372540e+06   3.2470703e+01
   1.5372760e+06   2.5146484e+01
   1.5373090e+06   5.6152344e+01
   1.5373320e+06   2.8564453e+01
   1.5373550e+06   4.1320801e+01
   1.5373750e+06   3.9367676e+01
   1.5373850e+06   4.1320801e+01
   1.5374290e+06   3.4301758e+01
   1.5374400e+06   4.1687012e+01
   1.5374710e+06   3.4362793e+01
   1.5374960e+06   4.2968750e+01
   1.5375090e+06   2.5268555e+01
   1.5375250e+06   4.8034668e+01
   1.5375480e+06   2.6794434e+01
   1.5375630e+06   3.5705566e+01
   1.5375890e+06   3.4729004e+01
   1.5376110e+06   3.6682129e+01
   1.5376290e+06   4.8522949e+01
   1.5376790e+06   6.3354492e+01
   1.5377060e+06   4.4616699e+01
   1.5377470e+06   3.7292480e+01
   1.5377570e+06   3.0334473e+01
   1.5377750e+06   2.0385742e+01
   1.5377960e+06   4.1870117e+01
   1.5378430e+06   3.3874512e+01
   1.5379340e+06   3.1127930e+01
   1.5379960e+06   3.1066895e+01
   1.5380760e+06   2.3437500e+01
   1.5382570e+06   2.4169922e+01
   1.5464260e+06   2.6733398e+01
   1.5464430e+06   7.7148438e+01
   1.5464870e+06   5.2124023e+01
   1.5465060e+06   3.5583496e+01
   1.5465280e+06   4.9316406e+01
   1.5465660e+06   7.5134277e+01
   1.5465860e+06   2.2094727e+01
   1.5465970e+06   4.1320801e+01
   1.5466150e+06   3.7902832e+01
   1.5466440e+06   3.6193848e+01
   1.5466640e+06   1.9470215e+01
   1.5466970e+06   3.6193848e+01
   1.5467260e+06   2.4108887e+01
   1.5467540e+06   4.2663574e+01
   1.5467710e+06   3.8574219e+01
   1.5467960e+06   2.4414063e+01
   1.5468540e+06   4.7790527e+01
   1.5468690e+06   2.1667480e+01
   1.5469110e+06   2.4536133e+01
   1.5469210e+06   3.1494141e+01
   1.5469580e+06   4.4006348e+01
   1.5469700e+06   2.7099609e+01
   1.5571970e+06   2.1545410e+01
   1.5572610e+06   3.1250000e+01
   1.5572890e+06   5.4382324e+01
   1.5573110e+06   3.5095215e+01
   1.5573270e+06   2.2338867e+01
   1.5573460e+06   6.3842773e+01
   1.5573670e+06   5.2673340e+01
   1.5573870e+06   3.7231445e+01
   1.5574020e+06   3.7536621e+01
   1.5574310e+06   6.9641113e+01
   1.5574420e+06   3.4667969e+01
   1.5574830e+06   4.6264648e+01
   1.5574930e+06   3.0273438e+01
   1.5575050e+06   2.1789551e+01
   1.5575210e+06   5.0415039e+01
   1.5575580e+06   4.2846680e+01
   1.5575680e+06   3.9123535e+01
   1.5576050e+06   2.5207520e+01
   1.5576490e+06   2.9785156e+01
   1.5576890e+06   3.3630371e+01
   1.5577010e+06   2.0019531e+01
   1.5577330e+06   3.7048340e+01
   1.5577720e+06   2.2949219e+01
   1.5577990e+06   2.0996094e+01
   1.5578460e+06   2.7893066e+01
   1.5578680e+06   2.2705078e+01
   1.5579180e+06   4.1381836e+01
   1.5580320e+06   2.3010254e+01
   1.5580780e+06   2.0812988e+01
   1.5581750e+06   2.2521973e+01
   1.5700880e+06   2.3437500e+01
   1.5701060e+06   2.2583008e+01
   1.5701220e+06   2.7587891e+01
   1.5701330e+06   2.0812988e+01
   1.5701600e+06   7.2143555e+01
   1.5701790e+06   6.5002441e+01
   1.5701940e+06   2.5024414e+01
   1.5702320e+06   3.9916992e+01
   1.5702480e+06   2.1667480e+01
   1.5702730e+06   2.0385742e+01
   1.5702850e+06   3.3691406e+01
   1.5703140e+06   3.5766602e+01
   1.5703510e+06   1.9653320e+01
   1.5703720e+06   2.9235840e+01
   1.5703880e+06   2.6306152e+01
   1.5704160e+06   2.0874023e+01
   1.5704530e+06   2.6184082e+01
   1.5704740e+06   2.1057129e+01
   1.5705050e+06   3.0578613e+01
   1.5705420e+06   2.4169922e+01
   1.5705650e+06   2.9418945e+01
   1.5705960e+06   2.0385742e+01
   1.5706120e+06   1.9836426e+01
   1.5706390e+06   2.3559570e+01
   1.5706550e+06   2.1240234e+01
   1.5706780e+06   2.3193359e+01
   1.5707340e+06   2.5329590e+01
   1.5707550e+06   2.8869629e+01
   1.5707890e+06   2.8015137e+01
   1.5708230e+06   3.2470703e+01
   1.5708430e+06   2.6855469e+01
   1.5708730e+06   2.3071289e+01
   1.5709470e+06   3.6437988e+01
   1.5837030e+06   2.5329590e+01
   1.5837130e+06   2.8625488e+01
   1.5837310e+06   5.2673340e+01
   1.5837620e+06   7.4218750e+01
   1.5837820e+06   4.1442871e+01
   1.5837960e+06   6.1462402e+01
   1.5838390e+06   3.7780762e+01
   1.5838670e+06   3.2653809e+01
   1.5838940e+06   2.3315430e+01
   1.5839300e+06   1.9470215e+01
   1.5839970e+06   2.2277832e+01
   1.5840210e+06   2.5878906e+01
   1.5840390e+06   2.1545410e+01
   1.5840830e+06   2.4780273e+01
   1.5841100e+06   2.4414062e+01
   1.5841540e+06   2.9663086e+01
   1.5842280e+06   2.4963379e+01
   1.5842520e+06   1.9897461e+01
   1.5842860e+06   2.1118164e+01
   1.5843310e+06   2.9846191e+01
   1.5843430e+06   2.0019531e+01
   1.5843680e+06   2.8808594e+01
   1.5844160e+06   2.8747559e+01
   1.5844370e+06   4.1992188e+01
   1.5844780e+06   1.9714355e+01
   1.5845210e+06   2.6489258e+01
   1.5983710e+06   2.1789551e+01
   1.5983830e+06   2.2216797e+01
   1.5984020e+06   3.6254883e+01
   1.5984350e+06   7.7392578e+01
   1.5984490e+06   3.6560059e+01
   1.5984630e+06   4.2907715e+01
   1.5984880e+06   2.1972656e+01
   1.5985060e+06   3.9978027e+01
   1.5985340e+06   2.1789551e+01
   1.5985730e+06   4.0771484e+01
   1.5985910e+06   2.4291992e+01
   1.5986400e+06   1.9470215e+01
   1.5986620e+06   2.4658203e+01
   1.5987120e+06   2.2460938e+01
   1.5987310e+06   1.9836426e+01
   1.5987810e+06   3.5522461e+01
   1.5988160e+06   2.1484375e+01
   1.5988450e+06   3.3508301e+01
   1.5988750e+06   2.3925781e+01
   1.5989150e+06   2.1301270e+01
   1.5989310e+06   1.9653320e+01
   1.5989780e+06   2.9785156e+01
   1.5989970e+06   3.2348633e+01
   1.5990280e+06   3.0639648e+01
   1.5990710e+06   2.6672363e+01
   1.5991020e+06   2.7099609e+01
   1.5991560e+06   2.7282715e+01
   1.5991690e+06   2.9541016e+01
   1.5991900e+06   2.0202637e+01
   1.5992160e+06   3.9733887e+01
   1.5992660e+06   2.4597168e+01
   1.6180570e+06   2.0385742e+01
   1.6180740e+06   2.8808594e+01
   1.6180870e+06   4.0344238e+01
   1.6181130e+06   5.8471680e+01
   1.6181250e+06   2.8503418e+01
   1.6181620e+06   2.8747559e+01
   1.6181850e+06   4.8522949e+01
   1.6182090e+06   3.6499023e+01
   1.6182290e+06   2.9479980e+01
   1.6182420e+06   3.3569336e+01
   1.6182760e+06   4.8095703e+01
   1.6183070e+06   3.9001465e+01
   1.6183230e+06   2.9357910e+01
   1.6183380e+06   2.0935059e+01
   1.6183510e+06   7.1899414e+01
   1.6183900e+06   4.5227051e+01
   1.6184170e+06   4.7973633e+01
   1.6184360e+06   3.2104492e+01
   1.6184840e+06   4.3212891e+01
   1.6185090e+06   2.4108887e+01
   1.6185190e+06   2.3315430e+01
   1.6185360e+06   2.4291992e+01
   1.6185540e+06   3.8696289e+01
   1.6185760e+06   3.2531738e+01
   1.6185970e+06   3.5644531e+01
   1.6186190e+06   2.2644043e+01
   1.6186480e+06   2.8869629e+01
   1.6186680e+06   2.5207520e+01
   1.6186950e+06   2.5817871e+01
   1.6187130e+06   1.9531250e+01
   1.6187400e+06   2.1362305e+01
   1.6187650e+06   2.7404785e+01
   1.6188320e+06   3.4729004e+01
   1.6188520e+06   2.2033691e+01
   1.6188950e+06   3.0395508e+01
   1.6460510e+06   2.0446777e+01
   1.6460660e+06   2.4475098e+01
   1.6460920e+06   4.3579102e+01
   1.6461020e+06   4.0954590e+01
   1.6461290e+06   5.5419922e+01
   1.6461520e+06   5.2185059e+01
   1.6461890e+06   4.4189453e+01
   1.6462120e+06   5.3894043e+01
   1.6462240e+06   2.1728516e+01
   1.6462490e+06   5.7312012e+01
   1.6462630e+06   2.6855469e+01
   1.6462810e+06   1.9409180e+01
   1.6462960e+06   2.6306152e+01
   1.6463230e+06   2.4780273e+01
   1.6463490e+06   2.1057129e+01
   1.6463860e+06   2.3925781e+01
   2.1859910e+06   2.1118164e+01
   2.2267140e+06   1.9775391e+01
   2.2268780e+06   2.1057129e+01
   2.2272080e+06   2.3254395e+01
   2.2272200e+06   2.3925781e+01
   2.2273730e+06   2.0690918e+01
   2.2846660e+06   2.1179199e+01
   2.2854090e+06   2.5085449e+01
   2.2854940e+06   2.0324707e+01
   2.2856230e+06   2.0507812e+01
   2.3146370e+06   2.1972656e+01
   2.3149930e+06   1.9592285e+01
   2.3151280e+06   2.4536133e+01
   2.3153090e+06   2.1728516e+01
   2.3252020e+06   5.0170898e+01
   2.3307370e+06   2.2338867e+01
   2.3307750e+06   2.8930664e+01
   2.3308600e+06   2.1240234e+01
   2.3309980e+06   2.4841309e+01
   2.3313220e+06   2.0324707e+01
   2.3626780e+06   2.2521973e+01
   2.3627190e+06   3.8452148e+01
   2.3628590e+06   2.0202637e+01
   2.3631350e+06   1.9592285e+01
   2.3635030e+06   2.0385742e+01
   2.4076750e+06   2.0446777e+01
   2.4077650e+06   2.2827148e+01
   2.4077930e+06   1.9470215e+01
   2.4078220e+06   1.9897461e+01
   2.4078840e+06   2.3986816e+01
   2.4440970e+06   2.1362305e+01
   2.4441360e+06   1.9775391e+01
   2.4441480e+06   2.3925781e+01
   2.4441720e+06   2.6611328e+01
   2.4442000e+06   2.2460938e+01
   2.4442120e+06   3.3935547e+01
   2.4442490e+06   2.7343750e+01
   2.4443890e+06   2.7770996e+01
   2.4445960e+06   2.0263672e+01
   2.4739750e+06   1.9531250e+01
   2.4739900e+06   2.0690918e+01
   2.4740890e+06   2.1667480e+01
   2.4741180e+06   2.2460938e+01
   2.4910760e+06   2.0812988e+01
   2.4910980e+06   2.5634766e+01
   2.4911410e+06   2.0629883e+01
   2.4911620e+06   2.0080566e+01
   2.4912070e+06   2.1728516e+01
   2.4912810e+06   2.4108887e+01
   2.5051790e+06   2.6000977e+01
   2.5052030e+06   2.5329590e+01
   2.5052190e+06   2.8564453e+01
   2.5052490e+06   2.6672363e+01
   2.5052870e+06   2.8137207e+01
   2.5053680e+06   2.6367188e+01
   2.5175790e+06   3.1311035e+01
   2.5176030e+06   2.2827148e+01
   2.5176210e+06   2.0141602e+01
   2.5176440e+06   3.2165527e+01
   2.5176840e+06   2.7587891e+01
   2.5177020e+06   5.7434082e+01
   2.5177150e+06   3.3020020e+01
   2.5262770e+06   1.9470215e+01
   2.5263100e+06   2.6550293e+01
   2.5263390e+06   2.5451660e+01
   2.5263690e+06   3.8818359e+01
   2.5264150e+06   1.9470215e+01
   2.5264300e+06   2.9663086e+01
   2.5265130e+06   2.0874023e+01
   2.5366740e+06   4.7424316e+01
   2.5367080e+06   3.6499023e+01
   2.5367440e+06   4.9743652e+01
   2.5367590e+06   5.0109863e+01
   2.5367750e+06   2.5878906e+01
   2.5367990e+06   2.2766113e+01
   2.5368120e+06   3.7353516e+01
   2.5368420e+06   2.1118164e+01
   2.5369110e+06   2.5512695e+01
   2.5493370e+06   3.3752441e+01
   2.5493900e+06   6.1523438e+01
   2.5494010e+06   4.4189453e+01
   2.5494590e+06   5.1452637e+01
   2.5494760e+06   2.0568848e+01
   2.5495200e+06   4.3518066e+01
   2.5495510e+06   2.4597168e+01
   2.5571030e+06   2.1667480e+01
   2.5571140e+06   5.5236816e+01
   2.5571390e+06   3.7475586e+01
   2.5571670e+06   5.5480957e+01
   2.5572050e+06   5.2062988e+01
   2.5572280e+06   2.2033691e+01
   2.5572530e+06   4.2419434e+01
   2.5573410e+06   4.7973633e+01
   2.5573600e+06   2.3376465e+01
   2.5647880e+06   4.6142578e+01
   2.5648220e+06   2.0935059e+01
   2.5648630e+06   2.0690918e+01
   2.5649330e+06   4.7912598e+01
   2.5716720e+06   4.9621582e+01
   2.5717170e+06   2.2888184e+01
   2.5717300e+06   3.7109375e+01
   2.5717540e+06   5.4138184e+01
   2.5717820e+06   4.7912598e+01
   2.5718070e+06   2.4047852e+01
   2.5718320e+06   6.4086914e+01
   2.5718460e+06   6.5368652e+01
   2.5719110e+06   3.7780762e+01
   2.5793850e+06   4.3945312e+01
   2.5794030e+06   2.4780273e+01
   2.5794230e+06   3.3935547e+01
   2.5794330e+06   6.2072754e+01
   2.5794660e+06   2.3986816e+01
   2.5794820e+06   4.5288086e+01
   2.5795330e+06   5.4809570e+01
   2.5795650e+06   2.3010254e+01
   2.5795930e+06   3.0334473e+01
   2.5796620e+06   4.9133301e+01
   2.5797670e+06   4.6203613e+01
   2.5874110e+06   4.1625977e+01
   2.5874290e+06   3.1127930e+01
   2.5874500e+06   3.9001465e+01
   2.5874650e+06   4.2114258e+01
   2.5875040e+06   3.2592773e+01
   2.5875170e+06   3.2104492e+01
   2.5875410e+06   2.8076172e+01
   2.5875610e+06   5.1635742e+01
   2.5876050e+06   3.8757324e+01
   2.5876230e+06   4.2419434e+01
   2.5876840e+06   3.5644531e+01
   2.5945230e+06   4.5288086e+01
   2.5945660e+06   5.0170898e+01
   2.5945840e+06   2.4841309e+01
   2.5946090e+06   3.6926270e+01
   2.5946200e+06   2.9174805e+01
   2.5946590e+06   4.7668457e+01
   2.5946720e+06   4.1503906e+01
   2.5947180e+06   4.4738770e+01
   2.5947710e+06   3.2470703e+01
   2.5948060e+06   2.0935059e+01
   2.5948380e+06   3.6926270e+01
   2.6014090e+06   4.6752930e+01
   2.6014360e+06   2.6489258e+01
   2.6014470e+06   3.7231445e+01
   2.6014590e+06   3.9550781e+01
   2.6014900e+06   3.8940430e+01
   2.6015020e+06   2.0385742e+01
   2.6015310e+06   3.8513184e+01
   2.6015430e+06   4.7485352e+01
   2.6015710e+06   3.0456543e+01
   2.6015920e+06   3.6926270e+01
   2.6016130e+06   2.7099609e+01
   2.6016420e+06   6.1767578e+01
   2.6016950e+06   2.1240234e+01
   2.6017050e+06   3.7048340e+01
   2.6018060e+06   4.1320801e+01
   2.6090790e+06   5.1757812e+01
   2.6091140e+06   4.9804688e+01
   2.6091310e+06   3.6926270e+01
   2.6091640e+06   4.5898438e+01
   2.6091850e+06   5.4565430e+01
   2.6092060e+06   3.5583496e+01
   2.6092370e+06   5.1025391e+01
   2.6092590e+06   4.0161133e+01
   2.6092950e+06   3.6621094e+01
   2.6093130e+06   4.9255371e+01
   2.6094720e+06   4.1137695e+01
   2.6144300e+06   4.9499512e+01
   2.6144850e+06   3.9184570e+01
   2.6145350e+06   3.7292480e+01
   2.6145710e+06   4.1564941e+01
   2.6145860e+06   5.3466797e+01
   2.6146030e+06   2.1972656e+01
   2.6146480e+06   3.8146973e+01
   2.6146700e+06   2.9113770e+01
   2.6148100e+06   3.6193848e+01
   2.6194390e+06   4.8889160e+01
   2.6195240e+06   4.2480469e+01
   2.6195390e+06   2.1118164e+01
   2.6195970e+06   4.5776367e+01
   2.6196310e+06   3.9428711e+01
   2.6197210e+06   4.0588379e+01
   2.6245390e+06   4.2480469e+01
   2.6245750e+06   4.1015625e+01
   2.6245970e+06   4.1748047e+01
   2.6246140e+06   3.4790039e+01
   2.6246330e+06   3.1921387e+01
   2.6246500e+06   4.7607422e+01
   2.6246790e+06   2.7404785e+01
   2.6247010e+06   3.9184570e+01
   2.6247180e+06   2.8869629e+01
   2.6247490e+06   4.0039062e+01
   2.6248170e+06   4.6325684e+01
   2.6248790e+06   4.2358398e+01
   2.6248930e+06   3.1311035e+01
   2.6303070e+06   5.2307129e+01
   2.6303420e+06   4.5349121e+01
   2.6303520e+06   3.1494141e+01
   2.6303640e+06   3.1188965e+01
   2.6303850e+06   6.4270020e+01
   2.6304130e+06   4.4921875e+01
   2.6304490e+06   4.2053223e+01
   2.6304680e+06   2.6794434e+01
   2.6305150e+06   4.2358398e+01
   2.6305680e+06   4.1870117e+01
   2.6306170e+06   3.6743164e+01
   2.6362760e+06   4.7119141e+01
   2.6363100e+06   5.5175781e+01
   2.6363250e+06   4.9865723e+01
   2.6363430e+06   4.5776367e+01
   2.6363690e+06   2.1240234e+01
   2.6363870e+06   5.2673340e+01
   2.6363970e+06   3.0090332e+01
   2.6364210e+06   2.3803711e+01
   2.6364390e+06   3.8879395e+01
   2.6364720e+06   4.0466309e+01
   2.6364990e+06   4.0283203e+01
   2.6366590e+06   3.8940430e+01
   2.6423340e+06   4.3884277e+01
   2.6423560e+06   3.5461426e+01
   2.6423870e+06   5.0964355e+01
   2.6424120e+06   4.4067383e+01
   2.6424400e+06   3.6071777e+01
   2.6424550e+06   4.2846680e+01
   2.6424860e+06   4.3579102e+01
   2.6425370e+06   6.8664551e+01
   2.6425830e+06   4.0893555e+01
   2.6426880e+06   5.2856445e+01
   2.6487220e+06   3.8208008e+01
   2.6487580e+06   3.9367676e+01
   2.6487810e+06   5.5114746e+01
   2.6487930e+06   3.5278320e+01
   2.6488100e+06   2.5634766e+01
   2.6488330e+06   3.1921387e+01
   2.6488840e+06   5.0415039e+01
   2.6489580e+06   4.1992188e+01
   2.6489960e+06   4.2297363e+01
   2.6490110e+06   3.8269043e+01
   2.6490500e+06   3.6132812e+01
   2.6551920e+06   4.6936035e+01
   2.6552290e+06   5.0415039e+01
   2.6552430e+06   3.1494141e+01
   2.6552650e+06   2.0935059e+01
   2.6552790e+06   3.8574219e+01
   2.6553070e+06   2.7954102e+01
   2.6553230e+06   4.1015625e+01
   2.6553560e+06   6.9824219e+01
   2.6553890e+06   2.5878906e+01
   2.6554330e+06   3.7475586e+01
   2.6555300e+06   3.5522461e+01
   2.6555630e+06   3.8696289e+01
   2.6621010e+06   2.1972656e+01
   2.6621260e+06   2.4230957e+01
   2.6621370e+06   3.4118652e+01
   2.6621550e+06   2.8564453e+01
   2.6621700e+06   4.4799805e+01
   2.6621950e+06   5.6884766e+01
   2.6622100e+06   2.8991699e+01
   2.6622270e+06   3.9916992e+01
   2.6622580e+06   3.8330078e+01
   2.6622990e+06   4.4067383e+01
   2.6623250e+06   4.3273926e+01
   2.6623560e+06   2.0019531e+01
   2.6623950e+06   4.1442871e+01
   2.6624360e+06   3.9245605e+01
   2.6627330e+06   3.9855957e+01
   2.6691010e+06   4.3212891e+01
   2.6691330e+06   1.9592285e+01
   2.6691560e+06   2.3986816e+01
   2.6691790e+06   6.3476562e+01
   2.6692140e+06   5.5480957e+01
   2.6692330e+06   2.8991699e+01
   2.6692460e+06   2.6672363e+01
   2.6692700e+06   3.0273438e+01
   2.6692930e+06   3.3935547e+01
   2.6693180e+06   3.6010742e+01
   2.6693340e+06   4.3579102e+01
   2.6693910e+06   3.7719727e+01
   2.6694160e+06   2.1850586e+01
   2.6695510e+06   3.9672852e+01
   2.6762130e+06   4.5593262e+01
   2.6762490e+06   3.5766602e+01
   2.6762640e+06   5.0842285e+01
   2.6762900e+06   4.0405273e+01
   2.6763060e+06   4.1992188e+01
   2.6763250e+06   3.1250000e+01
   2.6763530e+06   6.8115234e+01
   2.6763680e+06   3.0883789e+01
   2.6763880e+06   3.1372070e+01
   2.6764440e+06   5.9509277e+01
   2.6764550e+06   3.5278320e+01
   2.6764910e+06   2.6733398e+01
   2.6765320e+06   3.9794922e+01
   2.6765970e+06   3.6010742e+01
   2.6766960e+06   4.4555664e+01
   2.6837130e+06   4.0283203e+01
   2.6837440e+06   6.5979004e+01
   2.6837600e+06   5.7434082e+01
   2.6837820e+06   3.2043457e+01
   2.6837990e+06   3.2714844e+01
   2.6838220e+06   6.2927246e+01
   2.6838680e+06   3.7597656e+01
   2.6838980e+06   4.4677734e+01
   2.6839090e+06   4.9255371e+01
   2.6839520e+06   3.4240723e+01
   2.6839710e+06   3.0761719e+01
   2.6840290e+06   3.7902832e+01
   2.6840590e+06   3.7963867e+01
   2.6840690e+06   3.0822754e+01
   2.6841110e+06   3.6560059e+01
   2.6842430e+06   4.1625977e+01
   2.6921900e+06   5.0109863e+01
   2.6922290e+06   4.9926758e+01
   2.6922650e+06   6.8420410e+01
   2.6922880e+06   2.3681641e+01
   2.6923130e+06   5.1452637e+01
   2.6923240e+06   2.5024414e+01
   2.6923400e+06   3.9855957e+01
   2.6923610e+06   3.2165527e+01
   2.6923980e+06   3.0517578e+01
   2.6924230e+06   3.9672852e+01
   2.6924350e+06   2.0568848e+01
   2.6924600e+06   1.9409180e+01
   2.6924760e+06   3.7292480e+01
   2.6924950e+06   3.9184570e+01
   2.6925230e+06   2.1057129e+01
   2.6925360e+06   2.9174805e+01
   2.6925980e+06   4.0466309e+01
   2.6926100e+06   2.8808594e+01
   2.6927140e+06   3.8452148e+01
   2.7006410e+06   3.7292480e+01
   2.7006700e+06   3.8330078e+01
   2.7006820e+06   2.5756836e+01
   2.7007030e+06   2.4536133e+01
   2.7007320e+06   5.5053711e+01
   2.7007420e+06   5.5603027e+01
   2.7007770e+06   4.4616699e+01
   2.7007900e+06   3.5827637e+01
   2.7008130e+06   3.0029297e+01
   2.7008240e+06   2.1423340e+01
   2.7008650e+06   2.6000977e+01
   2.7008780e+06   2.1362305e+01
   2.7008990e+06   3.6254883e+01
   2.7009320e+06   2.1484375e+01
   2.7009550e+06   3.4057617e+01
   2.7010020e+06   3.9672852e+01
   2.7010270e+06   4.9316406e+01
   2.7011200e+06   4.0283203e+01
   2.7079890e+06   4.5593262e+01
   2.7080220e+06   3.6682129e+01
   2.7080490e+06   4.4189453e+01
   2.7080620e+06   3.4118652e+01
   2.7080920e+06   3.1311035e+01
   2.7081140e+06   5.8959961e+01
   2.7081390e+06   4.5227051e+01
   2.7081680e+06   5.1574707e+01
   2.7081870e+06   4.2053223e+01
   2.7082070e+06   2.2827148e+01
   2.7082350e+06   2.3681641e+01
   2.7082700e+06   4.9499512e+01
   2.7082840e+06   2.8808594e+01
   2.7083510e+06   3.0822754e+01
   2.7083740e+06   2.5817871e+01
   2.7084100e+06   3.3203125e+01
   2.7085200e+06   3.5339355e+01
   2.7171780e+06   4.8034668e+01
   2.7172110e+06   7.1044922e+01
   2.7172270e+06   2.0690918e+01
   2.7172500e+06   8.8195801e+01
   2.7172720e+06   6.1523438e+01
   2.7172980e+06   4.4372559e+01
   2.7173260e+06   3.6010742e+01
   2.7173490e+06   6.6894531e+01
   2.7173810e+06   2.3376465e+01
   2.7173910e+06   5.2368164e+01
   2.7174180e+06   3.9489746e+01
   2.7174370e+06   2.9724121e+01
   2.7174560e+06   2.6916504e+01
   2.7174700e+06   2.5695801e+01
   2.7174880e+06   4.7302246e+01
   2.7175160e+06   2.4780273e+01
   2.7175320e+06   2.2216797e+01
   2.7175630e+06   4.2724609e+01
   2.7175910e+06   2.7770996e+01
   2.7176340e+06   2.5573730e+01
   2.7176540e+06   2.9357910e+01
   2.7177920e+06   2.0019531e+01
   2.7266470e+06   4.7302246e+01
   2.7266700e+06   6.3781738e+01
   2.7266820e+06   6.7077637e+01
   2.7266950e+06   2.0263672e+01
   2.7267130e+06   3.9184570e+01
   2.7267270e+06   5.5236816e+01
   2.7267640e+06   3.4118652e+01
   2.7267890e+06   2.0446777e+01
   2.7268080e+06   2.7099609e+01
   2.7268200e+06   5.5358887e+01
   2.7268460e+06   2.5756836e+01
   2.7268640e+06   2.0385742e+01
   2.7268940e+06   3.9550781e+01
   2.7269150e+06   2.8564453e+01
   2.7269370e+06   2.0568848e+01
   2.7269630e+06   2.5756836e+01
   2.7269810e+06   3.9428711e+01
   2.7270080e+06   2.0690918e+01
   2.7270430e+06   4.3212891e+01
   2.7270760e+06   3.0212402e+01
   2.7271030e+06   2.9602051e+01
   2.7271210e+06   1.9836426e+01
   2.7271380e+06   3.5888672e+01
   2.7271930e+06   3.2592773e+01
   2.7272190e+06   2.1545410e+01
   2.7273120e+06   3.8146973e+01
   2.7357080e+06   4.2785645e+01
   2.7357430e+06   8.4960938e+01
   2.7357610e+06   3.4301758e+01
   2.7357810e+06   7.0678711e+01
   2.7358050e+06   2.2460938e+01
   2.7358160e+06   2.0446777e+01
   2.7358360e+06   3.2775879e+01
   2.7358460e+06   5.7861328e+01
   2.7358740e+06   4.1442871e+01
   2.7358910e+06   3.8818359e+01
   2.7359190e+06   2.1179199e+01
   2.7359340e+06   5.0476074e+01
   2.7359670e+06   2.3620605e+01
   2.7359810e+06   4.7973633e+01
   2.7360200e+06   2.1728516e+01
   2.7360570e+06   4.2175293e+01
   2.7360930e+06   4.9072266e+01
   2.7361060e+06   3.2958984e+01
   2.7361460e+06   2.7587891e+01
   2.7361570e+06   3.7536621e+01
   2.7362110e+06   2.0080566e+01
   2.7362360e+06   2.4841309e+01
   2.7362760e+06   3.5156250e+01
   2.7362950e+06   2.0141602e+01
   2.7363560e+06   3.4851074e+01
   2.7460890e+06   4.4616699e+01
   2.7461220e+06   8.8684082e+01
   2.7461470e+06   2.3620605e+01
   2.7461600e+06   8.0627441e+01
   2.7461810e+06   5.9936523e+01
   2.7462080e+06   3.8330078e+01
   2.7462290e+06   2.4108887e+01
   2.7462460e+06   4.9011230e+01
   2.7462670e+06   2.4475098e+01
   2.7462790e+06   2.8991699e+01
   2.7463050e+06   2.3925781e+01
   2.7463200e+06   3.2714844e+01
   2.7463480e+06   3.0639648e+01
   2.7463650e+06   2.1728516e+01
   2.7463920e+06   3.3081055e+01
   2.7464430e+06   3.9428711e+01
   2.7464650e+06   2.3376465e+01
   2.7464940e+06   4.9194336e+01
   2.7465220e+06   3.0151367e+01
   2.7465670e+06   2.7832031e+01
   2.7465860e+06   1.9714355e+01
   2.7466110e+06   2.4719238e+01
   2.7466410e+06   3.5766602e+01
   2.7466720e+06   2.6489258e+01
   2.7466970e+06   2.4597168e+01
   2.7467200e+06   1.9531250e+01
   2.7467330e+06   3.5339355e+01
   2.7568200e+06   2.3315430e+01
   2.7568400e+06   6.0058594e+01
   2.7568600e+06   1.1157227e+02
   2.7568850e+06   4.2785645e+01
   2.7569030e+06   7.1411133e+01
   2.7569310e+06   5.1879883e+01
   2.7569450e+06   2.7709961e+01
   2.7569630e+06   3.3325195e+01
   2.7569980e+06   2.7954102e+01
   2.7570180e+06   2.5573730e+01
   2.7570570e+06   2.5024414e+01
   2.7570840e+06   3.2592773e+01
   2.7571110e+06   3.8269043e+01
   2.7571440e+06   3.2531738e+01
   2.7571810e+06   4.8156738e+01
   2.7572010e+06   2.0202637e+01
   2.7572120e+06   4.4311523e+01
   2.7572500e+06   3.7292480e+01
   2.7572750e+06   2.5207520e+01
   2.7573010e+06   2.7038574e+01
   2.7573160e+06   3.4912109e+01
   2.7573610e+06   5.7312012e+01
   2.7573770e+06   1.9775391e+01
   2.7574180e+06   2.9479980e+01
   2.7574320e+06   2.1301270e+01
   2.7574440e+06   2.0935059e+01
   2.7574720e+06   4.0222168e+01
   2.7575590e+06   2.0935059e+01
   2.7575770e+06   3.1921387e+01
   2.7575870e+06   2.6794434e+01
   2.7669200e+06   4.7790527e+01
   2.7669320e+06   4.3884277e+01
   2.7669460e+06   2.8869629e+01
   2.7669560e+06   9.5031738e+01
   2.7669700e+06   4.7546387e+01
   2.7669930e+06   4.6569824e+01
   2.7670280e+06   3.0151367e+01
   2.7670400e+06   2.4841309e+01
   2.7670630e+06   2.5085449e+01
   2.7670810e+06   1.9592285e+01
   2.7671040e+06   3.1372070e+01
   2.7671520e+06   2.4963379e+01
   2.7671750e+06   3.0883789e+01
   2.7671990e+06   3.1494141e+01
   2.7672190e+06   3.0273438e+01
   2.7672470e+06   2.7465820e+01
   2.7672720e+06   2.3864746e+01
   2.7672840e+06   3.6499023e+01
   2.7673050e+06   2.2827148e+01
   2.7673240e+06   4.1503906e+01
   2.7673510e+06   2.0751953e+01
   2.7673890e+06   4.3640137e+01
   2.7674140e+06   3.4484863e+01
   2.7674430e+06   4.7058105e+01
   2.7674540e+06   2.8381348e+01
   2.7674960e+06   3.6926270e+01
   2.7675190e+06   2.1728516e+01
   2.7675330e+06   2.4291992e+01
   2.7675620e+06   3.8574219e+01
   2.7675880e+06   2.5268555e+01
   2.7676230e+06   3.7963867e+01
   2.7761380e+06   4.9560547e+01
   2.7761510e+06   5.2673340e+01
   2.7761730e+06   5.9082031e+01
   2.7761920e+06   6.5734863e+01
   2.7762230e+06   6.1889648e+01
   2.7762330e+06   2.0202637e+01
   2.7762520e+06   3.1433105e+01
   2.7762850e+06   5.0354004e+01
   2.7763060e+06   1.9897461e+01
   2.7763210e+06   2.5024414e+01
   2.7763330e+06   2.7038574e+01
   2.7763660e+06   4.1625977e+01
   2.7763910e+06   2.8137207e+01
   2.7764120e+06   2.5085449e+01
   2.7764420e+06   2.2583008e+01
   2.7764580e+06   2.8015137e+01
   2.7764850e+06   1.9714355e+01
   2.7765100e+06   2.4597168e+01
   2.7765500e+06   4.4799805e+01
   2.7765950e+06   3.4179688e+01
   2.7766070e+06   4.8645020e+01
   2.7766420e+06   3.8146973e+01
   2.7766770e+06   2.4414062e+01
   2.7766990e+06   2.5817871e+01
   2.7767150e+06   2.0568848e+01
   2.7767290e+06   2.3803711e+01
   2.7767560e+06   2.3681641e+01
   2.7768260e+06   4.3457031e+01
   2.7874630e+06   3.1066895e+01
   2.7874750e+06   7.4462891e+01
   2.7875010e+06   9.5092773e+01
   2.7875360e+06   7.9223633e+01
   2.7875700e+06   7.8186035e+01
   2.7875940e+06   4.4921875e+01
   2.7876290e+06   4.7302246e+01
   2.7876390e+06   2.0629883e+01
   2.7876560e+06   2.8259277e+01
   2.7876720e+06   2.3315430e+01
   2.7877070e+06   3.4057617e+01
   2.7877260e+06   2.9052734e+01
   2.7877620e+06   4.8278809e+01
   2.7877770e+06   2.9174805e+01
   2.7878170e+06   2.2521973e+01
   2.7878730e+06   3.7902832e+01
   2.7878880e+06   2.0629883e+01
   2.7879560e+06   4.0710449e+01
   2.7879950e+06   2.3559570e+01
   2.7880200e+06   3.7902832e+01
   2.7880550e+06   2.1972656e+01
   2.7881030e+06   2.0202637e+01
   2.7881400e+06   3.0639648e+01
   2.7881710e+06   2.0629883e+01
   2.7882100e+06   3.0334473e+01
   2.7882510e+06   2.8259277e+01
   2.7882800e+06   2.6794434e+01
   2.7996260e+06   2.3925781e+01
   2.7996360e+06   8.8378906e+01
   2.7996640e+06   1.1389160e+02
   2.7996990e+06   1.0778809e+02
   2.7997160e+06   5.3955078e+01
   2.7997490e+06   5.7861328e+01
   2.7997680e+06   2.5756836e+01
   2.7998100e+06   3.5644531e+01
   2.7998260e+06   2.8991699e+01
   2.7998600e+06   2.0385742e+01
   2.7998890e+06   2.6855469e+01
   2.7999200e+06   4.1381836e+01
   2.7999560e+06   2.3925781e+01
   2.7999940e+06   2.3620605e+01
   2.8000270e+06   3.0517578e+01
   2.8000370e+06   3.0395508e+01
   2.8000970e+06   4.5593262e+01
   2.8001310e+06   2.6733398e+01
   2.8001820e+06   3.1738281e+01
   2.8002170e+06   3.2043457e+01
   2.8002320e+06   2.0690918e+01
   2.8002750e+06   3.3813477e+01
   2.8003260e+06   4.0954590e+01
   2.8003860e+06   4.0283203e+01
   2.8004470e+06   3.9001465e+01
   2.8160510e+06   3.0212402e+01
   2.8160620e+06   4.4067383e+01
   2.8160850e+06   9.8999023e+01
   2.8161070e+06   3.6193848e+01
   2.8161220e+06   7.2753906e+01
   2.8161360e+06   3.6254883e+01
   2.8161650e+06   2.3315430e+01
   2.8162390e+06   2.7709961e+01
   2.8162720e+06   3.6804199e+01
   2.8163020e+06   4.0344238e+01
   2.8163210e+06   2.4475098e+01
   2.8163460e+06   2.1606445e+01
   2.8163760e+06   3.4301758e+01
   2.8164110e+06   2.7038574e+01
   2.8164270e+06   2.4963379e+01
   2.8164990e+06   2.3193359e+01
   2.8165430e+06   3.0883789e+01
   2.8166170e+06   2.1850586e+01
   2.8166610e+06   2.2033691e+01
   2.8166810e+06   2.2155762e+01
   2.8167110e+06   2.8320312e+01
   2.8167520e+06   4.2297363e+01
   2.8167620e+06   3.6315918e+01
   2.8168060e+06   4.4128418e+01
   2.8168210e+06   2.3742676e+01
   2.8168790e+06   3.3386230e+01
   2.8170000e+06   2.0874023e+01
   2.8272040e+06   3.1860352e+01
   2.8272220e+06   5.0903320e+01
   2.8272480e+06   1.2243652e+02
   2.8272830e+06   6.7260742e+01
   2.8273040e+06   5.7800293e+01
   2.8273290e+06   3.1616211e+01
   2.8273630e+06   4.3212891e+01
   2.8274040e+06   4.6508789e+01
   2.8274190e+06   2.7954102e+01
   2.8274450e+06   2.2460938e+01
   2.8274810e+06   2.9602051e+01
   2.8275210e+06   2.7587891e+01
   2.8275740e+06   3.2775879e+01
   2.8276220e+06   3.2165527e+01
   2.8276330e+06   2.1972656e+01
   2.8276780e+06   2.1240234e+01
   2.8276960e+06   2.5451660e+01
   2.8277470e+06   2.5207520e+01
   2.8277910e+06   1.9714355e+01
   2.8278150e+06   2.6855469e+01
   2.8278390e+06   2.2277832e+01
   2.8278850e+06   2.1850586e+01
   2.8279050e+06   2.5024414e+01
   2.8279840e+06   3.0029297e+01
   2.8280070e+06   2.4291992e+01
   2.8281590e+06   3.5156250e+01
   2.8390990e+06   3.3142090e+01
   2.8391100e+06   5.2185059e+01
   2.8391400e+06   8.3435059e+01
   2.8391850e+06   5.7739258e+01
   2.8392140e+06   5.3588867e+01
   2.8392360e+06   4.6081543e+01
   2.8392780e+06   2.8808594e+01
   2.8393100e+06   2.5329590e+01
   2.8393310e+06   2.1728516e+01
   2.8393830e+06   2.4780273e+01
   2.8394110e+06   3.0334473e+01
   2.8394380e+06   1.9958496e+01
   2.8395670e+06   2.2644043e+01
   2.8396140e+06   3.8269043e+01
   2.8396250e+06   2.2033691e+01
   2.8396830e+06   3.5034180e+01
   2.8396940e+06   2.6184082e+01
   2.8397390e+06   2.1606445e+01
   2.8397560e+06   3.7170410e+01
   2.8397840e+06   2.4169922e+01
   2.8398170e+06   2.5024414e+01
   2.8398400e+06   2.5024414e+01
   2.8398730e+06   2.2644043e+01
   2.8496520e+06   2.7648926e+01
   2.8496720e+06   5.9448242e+01
   2.8496880e+06   3.1005859e+01
   2.8497030e+06   1.3317871e+02
   2.8497270e+06   2.3559570e+01
   2.8497370e+06   8.3923340e+01
   2.8497570e+06   3.6254883e+01
   2.8497900e+06   2.3559570e+01
   2.8498720e+06   3.4484863e+01
   2.8499010e+06   2.8808594e+01
   2.8499270e+06   2.1179199e+01
   2.8499610e+06   2.5512695e+01
   2.8499850e+06   2.2583008e+01
   2.8500130e+06   3.8391113e+01
   2.8500240e+06   2.6733398e+01
   2.8500450e+06   2.0507812e+01
   2.8500740e+06   2.4169922e+01
   2.8501010e+06   2.0568848e+01
   2.8501410e+06   3.9123535e+01
   2.8501570e+06   2.3376465e+01
   2.8502480e+06   5.1086426e+01
   2.8503050e+06   2.8686523e+01
   2.8503170e+06   2.4841309e+01
   2.8503330e+06   2.4291992e+01
   2.8503600e+06   2.0019531e+01
   2.8504240e+06   2.8076172e+01
   2.8608530e+06   2.7465820e+01
   2.8608650e+06   2.2949219e+01
   2.8608760e+06   5.4504395e+01
   2.8609090e+06   1.1468506e+02
   2.8609420e+06   9.3811035e+01
   2.8609760e+06   7.4707031e+01
   2.8609870e+06   5.0292969e+01
   2.8610280e+06   4.0710449e+01
   2.8610770e+06   2.0446777e+01
   2.8611340e+06   3.2165527e+01
   2.8611780e+06   2.3010254e+01
   2.8612500e+06   2.5390625e+01
   2.8612620e+06   1.9897461e+01
   2.8613120e+06   2.3620605e+01
   2.8613460e+06   3.1005859e+01
   2.8613840e+06   1.9592285e+01
   2.8614070e+06   2.7465820e+01
   2.8614330e+06   2.5085449e+01
   2.8614570e+06   2.0751953e+01
   2.8614840e+06   4.7485352e+01
   2.8615150e+06   2.0812988e+01
   2.8615360e+06   4.6264648e+01
   2.8615670e+06   3.3386230e+01
   2.8616020e+06   2.9174805e+01
   2.8722640e+06   2.6794434e+01
   2.8722950e+06   5.4260254e+01
   2.8723060e+06   2.1301270e+01
   2.8723190e+06   8.5205078e+01
   2.8723530e+06   2.6916504e+01
   2.8723710e+06   3.6437988e+01
   2.8724010e+06   5.1513672e+01
   2.8724350e+06   2.5878906e+01
   2.8724990e+06   1.9714355e+01
   2.8725210e+06   2.8625488e+01
   2.8725510e+06   2.0996094e+01
   2.8725820e+06   2.8320312e+01
   2.8726120e+06   2.4047852e+01
   2.8726390e+06   3.2653809e+01
   2.8727050e+06   3.2165527e+01
   2.8727710e+06   2.4658203e+01
   2.8728210e+06   2.1423340e+01
   2.8728460e+06   5.1391602e+01
   2.8728560e+06   2.5878906e+01
   2.8729250e+06   3.3020020e+01
   2.8729350e+06   3.2226562e+01
   2.8729980e+06   4.8828125e+01
   2.8730710e+06   2.1545410e+01
   2.8835910e+06   1.9592285e+01
   2.8836110e+06   2.8259277e+01
   2.8836290e+06   2.6306152e+01
   2.8836580e+06   8.7768555e+01
   2.8836850e+06   3.0029297e+01
   2.8836950e+06   6.8054199e+01
   2.8837080e+06   3.2165527e+01
   2.8837250e+06   3.2409668e+01
   2.8837580e+06   3.3081055e+01
   2.8837720e+06   1.9775391e+01
   2.8838120e+06   2.0324707e+01
   2.8838270e+06   3.0578613e+01
   2.8838550e+06   2.9113770e+01
   2.8838910e+06   2.2277832e+01
   2.8839130e+06   2.4719238e+01
   2.8839410e+06   1.9714355e+01
   2.8839780e+06   2.3315430e+01
   2.8840240e+06   2.2644043e+01
   2.8840890e+06   2.1301270e+01
   2.8841110e+06   2.5512695e+01
   2.8841460e+06   2.1484375e+01
   2.8841740e+06   2.7893066e+01
   2.8841940e+06   3.0761719e+01
   2.8842410e+06   2.8686523e+01
   2.8842640e+06   2.2644043e+01
   2.8842960e+06   2.9174805e+01
   2.8843260e+06   3.1860352e+01
   2.8844180e+06   4.7058105e+01
   2.8968390e+06   4.0161133e+01
   2.8968520e+06   5.0292969e+01
   2.8968820e+06   1.1700439e+02
   2.8969170e+06   4.2236328e+01
   2.8969350e+06   2.4414062e+01
   2.8969600e+06   2.6855469e+01
   2.8970080e+06   2.4536133e+01
   2.8970400e+06   2.5085449e+01
   2.8971030e+06   2.4169922e+01
   2.8971420e+06   2.1606445e+01
   2.8971890e+06   3.9062500e+01
   2.8972460e+06   2.3010254e+01
   2.8973180e+06   4.9133301e+01
   2.8973600e+06   2.3315430e+01
   2.8974090e+06   2.1911621e+01
   2.8974560e+06   2.5390625e+01
   2.8974770e+06   2.5695801e+01
   2.8975050e+06   2.1118164e+01
   2.8975610e+06   4.1809082e+01
   2.8976330e+06   2.5146484e+01
   2.8977080e+06   4.8034668e+01
   2.9128900e+06   2.0324707e+01
   2.9129040e+06   4.1931152e+01
   2.9129200e+06   4.2541504e+01
   2.9129310e+06   2.2338867e+01
   2.9129470e+06   9.1918945e+01
   2.9129800e+06   5.9143066e+01
   2.9130080e+06   2.7160645e+01
   2.9130320e+06   3.9978027e+01
   2.9130660e+06   2.5268555e+01
   2.9131090e+06   2.3803711e+01
   2.9131370e+06   2.1057129e+01
   2.9131790e+06   2.0080566e+01
   2.9132330e+06   2.5085449e+01
   2.9133000e+06   2.3193359e+01
   2.9133570e+06   2.3315430e+01
   2.9134200e+06   3.0517578e+01
   2.9134830e+06   4.4189453e+01
   2.9135370e+06   2.8320312e+01
   2.9135670e+06   4.1381836e+01
   2.9136090e+06   2.0507812e+01
   2.9136280e+06   2.6000977e+01
   2.9136520e+06   2.1911621e+01
   2.9136870e+06   4.0161133e+01
   2.9137620e+06   2.4047852e+01
   2.9262760e+06   2.3315430e+01
   2.9263430e+06   2.9052734e+01
   2.9263570e+06   1.9897461e+01
   2.9263920e+06   2.5573730e+01
   2.9264070e+06   6.2072754e+01
   2.9264540e+06   4.8095703e+01
   2.9264680e+06   2.8320312e+01
   2.9264930e+06   5.1330566e+01
   2.9265240e+06   4.4250488e+01
   2.9265440e+06   4.1992188e+01
   2.9265730e+06   2.9968262e+01
   2.9265900e+06   5.2368164e+01
   2.9266040e+06   2.9357910e+01
   2.9266370e+06   5.5236816e+01
   2.9266570e+06   5.3222656e+01
   2.9266730e+06   4.8095703e+01
   2.9267060e+06   3.6499023e+01
   2.9267350e+06   2.8015137e+01
   2.9267460e+06   1.9714355e+01
   2.9267610e+06   3.9123535e+01
   2.9267910e+06   2.4169922e+01
   2.9268040e+06   2.4230957e+01
   2.9268460e+06   7.3242188e+01
   2.9268740e+06   2.0996094e+01
   2.9268970e+06   3.7414551e+01
   2.9269430e+06   6.4331055e+01
   2.9270130e+06   2.6062012e+01
   2.9270740e+06   2.0385742e+01
   2.9270900e+06   3.4362793e+01
   2.9272460e+06   2.0996094e+01
   2.9375740e+06   2.0263672e+01
   2.9376730e+06   2.1789551e+01
   2.9377430e+06   2.0874023e+01
   2.9377720e+06   3.6865234e+01
   2.9377870e+06   3.1616211e+01
   2.9378060e+06   4.1076660e+01
   2.9378370e+06   2.0080566e+01
   2.9378500e+06   2.3193359e+01
   2.9378800e+06   5.2612305e+01
   2.9379040e+06   4.8828125e+01
   2.9379200e+06   2.9113770e+01
   2.9379500e+06   4.2846680e+01
   2.9379630e+06   4.1870117e+01
   2.9379880e+06   5.3894043e+01
   2.9380040e+06   3.2409668e+01
   2.9380210e+06   3.5949707e+01
   2.9380310e+06   1.9897461e+01
   2.9380560e+06   4.2480469e+01
   2.9380690e+06   3.6315918e+01
   2.9381110e+06   6.7687988e+01
   2.9381550e+06   5.6335449e+01
   2.9381700e+06   3.8574219e+01
   2.9381900e+06   4.2663574e+01
   2.9382160e+06   3.4545898e+01
   2.9382320e+06   2.6733398e+01
   2.9382580e+06   1.9958496e+01
   2.9383040e+06   3.6926270e+01
   2.9383170e+06   2.8625488e+01
   2.9383560e+06   3.4118652e+01
   2.9384110e+06   4.0710449e+01
   2.9384220e+06   5.5053711e+01
