   3.0000000e+06   0.0000000e+00
   1.1245000e+04   1.6723633e+01
   6.9357000e+04   1.7395020e+01
   8.2920000e+04   1.8371582e+01
   1.1203800e+05   1.9592285e+01
   1.1727700e+05   1.6784668e+01
   1.2866700e+05   1.9104004e+01
   1.4085600e+05   1.8920898e+01
   1.4725100e+05   1.8798828e+01
   1.6741200e+05   1.7211914e+01
   1.6746800e+05   1.8066406e+01
   2.1025800e+05   1.9470215e+01
   2.1924700e+05   1.7395020e+01
   2.2735100e+05   1.7395020e+01
   2.3633800e+05   1.7456055e+01
   2.3636500e+05   1.7333984e+01
   2.3639400e+05   1.7639160e+01
   2.3663800e+05   1.6723633e+01
   2.4541100e+05   1.7944336e+01
   2.4544500e+05   1.8066406e+01
   2.5419500e+05   1.9104004e+01
   2.5424800e+05   1.9470215e+01
   2.5430000e+05   1.7395020e+01
   2.7438000e+05   1.9042969e+01
   2.7446800e+05   1.9348145e+01
   2.8572000e+05   1.7028809e+01
   2.8650300e+05   1.7639160e+01
   2.9717400e+05   1.9104004e+01
   2.9723300e+05   1.7700195e+01
   2.9727100e+05   1.6784668e+01
   3.1813200e+05   1.6723633e+01
   3.2995500e+05   2.1423340e+01
   3.3009200e+05   1.8188477e+01
   3.3037700e+05   1.6845703e+01
   3.4655100e+05   1.7150879e+01
   3.5870600e+05   1.8737793e+01
   3.5875700e+05   1.7089844e+01
   3.5917500e+05   1.8127441e+01
   3.6901400e+05   1.7272949e+01
   1.1250720e+06   1.9042969e+01
   1.2018670e+06   1.8432617e+01
   1.3593050e+06   1.7089844e+01
   1.3796980e+06   1.7089844e+01
   1.4223410e+06   1.7761230e+01
   1.4812510e+06   1.6723633e+01
   1.5119010e+06   1.7822266e+01
   1.5119500e+06   1.7089844e+01
   1.5120690e+06   2.0996094e+01
   1.5121190e+06   1.7395020e+01
   1.5375930e+06   1.6723633e+01
   1.5378970e+06   1.8493652e+01
   1.5466720e+06   1.8371582e+01
   1.5575480e+06   1.8493652e+01
   1.5576760e+06   1.6967773e+01
   1.5700210e+06   1.6845703e+01
   1.5701360e+06   1.9348145e+01
   1.5837560e+06   1.7150879e+01
   1.5983300e+06   1.7700195e+01
   1.6186870e+06   1.8737793e+01
   1.6460960e+06   1.8310547e+01
   2.6923650e+06   1.6967773e+01
   2.7266370e+06   1.8554688e+01
   2.7357870e+06   1.8493652e+01
   2.7361570e+06   1.7761230e+01
   2.7461010e+06   1.8615723e+01
   2.7462570e+06   1.7761230e+01
   2.7567660e+06   1.9287109e+01
   2.7669420e+06   1.9287109e+01
   2.7761240e+06   1.7028809e+01
   2.7875730e+06   1.8554688e+01
   2.8160300e+06   1.8981934e+01
   2.8161930e+06   1.7761230e+01
   2.8396070e+06   1.7028809e+01
   2.8495590e+06   1.7700195e+01
   2.8607620e+06   1.8005371e+01
   2.8609470e+06   1.7456055e+01
   2.8969400e+06   1.8188477e+01
   2.8970750e+06   1.7883301e+01
   2.9128540e+06   1.6906738e+01
   2.9128870e+06   1.7028809e+01
   2.9267950e+06   1.6784668e+01
