   3.0000000e+06   0.0000000e+00
   6.9422000e+04   1.9226074e+01
   1.4063100e+05   1.9042969e+01
   2.2769000e+05   1.7822266e+01
   2.3640600e+05   2.2949219e+01
   2.4546600e+05   1.8127441e+01
   2.4577200e+05   1.9287109e+01
   2.5425800e+05   2.1301270e+01
   2.5427300e+05   1.8798828e+01
   2.5431800e+05   1.8188477e+01
   2.5435200e+05   1.9958496e+01
   2.5438900e+05   1.8554688e+01
   2.6467000e+05   2.2033691e+01
   2.7432900e+05   1.9592285e+01
   2.7449300e+05   1.7822266e+01
   2.8587200e+05   1.7944336e+01
   2.8589900e+05   1.8859863e+01
   2.8594200e+05   2.3437500e+01
   2.9720000e+05   1.8432617e+01
   2.9724400e+05   1.7822266e+01
   3.0896000e+05   2.4719238e+01
   3.0901900e+05   1.8066406e+01
   3.1823900e+05   1.8127441e+01
   3.1838900e+05   2.3254395e+01
   3.4639000e+05   1.8920898e+01
   3.4650800e+05   2.0568848e+01
   3.4686700e+05   1.8981934e+01
   3.5862100e+05   2.0751953e+01
   3.5866700e+05   1.8066406e+01
   3.5883900e+05   2.0812988e+01
   3.6902900e+05   1.8554688e+01
   3.6907700e+05   2.2338867e+01
   3.6933500e+05   1.8127441e+01
   1.0280820e+06   1.8066406e+01
   1.0784130e+06   2.7038574e+01
   1.4099940e+06   1.9775391e+01
   1.4335670e+06   1.7761230e+01
   1.4449190e+06   2.3681641e+01
   1.4449800e+06   1.9653320e+01
   1.4450120e+06   2.2644043e+01
   1.4450620e+06   1.8371582e+01
   1.4451510e+06   2.0812988e+01
   1.4579090e+06   1.9470215e+01
   1.4579950e+06   1.9775391e+01
   1.4810090e+06   2.2338867e+01
   1.4900300e+06   2.0446777e+01
   1.4901000e+06   1.9653320e+01
   1.4979550e+06   1.9775391e+01
   1.5265650e+06   2.1301270e+01
   1.5266510e+06   1.8859863e+01
   1.5375110e+06   1.8615723e+01
   1.5375670e+06   1.8188477e+01
   1.5376430e+06   1.9104004e+01
   1.5377960e+06   1.8554688e+01
   1.5465210e+06   2.0141602e+01
   1.5465730e+06   2.2216797e+01
   1.5574790e+06   1.8310547e+01
   1.5701500e+06   1.9836426e+01
   1.5701790e+06   1.7883301e+01
   1.5702300e+06   1.8554688e+01
   1.5702710e+06   2.0507812e+01
   1.5704530e+06   1.8554688e+01
   1.5838580e+06   1.7822266e+01
   1.5838870e+06   1.8798828e+01
   1.5842710e+06   1.9470215e+01
   1.5984900e+06   1.9714355e+01
   1.5986710e+06   1.8554688e+01
   1.5990010e+06   1.8676758e+01
   1.6183050e+06   2.3315430e+01
   1.6186100e+06   2.0263672e+01
   2.3149870e+06   2.3376465e+01
   2.5367520e+06   1.7883301e+01
   2.6553400e+06   1.9775391e+01
   2.6764490e+06   1.8737793e+01
   2.7461610e+06   1.8737793e+01
   2.7461780e+06   1.7761230e+01
   2.7761900e+06   2.0690918e+01
   2.7762450e+06   2.1545410e+01
   2.7875610e+06   2.0996094e+01
   2.7997170e+06   2.1362305e+01
   2.7997500e+06   1.7883301e+01
   2.7997880e+06   1.7761230e+01
   2.7999050e+06   1.7822266e+01
   2.8000240e+06   1.9226074e+01
   2.8000760e+06   1.8737793e+01
   2.8272520e+06   1.9226074e+01
   2.8274140e+06   1.8920898e+01
   2.8391700e+06   1.8188477e+01
   2.8392910e+06   1.8554688e+01
   2.8394620e+06   1.8432617e+01
   2.8497030e+06   1.7761230e+01
   2.8498580e+06   2.0629883e+01
   2.8609060e+06   2.2338867e+01
   2.8611840e+06   1.8066406e+01
   2.8723030e+06   1.8127441e+01
   2.8724370e+06   1.8615723e+01
   2.8725190e+06   1.7822266e+01
   2.8726090e+06   1.8676758e+01
   2.8836530e+06   1.9775391e+01
   2.8968850e+06   2.1484375e+01
   2.8969140e+06   2.0202637e+01
   2.8969420e+06   2.1484375e+01
   2.8975220e+06   2.0263672e+01
   2.9128810e+06   1.8310547e+01
   2.9129240e+06   1.9348145e+01
   2.9129660e+06   2.3498535e+01
   2.9130230e+06   1.7822266e+01
   2.9131570e+06   1.8432617e+01
   2.9266960e+06   1.9226074e+01
   2.9267800e+06   1.8005371e+01
   2.9381600e+06   1.8371582e+01
