   3.0000000e+06   0.0000000e+00
   1.5989000e+04   2.2338867e+01
   1.6113000e+04   2.4597168e+01
   1.6142000e+04   2.1179199e+01
   2.4743000e+04   2.0812988e+01
   2.4801000e+04   2.2094727e+01
   4.8782000e+04   2.2766113e+01
   4.8897000e+04   2.0874023e+01
   5.5330000e+04   2.8503418e+01
   6.3264000e+04   2.5268555e+01
   6.9343000e+04   2.2216797e+01
   6.9361000e+04   2.3498535e+01
   6.9420000e+04   3.1616211e+01
   7.6192000e+04   2.1728516e+01
   8.2857000e+04   2.0751953e+01
   8.2904000e+04   2.3376465e+01
   1.0709800e+05   2.3803711e+01
   1.0715800e+05   2.4230957e+01
   1.0722100e+05   2.0996094e+01
   1.1724400e+05   2.2949219e+01
   1.2293500e+05   2.1911621e+01
   1.2858700e+05   2.5146484e+01
   1.4058300e+05   2.2644043e+01
   1.4063000e+05   2.1728516e+01
   1.4710000e+05   2.6855469e+01
   1.4713900e+05   2.2277832e+01
   1.4720900e+05   2.0751953e+01
   1.4725300e+05   2.2827148e+01
   1.5351600e+05   2.1362305e+01
   1.5356400e+05   2.1118164e+01
   1.6744100e+05   2.2766113e+01
   1.6750700e+05   2.0935059e+01
   1.7423300e+05   2.1484375e+01
   1.8118100e+05   2.3681641e+01
   1.8845000e+05   2.5878906e+01
   1.8858000e+05   2.1057129e+01
   1.8859600e+05   2.4902344e+01
   1.9552600e+05   2.4353027e+01
   2.0295800e+05   2.3803711e+01
   2.0299600e+05   2.1179199e+01
   2.0306700e+05   2.2827148e+01
   2.1032100e+05   2.2094727e+01
   2.1036500e+05   2.3620605e+01
   2.1039900e+05   2.2033691e+01
   2.1917400e+05   2.0874023e+01
   2.1919900e+05   2.1362305e+01
   2.1921600e+05   2.2338867e+01
   2.2726300e+05   2.3864746e+01
   2.3629900e+05   2.6611328e+01
   2.3633900e+05   2.0996094e+01
   2.3641700e+05   2.2766113e+01
   2.4546100e+05   2.5878906e+01
   2.5417500e+05   2.3498535e+01
   2.5423100e+05   2.1545410e+01
   2.5433700e+05   2.2583008e+01
   2.5436600e+05   2.1179199e+01
   2.6457800e+05   2.4414062e+01
   2.6459200e+05   2.1667480e+01
   2.6461700e+05   2.6000977e+01
   2.6464800e+05   2.8991699e+01
   2.6468600e+05   2.3925781e+01
   2.7423500e+05   2.8625488e+01
   2.7445300e+05   2.2338867e+01
   2.8578700e+05   2.3864746e+01
   2.8584200e+05   3.0090332e+01
   2.8586800e+05   2.6000977e+01
   2.9712900e+05   2.1240234e+01
   2.9716000e+05   2.5817871e+01
   2.9718500e+05   2.7526855e+01
   2.9724100e+05   2.1484375e+01
   3.0885900e+05   2.7221680e+01
   3.0887000e+05   2.5268555e+01
   3.0895700e+05   2.3803711e+01
   3.0903100e+05   2.1179199e+01
   3.0910200e+05   2.3254395e+01
   3.0917200e+05   2.0874023e+01
   3.1808800e+05   2.6245117e+01
   3.1815000e+05   2.1057129e+01
   3.1822200e+05   2.0751953e+01
   3.1833000e+05   2.2583008e+01
   3.2991000e+05   2.2705078e+01
   3.2993200e+05   2.2033691e+01
   3.2996000e+05   2.6428223e+01
   3.3000000e+05   2.3132324e+01
   3.3006800e+05   2.8686523e+01
   3.3018400e+05   2.1850586e+01
   3.4648500e+05   2.2644043e+01
   3.4649500e+05   2.6306152e+01
   3.4654000e+05   2.8381348e+01
   3.4657100e+05   2.2216797e+01
   3.4663900e+05   2.3742676e+01
   3.4672700e+05   2.2094727e+01
   3.4679100e+05   2.0812988e+01
   3.4684700e+05   2.1484375e+01
   3.5867900e+05   2.8198242e+01
   3.5872900e+05   2.7465820e+01
   3.5876600e+05   2.6672363e+01
   3.5880800e+05   2.3803711e+01
   3.5888200e+05   2.5390625e+01
   3.6889600e+05   2.0935059e+01
   3.6896800e+05   2.0874023e+01
   3.6906300e+05   2.0996094e+01
   3.6913900e+05   2.0874023e+01
   8.5884100e+05   2.4047852e+01
   9.5483900e+05   2.2460938e+01
   1.0281940e+06   2.1484375e+01
   1.0287430e+06   2.1179199e+01
   1.1163620e+06   2.8503418e+01
   1.1164190e+06   2.8686523e+01
   1.1165260e+06   2.7465820e+01
   1.1249970e+06   2.2583008e+01
   1.1250350e+06   2.3010254e+01
   1.1337610e+06   2.2583008e+01
   1.1422810e+06   2.4169922e+01
   1.1423200e+06   2.3132324e+01
   1.1645110e+06   2.1057129e+01
   1.1645440e+06   2.0812988e+01
   1.1801290e+06   2.0812988e+01
   1.1948510e+06   2.1240234e+01
   1.2019430e+06   2.2644043e+01
   1.2660840e+06   2.3193359e+01
   1.3297100e+06   2.2155762e+01
   1.3795130e+06   2.2216797e+01
   1.3795790e+06   2.2583008e+01
   1.3996070e+06   2.0874023e+01
   1.4101080e+06   2.3498535e+01
   1.4223690e+06   2.1850586e+01
   1.4331850e+06   2.1728516e+01
   1.4448580e+06   2.4353027e+01
   1.4448780e+06   2.3193359e+01
   1.4448990e+06   2.2216797e+01
   1.4578710e+06   2.0874023e+01
   1.4699350e+06   2.3742676e+01
   1.4699730e+06   2.3193359e+01
   1.4809250e+06   2.2827148e+01
   1.4809670e+06   2.8991699e+01
   1.4809890e+06   2.0812988e+01
   1.4810240e+06   2.3925781e+01
   1.4810690e+06   2.3315430e+01
   1.4900540e+06   2.3071289e+01
   1.4901120e+06   2.2399902e+01
   1.4901590e+06   2.4108887e+01
   1.5119330e+06   2.1362305e+01
   1.5119640e+06   2.2460938e+01
   1.5264740e+06   2.4108887e+01
   1.5265300e+06   2.3193359e+01
   1.5265620e+06   2.1484375e+01
   1.5266920e+06   2.2888184e+01
   1.5374720e+06   2.8625488e+01
   1.5375320e+06   2.7221680e+01
   1.5375580e+06   2.2094727e+01
   1.5376320e+06   2.4291992e+01
   1.5463310e+06   2.3193359e+01
   1.5464160e+06   2.1545410e+01
   1.5464860e+06   2.3803711e+01
   1.5573900e+06   2.4169922e+01
   1.5574260e+06   2.1423340e+01
   1.5574360e+06   2.2094727e+01
   1.5574480e+06   2.2521973e+01
   1.5574660e+06   2.6184082e+01
   1.5575010e+06   2.3315430e+01
   1.5575220e+06   2.5634766e+01
   1.5575770e+06   2.2277832e+01
   1.5576170e+06   2.3193359e+01
   1.5701810e+06   2.5390625e+01
   1.5702030e+06   2.8320312e+01
   1.5703100e+06   2.5390625e+01
   1.5835790e+06   2.0751953e+01
   1.5836610e+06   2.1789551e+01
   1.5837530e+06   3.1250000e+01
   1.5837890e+06   2.2094727e+01
   1.5839020e+06   2.3132324e+01
   1.5982700e+06   2.0874023e+01
   1.5982960e+06   2.2644043e+01
   1.5983400e+06   3.1494141e+01
   1.5983600e+06   2.1179199e+01
   1.5983940e+06   2.6062012e+01
   1.5984680e+06   2.1179199e+01
   1.5985750e+06   2.0996094e+01
   1.6182350e+06   2.2338867e+01
   1.6182460e+06   2.1362305e+01
   1.6182850e+06   2.5268555e+01
   1.6183180e+06   2.0751953e+01
   1.6183370e+06   2.6794434e+01
   1.6183640e+06   2.5024414e+01
   1.6184110e+06   2.2766113e+01
   1.6458890e+06   2.2460938e+01
   1.6460470e+06   2.7404785e+01
   2.2421790e+06   2.3376465e+01
   2.3309790e+06   2.1057129e+01
   2.3627370e+06   2.1667480e+01
   2.4078380e+06   2.2338867e+01
   2.4078950e+06   2.2521973e+01
   2.4081120e+06   2.1972656e+01
   2.4447210e+06   2.4597168e+01
   2.4739900e+06   2.2949219e+01
   2.4740230e+06   2.1484375e+01
   2.4910820e+06   2.2827148e+01
   2.4911210e+06   2.1728516e+01
   2.4911320e+06   2.1057129e+01
   2.5052530e+06   2.2888184e+01
   2.5054180e+06   2.0996094e+01
   2.5176740e+06   2.3071289e+01
   2.5263720e+06   2.1484375e+01
   2.5367340e+06   2.7648926e+01
   2.5794980e+06   2.1606445e+01
   2.5874990e+06   2.4719238e+01
   2.5945680e+06   2.3315430e+01
   2.6305320e+06   2.6000977e+01
   2.6922690e+06   2.1362305e+01
   2.7007700e+06   2.1179199e+01
   2.7461370e+06   2.0812988e+01
   2.7461640e+06   2.1362305e+01
   2.7569380e+06   2.1484375e+01
   2.7668780e+06   2.8564453e+01
   2.7760850e+06   2.1484375e+01
   2.7874680e+06   2.3681641e+01
   2.7875380e+06   2.4108887e+01
   2.8160090e+06   2.1789551e+01
   2.8160450e+06   2.3620605e+01
   2.8160750e+06   2.3986816e+01
   2.8271520e+06   2.6245117e+01
   2.8271940e+06   2.2888184e+01
   2.8272470e+06   2.8564453e+01
   2.8273240e+06   2.4230957e+01
   2.8390100e+06   2.6794434e+01
   2.8391080e+06   2.2216797e+01
   2.8391360e+06   3.0395508e+01
   2.8392470e+06   2.1362305e+01
   2.8495770e+06   2.0874023e+01
   2.8496010e+06   2.1911621e+01
   2.8496230e+06   2.1606445e+01
   2.8497310e+06   2.4658203e+01
   2.8607810e+06   2.2033691e+01
   2.8608150e+06   2.4841309e+01
   2.8722080e+06   2.0935059e+01
   2.8722530e+06   2.4475098e+01
   2.8722710e+06   2.6062012e+01
   2.8722840e+06   2.2460938e+01
   2.8723040e+06   2.5756836e+01
   2.8723140e+06   2.5451660e+01
   2.8723620e+06   2.5024414e+01
   2.8723810e+06   2.9785156e+01
   2.8835440e+06   2.6855469e+01
   2.8835920e+06   2.1484375e+01
   2.8836540e+06   2.1911621e+01
   2.8967830e+06   2.1118164e+01
   2.8968310e+06   2.5329590e+01
   2.8968670e+06   2.6428223e+01
   2.8968880e+06   2.2277832e+01
   2.8969030e+06   2.1118164e+01
   2.8969590e+06   2.4841309e+01
   2.8969720e+06   2.5390625e+01
   2.9128240e+06   2.3864746e+01
   2.9129000e+06   2.0751953e+01
   2.9129230e+06   2.0935059e+01
   2.9129610e+06   2.4169922e+01
   2.9130920e+06   2.1606445e+01
   2.9131120e+06   2.1728516e+01
   2.9265980e+06   2.3376465e+01
   2.9266400e+06   2.1728516e+01
   2.9266740e+06   2.6489258e+01
   2.9266860e+06   2.1362305e+01
   2.9267250e+06   2.1179199e+01
   2.9267620e+06   2.3803711e+01
   2.9268500e+06   2.2644043e+01
   2.9378180e+06   2.1484375e+01
   2.9379610e+06   2.7099609e+01
   2.9379950e+06   2.8198242e+01
