   3.0000000e+06   0.0000000e+00
   2.3629400e+05   1.8554688e+01
   2.5413400e+05   1.7578125e+01
   2.6462200e+05   2.8137207e+01
   2.6469700e+05   2.8930664e+01
   2.6474000e+05   1.6601563e+01
   2.8572200e+05   2.2277832e+01
   2.8579400e+05   1.6357422e+01
   2.8583700e+05   1.5869141e+01
   2.8589000e+05   1.7272949e+01
   2.8600700e+05   2.0874023e+01
   2.9707300e+05   1.6540527e+01
   2.9718000e+05   2.3437500e+01
   2.9724300e+05   1.6357422e+01
   2.9743500e+05   1.5808105e+01
   3.0882000e+05   2.2094727e+01
   3.0888000e+05   1.7944336e+01
   3.0889200e+05   2.3620605e+01
   3.0896400e+05   1.7272949e+01
   3.1810600e+05   2.2705078e+01
   3.1813500e+05   1.6418457e+01
   3.1820300e+05   2.1179199e+01
   3.1825100e+05   1.7395020e+01
   3.2991700e+05   1.6967773e+01
   3.2996400e+05   2.2033691e+01
   3.2999400e+05   1.6418457e+01
   3.3005900e+05   1.5625000e+01
   3.3014600e+05   1.6662598e+01
   3.4646600e+05   2.1850586e+01
   3.4651500e+05   2.1301270e+01
   3.4655300e+05   2.1423340e+01
   3.4689200e+05   1.6296387e+01
   3.5867000e+05   3.1799316e+01
   3.5870200e+05   1.8676758e+01
   3.5872000e+05   1.5563965e+01
   3.5875200e+05   1.5625000e+01
   3.5882200e+05   1.8676758e+01
   3.5906500e+05   1.7395020e+01
   3.6890800e+05   2.1972656e+01
   3.6897500e+05   1.7700195e+01
   3.6908800e+05   1.6845703e+01
   7.8806000e+05   1.6540527e+01
   7.8817200e+05   1.5808105e+01
   9.2135100e+05   1.6296387e+01
   9.7579700e+05   1.5808105e+01
   1.0012610e+06   1.7639160e+01
   1.0281510e+06   1.6906738e+01
   1.0518230e+06   1.6052246e+01
   1.0765930e+06   1.5563965e+01
   1.1250360e+06   1.5625000e+01
   1.1423280e+06   1.5930176e+01
   1.4809660e+06   1.9042969e+01
   1.4810180e+06   1.7028809e+01
   1.4810680e+06   2.0446777e+01
   1.5375760e+06   2.7404785e+01
   1.5376510e+06   2.5085449e+01
   1.5377100e+06   2.2155762e+01
   1.5461890e+06   1.6296387e+01
   1.5574550e+06   2.2460938e+01
   1.5575220e+06   1.9592285e+01
   1.5575520e+06   2.1850586e+01
   1.5575810e+06   1.7822266e+01
   1.5576270e+06   1.8615723e+01
   1.5700280e+06   2.3925781e+01
   1.5701500e+06   1.8737793e+01
   1.5702370e+06   1.9531250e+01
   1.5835330e+06   2.1423340e+01
   1.5836370e+06   2.2583008e+01
   1.5836980e+06   1.8676758e+01
   1.5837500e+06   2.0324707e+01
   1.5838010e+06   1.6235352e+01
   1.5838820e+06   2.0385742e+01
   1.5981750e+06   2.1850586e+01
   1.5982370e+06   2.3193359e+01
   1.5983560e+06   1.6540527e+01
   1.5984290e+06   1.7639160e+01
   1.5984940e+06   1.5869141e+01
   1.5985170e+06   1.6296387e+01
   1.6182820e+06   1.7211914e+01
   1.6183190e+06   2.9968262e+01
   1.6183680e+06   1.6296387e+01
   1.6186320e+06   1.5625000e+01
   1.6458380e+06   1.6784668e+01
   1.6458760e+06   2.4169922e+01
   1.6459290e+06   2.1850586e+01
   1.6459670e+06   1.7517090e+01
   1.6459790e+06   2.2155762e+01
   1.6460950e+06   1.7883301e+01
   1.8850470e+06   1.6113281e+01
   1.8946250e+06   1.6540527e+01
   1.9940710e+06   1.6723633e+01
   2.0326490e+06   1.6784668e+01
   2.0448430e+06   1.7639160e+01
   2.0451790e+06   1.6296387e+01
   2.0731350e+06   1.6540527e+01
   2.0731990e+06   1.6357422e+01
   2.0738240e+06   1.6296387e+01
   2.0744500e+06   1.6357422e+01
   2.1055790e+06   1.6906738e+01
   2.1066230e+06   1.6540527e+01
   2.1166140e+06   1.6174316e+01
   2.1377040e+06   1.5991211e+01
   2.1592800e+06   1.7700195e+01
   2.1754030e+06   1.6784668e+01
   2.2276030e+06   2.0202637e+01
   2.2422020e+06   1.7333984e+01
   2.2854740e+06   2.9113770e+01
   2.3152220e+06   2.4658203e+01
   2.3309320e+06   1.8432617e+01
   2.3599450e+06   1.5869141e+01
   2.3627660e+06   2.1850586e+01
   2.3627840e+06   1.7272949e+01
   2.3841290e+06   1.5563965e+01
   2.4078280e+06   1.7822266e+01
   2.4083980e+06   2.4353027e+01
   2.4088270e+06   1.8676758e+01
   2.4416030e+06   1.5930176e+01
   2.4739970e+06   2.4414063e+01
   2.4911280e+06   2.0263672e+01
   2.5052290e+06   1.7028809e+01
   2.5175840e+06   1.6052246e+01
   2.5367280e+06   1.7333984e+01
   2.8390140e+06   1.6418457e+01
   2.8607630e+06   1.7456055e+01
   2.8608230e+06   2.5634766e+01
   2.8609130e+06   1.7272949e+01
   2.8722450e+06   1.8859863e+01
   2.8723270e+06   1.9897461e+01
   2.8724180e+06   1.9592285e+01
   2.8835100e+06   2.4963379e+01
   2.8835930e+06   1.8310547e+01
   2.8836560e+06   2.2277832e+01
   2.8967220e+06   1.9653320e+01
   2.8967660e+06   2.1057129e+01
   2.8968230e+06   2.1728516e+01
   2.8969220e+06   1.6235352e+01
   2.8969620e+06   1.7333984e+01
   2.8970240e+06   1.5808105e+01
   2.9127070e+06   1.9165039e+01
   2.9127750e+06   2.6855469e+01
   2.9128380e+06   1.9226074e+01
   2.9130570e+06   1.9775391e+01
   2.9133380e+06   1.6235352e+01
   2.9265840e+06   2.3315430e+01
   2.9266330e+06   1.9287109e+01
   2.9266790e+06   1.6784668e+01
   2.9267060e+06   1.8310547e+01
   2.9267570e+06   1.7395020e+01
   2.9267880e+06   1.5563965e+01
   2.9270650e+06   1.5625000e+01
   2.9378110e+06   2.6184082e+01
   2.9378330e+06   1.7761230e+01
   2.9378870e+06   3.2409668e+01
   2.9379490e+06   2.7282715e+01
   2.9380040e+06   2.1057129e+01
   2.9380660e+06   1.8554688e+01
