   3.0000000e+06   0.0000000e+00
   6.9770000e+03   1.9104004e+01
   7.0650000e+03   2.5634766e+01
   7.0990000e+03   1.8310547e+01
   7.2570000e+03   1.9714355e+01
   1.0806000e+04   1.8310547e+01
   1.1004000e+04   1.8920898e+01
   1.1126000e+04   1.9226074e+01
   1.1160000e+04   2.1362305e+01
   1.5902000e+04   1.9531250e+01
   1.5982000e+04   2.1911621e+01
   1.6022000e+04   2.6794434e+01
   1.6038000e+04   2.0324707e+01
   1.6080000e+04   5.2307129e+01
   1.6112000e+04   2.0996094e+01
   1.6250000e+04   1.8371582e+01
   2.4642000e+04   1.9958496e+01
   2.4725000e+04   1.8981934e+01
   2.4776000e+04   1.9470215e+01
   2.4805000e+04   3.9245605e+01
   2.4824000e+04   3.4240723e+01
   2.4844000e+04   2.0812988e+01
   2.4873000e+04   2.8198242e+01
   2.4891000e+04   4.8156738e+01
   2.5241000e+04   1.8981934e+01
   3.2710000e+04   1.9775391e+01
   3.9294000e+04   1.9714355e+01
   3.9378000e+04   3.2775879e+01
   3.9401000e+04   2.8259277e+01
   3.9431000e+04   4.7363281e+01
   3.9457000e+04   2.1545410e+01
   3.9489000e+04   2.5329590e+01
   3.9511000e+04   3.9123535e+01
   4.8741000e+04   3.0212402e+01
   4.8751000e+04   2.3925781e+01
   4.8776000e+04   2.1118164e+01
   4.8793000e+04   2.1362305e+01
   4.8817000e+04   4.0710449e+01
   4.8847000e+04   2.7709961e+01
   4.8859000e+04   2.2399902e+01
   4.8886000e+04   4.9255371e+01
   4.8962000e+04   2.9724121e+01
   4.8981000e+04   5.0231934e+01
   4.9187000e+04   2.8808594e+01
   5.5203000e+04   4.1076660e+01
   5.5223000e+04   1.8554688e+01
   5.5273000e+04   3.4912109e+01
   5.5322000e+04   5.5175781e+01
   5.5340000e+04   2.4230957e+01
   5.5432000e+04   1.9348145e+01
   6.0669000e+04   2.3071289e+01
   6.3163000e+04   1.9775391e+01
   6.3191000e+04   2.3254395e+01
   6.3205000e+04   2.6794434e+01
   6.3233000e+04   2.9296875e+01
   6.3253000e+04   3.6743164e+01
   6.3283000e+04   1.9531250e+01
   6.3306000e+04   3.9367676e+01
   6.3324000e+04   2.2521973e+01
   6.3384000e+04   2.3742676e+01
   6.3408000e+04   3.5278320e+01
   6.3487000e+04   2.4963379e+01
   6.9247000e+04   2.4353027e+01
   6.9268000e+04   1.8737793e+01
   6.9291000e+04   4.0344238e+01
   6.9348000e+04   2.8015137e+01
   6.9397000e+04   2.7160645e+01
   6.9439000e+04   1.8310547e+01
   6.9457000e+04   2.1118164e+01
   6.9578000e+04   2.3071289e+01
   7.4078000e+04   1.8737793e+01
   7.6090000e+04   2.4414062e+01
   7.6105000e+04   1.8615723e+01
   7.6142000e+04   2.3559570e+01
   7.6191000e+04   2.6489258e+01
   7.6225000e+04   4.3701172e+01
   7.6254000e+04   2.5878906e+01
   7.6328000e+04   1.9226074e+01
   8.2714000e+04   2.9785156e+01
   8.2740000e+04   2.1362305e+01
   8.2769000e+04   4.3151855e+01
   8.2807000e+04   2.1118164e+01
   8.2831000e+04   5.1025391e+01
   8.2890000e+04   9.0759277e+01
   8.2919000e+04   2.0812988e+01
   8.2984000e+04   2.0263672e+01
   8.9753000e+04   1.8859863e+01
   8.9779000e+04   2.8503418e+01
   8.9822000e+04   2.3620605e+01
   8.9835000e+04   5.2001953e+01
   8.9870000e+04   2.9296875e+01
   8.9928000e+04   2.2705078e+01
   8.9951000e+04   5.0659180e+01
   9.0017000e+04   2.3193359e+01
   9.4081000e+04   2.6184082e+01
   9.4138000e+04   2.5329590e+01
   9.4208000e+04   2.1606445e+01
   9.8102000e+04   2.8686523e+01
   9.8182000e+04   2.0996094e+01
   9.8204000e+04   1.8371582e+01
   1.0221600e+05   2.7587891e+01
   1.0225300e+05   2.7893066e+01
   1.0230700e+05   3.1250000e+01
   1.0232700e+05   4.6569824e+01
   1.0237300e+05   2.3925781e+01
   1.0240200e+05   2.2644043e+01
   1.0245000e+05   2.1972656e+01
   1.0708200e+05   3.0944824e+01
   1.0712800e+05   3.0090332e+01
   1.0717600e+05   1.9287109e+01
   1.0723200e+05   2.2583008e+01
   1.0727400e+05   2.2399902e+01
   1.1185700e+05   2.0324707e+01
   1.1190400e+05   2.7648926e+01
   1.1192400e+05   3.9367676e+01
   1.1196900e+05   2.2888184e+01
   1.1206700e+05   1.8432617e+01
   1.1718800e+05   3.0944824e+01
   1.1721300e+05   4.4067383e+01
   1.1723600e+05   2.3193359e+01
   1.1724600e+05   2.4169922e+01
   1.1728700e+05   1.9470215e+01
   1.1735100e+05   4.3579102e+01
   1.1743800e+05   2.2094727e+01
   1.2282900e+05   2.5878906e+01
   1.2287800e+05   2.8198242e+01
   1.2293300e+05   2.4291992e+01
   1.2294400e+05   5.1086426e+01
   1.2299200e+05   2.2705078e+01
   1.2306800e+05   2.2399902e+01
   1.2846000e+05   2.5268555e+01
   1.2850800e+05   2.3864746e+01
   1.2855500e+05   2.4169922e+01
   1.2858500e+05   5.2917480e+01
   1.2862600e+05   2.7160645e+01
   1.2874500e+05   2.1972656e+01
   1.3423100e+05   3.4240723e+01
   1.3425400e+05   2.0874023e+01
   1.3428800e+05   3.5034180e+01
   1.3431900e+05   1.8615723e+01
   1.3434000e+05   2.1118164e+01
   1.3441200e+05   2.2644043e+01
   1.3446000e+05   4.6813965e+01
   1.4049900e+05   2.5024414e+01
   1.4053900e+05   6.2011719e+01
   1.4056000e+05   2.3315430e+01
   1.4058500e+05   2.8686523e+01
   1.4061200e+05   2.2460938e+01
   1.4062200e+05   4.4494629e+01
   1.4063900e+05   2.4963379e+01
   1.4070900e+05   2.6367188e+01
   1.4072800e+05   3.6132812e+01
   1.4075100e+05   1.9042969e+01
   1.4077800e+05   2.2766113e+01
   1.4090700e+05   2.2155762e+01
   1.4704900e+05   1.9775391e+01
   1.4708600e+05   4.1564941e+01
   1.4709700e+05   2.1301270e+01
   1.4714400e+05   2.0690918e+01
   1.4715600e+05   2.0507812e+01
   1.4720300e+05   2.7648926e+01
   1.4726800e+05   3.3020020e+01
   1.4730000e+05   3.0456543e+01
   1.4738200e+05   2.0141602e+01
   1.5338800e+05   2.8320312e+01
   1.5342900e+05   2.9907227e+01
   1.5346100e+05   2.0874023e+01
   1.5347500e+05   2.0385742e+01
   1.5353500e+05   2.4536133e+01
   1.5355500e+05   3.8574219e+01
   1.5360200e+05   2.0751953e+01
   1.5370100e+05   2.0935059e+01
   1.5384200e+05   1.8493652e+01
   1.6021100e+05   2.1118164e+01
   1.6024500e+05   2.1972656e+01
   1.6025900e+05   5.1269531e+01
   1.6027600e+05   2.0690918e+01
   1.6030300e+05   2.6611328e+01
   1.6033700e+05   3.9794922e+01
   1.6035600e+05   2.0568848e+01
   1.6042500e+05   2.0935059e+01
   1.6046500e+05   5.0170898e+01
   1.6052200e+05   2.0996094e+01
   1.6063800e+05   1.8554688e+01
   1.6733900e+05   2.2155762e+01
   1.6737600e+05   5.4443359e+01
   1.6746000e+05   2.1667480e+01
   1.6748300e+05   5.9143066e+01
   1.6751500e+05   2.5573730e+01
   1.6754000e+05   4.3579102e+01
   1.6756800e+05   1.8371582e+01
   1.6761200e+05   1.9287109e+01
   1.6763400e+05   2.3376465e+01
   1.6770000e+05   1.9958496e+01
   1.6788300e+05   1.9531250e+01
   1.7415400e+05   2.2094727e+01
   1.7419600e+05   5.8837891e+01
   1.7423300e+05   2.0080566e+01
   1.7425700e+05   3.6499023e+01
   1.7427900e+05   2.1362305e+01
   1.7433900e+05   1.9470215e+01
   1.7439400e+05   2.1118164e+01
   1.7453600e+05   1.9226074e+01
   1.8103100e+05   2.7770996e+01
   1.8105900e+05   5.1818848e+01
   1.8107300e+05   3.1982422e+01
   1.8111200e+05   5.3833008e+01
   1.8112800e+05   5.3039551e+01
   1.8117400e+05   1.8371582e+01
   1.8118900e+05   4.3090820e+01
   1.8124500e+05   2.2460938e+01
   1.8135400e+05   2.3559570e+01
   1.8160000e+05   2.0324707e+01
   1.8843500e+05   1.8371582e+01
   1.8848000e+05   3.8024902e+01
   1.8849400e+05   6.6040039e+01
   1.8852400e+05   5.1391602e+01
   1.8855100e+05   3.6132812e+01
   1.8860400e+05   6.4147949e+01
   1.8868700e+05   1.9287109e+01
   1.8870400e+05   3.7414551e+01
   1.8871900e+05   5.2368164e+01
   1.8897000e+05   2.0080566e+01
   1.9545100e+05   1.9775391e+01
   1.9548100e+05   4.2175293e+01
   1.9549300e+05   1.9287109e+01
   1.9550600e+05   4.9865723e+01
   1.9552100e+05   2.9174805e+01
   1.9555200e+05   2.7832031e+01
   1.9557600e+05   8.8073730e+01
   1.9561000e+05   1.9042969e+01
   1.9564000e+05   4.9865723e+01
   1.9574600e+05   4.0283203e+01
   1.9578800e+05   2.2216797e+01
   1.9583200e+05   2.3010254e+01
   2.0286900e+05   1.9897461e+01
   2.0288400e+05   2.6062012e+01
   2.0291600e+05   4.5471191e+01
   2.0293700e+05   6.4575195e+01
   2.0296000e+05   3.4606934e+01
   2.0297900e+05   3.8330078e+01
   2.0300300e+05   3.2043457e+01
   2.0301900e+05   3.6621094e+01
   2.0305100e+05   4.2907715e+01
   2.0307200e+05   3.2287598e+01
   2.0310400e+05   2.6977539e+01
   2.0313900e+05   4.5227051e+01
   2.0318600e+05   2.0507812e+01
   2.0321000e+05   3.3203125e+01
   2.0322400e+05   4.1259766e+01
   2.0331200e+05   1.8432617e+01
   2.0337100e+05   6.1584473e+01
   2.0345700e+05   1.8676758e+01
   2.1025700e+05   2.7893066e+01
   2.1029500e+05   4.3640137e+01
   2.1032100e+05   5.7250977e+01
   2.1033800e+05   3.3447266e+01
   2.1035400e+05   1.9958496e+01
   2.1036700e+05   3.5461426e+01
   2.1038600e+05   2.9418945e+01
   2.1041400e+05   4.6020508e+01
   2.1043100e+05   3.6437988e+01
   2.1046400e+05   3.7597656e+01
   2.1048000e+05   2.3559570e+01
   2.1054400e+05   4.2358398e+01
   2.1055400e+05   2.4719238e+01
   2.1058000e+05   2.2216797e+01
   2.1061500e+05   4.2114258e+01
   2.1067100e+05   1.8737793e+01
   2.1069900e+05   3.0456543e+01
   2.1071800e+05   1.9470215e+01
   2.1074400e+05   3.5339355e+01
   2.1080000e+05   3.3752441e+01
   2.1087600e+05   2.1545410e+01
   2.1105400e+05   2.3132324e+01
   2.1915900e+05   2.0935059e+01
   2.1918300e+05   4.2907715e+01
   2.1919900e+05   6.3232422e+01
   2.1923400e+05   3.9428711e+01
   2.1926600e+05   3.9489746e+01
   2.1930300e+05   3.7719727e+01
   2.1933800e+05   2.1484375e+01
   2.1935200e+05   1.9897461e+01
   2.1938800e+05   3.4423828e+01
   2.1943400e+05   1.8432617e+01
   2.1949800e+05   2.3437500e+01
   2.1953800e+05   2.3620605e+01
   2.1954800e+05   3.4423828e+01
   2.1958400e+05   2.0568848e+01
   2.1960700e+05   3.0151367e+01
   2.1964500e+05   2.0507812e+01
   2.1969900e+05   3.2592773e+01
   2.1971400e+05   2.1911621e+01
   2.1978300e+05   3.2714844e+01
   2.1980100e+05   2.0263672e+01
   2.1989000e+05   2.2094727e+01
   2.2722100e+05   2.4353027e+01
   2.2724600e+05   1.9165039e+01
   2.2728200e+05   5.4626465e+01
   2.2729800e+05   2.4047852e+01
   2.2732000e+05   4.6203613e+01
   2.2736000e+05   3.4545898e+01
   2.2737500e+05   2.8503418e+01
   2.2739900e+05   2.9663086e+01
   2.2742200e+05   1.9409180e+01
   2.2744000e+05   2.6000977e+01
   2.2746600e+05   1.8859863e+01
   2.2749000e+05   2.9296875e+01
   2.2751600e+05   1.9287109e+01
   2.2754000e+05   3.5156250e+01
   2.2757800e+05   2.0568848e+01
   2.2759300e+05   2.8259277e+01
   2.2762100e+05   1.9104004e+01
   2.2765500e+05   2.8625488e+01
   2.2773100e+05   2.9052734e+01
   2.2774300e+05   1.9653320e+01
   2.2779300e+05   3.5034180e+01
   2.2794300e+05   1.9104004e+01
   2.3624900e+05   3.1433105e+01
   2.3628400e+05   3.9916992e+01
   2.3630700e+05   5.2551270e+01
   2.3634000e+05   3.4606934e+01
   2.3637200e+05   3.4240723e+01
   2.3639500e+05   2.1789551e+01
   2.3640700e+05   2.2766113e+01
   2.3644600e+05   2.7282715e+01
   2.3646100e+05   2.4108887e+01
   2.3649400e+05   3.1372070e+01
   2.3653500e+05   2.0812988e+01
   2.3658000e+05   2.4291992e+01
   2.3662900e+05   2.5024414e+01
   2.3667200e+05   2.3925781e+01
   2.3671800e+05   2.1362305e+01
   2.3677300e+05   1.9531250e+01
   2.3683800e+05   2.2888184e+01
   2.3689200e+05   2.2338867e+01
   2.3694500e+05   2.2216797e+01
   2.3698000e+05   2.5817871e+01
   2.3722700e+05   1.8554688e+01
   2.3745700e+05   1.9042969e+01
   2.3757400e+05   1.8310547e+01
   2.4535100e+05   2.1179199e+01
   2.4540100e+05   4.5898438e+01
   2.4541500e+05   5.9631348e+01
   2.4544500e+05   5.6030273e+01
   2.4547900e+05   4.0893555e+01
   2.4550100e+05   1.9409180e+01
   2.4551700e+05   3.5705566e+01
   2.4555700e+05   2.7343750e+01
   2.4559800e+05   2.9174805e+01
   2.4561900e+05   1.8371582e+01
   2.4564000e+05   2.1179199e+01
   2.4572400e+05   1.9836426e+01
   2.4575300e+05   1.9836426e+01
   2.4582900e+05   1.8920898e+01
   2.4588800e+05   2.4353027e+01
   2.4594900e+05   2.5329590e+01
   2.4600600e+05   2.5146484e+01
   2.4608900e+05   1.9592285e+01
   2.4617800e+05   1.9470215e+01
   2.4621900e+05   2.6550293e+01
   2.5411400e+05   2.0202637e+01
   2.5419000e+05   4.2968750e+01
   2.5421000e+05   5.3955078e+01
   2.5423400e+05   3.6804199e+01
   2.5425200e+05   3.0944824e+01
   2.5427500e+05   3.9855957e+01
   2.5428900e+05   2.4963379e+01
   2.5432800e+05   2.7954102e+01
   2.5437000e+05   2.7343750e+01
   2.5441600e+05   2.1423340e+01
   2.5445800e+05   2.3071289e+01
   2.5450600e+05   2.5024414e+01
   2.5455700e+05   2.6062012e+01
   2.5469600e+05   1.9775391e+01
   2.5482300e+05   2.0141602e+01
   2.5489500e+05   2.9052734e+01
   2.5497600e+05   2.5451660e+01
   2.6234900e+05   2.0935059e+01
   2.6310200e+05   1.8798828e+01
   2.6455900e+05   2.5390625e+01
   2.6459700e+05   4.6020508e+01
   2.6460700e+05   5.5297852e+01
   2.6464600e+05   4.1992188e+01
   2.6467300e+05   2.5939941e+01
   2.6468600e+05   2.1301270e+01
   2.6470100e+05   1.9897461e+01
   2.6471600e+05   3.3874512e+01
   2.6475600e+05   2.5390625e+01
   2.6479600e+05   2.2460938e+01
   2.6482500e+05   1.8432617e+01
   2.6484200e+05   2.0324707e+01
   2.6494900e+05   2.2766113e+01
   2.6500700e+05   2.1667480e+01
   2.6534800e+05   2.7587891e+01
   2.7141700e+05   1.8554688e+01
   2.7332700e+05   1.8981934e+01
   2.7419200e+05   2.1667480e+01
   2.7423600e+05   3.9062500e+01
   2.7424700e+05   4.9682617e+01
   2.7426200e+05   2.3254395e+01
   2.7428900e+05   4.0405273e+01
   2.7432100e+05   2.3742676e+01
   2.7434900e+05   2.0629883e+01
   2.7437000e+05   4.0222168e+01
   2.7441300e+05   2.5756836e+01
   2.7445600e+05   4.0100098e+01
   2.7459900e+05   1.8615723e+01
   2.7464000e+05   1.9409180e+01
   2.7468300e+05   1.9104004e+01
   2.7480700e+05   2.1789551e+01
   2.7486300e+05   2.1179199e+01
   2.7511600e+05   2.3254395e+01
   2.8352300e+05   2.0568848e+01
   2.8532700e+05   2.0385742e+01
   2.8576800e+05   2.6916504e+01
   2.8579200e+05   4.3823242e+01
   2.8581100e+05   2.3193359e+01
   2.8583200e+05   3.2836914e+01
   2.8584700e+05   3.8513184e+01
   2.8585900e+05   1.9348145e+01
   2.8588300e+05   4.9133301e+01
   2.8591700e+05   3.2775879e+01
   2.8594100e+05   1.9592285e+01
   2.8595800e+05   1.9897461e+01
   2.8600000e+05   1.8920898e+01
   2.8603500e+05   1.9592285e+01
   2.8613300e+05   2.3193359e+01
   2.8617100e+05   1.8371582e+01
   2.8620800e+05   1.8371582e+01
   2.8641700e+05   2.1118164e+01
   2.8645800e+05   2.0141602e+01
   2.8657700e+05   1.8493652e+01
   2.8665700e+05   2.7465820e+01
   2.8676400e+05   2.5207520e+01
   2.9608800e+05   1.9104004e+01
   2.9710400e+05   1.9042969e+01
   2.9714200e+05   4.7485352e+01
   2.9715300e+05   5.5847168e+01
   2.9719300e+05   3.1982422e+01
   2.9722800e+05   3.8146973e+01
   2.9725000e+05   2.8625488e+01
   2.9726400e+05   3.4912109e+01
   2.9731400e+05   2.1667480e+01
   2.9734300e+05   2.2460938e+01
   2.9737600e+05   2.0935059e+01
   2.9741200e+05   2.1545410e+01
   2.9749800e+05   1.8371582e+01
   2.9757900e+05   1.9653320e+01
   2.9762700e+05   2.0446777e+01
   2.9768000e+05   2.2399902e+01
   2.9778300e+05   1.9470215e+01
   2.9782200e+05   2.0751953e+01
   2.9790200e+05   2.2155762e+01
   2.9796800e+05   2.4780273e+01
   2.9806700e+05   2.4719238e+01
   3.0889300e+05   2.5512695e+01
   3.0890900e+05   6.1340332e+01
   3.0893600e+05   3.2226562e+01
   3.0894700e+05   3.4301758e+01
   3.0898100e+05   3.3691406e+01
   3.0901900e+05   2.1484375e+01
   3.0903200e+05   2.3498535e+01
   3.0906000e+05   2.5817871e+01
   3.0910100e+05   2.0385742e+01
   3.0923500e+05   2.3071289e+01
   3.0924500e+05   1.9104004e+01
   3.0939500e+05   2.1911621e+01
   3.0956700e+05   2.0629883e+01
   3.0964100e+05   1.9042969e+01
   3.0971400e+05   2.5573730e+01
   3.0978300e+05   1.8310547e+01
   3.1809300e+05   4.8400879e+01
   3.1812400e+05   1.9836426e+01
   3.1814600e+05   4.9011230e+01
   3.1816400e+05   2.0202637e+01
   3.1819300e+05   4.7119141e+01
   3.1822800e+05   3.1494141e+01
   3.1823900e+05   2.4597168e+01
   3.1828000e+05   2.3315430e+01
   3.1832200e+05   2.8991699e+01
   3.1835700e+05   1.8798828e+01
   3.1837500e+05   1.9653320e+01
   3.1840900e+05   2.1606445e+01
   3.1848000e+05   2.2644043e+01
   3.1861300e+05   2.0141602e+01
   3.2983200e+05   2.0446777e+01
   3.2987600e+05   5.0170898e+01
   3.2990600e+05   3.1799316e+01
   3.2992000e+05   3.0334473e+01
   3.2994900e+05   2.7465820e+01
   3.2997500e+05   2.5756836e+01
   3.2998600e+05   3.6499023e+01
   3.3002900e+05   3.1311035e+01
   3.3005900e+05   2.2644043e+01
   3.3053400e+05   1.8432617e+01
   3.3069100e+05   2.3498535e+01
   3.3080600e+05   2.7587891e+01
   3.4645200e+05   2.4536133e+01
   3.4649100e+05   5.0781250e+01
   3.4651200e+05   2.0568848e+01
   3.4652500e+05   4.4616699e+01
   3.4655800e+05   3.4057617e+01
   3.4659200e+05   2.5573730e+01
   3.4662800e+05   3.0334473e+01
   3.4666900e+05   2.0019531e+01
   3.4675300e+05   1.8859863e+01
   3.4684500e+05   1.8615723e+01
   3.4700400e+05   2.0019531e+01
   3.4711500e+05   1.9409180e+01
   3.4721600e+05   2.1606445e+01
   3.5856500e+05   2.3437500e+01
   3.5860800e+05   4.2663574e+01
   3.5863000e+05   6.5307617e+01
   3.5865000e+05   3.7353516e+01
   3.5866700e+05   3.5156250e+01
   3.5869400e+05   3.1738281e+01
   3.5870700e+05   2.1240234e+01
   3.5874200e+05   2.7648926e+01
   3.5876000e+05   2.3132324e+01
   3.5877600e+05   2.5451660e+01
   3.5886900e+05   2.8137207e+01
   3.5889900e+05   1.9348145e+01
   3.5895600e+05   1.9226074e+01
   3.5901900e+05   2.1606445e+01
   3.5937500e+05   2.1667480e+01
   3.5941600e+05   2.7221680e+01
   3.5950600e+05   1.9165039e+01
   3.5952600e+05   2.4902344e+01
   3.6890800e+05   1.8493652e+01
   3.6896100e+05   4.5898438e+01
   3.6898400e+05   2.2521973e+01
   3.6899800e+05   1.9470215e+01
   3.6900800e+05   3.6315918e+01
   3.6904500e+05   5.2734375e+01
   3.6908700e+05   3.8696289e+01
   3.6909900e+05   2.2155762e+01
   3.6912700e+05   2.4475098e+01
   3.6916500e+05   2.7099609e+01
   3.6926900e+05   1.8554688e+01
   3.6933700e+05   2.0690918e+01
   3.6943200e+05   2.0996094e+01
   3.6947900e+05   1.8676758e+01
   3.6969000e+05   1.9409180e+01
   7.9710700e+05   1.8310547e+01
   7.9732100e+05   1.9836426e+01
   7.9747000e+05   1.9958496e+01
   7.9770200e+05   1.8371582e+01
   7.9771500e+05   2.2949219e+01
   7.9784100e+05   2.0202637e+01
   7.9809600e+05   2.3742676e+01
   7.9810800e+05   2.2277832e+01
   7.9878100e+05   1.8798828e+01
   8.5845200e+05   1.8554688e+01
   8.5864500e+05   1.8371582e+01
   8.5892100e+05   1.8554688e+01
   8.5907800e+05   1.8737793e+01
   8.9630200e+05   2.0751953e+01
   8.9650500e+05   1.9104004e+01
   8.9689700e+05   1.8676758e+01
   8.9732700e+05   2.1789551e+01
   9.2172700e+05   1.9958496e+01
   9.2190600e+05   2.2216797e+01
   9.2192300e+05   2.0263672e+01
   9.2210900e+05   1.8798828e+01
   9.2216000e+05   2.1850586e+01
   9.2229500e+05   1.9653320e+01
   9.2238900e+05   2.2583008e+01
   9.2239900e+05   1.9348145e+01
   9.2250100e+05   2.1179199e+01
   9.2261200e+05   1.8859863e+01
   9.2276600e+05   2.2460938e+01
   9.2291500e+05   2.0996094e+01
   9.5449300e+05   1.9226074e+01
   9.5453200e+05   1.8676758e+01
   9.5455900e+05   1.9409180e+01
   9.5467900e+05   1.8676758e+01
   9.5479900e+05   1.9409180e+01
   9.5491200e+05   2.3315430e+01
   9.5506300e+05   1.9470215e+01
   9.5552600e+05   1.9104004e+01
   9.8132100e+05   2.0019531e+01
   9.8138000e+05   2.3376465e+01
   9.8146000e+05   2.1179199e+01
   9.8152800e+05   2.3498535e+01
   9.8190000e+05   1.8432617e+01
   9.8209300e+05   1.9287109e+01
   9.8227900e+05   1.9958496e+01
   1.0006880e+06   1.8798828e+01
   1.0009950e+06   1.9775391e+01
   1.0010760e+06   1.8920898e+01
   1.0012080e+06   1.8493652e+01
   1.0013790e+06   2.2338867e+01
   1.0014720e+06   1.9348145e+01
   1.0015000e+06   2.3376465e+01
   1.0017430e+06   2.1362305e+01
   1.0278630e+06   2.0996094e+01
   1.0279350e+06   1.8493652e+01
   1.0280300e+06   1.9104004e+01
   1.0280400e+06   1.9531250e+01
   1.0280670e+06   1.8859863e+01
   1.0281120e+06   2.7526855e+01
   1.0281390e+06   2.2399902e+01
   1.0282710e+06   1.8615723e+01
   1.0283750e+06   1.9592285e+01
   1.0284670e+06   1.9104004e+01
   1.0516200e+06   2.3498535e+01
   1.0516400e+06   2.4291992e+01
   1.0517230e+06   2.0141602e+01
   1.0517790e+06   1.8615723e+01
   1.0518080e+06   1.8615723e+01
   1.0519360e+06   1.8798828e+01
   1.0522080e+06   2.0019531e+01
   1.0522370e+06   2.3010254e+01
   1.0775520e+06   1.8310547e+01
   1.0782070e+06   2.0874023e+01
   1.0782400e+06   2.3559570e+01
   1.0782900e+06   1.9836426e+01
   1.0783840e+06   3.7048340e+01
   1.0784260e+06   2.5878906e+01
   1.0784710e+06   5.2246094e+01
   1.0785170e+06   2.0202637e+01
   1.0786000e+06   1.8676758e+01
   1.0787110e+06   1.9836426e+01
   1.1006320e+06   1.9287109e+01
   1.1006910e+06   1.9104004e+01
   1.1007320e+06   1.9775391e+01
   1.1007700e+06   2.1850586e+01
   1.1008030e+06   1.8798828e+01
   1.1008480e+06   2.7404785e+01
   1.1008690e+06   1.8493652e+01
   1.1008990e+06   6.0913086e+01
   1.1009250e+06   1.8432617e+01
   1.1009420e+06   2.0812988e+01
   1.1163260e+06   2.4230957e+01
   1.1163670e+06   2.5146484e+01
   1.1163980e+06   1.8615723e+01
   1.1164210e+06   2.0019531e+01
   1.1164390e+06   5.8471680e+01
   1.1164680e+06   2.2888184e+01
   1.1249490e+06   2.5207520e+01
   1.1249650e+06   1.9104004e+01
   1.1249900e+06   2.2155762e+01
   1.1250100e+06   4.4189453e+01
   1.1251090e+06   2.0935059e+01
   1.1336520e+06   2.2888184e+01
   1.1337090e+06   2.0812988e+01
   1.1337250e+06   2.1728516e+01
   1.1337490e+06   1.8981934e+01
   1.1337630e+06   1.9653320e+01
   1.1337990e+06   2.8686523e+01
   1.1338180e+06   4.1809082e+01
   1.1384220e+06   1.8310547e+01
   1.1421660e+06   1.9042969e+01
   1.1422690e+06   5.6762695e+01
   1.1423100e+06   2.1484375e+01
   1.1423360e+06   4.7607422e+01
   1.1423800e+06   5.4504395e+01
   1.1424290e+06   4.4738770e+01
   1.1424850e+06   1.8554688e+01
   1.1425020e+06   4.3518066e+01
   1.1500710e+06   2.2338867e+01
   1.1501230e+06   1.9470215e+01
   1.1501420e+06   2.9724121e+01
   1.1501550e+06   4.8583984e+01
   1.1501980e+06   2.1789551e+01
   1.1503010e+06   2.1728516e+01
   1.1567610e+06   2.0629883e+01
   1.1569020e+06   2.6855469e+01
   1.1569210e+06   5.9143066e+01
   1.1569540e+06   2.3986816e+01
   1.1569730e+06   1.9165039e+01
   1.1570940e+06   2.8381348e+01
   1.1571070e+06   2.0996094e+01
   1.1643910e+06   2.1240234e+01
   1.1644160e+06   4.2053223e+01
   1.1644540e+06   4.9621582e+01
   1.1644880e+06   2.4230957e+01
   1.1645040e+06   4.9316406e+01
   1.1645380e+06   7.3242188e+01
   1.1645510e+06   3.2409668e+01
   1.1645790e+06   1.9348145e+01
   1.1645980e+06   3.0517578e+01
   1.1646310e+06   3.9062500e+01
   1.1646900e+06   2.2033691e+01
   1.1647000e+06   2.0385742e+01
   1.1724890e+06   1.8920898e+01
   1.1725090e+06   5.7128906e+01
   1.1725390e+06   2.3315430e+01
   1.1725660e+06   2.0202637e+01
   1.1725900e+06   5.7739258e+01
   1.1726150e+06   3.4912109e+01
   1.1726330e+06   2.0751953e+01
   1.1726550e+06   5.3344727e+01
   1.1726650e+06   2.5512695e+01
   1.1726780e+06   3.5766602e+01
   1.1727090e+06   2.5085449e+01
   1.1727220e+06   1.8310547e+01
   1.1727600e+06   1.8737793e+01
   1.1728020e+06   2.5207520e+01
   1.1799650e+06   1.9348145e+01
   1.1799960e+06   1.8371582e+01
   1.1800220e+06   6.4453125e+01
   1.1800700e+06   2.4841309e+01
   1.1800800e+06   2.4353027e+01
   1.1800960e+06   4.3029785e+01
   1.1801370e+06   2.2460938e+01
   1.1801780e+06   4.3273926e+01
   1.1801900e+06   4.8583984e+01
   1.1802440e+06   1.8310547e+01
   1.1802630e+06   1.9714355e+01
   1.1845400e+06   2.1057129e+01
   1.1845610e+06   1.9042969e+01
   1.1845990e+06   3.2775879e+01
   1.1846820e+06   3.2226562e+01
   1.1847210e+06   2.2583008e+01
   1.1879430e+06   2.3620605e+01
   1.1879670e+06   2.2583008e+01
   1.1879800e+06   2.0507812e+01
   1.1880130e+06   4.5959473e+01
   1.1880310e+06   5.6335449e+01
   1.1880620e+06   2.5878906e+01
   1.1880780e+06   3.6926270e+01
   1.1881090e+06   2.4902344e+01
   1.1881380e+06   2.4597168e+01
   1.1882030e+06   4.3823242e+01
   1.1947120e+06   3.8574219e+01
   1.1947250e+06   5.3527832e+01
   1.1947610e+06   2.4597168e+01
   1.1947730e+06   4.4738770e+01
   1.1948090e+06   5.5786133e+01
   1.1948190e+06   4.1687012e+01
   1.1948480e+06   2.2888184e+01
   1.1948640e+06   5.1940918e+01
   1.1949190e+06   2.7160645e+01
   1.1949460e+06   5.3344727e+01
   1.1949870e+06   1.8981934e+01
   1.1950270e+06   1.8981934e+01
   1.1951480e+06   2.6489258e+01
   1.2018250e+06   2.5634766e+01
   1.2018410e+06   6.1157227e+01
   1.2018610e+06   1.9958496e+01
   1.2018920e+06   4.9011230e+01
   1.2019020e+06   6.0791016e+01
   1.2019390e+06   2.2216797e+01
   1.2019490e+06   3.7963867e+01
   1.2019840e+06   4.7363281e+01
   1.2020170e+06   4.2480469e+01
   1.2020550e+06   2.0751953e+01
   1.2020850e+06   4.4250488e+01
   1.2021160e+06   2.1423340e+01
   1.2022110e+06   2.0996094e+01
   1.2077430e+06   2.7954102e+01
   1.2077670e+06   4.9133301e+01
   1.2077920e+06   4.9743652e+01
   1.2078230e+06   2.0080566e+01
   1.2078390e+06   6.3232422e+01
   1.2078530e+06   2.0324707e+01
   1.2078860e+06   2.1789551e+01
   1.2079100e+06   4.6997070e+01
   1.2079250e+06   2.4414062e+01
   1.2079530e+06   2.4841309e+01
   1.2150080e+06   3.3874512e+01
   1.2150340e+06   5.5419922e+01
   1.2150500e+06   2.8259277e+01
   1.2150900e+06   4.7790527e+01
   1.2151310e+06   5.1330566e+01
   1.2151440e+06   4.1870117e+01
   1.2151840e+06   3.6315918e+01
   1.2152050e+06   4.1870117e+01
   1.2152380e+06   1.8493652e+01
   1.2152510e+06   3.3874512e+01
   1.2153670e+06   3.5888672e+01
   1.2154440e+06   1.8371582e+01
   1.2207730e+06   2.1484375e+01
   1.2208090e+06   4.2480469e+01
   1.2208280e+06   1.9531250e+01
   1.2208680e+06   4.0893555e+01
   1.2208780e+06   1.8859863e+01
   1.2208930e+06   2.2033691e+01
   1.2209220e+06   3.9733887e+01
   1.2209610e+06   4.1625977e+01
   1.2209840e+06   2.3742676e+01
   1.2209960e+06   3.4606934e+01
   1.2210580e+06   2.7465820e+01
   1.2211280e+06   4.0771484e+01
   1.2211860e+06   2.0141602e+01
   1.2254470e+06   3.0334473e+01
   1.2255020e+06   3.5156250e+01
   1.2255230e+06   3.2653809e+01
   1.2255550e+06   4.6691895e+01
   1.2256330e+06   4.7424316e+01
   1.2256580e+06   1.8371582e+01
   1.2291950e+06   1.9165039e+01
   1.2292520e+06   2.5695801e+01
   1.2292630e+06   2.7770996e+01
   1.2292770e+06   5.8654785e+01
   1.2292950e+06   2.3071289e+01
   1.2293310e+06   5.0048828e+01
   1.2293630e+06   2.9052734e+01
   1.2293890e+06   3.9611816e+01
   1.2294210e+06   4.0222168e+01
   1.2294520e+06   4.4128418e+01
   1.2295000e+06   1.9836426e+01
   1.2295160e+06   1.8981934e+01
   1.2340170e+06   2.3254395e+01
   1.2340610e+06   6.2744141e+01
   1.2340770e+06   2.1484375e+01
   1.2341200e+06   3.8452148e+01
   1.2341390e+06   4.1870117e+01
   1.2341860e+06   3.8330078e+01
   1.2342480e+06   2.8259277e+01
   1.2390980e+06   3.2043457e+01
   1.2391230e+06   5.0720215e+01
   1.2391530e+06   4.0161133e+01
   1.2391800e+06   4.2358398e+01
   1.2391940e+06   3.1677246e+01
   1.2392330e+06   2.5146484e+01
   1.2392530e+06   3.7841797e+01
   1.2392670e+06   2.1423340e+01
   1.2392890e+06   2.2521973e+01
   1.2393030e+06   2.7709961e+01
   1.2393840e+06   3.2470703e+01
   1.2394210e+06   2.5146484e+01
   1.2446390e+06   2.9357910e+01
   1.2446530e+06   5.4687500e+01
   1.2446710e+06   4.5471191e+01
   1.2447000e+06   4.8706055e+01
   1.2447500e+06   2.5939941e+01
   1.2447810e+06   4.6875000e+01
   1.2449350e+06   1.9897461e+01
   1.2450370e+06   1.8432617e+01
   1.2507260e+06   2.6855469e+01
   1.2507380e+06   5.6518555e+01
   1.2507680e+06   4.2663574e+01
   1.2507880e+06   4.1870117e+01
   1.2508070e+06   3.3203125e+01
   1.2508400e+06   2.4719238e+01
   1.2508710e+06   4.1809082e+01
   1.2508850e+06   1.8432617e+01
   1.2509090e+06   3.2287598e+01
   1.2509270e+06   3.4423828e+01
   1.2509390e+06   2.2888184e+01
   1.2509670e+06   3.5949707e+01
   1.2510090e+06   2.2033691e+01
   1.2510310e+06   3.0639648e+01
   1.2510590e+06   2.0385742e+01
   1.2511020e+06   1.8554688e+01
   1.2511270e+06   3.3630371e+01
   1.2512440e+06   2.9052734e+01
   1.2580910e+06   3.1066895e+01
   1.2581090e+06   4.8095703e+01
   1.2581320e+06   4.2053223e+01
   1.2581600e+06   4.2053223e+01
   1.2581710e+06   3.4484863e+01
   1.2582120e+06   4.6203613e+01
   1.2582590e+06   4.4799805e+01
   1.2583010e+06   3.8513184e+01
   1.2583180e+06   1.9592285e+01
   1.2583630e+06   2.6306152e+01
   1.2583760e+06   3.1555176e+01
   1.2584330e+06   3.3752441e+01
   1.2585040e+06   2.8564453e+01
   1.2585430e+06   2.1728516e+01
   1.2658750e+06   4.9255371e+01
   1.2658950e+06   4.7302246e+01
   1.2659070e+06   3.8391113e+01
   1.2659350e+06   3.7414551e+01
   1.2659450e+06   3.6315918e+01
   1.2659810e+06   4.2480469e+01
   1.2660240e+06   6.9335938e+01
   1.2660660e+06   3.0578613e+01
   1.2660770e+06   2.2888184e+01
   1.2661110e+06   3.5705566e+01
   1.2661580e+06   3.0517578e+01
   1.2661870e+06   3.2104492e+01
   1.2662060e+06   2.5024414e+01
   1.2662480e+06   3.3874512e+01
   1.2662650e+06   1.9653320e+01
   1.2663220e+06   2.3132324e+01
   1.2663370e+06   3.2531738e+01
   1.2664040e+06   2.4291992e+01
   1.2732760e+06   5.2978516e+01
   1.2732930e+06   4.9560547e+01
   1.2733110e+06   3.1066895e+01
   1.2733320e+06   3.1921387e+01
   1.2733480e+06   4.2602539e+01
   1.2733720e+06   1.9714355e+01
   1.2733890e+06   2.4169922e+01
   1.2734180e+06   3.6499023e+01
   1.2734370e+06   1.8493652e+01
   1.2734770e+06   4.1198730e+01
   1.2735260e+06   4.4067383e+01
   1.2735760e+06   2.2949219e+01
   1.2735920e+06   2.9479980e+01
   1.2736240e+06   2.7160645e+01
   1.2736790e+06   3.8146973e+01
   1.2737440e+06   3.1066895e+01
   1.2738120e+06   2.3071289e+01
   1.2738370e+06   2.6062012e+01
   1.2739120e+06   2.1301270e+01
   1.2739730e+06   2.8442383e+01
   1.2806150e+06   5.0903320e+01
   1.2806300e+06   3.7841797e+01
   1.2806520e+06   3.8391113e+01
   1.2806690e+06   3.6621094e+01
   1.2806880e+06   2.8320313e+01
   1.2807080e+06   2.6916504e+01
   1.2807270e+06   2.8564453e+01
   1.2807520e+06   3.3142090e+01
   1.2807730e+06   2.5573730e+01
   1.2808180e+06   2.0141602e+01
   1.2808400e+06   2.0812988e+01
   1.2809170e+06   2.0141602e+01
   1.2809470e+06   2.3742676e+01
   1.2809650e+06   2.0385742e+01
   1.2810050e+06   2.2399902e+01
   1.2810740e+06   2.1972656e+01
   1.2811020e+06   2.4780273e+01
   1.2811700e+06   2.7465820e+01
   1.2811890e+06   2.6184082e+01
   1.2812570e+06   2.8015137e+01
   1.2813920e+06   2.7709961e+01
   1.2878600e+06   4.6081543e+01
   1.2878810e+06   4.1931152e+01
   1.2879020e+06   4.2114258e+01
   1.2879200e+06   3.1433105e+01
   1.2879420e+06   2.7404785e+01
   1.2879630e+06   2.1789551e+01
   1.2880040e+06   2.0629883e+01
   1.2880320e+06   2.1484375e+01
   1.2880490e+06   1.8493652e+01
   1.2880930e+06   2.0019531e+01
   1.2881310e+06   1.9470215e+01
   1.2882020e+06   2.5573730e+01
   1.2882320e+06   2.0141602e+01
   1.2882640e+06   2.0690918e+01
   1.2883040e+06   1.8615723e+01
   1.2883320e+06   2.0568848e+01
   1.2883610e+06   2.4414063e+01
   1.2884280e+06   2.7160645e+01
   1.2885010e+06   2.0751953e+01
   1.2885150e+06   2.9235840e+01
   1.2886230e+06   2.4536133e+01
   1.2887050e+06   1.9775391e+01
   1.2946860e+06   6.5734863e+01
   1.2947200e+06   5.1208496e+01
   1.2947300e+06   5.7922363e+01
   1.2947600e+06   4.4799805e+01
   1.2947710e+06   4.0649414e+01
   1.2948020e+06   3.3813477e+01
   1.2948170e+06   2.5817871e+01
   1.2948470e+06   2.2827148e+01
   1.2948640e+06   3.0639648e+01
   1.2948920e+06   2.0812988e+01
   1.2949110e+06   2.6367188e+01
   1.2949430e+06   2.3681641e+01
   1.2949620e+06   2.0935059e+01
   1.2950040e+06   2.5451660e+01
   1.2950650e+06   2.2399902e+01
   1.2951510e+06   3.8208008e+01
   1.2951930e+06   2.0324707e+01
   1.2952460e+06   1.9409180e+01
   1.2952860e+06   1.8737793e+01
   1.2953710e+06   2.6123047e+01
   1.2953970e+06   2.0690918e+01
   1.2954930e+06   2.2705078e+01
   1.3025180e+06   5.9387207e+01
   1.3025460e+06   5.0537109e+01
   1.3025570e+06   4.7912598e+01
   1.3025800e+06   3.6682129e+01
   1.3025970e+06   2.8747559e+01
   1.3026180e+06   2.5573730e+01
   1.3026390e+06   2.0202637e+01
   1.3026560e+06   1.9348145e+01
   1.3026870e+06   2.6611328e+01
   1.3027380e+06   2.0385742e+01
   1.3027890e+06   1.9165039e+01
   1.3028330e+06   1.9470215e+01
   1.3028810e+06   1.9775391e+01
   1.3028910e+06   1.9592285e+01
   1.3029490e+06   2.4658203e+01
   1.3030070e+06   2.8137207e+01
   1.3030850e+06   1.9958496e+01
   1.3031340e+06   2.6916504e+01
   1.3032160e+06   2.1606445e+01
   1.3112930e+06   2.1301270e+01
   1.3113040e+06   2.0507812e+01
   1.3113240e+06   5.2429199e+01
   1.3113620e+06   3.6254883e+01
   1.3113760e+06   3.1921387e+01
   1.3113980e+06   2.1728516e+01
   1.3114110e+06   2.8503418e+01
   1.3114540e+06   2.1789551e+01
   1.3116480e+06   2.1423340e+01
   1.3117200e+06   2.0629883e+01
   1.3117800e+06   1.8432617e+01
   1.3118860e+06   2.2827148e+01
   1.3119090e+06   2.1057129e+01
   1.3119620e+06   2.5085449e+01
   1.3119940e+06   2.5207520e+01
   1.3120480e+06   1.9226074e+01
   1.3200060e+06   2.4841309e+01
   1.3200210e+06   2.2888184e+01
   1.3200440e+06   4.3701172e+01
   1.3200570e+06   3.9794922e+01
   1.3200830e+06   3.2348633e+01
   1.3200980e+06   2.8320312e+01
   1.3201210e+06   2.6855469e+01
   1.3201400e+06   3.0761719e+01
   1.3201580e+06   1.8371582e+01
   1.3201840e+06   1.9958496e+01
   1.3202300e+06   2.5939941e+01
   1.3202520e+06   2.2155762e+01
   1.3202840e+06   2.2460938e+01
   1.3203470e+06   2.0812988e+01
   1.3203970e+06   2.8198242e+01
   1.3204100e+06   1.8615723e+01
   1.3204590e+06   2.7099609e+01
   1.3205250e+06   3.1677246e+01
   1.3205950e+06   2.0385742e+01
   1.3206460e+06   1.9653320e+01
   1.3206970e+06   2.2827148e+01
   1.3207550e+06   1.8371582e+01
   1.3296260e+06   3.0395508e+01
   1.3296430e+06   4.2175293e+01
   1.3296690e+06   4.6386719e+01
   1.3296860e+06   3.6987305e+01
   1.3297070e+06   3.9611816e+01
   1.3297260e+06   2.6916504e+01
   1.3297450e+06   2.4658203e+01
   1.3297810e+06   2.4780273e+01
   1.3298610e+06   2.8625488e+01
   1.3298710e+06   2.0874023e+01
   1.3299590e+06   2.2033691e+01
   1.3300020e+06   1.8737793e+01
   1.3300120e+06   2.0202637e+01
   1.3300570e+06   2.0507812e+01
   1.3300680e+06   1.8737793e+01
   1.3301230e+06   1.8859863e+01
   1.3301810e+06   2.7587891e+01
   1.3302690e+06   2.2705078e+01
   1.3303010e+06   2.8503418e+01
   1.3303500e+06   2.3071289e+01
   1.3303840e+06   1.9409180e+01
   1.3388350e+06   2.4475098e+01
   1.3388510e+06   5.0476074e+01
   1.3388970e+06   2.2644043e+01
   1.3389090e+06   5.8471680e+01
   1.3389500e+06   4.3212891e+01
   1.3389840e+06   3.9550781e+01
   1.3389950e+06   2.4841309e+01
   1.3390270e+06   2.1667480e+01
   1.3390840e+06   2.2033691e+01
   1.3392650e+06   2.0874023e+01
   1.3394150e+06   1.8798828e+01
   1.3394360e+06   1.9348145e+01
   1.3394970e+06   1.8615723e+01
   1.3395490e+06   2.5146484e+01
   1.3396280e+06   1.9287109e+01
   1.3479990e+06   2.0812988e+01
   1.3480180e+06   4.8278809e+01
   1.3480580e+06   6.3598633e+01
   1.3480710e+06   3.7841797e+01
   1.3481000e+06   3.7109375e+01
   1.3481180e+06   4.0649414e+01
   1.3481560e+06   2.9785156e+01
   1.3482160e+06   1.9226074e+01
   1.3482480e+06   2.0263672e+01
   1.3484890e+06   2.0568848e+01
   1.3485580e+06   1.9287109e+01
   1.3486620e+06   1.8310547e+01
   1.3487090e+06   2.6184082e+01
   1.3487210e+06   2.1606445e+01
   1.3487960e+06   2.2155762e+01
   1.3591620e+06   2.6123047e+01
   1.3591760e+06   4.2419434e+01
   1.3592080e+06   4.2907715e+01
   1.3592180e+06   4.7607422e+01
   1.3592430e+06   2.7526855e+01
   1.3592590e+06   1.8920898e+01
   1.3592980e+06   2.7404785e+01
   1.3593390e+06   2.2338867e+01
   1.3593770e+06   2.5878906e+01
   1.3594430e+06   2.2033691e+01
   1.3596070e+06   2.2766113e+01
   1.3596520e+06   2.0385742e+01
   1.3598800e+06   2.1850586e+01
   1.3600130e+06   2.0812988e+01
   1.3600840e+06   2.5573730e+01
   1.3601720e+06   2.5390625e+01
   1.3686040e+06   2.6000977e+01
   1.3686360e+06   5.1330566e+01
   1.3686710e+06   5.0476074e+01
   1.3686860e+06   3.9245605e+01
   1.3687090e+06   2.5695801e+01
   1.3687250e+06   3.5705566e+01
   1.3687470e+06   2.3193359e+01
   1.3687680e+06   3.9062500e+01
   1.3688140e+06   1.9653320e+01
   1.3693120e+06   1.9409180e+01
   1.3693680e+06   1.8310547e+01
   1.3694120e+06   1.9531250e+01
   1.3794540e+06   4.6569824e+01
   1.3794750e+06   5.0720215e+01
   1.3794960e+06   3.9428711e+01
   1.3795120e+06   3.4362793e+01
   1.3795490e+06   3.5278320e+01
   1.3795810e+06   2.2216797e+01
   1.3796160e+06   2.3742676e+01
   1.3796350e+06   1.9531250e+01
   1.3796660e+06   2.2827148e+01
   1.3796960e+06   2.5573730e+01
   1.3797850e+06   1.8676758e+01
   1.3800400e+06   2.3742676e+01
   1.3801050e+06   1.8554688e+01
   1.3890040e+06   2.3559570e+01
   1.3890600e+06   3.8330078e+01
   1.3890940e+06   2.2155762e+01
   1.3891150e+06   6.0791016e+01
   1.3891530e+06   1.8981934e+01
   1.3891950e+06   3.8696289e+01
   1.3892110e+06   1.8920898e+01
   1.3892370e+06   2.1789551e+01
   1.3892700e+06   1.8737793e+01
   1.3894180e+06   2.1850586e+01
   1.3897860e+06   1.9287109e+01
   1.3899370e+06   1.9958496e+01
   1.3899920e+06   2.4353027e+01
   1.3993840e+06   2.0996094e+01
   1.3994150e+06   4.4433594e+01
   1.3994580e+06   4.2541504e+01
   1.3994710e+06   3.6071777e+01
   1.3995000e+06   3.0639648e+01
   1.3995150e+06   2.4475098e+01
   1.3995420e+06   1.9897461e+01
   1.3995660e+06   2.0202637e+01
   1.3995790e+06   2.0996094e+01
   1.3996330e+06   1.8798828e+01
   1.3996720e+06   1.9836426e+01
   1.4002310e+06   1.9287109e+01
   1.4003310e+06   1.8615723e+01
   1.4098500e+06   2.4047852e+01
   1.4098780e+06   4.0344238e+01
   1.4099110e+06   3.9428711e+01
   1.4099310e+06   4.5288086e+01
   1.4099550e+06   4.0832520e+01
   1.4099760e+06   2.2888184e+01
   1.4100000e+06   1.8737793e+01
   1.4100140e+06   2.0324707e+01
   1.4100810e+06   1.8859863e+01
   1.4101280e+06   2.3254395e+01
   1.4101510e+06   2.7648926e+01
   1.4106490e+06   2.2094727e+01
   1.4107230e+06   1.8798828e+01
   1.4221690e+06   2.3193359e+01
   1.4221950e+06   1.8493652e+01
   1.4222110e+06   4.6386719e+01
   1.4222370e+06   4.2968750e+01
   1.4222560e+06   4.2053223e+01
   1.4222760e+06   4.1748047e+01
   1.4222940e+06   2.8137207e+01
   1.4223140e+06   1.9592285e+01
   1.4223360e+06   2.4963379e+01
   1.4223520e+06   3.3325195e+01
   1.4223790e+06   1.8676758e+01
   1.4223910e+06   3.2653809e+01
   1.4225470e+06   2.0141602e+01
   1.4225820e+06   1.8859863e+01
   1.4230840e+06   1.9714355e+01
   1.4330090e+06   2.8625488e+01
   1.4330410e+06   5.3649902e+01
   1.4330520e+06   2.8259277e+01
   1.4330740e+06   4.7058105e+01
   1.4330920e+06   3.9855957e+01
   1.4331210e+06   3.4790039e+01
   1.4331390e+06   3.4729004e+01
   1.4331600e+06   2.0507812e+01
   1.4331900e+06   3.7719727e+01
   1.4332010e+06   2.1484375e+01
   1.4332350e+06   2.6062012e+01
   1.4332530e+06   2.2705078e+01
   1.4333040e+06   1.9165039e+01
   1.4335740e+06   2.0507812e+01
   1.4338450e+06   2.4597168e+01
   1.4339530e+06   2.2827148e+01
   1.4447330e+06   2.4719238e+01
   1.4447650e+06   5.0476074e+01
   1.4447910e+06   5.0292969e+01
   1.4448220e+06   4.2114258e+01
   1.4448380e+06   3.4606934e+01
   1.4448650e+06   3.1188965e+01
   1.4448790e+06   2.8747559e+01
   1.4449090e+06   3.7597656e+01
   1.4449310e+06   1.9348145e+01
   1.4449510e+06   1.9592285e+01
   1.4450000e+06   2.1789551e+01
   1.4450470e+06   1.9958496e+01
   1.4451750e+06   1.8737793e+01
   1.4455660e+06   1.8615723e+01
   1.4457000e+06   2.1240234e+01
   1.4577450e+06   2.0812988e+01
   1.4577810e+06   4.4677734e+01
   1.4578030e+06   5.3955078e+01
   1.4578210e+06   2.6306152e+01
   1.4578420e+06   3.0639648e+01
   1.4578640e+06   2.7954102e+01
   1.4578810e+06   2.7343750e+01
   1.4579170e+06   2.4780273e+01
   1.4579510e+06   1.9104004e+01
   1.4579900e+06   1.8920898e+01
   1.4580060e+06   2.1423340e+01
   1.4580740e+06   1.8920898e+01
   1.4581050e+06   1.9775391e+01
   1.4581450e+06   2.9602051e+01
   1.4586000e+06   2.2338867e+01
   1.4587300e+06   2.0446777e+01
   1.4697990e+06   2.9296875e+01
   1.4698220e+06   5.0476074e+01
   1.4698450e+06   4.1809082e+01
   1.4698680e+06   3.0822754e+01
   1.4698830e+06   3.5156250e+01
   1.4699120e+06   3.0151367e+01
   1.4699550e+06   3.3142090e+01
   1.4699820e+06   2.2521973e+01
   1.4700000e+06   1.8371582e+01
   1.4700340e+06   2.5939941e+01
   1.4700440e+06   2.2338867e+01
   1.4701720e+06   1.8981934e+01
   1.4705690e+06   1.8432617e+01
   1.4706400e+06   2.0751953e+01
   1.4707060e+06   1.9592285e+01
   1.4707280e+06   1.9042969e+01
   1.4707490e+06   1.9836426e+01
   1.4807440e+06   2.1911621e+01
   1.4807970e+06   4.8583984e+01
   1.4808080e+06   4.0588379e+01
   1.4808520e+06   4.0466309e+01
   1.4808650e+06   3.3325195e+01
   1.4808960e+06   3.4790039e+01
   1.4809190e+06   3.9978027e+01
   1.4809300e+06   1.9958496e+01
   1.4809420e+06   3.5949707e+01
   1.4809610e+06   2.1362305e+01
   1.4809920e+06   2.2094727e+01
   1.4810060e+06   2.0935059e+01
   1.4810550e+06   2.3437500e+01
   1.4811170e+06   1.9042969e+01
   1.4812250e+06   2.4291992e+01
   1.4815130e+06   1.9226074e+01
   1.4816240e+06   1.9470215e+01
   1.4898980e+06   5.1269531e+01
   1.4899580e+06   2.0202637e+01
   1.4899750e+06   3.5827637e+01
   1.4899960e+06   1.9409180e+01
   1.4900190e+06   3.3874512e+01
   1.4900330e+06   2.0874023e+01
   1.4900530e+06   2.0019531e+01
   1.4900840e+06   3.2836914e+01
   1.4901230e+06   3.4423828e+01
   1.4901540e+06   2.0812988e+01
   1.4901760e+06   2.9418945e+01
   1.4902450e+06   1.8310547e+01
   1.4903050e+06   2.1484375e+01
   1.4903820e+06   1.9104004e+01
   1.4904460e+06   1.9226074e+01
   1.4905610e+06   1.9775391e+01
   1.4976410e+06   2.0202637e+01
   1.4977490e+06   4.5959473e+01
   1.4978170e+06   4.4677734e+01
   1.4978500e+06   5.0659180e+01
   1.4978840e+06   3.0700684e+01
   1.4979170e+06   3.4667969e+01
   1.4979380e+06   2.1240234e+01
   1.4979790e+06   3.2836914e+01
   1.4979910e+06   3.2653809e+01
   1.4980140e+06   1.9775391e+01
   1.4980430e+06   2.4230957e+01
   1.4980880e+06   1.9714355e+01
   1.4981230e+06   2.0812988e+01
   1.4981480e+06   2.1789551e+01
   1.4981810e+06   1.9897461e+01
   1.4982140e+06   2.3498535e+01
   1.4983670e+06   2.6489258e+01
   1.5118690e+06   2.9968262e+01
   1.5119210e+06   5.7128906e+01
   1.5119340e+06   5.2734375e+01
   1.5119590e+06   4.5227051e+01
   1.5119700e+06   3.0395508e+01
   1.5120080e+06   4.4433594e+01
   1.5120400e+06   3.3264160e+01
   1.5120530e+06   1.9775391e+01
   1.5120770e+06   2.3864746e+01
   1.5121050e+06   2.0141602e+01
   1.5121340e+06   2.2338867e+01
   1.5121570e+06   1.9348145e+01
   1.5122670e+06   1.8981934e+01
   1.5122850e+06   2.4780273e+01
   1.5123320e+06   1.8798828e+01
   1.5123440e+06   2.0629883e+01
   1.5123800e+06   1.8920898e+01
   1.5124570e+06   1.8737793e+01
   1.5124960e+06   2.0935059e+01
   1.5125190e+06   2.0385742e+01
   1.5125570e+06   2.3986816e+01
   1.5126120e+06   2.1484375e+01
   1.5126390e+06   2.5451660e+01
   1.5264640e+06   2.5390625e+01
   1.5264980e+06   5.4992676e+01
   1.5265380e+06   6.5185547e+01
   1.5265740e+06   3.1066895e+01
   1.5265980e+06   2.1179199e+01
   1.5266090e+06   1.9470215e+01
   1.5266460e+06   2.2277832e+01
   1.5266890e+06   2.5939941e+01
   1.5267300e+06   2.6000977e+01
   1.5267500e+06   2.6123047e+01
   1.5267740e+06   2.9174805e+01
   1.5268230e+06   2.0629883e+01
   1.5268780e+06   2.5207520e+01
   1.5269120e+06   2.2399902e+01
   1.5270140e+06   1.8615723e+01
   1.5270570e+06   2.0507812e+01
   1.5271110e+06   2.2033691e+01
   1.5272790e+06   2.5268555e+01
   1.5374430e+06   2.2888184e+01
   1.5374880e+06   4.9499512e+01
   1.5375010e+06   1.9348145e+01
   1.5375440e+06   5.5053711e+01
   1.5375820e+06   4.1564941e+01
   1.5376000e+06   2.3071289e+01
   1.5376210e+06   2.4230957e+01
   1.5376650e+06   4.6264648e+01
   1.5376870e+06   2.0751953e+01
   1.5377150e+06   2.7587891e+01
   1.5377560e+06   3.0029297e+01
   1.5377700e+06   2.2949219e+01
   1.5377970e+06   1.8493652e+01
   1.5378160e+06   2.4963379e+01
   1.5378560e+06   1.8615723e+01
   1.5379320e+06   2.7832031e+01
   1.5379930e+06   3.1494141e+01
   1.5380520e+06   2.4902344e+01
   1.5381450e+06   3.4362793e+01
   1.5382280e+06   1.9165039e+01
   1.5382580e+06   1.9775391e+01
   1.5463680e+06   2.0263672e+01
   1.5464250e+06   4.4128418e+01
   1.5464390e+06   4.6569824e+01
   1.5464850e+06   3.4729004e+01
   1.5465060e+06   3.5705566e+01
   1.5465420e+06   2.9785156e+01
   1.5465610e+06   3.5888672e+01
   1.5465900e+06   2.0202637e+01
   1.5466100e+06   2.5085449e+01
   1.5466380e+06   2.3010254e+01
   1.5466690e+06   2.6855469e+01
   1.5466970e+06   1.9897461e+01
   1.5467230e+06   2.7893066e+01
   1.5467820e+06   2.5268555e+01
   1.5468070e+06   2.2705078e+01
   1.5468470e+06   2.3986816e+01
   1.5468690e+06   2.2277832e+01
   1.5469610e+06   2.3132324e+01
   1.5469760e+06   2.9541016e+01
   1.5471060e+06   3.4362793e+01
   1.5574340e+06   2.3498535e+01
   1.5574660e+06   5.8593750e+01
   1.5575070e+06   4.3151855e+01
   1.5575380e+06   2.9052734e+01
   1.5575480e+06   2.5634766e+01
   1.5575820e+06   2.7648926e+01
   1.5576130e+06   1.9836426e+01
   1.5576680e+06   2.4047852e+01
   1.5577120e+06   2.5939941e+01
   1.5577630e+06   2.3010254e+01
   1.5578110e+06   2.3193359e+01
   1.5578650e+06   2.4841309e+01
   1.5579230e+06   2.1484375e+01
   1.5579450e+06   2.0080566e+01
   1.5580270e+06   2.7465820e+01
   1.5580990e+06   2.3681641e+01
   1.5581330e+06   2.2888184e+01
   1.5581830e+06   2.2583008e+01
   1.5700870e+06   2.4658203e+01
   1.5701230e+06   8.5144043e+01
   1.5701330e+06   2.3925781e+01
   1.5701600e+06   5.2856445e+01
   1.5701960e+06   2.8686523e+01
   1.5702080e+06   2.1423340e+01
   1.5702340e+06   2.5268555e+01
   1.5702500e+06   2.3925781e+01
   1.5702750e+06   2.7099609e+01
   1.5703190e+06   2.6062012e+01
   1.5703660e+06   2.9113770e+01
   1.5703830e+06   2.0629883e+01
   1.5704210e+06   2.2155762e+01
   1.5704710e+06   3.0090332e+01
   1.5705230e+06   2.1972656e+01
   1.5705760e+06   2.4047852e+01
   1.5706390e+06   1.9348145e+01
   1.5706550e+06   2.0812988e+01
   1.5706960e+06   2.4108887e+01
   1.5707400e+06   2.1057129e+01
   1.5707770e+06   1.8493652e+01
   1.5837110e+06   2.4963379e+01
   1.5837370e+06   1.8737793e+01
   1.5837500e+06   5.3039551e+01
   1.5837850e+06   6.2683105e+01
   1.5838080e+06   2.3376465e+01
   1.5838210e+06   5.7250977e+01
   1.5838460e+06   1.9958496e+01
   1.5838610e+06   2.9602051e+01
   1.5839040e+06   2.7038574e+01
   1.5839460e+06   3.0700684e+01
   1.5839880e+06   2.8869629e+01
   1.5840320e+06   2.6367188e+01
   1.5840770e+06   2.0690918e+01
   1.5840880e+06   2.9846191e+01
   1.5841440e+06   2.4536133e+01
   1.5841940e+06   2.1911621e+01
   1.5842680e+06   1.9775391e+01
   1.5843270e+06   2.1301270e+01
   1.5843460e+06   1.8493652e+01
   1.5843840e+06   1.8798828e+01
   1.5844310e+06   1.8798828e+01
   1.5844710e+06   3.2897949e+01
   1.5983560e+06   3.5827637e+01
   1.5983830e+06   5.5114746e+01
   1.5984280e+06   4.5715332e+01
   1.5984610e+06   2.3986816e+01
   1.5984800e+06   2.3864746e+01
   1.5985070e+06   3.7231445e+01
   1.5985260e+06   2.1606445e+01
   1.5985430e+06   3.6376953e+01
   1.5985890e+06   3.7170410e+01
   1.5986290e+06   2.6428223e+01
   1.5986410e+06   2.2766113e+01
   1.5986810e+06   2.0568848e+01
   1.5987140e+06   2.2888184e+01
   1.5987640e+06   2.0874023e+01
   1.5988540e+06   1.9592285e+01
   1.5988830e+06   2.3803711e+01
   1.5989270e+06   2.8198242e+01
   1.5989390e+06   2.0446777e+01
   1.5990030e+06   1.8676758e+01
   1.5990730e+06   2.4536133e+01
   1.5990920e+06   2.0141602e+01
   1.5991450e+06   2.3376465e+01
   1.5992540e+06   1.9165039e+01
   1.5994480e+06   1.8676758e+01
   1.6182920e+06   2.7832031e+01
   1.6183230e+06   6.2927246e+01
   1.6183360e+06   5.7312012e+01
   1.6183720e+06   3.4240723e+01
   1.6183830e+06   4.5532227e+01
   1.6184160e+06   3.8879395e+01
   1.6184280e+06   2.1118164e+01
   1.6184540e+06   4.5715332e+01
   1.6184670e+06   2.2155762e+01
   1.6184980e+06   4.1259766e+01
   1.6185220e+06   1.8310547e+01
   1.6185380e+06   3.0395508e+01
   1.6185700e+06   2.3254395e+01
   1.6185870e+06   4.8583984e+01
   1.6186330e+06   2.0874023e+01
   1.6186940e+06   3.1738281e+01
   1.6187400e+06   2.6000977e+01
   1.6187520e+06   2.4658203e+01
   1.6188080e+06   1.8859863e+01
   1.6188180e+06   3.5278320e+01
   1.6188860e+06   2.8381348e+01
   1.6189030e+06   2.3071289e+01
   1.6189490e+06   2.3925781e+01
   1.6189680e+06   2.0080566e+01
   1.6461240e+06   2.9235840e+01
   1.6461710e+06   2.1301270e+01
   1.6461920e+06   5.3344727e+01
   1.6462200e+06   2.1301270e+01
   1.6462460e+06   4.9621582e+01
   1.6462780e+06   3.3508301e+01
   1.6464780e+06   1.8737793e+01
   2.2259990e+06   2.0446777e+01
   2.2264030e+06   1.8737793e+01
   2.2265970e+06   2.3620605e+01
   2.2266630e+06   2.4719238e+01
   2.2271980e+06   1.9287109e+01
   2.2282190e+06   1.9409180e+01
   2.2423930e+06   2.0019531e+01
   2.2844850e+06   1.9104004e+01
   2.2852870e+06   2.2216797e+01
   2.2854710e+06   1.9348145e+01
   2.2855250e+06   2.0507812e+01
   2.3147020e+06   1.9104004e+01
   2.3149860e+06   2.1789551e+01
   2.3151420e+06   2.0141602e+01
   2.3151800e+06   1.8798828e+01
   2.3308000e+06   1.8981934e+01
   2.3308420e+06   1.8310547e+01
   2.3309820e+06   2.0874023e+01
   2.3310020e+06   2.5024414e+01
   2.3624800e+06   1.9165039e+01
   2.3625060e+06   1.9470215e+01
   2.3625660e+06   1.9592285e+01
   2.3626550e+06   1.9897461e+01
   2.3627110e+06   1.9836426e+01
   2.3627990e+06   2.1301270e+01
   2.3630830e+06   2.2521973e+01
   2.4076460e+06   1.8859863e+01
   2.4076940e+06   2.0080566e+01
   2.4078770e+06   1.9836426e+01
   2.4079240e+06   1.9042969e+01
   2.4082210e+06   1.8432617e+01
   2.4438150e+06   1.8310547e+01
   2.4439880e+06   1.9836426e+01
   2.4440730e+06   2.0874023e+01
   2.4441190e+06   1.8676758e+01
   2.4441800e+06   2.2216797e+01
   2.4442150e+06   2.0874023e+01
   2.4442890e+06   2.1667480e+01
   2.4443600e+06   2.5146484e+01
   2.4444760e+06   2.0507812e+01
   2.4468470e+06   2.0690918e+01
   2.4737950e+06   1.8493652e+01
   2.4738470e+06   1.9409180e+01
   2.4739050e+06   2.3986816e+01
   2.4739220e+06   1.9165039e+01
   2.4739600e+06   2.0202637e+01
   2.4740110e+06   1.9409180e+01
   2.4740500e+06   1.9287109e+01
   2.4740690e+06   2.1728516e+01
   2.4741010e+06   1.9042969e+01
   2.4910030e+06   2.0690918e+01
   2.4910420e+06   1.9287109e+01
   2.4910710e+06   1.9287109e+01
   2.4911240e+06   2.5573730e+01
   2.4911350e+06   2.7526855e+01
   2.4911560e+06   1.8920898e+01
   2.4911900e+06   1.8981934e+01
   2.4912100e+06   2.7221680e+01
   2.5051250e+06   1.9531250e+01
   2.5051530e+06   2.2277832e+01
   2.5051690e+06   2.2399902e+01
   2.5051880e+06   2.0935059e+01
   2.5052600e+06   1.8493652e+01
   2.5052890e+06   1.8859863e+01
   2.5053470e+06   2.1606445e+01
   2.5175530e+06   2.0507812e+01
   2.5175740e+06   1.9653320e+01
   2.5175940e+06   2.4475098e+01
   2.5176440e+06   1.8493652e+01
   2.5177650e+06   2.2033691e+01
   2.5262220e+06   2.0996094e+01
   2.5262590e+06   2.0324707e+01
   2.5263540e+06   1.9287109e+01
   2.5267350e+06   1.8493652e+01
   2.5366080e+06   1.9409180e+01
   2.5366450e+06   2.5817871e+01
   2.5366790e+06   2.9968262e+01
   2.5366910e+06   4.4433594e+01
   2.5367280e+06   1.8737793e+01
   2.5367530e+06   4.9804688e+01
   2.5367860e+06   1.9897461e+01
   2.5368080e+06   3.0700684e+01
   2.5426890e+06   1.9042969e+01
   2.5441440e+06   1.9653320e+01
   2.5442740e+06   2.0874023e+01
   2.5493230e+06   2.5512695e+01
   2.5493460e+06   2.3315430e+01
   2.5493740e+06   2.7587891e+01
   2.5494060e+06   3.0944824e+01
   2.5494180e+06   2.0629883e+01
   2.5494470e+06   5.2917480e+01
   2.5494820e+06   3.3203125e+01
   2.5495450e+06   2.0019531e+01
   2.5570310e+06   1.9714355e+01
   2.5570880e+06   1.9104004e+01
   2.5571210e+06   1.9531250e+01
   2.5571510e+06   4.2053223e+01
   2.5572080e+06   6.9030762e+01
   2.5572370e+06   4.8156738e+01
   2.5572630e+06   4.0466309e+01
   2.5572980e+06   2.1850586e+01
   2.5574000e+06   4.3457031e+01
   2.5575320e+06   2.2399902e+01
   2.5684970e+06   2.2399902e+01
   2.5716620e+06   2.1972656e+01
   2.5716910e+06   5.5114746e+01
   2.5717230e+06   4.0466309e+01
   2.5717420e+06   2.0751953e+01
   2.5717780e+06   2.9479980e+01
   2.5717890e+06   2.3559570e+01
   2.5718200e+06   1.8981934e+01
   2.5718650e+06   4.6508789e+01
   2.5719000e+06   2.0080566e+01
   2.5720170e+06   2.0385742e+01
   2.5793600e+06   1.9409180e+01
   2.5793980e+06   2.3986816e+01
   2.5794100e+06   3.6987305e+01
   2.5794420e+06   1.8920898e+01
   2.5794580e+06   2.4902344e+01
   2.5795000e+06   2.1118164e+01
   2.5795200e+06   5.5664063e+01
   2.5795650e+06   3.5766602e+01
   2.5796100e+06   2.7099609e+01
   2.5796460e+06   1.8371582e+01
   2.5848400e+06   1.8859863e+01
   2.5850050e+06   1.8554688e+01
   2.5873790e+06   2.2033691e+01
   2.5874030e+06   3.3447266e+01
   2.5874270e+06   4.4067383e+01
   2.5874440e+06   2.2338867e+01
   2.5874720e+06   2.6123047e+01
   2.5874890e+06   7.1228027e+01
   2.5875100e+06   2.9602051e+01
   2.5875400e+06   4.8522949e+01
   2.5875670e+06   4.1015625e+01
   2.5876150e+06   3.8330078e+01
   2.5877420e+06   2.1423340e+01
   2.5945050e+06   2.6550293e+01
   2.5945610e+06   5.0231934e+01
   2.5946020e+06   1.9775391e+01
   2.5946120e+06   6.3537598e+01
   2.5946520e+06   3.5278320e+01
   2.5946780e+06   2.3986816e+01
   2.5947510e+06   1.8432617e+01
   2.6014000e+06   3.6499023e+01
   2.6014320e+06   5.6762695e+01
   2.6014550e+06   5.7922363e+01
   2.6014800e+06   5.7006836e+01
   2.6014980e+06   3.5400391e+01
   2.6015290e+06   4.7058105e+01
   2.6015490e+06   1.9714355e+01
   2.6015800e+06   4.2602539e+01
   2.6016050e+06   2.3559570e+01
   2.6016740e+06   1.9287109e+01
   2.6066400e+06   1.8676758e+01
   2.6090490e+06   3.2409668e+01
   2.6090750e+06   6.2866211e+01
   2.6091050e+06   6.1340332e+01
   2.6091400e+06   2.5817871e+01
   2.6091560e+06   5.0048828e+01
   2.6091920e+06   6.1645508e+01
   2.6092340e+06   4.6142578e+01
   2.6092770e+06   2.2644043e+01
   2.6095020e+06   2.4353027e+01
   2.6142730e+06   1.9714355e+01
   2.6143500e+06   1.8920898e+01
   2.6144340e+06   4.7119141e+01
   2.6144760e+06   2.0141602e+01
   2.6144890e+06   5.8227539e+01
   2.6145500e+06   5.7434082e+01
   2.6145890e+06   4.2480469e+01
   2.6245260e+06   2.4780273e+01
   2.6245360e+06   5.9448242e+01
   2.6245590e+06   2.8137207e+01
   2.6245710e+06   2.8808594e+01
   2.6245850e+06   5.2368164e+01
   2.6246140e+06   5.8837891e+01
   2.6246280e+06   3.5583496e+01
   2.6246710e+06   5.6945801e+01
   2.6247390e+06   4.7485352e+01
   2.6247600e+06   3.3081055e+01
   2.6247720e+06   2.3132324e+01
   2.6248000e+06   2.0019531e+01
   2.6248590e+06   1.8676758e+01
   2.6250360e+06   2.7221680e+01
   2.6303080e+06   2.8808594e+01
   2.6303210e+06   4.7119141e+01
   2.6303680e+06   2.4414062e+01
   2.6303790e+06   4.8461914e+01
   2.6304360e+06   4.8828125e+01
   2.6305170e+06   2.5390625e+01
   2.6362610e+06   6.1462402e+01
   2.6362880e+06   5.1330566e+01
   2.6363020e+06   4.6386719e+01
   2.6363240e+06   2.2644043e+01
   2.6363470e+06   5.8044434e+01
   2.6363770e+06   2.1911621e+01
   2.6363940e+06   5.4260254e+01
   2.6364120e+06   3.6254883e+01
   2.6364440e+06   3.3813477e+01
   2.6365000e+06   3.6315918e+01
   2.6365350e+06   2.7832031e+01
   2.6365820e+06   4.5715332e+01
   2.6365920e+06   1.9287109e+01
   2.6367320e+06   3.7109375e+01
   2.6423110e+06   4.5654297e+01
   2.6423290e+06   2.2155762e+01
   2.6423550e+06   6.1584473e+01
   2.6423920e+06   3.5400391e+01
   2.6424150e+06   2.1240234e+01
   2.6424540e+06   3.9428711e+01
   2.6425060e+06   5.3527832e+01
   2.6425900e+06   4.6508789e+01
   2.6426050e+06   3.2043457e+01
   2.6426490e+06   1.9653320e+01
   2.6426680e+06   2.9174805e+01
   2.6487090e+06   6.1279297e+01
   2.6487510e+06   8.0322266e+01
   2.6487790e+06   2.8503418e+01
   2.6487970e+06   2.5573730e+01
   2.6488140e+06   3.8146973e+01
   2.6488390e+06   3.5583496e+01
   2.6488720e+06   3.8452148e+01
   2.6488900e+06   3.1127930e+01
   2.6489270e+06   1.9409180e+01
   2.6489420e+06   6.0607910e+01
   2.6489960e+06   2.4108887e+01
   2.6490570e+06   3.5522461e+01
   2.6491260e+06   3.8024902e+01
   2.6492160e+06   2.7404785e+01
   2.6492340e+06   3.3142090e+01
   2.6551810e+06   6.6528320e+01
   2.6552150e+06   5.4260254e+01
   2.6552250e+06   2.4108887e+01
   2.6552600e+06   3.3691406e+01
   2.6552740e+06   4.0954590e+01
   2.6553030e+06   2.5207520e+01
   2.6553400e+06   4.1564941e+01
   2.6553500e+06   2.8747559e+01
   2.6553970e+06   2.9174805e+01
   2.6554210e+06   3.1921387e+01
   2.6554610e+06   3.0578613e+01
   2.6555200e+06   2.5695801e+01
   2.6555330e+06   1.9287109e+01
   2.6555890e+06   2.8930664e+01
   2.6556190e+06   1.9226074e+01
   2.6556910e+06   2.8686523e+01
   2.6557930e+06   1.9653320e+01
   2.6620820e+06   2.2216797e+01
   2.6621050e+06   5.0476074e+01
   2.6621340e+06   3.3752441e+01
   2.6621510e+06   4.8400879e+01
   2.6621670e+06   3.0029297e+01
   2.6621900e+06   3.3569336e+01
   2.6622110e+06   2.2399902e+01
   2.6622270e+06   1.9836426e+01
   2.6622510e+06   2.6550293e+01
   2.6622820e+06   4.2785645e+01
   2.6623060e+06   1.9348145e+01
   2.6623290e+06   1.8737793e+01
   2.6623400e+06   1.9409180e+01
   2.6623510e+06   1.8493652e+01
   2.6623900e+06   3.7414551e+01
   2.6624020e+06   2.3803711e+01
   2.6624400e+06   2.3742676e+01
   2.6624570e+06   2.1667480e+01
   2.6625150e+06   4.5654297e+01
   2.6625770e+06   3.0456543e+01
   2.6626260e+06   5.1269531e+01
   2.6626930e+06   2.8991699e+01
   2.6627190e+06   2.5756836e+01
   2.6690810e+06   7.0922852e+01
   2.6690980e+06   3.7475586e+01
   2.6691210e+06   6.2927246e+01
   2.6691410e+06   3.9978027e+01
   2.6691580e+06   3.3203125e+01
   2.6691850e+06   3.1188965e+01
   2.6691990e+06   3.1921387e+01
   2.6692270e+06   2.6977539e+01
   2.6692450e+06   2.5268555e+01
   2.6692750e+06   3.5156250e+01
   2.6692970e+06   2.0507813e+01
   2.6693270e+06   3.4240723e+01
   2.6693400e+06   2.5207520e+01
   2.6693860e+06   3.3935547e+01
   2.6694350e+06   1.9409180e+01
   2.6694580e+06   3.5034180e+01
   2.6695100e+06   2.3315430e+01
   2.6695550e+06   3.7231445e+01
   2.6695840e+06   2.0629883e+01
   2.6696640e+06   2.3315430e+01
   2.6761670e+06   1.9348145e+01
   2.6761940e+06   5.4260254e+01
   2.6762150e+06   5.1879883e+01
   2.6762410e+06   4.3640137e+01
   2.6762550e+06   3.0944824e+01
   2.6762760e+06   2.7587891e+01
   2.6762930e+06   3.0883789e+01
   2.6763210e+06   2.3071289e+01
   2.6763380e+06   2.0629883e+01
   2.6763650e+06   3.0334473e+01
   2.6763830e+06   2.9602051e+01
   2.6764130e+06   2.3254395e+01
   2.6764370e+06   2.6672363e+01
   2.6764990e+06   2.4536133e+01
   2.6765100e+06   2.2216797e+01
   2.6765530e+06   2.1301270e+01
   2.6765630e+06   3.0517578e+01
   2.6766230e+06   2.0935059e+01
   2.6766820e+06   2.3925781e+01
   2.6767400e+06   1.8432617e+01
   2.6767520e+06   1.8798828e+01
   2.6768240e+06   2.2949219e+01
   2.6769820e+06   1.8371582e+01
   2.6836820e+06   5.6213379e+01
   2.6837040e+06   4.3273926e+01
   2.6837180e+06   4.5410156e+01
   2.6837410e+06   3.1921387e+01
   2.6837570e+06   2.4475098e+01
   2.6837760e+06   1.9836426e+01
   2.6837960e+06   2.2766113e+01
   2.6838370e+06   2.2949219e+01
   2.6838980e+06   1.8615723e+01
   2.6840030e+06   2.1545410e+01
   2.6840560e+06   1.9592285e+01
   2.6841140e+06   4.0710449e+01
   2.6841780e+06   2.3986816e+01
   2.6841890e+06   2.5695801e+01
   2.6842460e+06   2.1118164e+01
   2.6842710e+06   2.3986816e+01
   2.6843650e+06   3.1738281e+01
   2.6845830e+06   1.8676758e+01
   2.6921570e+06   2.0568848e+01
   2.6921670e+06   4.7668457e+01
   2.6922040e+06   5.4382324e+01
   2.6922290e+06   4.3762207e+01
   2.6922570e+06   2.1606445e+01
   2.6922750e+06   3.6315918e+01
   2.6923200e+06   1.9409180e+01
   2.6923460e+06   2.1057129e+01
   2.6923600e+06   1.9104004e+01
   2.6924420e+06   1.9531250e+01
   2.6925420e+06   1.9958496e+01
   2.6925910e+06   2.4353027e+01
   2.6926570e+06   2.8747559e+01
   2.6926950e+06   1.8371582e+01
   2.6927190e+06   2.1484375e+01
   2.6927680e+06   2.4169922e+01
   2.6927850e+06   1.8493652e+01
   2.6928430e+06   2.5756836e+01
   2.6929300e+06   2.1667480e+01
   2.6932910e+06   2.3132324e+01
   2.7005670e+06   4.2297363e+01
   2.7005810e+06   3.1250000e+01
   2.7006180e+06   5.9509277e+01
   2.7006550e+06   4.3273926e+01
   2.7006780e+06   2.7099609e+01
   2.7006940e+06   2.3498535e+01
   2.7007340e+06   1.8432617e+01
   2.7008320e+06   2.1118164e+01
   2.7008990e+06   2.0568848e+01
   2.7009360e+06   2.2705078e+01
   2.7010560e+06   2.1728516e+01
   2.7011150e+06   2.2216797e+01
   2.7011800e+06   2.3071289e+01
   2.7012610e+06   3.7658691e+01
   2.7013420e+06   2.2216797e+01
   2.7079180e+06   2.4719238e+01
   2.7079700e+06   5.6701660e+01
   2.7079980e+06   2.5512695e+01
   2.7080130e+06   4.3334961e+01
   2.7080520e+06   3.3508301e+01
   2.7080670e+06   2.6672363e+01
   2.7080940e+06   2.0874023e+01
   2.7081130e+06   1.9775391e+01
   2.7081580e+06   1.8737793e+01
   2.7081870e+06   3.2470703e+01
   2.7083140e+06   1.8493652e+01
   2.7083470e+06   2.0874023e+01
   2.7083660e+06   2.0263672e+01
   2.7084120e+06   2.4108887e+01
   2.7084380e+06   2.1240234e+01
   2.7084970e+06   2.6062012e+01
   2.7085290e+06   1.8798828e+01
   2.7085940e+06   2.4414062e+01
   2.7086710e+06   1.9470215e+01
   2.7088400e+06   1.9470215e+01
   2.7090260e+06   2.0263672e+01
   2.7092460e+06   1.8615723e+01
   2.7171080e+06   2.7709961e+01
   2.7171260e+06   5.1696777e+01
   2.7171440e+06   3.6560059e+01
   2.7171620e+06   3.3386230e+01
   2.7171830e+06   3.6621094e+01
   2.7171970e+06   3.1372070e+01
   2.7172180e+06   2.1057129e+01
   2.7172350e+06   2.9418945e+01
   2.7172690e+06   1.8859863e+01
   2.7172810e+06   2.6245117e+01
   2.7173920e+06   1.9104004e+01
   2.7174320e+06   1.8920898e+01
   2.7175820e+06   2.0629883e+01
   2.7176410e+06   2.0263672e+01
   2.7177070e+06   2.8686523e+01
   2.7177720e+06   2.6367188e+01
   2.7178500e+06   2.1362305e+01
   2.7179480e+06   2.2583008e+01
   2.7265530e+06   2.2460938e+01
   2.7265730e+06   5.5541992e+01
   2.7266090e+06   3.4545898e+01
   2.7266190e+06   4.6691895e+01
   2.7266560e+06   4.3090820e+01
   2.7266700e+06   2.6794434e+01
   2.7266960e+06   2.0812988e+01
   2.7267130e+06   2.5695801e+01
   2.7267400e+06   2.1972656e+01
   2.7268280e+06   2.6611328e+01
   2.7273240e+06   2.4719238e+01
   2.7274010e+06   1.9470215e+01
   2.7274490e+06   1.9653320e+01
   2.7275040e+06   2.5878906e+01
   2.7279040e+06   1.8371582e+01
   2.7355820e+06   2.2766113e+01
   2.7356330e+06   4.8889160e+01
   2.7356570e+06   2.4597168e+01
   2.7356700e+06   4.1931152e+01
   2.7357080e+06   4.4128418e+01
   2.7357380e+06   2.7160645e+01
   2.7357600e+06   2.8625488e+01
   2.7358040e+06   2.3071289e+01
   2.7358850e+06   1.9775391e+01
   2.7359110e+06   2.0019531e+01
   2.7359610e+06   1.8798828e+01
   2.7361450e+06   2.0507812e+01
   2.7362470e+06   2.0080566e+01
   2.7364880e+06   2.8015137e+01
   2.7459700e+06   2.2644043e+01
   2.7460070e+06   4.8645020e+01
   2.7460460e+06   4.2785645e+01
   2.7460590e+06   2.8747559e+01
   2.7460830e+06   2.9541016e+01
   2.7461100e+06   2.7465820e+01
   2.7461320e+06   1.9653320e+01
   2.7461600e+06   2.0324707e+01
   2.7467710e+06   1.8554688e+01
   2.7468090e+06   2.1179199e+01
   2.7468710e+06   1.9714355e+01
   2.7566800e+06   2.4108887e+01
   2.7567420e+06   5.4016113e+01
   2.7567610e+06   2.2216797e+01
   2.7567760e+06   4.1076660e+01
   2.7568140e+06   4.6691895e+01
   2.7568260e+06   2.9785156e+01
   2.7568500e+06   2.5207520e+01
   2.7568660e+06   2.1423340e+01
   2.7568900e+06   2.2277832e+01
   2.7569150e+06   2.6733398e+01
   2.7569560e+06   2.0080566e+01
   2.7570520e+06   1.8554688e+01
   2.7570930e+06   1.8798828e+01
   2.7574810e+06   2.0019531e+01
   2.7576640e+06   2.3315430e+01
   2.7668010e+06   2.0751953e+01
   2.7668400e+06   5.0964355e+01
   2.7668750e+06   2.4414062e+01
   2.7668930e+06   5.1025391e+01
   2.7669310e+06   3.1921387e+01
   2.7669700e+06   4.4433594e+01
   2.7669810e+06   2.0080566e+01
   2.7670150e+06   2.4108887e+01
   2.7670610e+06   2.8869629e+01
   2.7670990e+06   2.4780273e+01
   2.7676150e+06   1.8676758e+01
   2.7676440e+06   1.9470215e+01
   2.7677280e+06   1.8737793e+01
   2.7760320e+06   2.0629883e+01
   2.7760660e+06   4.6081543e+01
   2.7760960e+06   4.3762207e+01
   2.7761150e+06   3.9306641e+01
   2.7761410e+06   3.6743164e+01
   2.7761570e+06   3.2836914e+01
   2.7761870e+06   2.4536133e+01
   2.7762000e+06   2.9235840e+01
   2.7764680e+06   2.3315430e+01
   2.7768200e+06   1.9531250e+01
   2.7873440e+06   2.4780273e+01
   2.7873730e+06   4.3823242e+01
   2.7874080e+06   5.0048828e+01
   2.7874220e+06   2.4841309e+01
   2.7874450e+06   2.3498535e+01
   2.7874850e+06   3.0456543e+01
   2.7874960e+06   2.2521973e+01
   2.7875290e+06   2.6611328e+01
   2.7875580e+06   2.1911621e+01
   2.7875910e+06   2.4536133e+01
   2.7876400e+06   2.0324707e+01
   2.7876760e+06   2.1423340e+01
   2.7876950e+06   2.0996094e+01
   2.7878210e+06   2.1301270e+01
   2.7878550e+06   2.2460938e+01
   2.7881370e+06   2.0507812e+01
   2.7995370e+06   2.3315430e+01
   2.7995630e+06   5.5664063e+01
   2.7995910e+06   4.3701172e+01
   2.7996030e+06   3.5339355e+01
   2.7996260e+06   2.2521973e+01
   2.7996370e+06   2.8320312e+01
   2.7996750e+06   2.0812988e+01
   2.7996950e+06   2.1789551e+01
   2.7997770e+06   2.2094727e+01
   2.8004010e+06   1.8615723e+01
   2.8004330e+06   2.0996094e+01
   2.8159190e+06   2.6367188e+01
   2.8159510e+06   5.2490234e+01
   2.8159750e+06   3.5522461e+01
   2.8159880e+06   4.4616699e+01
   2.8160140e+06   3.1188965e+01
   2.8160480e+06   2.6367188e+01
   2.8160600e+06   2.1789551e+01
   2.8160810e+06   2.3010254e+01
   2.8160940e+06   1.9592285e+01
   2.8161070e+06   1.9226074e+01
   2.8161370e+06   2.4353027e+01
   2.8162060e+06   2.3010254e+01
   2.8162830e+06   1.8920898e+01
   2.8166630e+06   2.0263672e+01
   2.8168770e+06   2.7404785e+01
   2.8169630e+06   3.4240723e+01
   2.8271210e+06   2.1484375e+01
   2.8271630e+06   5.0537109e+01
   2.8271770e+06   4.0771484e+01
   2.8272040e+06   3.5095215e+01
   2.8272180e+06   4.0161133e+01
   2.8272430e+06   2.9052734e+01
   2.8272570e+06   2.2644043e+01
   2.8272790e+06   2.3681641e+01
   2.8273070e+06   1.9775391e+01
   2.8273190e+06   2.4047852e+01
   2.8273640e+06   2.0935059e+01
   2.8274320e+06   1.9042969e+01
   2.8278360e+06   2.0874023e+01
   2.8278620e+06   1.8371582e+01
   2.8279560e+06   1.8981934e+01
   2.8280110e+06   2.0324707e+01
   2.8390310e+06   2.1118164e+01
   2.8390680e+06   5.7250977e+01
   2.8390810e+06   4.2419434e+01
   2.8391050e+06   3.4118652e+01
   2.8391390e+06   3.6376953e+01
   2.8391790e+06   2.0324707e+01
   2.8391940e+06   2.6245117e+01
   2.8392190e+06   2.4047852e+01
   2.8392640e+06   2.3071289e+01
   2.8392910e+06   2.2827148e+01
   2.8393880e+06   2.2277832e+01
   2.8394830e+06   2.1484375e+01
   2.8395540e+06   1.9958496e+01
   2.8397900e+06   1.8920898e+01
   2.8398230e+06   1.8371582e+01
   2.8399030e+06   2.1484375e+01
   2.8495550e+06   2.5085449e+01
   2.8495960e+06   4.2968750e+01
   2.8496220e+06   4.9133301e+01
   2.8496380e+06   2.9785156e+01
   2.8496660e+06   4.1259766e+01
   2.8496930e+06   2.6489258e+01
   2.8497160e+06   3.1982422e+01
   2.8497470e+06   3.5400391e+01
   2.8497690e+06   1.9165039e+01
   2.8498320e+06   2.0019531e+01
   2.8498510e+06   2.1850586e+01
   2.8501590e+06   1.8737793e+01
   2.8501890e+06   1.8432617e+01
   2.8502700e+06   2.0690918e+01
   2.8504340e+06   2.1423340e+01
   2.8504660e+06   1.9531250e+01
   2.8607970e+06   2.1606445e+01
   2.8608280e+06   5.0781250e+01
   2.8608410e+06   5.2978516e+01
   2.8608700e+06   3.1433105e+01
   2.8608810e+06   3.2958984e+01
   2.8608920e+06   2.4841309e+01
   2.8609040e+06   2.5329590e+01
   2.8609390e+06   3.3569336e+01
   2.8609850e+06   2.3986816e+01
   2.8610700e+06   1.8920898e+01
   2.8610940e+06   1.8432617e+01
   2.8611990e+06   2.0019531e+01
   2.8613290e+06   1.8554688e+01
   2.8613950e+06   2.3254395e+01
   2.8615930e+06   2.2644043e+01
   2.8616860e+06   2.2949219e+01
   2.8617230e+06   2.2094727e+01
   2.8721690e+06   2.4597168e+01
   2.8722120e+06   5.9692383e+01
   2.8722570e+06   4.5288086e+01
   2.8722990e+06   4.0222168e+01
   2.8723290e+06   3.3630371e+01
   2.8723390e+06   3.2348633e+01
   2.8723760e+06   2.2644043e+01
   2.8723880e+06   2.2338867e+01
   2.8724420e+06   1.9836426e+01
   2.8729590e+06   1.9531250e+01
   2.8730400e+06   2.0324707e+01
   2.8835240e+06   1.9409180e+01
   2.8835380e+06   2.0629883e+01
   2.8835810e+06   5.1879883e+01
   2.8836110e+06   3.8757324e+01
   2.8836220e+06   3.3020020e+01
   2.8836530e+06   2.4047852e+01
   2.8836890e+06   3.4484863e+01
   2.8837200e+06   2.5817871e+01
   2.8837400e+06   2.0874023e+01
   2.8837820e+06   2.0385742e+01
   2.8838160e+06   1.9042969e+01
   2.8839100e+06   2.5512695e+01
   2.8840320e+06   2.0019531e+01
   2.8840550e+06   2.7709961e+01
   2.8843290e+06   1.9348145e+01
   2.8843400e+06   1.9531250e+01
   2.8968060e+06   2.6000977e+01
   2.8968300e+06   5.4016113e+01
   2.8968400e+06   4.5227051e+01
   2.8968630e+06   3.3691406e+01
   2.8968770e+06   3.1005859e+01
   2.8968990e+06   2.7648926e+01
   2.8969160e+06   1.9592285e+01
   2.8969340e+06   2.2338867e+01
   2.8970290e+06   2.5451660e+01
   2.8970840e+06   1.9775391e+01
   2.8973600e+06   1.8737793e+01
   2.8974680e+06   1.8432617e+01
   2.8975310e+06   1.9836426e+01
   2.8976070e+06   2.0202637e+01
   2.8976280e+06   1.9592285e+01
   2.8976570e+06   1.9348145e+01
   2.8977080e+06   1.8432617e+01
   2.9128400e+06   2.7221680e+01
   2.9128800e+06   9.0820312e+01
   2.9129170e+06   7.9650879e+01
   2.9129510e+06   4.2480469e+01
   2.9129690e+06   1.8676758e+01
   2.9129860e+06   2.9052734e+01
   2.9130010e+06   2.0202637e+01
   2.9130260e+06   2.4780273e+01
   2.9130670e+06   2.4780273e+01
   2.9131560e+06   2.4841309e+01
   2.9131660e+06   1.9165039e+01
   2.9132040e+06   1.8676758e+01
   2.9132990e+06   1.9104004e+01
   2.9133240e+06   2.0141602e+01
   2.9133860e+06   2.8015137e+01
   2.9133970e+06   1.8859863e+01
   2.9135040e+06   1.9653320e+01
   2.9135570e+06   1.8554688e+01
   2.9136700e+06   1.9409180e+01
   2.9136940e+06   2.3803711e+01
   2.9137360e+06   1.9226074e+01
   2.9137900e+06   2.3742676e+01
   2.9265490e+06   2.4780273e+01
   2.9266010e+06   3.1188965e+01
   2.9266150e+06   2.1423340e+01
   2.9266510e+06   5.2246094e+01
   2.9266810e+06   1.9470215e+01
   2.9266940e+06   2.1423340e+01
   2.9267260e+06   3.7353516e+01
   2.9267660e+06   3.6682129e+01
   2.9267780e+06   1.8615723e+01
   2.9268080e+06   2.3193359e+01
   2.9268530e+06   1.9531250e+01
   2.9269070e+06   1.8432617e+01
   2.9270170e+06   2.8137207e+01
   2.9272220e+06   2.0507812e+01
   2.9272950e+06   2.5268555e+01
   2.9273440e+06   1.8493652e+01
   2.9273760e+06   1.9714355e+01
   2.9274600e+06   2.6306152e+01
   2.9378670e+06   2.8320312e+01
   2.9379140e+06   1.9042969e+01
   2.9379300e+06   5.3710938e+01
   2.9379750e+06   3.1738281e+01
   2.9380010e+06   2.3437500e+01
   2.9380190e+06   4.0527344e+01
   2.9380400e+06   2.0507812e+01
   2.9380590e+06   3.2653809e+01
   2.9380960e+06   1.9714355e+01
   2.9381200e+06   2.0141602e+01
   2.9381450e+06   2.4169922e+01
   2.9381570e+06   1.9958496e+01
   2.9381880e+06   2.2644043e+01
   2.9382050e+06   1.9287109e+01
   2.9382430e+06   2.3254395e+01
   2.9382880e+06   2.0629883e+01
   2.9383420e+06   2.1362305e+01
   2.9383540e+06   1.9104004e+01
   2.9387050e+06   1.9470215e+01
