   3.0000000e+06   0.0000000e+00
   2.4440000e+03   1.9714355e+01
   4.7890000e+03   2.0935059e+01
   1.0365000e+04   1.9592285e+01
   2.4269000e+04   2.1179199e+01
   2.8769000e+04   2.0019531e+01
   4.0753000e+04   2.0202637e+01
   4.3963000e+04   2.0385742e+01
   4.5461000e+04   2.0874023e+01
   4.7387000e+04   2.2521973e+01
   4.8669000e+04   2.0080566e+01
   5.5947000e+04   1.9653320e+01
   5.8943000e+04   2.0263672e+01
   6.9215000e+04   1.9592285e+01
   7.1141000e+04   1.9836426e+01
   7.1783000e+04   1.9714355e+01
   8.3125000e+04   1.9592285e+01
   9.1683000e+04   1.9714355e+01
   9.8533000e+04   2.0874023e+01
   9.8747000e+04   2.3864746e+01
   1.0144000e+05   2.0141602e+01
   1.0966100e+05   1.9653320e+01
   1.0985500e+05   2.1606445e+01
   1.1265700e+05   1.9775391e+01
   3.9202500e+05   3.1555176e+01
   3.9204500e+05   6.1096191e+01
   3.9208200e+05   2.4047852e+01
   3.9211600e+05   6.6040039e+01
   3.9214200e+05   4.6325684e+01
   3.9215800e+05   7.7087402e+01
   3.9218000e+05   8.6853027e+01
   3.9220300e+05   4.3273926e+01
   3.9223100e+05   5.9143066e+01
   3.9224900e+05   3.3081055e+01
   3.9226700e+05   3.0456543e+01
   3.9228000e+05   5.0109863e+01
   3.9230500e+05   2.5634766e+01
   3.9232400e+05   3.3203125e+01
   3.9234800e+05   4.0893555e+01
   3.9236700e+05   2.3864746e+01
   3.9237700e+05   1.9592285e+01
   3.9239600e+05   1.9775391e+01
   3.9241600e+05   1.9897461e+01
   3.9243700e+05   2.4108887e+01
   3.9244700e+05   2.2827148e+01
   3.9246600e+05   2.1728516e+01
   3.9251500e+05   2.0080566e+01
   3.9255100e+05   2.3071289e+01
   3.9257500e+05   2.5573730e+01
   3.9266700e+05   1.9897461e+01
   3.9272000e+05   2.0629883e+01
   3.9276800e+05   2.1301270e+01
   3.9288700e+05   2.2460938e+01
   3.9296200e+05   2.0751953e+01
   3.9315300e+05   2.8503418e+01
   3.9341900e+05   2.0690918e+01
   3.9353600e+05   2.0019531e+01
   3.9355700e+05   2.0874023e+01
   3.9357600e+05   2.2277832e+01
   3.9361200e+05   1.9897461e+01
   3.9363200e+05   2.0874023e+01
   3.9365500e+05   2.1911621e+01
   3.9376400e+05   2.0812988e+01
   3.9383300e+05   2.1667480e+01
   3.9388600e+05   2.4047852e+01
   3.9410700e+05   2.2460938e+01
   3.9416900e+05   2.0202637e+01
   3.9431800e+05   1.9714355e+01
   3.9438200e+05   2.3315430e+01
   3.9442500e+05   1.9958496e+01
   3.9446000e+05   2.2521973e+01
   3.9448900e+05   2.2460938e+01
   3.9453500e+05   2.1179199e+01
   3.9456900e+05   2.2460938e+01
   3.9458600e+05   2.5878906e+01
   3.9460900e+05   2.2949219e+01
   3.9467000e+05   2.0996094e+01
   3.9475200e+05   2.9235840e+01
   3.9483700e+05   2.4230957e+01
   3.9487100e+05   2.8564453e+01
   3.9495300e+05   2.3437500e+01
   3.9508600e+05   2.1301270e+01
   3.9514500e+05   2.0385742e+01
   3.9525700e+05   2.2705078e+01
   3.9536000e+05   2.3437500e+01
   3.9541800e+05   2.5146484e+01
   3.9590200e+05   2.1789551e+01
   3.9617600e+05   3.1005859e+01
   3.9889300e+05   2.5451660e+01
   4.0033400e+05   2.0935059e+01
   4.0162100e+05   2.2949219e+01
   4.0284500e+05   1.9958496e+01
   4.0342700e+05   2.0751953e+01
   4.0504400e+05   2.4230957e+01
   4.0621500e+05   2.1057129e+01
   4.0749100e+05   1.9653320e+01
   4.0972400e+05   3.1921387e+01
   4.1424800e+05   1.9775391e+01
   4.1455900e+05   2.0874023e+01
   4.1514200e+05   2.3803711e+01
   4.1595500e+05   3.4301758e+01
   4.1796900e+05   3.0151367e+01
   4.1849900e+05   2.4658203e+01
   4.1929000e+05   2.0996094e+01
   4.2076400e+05   2.0324707e+01
   4.2102400e+05   3.3508301e+01
   4.2107000e+05   1.9958496e+01
   4.2292300e+05   2.2277832e+01
   4.2295800e+05   3.5705566e+01
   4.2316300e+05   2.0629883e+01
   4.2352600e+05   2.2521973e+01
   4.2504500e+05   3.4912109e+01
   4.2539700e+05   2.1423340e+01
   4.2681200e+05   3.1372070e+01
   4.2728600e+05   2.1728516e+01
   4.2757900e+05   2.1789551e+01
   4.2821400e+05   2.0019531e+01
   4.2936300e+05   2.4047852e+01
   4.3004300e+05   1.9653320e+01
   4.3029300e+05   3.7658691e+01
   4.3167400e+05   2.0141602e+01
   4.3197800e+05   2.0080566e+01
   4.3224900e+05   2.7709961e+01
   4.3405400e+05   2.0935059e+01
   4.3427900e+05   2.3620605e+01
   4.3462500e+05   2.3010254e+01
   4.3490500e+05   2.0568848e+01
   4.3505200e+05   4.1503906e+01
   4.3519700e+05   2.1423340e+01
   4.3524000e+05   4.3762207e+01
   4.3527800e+05   2.2644043e+01
   4.3536100e+05   3.1982422e+01
   4.3538100e+05   4.7119141e+01
   4.3541200e+05   2.3437500e+01
   4.3544700e+05   2.1362305e+01
   4.3550200e+05   4.1687012e+01
   4.3556400e+05   3.0456543e+01
   4.3561600e+05   2.4291992e+01
   4.3564800e+05   2.3132324e+01
   4.3566800e+05   2.8320312e+01
   4.3571300e+05   5.6335449e+01
   4.3573700e+05   2.2888184e+01
   4.3575800e+05   2.4353027e+01
   4.3578800e+05   3.5156250e+01
   4.3579900e+05   3.6560059e+01
   4.3581300e+05   5.1208496e+01
   4.3584000e+05   8.5937500e+01
   4.3586600e+05   3.6254883e+01
   4.3589400e+05   5.2124023e+01
   4.3591600e+05   5.4260254e+01
   4.3593100e+05   3.9367676e+01
   4.3594300e+05   3.1860352e+01
   4.3597800e+05   4.7302246e+01
   4.3599000e+05   7.4279785e+01
   4.3601300e+05   2.6550293e+01
   4.3604500e+05   5.4504395e+01
   4.3606600e+05   3.7597656e+01
   4.3608200e+05   3.1921387e+01
   4.3611700e+05   3.0273438e+01
   4.3613600e+05   3.2714844e+01
   4.3615300e+05   4.6020508e+01
   4.3619100e+05   2.9724121e+01
   4.3621100e+05   2.1423340e+01
   4.3628500e+05   2.1362305e+01
   4.3631100e+05   2.2338867e+01
   4.3635500e+05   2.1423340e+01
   4.3639900e+05   2.1057129e+01
   4.3645300e+05   2.4230957e+01
   4.3648600e+05   2.3071289e+01
   4.3653400e+05   2.1911621e+01
   4.3662500e+05   2.3620605e+01
   4.3670100e+05   2.2460938e+01
   4.3673900e+05   2.1362305e+01
   4.3675500e+05   2.1972656e+01
   4.3679700e+05   2.2094727e+01
   4.3691800e+05   1.9592285e+01
   4.3698200e+05   1.9836426e+01
   4.3701800e+05   2.1972656e+01
   4.3705300e+05   2.0874023e+01
   4.3709100e+05   2.0324707e+01
   4.3714400e+05   2.1972656e+01
   4.3722100e+05   2.0629883e+01
   4.3726900e+05   2.6367188e+01
   4.3729500e+05   2.1972656e+01
   4.3734400e+05   2.0019531e+01
   4.3740900e+05   2.1606445e+01
   4.3744900e+05   1.9714355e+01
   4.3757600e+05   2.0996094e+01
   4.3760000e+05   2.0202637e+01
   4.3763200e+05   1.9775391e+01
   4.3772200e+05   2.0263672e+01
   4.3781700e+05   1.9653320e+01
   4.3783700e+05   3.0029297e+01
   4.3788400e+05   2.4047852e+01
   4.3798900e+05   2.0568848e+01
   4.3803600e+05   2.4169922e+01
   4.3811200e+05   2.6428223e+01
   4.3814500e+05   2.3010254e+01
   4.3820900e+05   2.0385742e+01
   4.3834900e+05   2.7404785e+01
   4.3836200e+05   2.0263672e+01
   4.3844500e+05   2.2766113e+01
   4.3851700e+05   2.5024414e+01
   4.3852800e+05   2.0874023e+01
   4.3859000e+05   2.1057129e+01
   4.3860900e+05   2.4047852e+01
   4.3865200e+05   2.8869629e+01
   4.3872800e+05   3.2104492e+01
   4.3876600e+05   2.2705078e+01
   4.3883400e+05   2.2644043e+01
   4.3885800e+05   2.3498535e+01
   4.3898100e+05   2.1240234e+01
   4.3901800e+05   2.1484375e+01
   4.3915100e+05   2.1850586e+01
   4.3922000e+05   2.5573730e+01
   4.3945200e+05   3.0822754e+01
   4.3974800e+05   2.5024414e+01
   4.3982700e+05   2.4963379e+01
   4.4592200e+05   2.2155762e+01
   4.5354900e+05   2.0202637e+01
   4.5384300e+05   1.9958496e+01
   4.5908200e+05   1.9836426e+01
   4.6133900e+05   1.9592285e+01
   4.6780600e+05   2.3681641e+01
   4.7089900e+05   2.9479980e+01
   4.7092800e+05   1.9775391e+01
   4.7311700e+05   2.4353027e+01
   4.7386100e+05   2.1118164e+01
   4.7491100e+05   2.5207520e+01
   4.7544200e+05   3.5827637e+01
   4.7609300e+05   2.0080566e+01
   4.7727400e+05   2.0080566e+01
   4.7754800e+05   2.2460938e+01
   4.7760400e+05   2.0141602e+01
   4.7761600e+05   2.1789551e+01
   4.7773700e+05   2.8747559e+01
   4.7779100e+05   2.5146484e+01
   4.7781700e+05   2.9052734e+01
   4.7790100e+05   3.8513184e+01
   4.7804800e+05   3.2653809e+01
   4.7807100e+05   2.4047852e+01
   4.7824700e+05   3.0273438e+01
   4.7838700e+05   2.6794434e+01
   4.7853900e+05   2.4963379e+01
   4.7868800e+05   2.1911621e+01
   4.8104900e+05   1.9836426e+01
   4.8216200e+05   2.0141602e+01
   4.8439500e+05   2.7893066e+01
   4.8694300e+05   3.2226562e+01
   4.8696000e+05   1.9592285e+01
   4.8700400e+05   2.7832031e+01
   4.8701400e+05   3.2470703e+01
   4.8717000e+05   2.1911621e+01
   4.8726200e+05   1.9836426e+01
   4.8998600e+05   2.1057129e+01
   4.9193500e+05   3.8208008e+01
   4.9199400e+05   2.7221680e+01
   4.9230100e+05   3.0639648e+01
   4.9488100e+05   2.0935059e+01
   4.9644900e+05   2.0019531e+01
   4.9689500e+05   3.2165527e+01
   4.9691800e+05   3.7170410e+01
   4.9710000e+05   2.0263672e+01
   4.9713900e+05   4.1015625e+01
   4.9719200e+05   2.3620605e+01
   4.9738600e+05   2.9541016e+01
   4.9799500e+05   2.1606445e+01
   5.0158900e+05   2.4658203e+01
   5.0167200e+05   3.1311035e+01
   5.0179100e+05   2.2644043e+01
   5.0193900e+05   2.0507812e+01
   5.0199700e+05   2.9479980e+01
   5.0269000e+05   2.1972656e+01
   5.0486800e+05   2.1240234e+01
   5.0803200e+05   2.1850586e+01
   5.0807900e+05   5.9875488e+01
   5.0821200e+05   2.1362305e+01
   5.0823600e+05   4.4006348e+01
   5.0835100e+05   3.7231445e+01
   5.0838900e+05   4.5471191e+01
   5.0851300e+05   2.5634766e+01
   5.0852600e+05   4.1931152e+01
   5.0858100e+05   2.6489258e+01
   5.0859100e+05   2.8747559e+01
   5.0865600e+05   3.2592773e+01
   5.0871000e+05   1.9775391e+01
   5.0876000e+05   2.3742676e+01
   5.0877300e+05   2.8076172e+01
   5.0879000e+05   3.7231445e+01
   5.0889500e+05   2.4658203e+01
   5.0891700e+05   7.6293945e+01
   5.0894500e+05   3.0395508e+01
   5.0900300e+05   2.1606445e+01
   5.0903200e+05   2.6367188e+01
   5.0911200e+05   2.9052734e+01
   5.0915300e+05   2.7709961e+01
   5.0919800e+05   2.0751953e+01
   5.0921500e+05   4.9804688e+01
   5.0925700e+05   2.4780273e+01
   5.0928000e+05   2.7648926e+01
   5.0930900e+05   2.1057129e+01
   5.0937200e+05   2.2949219e+01
   5.0940400e+05   2.9418945e+01
   5.0942800e+05   3.1433105e+01
   5.0949800e+05   2.1484375e+01
   5.0953400e+05   4.8828125e+01
   5.0954500e+05   2.1789551e+01
   5.0956600e+05   2.0080566e+01
   5.0960400e+05   4.0771484e+01
   5.0963500e+05   2.4108887e+01
   5.0967100e+05   3.8757324e+01
   5.0972900e+05   2.0080566e+01
   5.0979100e+05   2.0263672e+01
   5.0980100e+05   2.1606445e+01
   5.0983500e+05   3.7841797e+01
   5.0992600e+05   2.0751953e+01
   5.1004600e+05   2.3132324e+01
   5.1016400e+05   2.4291992e+01
   5.1033700e+05   2.3681641e+01
   5.1216500e+05   2.0751953e+01
   5.1580100e+05   3.5949707e+01
   5.1581600e+05   2.3925781e+01
   5.1921900e+05   2.4597168e+01
   5.1926100e+05   2.8015137e+01
   5.1960800e+05   1.9958496e+01
   5.1979800e+05   3.1005859e+01
   5.2348300e+05   2.4475098e+01
   5.2394700e+05   2.1667480e+01
   5.2761800e+05   1.9714355e+01
   5.2773100e+05   2.1667480e+01
   5.2782100e+05   2.1301270e+01
   5.2784300e+05   2.9174805e+01
   5.2800800e+05   2.1423340e+01
   5.2815400e+05   3.6865234e+01
   5.2818600e+05   3.3020020e+01
   5.2866000e+05   3.1433105e+01
   5.3320400e+05   2.1911621e+01
   5.3324400e+05   3.2836914e+01
   5.3327500e+05   2.4902344e+01
   5.3353000e+05   4.2846680e+01
   5.3354100e+05   2.0935059e+01
   5.3376800e+05   4.2053223e+01
   5.3439800e+05   2.0812988e+01
   5.3850400e+05   2.8442383e+01
   5.3853100e+05   2.5878906e+01
   5.3856500e+05   4.6020508e+01
   5.3874400e+05   4.0710449e+01
   5.3879700e+05   2.8015137e+01
   5.3898200e+05   4.2846680e+01
   5.3900500e+05   2.0812988e+01
   5.3910200e+05   2.7160645e+01
   5.3979600e+05   2.1484375e+01
   5.4297700e+05   2.5756836e+01
   5.4321000e+05   2.4291992e+01
   5.4327700e+05   2.9602051e+01
   5.4676600e+05   1.9775391e+01
   5.4678200e+05   4.0161133e+01
   5.4684000e+05   3.1616211e+01
   5.4694600e+05   2.1911621e+01
   5.4702000e+05   4.2175293e+01
   5.4718700e+05   3.0639648e+01
   5.4723300e+05   1.9592285e+01
   5.5210400e+05   1.9653320e+01
   5.5226000e+05   3.0700684e+01
   5.5228400e+05   4.8522949e+01
   5.5233500e+05   2.3803711e+01
   5.5247000e+05   4.5837402e+01
   5.5253600e+05   3.5095215e+01
   5.5648600e+05   2.0690918e+01
   5.5683100e+05   3.9672852e+01
   5.5702100e+05   2.6489258e+01
   5.6170100e+05   2.2033691e+01
   5.6181600e+05   4.9682617e+01
   5.6189300e+05   2.0263672e+01
   5.6196800e+05   2.8259277e+01
   5.6203000e+05   4.0893555e+01
   5.6213300e+05   2.0019531e+01
   5.6222900e+05   2.3193359e+01
   5.6237500e+05   3.7353516e+01
   5.6266300e+05   3.1127930e+01
   5.6800300e+05   2.3437500e+01
   5.6808700e+05   1.9836426e+01
   5.6817000e+05   2.2644043e+01
   5.6818500e+05   2.3742676e+01
   5.6820500e+05   4.4189453e+01
   5.6826800e+05   1.9958496e+01
   5.6838800e+05   2.0690918e+01
   5.6843300e+05   3.0761719e+01
   5.6861200e+05   4.3395996e+01
   5.6882500e+05   2.9357910e+01
   5.6969900e+05   1.9897461e+01
   5.7424400e+05   2.0263672e+01
   5.7434300e+05   2.4108887e+01
   5.7439900e+05   2.1850586e+01
   5.7443400e+05   2.9785156e+01
   5.7453100e+05   2.0263672e+01
   5.7469400e+05   3.2104492e+01
   5.7471100e+05   4.6142578e+01
   5.7475600e+05   1.9775391e+01
   5.8034400e+05   2.3193359e+01
   5.8044600e+05   2.0080566e+01
   5.8051000e+05   2.8625488e+01
   5.8065300e+05   4.8522949e+01
   5.8081400e+05   3.6193848e+01
   5.8095100e+05   2.1423340e+01
   5.8115600e+05   2.0446777e+01
   5.8128400e+05   2.2766113e+01
   5.8671300e+05   2.8991699e+01
   5.8679100e+05   4.1076660e+01
   5.8697700e+05   4.7180176e+01
   5.8704300e+05   3.4057617e+01
   5.8716700e+05   2.0385742e+01
   5.8729600e+05   1.9592285e+01
   5.9233700e+05   2.0751953e+01
   5.9245300e+05   4.7119141e+01
   5.9257000e+05   1.9653320e+01
   5.9281000e+05   2.5390625e+01
   5.9289000e+05   1.9592285e+01
   5.9308800e+05   2.0812988e+01
   5.9343400e+05   2.3315430e+01
   5.9820000e+05   2.3254395e+01
   5.9838100e+05   4.8706055e+01
   5.9839200e+05   3.1433105e+01
   5.9846000e+05   2.0446777e+01
   5.9852200e+05   2.0629883e+01
   5.9862000e+05   4.4982910e+01
   5.9870300e+05   2.9724121e+01
   6.0426200e+05   2.0385742e+01
   6.0448200e+05   5.3771973e+01
   6.0451300e+05   3.4667969e+01
   6.0457800e+05   2.7160645e+01
   6.0462500e+05   2.1118164e+01
   6.0470100e+05   4.4311523e+01
   6.0500600e+05   3.5644531e+01
   6.0508100e+05   1.9836426e+01
   6.1269900e+05   1.9897461e+01
   6.1281700e+05   4.2053223e+01
   6.1285000e+05   5.4077148e+01
   6.1293900e+05   2.2277832e+01
   6.1297600e+05   5.5297852e+01
   6.1302700e+05   3.5461426e+01
   6.1304300e+05   1.9836426e+01
   6.1307300e+05   2.2338867e+01
   6.1314500e+05   4.5715332e+01
   6.1323700e+05   3.0334473e+01
   6.1326100e+05   2.1728516e+01
   6.1331700e+05   4.5593262e+01
   6.1347700e+05   3.2958984e+01
   6.1389100e+05   2.1484375e+01
   6.2071600e+05   2.3742676e+01
   6.2086300e+05   2.4719238e+01
   6.2094900e+05   4.1748047e+01
   6.2107900e+05   2.8381348e+01
   6.2118900e+05   4.0222168e+01
   6.2135900e+05   3.2714844e+01
   6.2154600e+05   2.0690918e+01
   6.2172500e+05   2.0446777e+01
   6.2779200e+05   2.2827148e+01
   6.2794100e+05   2.9418945e+01
   6.2798000e+05   3.1677246e+01
   6.2799800e+05   2.0507812e+01
   6.2804200e+05   2.9113770e+01
   6.2808800e+05   2.0446777e+01
   6.2820900e+05   2.2766113e+01
   6.2822000e+05   5.0903320e+01
   6.3336700e+05   2.1606445e+01
   6.3354700e+05   3.1555176e+01
   6.3380700e+05   2.6977539e+01
   6.4085600e+05   2.1789551e+01
   6.4090300e+05   3.0334473e+01
   6.4102200e+05   2.0812988e+01
   6.4107400e+05   4.7302246e+01
   6.4108400e+05   1.9714355e+01
   6.4111900e+05   3.2653809e+01
   6.4126100e+05   4.3884277e+01
   6.4135100e+05   2.2460937e+01
   6.4145200e+05   4.5593262e+01
   6.4159900e+05   3.0517578e+01
   6.4162900e+05   4.1076660e+01
   6.4176400e+05   2.0568848e+01
   6.4222300e+05   2.1545410e+01
   6.4886000e+05   2.5878906e+01
   6.4892800e+05   2.8320312e+01
   6.4898400e+05   2.1118164e+01
   6.4899800e+05   2.3315430e+01
   6.4902500e+05   5.3649902e+01
   6.4905400e+05   2.0690918e+01
   6.4922500e+05   3.7841797e+01
   6.4927500e+05   2.5146484e+01
   6.4941700e+05   2.2155762e+01
   6.4950800e+05   3.5949707e+01
   6.4957000e+05   2.1545410e+01
   6.5032000e+05   2.5146484e+01
   6.5633400e+05   1.9897461e+01
   6.5643900e+05   2.4536133e+01
   6.5654200e+05   3.5400391e+01
   6.5655900e+05   4.6264648e+01
   6.5663600e+05   2.1179199e+01
   6.5672600e+05   4.8889160e+01
   6.5681000e+05   3.8696289e+01
   6.5726000e+05   2.1301270e+01
   6.5732900e+05   2.0324707e+01
   6.6228400e+05   2.0751953e+01
   6.6246100e+05   3.7963867e+01
   6.6277000e+05   3.7719727e+01
   6.6825100e+05   2.1301270e+01
   6.6831800e+05   3.1250000e+01
   6.6877900e+05   2.0446777e+01
   6.7508600e+05   2.5085449e+01
   6.7520300e+05   2.5024414e+01
   6.7525500e+05   3.0273437e+01
   6.7534700e+05   5.3222656e+01
   6.7538400e+05   2.1179199e+01
   6.7551900e+05   3.0639648e+01
   6.7563600e+05   2.0935059e+01
   6.7590500e+05   1.9653320e+01
   6.8420800e+05   6.4453125e+01
   6.8427000e+05   2.3071289e+01
   6.8432700e+05   2.5634766e+01
   6.8436200e+05   2.0141602e+01
   6.8438500e+05   4.8400879e+01
   6.8442900e+05   3.1677246e+01
   6.8449200e+05   2.2766113e+01
   6.8465200e+05   3.6560059e+01
   6.8534200e+05   2.1362305e+01
   6.9248100e+05   2.6916504e+01
   6.9257000e+05   2.6000977e+01
   6.9262000e+05   3.7780762e+01
   6.9265500e+05   4.7424316e+01
   6.9279000e+05   2.0935059e+01
   6.9280000e+05   3.2653809e+01
   6.9282000e+05   2.1728516e+01
   6.9289800e+05   5.1147461e+01
   6.9304400e+05   3.0578613e+01
   6.9319700e+05   2.8625488e+01
   7.0052600e+05   2.4230957e+01
   7.0073700e+05   5.5053711e+01
   7.0086000e+05   2.0812988e+01
   7.0092100e+05   4.9316406e+01
   7.0096900e+05   2.9541016e+01
   7.0144400e+05   2.5146484e+01
   7.0205400e+05   2.2460938e+01
   7.1004800e+05   1.9836426e+01
   7.1013100e+05   2.5939941e+01
   7.1015400e+05   3.0334473e+01
   7.1016500e+05   2.7587891e+01
   7.1019700e+05   4.9255371e+01
   7.1021900e+05   2.1911621e+01
   7.1031500e+05   2.7893066e+01
   7.1038400e+05   5.3527832e+01
   7.1048800e+05   2.8015137e+01
   7.1049900e+05   2.3925781e+01
   7.1054900e+05   5.3222656e+01
   7.1070800e+05   3.0395508e+01
   7.1079300e+05   1.9836426e+01
   7.2072700e+05   3.0578613e+01
   7.2087800e+05   2.0690918e+01
   7.2091600e+05   5.6274414e+01
   7.2093600e+05   1.9592285e+01
   7.2098600e+05   2.0507812e+01
   7.2106200e+05   3.0639648e+01
   7.2108400e+05   4.8522949e+01
   7.2110300e+05   3.0090332e+01
   7.2126500e+05   4.6447754e+01
   7.2129000e+05   2.1606445e+01
   7.2136600e+05   3.2836914e+01
   7.2142900e+05   2.7648926e+01
   7.2144000e+05   5.1879883e+01
   7.2162300e+05   1.9775391e+01
   7.2186100e+05   2.1423340e+01
   7.2869100e+05   2.3376465e+01
   7.2882100e+05   2.3925781e+01
   7.2883600e+05   2.0507812e+01
   7.2887200e+05   3.3935547e+01
   7.2896900e+05   2.3620605e+01
   7.2904000e+05   4.4616699e+01
   7.2913200e+05   2.7160645e+01
   7.2943600e+05   2.8442383e+01
   7.2950700e+05   2.0812988e+01
   7.3662900e+05   2.2766113e+01
   7.3680400e+05   2.4475098e+01
   7.3684200e+05   2.6428223e+01
   7.3688200e+05   6.3293457e+01
   7.3691500e+05   2.6855469e+01
   7.3708600e+05   3.1311035e+01
   7.3710200e+05   5.5664062e+01
   7.4435100e+05   2.2521973e+01
   7.4450500e+05   3.0029297e+01
   7.4457200e+05   2.8503418e+01
   7.4470000e+05   4.5654297e+01
   7.4480200e+05   2.5390625e+01
   7.4485000e+05   4.1748047e+01
   7.4490000e+05   2.1728516e+01
   7.4522300e+05   2.0568848e+01
   7.5508600e+05   2.4230957e+01
   7.5521600e+05   3.2775879e+01
   7.5534600e+05   5.3344727e+01
   7.5537500e+05   1.9958496e+01
   7.5543000e+05   2.1240234e+01
   7.5544700e+05   2.8076172e+01
   7.5552800e+05   4.6936035e+01
   7.5563400e+05   2.0996094e+01
   7.5569800e+05   4.9682617e+01
   7.5571200e+05   2.2888184e+01
   7.5589500e+05   2.2155762e+01
   7.5635800e+05   2.0935059e+01
   7.6724600e+05   2.6672363e+01
   7.6736000e+05   2.2033691e+01
   7.6740100e+05   3.5766602e+01
   7.6750200e+05   5.2612305e+01
   7.6757100e+05   1.9592285e+01
   7.6759000e+05   3.0517578e+01
   7.6765800e+05   5.7373047e+01
   7.6777700e+05   2.8076172e+01
   7.6779500e+05   4.8583984e+01
   7.6795200e+05   4.3884277e+01
   7.6809700e+05   2.3803711e+01
   7.7885900e+05   2.0263672e+01
   7.7902100e+05   2.0874023e+01
   7.7904800e+05   3.6376953e+01
   7.7912000e+05   5.2978516e+01
   7.7920900e+05   2.3010254e+01
   7.7925200e+05   6.6894531e+01
   7.7929700e+05   2.2766113e+01
   7.7942700e+05   2.6733398e+01
   7.7945800e+05   4.8645020e+01
   7.7947400e+05   3.6682129e+01
   7.7959100e+05   1.9592285e+01
   7.7972400e+05   2.0446777e+01
   7.7978800e+05   3.4423828e+01
   7.8976900e+05   2.5085449e+01
   7.8988000e+05   2.0935059e+01
   7.8989200e+05   2.7770996e+01
   7.9002900e+05   2.1850586e+01
   7.9004100e+05   2.9846191e+01
   7.9006900e+05   2.4841309e+01
   7.9008700e+05   4.9377441e+01
   7.9015000e+05   2.1118164e+01
   7.9025600e+05   2.8015137e+01
   7.9027200e+05   4.6569824e+01
   7.9039000e+05   2.6306152e+01
   7.9043800e+05   2.9541016e+01
   7.9047700e+05   4.6691895e+01
   7.9053000e+05   2.0812988e+01
   8.0257500e+05   2.3803711e+01
   8.0274600e+05   2.9052734e+01
   8.0278100e+05   5.2001953e+01
   8.0283500e+05   2.1179199e+01
   8.0288500e+05   2.4353027e+01
   8.0292200e+05   6.3049316e+01
   8.0298200e+05   3.8085938e+01
   8.0308500e+05   4.6508789e+01
   8.0311800e+05   1.9897461e+01
   8.0315300e+05   3.4667969e+01
   8.0330000e+05   5.0231934e+01
   8.0349500e+05   2.0996094e+01
   8.0357500e+05   2.3132324e+01
   8.1778400e+05   2.2521973e+01
   8.1793300e+05   2.9907227e+01
   8.1802100e+05   5.0720215e+01
   8.1803400e+05   2.6123047e+01
   8.1807900e+05   2.4353027e+01
   8.1811500e+05   3.1982422e+01
   8.1815100e+05   4.6630859e+01
   8.1826100e+05   2.0202637e+01
   8.1829500e+05   4.7729492e+01
   8.1832100e+05   3.0273437e+01
   8.1844300e+05   5.1635742e+01
   8.1849400e+05   3.1188965e+01
   8.1859800e+05   2.6428223e+01
   8.1864200e+05   4.0893555e+01
   8.1865700e+05   2.6000977e+01
   8.1885400e+05   2.1545410e+01
   8.1888100e+05   4.7363281e+01
   9.8946600e+05   5.7678223e+01
   1.0824990e+06   4.5288086e+01
   1.1466400e+06   1.9653320e+01
   1.3346040e+06   2.3132324e+01
   1.3353100e+06   2.1179199e+01
   1.3418030e+06   2.1240234e+01
   1.3419720e+06   2.7709961e+01
   1.5490850e+06   1.9836426e+01
   2.3376530e+06   1.9592285e+01
   2.3527470e+06   4.6630859e+01
   2.4411130e+06   3.1555176e+01
   2.6118390e+06   3.1494141e+01
   2.6756100e+06   2.0690918e+01
