   3.0000000e+06   0.0000000e+00
   1.1370200e+05   2.0446777e+01
   3.9219500e+05   2.5634766e+01
   3.9221700e+05   2.3803711e+01
   3.9223800e+05   3.1982422e+01
   3.9225900e+05   2.1362305e+01
   3.9231000e+05   2.1606445e+01
   3.9233200e+05   3.7597656e+01
   3.9249600e+05   2.2888184e+01
   3.9411100e+05   2.0446777e+01
   3.9469200e+05   2.7282715e+01
   3.9497000e+05   2.2521973e+01
   3.9513000e+05   2.2583008e+01
   3.9521400e+05   2.8686523e+01
   3.9540600e+05   2.0935059e+01
   3.9548500e+05   2.2705078e+01
   4.3539400e+05   2.1118164e+01
   4.3568500e+05   2.4169922e+01
   4.3581300e+05   2.1240234e+01
   4.3585700e+05   2.3193359e+01
   4.3590400e+05   2.3132324e+01
   4.3592100e+05   2.7526855e+01
   4.3593300e+05   2.9357910e+01
   4.3601000e+05   2.3681641e+01
   4.3604200e+05   2.4291992e+01
   4.3606300e+05   2.5634766e+01
   4.3613000e+05   2.4291992e+01
   4.3618200e+05   2.1789551e+01
   4.3628900e+05   2.0812988e+01
   4.3695100e+05   2.0568848e+01
   4.3757800e+05   2.1179199e+01
   4.3914200e+05   2.1789551e+01
   4.3926300e+05   2.5451660e+01
   4.3937500e+05   2.0568848e+01
   4.3989400e+05   2.0385742e+01
   4.4002200e+05   2.2521973e+01
   5.0890200e+05   2.6428223e+01
   5.0900300e+05   2.0996094e+01
   5.0918700e+05   2.0996094e+01
   5.0936100e+05   2.1118164e+01
   5.6251000e+05   2.1118164e+01
   6.2108500e+05   2.0874023e+01
   6.7536600e+05   2.0507812e+01
   7.4475100e+05   2.0690918e+01
   7.6752800e+05   2.0568848e+01
