   3.0000000e+06   0.0000000e+00
   1.1630000e+03   2.4658203e+01
   1.8050000e+03   2.0385742e+01
   9.5090000e+03   2.2033691e+01
   1.3789000e+04   2.1057129e+01
   1.5499000e+04   2.1362305e+01
   1.6571000e+04   2.0324707e+01
   2.7485000e+04   2.0141602e+01
   3.2835000e+04   2.1057129e+01
   3.3903000e+04   2.2216797e+01
   3.5403000e+04   2.0141602e+01
   4.8029000e+04   2.0996094e+01
   5.0169000e+04   2.2460938e+01
   5.1453000e+04   2.0080566e+01
   5.4449000e+04   2.0812988e+01
   5.8085000e+04   2.2399902e+01
   6.1295000e+04   2.0996094e+01
   6.4507000e+04   2.0874023e+01
   7.1783000e+04   2.0446777e+01
   7.3281000e+04   2.3376465e+01
   7.4993000e+04   2.0080566e+01
   7.5635000e+04   2.1179199e+01
   7.7559000e+04   2.0324707e+01
   7.9273000e+04   2.0385742e+01
   8.8689000e+04   2.0202637e+01
   8.9545000e+04   2.0324707e+01
   9.0401000e+04   2.0019531e+01
   9.7891000e+04   2.0751953e+01
   1.0088700e+05   2.0507812e+01
   1.0131500e+05   2.0385742e+01
   1.0195700e+05   2.0629883e+01
   1.0580900e+05   2.1057129e+01
   1.1073100e+05   2.0263672e+01
   3.9211500e+05   2.0019531e+01
   3.9221200e+05   2.4780273e+01
   3.9225300e+05   2.0507812e+01
   3.9231600e+05   2.2399902e+01
   3.9243900e+05   2.0690918e+01
   3.9250500e+05   2.0141602e+01
   3.9336000e+05   2.4780273e+01
   3.9359600e+05   2.3925781e+01
   4.3589000e+05   2.1545410e+01
   4.3591800e+05   2.1850586e+01
   4.3602500e+05   2.1423340e+01
   4.3615500e+05   2.4536133e+01
   4.3704000e+05   2.0874023e+01
