   3.0000000e+06   0.0000000e+00
   2.6244600e+05   3.4179688e+01
   3.4217100e+05   2.3681641e+01
   3.8687700e+05   2.5634766e+01
   3.9195000e+05   2.5878906e+01
   3.9203200e+05   2.8930664e+01
   3.9207300e+05   2.5634766e+01
   3.9210100e+05   2.9907227e+01
   3.9211700e+05   4.5837402e+01
   3.9214100e+05   2.5573730e+01
   3.9215300e+05   1.0559082e+02
   3.9217000e+05   4.4799805e+01
   3.9220800e+05   1.1511230e+02
   3.9221900e+05   4.3090820e+01
   3.9223300e+05   2.5329590e+01
   3.9224900e+05   3.5827637e+01
   3.9226900e+05   3.7780762e+01
   3.9228900e+05   3.0029297e+01
   3.9230200e+05   2.7099609e+01
   3.9231300e+05   2.7221680e+01
   3.9232300e+05   3.2714844e+01
   3.9236100e+05   3.0395508e+01
   3.9237900e+05   3.0090332e+01
   3.9242200e+05   2.5695801e+01
   3.9244900e+05   3.7109375e+01
   3.9250000e+05   3.0273438e+01
   3.9260500e+05   2.4047852e+01
   3.9262300e+05   2.4353027e+01
   3.9282500e+05   2.6489258e+01
   3.9285700e+05   2.4902344e+01
   3.9290000e+05   2.8686523e+01
   3.9291100e+05   2.6794434e+01
   3.9294300e+05   2.6977539e+01
   3.9299700e+05   2.4658203e+01
   3.9306200e+05   2.9113770e+01
   3.9307700e+05   2.8564453e+01
   3.9310200e+05   2.5268555e+01
   3.9314800e+05   2.3986816e+01
   3.9319600e+05   2.6489258e+01
   3.9325500e+05   2.5634766e+01
   3.9327400e+05   2.8137207e+01
   3.9328700e+05   3.3996582e+01
   3.9333100e+05   2.7404785e+01
   3.9337400e+05   2.7404785e+01
   3.9340800e+05   2.9113770e+01
   3.9343700e+05   2.7160645e+01
   3.9350600e+05   2.8442383e+01
   3.9353600e+05   2.4963379e+01
   3.9357400e+05   2.5085449e+01
   3.9366300e+05   3.1677246e+01
   3.9370900e+05   2.4841309e+01
   3.9372900e+05   3.2165527e+01
   3.9377700e+05   2.3742676e+01
   3.9397500e+05   2.3437500e+01
   3.9404200e+05   2.7526855e+01
   3.9406700e+05   3.5400391e+01
   3.9411000e+05   2.6733398e+01
   3.9426100e+05   2.5512695e+01
   3.9429300e+05   3.0273437e+01
   3.9435200e+05   2.5939941e+01
   3.9436500e+05   2.7770996e+01
   3.9438900e+05   3.2958984e+01
   3.9442800e+05   2.4414062e+01
   3.9445700e+05   2.5817871e+01
   3.9448600e+05   3.7231445e+01
   3.9452100e+05   2.7404785e+01
   3.9453900e+05   2.6367188e+01
   3.9458800e+05   4.7485352e+01
   3.9461100e+05   2.5512695e+01
   3.9468800e+05   2.4291992e+01
   3.9471300e+05   2.4414062e+01
   3.9472400e+05   4.3640137e+01
   3.9476100e+05   3.2104492e+01
   3.9483400e+05   2.4047852e+01
   3.9487600e+05   6.3049316e+01
   3.9497400e+05   3.9306641e+01
   3.9504000e+05   3.1555176e+01
   3.9511900e+05   2.6428223e+01
   3.9520300e+05   2.6977539e+01
   3.9536500e+05   2.3742676e+01
   3.9563200e+05   3.4362793e+01
   3.9588800e+05   3.3508301e+01
   3.9601700e+05   2.4841309e+01
   3.9611700e+05   2.3559570e+01
   3.9625500e+05   2.3986816e+01
   3.9664600e+05   2.9418945e+01
   3.9675500e+05   2.5817871e+01
   3.9728500e+05   3.2653809e+01
   3.9744300e+05   2.9357910e+01
   3.9751900e+05   2.5024414e+01
   3.9769800e+05   2.6733398e+01
   3.9794600e+05   2.9907227e+01
   3.9813800e+05   2.4414062e+01
   3.9849800e+05   3.1188965e+01
   3.9919700e+05   2.6794434e+01
   3.9948600e+05   3.3691406e+01
   3.9961900e+05   3.7170410e+01
   3.9967400e+05   2.4719238e+01
   4.0035000e+05   2.8320312e+01
   4.0069000e+05   3.1921387e+01
   4.0107700e+05   2.4169922e+01
   4.0113000e+05   3.0578613e+01
   4.0145500e+05   2.4902344e+01
   4.0147700e+05   3.4851074e+01
   4.0155300e+05   2.6184082e+01
   4.0159800e+05   2.6977539e+01
   4.0161000e+05   2.7893066e+01
   4.0195300e+05   2.5146484e+01
   4.0235700e+05   3.1982422e+01
   4.0260100e+05   2.9663086e+01
   4.0285800e+05   2.4047852e+01
   4.0290000e+05   3.1005859e+01
   4.0368700e+05   3.2531738e+01
   4.0399300e+05   2.7770996e+01
   4.0414000e+05   2.3925781e+01
   4.0435500e+05   2.3559570e+01
   4.0439600e+05   4.0039063e+01
   4.0459200e+05   3.2104492e+01
   4.0509500e+05   3.6071777e+01
   4.0526000e+05   2.7038574e+01
   4.0627200e+05   3.2897949e+01
   4.0645200e+05   2.4353027e+01
   4.0685200e+05   3.0517578e+01
   4.0799000e+05   2.7038574e+01
   4.0830000e+05   2.3559570e+01
   4.0840400e+05   3.3874512e+01
   4.0858600e+05   2.3559570e+01
   4.0996100e+05   2.7160645e+01
   4.1066000e+05   3.3996582e+01
   4.1080200e+05   2.4658203e+01
   4.1095700e+05   2.6489258e+01
   4.1117500e+05   3.1738281e+01
   4.1136400e+05   2.3620605e+01
   4.1187100e+05   3.6376953e+01
   4.1402400e+05   2.5146484e+01
   4.1467100e+05   3.9367676e+01
   4.1593800e+05   2.3986816e+01
   4.1683900e+05   2.6672363e+01
   4.1786100e+05   3.4729004e+01
   4.1903900e+05   2.4780273e+01
   4.1936200e+05   2.4353027e+01
   4.1949100e+05   2.4963379e+01
   4.2208500e+05   2.3559570e+01
   4.2260100e+05   2.4291992e+01
   4.2332600e+05   2.9296875e+01
   4.2513200e+05   2.4597168e+01
   4.2546300e+05   2.5817871e+01
   4.2740400e+05   2.4169922e+01
   4.2886900e+05   2.3803711e+01
   4.2949500e+05   2.5085449e+01
   4.3282500e+05   2.6306152e+01
   4.3391000e+05   2.4414062e+01
   4.3473800e+05   2.4475098e+01
   4.3503600e+05   2.8015137e+01
   4.3527100e+05   2.3803711e+01
   4.3530500e+05   3.5400391e+01
   4.3541100e+05   2.3498535e+01
   4.3542900e+05   2.8137207e+01
   4.3546500e+05   4.9194336e+01
   4.3554100e+05   2.6550293e+01
   4.3557800e+05   2.7343750e+01
   4.3561000e+05   3.8574219e+01
   4.3564000e+05   2.9846191e+01
   4.3565100e+05   7.5439453e+01
   4.3570100e+05   3.0578613e+01
   4.3571800e+05   5.0903320e+01
   4.3575500e+05   3.8146973e+01
   4.3579300e+05   6.0729980e+01
   4.3581300e+05   3.7963867e+01
   4.3582800e+05   8.1542969e+01
   4.3586100e+05   3.9489746e+01
   4.3588900e+05   2.6123047e+01
   4.3590800e+05   2.9541016e+01
   4.3592800e+05   5.1696777e+01
   4.3593900e+05   4.8645020e+01
   4.3596800e+05   4.3212891e+01
   4.3599900e+05   7.7453613e+01
   4.3602700e+05   4.2297363e+01
   4.3605700e+05   2.6977539e+01
   4.3609400e+05   3.2592773e+01
   4.3612800e+05   4.3518066e+01
   4.3615700e+05   3.3447266e+01
   4.3617600e+05   3.3996582e+01
   4.3619300e+05   3.6071777e+01
   4.3622900e+05   2.5756836e+01
   4.3624800e+05   3.0578613e+01
   4.3627500e+05   2.9663086e+01
   4.3634100e+05   3.2104492e+01
   4.3639300e+05   2.9357910e+01
   4.3647300e+05   2.5085449e+01
   4.3648600e+05   2.8442383e+01
   4.3651800e+05   2.4963379e+01
   4.3654400e+05   2.3498535e+01
   4.3664100e+05   2.9357910e+01
   4.3670700e+05   3.6926270e+01
   4.3673300e+05   2.4780273e+01
   4.3674600e+05   2.4047852e+01
   4.3681700e+05   2.5756836e+01
   4.3696000e+05   3.5827637e+01
   4.3700300e+05   3.1005859e+01
   4.3703300e+05   2.5573730e+01
   4.3705600e+05   3.6499023e+01
   4.3707600e+05   2.7404785e+01
   4.3710400e+05   2.4536133e+01
   4.3714400e+05   2.5817871e+01
   4.3717500e+05   2.7160645e+01
   4.3725500e+05   2.5634766e+01
   4.3730800e+05   2.7526855e+01
   4.3737600e+05   2.5817871e+01
   4.3739800e+05   2.5207520e+01
   4.3742300e+05   2.7038574e+01
   4.3745000e+05   2.4963379e+01
   4.3749000e+05   2.4169922e+01
   4.3751200e+05   2.6672363e+01
   4.3754200e+05   3.4362793e+01
   4.3755300e+05   3.5034180e+01
   4.3757900e+05   2.4230957e+01
   4.3761600e+05   3.4912109e+01
   4.3769400e+05   2.6916504e+01
   4.3773400e+05   4.5837402e+01
   4.3774500e+05   3.6926270e+01
   4.3779100e+05   2.4414062e+01
   4.3781200e+05   3.2897949e+01
   4.3784300e+05   4.4067383e+01
   4.3789200e+05   2.6550293e+01
   4.3792000e+05   2.3559570e+01
   4.3795900e+05   5.4321289e+01
   4.3803900e+05   2.5878906e+01
   4.3808700e+05   2.3925781e+01
   4.3810100e+05   4.3334961e+01
   4.3815100e+05   2.4902344e+01
   4.3824500e+05   2.4353027e+01
   4.3828100e+05   4.9499512e+01
   4.3830100e+05   2.5146484e+01
   4.3831300e+05   3.2043457e+01
   4.3834600e+05   2.4475098e+01
   4.3845000e+05   3.2897949e+01
   4.3847300e+05   2.5939941e+01
   4.3864100e+05   2.7099609e+01
   4.3866400e+05   2.8686523e+01
   4.3874500e+05   3.9489746e+01
   4.3886400e+05   3.3691406e+01
   4.3899400e+05   2.8625488e+01
   4.4016600e+05   2.3437500e+01
   4.4074300e+05   2.3437500e+01
   4.4231400e+05   2.6000977e+01
   4.4266700e+05   2.8442383e+01
   4.4355200e+05   3.5583496e+01
   4.4431800e+05   3.4912109e+01
   4.4450000e+05   2.7954102e+01
   4.4588800e+05   2.9052734e+01
   4.4789100e+05   2.6611328e+01
   4.4817100e+05   2.4902344e+01
   4.4828300e+05   2.5146484e+01
   4.4861500e+05   3.0456543e+01
   4.5086700e+05   2.5939941e+01
   4.5099300e+05   2.7648926e+01
   4.5103500e+05   2.3620605e+01
   4.5136700e+05   2.9968262e+01
   4.5257300e+05   2.8076172e+01
   4.5419900e+05   2.4963379e+01
   4.5624200e+05   3.0334473e+01
   4.5633900e+05   2.5085449e+01
   4.5730700e+05   2.5939941e+01
   4.5747800e+05   2.4475098e+01
   4.5910100e+05   2.6733398e+01
   4.6116100e+05   2.5756836e+01
   4.6177000e+05   3.0944824e+01
   4.6520500e+05   2.3803711e+01
   4.6628500e+05   2.4841309e+01
   4.7292200e+05   2.3437500e+01
   4.7354600e+05   2.4658203e+01
   4.7397000e+05   2.6977539e+01
   4.7591800e+05   2.3437500e+01
   4.7759800e+05   3.7963867e+01
   4.7780400e+05   3.7353516e+01
   4.7783300e+05   2.4169922e+01
   4.7796100e+05   2.4780273e+01
   4.7820300e+05   5.9143066e+01
   4.7847500e+05   3.9672852e+01
   4.7860400e+05   2.6245117e+01
   4.7874800e+05   2.5451660e+01
   4.7912000e+05   2.6550293e+01
   4.8000100e+05   2.3437500e+01
   4.8198400e+05   2.7160645e+01
   4.8391300e+05   2.3559570e+01
   4.8720800e+05   2.3864746e+01
   4.8851400e+05   2.4230957e+01
   4.9024400e+05   2.4230957e+01
   4.9163900e+05   2.3437500e+01
   4.9713800e+05   2.6000977e+01
   4.9724800e+05   2.6916504e+01
   5.0194000e+05   3.7841797e+01
   5.0378100e+05   2.4108887e+01
   5.0561600e+05   2.4169922e+01
   5.0816100e+05   2.4353027e+01
   5.0820000e+05   3.0883789e+01
   5.0828500e+05   3.7658691e+01
   5.0830300e+05   2.7587891e+01
   5.0843000e+05   4.0710449e+01
   5.0854700e+05   3.9855957e+01
   5.0861300e+05   7.5622559e+01
   5.0863000e+05   2.6550293e+01
   5.0864600e+05   2.9113770e+01
   5.0874200e+05   3.3325195e+01
   5.0876000e+05   2.7099609e+01
   5.0885000e+05   2.6855469e+01
   5.0886200e+05   2.8686523e+01
   5.0900700e+05   6.2194824e+01
   5.0903200e+05   6.4392090e+01
   5.0906600e+05   2.8991699e+01
   5.0913400e+05   3.8757324e+01
   5.0917700e+05   2.3864746e+01
   5.0920500e+05   8.4411621e+01
   5.0922400e+05   2.6062012e+01
   5.0924400e+05   3.0944824e+01
   5.0929800e+05   4.2846680e+01
   5.0933200e+05   3.6560059e+01
   5.0936100e+05   3.8391113e+01
   5.0937500e+05   7.2387695e+01
   5.0942800e+05   2.6306152e+01
   5.0947200e+05   3.1494141e+01
   5.0951600e+05   2.5085449e+01
   5.0954700e+05   7.2570801e+01
   5.0957800e+05   4.3090820e+01
   5.0973100e+05   5.8166504e+01
   5.0978300e+05   3.2409668e+01
   5.0998100e+05   6.9946289e+01
   5.1759500e+05   2.3620605e+01
   5.1950800e+05   2.3742676e+01
   5.1974000e+05   3.5339355e+01
   5.2393500e+05   2.3925781e+01
   5.2434900e+05   2.4291992e+01
   5.2793700e+05   2.8686523e+01
   5.2798400e+05   2.6062012e+01
   5.2808600e+05   2.9113770e+01
   5.2820700e+05   2.3864746e+01
   5.2835100e+05   2.3986816e+01
   5.3312400e+05   2.4353027e+01
   5.3322000e+05   2.4475098e+01
   5.3402900e+05   2.5024414e+01
   5.3860700e+05   2.3498535e+01
   5.3865300e+05   2.4047852e+01
   5.3880500e+05   2.7954102e+01
   5.3909400e+05   2.4902344e+01
   5.4194100e+05   2.7648926e+01
   5.4717500e+05   2.5695801e+01
   5.5276200e+05   2.3986816e+01
   5.5345300e+05   2.7648926e+01
   5.5625100e+05   2.3620605e+01
   5.5734900e+05   2.4841309e+01
   5.6190700e+05   2.3620605e+01
   5.6214000e+05   2.5390625e+01
   5.6234700e+05   2.8259277e+01
   5.6275700e+05   2.3986816e+01
   5.6829700e+05   3.3935547e+01
   5.6838700e+05   2.4902344e+01
   5.6858300e+05   2.3864746e+01
   5.6942100e+05   2.3803711e+01
   5.7448400e+05   2.4169922e+01
   5.7480000e+05   2.6000977e+01
   5.7532900e+05   2.4169922e+01
   5.8060400e+05   2.3681641e+01
   5.8299100e+05   2.3498535e+01
   5.8672700e+05   2.4963379e+01
   5.8700000e+05   2.4719238e+01
   5.8708300e+05   2.9479980e+01
   5.8739900e+05   2.5329590e+01
   5.9300000e+05   2.3620605e+01
   5.9828200e+05   2.7221680e+01
   5.9834600e+05   3.2531738e+01
   5.9838100e+05   2.3925781e+01
   5.9849900e+05   2.8930664e+01
   5.9861000e+05   2.6123047e+01
   5.9968100e+05   2.4169922e+01
   6.0207400e+05   2.6062012e+01
   6.0432000e+05   2.3925781e+01
   6.0439700e+05   2.3437500e+01
   6.0502800e+05   2.6550293e+01
   6.1267100e+05   2.5390625e+01
   6.1293900e+05   4.1381836e+01
   6.1349600e+05   2.3986816e+01
   6.1362100e+05   2.9479980e+01
   6.2092600e+05   2.6977539e+01
   6.2118800e+05   2.5817871e+01
   6.2122800e+05   2.3864746e+01
   6.2437500e+05   2.7221680e+01
   6.2793800e+05   2.7526855e+01
   6.2808100e+05   2.4963379e+01
   6.3355500e+05   2.7954102e+01
   6.3365500e+05   2.4780273e+01
   6.4084800e+05   2.8686523e+01
   6.4086900e+05   2.3742676e+01
   6.4099400e+05   2.5207520e+01
   6.4109300e+05   3.0212402e+01
   6.4113400e+05   2.4414062e+01
   6.4123000e+05   2.9052734e+01
   6.4901700e+05   2.6123047e+01
   6.4908800e+05   2.4841309e+01
   6.4910400e+05   2.5329590e+01
   6.4945300e+05   2.7832031e+01
   6.5261600e+05   2.3620605e+01
   6.5655600e+05   2.5390625e+01
   6.5738800e+05   2.4658203e+01
   6.6266100e+05   2.7648926e+01
   6.6284200e+05   2.4230957e+01
   6.6817300e+05   2.4536133e+01
   6.6853200e+05   2.5024414e+01
   6.6890800e+05   2.4047852e+01
   6.6945700e+05   2.4841309e+01
   6.7518400e+05   3.4057617e+01
   6.7544300e+05   2.6245117e+01
   6.7584900e+05   2.9174805e+01
   6.7641700e+05   2.3437500e+01
   6.8426300e+05   2.8137207e+01
   6.8432200e+05   2.4780273e+01
   6.8444600e+05   2.7709961e+01
   6.8452700e+05   2.3925781e+01
   6.9269800e+05   2.7343750e+01
   6.9281900e+05   2.5634766e+01
   6.9360400e+05   2.3803711e+01
   7.0065400e+05   2.3986816e+01
   7.0078700e+05   2.4841309e+01
   7.0826000e+05   2.5634766e+01
   7.1013000e+05   2.8076172e+01
   7.1030100e+05   3.3508301e+01
   7.1082200e+05   2.3437500e+01
   7.2091600e+05   2.5024414e+01
   7.2094900e+05   2.5268555e+01
   7.2112600e+05   2.5695801e+01
   7.2124500e+05   2.3437500e+01
   7.2877300e+05   2.4780273e+01
   7.2892300e+05   2.3437500e+01
   7.2901300e+05   2.3864746e+01
   7.2909800e+05   2.6123047e+01
   7.3603800e+05   2.6367188e+01
   7.3681600e+05   3.3569336e+01
   7.3711400e+05   2.4108887e+01
   7.5530900e+05   2.8137207e+01
   7.5544800e+05   3.2043457e+01
   7.5563400e+05   2.3925781e+01
   7.6732000e+05   2.3681641e+01
   7.6746500e+05   2.5085449e+01
   7.6752900e+05   2.7221680e+01
   7.6758000e+05   2.5146484e+01
   7.6780400e+05   2.3437500e+01
   7.6783500e+05   2.4291992e+01
   7.6829400e+05   2.5695801e+01
   7.7909300e+05   2.4230957e+01
   7.7923300e+05   2.4108887e+01
   7.7929100e+05   2.4963379e+01
   7.7937500e+05   2.5329590e+01
   7.7951000e+05   2.4658203e+01
   7.7955700e+05   2.6611328e+01
   7.7962600e+05   2.4475098e+01
   7.8000200e+05   2.5817871e+01
   7.8989100e+05   2.3681641e+01
   7.9026200e+05   2.4230957e+01
   7.9028600e+05   2.7160645e+01
   7.9063500e+05   2.4719238e+01
   7.9094000e+05   2.6794434e+01
   7.9108000e+05   2.6550293e+01
   8.0259300e+05   2.4230957e+01
   8.0262200e+05   3.0639648e+01
   8.0284600e+05   2.7282715e+01
   8.0286200e+05   2.9968262e+01
   8.0297200e+05   3.7414551e+01
   8.0301200e+05   2.9663086e+01
   8.0311900e+05   2.6245117e+01
   8.1131100e+05   2.4475098e+01
   8.1776700e+05   2.4719238e+01
   8.1784500e+05   2.4169922e+01
   8.1804200e+05   2.6428223e+01
   8.1813900e+05   3.1066895e+01
   8.1830200e+05   2.5268555e+01
   8.1835700e+05   3.0578613e+01
   8.1841900e+05   2.4108887e+01
   8.2014300e+05   2.5024414e+01
   8.4525000e+05   2.3437500e+01
   8.9104200e+05   2.4108887e+01
   1.0516750e+06   2.5390625e+01
   1.1390800e+06   2.4108887e+01
   1.1521100e+06   2.3681641e+01
   1.3252390e+06   2.4291992e+01
   1.4099570e+06   2.8320312e+01
   1.4397190e+06   2.3742676e+01
   1.7597200e+06   2.4536133e+01
   1.9371290e+06   2.3498535e+01
   2.3266060e+06   2.4902344e+01
   2.3398370e+06   2.4780273e+01
   2.3837660e+06   2.4780273e+01
   2.6729930e+06   2.4047852e+01
   2.8160360e+06   2.5451660e+01
   2.8194590e+06   2.4780273e+01
   2.9323680e+06   2.6489258e+01
   2.9672350e+06   2.4353027e+01
