   3.0000000e+06   0.0000000e+00
   1.4773000e+04   7.0434570e+01
   8.6402000e+04   5.4504395e+01
   2.1025300e+05   6.6406250e+01
   2.1608100e+05   6.7626953e+01
   2.3251100e+05   6.2255859e+01
   3.0505000e+05   6.0791016e+01
   3.5335400e+05   6.9213867e+01
   3.9200900e+05   7.2021484e+01
   3.9212600e+05   7.3852539e+01
   3.9219100e+05   5.2001953e+01
   3.9221600e+05   3.4362793e+01
   3.9224100e+05   4.2419434e+01
   3.9225900e+05   3.1066895e+01
   3.9227100e+05   2.8564453e+01
   3.9230000e+05   3.7231445e+01
   3.9231100e+05   2.8137207e+01
   3.9232100e+05   3.4118652e+01
   3.9234100e+05   4.6936035e+01
   3.9237500e+05   5.4809570e+01
   3.9239400e+05   4.1809082e+01
   3.9240600e+05   4.8217773e+01
   3.9242900e+05   5.7312012e+01
   3.9244400e+05   5.4687500e+01
   3.9246100e+05   4.1870117e+01
   3.9249000e+05   3.8452148e+01
   3.9252500e+05   4.6081543e+01
   3.9255200e+05   2.7221680e+01
   3.9257200e+05   2.9846191e+01
   3.9261500e+05   3.1555176e+01
   3.9267200e+05   3.1921387e+01
   3.9271600e+05   2.5390625e+01
   3.9274200e+05   3.4057617e+01
   3.9277500e+05   2.7099609e+01
   3.9281400e+05   3.0578613e+01
   3.9296600e+05   2.8625488e+01
   3.9312300e+05   2.6672363e+01
   3.9317200e+05   2.7893066e+01
   3.9322400e+05   2.5024414e+01
   3.9333800e+05   2.6489258e+01
   3.9337900e+05   2.6367188e+01
   3.9346400e+05   2.7282715e+01
   3.9349400e+05   2.4719238e+01
   3.9353100e+05   3.0578613e+01
   3.9355400e+05   3.0517578e+01
   3.9367400e+05   2.7343750e+01
   3.9374400e+05   3.3630371e+01
   3.9377400e+05   3.4851074e+01
   3.9378600e+05   3.8818359e+01
   3.9380200e+05   2.5634766e+01
   3.9384700e+05   3.0578613e+01
   3.9394800e+05   5.9936523e+01
   3.9396400e+05   2.9296875e+01
   3.9399600e+05   2.5573730e+01
   3.9403700e+05   2.9052734e+01
   3.9410300e+05   2.5024414e+01
   3.9412400e+05   2.7954102e+01
   3.9416100e+05   4.8278809e+01
   3.9419000e+05   2.5207520e+01
   3.9428700e+05   3.0517578e+01
   3.9438200e+05   2.6367188e+01
   3.9458500e+05   2.6428223e+01
   3.9462000e+05   2.7404785e+01
   4.2057700e+05   6.4636230e+01
   4.2349000e+05   5.6945801e+01
   4.2516800e+05   5.6518555e+01
   4.3453100e+05   5.0476074e+01
   4.3499500e+05   5.7434082e+01
   4.3517300e+05   5.9875488e+01
   4.3523000e+05   2.9602051e+01
   4.3529600e+05   4.1076660e+01
   4.3531400e+05   2.6428223e+01
   4.3535100e+05   3.2714844e+01
   4.3536900e+05   3.1127930e+01
   4.3538900e+05   5.6579590e+01
   4.3540700e+05   4.4555664e+01
   4.3542600e+05   3.9672852e+01
   4.3544200e+05   2.9479980e+01
   4.3546700e+05   4.3029785e+01
   4.3548400e+05   4.4738770e+01
   4.3551400e+05   2.5329590e+01
   4.3553900e+05   2.7709961e+01
   4.3557200e+05   4.5410156e+01
   4.3558600e+05   4.7058105e+01
   4.3560700e+05   2.4719238e+01
   4.3563000e+05   3.3691406e+01
   4.3565700e+05   3.2165527e+01
   4.3570100e+05   7.6782227e+01
   4.3571500e+05   3.2958984e+01
   4.3573700e+05   2.9296875e+01
   4.3575600e+05   3.5522461e+01
   4.3579000e+05   4.7058105e+01
   4.3582100e+05   5.6457520e+01
   4.3584700e+05   2.6000977e+01
   4.3586800e+05   2.8442383e+01
   4.3588100e+05   3.6437988e+01
   4.3590000e+05   2.8686523e+01
   4.3593000e+05   2.8564453e+01
   4.3596300e+05   5.0048828e+01
   4.3599000e+05   4.0222168e+01
   4.3601500e+05   4.1870117e+01
   4.3603200e+05   2.7282715e+01
   4.3605800e+05   4.7058105e+01
   4.3607800e+05   3.8574219e+01
   4.3609400e+05   3.0029297e+01
   4.3611500e+05   2.7038574e+01
   4.3614900e+05   3.7658691e+01
   4.3619000e+05   2.5878906e+01
   4.3621800e+05   3.4057617e+01
   4.3623400e+05   3.1860352e+01
   4.3625100e+05   2.8137207e+01
   4.3628400e+05   2.9541016e+01
   4.3629600e+05   2.6489258e+01
   4.3631800e+05   3.3691406e+01
   4.3635300e+05   2.8625488e+01
   4.3641300e+05   2.4597168e+01
   4.3646900e+05   2.5085449e+01
   4.3648000e+05   3.4729004e+01
   4.3656300e+05   3.2531738e+01
   4.3664000e+05   2.8808594e+01
   4.3668100e+05   3.0456543e+01
   4.3673900e+05   3.0273438e+01
   4.3679500e+05   2.5207520e+01
   4.3687800e+05   2.5512695e+01
   4.3721200e+05   2.4963379e+01
   4.3737500e+05   3.1799316e+01
   4.3767100e+05   3.0151367e+01
   4.7073800e+05   6.0424805e+01
   4.7717900e+05   6.8115234e+01
   4.7743300e+05   4.7180176e+01
   4.7757300e+05   5.4321289e+01
   4.7759200e+05   6.5734863e+01
   4.7763800e+05   2.4658203e+01
   4.7767600e+05   4.7973633e+01
   4.7770000e+05   5.9997559e+01
   4.7771800e+05   5.7922363e+01
   4.7778500e+05   4.8583984e+01
   4.7781300e+05   5.5664062e+01
   4.7787200e+05   4.6020508e+01
   4.7789400e+05   4.9133301e+01
   4.7793700e+05   5.1574707e+01
   4.7806800e+05   5.0659180e+01
   4.7818700e+05   4.5776367e+01
   4.7821200e+05   3.7841797e+01
   4.7823200e+05   2.4780273e+01
   4.7833500e+05   4.3273926e+01
   4.7848500e+05   5.2612305e+01
   4.8471800e+05   7.0739746e+01
   4.8682400e+05   5.5664063e+01
   4.8688000e+05   3.4179688e+01
   4.8704200e+05   5.7128906e+01
   4.8713900e+05   5.2490234e+01
   4.8723000e+05   4.2785645e+01
   4.8745700e+05   6.5551758e+01
   4.9184700e+05   6.8908691e+01
   4.9207100e+05   6.7199707e+01
   4.9217900e+05   2.5695801e+01
   4.9232100e+05   5.6762695e+01
   4.9259500e+05   5.1208496e+01
   4.9269600e+05   5.6274414e+01
   4.9684000e+05   4.9499512e+01
   4.9699700e+05   2.8503418e+01
   4.9704200e+05   6.5979004e+01
   4.9709100e+05   2.8991699e+01
   4.9711400e+05   2.5085449e+01
   4.9720500e+05   6.0974121e+01
   4.9722800e+05   6.9824219e+01
   4.9746700e+05   5.0109863e+01
   5.0153300e+05   5.8410645e+01
   5.0161700e+05   2.6733398e+01
   5.0168900e+05   7.1533203e+01
   5.0171500e+05   2.5756836e+01
   5.0176200e+05   6.0363770e+01
   5.0177400e+05   2.4963379e+01
   5.0180200e+05   4.8583984e+01
   5.0182600e+05   2.9479980e+01
   5.0186600e+05   5.0292969e+01
   5.0191900e+05   4.9743652e+01
   5.0202500e+05   5.5847168e+01
   5.0204100e+05   6.3354492e+01
   5.0226000e+05   5.5908203e+01
   5.0227200e+05   2.4658203e+01
   5.0479100e+05   5.2124023e+01
   5.0804400e+05   5.5175781e+01
   5.0807800e+05   2.5390625e+01
   5.0813500e+05   2.6855469e+01
   5.0817800e+05   5.6274414e+01
   5.0820000e+05   5.0231934e+01
   5.0823000e+05   4.6691895e+01
   5.0827200e+05   5.5236816e+01
   5.0830200e+05   5.2978516e+01
   5.0832000e+05   2.5146484e+01
   5.0835300e+05   3.4667969e+01
   5.0837200e+05   2.5634766e+01
   5.0839600e+05   5.2429199e+01
   5.0842800e+05   6.4697266e+01
   5.0845600e+05   2.6428223e+01
   5.0847300e+05   3.4301758e+01
   5.0850300e+05   4.3640137e+01
   5.0851500e+05   3.9733887e+01
   5.0862400e+05   5.5358887e+01
   5.0868500e+05   2.7954102e+01
   5.0871600e+05   5.4626465e+01
   5.0872700e+05   4.0771484e+01
   5.0880900e+05   3.5766602e+01
   5.0891000e+05   2.9907227e+01
   5.0893100e+05   3.4790039e+01
   5.0905100e+05   5.3222656e+01
   5.0918500e+05   2.6672363e+01
   5.0919500e+05   4.3518066e+01
   5.0939900e+05   3.4973145e+01
   5.1582900e+05   6.7565918e+01
   5.1593200e+05   2.5512695e+01
   5.1606800e+05   5.0781250e+01
   5.1919300e+05   6.9946289e+01
   5.1934800e+05   2.6184082e+01
   5.1936900e+05   5.1452637e+01
   5.1940200e+05   5.2429199e+01
   5.1942600e+05   2.5085449e+01
   5.1945500e+05   6.0852051e+01
   5.1947500e+05   5.5664063e+01
   5.1958500e+05   5.1879883e+01
   5.1960100e+05   2.7099609e+01
   5.1965900e+05   4.7424316e+01
   5.1969000e+05   5.6030273e+01
   5.1995600e+05   5.4809570e+01
   5.2011100e+05   4.6630859e+01
   5.2015900e+05   5.9204102e+01
   5.2351000e+05   7.0190430e+01
   5.2365900e+05   4.9377441e+01
   5.2370400e+05   2.7526855e+01
   5.2373100e+05   3.1311035e+01
   5.2383500e+05   6.0852051e+01
   5.2388600e+05   2.5939941e+01
   5.2780800e+05   5.8593750e+01
   5.2791000e+05   2.7038574e+01
   5.2792600e+05   6.0546875e+01
   5.2798300e+05   5.3100586e+01
   5.2800000e+05   5.2612305e+01
   5.2802000e+05   2.4963379e+01
   5.2805600e+05   4.6447754e+01
   5.2808700e+05   2.9785156e+01
   5.2813900e+05   4.3457031e+01
   5.2818400e+05   2.5024414e+01
   5.2824200e+05   8.2763672e+01
   5.2827400e+05   5.0903320e+01
   5.2834800e+05   4.9499512e+01
   5.2851700e+05   5.7312012e+01
   5.3326400e+05   6.4636230e+01
   5.3333600e+05   2.6306152e+01
   5.3335700e+05   5.4260254e+01
   5.3337400e+05   6.7321777e+01
   5.3343500e+05   4.6447754e+01
   5.3350500e+05   5.7434082e+01
   5.3360100e+05   6.2194824e+01
   5.3364000e+05   4.4555664e+01
   5.3369200e+05   5.9326172e+01
   5.3389200e+05   5.5053711e+01
   5.3850500e+05   6.0241699e+01
   5.3861400e+05   6.8237305e+01
   5.3867500e+05   5.3100586e+01
   5.3869500e+05   4.3823242e+01
   5.3872900e+05   5.3955078e+01
   5.3874500e+05   4.8950195e+01
   5.3878900e+05   3.0822754e+01
   5.3880500e+05   3.7780762e+01
   5.3883000e+05   9.2163086e+01
   5.3892200e+05   4.7302246e+01
   5.3898200e+05   6.0180664e+01
   5.3900800e+05   3.3264160e+01
   5.3902200e+05   4.7119141e+01
   5.3913100e+05   4.9194336e+01
   5.3918800e+05   4.4189453e+01
   5.3924800e+05   5.4748535e+01
   5.3946600e+05   4.4433594e+01
   5.3959600e+05   5.9326172e+01
   5.4316400e+05   7.3059082e+01
   5.4325300e+05   2.6794434e+01
   5.4337400e+05   5.8044434e+01
   5.4341700e+05   5.5480957e+01
   5.4675200e+05   6.0058594e+01
   5.4684700e+05   5.6030273e+01
   5.4686500e+05   5.9631348e+01
   5.4690100e+05   7.3730469e+01
   5.4691100e+05   5.2124023e+01
   5.4694600e+05   4.7119141e+01
   5.4704100e+05   5.0964355e+01
   5.4705100e+05   7.9101562e+01
   5.4707400e+05   3.1066895e+01
   5.4717700e+05   5.1635742e+01
   5.4725600e+05   3.8635254e+01
   5.4737900e+05   5.4077148e+01
   5.4743700e+05   5.2124023e+01
   5.4758700e+05   4.0222168e+01
   5.4760800e+05   5.4382324e+01
   5.4774600e+05   4.3701172e+01
   5.5223800e+05   5.6335449e+01
   5.5231300e+05   6.0119629e+01
   5.5234800e+05   5.2551270e+01
   5.5236600e+05   3.2836914e+01
   5.5244000e+05   4.3457031e+01
   5.5245000e+05   5.4931641e+01
   5.5248500e+05   2.8625488e+01
   5.5257300e+05   4.9499512e+01
   5.5274400e+05   5.5358887e+01
   5.5291700e+05   5.7067871e+01
   5.5669100e+05   6.1401367e+01
   5.5677900e+05   2.8381348e+01
   5.5681000e+05   5.3833008e+01
   5.5684600e+05   3.2409668e+01
   5.5687600e+05   4.8217773e+01
   5.5693200e+05   4.5043945e+01
   5.5694400e+05   4.5898438e+01
   5.5697500e+05   4.1137695e+01
   5.5712400e+05   6.4453125e+01
   5.6188400e+05   6.3903809e+01
   5.6196000e+05   6.8237305e+01
   5.6198700e+05   7.2143555e+01
   5.6201300e+05   4.8828125e+01
   5.6202700e+05   2.8442383e+01
   5.6205100e+05   4.7363281e+01
   5.6208700e+05   5.3222656e+01
   5.6214000e+05   4.9987793e+01
   5.6219600e+05   5.1574707e+01
   5.6223100e+05   4.5410156e+01
   5.6227400e+05   4.9804688e+01
   5.6231400e+05   4.3334961e+01
   5.6233700e+05   2.6306152e+01
   5.6243700e+05   6.4575195e+01
   5.6254200e+05   5.2001953e+01
   5.6255800e+05   3.9611816e+01
   5.6274600e+05   4.9011230e+01
   5.6288000e+05   4.7424316e+01
   5.6811500e+05   6.2866211e+01
   5.6819500e+05   5.1635742e+01
   5.6820800e+05   5.6762695e+01
   5.6824100e+05   5.3039551e+01
   5.6825600e+05   4.6203613e+01
   5.6828700e+05   5.9020996e+01
   5.6830200e+05   2.7770996e+01
   5.6835700e+05   4.3884277e+01
   5.6837600e+05   4.6447754e+01
   5.6843300e+05   5.2246094e+01
   5.6849100e+05   5.6640625e+01
   5.6853000e+05   4.1381836e+01
   5.6864900e+05   4.4860840e+01
   5.6866100e+05   2.4658203e+01
   5.6877000e+05   4.9743652e+01
   5.6887100e+05   4.2785645e+01
   5.6895500e+05   4.9926758e+01
   5.6906600e+05   4.7180176e+01
   5.6927400e+05   4.4067383e+01
   5.7440100e+05   5.9082031e+01
   5.7446000e+05   2.9602051e+01
   5.7447700e+05   6.4208984e+01
   5.7450900e+05   4.8522949e+01
   5.7455100e+05   4.6081543e+01
   5.7459500e+05   5.1391602e+01
   5.7461100e+05   4.9011230e+01
   5.7462700e+05   3.2043457e+01
   5.7469800e+05   4.0344238e+01
   5.7471400e+05   5.3466797e+01
   5.7479000e+05   4.8095703e+01
   5.7484300e+05   6.2744141e+01
   5.7490200e+05   4.6691895e+01
   5.7498400e+05   4.8400879e+01
   5.7499700e+05   4.6691895e+01
   5.7513700e+05   4.6081543e+01
   5.7521700e+05   5.4870605e+01
   5.7538500e+05   3.7658691e+01
   5.7562400e+05   2.7709961e+01
   5.7566100e+05   4.5349121e+01
   5.8046400e+05   5.3405762e+01
   5.8051900e+05   2.6855469e+01
   5.8055400e+05   4.0405273e+01
   5.8056600e+05   5.4443359e+01
   5.8059600e+05   3.6804199e+01
   5.8062500e+05   4.9011230e+01
   5.8064900e+05   5.1513672e+01
   5.8069100e+05   4.1931152e+01
   5.8076000e+05   4.5532227e+01
   5.8079700e+05   4.2114258e+01
   5.8086700e+05   4.0893555e+01
   5.8087800e+05   3.3630371e+01
   5.8093600e+05   5.7739258e+01
   5.8102100e+05   4.2053223e+01
   5.8111500e+05   7.0251465e+01
   5.8127000e+05   4.7363281e+01
   5.8131900e+05   4.4738770e+01
   5.8665300e+05   5.1757813e+01
   5.8672200e+05   5.7983398e+01
   5.8673800e+05   5.9814453e+01
   5.8676100e+05   3.7597656e+01
   5.8679800e+05   5.1513672e+01
   5.8681400e+05   4.9377441e+01
   5.8685200e+05   4.3518066e+01
   5.8691300e+05   4.6447754e+01
   5.8693300e+05   4.8706055e+01
   5.8697400e+05   3.8391113e+01
   5.8702400e+05   2.9235840e+01
   5.8703600e+05   4.0893555e+01
   5.8705800e+05   2.5695801e+01
   5.8707300e+05   4.2785645e+01
   5.8713400e+05   4.6875000e+01
   5.8721700e+05   4.8095703e+01
   5.8727200e+05   4.0832520e+01
   5.8729200e+05   2.5146484e+01
   5.8740400e+05   4.6081543e+01
   5.8754600e+05   3.9367676e+01
   5.8763500e+05   4.4433594e+01
   5.8768800e+05   4.2663574e+01
   5.8776700e+05   4.1870117e+01
   5.8828300e+05   4.1381836e+01
   5.9237900e+05   7.6171875e+01
   5.9246100e+05   5.9204102e+01
   5.9248500e+05   6.0363770e+01
   5.9250100e+05   4.9743652e+01
   5.9251500e+05   2.6855469e+01
   5.9254500e+05   5.6579590e+01
   5.9259900e+05   4.1503906e+01
   5.9261900e+05   5.2978516e+01
   5.9270000e+05   4.2419434e+01
   5.9272900e+05   5.7189941e+01
   5.9280200e+05   3.3813477e+01
   5.9286800e+05   4.7912598e+01
   5.9288100e+05   5.2612305e+01
   5.9295100e+05   3.5766602e+01
   5.9315600e+05   4.1931152e+01
   5.9335500e+05   3.8574219e+01
   5.9835500e+05   6.9335938e+01
   5.9845100e+05   2.9724121e+01
   5.9846500e+05   5.3344727e+01
   5.9850800e+05   4.9682617e+01
   5.9853100e+05   2.8381348e+01
   5.9854300e+05   5.8776855e+01
   5.9857200e+05   4.5532227e+01
   5.9860200e+05   4.0405273e+01
   5.9868000e+05   3.5339355e+01
   5.9870900e+05   3.9489746e+01
   5.9877500e+05   3.3569336e+01
   5.9880400e+05   2.8015137e+01
   5.9888600e+05   5.7006836e+01
   5.9893000e+05   4.4006348e+01
   5.9899600e+05   3.3813477e+01
   5.9910700e+05   7.0434570e+01
   5.9936300e+05   3.7597656e+01
   5.9945100e+05   6.0668945e+01
   6.0440800e+05   6.2866211e+01
   6.0449300e+05   4.3762207e+01
   6.0451300e+05   5.8044434e+01
   6.0452900e+05   4.8889160e+01
   6.0455400e+05   5.4443359e+01
   6.0457400e+05   3.0944824e+01
   6.0459100e+05   5.0048828e+01
   6.0461600e+05   3.2531738e+01
   6.0462600e+05   4.0527344e+01
   6.0464100e+05   2.5939941e+01
   6.0468200e+05   3.4606934e+01
   6.0469400e+05   5.0109863e+01
   6.0475700e+05   5.5480957e+01
   6.0478400e+05   2.7221680e+01
   6.0485500e+05   4.4921875e+01
   6.0488700e+05   3.0822754e+01
   6.0496900e+05   3.7963867e+01
   6.0507900e+05   5.7678223e+01
   6.0518100e+05   3.6804199e+01
   6.0520400e+05   2.7099609e+01
   6.0525700e+05   3.1738281e+01
   6.0528200e+05   4.5410156e+01
   6.1276600e+05   6.7321777e+01
   6.1283400e+05   6.0974121e+01
   6.1284600e+05   5.3588867e+01
   6.1286500e+05   6.1889648e+01
   6.1288000e+05   4.3518066e+01
   6.1290800e+05   7.0190430e+01
   6.1293100e+05   2.4780273e+01
   6.1295300e+05   4.5043945e+01
   6.1298100e+05   7.6782227e+01
   6.1300800e+05   2.5207520e+01
   6.1304900e+05   4.2419434e+01
   6.1307800e+05   5.7006836e+01
   6.1311700e+05   4.8706055e+01
   6.1313800e+05   4.1503906e+01
   6.1316600e+05   3.1066895e+01
   6.1318200e+05   5.1940918e+01
   6.1322300e+05   4.9133301e+01
   6.1324200e+05   2.5146484e+01
   6.1329800e+05   6.2011719e+01
   6.1337000e+05   5.9204102e+01
   6.1339500e+05   4.6936035e+01
   6.1343500e+05   2.7893066e+01
   6.1350200e+05   4.1748047e+01
   6.1357400e+05   3.9062500e+01
   6.1360900e+05   3.2836914e+01
   6.1364700e+05   3.4118652e+01
   6.1366400e+05   4.7912598e+01
   6.1377900e+05   4.5532227e+01
   6.1380600e+05   2.6428223e+01
   6.1385300e+05   4.3823242e+01
   6.1387900e+05   3.3996582e+01
   6.1399900e+05   4.5959473e+01
   6.2080300e+05   5.8593750e+01
   6.2088800e+05   2.5634766e+01
   6.2090200e+05   2.8198242e+01
   6.2092300e+05   6.3049316e+01
   6.2093400e+05   2.6184082e+01
   6.2095300e+05   3.3020020e+01
   6.2099000e+05   9.3750000e+01
   6.2101200e+05   3.1799316e+01
   6.2103600e+05   3.0578613e+01
   6.2108800e+05   5.8410645e+01
   6.2110200e+05   2.6855469e+01
   6.2114500e+05   3.4118652e+01
   6.2116500e+05   4.0100098e+01
   6.2118500e+05   4.0527344e+01
   6.2120800e+05   3.4301758e+01
   6.2123500e+05   3.5888672e+01
   6.2125900e+05   3.2775879e+01
   6.2128000e+05   2.5573730e+01
   6.2135000e+05   3.9794922e+01
   6.2137100e+05   6.2500000e+01
   6.2144500e+05   3.2165527e+01
   6.2149000e+05   2.5878906e+01
   6.2151200e+05   4.0527344e+01
   6.2154800e+05   3.3447266e+01
   6.2168700e+05   3.5583496e+01
   6.2178500e+05   6.8542480e+01
   6.2196200e+05   3.5583496e+01
   6.2220300e+05   3.8513184e+01
   6.2789200e+05   5.8410645e+01
   6.2797400e+05   2.4902344e+01
   6.2799600e+05   6.9763184e+01
   6.2802600e+05   2.5085449e+01
   6.2806600e+05   2.9418945e+01
   6.2808300e+05   4.8706055e+01
   6.2810000e+05   2.5024414e+01
   6.2813800e+05   3.3874512e+01
   6.2816800e+05   2.9785156e+01
   6.2818100e+05   3.9978027e+01
   6.2821200e+05   3.1555176e+01
   6.2824200e+05   2.8137207e+01
   6.2827700e+05   3.7719727e+01
   6.2833600e+05   5.7373047e+01
   6.2834600e+05   3.9672852e+01
   6.2838900e+05   2.5085449e+01
   6.2839900e+05   3.1005859e+01
   6.2843400e+05   4.0954590e+01
   6.2847600e+05   3.4851074e+01
   6.2854600e+05   5.0659180e+01
   6.2856200e+05   2.8381348e+01
   6.2857200e+05   3.1494141e+01
   6.2863900e+05   3.6743164e+01
   6.2868000e+05   2.8747559e+01
   6.2874800e+05   4.1015625e+01
   6.2878100e+05   2.8076172e+01
   6.2879500e+05   4.6691895e+01
   6.2887300e+05   3.5034180e+01
   6.2903300e+05   4.0405273e+01
   6.2920900e+05   3.8269043e+01
   6.3347000e+05   6.0607910e+01
   6.3354200e+05   5.2062988e+01
   6.3356000e+05   5.4870605e+01
   6.3358400e+05   4.2968750e+01
   6.3362200e+05   4.1503906e+01
   6.3363900e+05   5.1696777e+01
   6.3367700e+05   2.5024414e+01
   6.3369500e+05   3.7353516e+01
   6.3371000e+05   2.5329590e+01
   6.3375300e+05   4.4494629e+01
   6.3376600e+05   3.4240723e+01
   6.3379500e+05   3.0090332e+01
   6.3386500e+05   6.5551758e+01
   6.3393800e+05   2.4536133e+01
   6.3398700e+05   5.4443359e+01
   6.3399700e+05   5.9265137e+01
   6.3411300e+05   4.1931152e+01
   6.3421400e+05   5.2185059e+01
   6.3430700e+05   3.6682129e+01
   6.3460800e+05   3.8146973e+01
   6.4088700e+05   7.2448730e+01
   6.4096000e+05   6.0546875e+01
   6.4097300e+05   5.9875488e+01
   6.4098400e+05   2.4658203e+01
   6.4099800e+05   5.6396484e+01
   6.4103100e+05   4.7119141e+01
   6.4105400e+05   5.9997559e+01
   6.4107600e+05   3.2409668e+01
   6.4109100e+05   4.0222168e+01
   6.4111500e+05   2.8320312e+01
   6.4114300e+05   3.7414551e+01
   6.4115500e+05   3.6743164e+01
   6.4118600e+05   3.4423828e+01
   6.4121000e+05   4.4494629e+01
   6.4122800e+05   2.6916504e+01
   6.4125600e+05   5.1330566e+01
   6.4127300e+05   2.5024414e+01
   6.4130000e+05   3.4851074e+01
   6.4134900e+05   5.1513672e+01
   6.4142100e+05   2.5207520e+01
   6.4143100e+05   4.6508789e+01
   6.4148000e+05   3.2287598e+01
   6.4152100e+05   4.1320801e+01
   6.4159300e+05   3.2348633e+01
   6.4162100e+05   4.4006348e+01
   6.4168000e+05   4.1137695e+01
   6.4179000e+05   3.8024902e+01
   6.4181900e+05   4.8950195e+01
   6.4195600e+05   4.7363281e+01
   6.4197000e+05   3.3874512e+01
   6.4198700e+05   5.3039551e+01
   6.4210400e+05   3.3691406e+01
   6.4244900e+05   4.9499512e+01
   6.4881300e+05   6.1523438e+01
   6.4897700e+05   2.8930664e+01
   6.4899100e+05   7.3913574e+01
   6.4901800e+05   3.0700684e+01
   6.4902800e+05   4.4799805e+01
   6.4906000e+05   5.0720215e+01
   6.4907400e+05   2.5939941e+01
   6.4910900e+05   3.7841797e+01
   6.4912300e+05   3.6315918e+01
   6.4914700e+05   5.0903320e+01
   6.4915700e+05   3.4545898e+01
   6.4919300e+05   3.7780762e+01
   6.4920800e+05   3.3081055e+01
   6.4923200e+05   4.4006348e+01
   6.4925500e+05   3.1127930e+01
   6.4927300e+05   2.9846191e+01
   6.4929700e+05   4.3762207e+01
   6.4934500e+05   2.7587891e+01
   6.4939000e+05   4.6569824e+01
   6.4941000e+05   2.8991699e+01
   6.4947200e+05   4.1137695e+01
   6.4948400e+05   4.2724609e+01
   6.4949900e+05   3.1738281e+01
   6.4956200e+05   3.4545898e+01
   6.4963000e+05   3.5156250e+01
   6.4970000e+05   3.0456543e+01
   6.4974800e+05   3.8696289e+01
   6.4985700e+05   2.4780273e+01
   6.4988700e+05   4.0893555e+01
   6.5013500e+05   3.8330078e+01
   6.5022900e+05   4.3334961e+01
   6.5037800e+05   3.9916992e+01
   6.5643700e+05   6.4514160e+01
   6.5651400e+05   6.8725586e+01
   6.5652800e+05   8.0322266e+01
   6.5655100e+05   2.9907227e+01
   6.5657900e+05   2.9846191e+01
   6.5659500e+05   5.1879883e+01
   6.5660800e+05   4.5898438e+01
   6.5663900e+05   5.7922363e+01
   6.5666400e+05   3.0883789e+01
   6.5668600e+05   6.7565918e+01
   6.5670800e+05   3.3203125e+01
   6.5673100e+05   3.7353516e+01
   6.5675200e+05   3.7963867e+01
   6.5677100e+05   3.8330078e+01
   6.5678700e+05   2.6611328e+01
   6.5680800e+05   3.7231445e+01
   6.5683600e+05   4.0466309e+01
   6.5686600e+05   2.7221680e+01
   6.5689400e+05   3.2226562e+01
   6.5694600e+05   6.6589355e+01
   6.5696800e+05   3.8452148e+01
   6.5702600e+05   2.4963379e+01
   6.5708500e+05   5.2062988e+01
   6.5710000e+05   3.7109375e+01
   6.5718200e+05   4.0527344e+01
   6.5724600e+05   4.9133301e+01
   6.5728800e+05   4.0588379e+01
   6.5744400e+05   5.9387207e+01
   6.5760700e+05   2.7587891e+01
   6.5779400e+05   3.9611816e+01
   6.6246800e+05   5.6884766e+01
   6.6249800e+05   5.2185059e+01
   6.6252800e+05   6.6040039e+01
   6.6254100e+05   4.6020508e+01
   6.6257900e+05   4.3273926e+01
   6.6259400e+05   2.6123047e+01
   6.6261400e+05   4.9316406e+01
   6.6262500e+05   4.0039062e+01
   6.6266800e+05   4.0039062e+01
   6.6268200e+05   2.6062012e+01
   6.6269300e+05   5.2612305e+01
   6.6272500e+05   2.5939941e+01
   6.6276300e+05   4.4677734e+01
   6.6278000e+05   3.1127930e+01
   6.6280900e+05   5.0231934e+01
   6.6282000e+05   3.4423828e+01
   6.6289000e+05   3.0761719e+01
   6.6290900e+05   3.4912109e+01
   6.6293200e+05   5.0659180e+01
   6.6299000e+05   3.1494141e+01
   6.6308000e+05   4.8034668e+01
   6.6312700e+05   3.0090332e+01
   6.6314700e+05   4.5104980e+01
   6.6327400e+05   3.5888672e+01
   6.6341600e+05   4.9621582e+01
   6.6348300e+05   3.7902832e+01
   6.6829000e+05   6.5795898e+01
   6.6832300e+05   5.2734375e+01
   6.6835700e+05   5.2917480e+01
   6.6837300e+05   4.8278809e+01
   6.6840900e+05   3.8574219e+01
   6.6842500e+05   3.5034180e+01
   6.6844400e+05   5.3894043e+01
   6.6846300e+05   2.5146484e+01
   6.6849000e+05   3.8024902e+01
   6.6852000e+05   4.3518066e+01
   6.6853500e+05   4.1931152e+01
   6.6857100e+05   3.1982422e+01
   6.6860200e+05   3.1372070e+01
   6.6862400e+05   3.2958984e+01
   6.6865600e+05   6.4880371e+01
   6.6867500e+05   3.1311035e+01
   6.6873400e+05   4.3029785e+01
   6.6876200e+05   6.6589355e+01
   6.6883200e+05   3.7902832e+01
   6.6884800e+05   3.6132812e+01
   6.6886700e+05   5.8105469e+01
   6.6890900e+05   2.8381348e+01
   6.6904100e+05   4.4982910e+01
   6.6928700e+05   3.4729004e+01
   6.6938500e+05   3.4973145e+01
   6.7522800e+05   6.8054199e+01
   6.7527100e+05   2.9235840e+01
   6.7530300e+05   5.9020996e+01
   6.7531400e+05   5.1940918e+01
   6.7535000e+05   4.9316406e+01
   6.7537700e+05   4.6936035e+01
   6.7539300e+05   4.5715332e+01
   6.7541700e+05   4.4433594e+01
   6.7545500e+05   4.8034668e+01
   6.7549700e+05   3.2836914e+01
   6.7552400e+05   3.6315918e+01
   6.7558800e+05   3.6010742e+01
   6.7561200e+05   5.0292969e+01
   6.7567700e+05   3.6315918e+01
   6.7570600e+05   2.7221680e+01
   6.7572000e+05   2.9357910e+01
   6.7573200e+05   5.6701660e+01
   6.7580000e+05   3.2836914e+01
   6.7582100e+05   3.6804199e+01
   6.7584100e+05   4.0771484e+01
   6.7588200e+05   2.8503418e+01
   6.7593500e+05   3.5644531e+01
   6.7600800e+05   3.7292480e+01
   6.7607100e+05   2.9602051e+01
   6.7609000e+05   4.1198730e+01
   6.7618100e+05   4.0466309e+01
   6.7620200e+05   2.5268555e+01
   6.7632800e+05   4.3212891e+01
   6.8414400e+05   6.4636230e+01
   6.8421200e+05   6.2438965e+01
   6.8422800e+05   5.9509277e+01
   6.8424600e+05   4.2297363e+01
   6.8427700e+05   5.4748535e+01
   6.8429500e+05   2.5207520e+01
   6.8431800e+05   2.8076172e+01
   6.8436200e+05   4.9011230e+01
   6.8438200e+05   3.6315918e+01
   6.8440000e+05   2.9663086e+01
   6.8444300e+05   3.9550781e+01
   6.8445600e+05   3.4118652e+01
   6.8448400e+05   4.1870117e+01
   6.8453400e+05   3.5461426e+01
   6.8454600e+05   4.7546387e+01
   6.8461000e+05   3.1982422e+01
   6.8462300e+05   5.3039551e+01
   6.8468800e+05   5.3405762e+01
   6.8470700e+05   3.7109375e+01
   6.8472200e+05   2.8259277e+01
   6.8476300e+05   3.2775879e+01
   6.8477500e+05   3.8085938e+01
   6.8479900e+05   2.6000977e+01
   6.8484700e+05   3.3569336e+01
   6.8488100e+05   3.6132812e+01
   6.8492100e+05   4.0344238e+01
   6.8505200e+05   5.6762695e+01
   6.8506800e+05   4.9072266e+01
   6.8507800e+05   2.8564453e+01
   6.8524600e+05   5.1635742e+01
   6.8535600e+05   3.3508301e+01
   6.8569300e+05   3.9001465e+01
   6.9260200e+05   5.6091309e+01
   6.9264400e+05   4.3518066e+01
   6.9266300e+05   7.4462891e+01
   6.9267800e+05   4.5837402e+01
   6.9271000e+05   4.4799805e+01
   6.9273400e+05   5.2001953e+01
   6.9275800e+05   3.4912109e+01
   6.9278400e+05   5.0109863e+01
   6.9281200e+05   4.4067383e+01
   6.9283300e+05   3.7597656e+01
   6.9284700e+05   3.4240723e+01
   6.9287600e+05   2.8259277e+01
   6.9289800e+05   2.8869629e+01
   6.9292500e+05   3.8696289e+01
   6.9293800e+05   4.1625977e+01
   6.9299300e+05   4.9621582e+01
   6.9300300e+05   2.8869629e+01
   6.9307200e+05   2.5878906e+01
   6.9308300e+05   4.5654297e+01
   6.9314100e+05   3.9062500e+01
   6.9318200e+05   4.2236328e+01
   6.9323300e+05   5.1940918e+01
   6.9333200e+05   5.5969238e+01
   6.9336200e+05   2.9968262e+01
   6.9354900e+05   4.7119141e+01
   6.9402300e+05   3.8757324e+01
   7.0065600e+05   6.3415527e+01
   7.0069300e+05   5.2795410e+01
   7.0072800e+05   7.3120117e+01
   7.0075600e+05   2.7587891e+01
   7.0076700e+05   5.8837891e+01
   7.0078700e+05   4.4677734e+01
   7.0082000e+05   3.4301758e+01
   7.0083300e+05   2.8625488e+01
   7.0086200e+05   3.8452148e+01
   7.0087500e+05   2.6550293e+01
   7.0088800e+05   3.2043457e+01
   7.0094000e+05   2.9785156e+01
   7.0096600e+05   4.1259766e+01
   7.0098400e+05   3.4179688e+01
   7.0100700e+05   4.6203613e+01
   7.0103600e+05   2.8320312e+01
   7.0104900e+05   5.1940918e+01
   7.0109400e+05   4.0893555e+01
   7.0110700e+05   3.4912109e+01
   7.0113200e+05   3.7231445e+01
   7.0118100e+05   2.4719238e+01
   7.0120800e+05   3.8696289e+01
   7.0123900e+05   4.2663574e+01
   7.0129900e+05   4.4555664e+01
   7.0131500e+05   2.6000977e+01
   7.0133800e+05   3.2531738e+01
   7.0135700e+05   2.7648926e+01
   7.0138100e+05   4.5227051e+01
   7.0143800e+05   3.5583496e+01
   7.0148600e+05   3.8208008e+01
   7.0151400e+05   5.1818848e+01
   7.0157300e+05   3.6193848e+01
   7.0188700e+05   4.0161133e+01
   7.1011800e+05   5.8593750e+01
   7.1020300e+05   8.1787109e+01
   7.1022000e+05   2.4719238e+01
   7.1023800e+05   4.0588379e+01
   7.1026800e+05   5.7128906e+01
   7.1028500e+05   5.6152344e+01
   7.1030900e+05   4.3151855e+01
   7.1033300e+05   3.6926270e+01
   7.1034500e+05   3.8513184e+01
   7.1039800e+05   3.3447266e+01
   7.1046800e+05   6.9885254e+01
   7.1047800e+05   3.1799316e+01
   7.1049200e+05   2.8076172e+01
   7.1050200e+05   3.2226562e+01
   7.1054600e+05   3.0456543e+01
   7.1057600e+05   3.4545898e+01
   7.1059700e+05   3.1616211e+01
   7.1062700e+05   3.3020020e+01
   7.1067000e+05   5.3100586e+01
   7.1071400e+05   2.4597168e+01
   7.1074200e+05   3.4362793e+01
   7.1077000e+05   3.3935547e+01
   7.1083200e+05   2.5878906e+01
   7.1088500e+05   3.7353516e+01
   7.1093200e+05   3.4362793e+01
   7.1094300e+05   2.8259277e+01
   7.1104300e+05   2.7648926e+01
   7.1108300e+05   4.1076660e+01
   7.1117700e+05   3.6865234e+01
   7.1120200e+05   2.8442383e+01
   7.1141800e+05   4.6203613e+01
   7.1149200e+05   3.6621094e+01
   7.2082100e+05   5.5419922e+01
   7.2089900e+05   6.8359375e+01
   7.2093000e+05   6.1340332e+01
   7.2096300e+05   6.2316895e+01
   7.2097500e+05   4.5776367e+01
   7.2100400e+05   3.6865234e+01
   7.2103000e+05   2.5207520e+01
   7.2104200e+05   4.7790527e+01
   7.2107900e+05   4.1809082e+01
   7.2110600e+05   4.1809082e+01
   7.2112800e+05   2.8381348e+01
   7.2115700e+05   2.7099609e+01
   7.2118200e+05   2.6062012e+01
   7.2121900e+05   5.7983398e+01
   7.2124200e+05   2.7038574e+01
   7.2127200e+05   2.7587891e+01
   7.2128900e+05   3.0395508e+01
   7.2134000e+05   2.5634766e+01
   7.2137600e+05   2.6062012e+01
   7.2139100e+05   2.7587891e+01
   7.2142100e+05   3.1738281e+01
   7.2147900e+05   2.7770996e+01
   7.2150800e+05   3.0151367e+01
   7.2159200e+05   3.1250000e+01
   7.2164100e+05   5.3771973e+01
   7.2174600e+05   3.6682129e+01
   7.2178300e+05   6.1035156e+01
   7.2196100e+05   4.1442871e+01
   7.2198900e+05   3.6132813e+01
   7.2220900e+05   4.4494629e+01
   7.2882500e+05   6.4453125e+01
   7.2891000e+05   3.1616211e+01
   7.2894100e+05   4.7607422e+01
   7.2896400e+05   2.5451660e+01
   7.2898800e+05   4.3090820e+01
   7.2902200e+05   3.1494141e+01
   7.2903300e+05   3.6682129e+01
   7.2907400e+05   6.7382812e+01
   7.2909100e+05   4.3579102e+01
   7.2911100e+05   2.6550293e+01
   7.2913900e+05   2.6000977e+01
   7.2917000e+05   4.4555664e+01
   7.2920400e+05   4.2907715e+01
   7.2923000e+05   3.5705566e+01
   7.2925100e+05   3.3447266e+01
   7.2930300e+05   4.6264648e+01
   7.2933300e+05   2.5939941e+01
   7.2941900e+05   3.9062500e+01
   7.2943800e+05   3.8513184e+01
   7.2951300e+05   2.5024414e+01
   7.2952700e+05   4.2907715e+01
   7.2956100e+05   4.9560547e+01
   7.2966000e+05   4.2358398e+01
   7.2968800e+05   2.5512695e+01
   7.2975100e+05   4.6020508e+01
   7.2984500e+05   3.8757324e+01
   7.2990500e+05   4.4738770e+01
   7.3003300e+05   3.5156250e+01
   7.3021200e+05   3.7536621e+01
   7.3676900e+05   6.1645508e+01
   7.3682000e+05   2.8747559e+01
   7.3684600e+05   7.3303223e+01
   7.3689100e+05   3.0639648e+01
   7.3690500e+05   3.7048340e+01
   7.3692700e+05   4.3029785e+01
   7.3695400e+05   2.5878906e+01
   7.3698000e+05   5.1208496e+01
   7.3699600e+05   3.3813477e+01
   7.3704800e+05   3.2470703e+01
   7.3707800e+05   5.9570312e+01
   7.3711500e+05   3.2653809e+01
   7.3713200e+05   3.0761719e+01
   7.3717600e+05   3.6621094e+01
   7.3719300e+05   2.5390625e+01
   7.3724900e+05   3.6071777e+01
   7.3725900e+05   4.0893555e+01
   7.3734700e+05   3.4667969e+01
   7.3735900e+05   5.8654785e+01
   7.3745600e+05   3.5583496e+01
   7.3748300e+05   3.5827637e+01
   7.3749500e+05   2.8625488e+01
   7.3758100e+05   4.0283203e+01
   7.3761900e+05   2.9968262e+01
   7.3766100e+05   5.0048828e+01
   7.3776900e+05   4.6386719e+01
   7.3782800e+05   4.7058105e+01
   7.3794000e+05   3.6560059e+01
   7.4454300e+05   5.6884766e+01
   7.4458100e+05   5.3588867e+01
   7.4460700e+05   4.2053223e+01
   7.4461900e+05   7.5073242e+01
   7.4465900e+05   2.8381348e+01
   7.4468700e+05   5.8715820e+01
   7.4470400e+05   4.7180176e+01
   7.4472600e+05   4.1076660e+01
   7.4475200e+05   4.0649414e+01
   7.4477900e+05   2.6672363e+01
   7.4481500e+05   6.1584473e+01
   7.4486800e+05   5.9631348e+01
   7.4488100e+05   4.4799805e+01
   7.4490800e+05   2.5512695e+01
   7.4496700e+05   4.4738770e+01
   7.4497800e+05   3.3691406e+01
   7.4500200e+05   3.9245605e+01
   7.4503600e+05   2.5634766e+01
   7.4512200e+05   3.2653809e+01
   7.4513800e+05   8.2641602e+01
   7.4525300e+05   3.9428711e+01
   7.4527300e+05   3.9184570e+01
   7.4538100e+05   4.8339844e+01
   7.4539100e+05   2.7648926e+01
   7.4540100e+05   3.3325195e+01
   7.5518000e+05   6.4025879e+01
   7.5525100e+05   4.8034668e+01
   7.5526200e+05   8.0261230e+01
   7.5528200e+05   4.2907715e+01
   7.5531700e+05   4.2785645e+01
   7.5533600e+05   4.9133301e+01
   7.5536000e+05   3.5156250e+01
   7.5539500e+05   5.0964355e+01
   7.5541300e+05   2.7587891e+01
   7.5543400e+05   3.0517578e+01
   7.5544500e+05   3.2531738e+01
   7.5549100e+05   3.9550781e+01
   7.5550900e+05   2.4780273e+01
   7.5557100e+05   5.6274414e+01
   7.5563000e+05   4.1442871e+01
   7.5566200e+05   2.4902344e+01
   7.5568100e+05   2.6550293e+01
   7.5570200e+05   6.7687988e+01
   7.5576100e+05   3.6682129e+01
   7.5580600e+05   4.1198730e+01
   7.5583000e+05   2.6123047e+01
   7.5584700e+05   4.6630859e+01
   7.5587100e+05   2.6367188e+01
   7.5593900e+05   3.6682129e+01
   7.5596600e+05   3.3691406e+01
   7.5604700e+05   3.3142090e+01
   7.5607800e+05   3.7719727e+01
   7.5609000e+05   4.3579102e+01
   7.5619700e+05   4.7424316e+01
   7.5622500e+05   3.9978027e+01
   7.5638500e+05   3.6376953e+01
   7.5640500e+05   4.0527344e+01
   7.5660200e+05   2.6184082e+01
   7.6736400e+05   7.4951172e+01
   7.6741600e+05   4.9377441e+01
   7.6743500e+05   7.7331543e+01
   7.6745100e+05   4.3090820e+01
   7.6747700e+05   3.4606934e+01
   7.6749300e+05   6.8298340e+01
   7.6752800e+05   2.6489258e+01
   7.6755700e+05   3.3691406e+01
   7.6758100e+05   2.6000977e+01
   7.6759900e+05   3.2958984e+01
   7.6763300e+05   3.4729004e+01
   7.6765600e+05   4.2480469e+01
   7.6769800e+05   4.8522949e+01
   7.6772800e+05   3.0944824e+01
   7.6776200e+05   3.2958984e+01
   7.6779800e+05   4.1503906e+01
   7.6781400e+05   2.9174805e+01
   7.6787200e+05   4.3762207e+01
   7.6789400e+05   2.8625488e+01
   7.6795600e+05   2.8747559e+01
   7.6797100e+05   3.2653809e+01
   7.6801100e+05   3.7292480e+01
   7.6808300e+05   3.4240723e+01
   7.6811400e+05   3.0456543e+01
   7.6819300e+05   2.8076172e+01
   7.6822200e+05   3.5339355e+01
   7.6830000e+05   4.3395996e+01
   7.6832800e+05   2.5207520e+01
   7.6835300e+05   3.9611816e+01
   7.6844800e+05   3.3264160e+01
   7.6846400e+05   3.9367676e+01
   7.6855100e+05   2.6611328e+01
   7.6860400e+05   4.8156738e+01
   7.6876100e+05   6.9641113e+01
   7.6894000e+05   2.9785156e+01
   7.7898700e+05   6.0302734e+01
   7.7904100e+05   5.1574707e+01
   7.7905300e+05   7.4279785e+01
   7.7907800e+05   3.8574219e+01
   7.7910900e+05   3.9489746e+01
   7.7913000e+05   5.2612305e+01
   7.7918700e+05   5.7250977e+01
   7.7919900e+05   4.3334961e+01
   7.7923500e+05   3.3386230e+01
   7.7924600e+05   4.1992188e+01
   7.7930100e+05   5.2917480e+01
   7.7936200e+05   4.0222168e+01
   7.7937400e+05   3.4729004e+01
   7.7943500e+05   3.5583496e+01
   7.7944900e+05   6.2255859e+01
   7.7951100e+05   2.7465820e+01
   7.7952800e+05   3.5766602e+01
   7.7953900e+05   2.8686523e+01
   7.7956300e+05   2.5878906e+01
   7.7960200e+05   3.2409668e+01
   7.7963800e+05   3.1616211e+01
   7.7966500e+05   3.9611816e+01
   7.7974100e+05   2.9907227e+01
   7.7975400e+05   3.5278320e+01
   7.7985800e+05   3.7475586e+01
   7.7989400e+05   5.6030273e+01
   7.7992500e+05   3.8024902e+01
   7.7999800e+05   3.7841797e+01
   7.8002400e+05   2.6062012e+01
   7.8004800e+05   4.7424316e+01
   7.8020300e+05   3.1555176e+01
   7.8027800e+05   4.6691895e+01
   7.8029400e+05   4.0588379e+01
   7.8040300e+05   4.1870117e+01
   7.8055000e+05   3.3264160e+01
   7.8065900e+05   4.3640137e+01
   7.8991200e+05   6.5246582e+01
   7.8998200e+05   4.8706055e+01
   7.8999300e+05   6.5612793e+01
   7.9002000e+05   4.8889160e+01
   7.9005200e+05   6.5246582e+01
   7.9008100e+05   3.5217285e+01
   7.9010400e+05   5.4565430e+01
   7.9011900e+05   3.2531738e+01
   7.9014800e+05   4.9011230e+01
   7.9015800e+05   3.9916992e+01
   7.9018300e+05   4.4616699e+01
   7.9019800e+05   2.8198242e+01
   7.9021300e+05   2.8747559e+01
   7.9025200e+05   4.9438477e+01
   7.9027700e+05   3.1677246e+01
   7.9028800e+05   3.4240723e+01
   7.9030400e+05   2.5024414e+01
   7.9032300e+05   2.7465820e+01
   7.9035000e+05   3.2165527e+01
   7.9037600e+05   3.7597656e+01
   7.9042800e+05   3.9489746e+01
   7.9044500e+05   3.3813477e+01
   7.9050700e+05   3.4606934e+01
   7.9052600e+05   2.8564453e+01
   7.9058100e+05   3.1311035e+01
   7.9062000e+05   3.5827637e+01
   7.9065100e+05   2.8808594e+01
   7.9066500e+05   3.3386230e+01
   7.9069000e+05   2.5329590e+01
   7.9072200e+05   3.1860352e+01
   7.9073900e+05   3.8574219e+01
   7.9076800e+05   2.7770996e+01
   7.9086200e+05   4.2297363e+01
   7.9087500e+05   3.0761719e+01
   7.9090100e+05   4.8400879e+01
   7.9104000e+05   3.7292480e+01
   7.9105000e+05   5.5419922e+01
   7.9122000e+05   4.2358398e+01
   7.9130700e+05   4.6203613e+01
   7.9145300e+05   3.6621094e+01
   7.9147300e+05   4.5349121e+01
   8.0270600e+05   6.1889648e+01
   8.0277300e+05   5.2185059e+01
   8.0280800e+05   4.4006348e+01
   8.0282400e+05   3.4423828e+01
   8.0284500e+05   3.3386230e+01
   8.0287300e+05   4.0039062e+01
   8.0288600e+05   2.8625488e+01
   8.0291400e+05   4.5715332e+01
   8.0293200e+05   3.0517578e+01
   8.0295300e+05   5.3527832e+01
   8.0297800e+05   6.8481445e+01
   8.0301000e+05   4.1625977e+01
   8.0302800e+05   3.8574219e+01
   8.0307300e+05   3.0883789e+01
   8.0311200e+05   2.6000977e+01
   8.0314000e+05   3.8696289e+01
   8.0316700e+05   2.5939941e+01
   8.0320100e+05   4.9438477e+01
   8.0322100e+05   3.2714844e+01
   8.0329100e+05   2.6489258e+01
   8.0331400e+05   2.9968262e+01
   8.0335100e+05   3.5400391e+01
   8.0341400e+05   2.4597168e+01
   8.0343300e+05   3.6254883e+01
   8.0346200e+05   2.9113770e+01
   8.0352600e+05   3.5644531e+01
   8.0355700e+05   2.8442383e+01
   8.0360900e+05   3.9978027e+01
   8.0364500e+05   3.0090332e+01
   8.0365800e+05   4.0771484e+01
   8.0373500e+05   3.6743164e+01
   8.0375900e+05   3.6926270e+01
   8.0387700e+05   3.5217285e+01
   8.0390600e+05   4.3640137e+01
   8.0395800e+05   2.8259277e+01
   8.0405000e+05   4.3518066e+01
   8.0408600e+05   4.1992188e+01
   8.0422900e+05   3.3874512e+01
   8.0424000e+05   2.4597168e+01
   8.0443800e+05   3.6193848e+01
   8.1789300e+05   6.1767578e+01
   8.1796000e+05   5.9570313e+01
   8.1798600e+05   3.7841797e+01
   8.1800200e+05   5.6457520e+01
   8.1801800e+05   4.7485352e+01
   8.1803500e+05   4.2358398e+01
   8.1806100e+05   2.9479980e+01
   8.1807300e+05   3.4423828e+01
   8.1808300e+05   4.2907715e+01
   8.1813500e+05   3.6865234e+01
   8.1816500e+05   2.7038574e+01
   8.1819000e+05   3.2775879e+01
   8.1820400e+05   3.1372070e+01
   8.1822700e+05   2.4841309e+01
   8.1825000e+05   3.7841797e+01
   8.1826900e+05   2.7709961e+01
   8.1831900e+05   3.7231445e+01
   8.1840600e+05   3.5949707e+01
   8.1843600e+05   2.6062012e+01
   8.1846900e+05   3.1616211e+01
   8.1850800e+05   3.0578613e+01
   8.1852600e+05   2.5329590e+01
   8.1855600e+05   2.7709961e+01
   8.1859500e+05   2.7343750e+01
   8.1862400e+05   2.5817871e+01
   8.1867200e+05   2.7221680e+01
   8.1869500e+05   3.3752441e+01
   8.1873900e+05   2.5390625e+01
   8.1883700e+05   2.7587891e+01
   8.1886500e+05   2.9785156e+01
   8.1892800e+05   2.5512695e+01
   8.1902500e+05   2.6794434e+01
   8.1905900e+05   4.4250488e+01
   8.1909600e+05   2.5573730e+01
   8.1915500e+05   3.9245605e+01
   8.1916900e+05   4.4128418e+01
   8.1929300e+05   3.6926270e+01
   8.1931200e+05   2.9418945e+01
   8.1933500e+05   5.5114746e+01
   8.1946700e+05   3.4912109e+01
   8.1952300e+05   5.2062988e+01
   8.1963000e+05   3.5827637e+01
   8.1992400e+05   3.8391113e+01
   1.9662870e+06   5.9570312e+01
   2.1611640e+06   5.9082031e+01
   2.1614440e+06   7.0922852e+01
   2.2239110e+06   6.9335938e+01
   2.2246370e+06   7.0190430e+01
   2.2259610e+06   7.3242188e+01
   2.2506260e+06   6.2133789e+01
   2.5255260e+06   7.5744629e+01
   2.5387560e+06   7.1228027e+01
   2.7164050e+06   6.6894531e+01
   2.7579670e+06   7.1228027e+01
   2.7748120e+06   5.8959961e+01
