   3.0000000e+06   0.0000000e+00
   1.2397700e+05   6.2133789e+01
   3.9188900e+05   3.8513184e+01
   3.9195700e+05   2.9602051e+01
   3.9201000e+05   3.8879395e+01
   3.9204700e+05   4.4982910e+01
   3.9206300e+05   5.4016113e+01
   3.9208700e+05   2.5817871e+01
   3.9211000e+05   2.3498535e+01
   3.9212100e+05   3.6315918e+01
   3.9213900e+05   7.4951172e+01
   3.9216400e+05   3.1494141e+01
   3.9219200e+05   8.4777832e+01
   3.9220900e+05   5.0842285e+01
   3.9222000e+05   4.9194336e+01
   3.9223200e+05   5.0048828e+01
   3.9225300e+05   7.2326660e+01
   3.9227700e+05   3.4362793e+01
   3.9229400e+05   7.2326660e+01
   3.9232500e+05   8.1848145e+01
   3.9234300e+05   4.3334961e+01
   3.9236000e+05   5.5541992e+01
   3.9237600e+05   4.6081543e+01
   3.9239000e+05   5.7373047e+01
   3.9241000e+05   8.2397461e+01
   3.9243700e+05   2.9602051e+01
   3.9246100e+05   3.5034180e+01
   3.9247800e+05   4.0039062e+01
   3.9249100e+05   5.5419922e+01
   3.9250900e+05   2.3925781e+01
   3.9251900e+05   5.3161621e+01
   3.9254800e+05   4.1503906e+01
   3.9256300e+05   4.5166016e+01
   3.9258700e+05   3.7475586e+01
   3.9260500e+05   4.1870117e+01
   3.9264100e+05   3.9184570e+01
   3.9265200e+05   3.4057617e+01
   3.9269800e+05   3.2409668e+01
   3.9273900e+05   4.5349121e+01
   3.9276200e+05   3.3691406e+01
   3.9280600e+05   2.7526855e+01
   3.9284700e+05   2.4902344e+01
   3.9286900e+05   3.3081055e+01
   3.9292100e+05   3.8330078e+01
   3.9295900e+05   2.9846191e+01
   3.9297400e+05   2.6550293e+01
   3.9301600e+05   2.9113770e+01
   3.9306100e+05   4.5471191e+01
   3.9310300e+05   3.6010742e+01
   3.9312400e+05   3.3081055e+01
   3.9314300e+05   2.5634766e+01
   3.9317000e+05   3.6560059e+01
   3.9321700e+05   3.2531738e+01
   3.9328400e+05   2.6123047e+01
   3.9330300e+05   2.3925781e+01
   3.9333200e+05   3.1616211e+01
   3.9335100e+05   2.9052734e+01
   3.9341600e+05   3.0212402e+01
   3.9344100e+05   2.9113770e+01
   3.9348100e+05   2.7099609e+01
   3.9350300e+05   3.3020020e+01
   3.9353200e+05   2.9479980e+01
   3.9356300e+05   4.6569824e+01
   3.9357900e+05   2.6000977e+01
   3.9362300e+05   3.3142090e+01
   3.9365200e+05   3.6804199e+01
   3.9367200e+05   3.6987305e+01
   3.9370700e+05   2.4658203e+01
   3.9371900e+05   2.9541016e+01
   3.9375900e+05   3.3996582e+01
   3.9380700e+05   2.3376465e+01
   3.9383300e+05   2.5146484e+01
   3.9384600e+05   2.7221680e+01
   3.9388400e+05   2.8503418e+01
   3.9392900e+05   4.1442871e+01
   3.9394900e+05   3.1860352e+01
   3.9399900e+05   2.4230957e+01
   3.9401000e+05   3.3752441e+01
   3.9404400e+05   2.6123047e+01
   3.9410500e+05   2.8747559e+01
   3.9411900e+05   2.9113770e+01
   3.9414500e+05   2.9602051e+01
   3.9416800e+05   2.8320312e+01
   3.9417900e+05   2.7099609e+01
   3.9421000e+05   2.6367188e+01
   3.9427300e+05   2.6977539e+01
   3.9429900e+05   3.9001465e+01
   3.9432600e+05   2.3498535e+01
   3.9436300e+05   2.4719238e+01
   3.9438700e+05   3.0395508e+01
   3.9442100e+05   3.3691406e+01
   3.9443100e+05   2.4780273e+01
   3.9448100e+05   3.2409668e+01
   3.9454100e+05   3.5034180e+01
   3.9455400e+05   3.8635254e+01
   3.9464400e+05   2.5756836e+01
   3.9472600e+05   2.9479980e+01
   3.9477100e+05   5.1147461e+01
   3.9484900e+05   2.3376465e+01
   3.9502100e+05   2.7404785e+01
   3.9507700e+05   2.3437500e+01
   3.9534200e+05   2.4536133e+01
   3.9548800e+05   2.3437500e+01
   4.0116400e+05   2.5085449e+01
   4.0170300e+05   2.9663086e+01
   4.0272200e+05   2.6977539e+01
   4.0301300e+05   2.8625488e+01
   4.0351700e+05   2.4414062e+01
   4.0379100e+05   5.6274414e+01
   4.0455600e+05   2.9541016e+01
   4.0461300e+05   2.4414062e+01
   4.0483600e+05   3.0395508e+01
   4.0538900e+05   2.5939941e+01
   4.0608500e+05   2.4047852e+01
   4.0609500e+05   2.9052734e+01
   4.0643100e+05   2.5878906e+01
   4.0664100e+05   2.5634766e+01
   4.0760100e+05   2.3742676e+01
   4.0791300e+05   3.2226562e+01
   4.0826700e+05   2.8320312e+01
   4.0845000e+05   2.3559570e+01
   4.0926500e+05   2.4963379e+01
   4.0988600e+05   2.5573730e+01
   4.0989600e+05   3.3203125e+01
   4.1010100e+05   3.4423828e+01
   4.1037300e+05   2.5451660e+01
   4.1068000e+05   3.0822754e+01
   4.1088900e+05   2.5024414e+01
   4.1096500e+05   2.4414062e+01
   4.1113000e+05   2.6977539e+01
   4.1128300e+05   2.6611328e+01
   4.1140400e+05   2.6367188e+01
   4.1228500e+05   2.3681641e+01
   4.1243200e+05   2.4353027e+01
   4.1261400e+05   2.9479980e+01
   4.1284900e+05   2.7770996e+01
   4.1299900e+05   2.8320312e+01
   4.1324700e+05   2.8625488e+01
   4.1337200e+05   2.5085449e+01
   4.1364800e+05   2.6855469e+01
   4.1393400e+05   2.7526855e+01
   4.1484900e+05   2.3986816e+01
   4.1510400e+05   2.5390625e+01
   4.1536600e+05   3.1433105e+01
   4.1556500e+05   2.5817871e+01
   4.1564400e+05   2.7526855e+01
   4.1581800e+05   2.5268555e+01
   4.1667900e+05   2.3925781e+01
   4.1704800e+05   3.7719727e+01
   4.1733600e+05   2.8442383e+01
   4.1736800e+05   2.5939941e+01
   4.1781300e+05   2.5512695e+01
   4.1857500e+05   3.0395508e+01
   4.1900100e+05   2.8869629e+01
   4.1935100e+05   2.3681641e+01
   4.1939800e+05   2.7282715e+01
   4.1999300e+05   2.5512695e+01
   4.2024800e+05   2.7404785e+01
   4.2030000e+05   2.6733398e+01
   4.2071100e+05   2.7404785e+01
   4.2076800e+05   2.5451660e+01
   4.2093900e+05   3.2531738e+01
   4.2120000e+05   2.5024414e+01
   4.2180700e+05   2.5878906e+01
   4.2216000e+05   2.8686523e+01
   4.2252800e+05   2.6550293e+01
   4.2283500e+05   3.0517578e+01
   4.2311400e+05   2.3864746e+01
   4.2328600e+05   2.8076172e+01
   4.2335400e+05   2.7465820e+01
   4.2380600e+05   2.7404785e+01
   4.2405800e+05   2.8381348e+01
   4.2435200e+05   2.3925781e+01
   4.2473200e+05   2.8808594e+01
   4.2495200e+05   4.5593262e+01
   4.2506300e+05   3.1372070e+01
   4.2553300e+05   2.8015137e+01
   4.2557800e+05   4.4372559e+01
   4.2603500e+05   2.6123047e+01
   4.2643600e+05   2.6489258e+01
   4.2647200e+05   2.8686523e+01
   4.2712300e+05   2.5634766e+01
   4.2715900e+05   2.5085449e+01
   4.2725600e+05   2.5451660e+01
   4.2748000e+05   2.4169922e+01
   4.2752400e+05   2.4536133e+01
   4.2781600e+05   2.5329590e+01
   4.2887000e+05   2.5146484e+01
   4.2904700e+05   3.4973145e+01
   4.2940200e+05   2.5207520e+01
   4.2992300e+05   2.8747559e+01
   4.3042200e+05   2.3925781e+01
   4.3080600e+05   2.5207520e+01
   4.3090400e+05   2.9907227e+01
   4.3109400e+05   2.6916504e+01
   4.3130100e+05   2.4536133e+01
   4.3131200e+05   3.1311035e+01
   4.3203900e+05   3.2958984e+01
   4.3222300e+05   2.3559570e+01
   4.3233500e+05   3.1433105e+01
   4.3240800e+05   2.6672363e+01
   4.3264000e+05   3.1860352e+01
   4.3364000e+05   2.4597168e+01
   4.3370200e+05   3.0151367e+01
   4.3415600e+05   2.5451660e+01
   4.3425100e+05   2.8320312e+01
   4.3436600e+05   2.4719238e+01
   4.3449800e+05   3.1799316e+01
   4.3472500e+05   2.3620605e+01
   4.3478100e+05   3.1860352e+01
   4.3489000e+05   2.8503418e+01
   4.3498900e+05   4.3701172e+01
   4.3500900e+05   4.6142578e+01
   4.3513400e+05   3.8574219e+01
   4.3516200e+05   2.7587891e+01
   4.3521800e+05   3.4851074e+01
   4.3525600e+05   6.3049316e+01
   4.3526600e+05   3.3447266e+01
   4.3528400e+05   3.2531738e+01
   4.3532300e+05   2.4169922e+01
   4.3539900e+05   5.7983398e+01
   4.3541900e+05   4.5166016e+01
   4.3545000e+05   4.9011230e+01
   4.3546500e+05   3.6499023e+01
   4.3550300e+05   2.5451660e+01
   4.3554500e+05   3.3874512e+01
   4.3555600e+05   2.9602051e+01
   4.3559100e+05   4.5715332e+01
   4.3561500e+05   3.1799316e+01
   4.3564400e+05   4.3701172e+01
   4.3566100e+05   2.7832031e+01
   4.3568900e+05   4.6081543e+01
   4.3570300e+05   5.2673340e+01
   4.3572800e+05   2.3986816e+01
   4.3575900e+05   2.4597168e+01
   4.3578500e+05   7.6843262e+01
   4.3581400e+05   5.0964355e+01
   4.3583200e+05   2.4536133e+01
   4.3585800e+05   4.0771484e+01
   4.3587000e+05   7.6538086e+01
   4.3589800e+05   3.9184570e+01
   4.3591900e+05   6.5734863e+01
   4.3592900e+05   3.3813477e+01
   4.3597100e+05   5.9265137e+01
   4.3598400e+05   5.5664062e+01
   4.3601100e+05   4.3640137e+01
   4.3603300e+05   5.8837891e+01
   4.3604900e+05   7.9711914e+01
   4.3607500e+05   4.4189453e+01
   4.3609100e+05   5.1452637e+01
   4.3610600e+05   5.4870605e+01
   4.3613200e+05   3.0334473e+01
   4.3615100e+05   5.8288574e+01
   4.3616200e+05   2.8869629e+01
   4.3619200e+05   5.0720215e+01
   4.3621600e+05   2.8015137e+01
   4.3625400e+05   4.8339844e+01
   4.3627800e+05   5.4382324e+01
   4.3630300e+05   4.6691895e+01
   4.3633100e+05   3.3691406e+01
   4.3636100e+05   5.3222656e+01
   4.3637600e+05   3.7414551e+01
   4.3638800e+05   3.1982422e+01
   4.3642900e+05   3.5156250e+01
   4.3644600e+05   3.8391113e+01
   4.3648500e+05   2.4108887e+01
   4.3649600e+05   3.2775879e+01
   4.3652500e+05   5.3588867e+01
   4.3655500e+05   5.4748535e+01
   4.3657400e+05   2.6245117e+01
   4.3660400e+05   3.1738281e+01
   4.3662400e+05   3.8452148e+01
   4.3665500e+05   4.5715332e+01
   4.3667400e+05   2.5085449e+01
   4.3668500e+05   2.3925781e+01
   4.3672200e+05   5.3649902e+01
   4.3673600e+05   3.2104492e+01
   4.3675800e+05   2.5268555e+01
   4.3677800e+05   3.7048340e+01
   4.3681100e+05   2.4963379e+01
   4.3683300e+05   4.5043945e+01
   4.3686300e+05   2.5939941e+01
   4.3687800e+05   2.7221680e+01
   4.3689600e+05   3.3874512e+01
   4.3693400e+05   3.9489746e+01
   4.3694600e+05   3.3203125e+01
   4.3696100e+05   3.3691406e+01
   4.3700200e+05   3.0273438e+01
   4.3702900e+05   3.6010742e+01
   4.3705900e+05   5.7556152e+01
   4.3708700e+05   4.6997070e+01
   4.3711200e+05   3.8391113e+01
   4.3715400e+05   3.2592773e+01
   4.3716500e+05   2.7648926e+01
   4.3720000e+05   5.0964355e+01
   4.3721400e+05   3.3752441e+01
   4.3723800e+05   4.1625977e+01
   4.3728900e+05   3.0517578e+01
   4.3732600e+05   2.6794434e+01
   4.3735200e+05   2.7465820e+01
   4.3737900e+05   2.6855469e+01
   4.3740900e+05   2.3986816e+01
   4.3743300e+05   2.6367188e+01
   4.3746700e+05   3.4240723e+01
   4.3748100e+05   2.5268555e+01
   4.3751100e+05   3.1738281e+01
   4.3756600e+05   2.3376465e+01
   4.3759900e+05   6.1279297e+01
   4.3763400e+05   3.1982422e+01
   4.3766600e+05   6.6772461e+01
   4.3770500e+05   4.1381836e+01
   4.3774400e+05   3.4362793e+01
   4.3778200e+05   2.3681641e+01
   4.3780300e+05   2.3803711e+01
   4.3781900e+05   4.0344238e+01
   4.3784600e+05   4.0405273e+01
   4.3789400e+05   2.6367188e+01
   4.3792300e+05   4.8217773e+01
   4.3799300e+05   3.5217285e+01
   4.3801800e+05   4.9133301e+01
   4.3804700e+05   2.8259277e+01
   4.3809900e+05   3.4667969e+01
   4.3812500e+05   2.9418945e+01
   4.3814700e+05   2.7160645e+01
   4.3818200e+05   2.8442383e+01
   4.3823000e+05   3.4118652e+01
   4.3829500e+05   3.6437988e+01
   4.3832000e+05   2.4291992e+01
   4.3849300e+05   2.6123047e+01
   4.3853400e+05   3.3935547e+01
   4.3861500e+05   2.6367188e+01
   4.3875900e+05   2.5695801e+01
   4.3885600e+05   2.6062012e+01
   4.3912900e+05   2.4108887e+01
   4.4891200e+05   3.4790039e+01
   4.4960500e+05   2.5207520e+01
   4.5059000e+05   2.7709961e+01
   4.5074200e+05   2.7282715e+01
   4.5155200e+05   2.5146484e+01
   4.5169000e+05   2.5024414e+01
   4.5326400e+05   2.6428223e+01
   4.5364300e+05   2.7526855e+01
   4.5411500e+05   2.5390625e+01
   4.5424400e+05   4.2236328e+01
   4.5459600e+05   2.5695801e+01
   4.5527700e+05   2.9541016e+01
   4.5554100e+05   2.4291992e+01
   4.5579400e+05   2.5634766e+01
   4.5582500e+05   2.6855469e+01
   4.5599700e+05   2.3742676e+01
   4.5658300e+05   2.4780273e+01
   4.5688300e+05   2.7221680e+01
   4.5746200e+05   4.2480469e+01
   4.5856000e+05   2.3986816e+01
   4.5891800e+05   2.4902344e+01
   4.5930800e+05   2.9113770e+01
   4.6006400e+05   4.1931152e+01
   4.6009800e+05   3.3752441e+01
   4.6027400e+05   2.5512695e+01
   4.6047200e+05   2.3925781e+01
   4.6075000e+05   3.5583496e+01
   4.6085000e+05   4.1198730e+01
   4.6089600e+05   2.4475098e+01
   4.6101200e+05   2.3376465e+01
   4.6158200e+05   3.9550781e+01
   4.6183300e+05   2.4047852e+01
   4.6198600e+05   2.3437500e+01
   4.6266800e+05   2.7099609e+01
   4.6284200e+05   3.0700684e+01
   4.6426300e+05   2.4780273e+01
   4.6434900e+05   2.7282715e+01
   4.6447600e+05   2.5695801e+01
   4.6460800e+05   4.1442871e+01
   4.6510500e+05   4.3823242e+01
   4.6517800e+05   3.9855957e+01
   4.6562300e+05   2.3620605e+01
   4.6623600e+05   2.4963379e+01
   4.6664900e+05   3.9184570e+01
   4.6695500e+05   3.1799316e+01
   4.6718300e+05   2.6489258e+01
   4.6776700e+05   2.5573730e+01
   4.6785100e+05   2.8686523e+01
   4.6843500e+05   2.4291992e+01
   4.6847600e+05   2.5451660e+01
   4.6886800e+05   4.8583984e+01
   4.6931900e+05   2.5390625e+01
   4.6939000e+05   3.1005859e+01
   4.6978000e+05   2.4780273e+01
   4.6985400e+05   2.8808594e+01
   4.7054000e+05   2.5756836e+01
   4.7057100e+05   2.7587891e+01
   4.7075000e+05   2.5451660e+01
   4.7086200e+05   4.1564941e+01
   4.7089300e+05   3.4240723e+01
   4.7137400e+05   3.7475586e+01
   4.7267200e+05   4.2541504e+01
   4.7289800e+05   3.0334473e+01
   4.7312900e+05   2.5390625e+01
   4.7393700e+05   2.6550293e+01
   4.7488300e+05   2.5329590e+01
   4.7599300e+05   2.8015137e+01
   4.7602400e+05   2.5939941e+01
   4.7694300e+05   2.6794434e+01
   4.7697600e+05   3.4362793e+01
   4.7708000e+05   2.5085449e+01
   4.7722900e+05   3.4362793e+01
   4.7731600e+05   3.4057617e+01
   4.7744900e+05   2.4902344e+01
   4.7751500e+05   4.9072266e+01
   4.7754500e+05   5.2062988e+01
   4.7757000e+05   2.9907227e+01
   4.7768800e+05   3.8146973e+01
   4.7778000e+05   2.4719238e+01
   4.7782200e+05   3.7780762e+01
   4.7784800e+05   2.9052734e+01
   4.7790100e+05   2.3559570e+01
   4.7793100e+05   2.7404785e+01
   4.7795000e+05   2.8625488e+01
   4.7808400e+05   2.7404785e+01
   4.7815300e+05   2.3742676e+01
   4.7816700e+05   2.8015137e+01
   4.7820600e+05   2.6977539e+01
   4.7828200e+05   3.1799316e+01
   4.7858400e+05   3.0578613e+01
   4.8405400e+05   2.6367188e+01
   4.8410900e+05   3.7231445e+01
   4.8430500e+05   3.1372070e+01
   4.8465600e+05   2.8930664e+01
   4.8651000e+05   2.6245117e+01
   4.8664600e+05   3.2836914e+01
   4.8683200e+05   2.8137207e+01
   4.8686700e+05   4.3090820e+01
   4.8700100e+05   3.2714844e+01
   4.8704700e+05   2.3437500e+01
   4.8716600e+05   3.0517578e+01
   4.8730800e+05   2.4291992e+01
   4.8755100e+05   2.4597168e+01
   4.8797300e+05   2.6184082e+01
   4.8910500e+05   2.9602051e+01
   4.9018400e+05   2.8381348e+01
   4.9019400e+05   2.8747559e+01
   4.9022600e+05   4.5715332e+01
   4.9032400e+05   2.4291992e+01
   4.9039900e+05   2.4414062e+01
   4.9150100e+05   2.5024414e+01
   4.9157100e+05   2.6428223e+01
   4.9162400e+05   2.4475098e+01
   4.9178200e+05   2.3803711e+01
   4.9181500e+05   4.3518066e+01
   4.9196300e+05   5.6030273e+01
   4.9206100e+05   2.3681641e+01
   4.9220100e+05   3.2348633e+01
   4.9226600e+05   2.3925781e+01
   4.9236500e+05   3.3508301e+01
   4.9269000e+05   2.4597168e+01
   4.9276800e+05   2.6977539e+01
   4.9431900e+05   2.3620605e+01
   4.9498500e+05   2.4658203e+01
   4.9512100e+05   3.4118652e+01
   4.9646100e+05   4.9926758e+01
   4.9654900e+05   2.5573730e+01
   4.9659600e+05   3.2897949e+01
   4.9669400e+05   2.5451660e+01
   4.9675900e+05   2.6428223e+01
   4.9678900e+05   6.2744141e+01
   4.9689800e+05   4.2907715e+01
   4.9699700e+05   3.3996582e+01
   4.9703800e+05   4.2724609e+01
   4.9706100e+05   2.8259277e+01
   4.9717000e+05   2.7954102e+01
   4.9718000e+05   3.4606934e+01
   4.9751100e+05   2.3925781e+01
   4.9769800e+05   2.5756836e+01
   4.9936300e+05   2.9663086e+01
   5.0065100e+05   2.9479980e+01
   5.0137100e+05   3.0883789e+01
   5.0140100e+05   5.2917480e+01
   5.0141200e+05   2.6489258e+01
   5.0149500e+05   2.5878906e+01
   5.0151500e+05   4.2358398e+01
   5.0161100e+05   3.9794922e+01
   5.0162400e+05   5.7556152e+01
   5.0171800e+05   2.4108887e+01
   5.0178600e+05   2.8076172e+01
   5.0188500e+05   2.6123047e+01
   5.0190000e+05   2.8503418e+01
   5.0194800e+05   3.2043457e+01
   5.0207200e+05   3.6071777e+01
   5.0214500e+05   2.3437500e+01
   5.0234200e+05   2.5878906e+01
   5.0255800e+05   2.5695801e+01
   5.0450500e+05   2.5268555e+01
   5.0460000e+05   2.5451660e+01
   5.0487500e+05   2.3498535e+01
   5.0620900e+05   2.8564453e+01
   5.0642400e+05   2.8869629e+01
   5.0790900e+05   2.9907227e+01
   5.0795000e+05   6.8786621e+01
   5.0799500e+05   2.7832031e+01
   5.0803800e+05   2.5146484e+01
   5.0805100e+05   3.3081055e+01
   5.0810900e+05   5.4626465e+01
   5.0816500e+05   2.7282715e+01
   5.0817700e+05   4.3640137e+01
   5.0819000e+05   4.7180176e+01
   5.0823400e+05   3.0029297e+01
   5.0827700e+05   4.6630859e+01
   5.0833300e+05   3.6865234e+01
   5.0844600e+05   4.6447754e+01
   5.0845600e+05   3.2409668e+01
   5.0848800e+05   4.1503906e+01
   5.0854000e+05   3.9245605e+01
   5.0860400e+05   2.7160645e+01
   5.0864600e+05   3.5278320e+01
   5.0869500e+05   3.8574219e+01
   5.0875100e+05   4.3823242e+01
   5.0877700e+05   4.5654297e+01
   5.0880000e+05   4.1564941e+01
   5.0882200e+05   3.8269043e+01
   5.0883800e+05   3.0334473e+01
   5.0891600e+05   2.6611328e+01
   5.0893200e+05   2.3559570e+01
   5.0900100e+05   3.4912109e+01
   5.0908000e+05   2.6733398e+01
   5.0910300e+05   2.8259277e+01
   5.0915400e+05   3.8391113e+01
   5.0917100e+05   2.4169922e+01
   5.0922300e+05   5.5236816e+01
   5.0925600e+05   5.0659180e+01
   5.0928900e+05   3.5217285e+01
   5.0930000e+05   3.6926270e+01
   5.0933100e+05   2.5756836e+01
   5.0937900e+05   3.1799316e+01
   5.0940500e+05   2.8625488e+01
   5.0943000e+05   3.1250000e+01
   5.0954400e+05   2.4047852e+01
   5.0956100e+05   4.4006348e+01
   5.0957200e+05   3.5583496e+01
   5.0961300e+05   2.4780273e+01
   5.0965000e+05   2.4414062e+01
   5.0969900e+05   3.6315918e+01
   5.0981100e+05   2.5878906e+01
   5.0982300e+05   2.4902344e+01
   5.0987700e+05   2.9235840e+01
   5.0997800e+05   2.6733398e+01
   5.1018600e+05   2.5451660e+01
   5.1551400e+05   2.9663086e+01
   5.1570300e+05   2.7648926e+01
   5.1577200e+05   2.7038574e+01
   5.1585300e+05   2.9235840e+01
   5.1608400e+05   2.6245117e+01
   5.1907100e+05   3.1677246e+01
   5.1913000e+05   2.4291992e+01
   5.1923400e+05   5.7067871e+01
   5.1929800e+05   3.7170410e+01
   5.1936300e+05   2.6489258e+01
   5.1938700e+05   2.5878906e+01
   5.1944600e+05   2.9296875e+01
   5.1952000e+05   2.8991699e+01
   5.1964900e+05   2.7648926e+01
   5.1966600e+05   2.5024414e+01
   5.1974600e+05   2.6367188e+01
   5.1990000e+05   2.6611328e+01
   5.1996800e+05   2.8808594e+01
   5.2008200e+05   4.3457031e+01
   5.2015200e+05   3.8330078e+01
   5.2330600e+05   4.2785645e+01
   5.2344800e+05   2.9541016e+01
   5.2346500e+05   2.6367188e+01
   5.2349800e+05   3.1066895e+01
   5.2353200e+05   5.2429199e+01
   5.2357300e+05   2.9846191e+01
   5.2359800e+05   2.6245117e+01
   5.2366400e+05   3.2775879e+01
   5.2380300e+05   2.8503418e+01
   5.2382800e+05   5.2429199e+01
   5.2391700e+05   2.3742676e+01
   5.2395300e+05   3.0944824e+01
   5.2435300e+05   2.5939941e+01
   5.2767700e+05   2.9052734e+01
   5.2770100e+05   2.6611328e+01
   5.2772500e+05   3.8208008e+01
   5.2774600e+05   2.4353027e+01
   5.2777900e+05   3.0639648e+01
   5.2781100e+05   2.3681641e+01
   5.2783800e+05   3.0639648e+01
   5.2795800e+05   2.7465820e+01
   5.2800100e+05   4.6447754e+01
   5.2805300e+05   2.4780273e+01
   5.2808200e+05   4.0161133e+01
   5.2810800e+05   2.6428223e+01
   5.2818100e+05   3.1127930e+01
   5.2830600e+05   5.4321289e+01
   5.2840000e+05   2.3864746e+01
   5.2857100e+05   2.8259277e+01
   5.2887300e+05   2.5939941e+01
   5.3309500e+05   2.5695801e+01
   5.3315800e+05   2.4169922e+01
   5.3321600e+05   2.7099609e+01
   5.3323500e+05   2.6367188e+01
   5.3326200e+05   2.7526855e+01
   5.3328400e+05   2.7221680e+01
   5.3330800e+05   3.8818359e+01
   5.3332700e+05   2.7648926e+01
   5.3335100e+05   2.7832031e+01
   5.3343000e+05   5.1818848e+01
   5.3346100e+05   2.5573730e+01
   5.3347700e+05   3.7292480e+01
   5.3351700e+05   2.7465820e+01
   5.3355100e+05   2.7038574e+01
   5.3371300e+05   2.6550293e+01
   5.3393500e+05   2.5756836e+01
   5.3398100e+05   3.0944824e+01
   5.3836200e+05   2.5939941e+01
   5.3839500e+05   2.9724121e+01
   5.3842000e+05   2.4780273e+01
   5.3843200e+05   4.7424316e+01
   5.3848500e+05   3.5034180e+01
   5.3852900e+05   2.3376465e+01
   5.3857600e+05   3.6865234e+01
   5.3858800e+05   3.5827637e+01
   5.3868800e+05   3.1372070e+01
   5.3870800e+05   4.3457031e+01
   5.3872700e+05   4.3457031e+01
   5.3875100e+05   2.8198242e+01
   5.3877800e+05   5.6457520e+01
   5.3880200e+05   2.5817871e+01
   5.3886400e+05   2.9663086e+01
   5.3889800e+05   2.5329590e+01
   5.3896800e+05   2.8442383e+01
   5.3898300e+05   2.6367188e+01
   5.3911200e+05   2.3986816e+01
   5.3912800e+05   2.4963379e+01
   5.3917000e+05   4.3579102e+01
   5.3929000e+05   2.6794434e+01
   5.3947300e+05   2.5939941e+01
   5.4302900e+05   3.0517578e+01
   5.4304400e+05   2.3620605e+01
   5.4312300e+05   5.4382324e+01
   5.4314200e+05   2.5329590e+01
   5.4327000e+05   3.9550781e+01
   5.4338800e+05   2.3742676e+01
   5.4340900e+05   3.1555176e+01
   5.4661700e+05   2.8381348e+01
   5.4664700e+05   3.0700684e+01
   5.4669800e+05   2.8259277e+01
   5.4674300e+05   6.9885254e+01
   5.4675300e+05   4.2297363e+01
   5.4680500e+05   3.5461426e+01
   5.4681800e+05   4.1809082e+01
   5.4687200e+05   5.4016113e+01
   5.4695500e+05   3.7292480e+01
   5.4699200e+05   3.5827637e+01
   5.4706800e+05   2.7832031e+01
   5.4711500e+05   2.4658203e+01
   5.4720500e+05   2.3559570e+01
   5.4729100e+05   3.0456543e+01
   5.4738000e+05   2.5268555e+01
   5.4744100e+05   2.3498535e+01
   5.4760100e+05   2.7709961e+01
   5.4762600e+05   2.4353027e+01
   5.4767200e+05   3.0578613e+01
   5.4792500e+05   2.3681641e+01
   5.5206000e+05   2.8503418e+01
   5.5213300e+05   4.0649414e+01
   5.5214300e+05   2.7526855e+01
   5.5218700e+05   4.9194336e+01
   5.5220400e+05   3.2348633e+01
   5.5222400e+05   2.3742676e+01
   5.5227400e+05   4.2419434e+01
   5.5231900e+05   3.6254883e+01
   5.5233700e+05   6.7199707e+01
   5.5237900e+05   2.5024414e+01
   5.5242700e+05   3.9184570e+01
   5.5244700e+05   2.7038574e+01
   5.5248600e+05   5.2673340e+01
   5.5250700e+05   3.9001465e+01
   5.5251700e+05   3.3203125e+01
   5.5265200e+05   3.0761719e+01
   5.5287300e+05   2.3986816e+01
   5.5308800e+05   3.4545898e+01
   5.5648200e+05   2.6184082e+01
   5.5657000e+05   2.7160645e+01
   5.5658400e+05   2.5756836e+01
   5.5667400e+05   4.5654297e+01
   5.5668400e+05   3.2348633e+01
   5.5671300e+05   4.8645020e+01
   5.5675300e+05   3.3203125e+01
   5.5680900e+05   2.8991699e+01
   5.5691000e+05   2.5451660e+01
   5.5693300e+05   2.5146484e+01
   5.5698500e+05   2.3437500e+01
   5.5706900e+05   2.6489258e+01
   5.5708700e+05   2.4780273e+01
   5.5720000e+05   2.3559570e+01
   5.5724400e+05   2.6245117e+01
   5.6171700e+05   2.6794434e+01
   5.6175800e+05   3.2714844e+01
   5.6178400e+05   2.9785156e+01
   5.6182000e+05   5.6091309e+01
   5.6185000e+05   2.7587891e+01
   5.6195700e+05   2.8991699e+01
   5.6199000e+05   4.1931152e+01
   5.6200700e+05   3.4179688e+01
   5.6204200e+05   4.8889160e+01
   5.6207300e+05   3.2043457e+01
   5.6213300e+05   3.7170410e+01
   5.6216100e+05   3.7048340e+01
   5.6218700e+05   2.6123047e+01
   5.6226800e+05   2.7465820e+01
   5.6230400e+05   5.6518555e+01
   5.6241000e+05   2.3864746e+01
   5.6254300e+05   2.4963379e+01
   5.6274200e+05   2.5390625e+01
   5.6299900e+05   2.4536133e+01
   5.6324800e+05   2.5756836e+01
   5.6796900e+05   2.9296875e+01
   5.6802000e+05   2.9418945e+01
   5.6808100e+05   5.6457520e+01
   5.6810100e+05   4.1870117e+01
   5.6813400e+05   3.2470703e+01
   5.6818200e+05   2.9968262e+01
   5.6820400e+05   7.0922852e+01
   5.6827900e+05   3.1616211e+01
   5.6838300e+05   2.9174805e+01
   5.6840300e+05   5.1330566e+01
   5.6843700e+05   4.8400879e+01
   5.6849900e+05   2.3742676e+01
   5.6862900e+05   2.6245117e+01
   5.6869700e+05   2.3620605e+01
   5.6898700e+05   2.6123047e+01
   5.6916900e+05   2.5146484e+01
   5.6927800e+05   2.3925781e+01
   5.7424000e+05   2.7099609e+01
   5.7427500e+05   3.4545898e+01
   5.7429800e+05   3.0029297e+01
   5.7437100e+05   2.4841309e+01
   5.7438500e+05   4.5898438e+01
   5.7443000e+05   3.5949707e+01
   5.7446300e+05   3.8208008e+01
   5.7448000e+05   2.3925781e+01
   5.7450700e+05   2.4353027e+01
   5.7456000e+05   2.8808594e+01
   5.7457300e+05   5.4138184e+01
   5.7463100e+05   5.4321289e+01
   5.7465000e+05   2.7160645e+01
   5.7477200e+05   3.0212402e+01
   5.7479400e+05   2.5085449e+01
   5.7486100e+05   2.7099609e+01
   5.7493900e+05   2.5085449e+01
   5.7496600e+05   2.5817871e+01
   5.7504300e+05   2.4658203e+01
   5.7514800e+05   3.6926270e+01
   5.7521100e+05   2.4780273e+01
   5.7528200e+05   2.5634766e+01
   5.7531000e+05   4.9804688e+01
   5.7578900e+05   2.3742676e+01
   5.8036000e+05   2.9907227e+01
   5.8039100e+05   3.3874512e+01
   5.8040600e+05   2.7465820e+01
   5.8045500e+05   2.5390625e+01
   5.8051100e+05   5.6640625e+01
   5.8053900e+05   2.4169922e+01
   5.8055800e+05   2.4291992e+01
   5.8064600e+05   4.4616699e+01
   5.8066600e+05   5.2307129e+01
   5.8067700e+05   3.6193848e+01
   5.8074200e+05   2.6367188e+01
   5.8087800e+05   2.4597168e+01
   5.8092300e+05   2.5939941e+01
   5.8104200e+05   2.6489258e+01
   5.8123400e+05   2.7465820e+01
   5.8145900e+05   2.6611328e+01
   5.8645600e+05   2.4963379e+01
   5.8651400e+05   2.8076172e+01
   5.8657500e+05   2.5268555e+01
   5.8658500e+05   2.9357910e+01
   5.8662800e+05   2.3925781e+01
   5.8669400e+05   2.6428223e+01
   5.8673100e+05   4.1748047e+01
   5.8678200e+05   4.3579102e+01
   5.8682600e+05   5.1696777e+01
   5.8686400e+05   3.2958984e+01
   5.8689300e+05   2.7038574e+01
   5.8701500e+05   2.3620605e+01
   5.8708300e+05   2.6184082e+01
   5.8712100e+05   2.5756836e+01
   5.8722600e+05   3.1494141e+01
   5.8732300e+05   2.6611328e+01
   5.8740600e+05   2.5573730e+01
   5.8766700e+05   2.5817871e+01
   5.8777000e+05   2.6428223e+01
   5.8798500e+05   3.0151367e+01
   5.9223600e+05   2.8747559e+01
   5.9227300e+05   2.5024414e+01
   5.9235600e+05   2.9663086e+01
   5.9242500e+05   7.3913574e+01
   5.9247000e+05   4.2602539e+01
   5.9248500e+05   2.8747559e+01
   5.9251000e+05   2.3376465e+01
   5.9275000e+05   2.4597168e+01
   5.9280100e+05   2.5207520e+01
   5.9285900e+05   2.3559570e+01
   5.9291700e+05   2.5268555e+01
   5.9299300e+05   2.4658203e+01
   5.9301900e+05   3.5644531e+01
   5.9336700e+05   3.0273438e+01
   5.9817400e+05   2.9113770e+01
   5.9823600e+05   3.0883789e+01
   5.9829300e+05   2.3559570e+01
   5.9830900e+05   2.4108887e+01
   5.9833700e+05   4.6447754e+01
   5.9835100e+05   2.4475098e+01
   5.9839100e+05   4.0039062e+01
   5.9840100e+05   2.4353027e+01
   5.9846500e+05   3.1982422e+01
   5.9849200e+05   3.7475586e+01
   5.9851000e+05   5.1330566e+01
   5.9852000e+05   5.4321289e+01
   5.9859600e+05   2.8930664e+01
   5.9862800e+05   2.5085449e+01
   5.9872500e+05   2.4658203e+01
   5.9875200e+05   5.4504395e+01
   5.9895200e+05   4.0161133e+01
   5.9900600e+05   2.7832031e+01
   5.9915600e+05   4.3273926e+01
   5.9936200e+05   2.4353027e+01
   5.9948500e+05   2.4902344e+01
   5.9956100e+05   2.6611328e+01
   6.0426000e+05   2.3803711e+01
   6.0430300e+05   3.3142090e+01
   6.0432200e+05   2.7954102e+01
   6.0437000e+05   2.6428223e+01
   6.0438900e+05   5.7983398e+01
   6.0441800e+05   2.7221680e+01
   6.0447000e+05   3.0761719e+01
   6.0448500e+05   4.1381836e+01
   6.0458200e+05   3.8879395e+01
   6.0460200e+05   2.3437500e+01
   6.0461800e+05   2.4902344e+01
   6.0494900e+05   2.6062012e+01
   6.0497700e+05   2.6855469e+01
   6.0505000e+05   4.2724609e+01
   6.0517300e+05   2.8442383e+01
   6.0521600e+05   2.7343750e+01
   6.0540800e+05   2.6306152e+01
   6.0557000e+05   2.4291992e+01
   6.1265000e+05   3.2104492e+01
   6.1268500e+05   3.6804199e+01
   6.1270500e+05   3.2043457e+01
   6.1275000e+05   2.5817871e+01
   6.1277700e+05   2.3864746e+01
   6.1279600e+05   5.9875488e+01
   6.1282900e+05   6.0302734e+01
   6.1284000e+05   5.1818848e+01
   6.1288900e+05   3.9367676e+01
   6.1290100e+05   3.7963867e+01
   6.1293000e+05   5.1574707e+01
   6.1298800e+05   2.5207520e+01
   6.1305000e+05   2.7648926e+01
   6.1306300e+05   2.4353027e+01
   6.1308400e+05   2.5634766e+01
   6.1310900e+05   5.0170898e+01
   6.1313200e+05   3.3020020e+01
   6.1322200e+05   2.3681641e+01
   6.1329200e+05   2.4169922e+01
   6.1331800e+05   2.7832031e+01
   6.1333000e+05   3.1494141e+01
   6.1336000e+05   5.1147461e+01
   6.1337000e+05   4.8156738e+01
   6.1345200e+05   2.7954102e+01
   6.1375300e+05   2.3437500e+01
   6.1408000e+05   3.1555176e+01
   6.1428900e+05   2.6367188e+01
   6.2065500e+05   2.6245117e+01
   6.2068900e+05   2.5024414e+01
   6.2074200e+05   2.9479980e+01
   6.2076600e+05   3.8513184e+01
   6.2083200e+05   3.0761719e+01
   6.2087900e+05   5.8288574e+01
   6.2092300e+05   2.4719238e+01
   6.2097200e+05   4.4372559e+01
   6.2098600e+05   2.8137207e+01
   6.2100900e+05   2.4597168e+01
   6.2111000e+05   4.6997070e+01
   6.2112000e+05   3.2165527e+01
   6.2114500e+05   2.6794434e+01
   6.2116700e+05   2.3803711e+01
   6.2125100e+05   2.6367188e+01
   6.2142700e+05   4.4189453e+01
   6.2156900e+05   2.7648926e+01
   6.2173700e+05   2.6489258e+01
   6.2186100e+05   2.4047852e+01
   6.2190400e+05   2.7343750e+01
   6.2194500e+05   2.4291992e+01
   6.2772000e+05   2.6367188e+01
   6.2779000e+05   2.7770996e+01
   6.2780200e+05   3.1188965e+01
   6.2784500e+05   2.4291992e+01
   6.2787000e+05   3.9062500e+01
   6.2796500e+05   4.5776367e+01
   6.2803700e+05   6.4208984e+01
   6.2804700e+05   5.8044434e+01
   6.2814300e+05   2.8259277e+01
   6.2816700e+05   3.5339355e+01
   6.2821200e+05   2.7465820e+01
   6.2827000e+05   2.6306152e+01
   6.2831300e+05   2.3620605e+01
   6.2833900e+05   2.4047852e+01
   6.2837000e+05   3.3447266e+01
   6.2839200e+05   2.5268555e+01
   6.2850800e+05   3.2775879e+01
   6.2859500e+05   2.4169922e+01
   6.2871700e+05   3.3630371e+01
   6.2886500e+05   2.6550293e+01
   6.3326400e+05   3.3264160e+01
   6.3331100e+05   2.6794434e+01
   6.3333000e+05   2.3559570e+01
   6.3339500e+05   3.1799316e+01
   6.3344400e+05   2.7099609e+01
   6.3351600e+05   3.7780762e+01
   6.3363000e+05   5.1452637e+01
   6.3377500e+05   2.4902344e+01
   6.3386600e+05   2.3742676e+01
   6.3390600e+05   2.5573730e+01
   6.3397600e+05   2.4108887e+01
   6.3458300e+05   2.8381348e+01
   6.4070900e+05   2.5329590e+01
   6.4075900e+05   2.6916504e+01
   6.4078300e+05   2.6916504e+01
   6.4081800e+05   2.8686523e+01
   6.4083200e+05   3.3813477e+01
   6.4085600e+05   2.7282715e+01
   6.4091900e+05   3.6132812e+01
   6.4094600e+05   2.3864746e+01
   6.4097400e+05   5.8898926e+01
   6.4101000e+05   5.6213379e+01
   6.4104700e+05   3.2531738e+01
   6.4108700e+05   2.4230957e+01
   6.4111300e+05   2.6672363e+01
   6.4116900e+05   2.3803711e+01
   6.4120800e+05   3.0273438e+01
   6.4130600e+05   4.6630859e+01
   6.4134600e+05   2.9785156e+01
   6.4139700e+05   2.6733398e+01
   6.4159900e+05   2.6000977e+01
   6.4176000e+05   2.5878906e+01
   6.4179000e+05   2.4475098e+01
   6.4185000e+05   2.3559570e+01
   6.4203800e+05   2.4169922e+01
   6.4879100e+05   3.0090332e+01
   6.4882600e+05   2.5085449e+01
   6.4890300e+05   3.4667969e+01
   6.4897800e+05   2.6306152e+01
   6.4902000e+05   2.5634766e+01
   6.4904900e+05   4.4372559e+01
   6.4907300e+05   2.5939941e+01
   6.4908900e+05   5.3161621e+01
   6.4915000e+05   3.3752441e+01
   6.4926000e+05   2.8198242e+01
   6.4929800e+05   2.5146484e+01
   6.4935300e+05   3.7841797e+01
   6.4938200e+05   3.0517578e+01
   6.4954000e+05   2.4108887e+01
   6.4969600e+05   2.6184082e+01
   6.4971200e+05   3.1616211e+01
   6.4985700e+05   2.4902344e+01
   6.5015000e+05   2.8686523e+01
   6.5632500e+05   2.5878906e+01
   6.5637300e+05   3.9001465e+01
   6.5641700e+05   2.4047852e+01
   6.5644400e+05   2.9357910e+01
   6.5646000e+05   2.7343750e+01
   6.5652800e+05   5.5541992e+01
   6.5658800e+05   3.8757324e+01
   6.5662000e+05   3.0761719e+01
   6.5669200e+05   3.4301758e+01
   6.5674500e+05   2.5024414e+01
   6.5677900e+05   2.3925781e+01
   6.5687400e+05   2.3742676e+01
   6.5700300e+05   2.9541016e+01
   6.5716100e+05   2.6611328e+01
   6.5741000e+05   2.6916504e+01
   6.5777100e+05   2.4658203e+01
   6.6221400e+05   2.4169922e+01
   6.6228200e+05   4.0039063e+01
   6.6237200e+05   2.5817871e+01
   6.6238700e+05   2.8503418e+01
   6.6249400e+05   3.1494141e+01
   6.6259000e+05   2.5329590e+01
   6.6260400e+05   2.9846191e+01
   6.6285900e+05   2.6306152e+01
   6.6303800e+05   2.4536133e+01
   6.6309200e+05   2.6550293e+01
   6.6341100e+05   2.4414062e+01
   6.6804600e+05   2.6123047e+01
   6.6810200e+05   3.6132812e+01
   6.6813400e+05   2.6000977e+01
   6.6818100e+05   2.6489258e+01
   6.6821200e+05   2.5634766e+01
   6.6827900e+05   4.0161133e+01
   6.6829700e+05   3.7841797e+01
   6.6833600e+05   2.5939941e+01
   6.6834600e+05   2.6916504e+01
   6.6840700e+05   2.3986816e+01
   6.6845100e+05   2.5268555e+01
   6.6852100e+05   3.4057617e+01
   6.6874700e+05   2.5573730e+01
   6.6882800e+05   2.6916504e+01
   6.6894100e+05   3.9001465e+01
   6.6930700e+05   2.6123047e+01
   6.6934500e+05   2.7587891e+01
   6.6943300e+05   2.4047852e+01
   6.7499400e+05   2.6245117e+01
   6.7506100e+05   3.3447266e+01
   6.7512900e+05   2.6733398e+01
   6.7516400e+05   2.5817871e+01
   6.7523100e+05   2.7832031e+01
   6.7525100e+05   2.4108887e+01
   6.7527600e+05   2.9479980e+01
   6.7529500e+05   3.4118652e+01
   6.7534300e+05   3.1921387e+01
   6.7538100e+05   2.8259277e+01
   6.7546900e+05   2.5390625e+01
   6.7552600e+05   2.3681641e+01
   6.7559300e+05   2.3864746e+01
   6.7563200e+05   2.5207520e+01
   6.7580300e+05   2.3681641e+01
   6.7581500e+05   2.4108887e+01
   6.7598100e+05   2.9052734e+01
   6.7608100e+05   2.5207520e+01
   6.7623800e+05   2.8869629e+01
   6.8404200e+05   2.5146484e+01
   6.8409100e+05   3.2104492e+01
   6.8412300e+05   2.3376465e+01
   6.8416800e+05   3.3081055e+01
   6.8418100e+05   2.6611328e+01
   6.8421700e+05   4.3762207e+01
   6.8424000e+05   3.5644531e+01
   6.8432200e+05   3.3020020e+01
   6.8433300e+05   2.5024414e+01
   6.8437500e+05   2.9785156e+01
   6.8440900e+05   3.2104492e+01
   6.8441900e+05   2.4047852e+01
   6.8449300e+05   2.4230957e+01
   6.8450400e+05   2.7954102e+01
   6.8458600e+05   2.6489258e+01
   6.8459900e+05   2.4169922e+01
   6.8483400e+05   3.1066895e+01
   6.8491700e+05   2.6672363e+01
   6.8503900e+05   2.7709961e+01
   6.8507400e+05   2.5390625e+01
   6.8582400e+05   2.3559570e+01
   6.9237900e+05   2.4353027e+01
   6.9244300e+05   3.3874512e+01
   6.9245600e+05   2.9357910e+01
   6.9254300e+05   2.5634766e+01
   6.9263000e+05   2.8808594e+01
   6.9266400e+05   3.9123535e+01
   6.9268100e+05   2.4108887e+01
   6.9272100e+05   3.7414551e+01
   6.9276100e+05   2.4291992e+01
   6.9281100e+05   2.6489258e+01
   6.9297900e+05   2.3803711e+01
   6.9310100e+05   2.9052734e+01
   6.9325300e+05   3.2470703e+01
   6.9330900e+05   3.0883789e+01
   6.9354400e+05   2.5878906e+01
   6.9357500e+05   3.0822754e+01
   6.9395100e+05   2.4230957e+01
   7.0044600e+05   2.9357910e+01
   7.0049300e+05   3.7902832e+01
   7.0050700e+05   2.6245117e+01
   7.0055100e+05   2.4536133e+01
   7.0059300e+05   2.6184082e+01
   7.0060400e+05   2.8015137e+01
   7.0067500e+05   2.6672363e+01
   7.0072700e+05   3.0273438e+01
   7.0074100e+05   2.5695801e+01
   7.0077400e+05   2.7343750e+01
   7.0081400e+05   2.3498535e+01
   7.0088000e+05   3.1066895e+01
   7.0090700e+05   2.6123047e+01
   7.0091800e+05   2.6794434e+01
   7.0100800e+05   2.4902344e+01
   7.0104600e+05   2.7099609e+01
   7.0137700e+05   3.3874512e+01
   7.0142700e+05   2.3376465e+01
   7.0169100e+05   2.3986816e+01
   7.0175600e+05   2.5817871e+01
   7.0997200e+05   2.4536133e+01
   7.1003600e+05   2.8808594e+01
   7.1005000e+05   2.8808594e+01
   7.1008100e+05   2.9174805e+01
   7.1013500e+05   2.6306152e+01
   7.1020200e+05   3.2470703e+01
   7.1021500e+05   2.5329590e+01
   7.1024600e+05   3.5034180e+01
   7.1035100e+05   3.5034180e+01
   7.1036900e+05   4.4006348e+01
   7.1040800e+05   2.8442383e+01
   7.1046900e+05   3.0090332e+01
   7.1052300e+05   3.6560059e+01
   7.1054800e+05   3.7536621e+01
   7.1059700e+05   2.5268555e+01
   7.1065800e+05   3.0517578e+01
   7.1078600e+05   2.5085449e+01
   7.1081600e+05   2.4536133e+01
   7.1089500e+05   2.4353027e+01
   7.1097800e+05   2.4780273e+01
   7.1156200e+05   2.5451660e+01
   7.1174700e+05   2.7282715e+01
   7.1185900e+05   2.5939941e+01
   7.2059700e+05   2.7465820e+01
   7.2066500e+05   3.4423828e+01
   7.2068700e+05   2.6245117e+01
   7.2073500e+05   2.8137207e+01
   7.2078300e+05   4.9194336e+01
   7.2087900e+05   3.4973145e+01
   7.2094400e+05   2.6306152e+01
   7.2095600e+05   4.1442871e+01
   7.2105100e+05   2.6062012e+01
   7.2106600e+05   2.7160645e+01
   7.2112800e+05   4.1809082e+01
   7.2118300e+05   3.3630371e+01
   7.2125000e+05   2.4230957e+01
   7.2128500e+05   2.8625488e+01
   7.2129900e+05   2.3559570e+01
   7.2140400e+05   2.3498535e+01
   7.2141600e+05   6.3293457e+01
   7.2152400e+05   2.5024414e+01
   7.2165100e+05   2.5146484e+01
   7.2184900e+05   2.7282715e+01
   7.2191900e+05   2.5939941e+01
   7.2213600e+05   3.1494141e+01
   7.2859400e+05   2.6611328e+01
   7.2866500e+05   2.8747559e+01
   7.2870900e+05   2.6672363e+01
   7.2874500e+05   2.6977539e+01
   7.2880900e+05   3.9306641e+01
   7.2888900e+05   2.8930664e+01
   7.2896100e+05   2.6062012e+01
   7.2899300e+05   2.8686523e+01
   7.2908900e+05   2.9418945e+01
   7.2912100e+05   3.1921387e+01
   7.2927500e+05   3.1433105e+01
   7.2928900e+05   3.1616211e+01
   7.2948400e+05   3.2043457e+01
   7.2997200e+05   2.5268555e+01
   7.3002300e+05   2.7526855e+01
   7.3650900e+05   2.3742676e+01
   7.3659700e+05   3.4912109e+01
   7.3661500e+05   2.6062012e+01
   7.3666100e+05   3.2958984e+01
   7.3671500e+05   2.6367188e+01
   7.3673000e+05   2.4780273e+01
   7.3679900e+05   2.6489258e+01
   7.3684000e+05   3.7170410e+01
   7.3695400e+05   4.9133301e+01
   7.3703500e+05   3.2287598e+01
   7.3704900e+05   3.4851074e+01
   7.3719600e+05   2.9052734e+01
   7.3725600e+05   3.9489746e+01
   7.3736000e+05   2.6794434e+01
   7.3745900e+05   2.3437500e+01
   7.3759200e+05   3.9794922e+01
   7.4422200e+05   2.9113770e+01
   7.4433900e+05   2.7282715e+01
   7.4435000e+05   3.0456543e+01
   7.4438900e+05   2.3376465e+01
   7.4445900e+05   2.8442383e+01
   7.4448200e+05   3.1311035e+01
   7.4452900e+05   2.7832031e+01
   7.4456600e+05   2.4780273e+01
   7.4465200e+05   2.3437500e+01
   7.4467500e+05   4.2236328e+01
   7.4470500e+05   2.3620605e+01
   7.4471700e+05   2.4108887e+01
   7.4478500e+05   3.2165527e+01
   7.4481800e+05   2.5085449e+01
   7.4497300e+05   2.8808594e+01
   7.4523800e+05   2.7404785e+01
   7.4549800e+05   2.4169922e+01
   7.4569700e+05   2.7404785e+01
   7.5496200e+05   2.7893066e+01
   7.5502600e+05   2.9724121e+01
   7.5503900e+05   2.8869629e+01
   7.5507500e+05   2.5939941e+01
   7.5511800e+05   2.8198242e+01
   7.5514900e+05   2.8991699e+01
   7.5524000e+05   2.9724121e+01
   7.5532300e+05   3.8452148e+01
   7.5535700e+05   4.4433594e+01
   7.5540900e+05   6.4086914e+01
   7.5553100e+05   4.7485352e+01
   7.5558600e+05   2.7099609e+01
   7.5567400e+05   3.1738281e+01
   7.5572500e+05   3.1372070e+01
   7.5580500e+05   2.8564453e+01
   7.5582500e+05   3.1127930e+01
   7.5594600e+05   2.4841309e+01
   7.5612500e+05   2.3986816e+01
   7.5619600e+05   2.3437500e+01
   7.6458200e+05   2.4230957e+01
   7.6719600e+05   2.8076172e+01
   7.6723400e+05   2.7343750e+01
   7.6728100e+05   3.1677246e+01
   7.6733100e+05   2.6184082e+01
   7.6735800e+05   2.7587891e+01
   7.6739400e+05   4.3640137e+01
   7.6740900e+05   2.4047852e+01
   7.6744700e+05   4.4433594e+01
   7.6748100e+05   5.0476074e+01
   7.6754400e+05   5.3283691e+01
   7.6757500e+05   2.4597168e+01
   7.6760600e+05   2.5329590e+01
   7.6763700e+05   4.1931152e+01
   7.6769900e+05   3.8452148e+01
   7.6776500e+05   2.7282715e+01
   7.6779500e+05   5.0354004e+01
   7.6784600e+05   3.0761719e+01
   7.6786200e+05   3.8085938e+01
   7.6788600e+05   2.6306152e+01
   7.6799000e+05   2.4108887e+01
   7.6814100e+05   2.6794434e+01
   7.6832700e+05   2.3864746e+01
   7.6853000e+05   4.1748047e+01
   7.6863100e+05   3.1982422e+01
   7.6881300e+05   2.5878906e+01
   7.6907400e+05   2.3803711e+01
   7.7878100e+05   2.5817871e+01
   7.7883100e+05   3.4423828e+01
   7.7884900e+05   3.1555176e+01
   7.7887900e+05   2.7648926e+01
   7.7892800e+05   3.8330078e+01
   7.7902400e+05   3.1921387e+01
   7.7904600e+05   2.5207520e+01
   7.7915200e+05   4.6081543e+01
   7.7917100e+05   2.6794434e+01
   7.7918500e+05   3.1311035e+01
   7.7921200e+05   2.4414062e+01
   7.7926500e+05   2.7709961e+01
   7.7933200e+05   5.8837891e+01
   7.7939400e+05   2.5756836e+01
   7.7951800e+05   2.3742676e+01
   7.7959100e+05   2.5573730e+01
   7.7965900e+05   4.0832520e+01
   7.7979900e+05   3.1005859e+01
   7.7980900e+05   3.1860352e+01
   7.8009600e+05   2.3681641e+01
   7.8014200e+05   2.3681641e+01
   7.8972200e+05   2.6428223e+01
   7.8976800e+05   3.1066895e+01
   7.8979500e+05   2.3986816e+01
   7.8982700e+05   2.4902344e+01
   7.8986000e+05   3.2531738e+01
   7.8988600e+05   2.6306152e+01
   7.8991600e+05   3.2775879e+01
   7.8995100e+05   2.3498535e+01
   7.8997200e+05   2.6184082e+01
   7.9007600e+05   2.4169922e+01
   7.9012000e+05   3.3081055e+01
   7.9017200e+05   5.4199219e+01
   7.9021500e+05   2.7221680e+01
   7.9025900e+05   2.5329590e+01
   7.9031100e+05   2.6550293e+01
   7.9038200e+05   3.9550781e+01
   7.9041200e+05   2.4780273e+01
   7.9044500e+05   2.7099609e+01
   7.9045600e+05   2.5878906e+01
   7.9056500e+05   4.0771484e+01
   7.9070500e+05   3.6926270e+01
   7.9076800e+05   2.6672363e+01
   7.9087800e+05   2.7709961e+01
   7.9105700e+05   2.4841309e+01
   8.0256700e+05   3.4790039e+01
   8.0258100e+05   2.9846191e+01
   8.0266200e+05   2.4536133e+01
   8.0274500e+05   2.8015137e+01
   8.0275800e+05   2.8381348e+01
   8.0277500e+05   3.1494141e+01
   8.0280000e+05   2.6062012e+01
   8.0286100e+05   2.7832031e+01
   8.0289600e+05   3.1005859e+01
   8.0290900e+05   3.3752441e+01
   8.0294000e+05   5.3649902e+01
   8.0296600e+05   2.6550293e+01
   8.0297900e+05   3.6743164e+01
   8.0305700e+05   3.9367676e+01
   8.0310600e+05   2.3864746e+01
   8.0314900e+05   3.9306641e+01
   8.0318500e+05   2.5390625e+01
   8.0322700e+05   3.8635254e+01
   8.0325400e+05   2.9174805e+01
   8.0335900e+05   3.4790039e+01
   8.0339600e+05   2.6000977e+01
   8.0350700e+05   2.6062012e+01
   8.0355300e+05   2.6306152e+01
   8.0375600e+05   2.4536133e+01
   8.0393200e+05   2.6977539e+01
   8.1770500e+05   2.7526855e+01
   8.1773800e+05   3.5888672e+01
   8.1777200e+05   3.7780762e+01
   8.1781100e+05   2.4902344e+01
   8.1786100e+05   2.9296875e+01
   8.1791200e+05   3.0090332e+01
   8.1794000e+05   2.9968262e+01
   8.1796700e+05   4.0832520e+01
   8.1801900e+05   2.6000977e+01
   8.1806300e+05   2.8808594e+01
   8.1808800e+05   5.5908203e+01
   8.1810500e+05   2.8686523e+01
   8.1817900e+05   3.6071777e+01
   8.1821600e+05   2.6062012e+01
   8.1824800e+05   2.4108887e+01
   8.1829400e+05   3.2287598e+01
   8.1831000e+05   3.4729004e+01
   8.1838500e+05   2.3681641e+01
   8.1839500e+05   5.2185059e+01
   8.1846000e+05   3.5400391e+01
   8.1854000e+05   6.0424805e+01
   8.1859600e+05   2.3376465e+01
   8.1864000e+05   2.5451660e+01
   8.1867300e+05   2.4108887e+01
   8.1894700e+05   2.8930664e+01
   8.1908400e+05   2.7893066e+01
   8.1910000e+05   2.4902344e+01
   8.1950900e+05   2.5878906e+01
   8.1977600e+05   2.9174805e+01
   1.2538480e+06   3.1433105e+01
   1.9944510e+06   2.3742676e+01
   2.1613340e+06   3.4973145e+01
   2.5758820e+06   3.1860352e+01
