   3.0000000e+06   0.0000000e+00
   3.9202300e+05   3.3203125e+01
   3.9206600e+05   2.2155762e+01
   3.9210700e+05   2.6000977e+01
   3.9213700e+05   2.8808594e+01
   3.9216000e+05   2.7160645e+01
   3.9218000e+05   3.0029297e+01
   3.9219000e+05   4.6997070e+01
   3.9222200e+05   2.2827148e+01
   3.9225100e+05   3.9489746e+01
   3.9226700e+05   2.4902344e+01
   3.9229700e+05   2.9541016e+01
   3.9233400e+05   3.0761719e+01
   3.9235300e+05   2.9296875e+01
   3.9239500e+05   2.5756836e+01
   3.9242600e+05   2.2644043e+01
   3.9245000e+05   2.3315430e+01
   3.9251200e+05   2.6306152e+01
   3.9256800e+05   2.3193359e+01
   3.9260700e+05   2.2827148e+01
   3.9266800e+05   2.2888184e+01
   3.9293400e+05   2.0935059e+01
   3.9309600e+05   2.3925781e+01
   3.9322000e+05   2.1606445e+01
   3.9325900e+05   2.1667480e+01
   3.9329700e+05   2.1850586e+01
   3.9332300e+05   2.1972656e+01
   3.9335900e+05   2.4963379e+01
   3.9343200e+05   2.2888184e+01
   3.9350000e+05   2.9174805e+01
   3.9360800e+05   2.7221680e+01
   3.9368000e+05   3.2470703e+01
   3.9392700e+05   2.1057129e+01
   3.9394000e+05   3.1982422e+01
   3.9401200e+05   2.5939941e+01
   3.9403900e+05   2.3864746e+01
   3.9408700e+05   2.1850586e+01
   3.9412700e+05   2.8076172e+01
   3.9421400e+05   2.3010254e+01
   3.9431700e+05   2.3498535e+01
   3.9441000e+05   2.2338867e+01
   3.9463100e+05   2.8198242e+01
   3.9496600e+05   2.5756836e+01
   3.9529200e+05   2.6550293e+01
   3.9570600e+05   2.2583008e+01
   3.9604500e+05   3.2470703e+01
   3.9806000e+05   3.4667969e+01
   3.9877900e+05   2.5329590e+01
   3.9921700e+05   2.2277832e+01
   4.0060100e+05   2.7221680e+01
   4.1095500e+05   2.7893066e+01
   4.2316300e+05   2.6733398e+01
   4.2740200e+05   3.3691406e+01
   4.3454400e+05   3.1677246e+01
   4.3498400e+05   3.0151367e+01
   4.3515700e+05   2.7160645e+01
   4.3526700e+05   2.1118164e+01
   4.3538000e+05   3.2348633e+01
   4.3545600e+05   2.3315430e+01
   4.3548500e+05   3.8818359e+01
   4.3561700e+05   3.1250000e+01
   4.3566900e+05   2.2460938e+01
   4.3570800e+05   3.1066895e+01
   4.3572600e+05   2.6367188e+01
   4.3577400e+05   2.3864746e+01
   4.3581400e+05   3.4179688e+01
   4.3585700e+05   3.9245605e+01
   4.3587300e+05   2.3376465e+01
   4.3589600e+05   2.5390625e+01
   4.3592300e+05   3.4362793e+01
   4.3594300e+05   3.7780762e+01
   4.3595600e+05   2.2338867e+01
   4.3597800e+05   2.5573730e+01
   4.3600200e+05   2.8137207e+01
   4.3601400e+05   2.9479980e+01
   4.3604900e+05   2.9724121e+01
   4.3607300e+05   2.7832031e+01
   4.3610200e+05   2.8991699e+01
   4.3611400e+05   2.5024414e+01
   4.3614800e+05   2.6916504e+01
   4.3617200e+05   2.7099609e+01
   4.3646500e+05   2.3498535e+01
   4.3668700e+05   2.3315430e+01
   4.3672500e+05   2.1118164e+01
   4.3673900e+05   2.4047852e+01
   4.3677600e+05   2.4597168e+01
   4.3687600e+05   2.1362305e+01
   4.3692600e+05   2.1362305e+01
   4.3696400e+05   2.4230957e+01
   4.3701000e+05   2.3681641e+01
   4.3710100e+05   2.7709961e+01
   4.3711300e+05   2.2094727e+01
   4.3717100e+05   2.7160645e+01
   4.3725000e+05   3.1311035e+01
   4.3730100e+05   2.1545410e+01
   4.3736800e+05   3.5766602e+01
   4.3766800e+05   2.1911621e+01
   4.3775100e+05   2.6184082e+01
   4.3785900e+05   2.0996094e+01
   4.3797400e+05   2.3620605e+01
   4.3825000e+05   2.3559570e+01
   4.3835300e+05   2.8686523e+01
   4.3866600e+05   2.1606445e+01
   4.3891200e+05   2.0996094e+01
   4.4011100e+05   2.9846191e+01
   4.6014700e+05   2.8381348e+01
   4.7080900e+05   2.3803711e+01
   4.7281100e+05   2.8198242e+01
   4.7725600e+05   3.7231445e+01
   4.7747400e+05   3.3081055e+01
   4.7760000e+05   2.7587891e+01
   4.7772300e+05   2.3193359e+01
   4.7781800e+05   2.4353027e+01
   4.7787000e+05   3.0822754e+01
   4.7804400e+05   2.9602051e+01
   4.7816200e+05   3.2165527e+01
   4.7830600e+05   2.1118164e+01
   4.7849800e+05   2.2705078e+01
   4.8432700e+05   3.1127930e+01
   4.8464400e+05   2.4658203e+01
   4.8669700e+05   3.0212402e+01
   4.8681900e+05   2.8625488e+01
   4.8703600e+05   2.9052734e+01
   4.8739500e+05   2.8686523e+01
   4.9033300e+05   2.3620605e+01
   4.9178800e+05   2.9602051e+01
   4.9193000e+05   3.5217285e+01
   4.9207100e+05   3.5827637e+01
   4.9220900e+05   2.6611328e+01
   4.9253400e+05   2.3864746e+01
   4.9663800e+05   2.7526855e+01
   4.9675800e+05   2.8991699e+01
   4.9683000e+05   2.8747559e+01
   4.9693400e+05   2.6184082e+01
   4.9706300e+05   2.8625488e+01
   4.9720800e+05   2.5085449e+01
   4.9733800e+05   2.4963379e+01
   5.0147100e+05   2.8991699e+01
   5.0156400e+05   3.3752441e+01
   5.0163000e+05   2.8686523e+01
   5.0175600e+05   3.2775879e+01
   5.0193600e+05   3.0456543e+01
   5.0208500e+05   2.5695801e+01
   5.0232600e+05   2.9418945e+01
   5.0470200e+05   3.2592773e+01
   5.0798800e+05   2.8137207e+01
   5.0806500e+05   2.8320312e+01
   5.0814700e+05   3.4484863e+01
   5.0822300e+05   2.5634766e+01
   5.0831900e+05   2.7160645e+01
   5.0842600e+05   2.1484375e+01
   5.0843900e+05   2.3132324e+01
   5.0845800e+05   2.1179199e+01
   5.0859400e+05   2.9479980e+01
   5.0876900e+05   2.3254395e+01
   5.0878100e+05   2.0996094e+01
   5.0882500e+05   2.7587891e+01
   5.0885100e+05   3.9733887e+01
   5.0889600e+05   2.3254395e+01
   5.0894500e+05   2.5207520e+01
   5.0909100e+05   2.3742676e+01
   5.0923200e+05   2.1423340e+01
   5.0928700e+05   3.4973145e+01
   5.0931300e+05   2.9724121e+01
   5.0951000e+05   3.6621094e+01
   5.0971300e+05   2.2888184e+01
   5.1571000e+05   3.6193848e+01
   5.1580000e+05   3.4484863e+01
   5.1917400e+05   3.4179688e+01
   5.1931100e+05   2.5756836e+01
   5.1945900e+05   3.0395508e+01
   5.1966900e+05   3.5034180e+01
   5.1988000e+05   2.1423340e+01
   5.2335700e+05   2.8930664e+01
   5.2343500e+05   2.9724121e+01
   5.2360100e+05   2.5085449e+01
   5.2377400e+05   2.5329590e+01
   5.2401500e+05   2.9479980e+01
   5.2772800e+05   2.6367188e+01
   5.2781600e+05   2.7770996e+01
   5.2793000e+05   3.2348633e+01
   5.2805000e+05   2.2644043e+01
   5.2819000e+05   2.8381348e+01
   5.2838500e+05   2.5939941e+01
   5.3315600e+05   3.0090332e+01
   5.3322100e+05   3.0761719e+01
   5.3335500e+05   2.6733398e+01
   5.3346000e+05   3.1982422e+01
   5.3369500e+05   2.4658203e+01
   5.3389400e+05   2.5939941e+01
   5.3839300e+05   2.3010254e+01
   5.3845000e+05   3.3325195e+01
   5.3852100e+05   2.7893066e+01
   5.3863800e+05   2.5878906e+01
   5.3879900e+05   2.4780273e+01
   5.3893200e+05   2.5573730e+01
   5.3907700e+05   2.7709961e+01
   5.3920700e+05   2.9846191e+01
   5.3963100e+05   2.5695801e+01
   5.4303600e+05   2.9541016e+01
   5.4311600e+05   2.5573730e+01
   5.4320700e+05   3.1372070e+01
   5.4329000e+05   2.6000977e+01
   5.4352300e+05   2.6306152e+01
   5.4668400e+05   2.9479980e+01
   5.4676700e+05   2.3071289e+01
   5.4685600e+05   2.7954102e+01
   5.4693700e+05   3.2287598e+01
   5.4712200e+05   2.3376465e+01
   5.4724900e+05   2.2644043e+01
   5.5215900e+05   2.6916504e+01
   5.5222200e+05   2.4780273e+01
   5.5230400e+05   2.2888184e+01
   5.5241100e+05   2.5085449e+01
   5.5249300e+05   2.2277832e+01
   5.5268400e+05   3.2653809e+01
   5.5288800e+05   2.7526855e+01
   5.5312700e+05   2.3010254e+01
   5.5352800e+05   2.4169922e+01
   5.5658800e+05   2.6367188e+01
   5.5666500e+05   4.1564941e+01
   5.5667900e+05   2.1972656e+01
   5.5676100e+05   2.2094727e+01
   5.5690300e+05   3.0212402e+01
   5.5705100e+05   2.8625488e+01
   5.5722700e+05   2.7648926e+01
   5.6177500e+05   3.5400391e+01
   5.6183200e+05   2.7099609e+01
   5.6193600e+05   2.7893066e+01
   5.6200500e+05   2.9174805e+01
   5.6206000e+05   2.6855469e+01
   5.6243700e+05   2.3254395e+01
   5.6255300e+05   2.6550293e+01
   5.6804000e+05   2.8442383e+01
   5.6809200e+05   3.0151367e+01
   5.6816000e+05   3.0822754e+01
   5.6824900e+05   2.3559570e+01
   5.6833200e+05   3.2836914e+01
   5.6844400e+05   2.9357910e+01
   5.6860200e+05   2.4414062e+01
   5.6876900e+05   2.9663086e+01
   5.6898100e+05   2.9785156e+01
   5.7429200e+05   2.8991699e+01
   5.7433800e+05   3.2653809e+01
   5.7443000e+05   2.8808594e+01
   5.7450300e+05   2.7038574e+01
   5.7459300e+05   2.1850586e+01
   5.7475000e+05   2.6123047e+01
   5.7491000e+05   2.4475098e+01
   5.7519400e+05   2.8564453e+01
   5.7545200e+05   2.7954102e+01
   5.8039200e+05   3.0639648e+01
   5.8043300e+05   2.7221680e+01
   5.8048500e+05   2.5878906e+01
   5.8057500e+05   2.7526855e+01
   5.8071300e+05   2.7954102e+01
   5.8080600e+05   2.6123047e+01
   5.8095200e+05   2.4658203e+01
   5.8110800e+05   2.9968262e+01
   5.8121000e+05   2.5146484e+01
   5.8653400e+05   2.2338867e+01
   5.8658700e+05   3.0761719e+01
   5.8664100e+05   2.6611328e+01
   5.8672900e+05   2.8442383e+01
   5.8683300e+05   2.5268555e+01
   5.8698100e+05   3.0578613e+01
   5.8705500e+05   3.1860352e+01
   5.8724800e+05   2.7526855e+01
   5.8739500e+05   2.8991699e+01
   5.8768100e+05   2.2521973e+01
   5.9228600e+05   2.9235840e+01
   5.9234200e+05   2.8503418e+01
   5.9242300e+05   2.8442383e+01
   5.9248700e+05   2.8198242e+01
   5.9273000e+05   2.3315430e+01
   5.9296700e+05   2.8137207e+01
   5.9823900e+05   3.2470703e+01
   5.9829400e+05   3.3203125e+01
   5.9837600e+05   3.3203125e+01
   5.9855800e+05   2.7465820e+01
   5.9868000e+05   2.2155762e+01
   5.9883400e+05   2.4963379e+01
   5.9903300e+05   2.7038574e+01
   5.9918800e+05   3.0029297e+01
   6.0433000e+05   2.7404785e+01
   6.0438000e+05   2.7709961e+01
   6.0446200e+05   2.9968262e+01
   6.0452700e+05   2.4963379e+01
   6.0465300e+05   2.6733398e+01
   6.0480800e+05   2.9113770e+01
   6.0497300e+05   2.4536133e+01
   6.0509600e+05   2.2949219e+01
   6.1272600e+05   2.7526855e+01
   6.1281200e+05   2.5085449e+01
   6.1288700e+05   2.4047852e+01
   6.1296800e+05   2.9357910e+01
   6.1303900e+05   2.2399902e+01
   6.1318500e+05   3.1677246e+01
   6.1328500e+05   2.8320313e+01
   6.1339000e+05   2.5390625e+01
   6.1351900e+05   2.3376465e+01
   6.1373300e+05   2.9907227e+01
   6.1443200e+05   2.3620605e+01
   6.2071700e+05   2.6489258e+01
   6.2076700e+05   3.1494141e+01
   6.2081000e+05   2.6489258e+01
   6.2088100e+05   3.0090332e+01
   6.2097300e+05   2.9174805e+01
   6.2105300e+05   2.6855469e+01
   6.2115800e+05   2.4230957e+01
   6.2127300e+05   2.2888184e+01
   6.2141600e+05   2.3803711e+01
   6.2154200e+05   2.1179199e+01
   6.2169700e+05   2.2338867e+01
   6.2190000e+05   2.4963379e+01
   6.2780700e+05   2.6123047e+01
   6.2786600e+05   2.9174805e+01
   6.2792900e+05   2.6123047e+01
   6.2800100e+05   2.5451660e+01
   6.2808000e+05   2.3742676e+01
   6.2822900e+05   3.1127930e+01
   6.2835100e+05   2.5573730e+01
   6.2850600e+05   2.4902344e+01
   6.2866000e+05   2.2338867e+01
   6.3331800e+05   3.1555176e+01
   6.3338300e+05   2.1606445e+01
   6.3344000e+05   2.9541016e+01
   6.3352800e+05   2.5329590e+01
   6.3363200e+05   2.2827148e+01
   6.3380900e+05   2.6367188e+01
   6.3403100e+05   2.1911621e+01
   6.4076900e+05   3.7231445e+01
   6.4080500e+05   2.4536133e+01
   6.4085000e+05   2.5268555e+01
   6.4092800e+05   2.8991699e+01
   6.4104300e+05   2.9052734e+01
   6.4112900e+05   3.3569336e+01
   6.4124300e+05   2.4597168e+01
   6.4139200e+05   2.1667480e+01
   6.4153700e+05   2.3925781e+01
   6.4171800e+05   2.6550293e+01
   6.4186800e+05   2.3559570e+01
   6.4884900e+05   3.1311035e+01
   6.4891400e+05   3.8940430e+01
   6.4897100e+05   2.8320312e+01
   6.4904800e+05   2.4963379e+01
   6.4914300e+05   2.6489258e+01
   6.4925400e+05   3.2470703e+01
   6.4946500e+05   2.8137207e+01
   6.4956800e+05   2.7038574e+01
   6.4973000e+05   2.3071289e+01
   6.4991500e+05   2.9174805e+01
   6.5636600e+05   2.7709961e+01
   6.5641500e+05   2.7832031e+01
   6.5642800e+05   2.1301270e+01
   6.5645900e+05   2.1606445e+01
   6.5650300e+05   2.1057129e+01
   6.5652000e+05   2.6062012e+01
   6.5663500e+05   2.7099609e+01
   6.5678200e+05   2.3620605e+01
   6.5693800e+05   2.9479980e+01
   6.5706900e+05   2.3193359e+01
   6.5722000e+05   2.7099609e+01
   6.5743000e+05   3.1311035e+01
   6.6230200e+05   2.7587891e+01
   6.6236400e+05   2.4780273e+01
   6.6242300e+05   2.4047852e+01
   6.6253200e+05   2.8320312e+01
   6.6271600e+05   2.5329590e+01
   6.6300200e+05   2.5024414e+01
   6.6335900e+05   2.7954102e+01
   6.6809700e+05   3.1677246e+01
   6.6816900e+05   2.3925781e+01
   6.6821100e+05   2.1789551e+01
   6.6830000e+05   2.9602051e+01
   6.6840500e+05   2.3437500e+01
   6.6850400e+05   2.2583008e+01
   6.6887400e+05   2.8137207e+01
   6.7508100e+05   3.3752441e+01
   6.7514600e+05   3.5888672e+01
   6.7524300e+05   2.5695801e+01
   6.7531600e+05   2.1301270e+01
   6.7542100e+05   2.5634766e+01
   6.7555500e+05   2.2155762e+01
   6.7567300e+05   2.2766113e+01
   6.7590700e+05   2.2338867e+01
   6.8411100e+05   3.7780762e+01
   6.8417000e+05   2.2521973e+01
   6.8424000e+05   2.5878906e+01
   6.8432100e+05   2.4108887e+01
   6.8440600e+05   2.2583008e+01
   6.8456300e+05   2.4597168e+01
   6.8471700e+05   2.3925781e+01
   6.8491500e+05   2.7343750e+01
   6.9248100e+05   3.3630371e+01
   6.9253300e+05   3.1433105e+01
   6.9263200e+05   3.6132812e+01
   6.9270700e+05   3.0639648e+01
   6.9279700e+05   2.2583008e+01
   6.9291700e+05   2.7526855e+01
   6.9322700e+05   2.4597168e+01
   6.9336500e+05   2.0874023e+01
   7.0053900e+05   3.2775879e+01
   7.0058300e+05   2.5939941e+01
   7.0068400e+05   3.2226562e+01
   7.0078900e+05   2.5756836e+01
   7.0090600e+05   3.0212402e+01
   7.0103500e+05   2.9296875e+01
   7.0130800e+05   2.8808594e+01
   7.1005600e+05   3.0029297e+01
   7.1012600e+05   2.5085449e+01
   7.1018000e+05   2.2949219e+01
   7.1027300e+05   4.0405273e+01
   7.1047100e+05   2.2460938e+01
   7.1058000e+05   2.4597168e+01
   7.1081000e+05   2.5451660e+01
   7.1103700e+05   2.6977539e+01
   7.2071900e+05   2.9174805e+01
   7.2077500e+05   3.0212402e+01
   7.2085200e+05   2.0996094e+01
   7.2091000e+05   2.2705078e+01
   7.2106000e+05   2.9724121e+01
   7.2122800e+05   2.7648926e+01
   7.2135100e+05   2.6977539e+01
   7.2149900e+05   2.5268555e+01
   7.2165900e+05   3.0395508e+01
   7.2874900e+05   2.9418945e+01
   7.2883500e+05   3.2470703e+01
   7.2900500e+05   3.2348633e+01
   7.2911700e+05   2.6123047e+01
   7.2932100e+05   2.7038574e+01
   7.2951400e+05   2.2644043e+01
   7.3666100e+05   2.7282715e+01
   7.3673100e+05   3.0395508e+01
   7.3684700e+05   2.1911621e+01
   7.3693800e+05   2.3681641e+01
   7.4438500e+05   2.7587891e+01
   7.4447300e+05   2.5085449e+01
   7.4457200e+05   3.1433105e+01
   7.4471600e+05   2.2155762e+01
   7.4481200e+05   2.7893066e+01
   7.4511000e+05   2.9357910e+01
   7.5509300e+05   2.6367188e+01
   7.5517000e+05   2.7099609e+01
   7.5526000e+05   2.5512695e+01
   7.5538600e+05   2.3010254e+01
   7.5570400e+05   2.4963379e+01
   7.6724600e+05   2.5207520e+01
   7.6732000e+05   2.6428223e+01
   7.6742200e+05   2.8381348e+01
   7.6755100e+05   2.7770996e+01
   7.6768200e+05   2.7587891e+01
   7.6793900e+05   2.1972656e+01
   7.6824800e+05   2.9296875e+01
   7.7890500e+05   2.7038574e+01
   7.7913200e+05   3.1188965e+01
   7.7936100e+05   2.9296875e+01
   7.7983200e+05   2.5756836e+01
   7.8985300e+05   2.6367188e+01
   7.8999100e+05   2.8442383e+01
   7.9010000e+05   3.5339355e+01
   7.9031000e+05   2.5573730e+01
   8.0261900e+05   2.6977539e+01
   8.0270800e+05   2.3071289e+01
   8.0287700e+05   2.6367188e+01
   8.0315500e+05   2.7770996e+01
   8.1785100e+05   2.6672363e+01
   8.1795100e+05   3.0395508e+01
   8.1812400e+05   2.9235840e+01
   8.1822900e+05   2.0996094e+01
   8.1848200e+05   3.6376953e+01
   8.1860000e+05   2.8137207e+01
