   3.0000000e+06   0.0000000e+00
   1.1390000e+03   2.3193359e+01
   9.1680000e+03   2.3803711e+01
   1.1447000e+04   2.7099609e+01
   2.6299000e+04   2.4841309e+01
   2.8930000e+04   2.9357910e+01
   3.3229000e+04   2.5207520e+01
   3.7463000e+04   2.4169922e+01
   4.5661000e+04   2.3925781e+01
   4.9619000e+04   2.5146484e+01
   6.8437000e+04   2.3925781e+01
   7.7658000e+04   2.4597168e+01
   8.4177000e+04   2.4475098e+01
   8.6480000e+04   2.5268555e+01
   9.0255000e+04   2.3132324e+01
   9.1872000e+04   2.6428223e+01
   9.2714000e+04   2.5390625e+01
   9.4668000e+04   2.9052734e+01
   1.0146200e+05   2.3498535e+01
   1.0323900e+05   2.6794434e+01
   1.0666100e+05   2.3437500e+01
   1.0918000e+05   2.5268555e+01
   1.1362900e+05   2.3437500e+01
   1.1559000e+05   2.3498535e+01
   1.1788000e+05   2.5268555e+01
   1.3031400e+05   2.3071289e+01
   1.3237700e+05   2.4291992e+01
   1.3941800e+05   2.3010254e+01
   1.4432400e+05   2.5634766e+01
   1.5767900e+05   2.3559570e+01
   1.6780800e+05   2.4536133e+01
   1.7443000e+05   2.4780273e+01
   1.7696900e+05   2.3010254e+01
   1.8964800e+05   2.3315430e+01
   1.9206100e+05   2.3437500e+01
   1.9595600e+05   2.6794434e+01
   2.0293300e+05   2.5573730e+01
   2.1371200e+05   2.6611328e+01
   2.1488600e+05   2.3803711e+01
   2.1605700e+05   2.3071289e+01
   2.3775600e+05   2.3254395e+01
   2.4215300e+05   2.3010254e+01
   2.6196000e+05   2.5207520e+01
   2.8535300e+05   2.5085449e+01
   3.0396300e+05   2.4536133e+01
   3.1457100e+05   2.3132324e+01
   3.2859600e+05   2.3498535e+01
   3.7986200e+05   2.3986816e+01
   3.8826900e+05   2.5451660e+01
   3.9214600e+05   2.8808594e+01
   3.9216500e+05   2.7160645e+01
   3.9221400e+05   3.1250000e+01
   3.9223300e+05   3.8391113e+01
   3.9226300e+05   4.3823242e+01
   3.9229500e+05   3.0578613e+01
   3.9230600e+05   4.2419434e+01
   3.9233700e+05   2.3803711e+01
   3.9238000e+05   5.8532715e+01
   3.9240700e+05   5.1452637e+01
   3.9243400e+05   4.9987793e+01
   3.9245300e+05   4.0283203e+01
   3.9248400e+05   2.4597168e+01
   3.9251700e+05   3.0822754e+01
   3.9253200e+05   3.4851074e+01
   3.9256600e+05   3.1372070e+01
   3.9260000e+05   2.7404785e+01
   3.9261300e+05   3.0151367e+01
   3.9264200e+05   2.3254395e+01
   3.9265200e+05   2.3864746e+01
   3.9268000e+05   3.1616211e+01
   3.9269000e+05   2.4475098e+01
   3.9273800e+05   2.4291992e+01
   3.9276900e+05   2.7770996e+01
   3.9279700e+05   2.8808594e+01
   3.9283100e+05   2.6916504e+01
   3.9290200e+05   3.6499023e+01
   3.9294800e+05   3.2897949e+01
   3.9306100e+05   2.5756836e+01
   3.9311400e+05   2.5878906e+01
   3.9316100e+05   3.0700684e+01
   3.9318200e+05   2.3437500e+01
   3.9319900e+05   2.3498535e+01
   3.9329400e+05   3.2165527e+01
   3.9330600e+05   2.3620605e+01
   3.9334400e+05   2.3498535e+01
   3.9342300e+05   2.8076172e+01
   3.9343500e+05   2.4963379e+01
   3.9346800e+05   2.5756836e+01
   3.9349500e+05   3.1616211e+01
   3.9351400e+05   2.3681641e+01
   3.9354200e+05   2.5878906e+01
   3.9361800e+05   2.5512695e+01
   3.9363700e+05   2.9479980e+01
   3.9366200e+05   2.3010254e+01
   3.9370300e+05   3.2287598e+01
   3.9376600e+05   2.3376465e+01
   3.9380000e+05   2.3010254e+01
   3.9383600e+05   2.5329590e+01
   3.9387400e+05   2.3742676e+01
   3.9389000e+05   2.6489258e+01
   3.9390700e+05   2.3437500e+01
   3.9393900e+05   3.1921387e+01
   3.9402600e+05   2.6123047e+01
   3.9415200e+05   2.4169922e+01
   3.9422200e+05   2.5146484e+01
   3.9440300e+05   2.8259277e+01
   3.9443100e+05   2.3498535e+01
   3.9454700e+05   2.7648926e+01
   3.9518700e+05   2.4841309e+01
   3.9978700e+05   2.8869629e+01
   4.0066700e+05   2.3498535e+01
   4.0097800e+05   2.3742676e+01
   4.0370600e+05   2.3315430e+01
   4.0438700e+05   2.3254395e+01
   4.0496400e+05   2.3498535e+01
   4.0518700e+05   2.5329590e+01
   4.0535500e+05   2.3376465e+01
   4.0612400e+05   2.3925781e+01
   4.0730500e+05   2.6489258e+01
   4.0825200e+05   2.3437500e+01
   4.0934000e+05   2.3681641e+01
   4.1016300e+05   2.5451660e+01
   4.1040000e+05   2.3864746e+01
   4.1042500e+05   2.8137207e+01
   4.1279900e+05   2.4536133e+01
   4.1326400e+05   2.4108887e+01
   4.1397300e+05   2.5329590e+01
   4.1458100e+05   2.7587891e+01
   4.1487200e+05   2.4353027e+01
   4.1576400e+05   2.4536133e+01
   4.1614500e+05   2.3742676e+01
   4.1880200e+05   2.3498535e+01
   4.1990900e+05   2.3498535e+01
   4.2029300e+05   2.5878906e+01
   4.2063400e+05   2.4963379e+01
   4.2147100e+05   2.3925781e+01
   4.2199400e+05   2.3559570e+01
   4.2228400e+05   2.4536133e+01
   4.2267300e+05   2.6245117e+01
   4.2337700e+05   2.3925781e+01
   4.2406600e+05   2.6672363e+01
   4.2444900e+05   2.5451660e+01
   4.2629400e+05   2.3132324e+01
   4.2721500e+05   2.3315430e+01
   4.2757600e+05   2.5451660e+01
   4.2819600e+05   2.3681641e+01
   4.2849500e+05   2.5817871e+01
   4.3092000e+05   2.4902344e+01
   4.3140100e+05   2.5207520e+01
   4.3169100e+05   2.3010254e+01
   4.3387100e+05   2.6855469e+01
   4.3455400e+05   2.3742676e+01
   4.3494300e+05   2.3254395e+01
   4.3503000e+05   3.0334473e+01
   4.3510900e+05   5.3100586e+01
   4.3513300e+05   2.4597168e+01
   4.3518300e+05   2.7587891e+01
   4.3520400e+05   2.7770996e+01
   4.3523700e+05   3.7963867e+01
   4.3525300e+05   2.3803711e+01
   4.3532200e+05   3.2775879e+01
   4.3533900e+05   2.8442383e+01
   4.3537700e+05   2.6794434e+01
   4.3540500e+05   6.4270020e+01
   4.3542900e+05   2.3864746e+01
   4.3545900e+05   2.3254395e+01
   4.3548500e+05   6.9152832e+01
   4.3551000e+05   2.3925781e+01
   4.3554400e+05   2.8686523e+01
   4.3556300e+05   4.9743652e+01
   4.3557600e+05   2.5268555e+01
   4.3561300e+05   3.2165527e+01
   4.3563400e+05   4.2541504e+01
   4.3565200e+05   2.5268555e+01
   4.3568400e+05   2.7648926e+01
   4.3572100e+05   4.6569824e+01
   4.3574700e+05   2.5634766e+01
   4.3576000e+05   2.5268555e+01
   4.3579100e+05   4.7485352e+01
   4.3580800e+05   2.6733398e+01
   4.3582200e+05   4.2236328e+01
   4.3588700e+05   2.5024414e+01
   4.3590300e+05   3.3813477e+01
   4.3592200e+05   2.8320312e+01
   4.3594600e+05   4.1137695e+01
   4.3597100e+05   3.5461426e+01
   4.3599300e+05   3.2226562e+01
   4.3601500e+05   3.8940430e+01
   4.3603600e+05   2.8747559e+01
   4.3606500e+05   4.7668457e+01
   4.3609900e+05   4.1870117e+01
   4.3614900e+05   3.3752441e+01
   4.3616500e+05   3.0029297e+01
   4.3620000e+05   2.3071289e+01
   4.3622900e+05   2.6855469e+01
   4.3626200e+05   2.3376465e+01
   4.3633300e+05   2.4169922e+01
   4.3643800e+05   2.8320312e+01
   4.3649000e+05   2.9052734e+01
   4.3653800e+05   2.3864746e+01
   4.3666100e+05   2.3437500e+01
   4.3675200e+05   2.6184082e+01
   4.3681100e+05   2.3010254e+01
   4.3691800e+05   2.8991699e+01
   4.3699400e+05   2.3315430e+01
   4.3719700e+05   3.8146973e+01
   4.3723300e+05   2.3315430e+01
   4.3759400e+05   2.3681641e+01
   4.3783100e+05   2.5512695e+01
   4.5146700e+05   2.7038574e+01
   4.5289800e+05   2.3986816e+01
   4.5593300e+05   2.3681641e+01
   4.5640700e+05   2.4963379e+01
   4.5835500e+05   2.3620605e+01
   4.6137400e+05   2.5207520e+01
   4.6309300e+05   2.3132324e+01
   4.6631000e+05   2.3132324e+01
   4.6736500e+05   2.3315430e+01
   4.6760900e+05   2.9296875e+01
   4.6774100e+05   2.3803711e+01
   4.6905300e+05   2.3742676e+01
   4.6949500e+05   2.3254395e+01
   4.7081000e+05   2.5695801e+01
   4.7519900e+05   2.3193359e+01
   4.7606200e+05   2.7893066e+01
   4.7730400e+05   2.5817871e+01
   4.7738000e+05   4.8339844e+01
   4.7754100e+05   2.5634766e+01
   4.7756800e+05   2.5085449e+01
   4.7760800e+05   2.7404785e+01
   4.7764300e+05   2.4658203e+01
   4.7765300e+05   5.0415039e+01
   4.7771100e+05   2.6000977e+01
   4.7773700e+05   2.7343750e+01
   4.7777400e+05   7.1228027e+01
   4.7780900e+05   2.7343750e+01
   4.7789100e+05   5.5603027e+01
   4.7790300e+05   2.4963379e+01
   4.7793500e+05   2.5695801e+01
   4.7795500e+05   2.6672363e+01
   4.7802900e+05   2.6245117e+01
   4.7804700e+05   2.7526855e+01
   4.7813100e+05   2.5573730e+01
   4.7816000e+05   3.3020020e+01
   4.7817100e+05   2.4475098e+01
   4.7820600e+05   4.7302246e+01
   4.7822800e+05   2.4902344e+01
   4.7826200e+05   2.6000977e+01
   4.7834000e+05   2.8869629e+01
   4.7835500e+05   4.2724609e+01
   4.7839800e+05   5.1269531e+01
   4.7842600e+05   2.5146484e+01
   4.7850000e+05   2.5451660e+01
   4.7855500e+05   2.4230957e+01
   4.7858800e+05   2.5695801e+01
   4.7878500e+05   2.8503418e+01
   4.8285600e+05   2.3681641e+01
   4.8421100e+05   2.5756836e+01
   4.8448500e+05   2.5207520e+01
   4.8472300e+05   2.4353027e+01
   4.8674500e+05   2.4414063e+01
   4.8681200e+05   2.5329590e+01
   4.8688100e+05   2.5817871e+01
   4.8692200e+05   2.4353027e+01
   4.8700000e+05   4.9316406e+01
   4.8701000e+05   4.3884277e+01
   4.8715800e+05   5.8410645e+01
   4.8719400e+05   3.5156250e+01
   4.8722400e+05   2.4719238e+01
   4.8723500e+05   2.3132324e+01
   4.8727200e+05   2.6000977e+01
   4.8729500e+05   2.5634766e+01
   4.8738000e+05   2.5634766e+01
   4.8740100e+05   5.1025391e+01
   4.8742600e+05   2.7465820e+01
   4.8746000e+05   2.3071289e+01
   4.9035400e+05   2.4719238e+01
   4.9191700e+05   6.2683105e+01
   4.9204700e+05   3.1433105e+01
   4.9207700e+05   4.0161133e+01
   4.9210800e+05   2.4169922e+01
   4.9224600e+05   3.6987305e+01
   4.9232000e+05   2.7465820e+01
   4.9253500e+05   6.0058594e+01
   4.9254700e+05   2.6794434e+01
   4.9256000e+05   2.5268555e+01
   4.9281300e+05   3.0212402e+01
   4.9674600e+05   2.4291992e+01
   4.9677400e+05   2.3559570e+01
   4.9696400e+05   7.8125000e+01
   4.9699100e+05   3.0456543e+01
   4.9705700e+05   2.4536133e+01
   4.9715300e+05   5.8288574e+01
   4.9718100e+05   3.1982422e+01
   4.9719500e+05   2.5512695e+01
   4.9731400e+05   2.3132324e+01
   4.9766600e+05   2.7404785e+01
   5.0151200e+05   3.6743164e+01
   5.0160300e+05   5.2368164e+01
   5.0163700e+05   2.8198242e+01
   5.0170800e+05   3.1738281e+01
   5.0172300e+05   3.8269043e+01
   5.0176400e+05   2.6428223e+01
   5.0177400e+05   2.3254395e+01
   5.0182600e+05   5.1696777e+01
   5.0185200e+05   2.4719238e+01
   5.0187500e+05   2.7954102e+01
   5.0196800e+05   4.8828125e+01
   5.0205200e+05   2.9052734e+01
   5.0215800e+05   2.7465820e+01
   5.0222000e+05   4.7302246e+01
   5.0482900e+05   2.3742676e+01
   5.0800600e+05   2.6000977e+01
   5.0804300e+05   2.7832031e+01
   5.0806300e+05   2.4047852e+01
   5.0810100e+05   5.0964355e+01
   5.0813700e+05   2.4230957e+01
   5.0814800e+05   2.9113770e+01
   5.0817900e+05   4.7607422e+01
   5.0820800e+05   2.4047852e+01
   5.0825600e+05   5.8654785e+01
   5.0827000e+05   3.8391113e+01
   5.0834200e+05   3.6682129e+01
   5.0843700e+05   6.1096191e+01
   5.0848100e+05   4.1381836e+01
   5.0855500e+05   4.1687012e+01
   5.0857500e+05   2.8320312e+01
   5.0859300e+05   3.1005859e+01
   5.0862900e+05   2.4108887e+01
   5.0865600e+05   2.4902344e+01
   5.0868300e+05   4.5227051e+01
   5.0870900e+05   2.4658203e+01
   5.0874100e+05   2.6184082e+01
   5.0879400e+05   2.7954102e+01
   5.0881400e+05   3.9855957e+01
   5.0882700e+05   2.5390625e+01
   5.0890100e+05   3.1188965e+01
   5.0895200e+05   4.5898438e+01
   5.0899000e+05   2.7648926e+01
   5.0900700e+05   2.7465820e+01
   5.0908900e+05   2.5085449e+01
   5.0916300e+05   2.9785156e+01
   5.0933900e+05   2.3559570e+01
   5.0947300e+05   2.5207520e+01
   5.1585000e+05   2.9296875e+01
   5.1595900e+05   2.7648926e+01
   5.1602900e+05   2.7282715e+01
   5.1613100e+05   2.3864746e+01
   5.1923700e+05   2.3254395e+01
   5.1927900e+05   2.4963379e+01
   5.1929400e+05   2.3437500e+01
   5.1936100e+05   2.5146484e+01
   5.1937100e+05   6.2377930e+01
   5.1942200e+05   2.7038574e+01
   5.1947100e+05   3.1494141e+01
   5.1948500e+05   3.0273438e+01
   5.1949800e+05   4.4494629e+01
   5.1960500e+05   2.9724121e+01
   5.1968700e+05   5.1391602e+01
   5.1984200e+05   3.5339355e+01
   5.2002200e+05   2.3376465e+01
   5.2006100e+05   2.4291992e+01
   5.2343000e+05   2.6306152e+01
   5.2352900e+05   2.5024414e+01
   5.2364400e+05   5.6701660e+01
   5.2372400e+05   3.3508301e+01
   5.2376600e+05   2.5146484e+01
   5.2781500e+05   3.6010742e+01
   5.2788600e+05   5.7250977e+01
   5.2792400e+05   3.4240723e+01
   5.2798100e+05   3.2409668e+01
   5.2801000e+05   4.5288086e+01
   5.2804000e+05   5.0415039e+01
   5.2828500e+05   5.0476074e+01
   5.2843600e+05   3.4118652e+01
   5.2859600e+05   2.3010254e+01
   5.2874300e+05   2.5024414e+01
   5.3326600e+05   2.4414062e+01
   5.3328400e+05   2.6184082e+01
   5.3333200e+05   4.9560547e+01
   5.3343900e+05   5.4443359e+01
   5.3349100e+05   2.7282715e+01
   5.3352400e+05   2.4841309e+01
   5.3355900e+05   2.5939941e+01
   5.3358600e+05   3.8635254e+01
   5.3360600e+05   2.5878906e+01
   5.3365200e+05   2.5634766e+01
   5.3366700e+05   2.7893066e+01
   5.3851100e+05   2.3376465e+01
   5.3856600e+05   3.0090332e+01
   5.3862900e+05   4.4433594e+01
   5.3864800e+05   2.5695801e+01
   5.3871400e+05   2.3254395e+01
   5.3874400e+05   3.7597656e+01
   5.3876200e+05   4.3762207e+01
   5.3882000e+05   2.3925781e+01
   5.3895400e+05   2.3986816e+01
   5.3897700e+05   3.4362793e+01
   5.3902900e+05   2.7160645e+01
   5.3910900e+05   2.4475098e+01
   5.3914300e+05   2.4169922e+01
   5.3917600e+05   2.3132324e+01
   5.3921700e+05   3.3630371e+01
   5.4313900e+05   2.3681641e+01
   5.4318600e+05   2.3254395e+01
   5.4323000e+05   2.3498535e+01
   5.4341600e+05   2.4475098e+01
   5.4676900e+05   2.4963379e+01
   5.4681800e+05   2.5878906e+01
   5.4686100e+05   5.3710938e+01
   5.4688200e+05   2.3498535e+01
   5.4694200e+05   2.7038574e+01
   5.4696700e+05   3.4667969e+01
   5.4699000e+05   4.5410156e+01
   5.4704300e+05   2.4536133e+01
   5.4708900e+05   2.8503418e+01
   5.4715400e+05   2.6611328e+01
   5.4718200e+05   2.7709961e+01
   5.4724700e+05   2.3315430e+01
   5.4730900e+05   2.3071289e+01
   5.4738200e+05   2.4169922e+01
   5.4790500e+05   2.3986816e+01
   5.5225900e+05   2.7404785e+01
   5.5234200e+05   3.8085938e+01
   5.5243000e+05   2.7587891e+01
   5.5244100e+05   2.4230957e+01
   5.5248200e+05   6.3598633e+01
   5.5258300e+05   2.3132324e+01
   5.5264600e+05   2.3193359e+01
   5.5666800e+05   2.3193359e+01
   5.5671200e+05   2.5146484e+01
   5.5674300e+05   2.6489258e+01
   5.5677200e+05   2.6184082e+01
   5.5679700e+05   2.3559570e+01
   5.5683400e+05   2.3315430e+01
   5.5688700e+05   2.5512695e+01
   5.5690700e+05   4.3090820e+01
   5.5692900e+05   2.3986816e+01
   5.5701200e+05   2.5573730e+01
   5.6190000e+05   2.3864746e+01
   5.6191900e+05   2.3742676e+01
   5.6198300e+05   2.6367188e+01
   5.6200100e+05   6.8847656e+01
   5.6205000e+05   2.9602051e+01
   5.6209000e+05   2.4414062e+01
   5.6211000e+05   4.6020508e+01
   5.6213900e+05   2.8259277e+01
   5.6220800e+05   3.0212402e+01
   5.6223700e+05   2.3132324e+01
   5.6231200e+05   5.5236816e+01
   5.6238600e+05   2.5329590e+01
   5.6245000e+05   2.3376465e+01
   5.6317100e+05   2.5573730e+01
   5.6812200e+05   2.4230957e+01
   5.6814500e+05   2.3254395e+01
   5.6818100e+05   3.1372070e+01
   5.6823800e+05   5.2978516e+01
   5.6828000e+05   2.5146484e+01
   5.6830300e+05   2.3071289e+01
   5.6833500e+05   2.4475098e+01
   5.6839900e+05   2.3681641e+01
   5.6843300e+05   5.6213379e+01
   5.6857300e+05   2.3010254e+01
   5.6863500e+05   3.9855957e+01
   5.6872100e+05   3.0944824e+01
   5.7442400e+05   2.3071289e+01
   5.7444200e+05   2.8564453e+01
   5.7450000e+05   2.7404785e+01
   5.7453700e+05   2.3925781e+01
   5.7456700e+05   2.5939941e+01
   5.7462900e+05   4.2846680e+01
   5.7481200e+05   2.4963379e+01
   5.7526800e+05   2.5573730e+01
   5.7537900e+05   2.3681641e+01
   5.8048900e+05   2.3925781e+01
   5.8050900e+05   2.9235840e+01
   5.8057300e+05   2.3498535e+01
   5.8063000e+05   2.6550293e+01
   5.8064700e+05   5.8715820e+01
   5.8067000e+05   2.7160645e+01
   5.8083400e+05   2.9174805e+01
   5.8094900e+05   2.4780273e+01
   5.8103800e+05   2.3254395e+01
   5.8111900e+05   2.3559570e+01
   5.8151400e+05   2.4536133e+01
   5.8666200e+05   2.3559570e+01
   5.8669100e+05   2.8686523e+01
   5.8670500e+05   2.3010254e+01
   5.8678300e+05   4.7668457e+01
   5.8680000e+05   2.8259277e+01
   5.8681800e+05   3.0883789e+01
   5.8688100e+05   5.1147461e+01
   5.8692400e+05   2.3315430e+01
   5.8694100e+05   2.5268555e+01
   5.8697700e+05   2.5939941e+01
   5.8701300e+05   3.2897949e+01
   5.8702900e+05   2.3925781e+01
   5.8716100e+05   2.7526855e+01
   5.8732500e+05   2.3193359e+01
   5.8740200e+05   2.3315430e+01
   5.8744400e+05   2.3132324e+01
   5.9241200e+05   2.6977539e+01
   5.9245900e+05   2.5939941e+01
   5.9257900e+05   6.1340332e+01
   5.9270900e+05   2.7587891e+01
   5.9318300e+05   2.4047852e+01
   5.9838800e+05   2.5573730e+01
   5.9843700e+05   2.5329590e+01
   5.9848700e+05   2.4536133e+01
   5.9851000e+05   2.4230957e+01
   5.9854000e+05   5.5114746e+01
   5.9860600e+05   2.7465820e+01
   5.9866500e+05   2.6916504e+01
   5.9868100e+05   4.1931152e+01
   5.9876000e+05   2.3315430e+01
   5.9890200e+05   2.3010254e+01
   6.0443500e+05   2.3925781e+01
   6.0447200e+05   2.4291992e+01
   6.0452800e+05   2.8381348e+01
   6.0456200e+05   2.4230957e+01
   6.0459000e+05   2.5817871e+01
   6.0475100e+05   5.4260254e+01
   6.0479200e+05   3.4545898e+01
   6.0507300e+05   2.6855469e+01
   6.1284400e+05   2.5146484e+01
   6.1287600e+05   2.4475098e+01
   6.1290400e+05   4.3334961e+01
   6.1292300e+05   2.6184082e+01
   6.1295200e+05   3.3691406e+01
   6.1299400e+05   2.7526855e+01
   6.1300500e+05   3.2470703e+01
   6.1302100e+05   5.9082031e+01
   6.1304100e+05   2.4902344e+01
   6.1309400e+05   2.6428223e+01
   6.1315200e+05   4.7546387e+01
   6.1319800e+05   2.9235840e+01
   6.1335800e+05   5.8837891e+01
   6.1339100e+05   2.6733398e+01
   6.1344300e+05   3.1311035e+01
   6.1357000e+05   2.4597168e+01
   6.1367200e+05   2.9052734e+01
   6.1378800e+05   2.8259277e+01
   6.2086100e+05   2.7221680e+01
   6.2088800e+05   3.6132812e+01
   6.2091200e+05   2.4047852e+01
   6.2092200e+05   6.7565918e+01
   6.2097300e+05   2.5146484e+01
   6.2098600e+05   6.5124512e+01
   6.2106200e+05   4.2175293e+01
   6.2108500e+05   2.3376465e+01
   6.2121400e+05   2.4230957e+01
   6.2123100e+05   5.2001953e+01
   6.2131900e+05   2.3437500e+01
   6.2136600e+05   2.3864746e+01
   6.2139300e+05   5.3222656e+01
   6.2142700e+05   2.3315430e+01
   6.2223400e+05   2.4597168e+01
   6.2792400e+05   2.4658203e+01
   6.2795800e+05   2.4169922e+01
   6.2798900e+05   3.8208008e+01
   6.2804900e+05   2.6306152e+01
   6.2806000e+05   4.9438477e+01
   6.2812200e+05   2.4291992e+01
   6.2815800e+05   2.4047852e+01
   6.2821300e+05   5.8837891e+01
   6.2824300e+05   2.5085449e+01
   6.2826800e+05   2.4169922e+01
   6.2836900e+05   4.3090820e+01
   6.2846600e+05   2.6000977e+01
   6.2858700e+05   5.9570312e+01
   6.2863800e+05   2.5085449e+01
   6.3349700e+05   2.3742676e+01
   6.3350800e+05   2.6977539e+01
   6.3354200e+05   3.1738281e+01
   6.3358600e+05   4.6020508e+01
   6.3363600e+05   2.4047852e+01
   6.3374500e+05   6.8054199e+01
   6.3377100e+05   2.3742676e+01
   6.3378800e+05   2.8198242e+01
   6.3382400e+05   2.5451660e+01
   6.3388600e+05   2.4353027e+01
   6.3396000e+05   5.1513672e+01
   6.3408500e+05   2.4291992e+01
   6.3439400e+05   2.6245117e+01
   6.4092300e+05   2.4658203e+01
   6.4096000e+05   7.2021484e+01
   6.4097600e+05   3.0700684e+01
   6.4098700e+05   3.1616211e+01
   6.4103800e+05   4.4982910e+01
   6.4110700e+05   2.8747559e+01
   6.4113800e+05   7.5195312e+01
   6.4115400e+05   2.5939941e+01
   6.4120500e+05   4.3823242e+01
   6.4123100e+05   2.6855469e+01
   6.4127600e+05   3.0944824e+01
   6.4132400e+05   3.0883789e+01
   6.4141500e+05   2.3315430e+01
   6.4145000e+05   4.7363281e+01
   6.4156500e+05   2.3681641e+01
   6.4158100e+05   4.9743652e+01
   6.4167800e+05   2.3315430e+01
   6.4184900e+05   5.2307129e+01
   6.4198700e+05   2.4169922e+01
   6.4218500e+05   4.2480469e+01
   6.4894100e+05   2.9296875e+01
   6.4899300e+05   5.6274414e+01
   6.4902600e+05   2.8747559e+01
   6.4905900e+05   5.5053711e+01
   6.4911700e+05   4.2724609e+01
   6.4920600e+05   2.7160645e+01
   6.4924000e+05   2.4780273e+01
   6.4925400e+05   3.3569336e+01
   6.4931200e+05   2.5451660e+01
   6.4935400e+05   6.0852051e+01
   6.4939400e+05   3.1372070e+01
   6.4946300e+05   3.4851074e+01
   6.4948800e+05   2.3925781e+01
   6.4960200e+05   4.7119141e+01
   6.4973700e+05   3.8146973e+01
   6.4976500e+05   2.3925781e+01
   6.5028900e+05   2.7954102e+01
   6.5644600e+05   2.6672363e+01
   6.5646600e+05   2.3010254e+01
   6.5648800e+05   4.1809082e+01
   6.5651100e+05   3.6804199e+01
   6.5653400e+05   2.3620605e+01
   6.5656200e+05   5.9753418e+01
   6.5658400e+05   2.4902344e+01
   6.5663300e+05   4.7424316e+01
   6.5664400e+05   2.8259277e+01
   6.5667700e+05   2.4108887e+01
   6.5670500e+05   4.9804688e+01
   6.5677700e+05   2.8930664e+01
   6.5681100e+05   4.0771484e+01
   6.5690700e+05   4.5898438e+01
   6.5698500e+05   5.2673340e+01
   6.5708400e+05   3.7231445e+01
   6.5719400e+05   3.8818359e+01
   6.5739600e+05   3.4606934e+01
   6.5751800e+05   2.3315430e+01
   6.5754800e+05   3.4606934e+01
   6.6247300e+05   2.4536133e+01
   6.6250800e+05   7.2875977e+01
   6.6255500e+05   2.5329590e+01
   6.6257400e+05   4.7119141e+01
   6.6265000e+05   3.8574219e+01
   6.6273100e+05   4.4616699e+01
   6.6274600e+05   2.4230957e+01
   6.6285100e+05   4.3029785e+01
   6.6291000e+05   2.6611328e+01
   6.6301600e+05   4.0832520e+01
   6.6330900e+05   4.0100098e+01
   6.6828500e+05   2.5207520e+01
   6.6832900e+05   5.3100586e+01
   6.6835900e+05   2.9296875e+01
   6.6839700e+05   6.3354492e+01
   6.6850200e+05   4.3884277e+01
   6.6851400e+05   2.4047852e+01
   6.6859300e+05   3.1494141e+01
   6.6861300e+05   5.8532715e+01
   6.6869900e+05   2.3071289e+01
   6.6874000e+05   2.5573730e+01
   6.6878800e+05   5.2307129e+01
   6.6902000e+05   2.8625488e+01
   6.7526900e+05   5.7861328e+01
   6.7527900e+05   2.9785156e+01
   6.7529900e+05   3.4484863e+01
   6.7531900e+05   4.5227051e+01
   6.7537100e+05   4.2602539e+01
   6.7546100e+05   2.8076172e+01
   6.7554300e+05   4.0161133e+01
   6.7564000e+05   4.3701172e+01
   6.7572400e+05   3.1799316e+01
   6.7577200e+05   3.4729004e+01
   6.7580000e+05   2.7770996e+01
   6.7588500e+05   4.1992188e+01
   6.7589500e+05   2.3193359e+01
   6.7602400e+05   4.2724609e+01
   6.7615000e+05   2.4719238e+01
   6.7630600e+05   4.3334961e+01
   6.7646700e+05   2.7343750e+01
   6.8408000e+05   2.4414063e+01
   6.8415600e+05   3.0395508e+01
   6.8419200e+05   2.4902344e+01
   6.8420500e+05   5.4443359e+01
   6.8422400e+05   3.1616211e+01
   6.8425500e+05   3.5400391e+01
   6.8427300e+05   2.3376465e+01
   6.8429900e+05   3.8208008e+01
   6.8431000e+05   2.4902344e+01
   6.8436600e+05   4.7058105e+01
   6.8443300e+05   2.5085449e+01
   6.8445300e+05   3.9672852e+01
   6.8452700e+05   3.3386230e+01
   6.8462700e+05   3.8696289e+01
   6.8472800e+05   3.7231445e+01
   6.8485400e+05   3.2470703e+01
   6.8497900e+05   2.6611328e+01
   6.8499400e+05   3.8391113e+01
   6.8531700e+05   3.4973145e+01
   6.8550400e+05   2.3132324e+01
   6.9263500e+05   4.7790527e+01
   6.9268600e+05   4.2602539e+01
   6.9272900e+05   3.0883789e+01
   6.9280200e+05   3.2226562e+01
   6.9281600e+05   4.3029785e+01
   6.9290000e+05   3.9916992e+01
   6.9296000e+05   2.4536133e+01
   6.9298300e+05   3.5278320e+01
   6.9306300e+05   4.2602539e+01
   6.9317300e+05   4.8828125e+01
   6.9333000e+05   4.3090820e+01
   6.9344300e+05   2.5756836e+01
   6.9350700e+05   2.8198242e+01
   6.9393800e+05   2.5573730e+01
   7.0063500e+05   2.5512695e+01
   7.0065800e+05   2.8137207e+01
   7.0068600e+05   5.7067871e+01
   7.0070200e+05   2.7343750e+01
   7.0072900e+05   4.6447754e+01
   7.0075700e+05   2.3315430e+01
   7.0078000e+05   5.2001953e+01
   7.0082500e+05   2.4353027e+01
   7.0087600e+05   4.3457031e+01
   7.0088600e+05   3.7597656e+01
   7.0096200e+05   4.4677734e+01
   7.0104100e+05   3.7414551e+01
   7.0115500e+05   4.0466309e+01
   7.0132300e+05   3.2409668e+01
   7.0147000e+05   3.6865234e+01
   7.0185300e+05   2.6062012e+01
   7.1016200e+05   2.8869629e+01
   7.1019000e+05   5.4199219e+01
   7.1020400e+05   3.3020020e+01
   7.1024200e+05   5.8959961e+01
   7.1026200e+05   2.4841309e+01
   7.1027700e+05   2.7221680e+01
   7.1029900e+05   4.3090820e+01
   7.1036200e+05   6.6528320e+01
   7.1043400e+05   3.7841797e+01
   7.1052700e+05   4.2907715e+01
   7.1058300e+05   2.8137207e+01
   7.1070300e+05   4.2053223e+01
   7.1085700e+05   4.0283203e+01
   7.1088600e+05   2.6184082e+01
   7.1094700e+05   3.4606934e+01
   7.1111800e+05   3.5217285e+01
   7.1879300e+05   2.3315430e+01
   7.2081200e+05   2.5573730e+01
   7.2087300e+05   6.4392090e+01
   7.2088600e+05   2.6733398e+01
   7.2091500e+05   5.1208496e+01
   7.2092800e+05   2.5695801e+01
   7.2095500e+05   2.6306152e+01
   7.2096700e+05   4.8156738e+01
   7.2103100e+05   2.4169922e+01
   7.2104800e+05   4.8095703e+01
   7.2110900e+05   3.8391113e+01
   7.2119500e+05   2.6977539e+01
   7.2124700e+05   3.5522461e+01
   7.2129900e+05   4.3701172e+01
   7.2137100e+05   2.3742676e+01
   7.2146400e+05   2.6489258e+01
   7.2160000e+05   4.6691895e+01
   7.2179300e+05   3.3996582e+01
   7.2200500e+05   4.1809082e+01
   7.2889100e+05   2.4353027e+01
   7.2890100e+05   6.1767578e+01
   7.2892900e+05   2.8076172e+01
   7.2896900e+05   5.0476074e+01
   7.2898900e+05   2.3803711e+01
   7.2905200e+05   5.7495117e+01
   7.2906500e+05   3.1616211e+01
   7.2909700e+05   2.8503418e+01
   7.2913600e+05   5.1757812e+01
   7.2915900e+05   2.5268555e+01
   7.2922300e+05   4.0893555e+01
   7.2933500e+05   4.1381836e+01
   7.2944000e+05   4.2907715e+01
   7.2961500e+05   4.5593262e+01
   7.3010600e+05   2.8137207e+01
   7.3052600e+05   2.3742676e+01
   7.3680000e+05   2.3071289e+01
   7.3684200e+05   3.6376953e+01
   7.3685900e+05   4.8339844e+01
   7.3689400e+05   2.9296875e+01
   7.3691600e+05   2.4230957e+01
   7.3694100e+05   4.0893555e+01
   7.3698600e+05   2.5085449e+01
   7.3702700e+05   4.9743652e+01
   7.3706900e+05   2.7038574e+01
   7.3711000e+05   4.0222168e+01
   7.3713000e+05   2.3010254e+01
   7.3719500e+05   4.1015625e+01
   7.3730000e+05   3.3691406e+01
   7.3742300e+05   4.1503906e+01
   7.3743500e+05   2.4169922e+01
   7.3760100e+05   3.9733887e+01
   7.4453600e+05   3.0334473e+01
   7.4455200e+05   2.3376465e+01
   7.4456800e+05   5.8410645e+01
   7.4459900e+05   3.1433105e+01
   7.4462100e+05   4.0771484e+01
   7.4467800e+05   5.2734375e+01
   7.4475900e+05   4.5898438e+01
   7.4476900e+05   2.9968262e+01
   7.4483000e+05   3.1188965e+01
   7.4494400e+05   4.0527344e+01
   7.4507500e+05   2.8259277e+01
   7.4511400e+05   4.0344238e+01
   7.4521700e+05   2.3132324e+01
   7.4525200e+05   3.7048340e+01
   7.4542400e+05   3.6560059e+01
   7.5519100e+05   2.8991699e+01
   7.5522700e+05   6.2316895e+01
   7.5528000e+05   4.6630859e+01
   7.5529100e+05   2.3864746e+01
   7.5532100e+05   2.6000977e+01
   7.5535400e+05   4.6752930e+01
   7.5539500e+05   4.0344238e+01
   7.5542200e+05   3.8940430e+01
   7.5551300e+05   3.5644531e+01
   7.5559400e+05   3.8879395e+01
   7.5564100e+05   2.8198242e+01
   7.5569500e+05   4.3029785e+01
   7.5578700e+05   3.7353516e+01
   7.5589600e+05   3.5339355e+01
   7.5605600e+05   4.0710449e+01
   7.5620800e+05   3.9611816e+01
   7.5643100e+05   3.6254883e+01
   7.6735700e+05   2.3315430e+01
   7.6740400e+05   5.1086426e+01
   7.6741700e+05   2.8442383e+01
   7.6744300e+05   2.8808594e+01
   7.6745600e+05   6.2622070e+01
   7.6747900e+05   4.3334961e+01
   7.6751000e+05   5.5786133e+01
   7.6755600e+05   4.4982910e+01
   7.6757700e+05   5.5114746e+01
   7.6764200e+05   6.1096191e+01
   7.6771800e+05   3.2226562e+01
   7.6778300e+05   4.1687012e+01
   7.6787300e+05   3.0273438e+01
   7.6798800e+05   3.2714844e+01
   7.6809500e+05   3.7292480e+01
   7.6811800e+05   2.3742676e+01
   7.6815400e+05   2.6367188e+01
   7.6821200e+05   2.3498535e+01
   7.6822300e+05   2.4475098e+01
   7.6836400e+05   4.0954590e+01
   7.7899100e+05   3.5034180e+01
   7.7903900e+05   6.0729980e+01
   7.7907100e+05   2.6855469e+01
   7.7909900e+05   5.6823730e+01
   7.7911800e+05   4.8645020e+01
   7.7915000e+05   4.7668457e+01
   7.7920800e+05   3.2165527e+01
   7.7922000e+05   5.1513672e+01
   7.7925400e+05   2.4841309e+01
   7.7931200e+05   4.6691895e+01
   7.7932300e+05   2.5817871e+01
   7.7938400e+05   3.6865234e+01
   7.7941300e+05   2.6916504e+01
   7.7945400e+05   2.6489258e+01
   7.7954900e+05   4.1442871e+01
   7.7963300e+05   4.0405273e+01
   7.7976800e+05   3.6437988e+01
   7.8001800e+05   2.8747559e+01
   7.8028300e+05   4.2602539e+01
   7.8103600e+05   2.3315430e+01
   7.8990400e+05   2.4780273e+01
   7.8993200e+05   3.3081055e+01
   7.8996200e+05   4.7973633e+01
   7.8997800e+05   3.1494141e+01
   7.8999500e+05   3.5766602e+01
   7.9002200e+05   5.7250977e+01
   7.9005900e+05   2.6916504e+01
   7.9007400e+05   4.4921875e+01
   7.9009300e+05   3.0517578e+01
   7.9014800e+05   5.2185059e+01
   7.9018400e+05   3.1921387e+01
   7.9021700e+05   2.3559570e+01
   7.9022800e+05   5.5847168e+01
   7.9027900e+05   2.3620605e+01
   7.9030800e+05   3.2165527e+01
   7.9038300e+05   3.5583496e+01
   7.9048400e+05   4.4006348e+01
   7.9055800e+05   2.3132324e+01
   7.9057900e+05   2.8625488e+01
   7.9074700e+05   4.7912598e+01
   7.9089600e+05   3.2958984e+01
   7.9110700e+05   4.2053223e+01
   7.9571200e+05   2.3620605e+01
   8.0271900e+05   2.5207520e+01
   8.0272900e+05   2.3803711e+01
   8.0276500e+05   6.4941406e+01
   8.0279000e+05   3.2409668e+01
   8.0281000e+05   5.5786133e+01
   8.0282500e+05   3.8208008e+01
   8.0286800e+05   4.6081543e+01
   8.0288300e+05   2.4414062e+01
   8.0290600e+05   2.5329590e+01
   8.0294000e+05   5.0903320e+01
   8.0295900e+05   3.7292480e+01
   8.0302100e+05   4.9255371e+01
   8.0307100e+05   3.2958984e+01
   8.0310000e+05   4.8767090e+01
   8.0314800e+05   3.8024902e+01
   8.0318200e+05   3.9123535e+01
   8.0326200e+05   4.4372559e+01
   8.0335200e+05   2.9602051e+01
   8.0345000e+05   3.4484863e+01
   8.0356900e+05   3.8452148e+01
   8.0368300e+05   3.8635254e+01
   8.0389700e+05   3.5400391e+01
   8.0418500e+05   2.6367188e+01
   8.0456300e+05   2.4169922e+01
   8.1793100e+05   2.4597168e+01
   8.1794900e+05   2.5390625e+01
   8.1796400e+05   6.2316895e+01
   8.1799100e+05   2.3620605e+01
   8.1801500e+05   5.1269531e+01
   8.1802700e+05   2.3437500e+01
   8.1805600e+05   2.7160645e+01
   8.1806700e+05   4.9865723e+01
   8.1810400e+05   2.9968262e+01
   8.1812500e+05   3.6926270e+01
   8.1813600e+05   4.5959473e+01
   8.1818800e+05   5.4260254e+01
   8.1823500e+05   2.4169922e+01
   8.1826300e+05   3.9184570e+01
   8.1828900e+05   2.3376465e+01
   8.1834100e+05   4.3823242e+01
   8.1837100e+05   2.4658203e+01
   8.1840100e+05   4.0344238e+01
   8.1844400e+05   3.3935547e+01
   8.1848500e+05   3.3142090e+01
   8.1857500e+05   3.5705566e+01
   8.1865500e+05   2.9663086e+01
   8.1867700e+05   2.7648926e+01
   8.1871600e+05   2.8320312e+01
   8.1875200e+05   3.3813477e+01
   8.1876200e+05   2.7282715e+01
   8.1886500e+05   3.0212402e+01
   8.1896000e+05   2.8564453e+01
   8.1912200e+05   2.8015137e+01
   8.1927300e+05   3.3508301e+01
   8.1951900e+05   2.6733398e+01
   8.2803700e+05   2.3742676e+01
   8.3085000e+05   2.5695801e+01
   8.3557700e+05   2.5695801e+01
   8.4844800e+05   2.3681641e+01
   8.5430800e+05   2.3376465e+01
   8.6000800e+05   2.3986816e+01
   8.6618600e+05   2.4780273e+01
   8.7832700e+05   2.6733398e+01
   9.1253200e+05   2.3376465e+01
   9.1628100e+05   2.3925781e+01
   9.2224600e+05   2.4353027e+01
   9.2948200e+05   2.3071289e+01
   9.4160800e+05   2.3925781e+01
   9.5332800e+05   2.3254395e+01
   9.6742400e+05   2.3132324e+01
   9.8525600e+05   2.3437500e+01
   1.0077390e+06   2.3071289e+01
   1.0167670e+06   2.5390625e+01
   1.0379860e+06   2.4597168e+01
   1.0603420e+06   2.3986816e+01
   1.0693730e+06   2.3864746e+01
   1.0852780e+06   2.5939941e+01
   1.0878210e+06   2.5329590e+01
   1.0961150e+06   2.4108887e+01
   1.1065900e+06   2.3925781e+01
   1.1310300e+06   2.6367188e+01
   1.1346190e+06   2.3132324e+01
   1.1713710e+06   2.3315430e+01
   1.1932770e+06   2.3437500e+01
   1.1957800e+06   2.3193359e+01
   1.2004650e+06   2.3742676e+01
   1.2023110e+06   2.6062012e+01
   1.2359840e+06   2.7221680e+01
   1.2406820e+06   2.3010254e+01
   1.2661320e+06   2.4047852e+01
   1.2682900e+06   2.7893066e+01
   1.2696670e+06   2.4230957e+01
   1.2844070e+06   2.3559570e+01
   1.2861420e+06   2.6000977e+01
   1.2871360e+06   2.3010254e+01
   1.2925330e+06   2.3376465e+01
   1.2986500e+06   2.3742676e+01
   1.3052230e+06   2.5512695e+01
   1.3065870e+06   2.3071289e+01
   1.3079360e+06   2.3925781e+01
   1.3160040e+06   2.4780273e+01
   1.3245730e+06   2.3254395e+01
   1.3341960e+06   2.3315430e+01
   1.3381150e+06   2.3803711e+01
   1.3447310e+06   2.3254395e+01
   1.3624290e+06   2.5512695e+01
   1.3671990e+06   2.3559570e+01
   1.3701940e+06   2.5695801e+01
   1.3727330e+06   2.4169922e+01
   1.3753380e+06   2.5634766e+01
   1.4083400e+06   2.4597168e+01
   1.4134920e+06   2.5390625e+01
   1.4163750e+06   2.3437500e+01
   1.4272780e+06   2.3071289e+01
   1.4283500e+06   2.5390625e+01
   1.4376160e+06   2.7770996e+01
   1.4389480e+06   2.3010254e+01
   1.4511470e+06   2.4230957e+01
   1.4587190e+06   2.4291992e+01
   1.4601960e+06   2.4963379e+01
   1.4611770e+06   2.3498535e+01
   1.4650220e+06   2.3986816e+01
   1.4734410e+06   2.3986816e+01
   1.4825400e+06   2.3254395e+01
   1.4859660e+06   2.5268555e+01
   1.4940330e+06   2.3010254e+01
   1.4984760e+06   2.4902344e+01
   1.5122770e+06   2.3864746e+01
   1.5254620e+06   2.3559570e+01
   1.5337370e+06   2.6977539e+01
   1.5438230e+06   2.3681641e+01
   1.5459430e+06   2.3376465e+01
   1.5493440e+06   2.3315430e+01
   1.5621870e+06   2.3559570e+01
   1.5654880e+06   2.5024414e+01
   1.5716580e+06   2.6733398e+01
   1.5767660e+06   2.4169922e+01
   1.5799490e+06   2.4841309e+01
   1.5817870e+06   2.3315430e+01
   1.5956430e+06   2.8503418e+01
   1.5975480e+06   2.3986816e+01
   1.6032360e+06   2.3010254e+01
   1.6068780e+06   2.3193359e+01
   1.6080610e+06   2.4780273e+01
   1.6113140e+06   2.3315430e+01
   1.6127050e+06   2.4230957e+01
   1.6191450e+06   2.3864746e+01
   1.6450470e+06   2.5451660e+01
   1.6550090e+06   2.3681641e+01
   1.6598180e+06   2.4841309e+01
   1.6644730e+06   2.3071289e+01
   1.6682300e+06   2.3681641e+01
   1.6747750e+06   2.4108887e+01
   1.6814140e+06   2.4536133e+01
   1.6820820e+06   2.4780273e+01
   1.6868980e+06   2.5512695e+01
   1.6948770e+06   2.3254395e+01
   1.7131420e+06   2.3376465e+01
   1.7211430e+06   2.5939941e+01
   1.7250770e+06   2.4230957e+01
   1.7321310e+06   2.3010254e+01
   1.7397850e+06   2.4291992e+01
   1.7423780e+06   2.5329590e+01
   1.7440900e+06   2.6000977e+01
   1.7499180e+06   2.4047852e+01
   1.7553880e+06   2.3132324e+01
   1.7684730e+06   2.4902344e+01
   1.7810470e+06   2.4902344e+01
   1.7824290e+06   2.3132324e+01
   1.7884890e+06   2.4719238e+01
   1.7897850e+06   2.4475098e+01
   1.8002330e+06   2.3071289e+01
   1.8050250e+06   2.5451660e+01
   1.8181440e+06   2.4047852e+01
   1.8207050e+06   2.7099609e+01
   1.8260830e+06   2.4841309e+01
   1.8298490e+06   2.6916504e+01
   1.8359770e+06   2.4902344e+01
   1.8373800e+06   2.6062012e+01
   1.8432150e+06   2.7038574e+01
   1.8470070e+06   2.4719238e+01
   1.8520400e+06   2.3620605e+01
   1.8577000e+06   2.4475098e+01
   1.8667320e+06   2.3071289e+01
   1.8679420e+06   2.3498535e+01
   1.8691010e+06   2.8137207e+01
   1.8966900e+06   2.5268555e+01
   1.9057480e+06   2.6000977e+01
   1.9323760e+06   2.5939941e+01
   1.9364680e+06   2.5512695e+01
   1.9370220e+06   2.3315430e+01
   1.9541070e+06   2.6367188e+01
   1.9618140e+06   2.3071289e+01
   1.9632860e+06   2.4597168e+01
   1.9679170e+06   2.3742676e+01
   1.9701380e+06   2.3864746e+01
   1.9761080e+06   2.3437500e+01
   1.9856790e+06   2.3803711e+01
   1.9902820e+06   2.4353027e+01
   2.0013790e+06   2.4414062e+01
   2.0079180e+06   2.3010254e+01
   2.0246920e+06   2.4353027e+01
   2.0349820e+06   2.5085449e+01
   2.0376250e+06   2.3071289e+01
   2.0413560e+06   2.3498535e+01
   2.0446830e+06   2.4291992e+01
   2.0510970e+06   2.4414063e+01
   2.0522340e+06   2.4719238e+01
   2.0699230e+06   2.3071289e+01
   2.0743830e+06   2.3010254e+01
   2.0787600e+06   2.3437500e+01
   2.0867870e+06   2.3986816e+01
   2.1016970e+06   2.4169922e+01
   2.1024820e+06   2.3315430e+01
   2.1045590e+06   2.3498535e+01
   2.1111920e+06   2.3925781e+01
   2.1257200e+06   2.3742676e+01
   2.1483550e+06   2.4902344e+01
   2.1539270e+06   2.5207520e+01
   2.1569940e+06   2.3376465e+01
   2.1614720e+06   4.2724609e+01
   2.1669480e+06   2.3437500e+01
   2.1849280e+06   2.4108887e+01
   2.1865190e+06   2.4108887e+01
   2.1895200e+06   2.4475098e+01
   2.1905770e+06   2.3193359e+01
   2.1916810e+06   2.5207520e+01
   2.2140300e+06   2.5390625e+01
   2.2160920e+06   2.3925781e+01
   2.2303360e+06   2.4658203e+01
   2.2482650e+06   2.4414063e+01
   2.2542570e+06   2.3437500e+01
   2.2563900e+06   2.5268555e+01
   2.2597200e+06   2.7709961e+01
   2.2630780e+06   2.3620605e+01
   2.2689600e+06   2.4780273e+01
   2.2868900e+06   2.3254395e+01
   2.2907100e+06   2.5939941e+01
   2.2995700e+06   2.3559570e+01
   2.3106650e+06   2.3864746e+01
   2.3176490e+06   2.3315430e+01
   2.3189120e+06   2.4902344e+01
   2.3600670e+06   2.4719238e+01
   2.3752400e+06   2.3498535e+01
   2.3960150e+06   2.3010254e+01
   2.4043680e+06   2.4963379e+01
   2.4093590e+06   2.3498535e+01
   2.4141090e+06   2.3620605e+01
   2.4245080e+06   2.5451660e+01
   2.4267560e+06   2.4047852e+01
   2.4391210e+06   2.3925781e+01
   2.4430190e+06   2.3620605e+01
   2.4461890e+06   2.4047852e+01
   2.4688020e+06   2.5146484e+01
   2.4710870e+06   2.3315430e+01
   2.4723380e+06   2.3925781e+01
   2.4793050e+06   2.3010254e+01
   2.4967700e+06   2.3681641e+01
   2.5089860e+06   2.5024414e+01
   2.5153290e+06   2.5451660e+01
   2.5184520e+06   2.4780273e+01
   2.5218120e+06   2.3925781e+01
   2.5230130e+06   2.3254395e+01
   2.5368830e+06   2.3742676e+01
   2.5529570e+06   2.3315430e+01
   2.5541140e+06   2.3925781e+01
   2.5706080e+06   2.6184082e+01
   2.5862500e+06   2.3559570e+01
   2.6021540e+06   2.6611328e+01
   2.6055920e+06   2.4658203e+01
   2.6236770e+06   2.3986816e+01
   2.6248190e+06   2.4475098e+01
   2.6337260e+06   2.3986816e+01
   2.6410220e+06   2.4719238e+01
   2.6599280e+06   2.3498535e+01
   2.6796570e+06   2.4597168e+01
   2.6856910e+06   2.4536133e+01
   2.6989620e+06   2.4291992e+01
   2.7264860e+06   2.3559570e+01
   2.7346950e+06   2.3742676e+01
   2.7589380e+06   2.3925781e+01
   2.7600530e+06   2.3742676e+01
   2.7637150e+06   2.4841309e+01
   2.7668800e+06   2.3742676e+01
   2.7702360e+06   2.6367188e+01
   2.7741050e+06   2.6062012e+01
   2.7823960e+06   2.6489258e+01
   2.7838490e+06   2.3254395e+01
   2.7860570e+06   2.3010254e+01
   2.7883920e+06   2.4353027e+01
   2.8044260e+06   2.3864746e+01
   2.8070230e+06   2.4047852e+01
   2.8140940e+06   2.3742676e+01
   2.8170820e+06   2.3681641e+01
   2.8209820e+06   2.5390625e+01
   2.8223360e+06   2.4353027e+01
   2.8423520e+06   2.4475098e+01
   2.8505660e+06   2.6184082e+01
   2.8525120e+06   2.3376465e+01
   2.8553850e+06   2.5207520e+01
   2.8573870e+06   2.4475098e+01
   2.8618910e+06   2.4475098e+01
   2.8692800e+06   2.3132324e+01
   2.8730060e+06   2.3742676e+01
   2.8767250e+06   2.3010254e+01
   2.8914500e+06   2.3803711e+01
   2.8996680e+06   2.6672363e+01
   2.9021960e+06   2.4536133e+01
   2.9116780e+06   2.4719238e+01
   2.9279520e+06   2.3010254e+01
   2.9377210e+06   2.7282715e+01
   2.9440510e+06   2.6428223e+01
   2.9557690e+06   2.3193359e+01
   2.9593920e+06   2.3803711e+01
   2.9644420e+06   2.6245117e+01
   2.9686780e+06   2.5817871e+01
   2.9731750e+06   2.5329590e+01
   2.9922190e+06   2.3254395e+01
   2.9937120e+06   2.8320312e+01
   2.9977190e+06   2.4963379e+01
