   3.0000000e+06   0.0000000e+00
   3.9210200e+05   3.0151367e+01
   3.9217500e+05   3.0090332e+01
   3.9218900e+05   3.0578613e+01
   3.9220400e+05   4.1687012e+01
   3.9222000e+05   4.7119141e+01
   3.9223300e+05   3.1555176e+01
   3.9224900e+05   2.8686523e+01
   3.9226800e+05   3.2775879e+01
   3.9228800e+05   2.9785156e+01
   3.9231100e+05   2.7282715e+01
   3.9232700e+05   3.4118652e+01
   3.9234600e+05   4.5532227e+01
   3.9238000e+05   2.6245117e+01
   3.9239400e+05   4.4860840e+01
   3.9241200e+05   3.4179688e+01
   3.9242600e+05   3.1982422e+01
   3.9243800e+05   3.9733887e+01
   3.9246100e+05   4.1687012e+01
   3.9248600e+05   3.4790039e+01
   3.9251300e+05   4.0039062e+01
   3.9253900e+05   3.9489746e+01
   3.9256800e+05   3.3203125e+01
   3.9258700e+05   2.8442383e+01
   3.9262800e+05   2.4169922e+01
   3.9266400e+05   2.3559570e+01
   3.9269700e+05   2.8564453e+01
   3.9319400e+05   2.3681641e+01
   3.9335000e+05   2.3864746e+01
   3.9350200e+05   2.7099609e+01
   3.9356100e+05   2.9174805e+01
   3.9362000e+05   2.9174805e+01
   3.9368700e+05   2.6428223e+01
   3.9377600e+05   2.3559570e+01
   3.9384200e+05   2.6916504e+01
   3.9401900e+05   2.6977539e+01
   3.9409000e+05   3.0273438e+01
   3.9425400e+05   2.4230957e+01
   3.9432200e+05   2.7465820e+01
   3.9439200e+05   2.7465820e+01
   3.9656700e+05   2.5512695e+01
   3.9703300e+05   2.4230957e+01
   3.9715700e+05   2.4536133e+01
   3.9739300e+05   2.3681641e+01
   3.9828000e+05   2.6306152e+01
   4.0184500e+05   2.4658203e+01
   4.0304600e+05   2.5329590e+01
   4.0401200e+05   2.6672363e+01
   4.0546000e+05   2.4597168e+01
   4.0583700e+05   2.6977539e+01
   4.0652500e+05   2.5146484e+01
   4.0665600e+05   2.7709961e+01
   4.0676900e+05   2.4536133e+01
   4.0884700e+05   2.5146484e+01
   4.0976300e+05   2.6672363e+01
   4.0997400e+05   2.4414062e+01
   4.1174500e+05   2.4475098e+01
   4.1265100e+05   2.5146484e+01
   4.1324600e+05   2.5756836e+01
   4.1349900e+05   2.5573730e+01
   4.1376800e+05   2.3620605e+01
   4.1397500e+05   2.3986816e+01
   4.1488300e+05   2.5024414e+01
   4.1531400e+05   2.9113770e+01
   4.1553900e+05   2.9418945e+01
   4.1573000e+05   2.4902344e+01
   4.1616000e+05   2.4230957e+01
   4.1644600e+05   2.4353027e+01
   4.1668100e+05   2.3742676e+01
   4.1690600e+05   2.6733398e+01
   4.1789500e+05   2.4230957e+01
   4.1824700e+05   2.6916504e+01
   4.1853600e+05   2.3681641e+01
   4.1956300e+05   2.7282715e+01
   4.1980100e+05   3.0029297e+01
   4.2055800e+05   2.3925781e+01
   4.2077700e+05   2.5268555e+01
   4.2102000e+05   2.4108887e+01
   4.2123200e+05   2.6000977e+01
   4.2190100e+05   2.6672363e+01
   4.2223500e+05   3.1005859e+01
   4.2397600e+05   2.8747559e+01
   4.2468800e+05   2.6672363e+01
   4.2508500e+05   2.6733398e+01
   4.2533200e+05   2.6672363e+01
   4.2596300e+05   3.2165527e+01
   4.2624900e+05   2.4780273e+01
   4.2648700e+05   3.0822754e+01
   4.2674900e+05   2.4414062e+01
   4.2747900e+05   3.1127930e+01
   4.2888300e+05   3.1005859e+01
   4.2898500e+05   2.5756836e+01
   4.3029300e+05   2.8137207e+01
   4.3067100e+05   2.6245117e+01
   4.3092600e+05   2.8991699e+01
   4.3127500e+05   2.8808594e+01
   4.3169100e+05   2.5878906e+01
   4.3276100e+05   2.7038574e+01
   4.3305900e+05   3.0944824e+01
   4.3377800e+05   3.5400391e+01
   4.3408200e+05   3.3081055e+01
   4.3439500e+05   2.6000977e+01
   4.3464300e+05   2.8686523e+01
   4.3466300e+05   3.5766602e+01
   4.3491900e+05   2.8564453e+01
   4.3497400e+05   3.3081055e+01
   4.3498900e+05   2.5329590e+01
   4.3509000e+05   2.5634766e+01
   4.3514000e+05   4.3273926e+01
   4.3517100e+05   2.7709961e+01
   4.3520600e+05   2.9602051e+01
   4.3523900e+05   2.5268555e+01
   4.3527500e+05   3.1433105e+01
   4.3529700e+05   2.4902344e+01
   4.3533700e+05   2.7648926e+01
   4.3538700e+05   2.5573730e+01
   4.3542700e+05   3.2531738e+01
   4.3554200e+05   4.9804688e+01
   4.3556800e+05   2.4963379e+01
   4.3564600e+05   2.9907227e+01
   4.3565800e+05   3.7292480e+01
   4.3567600e+05   5.3710938e+01
   4.3571500e+05   2.6245117e+01
   4.3575800e+05   2.8503418e+01
   4.3577300e+05   5.9265137e+01
   4.3580000e+05   2.5329590e+01
   4.3582700e+05   2.4475098e+01
   4.3585500e+05   5.4321289e+01
   4.3588000e+05   3.9062500e+01
   4.3591300e+05   5.3771973e+01
   4.3592400e+05   2.4353027e+01
   4.3596000e+05   4.9011230e+01
   4.3597800e+05   3.8940430e+01
   4.3600400e+05   3.6743164e+01
   4.3602400e+05   2.8869629e+01
   4.3604000e+05   3.0334473e+01
   4.3608600e+05   2.7832031e+01
   4.3616000e+05   2.5695801e+01
   4.3623700e+05   2.3620605e+01
   4.3631000e+05   2.5146484e+01
   4.3646400e+05   2.7648926e+01
   4.3663100e+05   2.8503418e+01
   4.3712300e+05   2.6367188e+01
   4.3715400e+05   2.6977539e+01
   4.3785500e+05   2.4841309e+01
   4.3823900e+05   4.0222168e+01
   4.3835100e+05   2.4047852e+01
   4.3843600e+05   2.7648926e+01
   4.3896300e+05   2.4108887e+01
   4.5275100e+05   2.5817871e+01
   4.5741200e+05   2.6550293e+01
   4.5750700e+05   2.4169922e+01
   4.5944600e+05   2.3681641e+01
   4.6000100e+05   2.4902344e+01
   4.6018200e+05   2.8381348e+01
   4.6178000e+05   3.0395508e+01
   4.6193700e+05   2.3986816e+01
   4.6207800e+05   2.4047852e+01
   4.6302400e+05   2.3803711e+01
   4.6333100e+05   2.5756836e+01
   4.6349500e+05   2.8564453e+01
   4.6360300e+05   2.6611328e+01
   4.6432400e+05   4.0283203e+01
   4.6450000e+05   2.7465820e+01
   4.6605200e+05   2.6672363e+01
   4.6636700e+05   2.3559570e+01
   4.6662900e+05   2.9663086e+01
   4.6784200e+05   2.6855469e+01
   4.6786100e+05   2.9418945e+01
   4.6894800e+05   2.4108887e+01
   4.6987900e+05   2.8686523e+01
   4.7013800e+05   2.5817871e+01
   4.7075200e+05   2.5207520e+01
   4.7080800e+05   2.8381348e+01
   4.7115100e+05   2.5878906e+01
   4.7209200e+05   2.6916504e+01
   4.7303800e+05   3.8085938e+01
   4.7342900e+05   2.4169922e+01
   4.7423800e+05   2.3986816e+01
   4.7455500e+05   2.4169922e+01
   4.7485700e+05   2.4230957e+01
   4.7501400e+05   2.6550293e+01
   4.7575000e+05   2.6000977e+01
   4.7619000e+05   3.3264160e+01
   4.7651000e+05   2.5085449e+01
   4.7693400e+05   2.7893066e+01
   4.7712800e+05   2.4963379e+01
   4.7725100e+05   3.0822754e+01
   4.7728000e+05   3.2470703e+01
   4.7732300e+05   2.9479980e+01
   4.7735700e+05   2.3681641e+01
   4.7738700e+05   2.8076172e+01
   4.7745400e+05   2.9907227e+01
   4.7750200e+05   3.2775879e+01
   4.7752800e+05   3.0700684e+01
   4.7759100e+05   2.9541016e+01
   4.7761600e+05   3.0761719e+01
   4.7768300e+05   2.6794434e+01
   4.7769800e+05   2.8442383e+01
   4.7776700e+05   2.4902344e+01
   4.7785400e+05   3.5705566e+01
   4.7794400e+05   2.9785156e+01
   4.7799900e+05   2.6245117e+01
   4.7805000e+05   3.0456543e+01
   4.7813200e+05   2.9174805e+01
   4.7823400e+05   2.5146484e+01
   4.7825100e+05   2.7709961e+01
   4.7837900e+05   2.3803711e+01
   4.7854100e+05   2.3559570e+01
   4.7856800e+05   2.5817871e+01
   4.7871400e+05   2.5695801e+01
   4.8239800e+05   2.9174805e+01
   4.8321400e+05   2.5695801e+01
   4.8422600e+05   2.5878906e+01
   4.8423700e+05   3.0334473e+01
   4.8429400e+05   2.9296875e+01
   4.8442500e+05   2.5146484e+01
   4.8451300e+05   2.6184082e+01
   4.8464900e+05   2.3620605e+01
   4.8467300e+05   2.4414062e+01
   4.8473700e+05   2.4841309e+01
   4.8624800e+05   3.0090332e+01
   4.8661600e+05   2.3864746e+01
   4.8676100e+05   2.7832031e+01
   4.8683500e+05   3.0090332e+01
   4.8686100e+05   3.2287598e+01
   4.8691600e+05   2.7160645e+01
   4.8696300e+05   2.7832031e+01
   4.8699800e+05   3.3752441e+01
   4.8707100e+05   3.1494141e+01
   4.8725700e+05   4.9682617e+01
   4.8744000e+05   3.0944824e+01
   4.8956100e+05   2.7282715e+01
   4.8981700e+05   2.9052734e+01
   4.9021400e+05   2.4353027e+01
   4.9036000e+05   2.3742676e+01
   4.9046200e+05   2.4353027e+01
   4.9052100e+05   2.7832031e+01
   4.9126700e+05   2.8076172e+01
   4.9160500e+05   2.7770996e+01
   4.9178000e+05   3.0029297e+01
   4.9185700e+05   4.7668457e+01
   4.9189000e+05   2.8076172e+01
   4.9193600e+05   2.6855469e+01
   4.9196200e+05   2.4536133e+01
   4.9204600e+05   2.4841309e+01
   4.9207200e+05   2.9724121e+01
   4.9213600e+05   3.6315918e+01
   4.9225700e+05   2.5146484e+01
   4.9229400e+05   2.6733398e+01
   4.9237900e+05   2.5573730e+01
   4.9241200e+05   2.7343750e+01
   4.9251900e+05   3.8391113e+01
   4.9262200e+05   3.4484863e+01
   4.9270400e+05   3.1250000e+01
   4.9298400e+05   2.3620605e+01
   4.9504900e+05   2.8320312e+01
   4.9559900e+05   2.5817871e+01
   4.9596300e+05   2.8625488e+01
   4.9669400e+05   2.6062012e+01
   4.9671800e+05   3.4851074e+01
   4.9679200e+05   2.4780273e+01
   4.9681900e+05   2.8869629e+01
   4.9691600e+05   3.1250000e+01
   4.9692800e+05   2.4719238e+01
   4.9698200e+05   2.6306152e+01
   4.9699300e+05   2.4719238e+01
   4.9707700e+05   2.6916504e+01
   4.9710800e+05   2.6733398e+01
   4.9729200e+05   2.5939941e+01
   4.9730200e+05   3.1311035e+01
   4.9732700e+05   2.4780273e+01
   4.9749400e+05   3.0090332e+01
   4.9756300e+05   2.4780273e+01
   4.9768000e+05   2.8076172e+01
   5.0142200e+05   3.2897949e+01
   5.0147500e+05   2.5146484e+01
   5.0155700e+05   2.5024414e+01
   5.0159300e+05   3.3874512e+01
   5.0162000e+05   3.6010742e+01
   5.0172200e+05   2.7282715e+01
   5.0178700e+05   3.0334473e+01
   5.0190000e+05   2.3620605e+01
   5.0193900e+05   2.3681641e+01
   5.0196600e+05   3.2958984e+01
   5.0213000e+05   4.3151855e+01
   5.0230100e+05   2.4108887e+01
   5.0252700e+05   3.1860352e+01
   5.0469800e+05   2.4353027e+01
   5.0479100e+05   4.5227051e+01
   5.0684100e+05   2.5939941e+01
   5.0799800e+05   4.1381836e+01
   5.0802700e+05   2.6000977e+01
   5.0805700e+05   2.4108887e+01
   5.0811200e+05   2.6306152e+01
   5.0815600e+05   2.9174805e+01
   5.0818700e+05   2.6916504e+01
   5.0830600e+05   2.6550293e+01
   5.0832100e+05   2.6306152e+01
   5.0842200e+05   2.3620605e+01
   5.0845700e+05   4.3334961e+01
   5.0854500e+05   3.1433105e+01
   5.0857500e+05   3.3325195e+01
   5.0863700e+05   2.8198242e+01
   5.0869000e+05   2.6367188e+01
   5.0875100e+05   2.7465820e+01
   5.0879500e+05   2.4353027e+01
   5.0890100e+05   3.7292480e+01
   5.0905200e+05   2.6550293e+01
   5.0913400e+05   2.8259277e+01
   5.0914800e+05   3.8574219e+01
   5.0930500e+05   6.4147949e+01
   5.0934000e+05   2.5573730e+01
   5.0935900e+05   2.3803711e+01
   5.0950500e+05   2.5756836e+01
   5.0955400e+05   4.7180176e+01
   5.0987700e+05   2.7282715e+01
   5.1000900e+05   2.5878906e+01
   5.1008900e+05   2.4291992e+01
   5.1489900e+05   2.8930664e+01
   5.1578900e+05   3.2104492e+01
   5.1581600e+05   2.8198242e+01
   5.1587200e+05   2.4353027e+01
   5.1595800e+05   2.5146484e+01
   5.1599300e+05   2.5268555e+01
   5.1603400e+05   2.6489258e+01
   5.1610600e+05   2.6611328e+01
   5.1924200e+05   3.4423828e+01
   5.1926400e+05   2.8259277e+01
   5.1931600e+05   2.9357910e+01
   5.1933200e+05   2.8625488e+01
   5.1943700e+05   3.5095215e+01
   5.1947500e+05   3.3020020e+01
   5.1955700e+05   2.8808594e+01
   5.1961300e+05   2.9296875e+01
   5.1965600e+05   2.6916504e+01
   5.1968400e+05   2.5573730e+01
   5.1976800e+05   3.9794922e+01
   5.1994600e+05   2.7832031e+01
   5.2014700e+05   2.5512695e+01
   5.2344100e+05   3.0334473e+01
   5.2346100e+05   2.3559570e+01
   5.2347700e+05   3.0334473e+01
   5.2352700e+05   4.0039062e+01
   5.2361100e+05   3.2836914e+01
   5.2368200e+05   4.0954590e+01
   5.2381000e+05   2.4902344e+01
   5.2386900e+05   2.5756836e+01
   5.2396800e+05   2.5939941e+01
   5.2409300e+05   3.0456543e+01
   5.2424800e+05   2.5878906e+01
   5.2778700e+05   4.4189453e+01
   5.2785600e+05   3.6499023e+01
   5.2790800e+05   2.5634766e+01
   5.2796300e+05   4.1076660e+01
   5.2798500e+05   2.8076172e+01
   5.2804200e+05   3.0395508e+01
   5.2805200e+05   2.8564453e+01
   5.2812100e+05   3.6926270e+01
   5.2827100e+05   2.9602051e+01
   5.2835000e+05   2.5695801e+01
   5.2844200e+05   2.3986816e+01
   5.2854700e+05   2.7709961e+01
   5.2863200e+05   2.8747559e+01
   5.2865500e+05   2.5756836e+01
   5.2901700e+05   2.4841309e+01
   5.3324900e+05   4.6569824e+01
   5.3327000e+05   2.7038574e+01
   5.3330200e+05   3.2287598e+01
   5.3336200e+05   3.6193848e+01
   5.3341300e+05   2.3620605e+01
   5.3343400e+05   4.3334961e+01
   5.3355800e+05   2.6916504e+01
   5.3360000e+05   3.0578613e+01
   5.3368800e+05   2.6550293e+01
   5.3380600e+05   3.4484863e+01
   5.3395600e+05   2.4169922e+01
   5.3408300e+05   2.6794434e+01
   5.3422300e+05   2.3986816e+01
   5.3423300e+05   2.7893066e+01
   5.3851200e+05   3.1127930e+01
   5.3853500e+05   3.0517578e+01
   5.3856700e+05   4.4006348e+01
   5.3861600e+05   4.0405273e+01
   5.3867500e+05   3.1921387e+01
   5.3868600e+05   2.4108887e+01
   5.3883500e+05   2.3986816e+01
   5.3890600e+05   2.6184082e+01
   5.3899100e+05   2.9663086e+01
   5.3913600e+05   2.6550293e+01
   5.3932800e+05   2.8930664e+01
   5.3937700e+05   2.5146484e+01
   5.3956900e+05   3.1372070e+01
   5.4316300e+05   3.7658691e+01
   5.4317400e+05   3.6743164e+01
   5.4324000e+05   2.6123047e+01
   5.4325400e+05   2.3925781e+01
   5.4332600e+05   2.5329590e+01
   5.4338200e+05   3.3325195e+01
   5.4345600e+05   3.6376953e+01
   5.4672100e+05   2.8869629e+01
   5.4673800e+05   2.5512695e+01
   5.4679600e+05   2.3803711e+01
   5.4685100e+05   2.5024414e+01
   5.4688500e+05   3.3142090e+01
   5.4692500e+05   2.4169922e+01
   5.4704900e+05   3.2836914e+01
   5.4712600e+05   2.6977539e+01
   5.4721900e+05   2.6550293e+01
   5.4729000e+05   2.4719238e+01
   5.4742700e+05   3.0090332e+01
   5.4777100e+05   2.8625488e+01
   5.5221500e+05   3.2165527e+01
   5.5223200e+05   3.8696289e+01
   5.5226200e+05   2.4291992e+01
   5.5227400e+05   2.9785156e+01
   5.5232700e+05   3.3142090e+01
   5.5239500e+05   3.2714844e+01
   5.5245900e+05   2.8015137e+01
   5.5256000e+05   3.9123535e+01
   5.5272900e+05   3.6315918e+01
   5.5282200e+05   3.1677246e+01
   5.5299900e+05   2.5207520e+01
   5.5306900e+05   3.2775879e+01
   5.5667900e+05   4.9133301e+01
   5.5673900e+05   2.5573730e+01
   5.5675000e+05   3.3691406e+01
   5.5680600e+05   2.4230957e+01
   5.5686400e+05   2.8930664e+01
   5.5687800e+05   2.6306152e+01
   5.5709300e+05   2.7832031e+01
   5.5734600e+05   2.9541016e+01
   5.6185600e+05   2.6916504e+01
   5.6187300e+05   5.5908203e+01
   5.6190500e+05   3.1921387e+01
   5.6192200e+05   2.8076172e+01
   5.6202300e+05   3.8879395e+01
   5.6209700e+05   2.7099609e+01
   5.6215400e+05   2.4536133e+01
   5.6217700e+05   2.9113770e+01
   5.6224200e+05   2.7770996e+01
   5.6232600e+05   2.6123047e+01
   5.6248900e+05   3.1555176e+01
   5.6260400e+05   2.4658203e+01
   5.6268300e+05   3.0212402e+01
   5.6293100e+05   2.9846191e+01
   5.6810000e+05   2.7587891e+01
   5.6814400e+05   3.1127930e+01
   5.6815700e+05   2.9296875e+01
   5.6826400e+05   3.1372070e+01
   5.6829000e+05   3.2226562e+01
   5.6832700e+05   2.6306152e+01
   5.6839500e+05   2.7221680e+01
   5.6845300e+05   3.4973145e+01
   5.6849800e+05   2.3620605e+01
   5.6859500e+05   2.6855469e+01
   5.6862800e+05   2.5024414e+01
   5.6880500e+05   2.6489258e+01
   5.6882300e+05   2.7221680e+01
   5.6904800e+05   2.5268555e+01
   5.7437500e+05   2.5024414e+01
   5.7439000e+05   3.3508301e+01
   5.7443700e+05   4.6203613e+01
   5.7448500e+05   2.5878906e+01
   5.7453500e+05   6.1218262e+01
   5.7460300e+05   3.3752441e+01
   5.7467900e+05   2.7770996e+01
   5.7469500e+05   2.3986816e+01
   5.7487600e+05   3.5400391e+01
   5.7507700e+05   2.5878906e+01
   5.7532900e+05   2.6000977e+01
   5.7541800e+05   3.2531738e+01
   5.8044600e+05   2.9174805e+01
   5.8046800e+05   2.9968262e+01
   5.8050400e+05   3.2226562e+01
   5.8055100e+05   3.2104492e+01
   5.8060500e+05   2.4658203e+01
   5.8062600e+05   3.5522461e+01
   5.8068200e+05   2.3742676e+01
   5.8075900e+05   2.7954102e+01
   5.8080600e+05   3.2104492e+01
   5.8085500e+05   2.8137207e+01
   5.8103200e+05   3.5034180e+01
   5.8131800e+05   2.9174805e+01
   5.8166700e+05   2.3986816e+01
   5.8664800e+05   4.6691895e+01
   5.8673600e+05   2.5146484e+01
   5.8680000e+05   2.4902344e+01
   5.8685900e+05   3.1921387e+01
   5.8690700e+05   2.6550293e+01
   5.8693300e+05   2.5512695e+01
   5.8697200e+05   2.8930664e+01
   5.8700200e+05   2.4719238e+01
   5.8708500e+05   2.6184082e+01
   5.8714700e+05   3.3874512e+01
   5.8718000e+05   2.5512695e+01
   5.8747600e+05   2.6672363e+01
   5.8788100e+05   2.7526855e+01
   5.9239000e+05   4.1748047e+01
   5.9244300e+05   2.5390625e+01
   5.9256100e+05   3.6315918e+01
   5.9265000e+05   2.4414062e+01
   5.9273700e+05   3.3508301e+01
   5.9280400e+05   2.8015137e+01
   5.9298900e+05   2.7465820e+01
   5.9318200e+05   2.4658203e+01
   5.9839900e+05   2.6733398e+01
   5.9842000e+05   4.6386719e+01
   5.9844900e+05   2.5939941e+01
   5.9851100e+05   2.3803711e+01
   5.9855700e+05   3.4362793e+01
   5.9857900e+05   3.0273438e+01
   5.9865300e+05   3.0334473e+01
   5.9891200e+05   2.5756836e+01
   6.0441700e+05   3.4362793e+01
   6.0443400e+05   2.7893066e+01
   6.0450300e+05   3.0273438e+01
   6.0452700e+05   2.5939941e+01
   6.0457700e+05   5.0354004e+01
   6.0469100e+05   2.4169922e+01
   6.0486500e+05   2.5329590e+01
   6.0504200e+05   2.6672363e+01
   6.1281000e+05   2.6672363e+01
   6.1284000e+05   3.4179688e+01
   6.1288400e+05   2.4963379e+01
   6.1292600e+05   2.7587891e+01
   6.1295500e+05   2.5878906e+01
   6.1301600e+05   3.9123535e+01
   6.1308500e+05   2.4963379e+01
   6.1311300e+05   2.4658203e+01
   6.1316200e+05   2.6550293e+01
   6.1318500e+05   2.9968262e+01
   6.1323300e+05   3.1372070e+01
   6.1327500e+05   2.5451660e+01
   6.1336900e+05   3.0883789e+01
   6.1341300e+05   2.3681641e+01
   6.1355400e+05   2.4902344e+01
   6.1365000e+05   2.4230957e+01
   6.1369800e+05   3.3935547e+01
   6.1379100e+05   3.0700684e+01
   6.1396300e+05   2.5573730e+01
   6.2082100e+05   2.6000977e+01
   6.2085100e+05   2.4230957e+01
   6.2086700e+05   2.4475098e+01
   6.2088200e+05   3.6621094e+01
   6.2091500e+05   2.4353027e+01
   6.2097200e+05   3.6010742e+01
   6.2103600e+05   3.1799316e+01
   6.2106500e+05   3.1005859e+01
   6.2110800e+05   3.5583496e+01
   6.2118500e+05   2.9907227e+01
   6.2120600e+05   2.5207520e+01
   6.2125700e+05   2.5817871e+01
   6.2129800e+05   3.4729004e+01
   6.2137700e+05   3.2836914e+01
   6.2147600e+05   2.8015137e+01
   6.2150900e+05   2.5939941e+01
   6.2153800e+05   2.5451660e+01
   6.2162500e+05   2.3925781e+01
   6.2172200e+05   3.3935547e+01
   6.2179000e+05   3.2531738e+01
   6.2792700e+05   2.7648926e+01
   6.2794700e+05   3.4301758e+01
   6.2797000e+05   2.9907227e+01
   6.2800500e+05   2.6855469e+01
   6.2812200e+05   3.1555176e+01
   6.2816100e+05   2.5085449e+01
   6.2821200e+05   2.4414062e+01
   6.2833700e+05   3.3020020e+01
   6.2838600e+05   2.4902344e+01
   6.2847200e+05   2.5939941e+01
   6.2853900e+05   3.0151367e+01
   6.2863800e+05   2.6123047e+01
   6.2870000e+05   2.3803711e+01
   6.2872100e+05   2.3803711e+01
   6.2893900e+05   3.3935547e+01
   6.3346300e+05   3.0761719e+01
   6.3349100e+05   2.6550293e+01
   6.3351000e+05   3.6254883e+01
   6.3357700e+05   2.9663086e+01
   6.3360300e+05   3.1982422e+01
   6.3368500e+05   3.1555176e+01
   6.3380600e+05   2.7465820e+01
   6.3388800e+05   2.4291992e+01
   6.3394800e+05   3.0700684e+01
   6.4087900e+05   3.0517578e+01
   6.4090200e+05   3.0578613e+01
   6.4093300e+05   3.8940430e+01
   6.4096400e+05   3.0639648e+01
   6.4108000e+05   3.4118652e+01
   6.4111300e+05   2.3864746e+01
   6.4122300e+05   4.3151855e+01
   6.4137800e+05   3.1188965e+01
   6.4155000e+05   2.9357910e+01
   6.4892200e+05   2.6977539e+01
   6.4893800e+05   2.9113770e+01
   6.4895400e+05   3.9123535e+01
   6.4898100e+05   2.3925781e+01
   6.4900200e+05   2.7770996e+01
   6.4901800e+05   2.9968262e+01
   6.4905100e+05   2.4230957e+01
   6.4910400e+05   3.3447266e+01
   6.4916300e+05   2.5451660e+01
   6.4925700e+05   2.6184082e+01
   6.4927200e+05   2.8564453e+01
   6.4939200e+05   2.5756836e+01
   6.4943900e+05   2.7404785e+01
   6.4965000e+05   3.3752441e+01
   6.4976100e+05   2.6000977e+01
   6.5027200e+05   3.3691406e+01
   6.5643000e+05   2.8442383e+01
   6.5645600e+05   3.1494141e+01
   6.5646600e+05   4.5776367e+01
   6.5649500e+05   2.3986816e+01
   6.5656900e+05   2.5939941e+01
   6.5663900e+05   2.8686523e+01
   6.5680800e+05   2.7648926e+01
   6.5697200e+05   2.7587891e+01
   6.5722900e+05   3.1616211e+01
   6.5767000e+05   2.7832031e+01
   6.6241300e+05   3.8208008e+01
   6.6245100e+05   3.4423828e+01
   6.6249500e+05   2.8747559e+01
   6.6264600e+05   3.1433105e+01
   6.6271600e+05   2.9479980e+01
   6.6286400e+05   3.0761719e+01
   6.6315900e+05   2.5512695e+01
   6.6318800e+05   2.8869629e+01
   6.6341300e+05   2.6550293e+01
   6.6351600e+05   2.6428223e+01
   6.6824900e+05   2.3925781e+01
   6.6826700e+05   2.4475098e+01
   6.6830300e+05   3.5400391e+01
   6.6831500e+05   2.5878906e+01
   6.6848800e+05   4.2053223e+01
   6.6862500e+05   2.3742676e+01
   6.6872700e+05   3.4667969e+01
   6.6917800e+05   2.3864746e+01
   6.6944100e+05   3.3203125e+01
   6.7519100e+05   2.7099609e+01
   6.7521000e+05   3.2409668e+01
   6.7523500e+05   2.4597168e+01
   6.7525500e+05   3.6499023e+01
   6.7531100e+05   2.4108887e+01
   6.7532700e+05   2.5939941e+01
   6.7540400e+05   2.7709961e+01
   6.7545400e+05   2.4047852e+01
   6.7559400e+05   3.2531738e+01
   6.7579800e+05   3.4179688e+01
   6.7601300e+05   2.4230957e+01
   6.7604400e+05   2.3864746e+01
   6.7636200e+05   2.4414062e+01
   6.7658500e+05   2.3986816e+01
   6.8414000e+05   3.6987305e+01
   6.8416900e+05   3.7902832e+01
   6.8418600e+05   2.8137207e+01
   6.8422500e+05   2.9663086e+01
   6.8427400e+05   2.5085449e+01
   6.8431400e+05   4.1015625e+01
   6.8438100e+05   2.5329590e+01
   6.8446300e+05   2.4963379e+01
   6.8450600e+05   2.5573730e+01
   6.8463100e+05   3.5339355e+01
   6.8480700e+05   2.3925781e+01
   6.8504700e+05   2.9296875e+01
   6.9256800e+05   5.6640625e+01
   6.9260400e+05   3.1066895e+01
   6.9265700e+05   2.4780273e+01
   6.9272700e+05   2.6000977e+01
   6.9274800e+05   3.6499023e+01
   6.9281200e+05   2.7404785e+01
   6.9289700e+05   3.6804199e+01
   6.9307200e+05   2.5024414e+01
   6.9324800e+05   2.6123047e+01
   6.9423700e+05   2.3864746e+01
   7.0060800e+05   2.5146484e+01
   7.0065000e+05   2.5939941e+01
   7.0066700e+05   4.4921875e+01
   7.0082400e+05   3.6071777e+01
   7.0085100e+05   2.9785156e+01
   7.0093900e+05   2.5390625e+01
   7.0100200e+05   2.4475098e+01
   7.0102000e+05   2.5207520e+01
   7.0109000e+05   2.7221680e+01
   7.0119800e+05   3.4790039e+01
   7.0125100e+05   2.3925781e+01
   7.0142800e+05   4.6081543e+01
   7.1012000e+05   3.5278320e+01
   7.1013600e+05   2.8503418e+01
   7.1017100e+05   4.1320801e+01
   7.1018800e+05   2.4780273e+01
   7.1021300e+05   2.7099609e+01
   7.1025400e+05   2.5573730e+01
   7.1032100e+05   3.8574219e+01
   7.1047100e+05   3.2653809e+01
   7.1063100e+05   2.7099609e+01
   7.1078200e+05   3.8024902e+01
   7.1102600e+05   4.2846680e+01
   7.2080700e+05   2.9479980e+01
   7.2084400e+05   4.6020508e+01
   7.2085700e+05   4.5043945e+01
   7.2088600e+05   2.8137207e+01
   7.2093400e+05   3.0517578e+01
   7.2098700e+05   2.4658203e+01
   7.2099900e+05   3.8085938e+01
   7.2113300e+05   3.3508301e+01
   7.2126200e+05   2.8381348e+01
   7.2140100e+05   3.4423828e+01
   7.2159200e+05   2.9235840e+01
   7.2223500e+05   2.4658203e+01
   7.2880700e+05   2.5207520e+01
   7.2882900e+05   2.6428223e+01
   7.2885700e+05   3.1738281e+01
   7.2887900e+05   3.7353516e+01
   7.2891300e+05   3.4973145e+01
   7.2897300e+05   2.5268555e+01
   7.2903200e+05   3.8085938e+01
   7.2920300e+05   2.8930664e+01
   7.2940000e+05   3.3691406e+01
   7.2967500e+05   4.5227051e+01
   7.3011100e+05   2.4658203e+01
   7.3672500e+05   2.6367188e+01
   7.3676900e+05   3.4240723e+01
   7.3678000e+05   2.6916504e+01
   7.3682300e+05   3.0517578e+01
   7.3685600e+05   2.8808594e+01
   7.3691000e+05   2.6367188e+01
   7.3692300e+05   2.3559570e+01
   7.3708100e+05   3.4362793e+01
   7.3724100e+05   2.6916504e+01
   7.3746100e+05   2.4108887e+01
   7.4448700e+05   2.4597168e+01
   7.4452800e+05   2.7587891e+01
   7.4455600e+05   2.7770996e+01
   7.4460100e+05   2.5146484e+01
   7.4469800e+05   3.1555176e+01
   7.4488200e+05   3.7963867e+01
   7.4513400e+05   2.5817871e+01
   7.4544700e+05   2.9174805e+01
   7.4580000e+05   2.7526855e+01
   7.4600600e+05   2.3620605e+01
   7.5515000e+05   2.4230957e+01
   7.5517100e+05   2.3620605e+01
   7.5519200e+05   2.6428223e+01
   7.5522100e+05   3.9672852e+01
   7.5526700e+05   2.3559570e+01
   7.5530100e+05   2.5451660e+01
   7.5535000e+05   3.9611816e+01
   7.5546400e+05   2.7648926e+01
   7.5547700e+05   4.4250488e+01
   7.5550800e+05   2.6367188e+01
   7.5562600e+05   2.6977539e+01
   7.5576900e+05   3.2897949e+01
   7.5597800e+05   3.4667969e+01
   7.5625500e+05   2.7404785e+01
   7.6732000e+05   2.6489258e+01
   7.6735900e+05   5.2673340e+01
   7.6736900e+05   2.7709961e+01
   7.6740900e+05   2.5390625e+01
   7.6750800e+05   4.1442871e+01
   7.6761900e+05   3.1494141e+01
   7.6765100e+05   2.4414062e+01
   7.6777500e+05   2.6367188e+01
   7.6791100e+05   3.7048340e+01
   7.6804500e+05   2.7343750e+01
   7.6825800e+05   2.8747559e+01
   7.6910900e+05   2.4414062e+01
   7.7896200e+05   4.3884277e+01
   7.7900200e+05   6.7932129e+01
   7.7904600e+05   2.5451660e+01
   7.7909100e+05   2.7160645e+01
   7.7913900e+05   3.8635254e+01
   7.7927600e+05   3.6254883e+01
   7.7941900e+05   4.3029785e+01
   7.7956900e+05   3.2165527e+01
   7.7975100e+05   3.0029297e+01
   7.8013700e+05   3.2836914e+01
   7.8028100e+05   2.6245117e+01
   7.8544300e+05   3.5705566e+01
   7.8988800e+05   2.3864746e+01
   7.8991400e+05   2.4597168e+01
   7.8994600e+05   2.9907227e+01
   7.8996900e+05   2.7343750e+01
   7.9001400e+05   4.4677734e+01
   7.9008000e+05   4.3457031e+01
   7.9011400e+05   3.0456543e+01
   7.9021900e+05   2.7343750e+01
   7.9036200e+05   3.0395508e+01
   7.9051800e+05   3.2409668e+01
   7.9071500e+05   3.3447266e+01
   7.9158100e+05   2.4047852e+01
   8.0267300e+05   3.1616211e+01
   8.0268700e+05   2.9907227e+01
   8.0269800e+05   2.3559570e+01
   8.0275100e+05   3.2958984e+01
   8.0279600e+05   2.6489258e+01
   8.0282200e+05   3.2836914e+01
   8.0295900e+05   5.1635742e+01
   8.0308300e+05   3.3691406e+01
   8.0323500e+05   2.9479980e+01
   8.0338200e+05   2.7404785e+01
   8.0359800e+05   2.7526855e+01
   8.0417000e+05   2.3742676e+01
   8.0519700e+05   2.4658203e+01
   8.1787200e+05   3.6987305e+01
   8.1791600e+05   4.6081543e+01
   8.1793500e+05   3.5461426e+01
   8.1796700e+05   2.8076172e+01
   8.1804800e+05   3.6926270e+01
   8.1809800e+05   2.4475098e+01
   8.1817200e+05   3.3020020e+01
   8.1829100e+05   3.2165527e+01
   8.1841200e+05   2.4108887e+01
   8.1852800e+05   2.8564453e+01
   8.1879300e+05   2.7648926e+01
   8.1898500e+05   3.2226562e+01
   8.1953700e+05   2.3925781e+01
   2.1612660e+06   2.5695801e+01
