   3.0000000e+06   0.0000000e+00
   5.6492000e+04   2.3193359e+01
   3.9204500e+05   2.4719238e+01
   3.9205700e+05   6.2255859e+01
   3.9209500e+05   3.3386230e+01
   3.9210600e+05   2.3071289e+01
   3.9214900e+05   8.5693359e+01
   3.9217100e+05   4.0039062e+01
   3.9218300e+05   3.4179688e+01
   3.9221500e+05   6.7382813e+01
   3.9223900e+05   4.1076660e+01
   3.9226100e+05   3.1127930e+01
   3.9228000e+05   3.3813477e+01
   3.9229700e+05   3.4912109e+01
   3.9232400e+05   2.2949219e+01
   3.9234100e+05   3.1616211e+01
   3.9236700e+05   2.2949219e+01
   3.9238400e+05   3.8269043e+01
   3.9240800e+05   2.9663086e+01
   3.9244100e+05   3.1005859e+01
   3.9247900e+05   2.8320312e+01
   3.9254400e+05   2.6367188e+01
   3.9257400e+05   2.5634766e+01
   3.9267100e+05   2.3864746e+01
   3.9271900e+05   2.6367188e+01
   3.9324200e+05   2.3071289e+01
   3.9350100e+05   2.4169922e+01
   3.9365700e+05   2.6000977e+01
   3.9370400e+05   2.4230957e+01
   3.9388800e+05   2.3376465e+01
   3.9415800e+05   2.4536133e+01
   3.9450700e+05   2.4597168e+01
   3.9476800e+05   2.3071289e+01
   3.9485200e+05   2.3254395e+01
   3.9507800e+05   2.7282715e+01
   3.9517200e+05   2.4597168e+01
   3.9535700e+05   2.5329590e+01
   3.9541500e+05   2.3681641e+01
   3.9549300e+05   2.4658203e+01
   3.9559500e+05   2.4169922e+01
   3.9568900e+05   2.7099609e+01
   3.9575400e+05   2.7282715e+01
   3.9582800e+05   2.5268555e+01
   3.9596700e+05   2.4291992e+01
   3.9603500e+05   2.6672363e+01
   3.9610600e+05   2.7038574e+01
   3.9617000e+05   2.4597168e+01
   3.9620400e+05   2.3681641e+01
   3.9631300e+05   2.6672363e+01
   3.9638400e+05   2.3498535e+01
   3.9646100e+05   2.5451660e+01
   3.9653700e+05   2.7954102e+01
   3.9657900e+05   2.3925781e+01
   3.9661900e+05   2.5817871e+01
   3.9668900e+05   3.1921387e+01
   3.9677100e+05   2.3559570e+01
   3.9684900e+05   2.3742676e+01
   3.9692400e+05   2.8015137e+01
   3.9716700e+05   2.7893066e+01
   3.9736000e+05   2.5756836e+01
   3.9745500e+05   2.3376465e+01
   3.9754600e+05   2.4902344e+01
   3.9762000e+05   2.4414062e+01
   3.9771500e+05   2.6000977e+01
   3.9782000e+05   2.4291992e+01
   3.9783000e+05   2.3193359e+01
   3.9791600e+05   3.0334473e+01
   3.9802000e+05   2.7893066e+01
   3.9813300e+05   2.4536133e+01
   3.9822300e+05   2.5695801e+01
   3.9839500e+05   3.1127930e+01
   3.9850500e+05   2.9174805e+01
   3.9861400e+05   2.3864746e+01
   3.9873500e+05   2.6123047e+01
   3.9890600e+05   3.2592773e+01
   3.9900200e+05   2.7709961e+01
   3.9902800e+05   2.3559570e+01
   3.9918900e+05   2.3498535e+01
   3.9939700e+05   2.9541016e+01
   3.9951100e+05   3.2836914e+01
   3.9962900e+05   2.4719238e+01
   3.9973600e+05   2.6123047e+01
   3.9982800e+05   2.3498535e+01
   3.9995100e+05   2.5756836e+01
   4.0006700e+05   2.4475098e+01
   4.0017900e+05   2.7526855e+01
   4.0027500e+05   2.5329590e+01
   4.0050300e+05   2.5390625e+01
   4.0066600e+05   3.1311035e+01
   4.0085200e+05   2.9846191e+01
   4.0107000e+05   2.4047852e+01
   4.0117900e+05   3.0151367e+01
   4.0129800e+05   2.3925781e+01
   4.0163400e+05   2.3498535e+01
   4.0170100e+05   3.1066895e+01
   4.0177700e+05   2.7587891e+01
   4.0180800e+05   2.5512695e+01
   4.0189700e+05   2.5756836e+01
   4.0199300e+05   2.6977539e+01
   4.0210600e+05   2.5756836e+01
   4.0221800e+05   2.3986816e+01
   4.0234200e+05   2.7709961e+01
   4.0264000e+05   2.9296875e+01
   4.0275700e+05   2.5634766e+01
   4.0287600e+05   2.7832031e+01
   4.0292500e+05   2.4902344e+01
   4.0298900e+05   2.7038574e+01
   4.0312600e+05   2.3925781e+01
   4.0325200e+05   2.9846191e+01
   4.0339200e+05   2.4475098e+01
   4.0364700e+05   2.7709961e+01
   4.0379200e+05   2.3254395e+01
   4.0391400e+05   2.5634766e+01
   4.0404300e+05   3.3874512e+01
   4.0419200e+05   2.8015137e+01
   4.0432300e+05   3.3996582e+01
   4.0446900e+05   3.4240723e+01
   4.0457700e+05   3.2775879e+01
   4.0471700e+05   2.4963379e+01
   4.0483900e+05   2.5390625e+01
   4.0498400e+05   2.7282715e+01
   4.0528100e+05   2.5024414e+01
   4.0543900e+05   2.5634766e+01
   4.0556700e+05   2.4353027e+01
   4.0569400e+05   3.2653809e+01
   4.0585400e+05   2.7648926e+01
   4.0600200e+05   2.3803711e+01
   4.0612000e+05   2.5634766e+01
   4.0629200e+05   2.6733398e+01
   4.0642500e+05   2.6245117e+01
   4.0655400e+05   2.5817871e+01
   4.0670400e+05   2.6855469e+01
   4.0686300e+05   2.7832031e+01
   4.0700400e+05   2.9541016e+01
   4.0713900e+05   2.3864746e+01
   4.0728200e+05   2.9602051e+01
   4.0755400e+05   2.3559570e+01
   4.0770400e+05   2.7282715e+01
   4.0785600e+05   3.3386230e+01
   4.0800400e+05   3.3386230e+01
   4.0816300e+05   2.3010254e+01
   4.0830000e+05   2.9724121e+01
   4.0843500e+05   2.3315430e+01
   4.0847300e+05   2.7709961e+01
   4.0862600e+05   2.5268555e+01
   4.0878800e+05   2.5451660e+01
   4.0894600e+05   3.0029297e+01
   4.0924400e+05   3.0944824e+01
   4.0938600e+05   2.3071289e+01
   4.0953300e+05   2.8442383e+01
   4.0968300e+05   2.7648926e+01
   4.0978200e+05   2.5939941e+01
   4.0984900e+05   2.6367188e+01
   4.1000400e+05   2.5695801e+01
   4.1015700e+05   2.9846191e+01
   4.1030700e+05   2.5207520e+01
   4.1049200e+05   2.4841309e+01
   4.1054500e+05   2.5451660e+01
   4.1064700e+05   2.5817871e+01
   4.1080200e+05   2.6550293e+01
   4.1095100e+05   2.8015137e+01
   4.1111400e+05   2.8808594e+01
   4.1125000e+05   2.7160645e+01
   4.1141500e+05   3.3752441e+01
   4.1159100e+05   2.7282715e+01
   4.1174400e+05   2.7893066e+01
   4.1190400e+05   2.3315430e+01
   4.1195400e+05   2.2949219e+01
   4.1210200e+05   2.8930664e+01
   4.1226800e+05   2.6794434e+01
   4.1231700e+05   2.5939941e+01
   4.1242800e+05   2.9785156e+01
   4.1247200e+05   2.3193359e+01
   4.1257700e+05   2.4475098e+01
   4.1274900e+05   3.1372070e+01
   4.1289500e+05   3.0578613e+01
   4.1307300e+05   2.4597168e+01
   4.1326400e+05   2.2888184e+01
   4.1343900e+05   2.2949219e+01
   4.1359900e+05   2.9968262e+01
   4.1360900e+05   2.6000977e+01
   4.1375600e+05   2.6855469e+01
   4.1392500e+05   2.6977539e+01
   4.1393700e+05   2.7343750e+01
   4.1410800e+05   2.7343750e+01
   4.1427200e+05   2.3986816e+01
   4.1445500e+05   2.8503418e+01
   4.1464500e+05   3.4484863e+01
   4.1479800e+05   2.8259277e+01
   4.1496500e+05   3.0395508e+01
   4.1513700e+05   2.4719238e+01
   4.1529600e+05   2.5817871e+01
   4.1546100e+05   3.1005859e+01
   4.1563600e+05   3.0212402e+01
   4.1582200e+05   2.8015137e+01
   4.1601800e+05   2.3803711e+01
   4.1618200e+05   2.6611328e+01
   4.1636100e+05   3.5217285e+01
   4.1638800e+05   2.4414062e+01
   4.1668000e+05   2.6855469e+01
   4.1686100e+05   2.3681641e+01
   4.1704800e+05   2.6489258e+01
   4.1723300e+05   3.1372070e+01
   4.1724600e+05   2.6000977e+01
   4.1742900e+05   2.7587891e+01
   4.1761100e+05   2.8747559e+01
   4.1780000e+05   2.6977539e+01
   4.1798800e+05   2.6123047e+01
   4.1814900e+05   2.9174805e+01
   4.1833000e+05   2.6489258e+01
   4.1845800e+05   2.8015137e+01
   4.1851100e+05   2.7404785e+01
   4.1870000e+05   3.5827637e+01
   4.1889000e+05   2.4597168e+01
   4.1906300e+05   3.0578613e+01
   4.1911400e+05   2.3376465e+01
   4.1920900e+05   2.3254395e+01
   4.1943600e+05   2.5268555e+01
   4.1962800e+05   2.9174805e+01
   4.1984600e+05   2.4230957e+01
   4.2004000e+05   2.3010254e+01
   4.2021800e+05   2.5878906e+01
   4.2040600e+05   2.3742676e+01
   4.2059700e+05   3.2592773e+01
   4.2080100e+05   2.4169922e+01
   4.2098900e+05   2.8747559e+01
   4.2117900e+05   2.4658203e+01
   4.2157800e+05   2.6977539e+01
   4.2162000e+05   2.6794434e+01
   4.2176600e+05   2.3559570e+01
   4.2196100e+05   2.7404785e+01
   4.2215400e+05   2.7709961e+01
   4.2236000e+05   3.6804199e+01
   4.2253800e+05   2.3742676e+01
   4.2272600e+05   2.6977539e+01
   4.2290700e+05   3.4729004e+01
   4.2309100e+05   3.0822754e+01
   4.2317000e+05   2.3376465e+01
   4.2329000e+05   3.5156250e+01
   4.2347400e+05   2.6550293e+01
   4.2367400e+05   3.0639648e+01
   4.2387900e+05   2.9602051e+01
   4.2397200e+05   2.4536133e+01
   4.2409200e+05   3.0090332e+01
   4.2430400e+05   2.4047852e+01
   4.2453600e+05   2.5634766e+01
   4.2475400e+05   3.0944824e+01
   4.2495100e+05   2.6000977e+01
   4.2513700e+05   2.9785156e+01
   4.2532700e+05   3.3325195e+01
   4.2552100e+05   2.7648926e+01
   4.2566200e+05   2.6611328e+01
   4.2573100e+05   3.0883789e+01
   4.2592600e+05   2.7465820e+01
   4.2612300e+05   2.9174805e+01
   4.2631600e+05   2.3498535e+01
   4.2649200e+05   3.1250000e+01
   4.2655500e+05   2.3376465e+01
   4.2673700e+05   3.0273438e+01
   4.2688000e+05   2.7893066e+01
   4.2708600e+05   3.3874512e+01
   4.2728400e+05   3.4973145e+01
   4.2738900e+05   3.1677246e+01
   4.2749000e+05   2.3193359e+01
   4.2770000e+05   2.8076172e+01
   4.2789100e+05   3.4790039e+01
   4.2811500e+05   2.5756836e+01
   4.2831900e+05   3.1616211e+01
   4.2843700e+05   2.4291992e+01
   4.2852100e+05   2.9541016e+01
   4.2874400e+05   3.0151367e+01
   4.2895100e+05   2.5024414e+01
   4.2910600e+05   2.4475098e+01
   4.2915600e+05   2.6245117e+01
   4.2937100e+05   2.9113770e+01
   4.2960300e+05   2.4841309e+01
   4.2982000e+05   2.8381348e+01
   4.3002300e+05   2.4414063e+01
   4.3024800e+05   2.8015137e+01
   4.3046400e+05   3.2653809e+01
   4.3066400e+05   2.4536133e+01
   4.3088200e+05   3.2714844e+01
   4.3109000e+05   3.4973145e+01
   4.3111900e+05   2.3071289e+01
   4.3130900e+05   2.7099609e+01
   4.3150900e+05   2.7343750e+01
   4.3175000e+05   2.6489258e+01
   4.3196500e+05   3.0517578e+01
   4.3219200e+05   2.8808594e+01
   4.3239100e+05   3.2714844e+01
   4.3240300e+05   2.8442383e+01
   4.3261200e+05   3.0822754e+01
   4.3283400e+05   2.7038574e+01
   4.3305700e+05   2.5695801e+01
   4.3328900e+05   2.7709961e+01
   4.3353800e+05   3.0639648e+01
   4.3377300e+05   3.0822754e+01
   4.3404100e+05   2.7160645e+01
   4.3425500e+05   3.3325195e+01
   4.3447000e+05   3.0151367e+01
   4.3448800e+05   2.5329590e+01
   4.3467000e+05   2.3986816e+01
   4.3469900e+05   2.6428223e+01
   4.3476400e+05   2.8259277e+01
   4.3489500e+05   3.5705566e+01
   4.3501900e+05   2.4963379e+01
   4.3507100e+05   3.0822754e+01
   4.3511700e+05   2.3315430e+01
   4.3522100e+05   2.8198242e+01
   4.3529300e+05   2.5817871e+01
   4.3533200e+05   2.4597168e+01
   4.3536400e+05   2.4230957e+01
   4.3540100e+05   2.3803711e+01
   4.3547100e+05   2.4597168e+01
   4.3549400e+05   2.9174805e+01
   4.3561700e+05   3.6071777e+01
   4.3563900e+05   2.9113770e+01
   4.3567400e+05   3.1005859e+01
   4.3572700e+05   2.9846191e+01
   4.3576000e+05   3.1921387e+01
   4.3579500e+05   6.6650391e+01
   4.3581200e+05   2.7404785e+01
   4.3585000e+05   3.5888672e+01
   4.3587100e+05   3.0578613e+01
   4.3588800e+05   3.5034180e+01
   4.3590900e+05   5.6762695e+01
   4.3594700e+05   3.3935547e+01
   4.3596000e+05   4.2114258e+01
   4.3600200e+05   4.2602539e+01
   4.3603700e+05   2.5573730e+01
   4.3607400e+05   2.6794434e+01
   4.3615000e+05   2.3437500e+01
   4.3620800e+05   2.4353027e+01
   4.3622300e+05   2.8991699e+01
   4.3625900e+05   2.5085449e+01
   4.3631000e+05   2.2888184e+01
   4.3670200e+05   2.8198242e+01
   4.3675500e+05   2.9052734e+01
   4.3692500e+05   2.5146484e+01
   4.3699100e+05   2.5817871e+01
   4.3724700e+05   3.5217285e+01
   4.3744700e+05   2.3376465e+01
   4.3823700e+05   2.3071289e+01
   4.3837200e+05   2.5817871e+01
   4.3849700e+05   2.6550293e+01
   4.3921300e+05   2.5146484e+01
   4.4238100e+05   2.7160645e+01
   4.4747800e+05   2.3559570e+01
   4.5161200e+05   2.3742676e+01
   4.5516800e+05   2.6123047e+01
   4.5853000e+05   2.6123047e+01
   4.5912100e+05   2.3376465e+01
   4.5983800e+05   2.6306152e+01
   4.5997800e+05   2.4047852e+01
   4.5999500e+05   2.3071289e+01
   4.6103600e+05   2.9296875e+01
   4.6141400e+05   2.4719238e+01
   4.6161500e+05   2.2888184e+01
   4.6241300e+05   2.3132324e+01
   4.6244600e+05   2.3864746e+01
   4.6280100e+05   2.5573730e+01
   4.6298900e+05   2.6977539e+01
   4.6317900e+05   2.4108887e+01
   4.6404300e+05   2.3620605e+01
   4.6425200e+05   2.4719238e+01
   4.6461900e+05   2.3803711e+01
   4.6521000e+05   3.1616211e+01
   4.6605200e+05   2.2888184e+01
   4.6606300e+05   2.6367188e+01
   4.6649000e+05   2.3986816e+01
   4.6684000e+05   2.7770996e+01
   4.6704200e+05   2.9174805e+01
   4.6782300e+05   3.1494141e+01
   4.6783300e+05   2.6306152e+01
   4.6864700e+05   2.7038574e+01
   4.6998100e+05   3.3020020e+01
   4.7022200e+05   2.4230957e+01
   4.7046100e+05   2.4841309e+01
   4.7079600e+05   2.4169922e+01
   4.7082600e+05   3.1677246e+01
   4.7151400e+05   2.3315430e+01
   4.7175000e+05   2.3864746e+01
   4.7206100e+05   2.3437500e+01
   4.7225400e+05   2.2949219e+01
   4.7291300e+05   2.7709961e+01
   4.7292300e+05   2.7954102e+01
   4.7360900e+05   2.5634766e+01
   4.7395500e+05   2.4902344e+01
   4.7415600e+05   2.4597168e+01
   4.7475100e+05   2.5024414e+01
   4.7624400e+05   3.8269043e+01
   4.7677900e+05   2.3620605e+01
   4.7703700e+05   2.4658203e+01
   4.7710200e+05   2.4841309e+01
   4.7717300e+05   2.3803711e+01
   4.7728300e+05   3.2287598e+01
   4.7734900e+05   2.4902344e+01
   4.7740700e+05   2.4353027e+01
   4.7742900e+05   2.9479980e+01
   4.7754200e+05   2.3986816e+01
   4.7766600e+05   2.8381348e+01
   4.7771400e+05   3.1188965e+01
   4.7775900e+05   2.6123047e+01
   4.7785900e+05   2.3742676e+01
   4.7798000e+05   2.6245117e+01
   4.7820300e+05   2.3986816e+01
   4.7827800e+05   2.6977539e+01
   4.7843100e+05   2.7648926e+01
   4.7857800e+05   2.8381348e+01
   4.7875200e+05   2.3254395e+01
   4.7888300e+05   2.3803711e+01
   4.7891300e+05   3.4057617e+01
   4.7981200e+05   2.3193359e+01
   4.8088800e+05   2.6245117e+01
   4.8219600e+05   2.3376465e+01
   4.8246100e+05   2.3681641e+01
   4.8343300e+05   2.5329590e+01
   4.8395600e+05   2.4291992e+01
   4.8419900e+05   2.3132324e+01
   4.8421100e+05   2.6611328e+01
   4.8427000e+05   3.6010742e+01
   4.8434400e+05   2.3193359e+01
   4.8437300e+05   2.3254395e+01
   4.8445500e+05   3.0761719e+01
   4.8455000e+05   2.8137207e+01
   4.8492200e+05   2.4108887e+01
   4.8514400e+05   2.2888184e+01
   4.8568000e+05   2.8503418e+01
   4.8585900e+05   2.3010254e+01
   4.8604700e+05   2.4841309e+01
   4.8630100e+05   2.4719238e+01
   4.8665800e+05   4.1564941e+01
   4.8675200e+05   3.3569336e+01
   4.8678700e+05   2.6550293e+01
   4.8686600e+05   2.3254395e+01
   4.8691400e+05   3.4423828e+01
   4.8695000e+05   2.7404785e+01
   4.8700400e+05   2.3620605e+01
   4.8706400e+05   2.3620605e+01
   4.8719100e+05   2.3010254e+01
   4.8738100e+05   3.0517578e+01
   4.8739800e+05   3.0639648e+01
   4.8748800e+05   2.5329590e+01
   4.8763600e+05   2.3010254e+01
   4.8860100e+05   2.4047852e+01
   4.8895700e+05   2.3437500e+01
   4.8972300e+05   2.6306152e+01
   4.9017700e+05   2.8259277e+01
   4.9020000e+05   2.4963379e+01
   4.9027800e+05   2.9968262e+01
   4.9039300e+05   2.5390625e+01
   4.9042700e+05   2.4536133e+01
   4.9096600e+05   3.3935547e+01
   4.9138300e+05   2.3193359e+01
   4.9158100e+05   2.3315430e+01
   4.9166300e+05   2.3315430e+01
   4.9174000e+05   3.2775879e+01
   4.9183100e+05   2.9113770e+01
   4.9196200e+05   2.3864746e+01
   4.9200300e+05   2.4047852e+01
   4.9211100e+05   2.3681641e+01
   4.9232700e+05   2.3193359e+01
   4.9235800e+05   2.3864746e+01
   4.9257300e+05   2.3925781e+01
   4.9268600e+05   2.3254395e+01
   4.9273100e+05   2.4475098e+01
   4.9275500e+05   2.8808594e+01
   4.9292800e+05   2.4108887e+01
   4.9296600e+05   2.5024414e+01
   4.9309100e+05   2.2949219e+01
   4.9615600e+05   2.5329590e+01
   4.9658500e+05   2.6245117e+01
   4.9662700e+05   2.4963379e+01
   4.9670500e+05   2.4902344e+01
   4.9680300e+05   2.5634766e+01
   4.9696800e+05   2.3986816e+01
   4.9699500e+05   2.6062012e+01
   4.9715000e+05   2.3803711e+01
   4.9729300e+05   2.3437500e+01
   4.9746400e+05   2.9418945e+01
   4.9773700e+05   2.2949219e+01
   5.0044600e+05   2.5268555e+01
   5.0071400e+05   2.3376465e+01
   5.0139400e+05   2.5939941e+01
   5.0141100e+05   3.0944824e+01
   5.0148800e+05   2.4536133e+01
   5.0149800e+05   2.5451660e+01
   5.0158000e+05   3.1494141e+01
   5.0159600e+05   2.5451660e+01
   5.0163500e+05   2.9235840e+01
   5.0166700e+05   2.7282715e+01
   5.0167800e+05   2.3437500e+01
   5.0175000e+05   2.3864746e+01
   5.0178000e+05   2.7465820e+01
   5.0182400e+05   2.9052734e+01
   5.0191900e+05   2.5024414e+01
   5.0210400e+05   2.8686523e+01
   5.0229900e+05   2.5634766e+01
   5.0266200e+05   2.2888184e+01
   5.0461500e+05   2.5878906e+01
   5.0475100e+05   2.4414062e+01
   5.0623700e+05   2.4597168e+01
   5.0654300e+05   2.4536133e+01
   5.0705100e+05   2.3010254e+01
   5.0741400e+05   2.5207520e+01
   5.0774300e+05   2.3193359e+01
   5.0795100e+05   2.6550293e+01
   5.0797300e+05   2.4414062e+01
   5.0802800e+05   2.4230957e+01
   5.0803900e+05   2.8442383e+01
   5.0808700e+05   2.5390625e+01
   5.0810300e+05   3.3325195e+01
   5.0815300e+05   2.5634766e+01
   5.0817100e+05   2.2888184e+01
   5.0827900e+05   3.6987305e+01
   5.0841500e+05   2.5146484e+01
   5.0845300e+05   2.6245117e+01
   5.0872900e+05   2.6428223e+01
   5.0878100e+05   3.6010742e+01
   5.0885000e+05   2.3010254e+01
   5.0899600e+05   2.6733398e+01
   5.0906600e+05   2.9418945e+01
   5.0909500e+05   2.4841309e+01
   5.0917600e+05   3.6315918e+01
   5.0937300e+05   2.6550293e+01
   5.0941300e+05   3.1127930e+01
   5.0958900e+05   3.8208008e+01
   5.0966300e+05   2.6123047e+01
   5.0998400e+05   2.5390625e+01
   5.1019800e+05   2.3376465e+01
   5.1075100e+05   2.4291992e+01
   5.1505900e+05   2.5268555e+01
   5.1569300e+05   2.3315430e+01
   5.1571400e+05   2.6428223e+01
   5.1577500e+05   2.6611328e+01
   5.1600300e+05   2.6611328e+01
   5.1914800e+05   3.0456543e+01
   5.1917200e+05   2.4291992e+01
   5.1922200e+05   2.7526855e+01
   5.1929100e+05   3.0334473e+01
   5.1936200e+05   2.9968262e+01
   5.1944400e+05   2.4414062e+01
   5.1954500e+05   2.7160645e+01
   5.1974200e+05   2.9785156e+01
   5.1980900e+05   2.3681641e+01
   5.1994600e+05   2.8747559e+01
   5.2000500e+05   2.3071289e+01
   5.2314800e+05   2.2888184e+01
   5.2332100e+05   2.7770996e+01
   5.2339000e+05   2.7404785e+01
   5.2343000e+05   2.3925781e+01
   5.2353600e+05   2.4047852e+01
   5.2358300e+05   2.7526855e+01
   5.2381200e+05   2.3132324e+01
   5.2405500e+05   2.5817871e+01
   5.2438700e+05   2.2949219e+01
   5.2762900e+05   2.3315430e+01
   5.2768200e+05   2.7404785e+01
   5.2773800e+05   2.4780273e+01
   5.2779500e+05   2.9602051e+01
   5.2782500e+05   2.3864746e+01
   5.2816400e+05   2.3376465e+01
   5.2836000e+05   2.3437500e+01
   5.2880500e+05   2.5939941e+01
   5.2904200e+05   2.4963379e+01
   5.2959000e+05   2.4353027e+01
   5.2986200e+05   2.4902344e+01
   5.3329300e+05   2.8198242e+01
   5.3336600e+05   2.4536133e+01
   5.3344700e+05   3.1311035e+01
   5.3352100e+05   3.3752441e+01
   5.3399500e+05   2.6306152e+01
   5.3415500e+05   2.6611328e+01
   5.3840800e+05   3.4729004e+01
   5.3844100e+05   2.4780273e+01
   5.3850100e+05   2.6184082e+01
   5.3857200e+05   2.5024414e+01
   5.3859100e+05   2.7038574e+01
   5.3862500e+05   2.5329590e+01
   5.3882600e+05   2.3193359e+01
   5.3891100e+05   2.6367188e+01
   5.3907000e+05   2.4230957e+01
   5.3910300e+05   2.5878906e+01
   5.3951200e+05   3.2165527e+01
   5.3971700e+05   3.2226562e+01
   5.4023600e+05   2.3925781e+01
   5.4305900e+05   2.5939941e+01
   5.4325000e+05   4.0649414e+01
   5.4342100e+05   2.3742676e+01
   5.4364700e+05   2.3803711e+01
   5.4381100e+05   2.3254395e+01
   5.4384400e+05   2.3986816e+01
   5.4660500e+05   2.3498535e+01
   5.4662000e+05   2.3376465e+01
   5.4670400e+05   2.3925781e+01
   5.4699700e+05   2.3254395e+01
   5.4705000e+05   2.5756836e+01
   5.4709900e+05   2.2888184e+01
   5.4718500e+05   2.3132324e+01
   5.4738700e+05   2.2888184e+01
   5.4760300e+05   2.9846191e+01
   5.4784700e+05   2.7465820e+01
   5.4789700e+05   2.4414062e+01
   5.5088600e+05   2.5573730e+01
   5.5210000e+05   3.0700684e+01
   5.5213100e+05   2.9418945e+01
   5.5217200e+05   2.4597168e+01
   5.5223400e+05   2.9113770e+01
   5.5229800e+05   2.7832031e+01
   5.5241500e+05   2.4841309e+01
   5.5245800e+05   3.4301758e+01
   5.5263500e+05   2.8015137e+01
   5.5281300e+05   2.8564453e+01
   5.5302900e+05   2.7221680e+01
   5.5350600e+05   2.4353027e+01
   5.5656200e+05   2.6611328e+01
   5.5661400e+05   2.3193359e+01
   5.5662400e+05   2.8076172e+01
   5.5665800e+05   2.4047852e+01
   5.5667300e+05   2.3437500e+01
   5.5673900e+05   2.9785156e+01
   5.5677900e+05   2.9113770e+01
   5.5693300e+05   2.4353027e+01
   5.5702500e+05   2.3315430e+01
   5.6173100e+05   2.4536133e+01
   5.6176100e+05   3.3325195e+01
   5.6177700e+05   2.4719238e+01
   5.6192400e+05   2.9968262e+01
   5.6206400e+05   2.4169922e+01
   5.6219300e+05   2.6000977e+01
   5.6224700e+05   2.8869629e+01
   5.6241900e+05   3.3874512e+01
   5.6263800e+05   2.4475098e+01
   5.6285300e+05   2.5329590e+01
   5.6307500e+05   2.7832031e+01
   5.6335800e+05   2.3376465e+01
   5.6800300e+05   2.5268555e+01
   5.6802800e+05   4.1870117e+01
   5.6807500e+05   2.8869629e+01
   5.6819700e+05   2.8991699e+01
   5.6834600e+05   2.7343750e+01
   5.6850200e+05   2.4169922e+01
   5.6867300e+05   3.3325195e+01
   5.6881100e+05   2.6916504e+01
   5.6889600e+05   2.4291992e+01
   5.6911000e+05   2.3742676e+01
   5.6925100e+05   3.1127930e+01
   5.6969400e+05   2.5573730e+01
   5.7429400e+05   3.0090332e+01
   5.7432500e+05   2.4536133e+01
   5.7442300e+05   2.3803711e+01
   5.7446100e+05   2.8686523e+01
   5.7464400e+05   3.2043457e+01
   5.7467300e+05   2.4597168e+01
   5.7481800e+05   3.6987305e+01
   5.7501600e+05   2.5146484e+01
   5.7525300e+05   2.4353027e+01
   5.7550500e+05   2.6428223e+01
   5.7557600e+05   2.3010254e+01
   5.7580600e+05   2.7282715e+01
   5.8026900e+05   3.9611816e+01
   5.8047100e+05   3.2104492e+01
   5.8057200e+05   2.6672363e+01
   5.8064200e+05   2.8259277e+01
   5.8080300e+05   2.6672363e+01
   5.8097000e+05   2.4597168e+01
   5.8107200e+05   2.6733398e+01
   5.8127600e+05   2.2949219e+01
   5.8150700e+05   2.5390625e+01
   5.8652100e+05   2.6855469e+01
   5.8654600e+05   3.0822754e+01
   5.8659000e+05   2.6855469e+01
   5.8663300e+05   2.4841309e+01
   5.8665900e+05   2.6428223e+01
   5.8668000e+05   2.3498535e+01
   5.8670900e+05   2.6977539e+01
   5.8687900e+05   2.6672363e+01
   5.8705800e+05   2.3437500e+01
   5.8724600e+05   2.8137207e+01
   5.8738000e+05   2.3925781e+01
   5.8748200e+05   3.0944824e+01
   5.8749500e+05   2.6184082e+01
   5.8771100e+05   2.8442383e+01
   5.8820400e+05   2.3437500e+01
   5.9223000e+05   2.8320312e+01
   5.9225500e+05   3.3142090e+01
   5.9229800e+05   2.4780273e+01
   5.9236800e+05   2.9907227e+01
   5.9243600e+05   2.9785156e+01
   5.9263800e+05   2.5024414e+01
   5.9271800e+05   2.3071289e+01
   5.9282300e+05   2.8137207e+01
   5.9284100e+05   2.6611328e+01
   5.9306900e+05   3.8085938e+01
   5.9334100e+05   2.7404785e+01
   5.9821200e+05   3.4606934e+01
   5.9827400e+05   2.6733398e+01
   5.9828400e+05   4.1687012e+01
   5.9833800e+05   2.6000977e+01
   5.9843300e+05   2.3315430e+01
   5.9846300e+05   3.1250000e+01
   5.9863300e+05   2.7160645e+01
   5.9867100e+05   2.4475098e+01
   5.9883500e+05   2.5695801e+01
   5.9888000e+05   2.7770996e+01
   5.9896500e+05   2.5878906e+01
   5.9941200e+05   2.7465820e+01
   5.9973500e+05   3.2226562e+01
   6.0427700e+05   2.6306152e+01
   6.0430200e+05   3.7902832e+01
   6.0432400e+05   2.4353027e+01
   6.0438700e+05   2.3132324e+01
   6.0445200e+05   2.6550293e+01
   6.0447300e+05   3.3081055e+01
   6.0455600e+05   2.4169922e+01
   6.0466000e+05   2.3071289e+01
   6.0488000e+05   2.8259277e+01
   6.0519300e+05   2.6794434e+01
   6.0574600e+05   3.0944824e+01
   6.1263900e+05   2.3986816e+01
   6.1270400e+05   2.5756836e+01
   6.1272900e+05   3.3081055e+01
   6.1276000e+05   2.6000977e+01
   6.1289700e+05   3.3752441e+01
   6.1305000e+05   2.9479980e+01
   6.1321900e+05   2.9113770e+01
   6.1338500e+05   3.2470703e+01
   6.1357100e+05   2.7770996e+01
   6.1379100e+05   3.4179688e+01
   6.1405800e+05   2.7587891e+01
   6.1413400e+05   2.2949219e+01
   6.1435900e+05   2.6550293e+01
   6.2067200e+05   2.3559570e+01
   6.2073400e+05   2.9846191e+01
   6.2074400e+05   3.4973145e+01
   6.2087500e+05   2.2949219e+01
   6.2089200e+05   2.3803711e+01
   6.2092700e+05   3.2897949e+01
   6.2111100e+05   3.8452148e+01
   6.2119000e+05   2.3986816e+01
   6.2128100e+05   3.9428711e+01
   6.2143700e+05   2.6550293e+01
   6.2147100e+05   3.3447266e+01
   6.2168900e+05   2.8625488e+01
   6.2204900e+05   2.9052734e+01
   6.2782000e+05   2.3071289e+01
   6.2798200e+05   2.4414062e+01
   6.2801500e+05   2.4353027e+01
   6.2819900e+05   2.8930664e+01
   6.2838200e+05   3.3996582e+01
   6.2860300e+05   2.5329590e+01
   6.2882200e+05   2.2888184e+01
   6.2891100e+05   3.6560059e+01
   6.3334100e+05   2.9968262e+01
   6.3336300e+05   2.5695801e+01
   6.3343600e+05   3.0273438e+01
   6.3356800e+05   2.9968262e+01
   6.3378000e+05   2.7221680e+01
   6.3403500e+05   3.4606934e+01
   6.3437800e+05   3.0090332e+01
   6.4076500e+05   2.4536133e+01
   6.4081900e+05   3.7536621e+01
   6.4082900e+05   4.6691895e+01
   6.4084700e+05   2.3742676e+01
   6.4089700e+05   2.4047852e+01
   6.4095800e+05   2.5756836e+01
   6.4102000e+05   4.1503906e+01
   6.4119800e+05   2.4719238e+01
   6.4128400e+05   2.3437500e+01
   6.4137000e+05   2.5146484e+01
   6.4138700e+05   3.0822754e+01
   6.4160300e+05   3.7536621e+01
   6.4187000e+05   3.5888672e+01
   6.4222500e+05   2.8564453e+01
   6.4881100e+05   2.7954102e+01
   6.4886900e+05   2.7343750e+01
   6.4889200e+05   2.6672363e+01
   6.4891900e+05   2.8930664e+01
   6.4906400e+05   3.7048340e+01
   6.4909000e+05   2.3315430e+01
   6.4912600e+05   2.8442383e+01
   6.4924800e+05   3.2165527e+01
   6.4928700e+05   2.3803711e+01
   6.4946300e+05   3.4118652e+01
   6.4968600e+05   3.5278320e+01
   6.4991700e+05   2.7709961e+01
   6.5627200e+05   2.3071289e+01
   6.5631000e+05   2.5756836e+01
   6.5637400e+05   2.6489258e+01
   6.5640300e+05   2.5878906e+01
   6.5659000e+05   3.7963867e+01
   6.5679900e+05   3.2226562e+01
   6.5699600e+05   2.3864746e+01
   6.5701300e+05   3.2348633e+01
   6.5729800e+05   3.0273438e+01
   6.6226600e+05   2.3864746e+01
   6.6232600e+05   2.3803711e+01
   6.6236600e+05   3.1982422e+01
   6.6257300e+05   4.3579102e+01
   6.6282300e+05   2.3254395e+01
   6.6312600e+05   3.5522461e+01
   6.6342200e+05   2.2888184e+01
   6.6806900e+05   2.3010254e+01
   6.6817300e+05   2.8381348e+01
   6.6819800e+05   3.6254883e+01
   6.6833700e+05   2.2888184e+01
   6.6840800e+05   3.3569336e+01
   6.6862200e+05   2.3132324e+01
   6.6866000e+05   3.2775879e+01
   6.6895800e+05   3.1127930e+01
   6.6909300e+05   2.3803711e+01
   6.6959000e+05   2.4841309e+01
   6.7504000e+05   2.4780273e+01
   6.7512000e+05   2.5573730e+01
   6.7515800e+05   3.5278320e+01
   6.7517000e+05   2.4353027e+01
   6.7519900e+05   2.6306152e+01
   6.7524600e+05   3.0822754e+01
   6.7534600e+05   3.3203125e+01
   6.7556200e+05   2.9174805e+01
   6.7577300e+05   2.4658203e+01
   6.7587200e+05   2.4291992e+01
   6.7596600e+05   2.5268555e+01
   6.7639100e+05   3.2348633e+01
   6.8403500e+05   3.8879395e+01
   6.8414000e+05   2.7526855e+01
   6.8417300e+05   2.2949219e+01
   6.8419100e+05   2.6245117e+01
   6.8422000e+05   3.2165527e+01
   6.8431800e+05   3.1921387e+01
   6.8451700e+05   3.0761719e+01
   6.8472900e+05   3.5644531e+01
   6.8515100e+05   3.1005859e+01
   6.9241500e+05   2.4230957e+01
   6.9249200e+05   2.5878906e+01
   6.9252500e+05   2.9907227e+01
   6.9256400e+05   2.6977539e+01
   6.9270700e+05   3.6376953e+01
   6.9287700e+05   2.4353027e+01
   6.9289600e+05   2.8564453e+01
   6.9315700e+05   3.4057617e+01
   6.9342300e+05   2.3193359e+01
   6.9353300e+05   2.5695801e+01
   6.9401200e+05   2.4291992e+01
   7.0048800e+05   2.9663086e+01
   7.0055800e+05   2.5024414e+01
   7.0058400e+05   2.9113770e+01
   7.0062300e+05   2.4536133e+01
   7.0077000e+05   2.2888184e+01
   7.0092100e+05   2.7404785e+01
   7.0100500e+05   3.1311035e+01
   7.0111300e+05   2.4902344e+01
   7.0118500e+05   2.3132324e+01
   7.0122500e+05   3.2775879e+01
   7.0125900e+05   2.5512695e+01
   7.0150200e+05   2.6489258e+01
   7.0997600e+05   2.8442383e+01
   7.1011500e+05   5.4138184e+01
   7.1013600e+05   2.3986816e+01
   7.1030000e+05   3.0700684e+01
   7.1032700e+05   2.3132324e+01
   7.1048200e+05   2.7648926e+01
   7.1069000e+05   3.5644531e+01
   7.1095600e+05   2.7770996e+01
   7.1186900e+05   2.3925781e+01
   7.2066100e+05   2.5268555e+01
   7.2072400e+05   2.4963379e+01
   7.2080500e+05   3.4118652e+01
   7.2081900e+05   2.8137207e+01
   7.2084200e+05   2.4230957e+01
   7.2086800e+05   3.0883789e+01
   7.2089500e+05   2.3376465e+01
   7.2098900e+05   4.3823242e+01
   7.2115500e+05   2.9113770e+01
   7.2135900e+05   3.0273438e+01
   7.2141000e+05   3.1982422e+01
   7.2158200e+05   3.8391113e+01
   7.2865900e+05   3.5827637e+01
   7.2874000e+05   2.8869629e+01
   7.2876300e+05   2.4963379e+01
   7.2880100e+05   3.2104492e+01
   7.2893300e+05   2.3864746e+01
   7.2897600e+05   2.4169922e+01
   7.2902000e+05   2.8625488e+01
   7.2926600e+05   2.7832031e+01
   7.3657900e+05   2.3437500e+01
   7.3664800e+05   2.3132324e+01
   7.3668700e+05   2.6367188e+01
   7.3671400e+05   2.8747559e+01
   7.3673700e+05   3.7414551e+01
   7.3692900e+05   3.1494141e+01
   7.3696500e+05   3.6193848e+01
   7.3718500e+05   2.7648926e+01
   7.3728900e+05   2.3498535e+01
   7.4433000e+05   2.3193359e+01
   7.4439800e+05   2.8991699e+01
   7.4443900e+05   2.5146484e+01
   7.4447800e+05   2.3620605e+01
   7.4452200e+05   3.3874512e+01
   7.4453200e+05   3.2775879e+01
   7.4478100e+05   3.1188965e+01
   7.4523900e+05   3.5156250e+01
   7.5504500e+05   2.3132324e+01
   7.5509300e+05   2.4719238e+01
   7.5514500e+05   2.3925781e+01
   7.5518400e+05   3.7292480e+01
   7.5535800e+05   2.3437500e+01
   7.5538200e+05   3.1982422e+01
   7.5555400e+05   3.9550781e+01
   7.5576000e+05   3.8146973e+01
   7.5579700e+05   2.4230957e+01
   7.5597100e+05   2.4963379e+01
   7.6724200e+05   3.9001465e+01
   7.6729700e+05   3.1921387e+01
   7.6733400e+05   2.4963379e+01
   7.6736300e+05   2.5146484e+01
   7.6741900e+05   2.3193359e+01
   7.6749500e+05   4.2114258e+01
   7.6761900e+05   2.5207520e+01
   7.6766800e+05   4.3090820e+01
   7.6781200e+05   2.3986816e+01
   7.6786300e+05   2.5329590e+01
   7.6805700e+05   2.9968262e+01
   7.6847900e+05   4.0344238e+01
   7.7878500e+05   2.8808594e+01
   7.7886800e+05   2.5634766e+01
   7.7894600e+05   2.9357910e+01
   7.7897300e+05   3.0822754e+01
   7.7906400e+05   2.6367188e+01
   7.7911000e+05   2.8320312e+01
   7.7916800e+05   3.6865234e+01
   7.7936900e+05   3.3386230e+01
   7.7958400e+05   3.4667969e+01
   7.8963800e+05   2.3620605e+01
   7.8973300e+05   2.8381348e+01
   7.8980500e+05   2.7954102e+01
   7.8986200e+05   3.6254883e+01
   7.8987800e+05   3.1433105e+01
   7.8990300e+05   2.5512695e+01
   7.9009200e+05   2.6123047e+01
   7.9020600e+05   2.3620605e+01
   7.9032500e+05   2.9846191e+01
   7.9047500e+05   2.5329590e+01
   7.9053600e+05   3.3508301e+01
   7.9199200e+05   2.5207520e+01
   8.0254800e+05   2.8564453e+01
   8.0261900e+05   2.3254395e+01
   8.0266700e+05   2.3986816e+01
   8.0278400e+05   2.4902344e+01
   8.0287700e+05   3.7048340e+01
   8.0297000e+05   2.4536133e+01
   8.0304800e+05   2.6794434e+01
   8.0328300e+05   3.5888672e+01
   8.0355700e+05   2.7526855e+01
   8.0357100e+05   3.7109375e+01
   8.0377600e+05   2.4597168e+01
   8.1780600e+05   2.7648926e+01
   8.1785500e+05   2.8503418e+01
   8.1789800e+05   2.9113770e+01
   8.1799900e+05   2.6000977e+01
   8.1809800e+05   3.7780762e+01
   8.1825900e+05   3.3386230e+01
   8.1827400e+05   2.3315430e+01
   8.1845700e+05   3.5278320e+01
   8.1858900e+05   2.6916504e+01
   8.1864200e+05   2.8320312e+01
   8.1872500e+05   2.4902344e+01
   8.1887900e+05   2.9541016e+01
   8.1968000e+05   2.7587891e+01
   8.1980300e+05   2.4169922e+01
   1.6435000e+06   4.8400879e+01
