   3.0000000e+06   0.0000000e+00
   3.9219300e+05   2.3559570e+01
   3.9220900e+05   3.0151367e+01
   3.9222600e+05   2.9357910e+01
   3.9224800e+05   3.8757324e+01
   3.9226500e+05   2.5390625e+01
   3.9228000e+05   2.7770996e+01
   3.9230300e+05   2.4047852e+01
   3.9234700e+05   2.3376465e+01
   3.9238100e+05   2.3986816e+01
   3.9246600e+05   2.4414062e+01
   4.3571200e+05   2.8930664e+01
   4.3574500e+05   2.2827148e+01
   4.3579900e+05   2.7221680e+01
   4.3584600e+05   2.3437500e+01
   4.3586500e+05   3.2958984e+01
   4.3591900e+05   3.6071777e+01
   4.3596400e+05   3.0944824e+01
   4.3599300e+05   2.3254395e+01
   4.3601900e+05   2.2583008e+01
   4.3603600e+05   2.9785156e+01
   4.3607800e+05   2.5634766e+01
   4.3610600e+05   2.4047852e+01
   4.3615200e+05   2.5390625e+01
   4.3737600e+05   2.6794434e+01
   5.0187700e+05   2.3132324e+01
   5.0877500e+05   3.5095215e+01
   5.0879400e+05   2.6611328e+01
   5.0901100e+05   2.4658203e+01
   5.0923500e+05   2.3376465e+01
   5.0937800e+05   2.7404785e+01
   5.5701900e+05   2.2888184e+01
   5.9247000e+05   2.2460938e+01
   6.6840900e+05   2.3925781e+01
   6.7596600e+05   2.2644043e+01
   7.7906500e+05   2.2399902e+01
   2.0954710e+06   2.8503418e+01
