   3.0000000e+06   0.0000000e+00
   3.2549500e+05   2.8259277e+01
   3.2918800e+05   2.3803711e+01
   3.9202800e+05   2.6062012e+01
   3.9209800e+05   2.3681641e+01
   3.9211800e+05   2.4963379e+01
   3.9213900e+05   4.2907715e+01
   3.9215100e+05   3.5034180e+01
   3.9218100e+05   2.8259277e+01
   3.9221100e+05   2.6611328e+01
   3.9223800e+05   4.0344238e+01
   3.9225900e+05   2.8320312e+01
   3.9228400e+05   2.9174805e+01
   3.9231100e+05   2.7832031e+01
   3.9235700e+05   2.9113770e+01
   3.9238100e+05   2.8869629e+01
   3.9244900e+05   2.4169922e+01
   3.9248100e+05   3.2226562e+01
   3.9250300e+05   2.4230957e+01
   3.9254100e+05   2.5024414e+01
   3.9259000e+05   2.5817871e+01
   3.9260900e+05   2.7221680e+01
   3.9268000e+05   2.2705078e+01
   3.9277600e+05   2.5817871e+01
   3.9280200e+05   2.4780273e+01
   3.9308000e+05   2.5451660e+01
   3.9314600e+05   2.4597168e+01
   3.9317700e+05   2.6184082e+01
   3.9320800e+05   2.5512695e+01
   3.9326800e+05   2.3742676e+01
   3.9332700e+05   2.8808594e+01
   3.9348800e+05   2.4597168e+01
   3.9352200e+05   2.2827148e+01
   3.9365500e+05   2.4047852e+01
   3.9368500e+05   2.5268555e+01
   3.9374800e+05   2.3742676e+01
   3.9393700e+05   2.5939941e+01
   3.9410700e+05   2.5512695e+01
   3.9429200e+05   2.2705078e+01
   3.9441900e+05   2.4230957e+01
   3.9445300e+05   2.5817871e+01
   3.9453700e+05   2.4597168e+01
   3.9478900e+05   2.4169922e+01
   3.9502300e+05   2.3071289e+01
   4.3539300e+05   2.3193359e+01
   4.3555600e+05   2.3254395e+01
   4.3564800e+05   2.9846191e+01
   4.3580800e+05   2.3132324e+01
   4.3582200e+05   2.3986816e+01
   4.3583900e+05   2.8320312e+01
   4.3586600e+05   2.8015137e+01
   4.3591300e+05   2.8076172e+01
   4.3593200e+05   2.6123047e+01
   4.3595300e+05   2.6306152e+01
   4.3598000e+05   2.4353027e+01
   4.3600800e+05   2.5390625e+01
   4.3603100e+05   2.6306152e+01
   4.3604400e+05   3.0944824e+01
   4.3607500e+05   2.4719238e+01
   4.3609400e+05   2.3254395e+01
   4.3613900e+05   2.6489258e+01
   4.3616600e+05   3.1127930e+01
   4.3621300e+05   3.0212402e+01
   4.3628900e+05   2.3254395e+01
   4.3640600e+05   2.6428223e+01
   4.3649100e+05   2.2949219e+01
   4.3654500e+05   2.3681641e+01
   4.3668300e+05   2.4291992e+01
   4.3683400e+05   2.2888184e+01
   4.3685000e+05   2.2644043e+01
   4.3690100e+05   2.7709961e+01
   4.3696700e+05   2.5878906e+01
   4.3709300e+05   2.3620605e+01
   4.3717200e+05   2.5512695e+01
   4.3732500e+05   2.3437500e+01
   4.3739700e+05   2.5817871e+01
   4.3778700e+05   2.3193359e+01
   4.7769400e+05   2.7221680e+01
   4.7780400e+05   2.4902344e+01
   4.7799000e+05   2.5817871e+01
   4.8721000e+05   2.3742676e+01
   4.8729300e+05   2.4047852e+01
   4.9700000e+05   2.8747559e+01
   5.0167800e+05   2.4719238e+01
   5.0816500e+05   2.4963379e+01
   5.0817900e+05   2.7343750e+01
   5.0844500e+05   2.3925781e+01
   5.0856600e+05   2.3925781e+01
   5.0875300e+05   2.3742676e+01
   5.0956100e+05   2.6672363e+01
   5.1591100e+05   2.3376465e+01
   5.1938900e+05   2.5268555e+01
   5.1971700e+05   2.9052734e+01
   5.2386200e+05   2.3681641e+01
   5.2783200e+05   2.2766113e+01
   5.2805500e+05   3.1127930e+01
   5.2827700e+05   2.4841309e+01
   5.3325900e+05   2.3986816e+01
   5.3337100e+05   2.4475098e+01
   5.3849000e+05   2.6428223e+01
   5.3869400e+05   2.3864746e+01
   5.3873200e+05   2.4169922e+01
   5.3918500e+05   2.4169922e+01
   5.4330600e+05   2.2888184e+01
   5.4339600e+05   2.4108887e+01
   5.4674800e+05   2.6245117e+01
   5.5219700e+05   2.5390625e+01
   5.5223700e+05   2.2949219e+01
   5.5225800e+05   2.3071289e+01
   5.5238500e+05   2.6733398e+01
   5.5245500e+05   2.3925781e+01
   5.6196300e+05   2.7160645e+01
   5.6210000e+05   2.2705078e+01
   5.6217400e+05   3.2958984e+01
   5.6231500e+05   2.3681641e+01
   5.6343500e+05   2.2644043e+01
   5.6812500e+05   2.3559570e+01
   5.7438400e+05   2.2827148e+01
   5.7442200e+05   2.3681641e+01
   5.7447800e+05   2.4475098e+01
   5.8051300e+05   2.2949219e+01
   5.8074300e+05   2.5390625e+01
   5.8114500e+05   2.3376465e+01
   5.8689200e+05   2.2949219e+01
   5.8752700e+05   2.4169922e+01
   5.9238700e+05   2.6611328e+01
   5.9256700e+05   2.3010254e+01
   5.9832700e+05   2.7160645e+01
   5.9835100e+05   3.6682129e+01
   6.0436100e+05   2.3193359e+01
   6.0441400e+05   3.1311035e+01
   6.0448600e+05   2.3315430e+01
   6.0464400e+05   2.4169922e+01
   6.0478400e+05   2.4597168e+01
   6.0497600e+05   2.4536133e+01
   6.1282700e+05   2.8015137e+01
   6.1293400e+05   2.4963379e+01
   6.1298000e+05   2.3254395e+01
   6.1404300e+05   2.4047852e+01
   6.2076400e+05   2.2888184e+01
   6.2084000e+05   2.7221680e+01
   6.2122800e+05   2.6123047e+01
   6.2140500e+05   2.6062012e+01
   6.2791400e+05   2.6062012e+01
   6.2794100e+05   2.2827148e+01
   6.2798700e+05   2.4780273e+01
   6.2812500e+05   2.4719238e+01
   6.3338300e+05   2.3803711e+01
   6.3342100e+05   2.4169922e+01
   6.3353900e+05   2.9663086e+01
   6.3381700e+05   2.4536133e+01
   6.3388000e+05   2.2949219e+01
   6.4078600e+05   2.3986816e+01
   6.4094200e+05   2.6245117e+01
   6.4110000e+05   2.8869629e+01
   6.4136500e+05   2.4353027e+01
   6.4138200e+05   2.5817871e+01
   6.4180900e+05   2.4719238e+01
   6.4892200e+05   2.8381348e+01
   6.4903000e+05   2.6000977e+01
   6.4934200e+05   2.2949219e+01
   6.5639100e+05   2.9052734e+01
   6.5648800e+05   2.3315430e+01
   6.5652600e+05   2.8259277e+01
   6.5678000e+05   2.3193359e+01
   6.6252100e+05   2.3437500e+01
   6.6357000e+05   2.2705078e+01
   6.6843600e+05   2.5695801e+01
   6.6902200e+05   2.2888184e+01
   6.7510700e+05   3.0700684e+01
   6.7528600e+05   2.6245117e+01
   6.8420300e+05   2.9479980e+01
   6.8437200e+05   2.3315430e+01
   6.8448700e+05   2.3559570e+01
   6.8541200e+05   2.2766113e+01
   6.9258800e+05   2.4963379e+01
   6.9291900e+05   2.4230957e+01
   6.9371000e+05   2.8015137e+01
   7.0055500e+05   2.6916504e+01
   7.0066700e+05   2.3132324e+01
   7.0083800e+05   2.2705078e+01
   7.0135300e+05   2.4291992e+01
   7.0194200e+05   2.3254395e+01
   7.1016600e+05   2.6733398e+01
   7.1029400e+05   3.1066895e+01
   7.1047200e+05   2.3681641e+01
   7.2074300e+05   2.3071289e+01
   7.2087900e+05   2.8991699e+01
   7.2873600e+05   2.4475098e+01
   7.2900800e+05   2.5085449e+01
   7.3716800e+05   2.5085449e+01
   7.3764700e+05   2.4780273e+01
   7.4445200e+05   2.3132324e+01
   7.5522300e+05   2.6062012e+01
   7.5524200e+05   2.8015137e+01
   7.5527100e+05   2.4047852e+01
   7.5535300e+05   2.3071289e+01
   7.5589400e+05   2.5024414e+01
   7.6732400e+05   2.7709961e+01
   7.6738300e+05   2.3864746e+01
   7.6743700e+05   2.5939941e+01
   7.7892000e+05   2.3498535e+01
   7.7900400e+05   2.7404785e+01
   7.7915300e+05   2.3925781e+01
   7.7928400e+05   2.6794434e+01
   7.7951200e+05   2.3193359e+01
   7.9007200e+05   2.3620605e+01
   7.9015100e+05   2.6550293e+01
   8.0265300e+05   2.4963379e+01
   8.0292300e+05   2.5146484e+01
   8.0315700e+05   2.6245117e+01
   8.0318500e+05   2.2888184e+01
   8.1777900e+05   2.3376465e+01
   8.1789000e+05   2.4230957e+01
   8.1794400e+05   2.4353027e+01
   8.1795500e+05   2.4291992e+01
   8.1808100e+05   2.3742676e+01
   8.1823200e+05   2.3315430e+01
