   3.0000000e+06   0.0000000e+00
   3.9216100e+05   3.2409668e+01
   3.9218200e+05   7.6293945e+01
   3.9221800e+05   5.6030273e+01
   3.9223400e+05   4.6264648e+01
   3.9225400e+05   3.3935547e+01
   3.9226600e+05   4.4738770e+01
   3.9227800e+05   4.4738770e+01
   3.9229800e+05   4.5288086e+01
   3.9231600e+05   2.7587891e+01
   3.9233600e+05   4.1687012e+01
   3.9235300e+05   3.0944824e+01
   3.9238500e+05   2.7648926e+01
   3.9244200e+05   2.8015137e+01
   3.9246100e+05   2.6306152e+01
   3.9249700e+05   2.5756836e+01
   3.9251400e+05   2.5146484e+01
   3.9255200e+05   2.5695801e+01
   3.9262800e+05   2.5695801e+01
   3.9265800e+05   2.3925781e+01
   3.9268900e+05   2.4291992e+01
   3.9300400e+05   2.4108887e+01
   3.9304100e+05   2.3559570e+01
   3.9318000e+05   2.4108887e+01
   3.9323500e+05   2.4108887e+01
   3.9335700e+05   2.7099609e+01
   3.9344800e+05   2.4536133e+01
   3.9346300e+05   2.8137207e+01
   3.9356000e+05   2.4780273e+01
   3.9362500e+05   2.7954102e+01
   3.9378400e+05   2.7770996e+01
   3.9387900e+05   2.4475098e+01
   3.9395700e+05   2.7465820e+01
   3.9410800e+05   2.4108887e+01
   3.9412800e+05   2.6794434e+01
   4.0206400e+05   2.6916504e+01
   4.0223200e+05   2.4780273e+01
   4.0237800e+05   2.4291992e+01
   4.0254600e+05   2.8076172e+01
   4.0289900e+05   2.3986816e+01
   4.0308800e+05   2.5634766e+01
   4.0327500e+05   2.5329590e+01
   4.0465200e+05   2.4780273e+01
   4.0635200e+05   2.4291992e+01
   4.0637300e+05   2.5390625e+01
   4.0678500e+05   2.4658203e+01
   4.0720500e+05   2.3742676e+01
   4.0876300e+05   2.3986816e+01
   4.1077300e+05   2.5939941e+01
   4.1210600e+05   2.5634766e+01
   4.1292900e+05   2.4108887e+01
   4.1319700e+05   2.4108887e+01
   4.1403800e+05   2.7282715e+01
   4.1431200e+05   2.9296875e+01
   4.1457000e+05   2.5329590e+01
   4.1485700e+05   2.3864746e+01
   4.1513100e+05   2.4719238e+01
   4.1541900e+05   2.5817871e+01
   4.1688800e+05   2.7465820e+01
   4.1813900e+05   2.7282715e+01
   4.1876200e+05   2.4169922e+01
   4.2002500e+05   2.4719238e+01
   4.2184600e+05   2.3620605e+01
   4.2248900e+05   2.6733398e+01
   4.2279100e+05   2.4597168e+01
   4.2312200e+05   2.3620605e+01
   4.2344000e+05   2.3864746e+01
   4.2376900e+05   2.4780273e+01
   4.2411800e+05   2.4108887e+01
   4.2444300e+05   2.4963379e+01
   4.2477700e+05   2.3925781e+01
   4.2511400e+05   2.5939941e+01
   4.2542000e+05   2.4353027e+01
   4.2610600e+05   2.5268555e+01
   4.2684200e+05   2.4291992e+01
   4.2749900e+05   2.8442383e+01
   4.2780900e+05   2.5634766e+01
   4.2816400e+05   2.7893066e+01
   4.2849200e+05   2.8015137e+01
   4.2888500e+05   2.4169922e+01
   4.2924500e+05   2.4047852e+01
   4.2962500e+05   2.4230957e+01
   4.2998600e+05   2.4536133e+01
   4.3033400e+05   2.9296875e+01
   4.3070100e+05   2.7893066e+01
   4.3108500e+05   2.3986816e+01
   4.3111400e+05   2.6000977e+01
   4.3146400e+05   2.5939941e+01
   4.3183000e+05   2.8259277e+01
   4.3299100e+05   2.4291992e+01
   4.3420800e+05   2.3742676e+01
   4.3454400e+05   3.0334473e+01
   4.3486300e+05   2.8869629e+01
   4.3515600e+05   2.6611328e+01
   4.3528800e+05   2.5085449e+01
   4.3533100e+05   2.5512695e+01
   4.3535500e+05   2.6794434e+01
   4.3547600e+05   6.4331055e+01
   4.3550700e+05   2.5390625e+01
   4.3557200e+05   4.4616699e+01
   4.3562700e+05   2.5390625e+01
   4.3565800e+05   4.3518066e+01
   4.3568700e+05   3.0578613e+01
   4.3570400e+05   3.1066895e+01
   4.3571600e+05   2.9113770e+01
   4.3574300e+05   6.1584473e+01
   4.3576500e+05   2.4353027e+01
   4.3579300e+05   3.3325195e+01
   4.3581900e+05   6.1279297e+01
   4.3583500e+05   2.6062012e+01
   4.3587800e+05   2.7465820e+01
   4.3589200e+05   2.9235840e+01
   4.3592500e+05   3.0029297e+01
   4.3595000e+05   2.9541016e+01
   4.3596300e+05   3.6437988e+01
   4.3599700e+05   2.8198242e+01
   4.3601500e+05   2.6855469e+01
   4.3605100e+05   2.3559570e+01
   4.3606800e+05   2.3864746e+01
   4.3608700e+05   2.3559570e+01
   4.3610300e+05   2.3803711e+01
   4.3612400e+05   2.3864746e+01
   4.3619600e+05   2.4169922e+01
   4.3625500e+05   2.6245117e+01
   4.3635400e+05   3.0334473e+01
   4.3675600e+05   2.4353027e+01
   4.3685500e+05   2.3864746e+01
   4.3688100e+05   2.4963379e+01
   4.3704300e+05   2.4719238e+01
   4.3709800e+05   2.5451660e+01
   4.3731600e+05   2.4536133e+01
   4.3733700e+05   3.0212402e+01
   4.3735500e+05   2.6977539e+01
   4.3756900e+05   2.7587891e+01
   4.4927700e+05   2.6672363e+01
   4.5338500e+05   2.4291992e+01
   4.5937900e+05   2.3620605e+01
   4.6073500e+05   2.3559570e+01
   4.6226300e+05   2.5573730e+01
   4.6556200e+05   2.4780273e+01
   4.6594000e+05   2.4169922e+01
   4.6828600e+05   2.6123047e+01
   4.7078200e+05   2.5512695e+01
   4.7112800e+05   2.7099609e+01
   4.7288500e+05   2.6428223e+01
   4.7323100e+05   2.5024414e+01
   4.7412500e+05   2.4169922e+01
   4.7454900e+05   2.8930664e+01
   4.7497100e+05   2.4353027e+01
   4.7723700e+05   2.4108887e+01
   4.7768300e+05   2.7221680e+01
   4.7777300e+05   6.1706543e+01
   4.7786300e+05   3.5583496e+01
   4.7802800e+05   2.4169922e+01
   4.7808700e+05   6.2744141e+01
   4.7818200e+05   2.7526855e+01
   4.8431800e+05   2.7893066e+01
   4.8452400e+05   2.4169922e+01
   4.8463900e+05   2.4658203e+01
   4.8692500e+05   2.6245117e+01
   4.8716300e+05   2.8137207e+01
   4.8724800e+05   6.4086914e+01
   4.8739000e+05   2.5939941e+01
   4.8750600e+05   2.3620605e+01
   4.8764500e+05   2.4475098e+01
   4.9033400e+05   2.7343750e+01
   4.9203600e+05   2.4597168e+01
   4.9225400e+05   2.4780273e+01
   4.9676600e+05   2.6794434e+01
   4.9700600e+05   2.4108887e+01
   4.9721600e+05   3.1066895e+01
   4.9722600e+05   6.5612793e+01
   4.9745700e+05   2.4291992e+01
   5.0154000e+05   3.1616211e+01
   5.0167200e+05   2.4597168e+01
   5.0174800e+05   3.1494141e+01
   5.0193500e+05   2.4291992e+01
   5.0215800e+05   2.5268555e+01
   5.0239300e+05   2.5024414e+01
   5.0485500e+05   2.8198242e+01
   5.0798600e+05   2.3803711e+01
   5.0803700e+05   2.7160645e+01
   5.0818100e+05   6.4208984e+01
   5.0822800e+05   2.6428223e+01
   5.0829900e+05   2.4230957e+01
   5.0833900e+05   5.8471680e+01
   5.0839400e+05   2.4414062e+01
   5.0847100e+05   2.4353027e+01
   5.0849600e+05   5.7800293e+01
   5.0853900e+05   2.5878906e+01
   5.0867400e+05   3.2958984e+01
   5.0879200e+05   4.4494629e+01
   5.0880400e+05   2.6489258e+01
   5.0890400e+05   2.5573730e+01
   5.0894200e+05   2.3559570e+01
   5.0920600e+05   2.8503418e+01
   5.0934800e+05   2.5146484e+01
   5.1583600e+05   2.6733398e+01
   5.1590900e+05   2.3742676e+01
   5.1609600e+05   2.4719238e+01
   5.1927100e+05   3.5095215e+01
   5.1949500e+05   2.3742676e+01
   5.1969200e+05   2.4475098e+01
   5.1972200e+05   2.4169922e+01
   5.2355200e+05   2.8015137e+01
   5.2365900e+05   2.6672363e+01
   5.2377600e+05   2.7893066e+01
   5.2410200e+05   2.5146484e+01
   5.2784700e+05   3.3020020e+01
   5.2807500e+05   3.4484863e+01
   5.2811400e+05   7.1716309e+01
   5.3332600e+05   3.1616211e+01
   5.3352200e+05   2.3681641e+01
   5.3860700e+05   3.1127930e+01
   5.3870500e+05   5.3955078e+01
   5.3876700e+05   2.5207520e+01
   5.3880600e+05   3.3325195e+01
   5.3901700e+05   3.2226562e+01
   5.4328900e+05   3.2897949e+01
   5.4681200e+05   2.8930664e+01
   5.4685200e+05   2.5146484e+01
   5.4704300e+05   2.9663086e+01
   5.5231400e+05   2.7587891e+01
   5.5256300e+05   2.4414062e+01
   5.5683200e+05   2.6367188e+01
   5.6195300e+05   3.5827637e+01
   5.6212200e+05   2.4963379e+01
   5.6217300e+05   3.6499023e+01
   5.6821600e+05   3.7048340e+01
   5.6839800e+05   2.3803711e+01
   5.6846100e+05   2.7893066e+01
   5.7439400e+05   2.3986816e+01
   5.7447800e+05   3.8208008e+01
   5.7468500e+05   3.0700684e+01
   5.8057500e+05   3.5827637e+01
   5.8064500e+05   2.7221680e+01
   5.8079900e+05   2.5207520e+01
   5.8675500e+05   2.8991699e+01
   5.8696300e+05   5.8410645e+01
   5.8698200e+05   4.2907715e+01
   5.9251400e+05   2.5146484e+01
   5.9847300e+05   3.2043457e+01
   6.0452400e+05   3.4667969e+01
   6.0460600e+05   5.8288574e+01
   6.1288000e+05   3.0395508e+01
   6.1290100e+05   6.4758301e+01
   6.1307900e+05   2.8747559e+01
   6.1312400e+05   5.8776855e+01
   6.1329600e+05   2.7648926e+01
   6.2093800e+05   3.2958984e+01
   6.2098100e+05   6.3964844e+01
   6.2112700e+05   6.0363770e+01
   6.2114500e+05   2.3742676e+01
   6.2119600e+05   2.9479980e+01
   6.2805600e+05   3.6132813e+01
   6.2809500e+05   5.6640625e+01
   6.2842200e+05   5.1635742e+01
   6.3363500e+05   2.5817871e+01
   6.4099900e+05   7.0556641e+01
   6.4102700e+05   2.8686523e+01
   6.4105000e+05   2.6672363e+01
   6.4110900e+05   5.6518555e+01
   6.4122400e+05   7.0800781e+01
   6.4150800e+05   2.6428223e+01
   6.4903800e+05   6.4392090e+01
   6.4907000e+05   2.9418945e+01
   6.4920400e+05   5.9875488e+01
   6.4930000e+05   2.6855469e+01
   6.4955600e+05   7.0800781e+01
   6.5655800e+05   5.7678223e+01
   6.5658900e+05   2.7465820e+01
   6.5663600e+05   5.9326172e+01
   6.5681200e+05   2.9052734e+01
   6.5684300e+05   5.4199219e+01
   6.6260200e+05   6.7749023e+01
   6.6263300e+05   2.7099609e+01
   6.6268200e+05   2.5451660e+01
   6.6839400e+05   5.2001953e+01
   6.6845200e+05   3.0273438e+01
   6.6852600e+05   5.7373047e+01
   6.7529800e+05   2.5878906e+01
   6.7531900e+05   6.6589355e+01
   6.7534900e+05   2.5512695e+01
   6.7537600e+05   2.5268555e+01
   6.7547600e+05   5.2673340e+01
   6.7561100e+05   6.0485840e+01
   6.8424900e+05   7.3913574e+01
   6.8429700e+05   3.9794922e+01
   6.8431300e+05   5.1635742e+01
   6.8436800e+05   2.3620605e+01
   6.8442100e+05   4.9194336e+01
   6.8449300e+05   2.4414062e+01
   6.8455700e+05   6.0180664e+01
   6.8481800e+05   5.4504395e+01
   6.9267400e+05   6.2500000e+01
   6.9271400e+05   3.1433105e+01
   6.9276000e+05   5.4321289e+01
   6.9289800e+05   6.8481445e+01
   6.9295200e+05   3.2470703e+01
   7.0073200e+05   5.7678223e+01
   7.0079000e+05   3.2287598e+01
   7.0080000e+05   5.4992676e+01
   7.0092800e+05   6.1157227e+01
   7.0105100e+05   5.7250977e+01
   7.0108300e+05   2.9113770e+01
   7.1023900e+05   7.0617676e+01
   7.1026800e+05   3.9855957e+01
   7.1029600e+05   6.1035156e+01
   7.1037000e+05   5.3222656e+01
   7.1047900e+05   5.5297852e+01
   7.1048900e+05   3.8574219e+01
   7.1062000e+05   5.8166504e+01
   7.1076200e+05   5.7495117e+01
   7.2089500e+05   2.3803711e+01
   7.2092000e+05   6.4636230e+01
   7.2097000e+05   3.6376953e+01
   7.2098700e+05   4.6997070e+01
   7.2105300e+05   5.2551270e+01
   7.2113600e+05   4.3884277e+01
   7.2117100e+05   3.1677246e+01
   7.2124100e+05   5.3161621e+01
   7.2146800e+05   2.4719238e+01
   7.2897200e+05   6.0302734e+01
   7.2900300e+05   3.4423828e+01
   7.2908200e+05   5.9082031e+01
   7.2920900e+05   2.3620605e+01
   7.2935800e+05   6.3293457e+01
   7.3685000e+05   6.7077637e+01
   7.3692400e+05   6.1218262e+01
   7.3698100e+05   2.5573730e+01
   7.3700500e+05   4.9316406e+01
   7.3716200e+05   5.5603027e+01
   7.4464300e+05   6.2072754e+01
   7.4470100e+05   3.3569336e+01
   7.4471800e+05   5.5969238e+01
   7.4486400e+05   5.1330566e+01
   7.4498400e+05   2.4169922e+01
   7.5526800e+05   5.4382324e+01
   7.5532400e+05   5.8105469e+01
   7.5540100e+05   4.9011230e+01
   7.5552000e+05   5.4992676e+01
   7.5553900e+05   4.1931152e+01
   7.5564100e+05   4.8950195e+01
   7.6743200e+05   5.7434082e+01
   7.6747600e+05   2.7343750e+01
   7.6750300e+05   6.0485840e+01
   7.6752500e+05   2.3559570e+01
   7.6754700e+05   2.5817871e+01
   7.6757300e+05   5.2673340e+01
   7.6765800e+05   4.9865723e+01
   7.6766800e+05   3.6499023e+01
   7.6779500e+05   6.1157227e+01
   7.6785600e+05   2.7099609e+01
   7.6791600e+05   2.3864746e+01
   7.6802100e+05   5.2673340e+01
   7.7905700e+05   5.6762695e+01
   7.7912000e+05   7.1960449e+01
   7.7919700e+05   4.8400879e+01
   7.7930600e+05   5.1452637e+01
   7.7934500e+05   2.8808594e+01
   7.7940800e+05   5.5175781e+01
   7.7955100e+05   5.7312012e+01
   7.9002600e+05   6.7077637e+01
   7.9006000e+05   3.2958984e+01
   7.9008200e+05   5.4870605e+01
   7.9015800e+05   5.0842285e+01
   7.9025300e+05   4.9133301e+01
   7.9026800e+05   2.5817871e+01
   7.9057400e+05   5.4260254e+01
   8.0277800e+05   6.9335938e+01
   8.0284300e+05   7.2082520e+01
   8.0291800e+05   5.8288574e+01
   8.0299700e+05   4.4921875e+01
   8.0306300e+05   4.3457031e+01
   8.0311400e+05   5.0354004e+01
   8.0322100e+05   2.4414062e+01
   8.0327700e+05   4.4372559e+01
   8.1799400e+05   6.3232422e+01
   8.1803300e+05   3.9062500e+01
   8.1804500e+05   3.9001465e+01
   8.1806800e+05   2.4719238e+01
   8.1809200e+05   2.4230957e+01
   8.1812800e+05   5.1513672e+01
   8.1821200e+05   2.7404785e+01
   8.1824500e+05   5.0598145e+01
   8.1833200e+05   6.1218262e+01
   8.1841300e+05   3.1433105e+01
   8.1843200e+05   4.6264648e+01
   8.1859200e+05   2.4658203e+01
   8.1860800e+05   5.9448242e+01
   1.1944080e+06   2.4597168e+01
   1.6105410e+06   2.4414062e+01
   1.9491920e+06   2.7648926e+01
   2.8943370e+06   2.6794434e+01
