   3.0000000e+06   0.0000000e+00
   1.3076000e+04   2.1850586e+01
   2.6864000e+04   2.2399902e+01
   4.6356000e+04   2.1789551e+01
   4.9284000e+04   2.2033691e+01
   9.4250000e+04   2.1789551e+01
   1.1344000e+05   2.2521973e+01
   1.2495600e+05   2.2705078e+01
   1.4310200e+05   2.2949219e+01
   1.4734200e+05   2.3620605e+01
   1.8437200e+05   2.4169922e+01
   1.9990800e+05   2.3681641e+01
   2.0376900e+05   2.1606445e+01
   2.1287100e+05   2.1728516e+01
   2.4973700e+05   2.2460938e+01
   3.2133100e+05   2.3132324e+01
   3.3886400e+05   2.4230957e+01
   3.4093900e+05   2.1972656e+01
   3.7465500e+05   2.3437500e+01
   3.9203700e+05   2.2766113e+01
   3.9213700e+05   2.6794434e+01
   3.9217200e+05   2.5268555e+01
   3.9219000e+05   2.7099609e+01
   3.9223100e+05   2.8747559e+01
   3.9225900e+05   3.6315918e+01
   3.9227100e+05   2.8686523e+01
   3.9230000e+05   3.0273438e+01
   3.9233400e+05   3.2653809e+01
   3.9236200e+05   4.3518066e+01
   3.9238900e+05   3.2409668e+01
   3.9241900e+05   2.9052734e+01
   3.9242900e+05   2.5512695e+01
   3.9246200e+05   2.3620605e+01
   3.9250500e+05   3.7475586e+01
   3.9251600e+05   3.1494141e+01
   3.9255100e+05   2.1789551e+01
   3.9258800e+05   2.4536133e+01
   3.9260900e+05   2.4475098e+01
   3.9267300e+05   2.1789551e+01
   3.9271100e+05   2.1789551e+01
   3.9275000e+05   2.1850586e+01
   3.9278300e+05   2.3071289e+01
   3.9284800e+05   2.4780273e+01
   3.9290000e+05   3.1494141e+01
   3.9299300e+05   2.3132324e+01
   3.9303000e+05   3.3508301e+01
   3.9305300e+05   2.2216797e+01
   3.9314200e+05   2.4658203e+01
   3.9318300e+05   2.1972656e+01
   3.9322100e+05   2.9357910e+01
   3.9324200e+05   2.2155762e+01
   3.9330000e+05   2.4536133e+01
   3.9337700e+05   2.1850586e+01
   3.9341300e+05   2.4536133e+01
   3.9344000e+05   2.1667480e+01
   3.9353700e+05   2.2827148e+01
   3.9361400e+05   2.8320312e+01
   3.9367000e+05   2.5085449e+01
   3.9368700e+05   2.3132324e+01
   3.9377900e+05   2.4780273e+01
   3.9393500e+05   2.2521973e+01
   3.9409100e+05   2.6733398e+01
   3.9416500e+05   2.4475098e+01
   3.9428200e+05   2.9724121e+01
   3.9466300e+05   2.3376465e+01
   3.9504000e+05   2.5146484e+01
   3.9513400e+05   2.3010254e+01
   3.9519500e+05   2.3193359e+01
   3.9527000e+05   2.3498535e+01
   3.9553900e+05   2.4169922e+01
   3.9585100e+05   2.5512695e+01
   3.9926100e+05   2.2888184e+01
   4.1510900e+05   2.4414062e+01
   4.1586500e+05   2.4169922e+01
   4.2047900e+05   2.3986816e+01
   4.2211400e+05   2.7160645e+01
   4.2461700e+05   2.4230957e+01
   4.2520900e+05   2.5085449e+01
   4.2813300e+05   2.3559570e+01
   4.2843200e+05   2.5451660e+01
   4.3218800e+05   2.2583008e+01
   4.3230500e+05   2.2888184e+01
   4.3464500e+05   2.4169922e+01
   4.3491500e+05   2.3254395e+01
   4.3496300e+05   2.4597168e+01
   4.3516300e+05   3.5522461e+01
   4.3520300e+05   2.7343750e+01
   4.3526600e+05   3.3630371e+01
   4.3528600e+05   2.2277832e+01
   4.3531900e+05   2.3132324e+01
   4.3535600e+05   2.6428223e+01
   4.3542500e+05   2.7282715e+01
   4.3555600e+05   2.1789551e+01
   4.3562500e+05   3.6254883e+01
   4.3565000e+05   2.4291992e+01
   4.3569700e+05   2.2155762e+01
   4.3576400e+05   3.7048340e+01
   4.3577900e+05   2.3132324e+01
   4.3580700e+05   2.2155762e+01
   4.3587000e+05   2.4658203e+01
   4.3590400e+05   2.6794434e+01
   4.3593800e+05   2.1728516e+01
   4.3596600e+05   2.2155762e+01
   4.3599700e+05   2.4414062e+01
   4.3601100e+05   2.5451660e+01
   4.3606600e+05   2.6489258e+01
   4.3608300e+05   2.4719238e+01
   4.3614400e+05   2.4230957e+01
   4.3618600e+05   2.2338867e+01
   4.3630000e+05   2.2338867e+01
   4.3637500e+05   2.1606445e+01
   4.3648200e+05   2.1789551e+01
   4.3671500e+05   2.1667480e+01
   4.3685700e+05   2.5146484e+01
   4.3735100e+05   2.2338867e+01
   4.3743000e+05   2.3742676e+01
   4.3777400e+05   2.5268555e+01
   4.3842400e+05   2.1789551e+01
   4.3873100e+05   2.2155762e+01
   4.5697700e+05   2.2827148e+01
   4.5839100e+05   2.2399902e+01
   4.6017600e+05   2.2033691e+01
   4.6018900e+05   2.9968262e+01
   4.6085200e+05   2.7465820e+01
   4.6141300e+05   2.3132324e+01
   4.6330700e+05   2.2827148e+01
   4.6451300e+05   2.2766113e+01
   4.6468700e+05   2.4414062e+01
   4.6692200e+05   2.5512695e+01
   4.6893900e+05   2.8015137e+01
   4.6896000e+05   2.2094727e+01
   4.7001000e+05   2.3925781e+01
   4.7069700e+05   3.0944824e+01
   4.7099100e+05   2.5329590e+01
   4.7278900e+05   2.3254395e+01
   4.7283400e+05   2.4169922e+01
   4.7383600e+05   2.1972656e+01
   4.7448500e+05   3.1188965e+01
   4.7487600e+05   2.9113770e+01
   4.7589000e+05   2.2766113e+01
   4.7721300e+05   2.4719238e+01
   4.7734800e+05   2.3742676e+01
   4.7736300e+05   2.1911621e+01
   4.7755400e+05   2.3010254e+01
   4.7761100e+05   2.4658203e+01
   4.7764200e+05   2.8564453e+01
   4.7773900e+05   2.1911621e+01
   4.7783800e+05   3.2165527e+01
   4.7796400e+05   2.9663086e+01
   4.7809700e+05   2.5695801e+01
   4.7821100e+05   2.1728516e+01
   4.7832100e+05   2.1911621e+01
   4.7870700e+05   2.4353027e+01
   4.7922600e+05   2.2949219e+01
   4.7983900e+05   2.6062012e+01
   4.8184900e+05   2.5329590e+01
   4.8359000e+05   2.4230957e+01
   4.8402200e+05   2.6428223e+01
   4.8429200e+05   2.8503418e+01
   4.8431600e+05   2.2277832e+01
   4.8647400e+05   2.3315430e+01
   4.8669200e+05   2.6062012e+01
   4.8680200e+05   2.1850586e+01
   4.8715100e+05   2.4719238e+01
   4.8746200e+05   2.4658203e+01
   4.8753700e+05   2.2216797e+01
   4.8767900e+05   2.2460938e+01
   4.9001600e+05   2.2094727e+01
   4.9022100e+05   2.2888184e+01
   4.9028000e+05   2.3071289e+01
   4.9044300e+05   2.3925781e+01
   4.9165000e+05   2.5695801e+01
   4.9179500e+05   2.9418945e+01
   4.9212100e+05   2.9846191e+01
   4.9239400e+05   2.2399902e+01
   4.9251700e+05   2.2521973e+01
   4.9273400e+05   2.2766113e+01
   4.9303600e+05   2.4536133e+01
   4.9332000e+05   2.1728516e+01
   4.9631400e+05   2.6489258e+01
   4.9659800e+05   2.3681641e+01
   4.9676400e+05   3.4362793e+01
   4.9687300e+05   2.2644043e+01
   4.9696000e+05   2.2460938e+01
   4.9708900e+05   2.2033691e+01
   4.9718200e+05   2.4291992e+01
   4.9729900e+05   2.6733398e+01
   4.9774700e+05   2.6000977e+01
   4.9793400e+05   2.3498535e+01
   4.9921900e+05   2.5451660e+01
   5.0144100e+05   2.6733398e+01
   5.0155600e+05   2.1728516e+01
   5.0166400e+05   2.4291992e+01
   5.0169700e+05   2.3010254e+01
   5.0176300e+05   2.2521973e+01
   5.0183900e+05   2.3376465e+01
   5.0190400e+05   2.2216797e+01
   5.0201500e+05   3.0395508e+01
   5.0477600e+05   2.3681641e+01
   5.0651100e+05   2.2460938e+01
   5.0741800e+05   2.3559570e+01
   5.0795900e+05   2.6489258e+01
   5.0806000e+05   2.3376465e+01
   5.0811900e+05   2.3864746e+01
   5.0815100e+05   3.1250000e+01
   5.0821900e+05   2.1789551e+01
   5.0834600e+05   2.9846191e+01
   5.0836900e+05   2.2277832e+01
   5.0863700e+05   2.7587891e+01
   5.0871100e+05   2.5085449e+01
   5.0878800e+05   2.1667480e+01
   5.0935300e+05   2.2216797e+01
   5.0959000e+05   2.1850586e+01
   5.0970300e+05   2.4047852e+01
   5.1004100e+05   2.2155762e+01
   5.1055200e+05   2.2277832e+01
   5.1541900e+05   2.8320313e+01
   5.1572300e+05   2.4719238e+01
   5.1585200e+05   2.4353027e+01
   5.1597900e+05   2.7770996e+01
   5.1926400e+05   2.8137207e+01
   5.1936200e+05   2.2460938e+01
   5.1944500e+05   2.8625488e+01
   5.1955700e+05   2.4658203e+01
   5.1970700e+05   2.1728516e+01
   5.1981300e+05   2.2949219e+01
   5.1998900e+05   2.2827148e+01
   5.2007500e+05   2.4963379e+01
   5.2296100e+05   2.8625488e+01
   5.2340000e+05   3.1616211e+01
   5.2385600e+05   2.2216797e+01
   5.2766500e+05   2.2888184e+01
   5.2776000e+05   2.3071289e+01
   5.2780600e+05   2.7282715e+01
   5.2787700e+05   2.4108887e+01
   5.2792200e+05   2.6977539e+01
   5.2800000e+05   2.3071289e+01
   5.3295200e+05   2.1789551e+01
   5.3330600e+05   2.2216797e+01
   5.3337200e+05   2.9296875e+01
   5.3396800e+05   2.3315430e+01
   5.3445800e+05   2.2338867e+01
   5.3608100e+05   2.4475098e+01
   5.3834000e+05   2.3071289e+01
   5.3848400e+05   2.2338867e+01
   5.3861300e+05   2.2644043e+01
   5.3871900e+05   2.1789551e+01
   5.3880800e+05   2.2338867e+01
   5.3905000e+05   2.6123047e+01
   5.3963200e+05   2.1789551e+01
   5.4312200e+05   3.1738281e+01
   5.4322200e+05   2.4108887e+01
   5.4341600e+05   2.5817871e+01
   5.4677000e+05   2.5695801e+01
   5.4682200e+05   2.1972656e+01
   5.4737800e+05   2.2216797e+01
   5.4754600e+05   2.5390625e+01
   5.5214000e+05   2.1850586e+01
   5.5217800e+05   2.3315430e+01
   5.5223000e+05   2.5756836e+01
   5.5231400e+05   2.3132324e+01
   5.5239900e+05   2.3559570e+01
   5.5247500e+05   2.3254395e+01
   5.5256300e+05   2.2766113e+01
   5.5287000e+05   2.2216797e+01
   5.5333800e+05   2.6367188e+01
   5.5656400e+05   2.2277832e+01
   5.5659600e+05   2.4536133e+01
   5.5691600e+05   2.3437500e+01
   5.5717500e+05   2.6672363e+01
   5.5738300e+05   2.6367188e+01
   5.6188200e+05   2.3010254e+01
   5.6195800e+05   2.3315430e+01
   5.6222100e+05   2.5756836e+01
   5.6801800e+05   2.3498535e+01
   5.6812800e+05   2.7282715e+01
   5.6814500e+05   2.3742676e+01
   5.6819800e+05   2.2338867e+01
   5.6821600e+05   2.2827148e+01
   5.6856900e+05   2.1850586e+01
   5.6966300e+05   2.1789551e+01
   5.7036600e+05   2.5573730e+01
   5.7430500e+05   2.9968262e+01
   5.7439900e+05   2.3376465e+01
   5.7456000e+05   2.1850586e+01
   5.7801800e+05   2.1789551e+01
   5.7894600e+05   2.2094727e+01
   5.8040200e+05   2.2949219e+01
   5.8044900e+05   2.5573730e+01
   5.8059700e+05   2.6428223e+01
   5.8548600e+05   2.3986816e+01
   5.8574900e+05   2.3986816e+01
   5.8657500e+05   2.2888184e+01
   5.8659100e+05   2.1911621e+01
   5.8668700e+05   2.3010254e+01
   5.8686900e+05   2.6184082e+01
   5.8692700e+05   2.2949219e+01
   5.9220400e+05   2.4902344e+01
   5.9230800e+05   2.3986816e+01
   5.9243400e+05   2.7709961e+01
   5.9260900e+05   2.6306152e+01
   5.9270500e+05   2.1606445e+01
   5.9316200e+05   2.2583008e+01
   5.9822900e+05   2.2521973e+01
   5.9827300e+05   2.3559570e+01
   5.9836500e+05   2.5085449e+01
   5.9839000e+05   2.4780273e+01
   5.9844400e+05   2.2888184e+01
   5.9846300e+05   2.2705078e+01
   6.0317000e+05   2.2888184e+01
   6.0435100e+05   2.4047852e+01
   6.0442600e+05   2.3376465e+01
   6.0453000e+05   2.2583008e+01
   6.0537800e+05   2.2644043e+01
   6.0583700e+05   2.2094727e+01
   6.0959400e+05   2.3254395e+01
   6.1272600e+05   2.4780273e+01
   6.1282800e+05   2.3742676e+01
   6.1284900e+05   2.5817871e+01
   6.1288100e+05   2.3437500e+01
   6.1294200e+05   2.2399902e+01
   6.1320700e+05   2.2155762e+01
   6.2074900e+05   2.1667480e+01
   6.2085500e+05   2.6611328e+01
   6.2093400e+05   2.3437500e+01
   6.2099100e+05   2.1728516e+01
   6.2131300e+05   2.2583008e+01
   6.2222500e+05   2.6733398e+01
   6.2778700e+05   2.3986816e+01
   6.2781800e+05   2.5817871e+01
   6.2793800e+05   2.3803711e+01
   6.2805400e+05   2.2033691e+01
   6.3339500e+05   2.2033691e+01
   6.3356700e+05   2.2155762e+01
   6.3495000e+05   2.3071289e+01
   6.4078600e+05   2.6062012e+01
   6.4083100e+05   2.2094727e+01
   6.4094900e+05   2.9174805e+01
   6.4105400e+05   2.5146484e+01
   6.4878900e+05   2.5085449e+01
   6.4882800e+05   2.8198242e+01
   6.4894300e+05   2.5329590e+01
   6.4898100e+05   2.1850586e+01
   6.4901600e+05   2.3986816e+01
   6.5625900e+05   2.3376465e+01
   6.5639300e+05   2.3376465e+01
   6.5648000e+05   3.0212402e+01
   6.5659600e+05   2.9663086e+01
   6.5673000e+05   2.4414062e+01
   6.5723400e+05   2.5756836e+01
   6.5779000e+05   2.2094727e+01
   6.6234600e+05   2.3193359e+01
   6.6246200e+05   2.4597168e+01
   6.6356900e+05   2.3376465e+01
   6.6820200e+05   2.8991699e+01
   6.6823600e+05   2.3315430e+01
   6.6833900e+05   2.3193359e+01
   6.7527200e+05   2.2644043e+01
   6.8405200e+05   2.5695801e+01
   6.8416900e+05   2.3681641e+01
   6.8420400e+05   2.2094727e+01
   6.9252500e+05   2.9113770e+01
   7.0039900e+05   2.1789551e+01
   7.0972600e+05   2.1667480e+01
   7.1006600e+05   2.3864746e+01
   7.1018300e+05   3.1616211e+01
   7.1024100e+05   2.5878906e+01
   7.1046700e+05   2.2888184e+01
   7.1752500e+05   2.3986816e+01
   7.2080700e+05   2.2216797e+01
   7.2110300e+05   2.6550293e+01
   7.2899500e+05   2.5634766e+01
   7.2920300e+05   2.5329590e+01
   7.3515900e+05   2.1972656e+01
   7.3661500e+05   2.6245117e+01
   7.3673600e+05   2.3986816e+01
   7.3695700e+05   2.5329590e+01
   7.3704400e+05   2.3071289e+01
   7.3705800e+05   2.2216797e+01
   7.4436400e+05   2.2888184e+01
   7.4445600e+05   2.2888184e+01
   7.4450200e+05   2.4475098e+01
   7.4454500e+05   2.3986816e+01
   7.4480100e+05   2.3071289e+01
   7.4490800e+05   2.2033691e+01
   7.5506900e+05   2.2766113e+01
   7.5512600e+05   2.6000977e+01
   7.5517700e+05   2.4841309e+01
   7.5528400e+05   2.4291992e+01
   7.5697500e+05   2.3925781e+01
   7.6723800e+05   2.1789551e+01
   7.6728100e+05   2.4414062e+01
   7.6733600e+05   2.7404785e+01
   7.6740300e+05   2.2827148e+01
   7.6741400e+05   2.4780273e+01
   7.6744600e+05   2.1850586e+01
   7.6748000e+05   2.2827148e+01
   7.6751200e+05   2.4291992e+01
   7.6756400e+05   3.3996582e+01
   7.6763500e+05   2.3620605e+01
   7.6805600e+05   2.9296875e+01
   7.6904800e+05   2.2705078e+01
   7.7876400e+05   2.1728516e+01
   7.7899300e+05   2.4963379e+01
   7.7902300e+05   2.2216797e+01
   7.7908300e+05   2.3620605e+01
   7.7917700e+05   2.8320312e+01
   7.8982200e+05   2.7038574e+01
   7.8993200e+05   2.3071289e+01
   7.9000000e+05   2.5268555e+01
   7.9008000e+05   2.3925781e+01
   7.9011600e+05   2.7893066e+01
   7.9022400e+05   2.1850586e+01
   8.0255000e+05   3.1738281e+01
   8.0260100e+05   2.6489258e+01
   8.0266900e+05   2.4230957e+01
   8.0269900e+05   2.3742676e+01
   8.0277200e+05   2.8198242e+01
   8.0285200e+05   2.3010254e+01
   8.0314100e+05   2.3925781e+01
   8.0317000e+05   2.2277832e+01
   8.0356800e+05   2.1606445e+01
   8.1774900e+05   2.6794434e+01
   8.1782900e+05   2.3559570e+01
   8.1786900e+05   2.8503418e+01
   8.1792400e+05   2.7832031e+01
   8.1795900e+05   2.8259277e+01
   8.1798800e+05   2.1606445e+01
   8.1805400e+05   2.1789551e+01
   8.1806800e+05   2.6184082e+01
   8.1830300e+05   2.3010254e+01
   8.1835600e+05   3.4484863e+01
   8.3048000e+05   2.4963379e+01
   8.3428800e+05   2.2521973e+01
   8.4792400e+05   2.2460938e+01
   9.0232000e+05   2.3132324e+01
   9.2912100e+05   2.1789551e+01
   1.5232970e+06   2.3559570e+01
   1.5507130e+06   2.5451660e+01
   1.5604790e+06   2.1850586e+01
   1.5844620e+06   2.2094727e+01
   1.5947430e+06   2.1850586e+01
   1.6142760e+06   2.2216797e+01
   1.6153320e+06   2.2033691e+01
   1.6195600e+06   2.2644043e+01
   1.6338750e+06   2.1667480e+01
   1.6419070e+06   2.4353027e+01
   1.6562850e+06   2.3254395e+01
   1.6776740e+06   2.2521973e+01
   1.7013490e+06   2.2644043e+01
   1.7315900e+06   2.2888184e+01
   1.7550750e+06   2.2094727e+01
   1.7660760e+06   2.4414062e+01
   1.7692100e+06   2.5024414e+01
   1.8454510e+06   2.2888184e+01
   1.8703570e+06   2.2033691e+01
   1.8920450e+06   2.2399902e+01
   1.9133620e+06   2.4291992e+01
   1.9296330e+06   2.3010254e+01
   1.9330150e+06   2.5024414e+01
   1.9330520e+06   2.1667480e+01
   1.9482020e+06   2.2705078e+01
   2.0120560e+06   2.3315430e+01
   2.0304410e+06   2.3559570e+01
   2.0344930e+06   2.6977539e+01
   2.0570400e+06   2.1789551e+01
   2.0617840e+06   2.1789551e+01
   2.1889420e+06   2.2583008e+01
   2.2267670e+06   2.4230957e+01
   2.2694660e+06   2.3132324e+01
   2.2921800e+06   2.1850586e+01
   2.3030050e+06   2.4047852e+01
   2.3498180e+06   2.3193359e+01
   2.3828130e+06   2.5085449e+01
   2.3994590e+06   2.4108887e+01
   2.4267410e+06   2.1728516e+01
   2.4797260e+06   2.2949219e+01
   2.5225530e+06   2.1911621e+01
   2.5840280e+06   2.1789551e+01
   2.5979850e+06   2.2155762e+01
   2.6533880e+06   2.3437500e+01
   2.6704220e+06   2.7648926e+01
   2.6802210e+06   2.1789551e+01
   2.7236990e+06   2.1667480e+01
   2.7582010e+06   2.2705078e+01
   2.7633950e+06   2.1606445e+01
   2.7767920e+06   2.3864746e+01
   2.7965860e+06   2.3620605e+01
   2.8269690e+06   2.1606445e+01
   2.8403760e+06   2.2094727e+01
   2.8711280e+06   2.1728516e+01
   2.9365110e+06   2.1728516e+01
   2.9625970e+06   2.3132324e+01
   2.9802260e+06   2.4353027e+01
