   3.0000000e+06   0.0000000e+00
   6.5718000e+04   2.7343750e+01
   1.4641200e+05   2.2338867e+01
   1.6244200e+05   2.2644043e+01
   1.8495300e+05   2.2644043e+01
   1.8575000e+05   2.3254395e+01
   2.3068100e+05   2.4719238e+01
   2.5646300e+05   2.2460938e+01
   2.7014900e+05   2.5207520e+01
   3.1935100e+05   2.3864746e+01
   3.4044600e+05   2.3498535e+01
   3.9202600e+05   2.9174805e+01
   3.9207300e+05   2.2888184e+01
   3.9208900e+05   2.2338867e+01
   3.9212800e+05   2.4047852e+01
   3.9213900e+05   2.3193359e+01
   3.9216400e+05   7.2814941e+01
   3.9217500e+05   2.8198242e+01
   3.9219900e+05   6.7382812e+01
   3.9223300e+05   4.1442871e+01
   3.9224400e+05   5.7128906e+01
   3.9225400e+05   2.3437500e+01
   3.9229300e+05   4.0832520e+01
   3.9231700e+05   4.0161133e+01
   3.9233400e+05   3.6010742e+01
   3.9240100e+05   2.5451660e+01
   3.9241300e+05   3.3264160e+01
   3.9248000e+05   2.3315430e+01
   3.9249500e+05   2.3132324e+01
   3.9253700e+05   2.5146484e+01
   3.9258400e+05   2.4047852e+01
   3.9262000e+05   2.9052734e+01
   3.9269800e+05   2.5573730e+01
   3.9292900e+05   2.2705078e+01
   3.9299300e+05   2.2521973e+01
   3.9315600e+05   2.2460938e+01
   3.9320300e+05   2.6123047e+01
   3.9338500e+05   2.2888184e+01
   3.9342200e+05   2.4719238e+01
   3.9347700e+05   3.1005859e+01
   3.9354400e+05   2.7770996e+01
   3.9356700e+05   2.3071289e+01
   3.9359900e+05   2.6428223e+01
   3.9361500e+05   2.6367188e+01
   3.9363300e+05   3.1860352e+01
   3.9371900e+05   3.7170410e+01
   3.9380700e+05   3.1066895e+01
   3.9392900e+05   3.7841797e+01
   3.9394400e+05   2.7770996e+01
   3.9403800e+05   4.2175293e+01
   3.9423600e+05   2.9357910e+01
   3.9465700e+05   2.2583008e+01
   4.0156900e+05   2.4414063e+01
   4.0172300e+05   2.4963379e+01
   4.0185900e+05   2.5634766e+01
   4.0213700e+05   2.4108887e+01
   4.0230600e+05   2.2338867e+01
   4.0258200e+05   2.6916504e+01
   4.0358100e+05   2.3132324e+01
   4.0387100e+05   2.3498535e+01
   4.0417000e+05   2.3254395e+01
   4.0463000e+05   2.4658203e+01
   4.0478900e+05   2.5024414e+01
   4.0495100e+05   2.4963379e+01
   4.0511500e+05   2.3498535e+01
   4.0640400e+05   2.4597168e+01
   4.0657800e+05   2.3498535e+01
   4.0726200e+05   2.4841309e+01
   4.0744200e+05   2.6062012e+01
   4.0779800e+05   2.6245117e+01
   4.0796800e+05   2.3803711e+01
   4.0831700e+05   3.1372070e+01
   4.0869200e+05   2.3132324e+01
   4.0878600e+05   2.3010254e+01
   4.0906000e+05   2.5085449e+01
   4.0940800e+05   2.2705078e+01
   4.1040700e+05   2.6794434e+01
   4.1106100e+05   2.2460938e+01
   4.1125800e+05   2.3071289e+01
   4.1146700e+05   2.3254395e+01
   4.1153500e+05   2.3437500e+01
   4.1171300e+05   2.3315430e+01
   4.1179500e+05   2.9052734e+01
   4.1194500e+05   2.4291992e+01
   4.1216200e+05   2.3681641e+01
   4.1238100e+05   2.2583008e+01
   4.1258800e+05   2.2827148e+01
   4.1279800e+05   2.4108887e+01
   4.1297100e+05   2.4780273e+01
   4.1302600e+05   2.4536133e+01
   4.1318400e+05   2.5390625e+01
   4.1375200e+05   2.7099609e+01
   4.1422000e+05   2.4047852e+01
   4.1447500e+05   2.3803711e+01
   4.1494600e+05   2.3620605e+01
   4.1522200e+05   2.8198242e+01
   4.1546700e+05   2.2460938e+01
   4.1571800e+05   2.3376465e+01
   4.1596100e+05   2.7221680e+01
   4.1619300e+05   2.4475098e+01
   4.1642300e+05   2.6611328e+01
   4.1715200e+05   2.6977539e+01
   4.1721600e+05   2.6000977e+01
   4.1747100e+05   3.4545898e+01
   4.1773700e+05   4.9865723e+01
   4.1797600e+05   2.2705078e+01
   4.1820300e+05   2.4047852e+01
   4.1847000e+05   2.2888184e+01
   4.1872000e+05   2.3315430e+01
   4.1897700e+05   2.3925781e+01
   4.1898700e+05   2.6855469e+01
   4.1924700e+05   2.5268555e+01
   4.1949200e+05   2.5634766e+01
   4.1973800e+05   2.4108887e+01
   4.2001600e+05   2.3742676e+01
   4.2022000e+05   3.4545898e+01
   4.2029300e+05   2.2338867e+01
   4.2053700e+05   2.8686523e+01
   4.2077800e+05   2.6245117e+01
   4.2085300e+05   2.3376465e+01
   4.2101100e+05   2.3925781e+01
   4.2121500e+05   2.9846191e+01
   4.2127300e+05   2.9113770e+01
   4.2156800e+05   2.6306152e+01
   4.2163000e+05   2.6611328e+01
   4.2184800e+05   2.4597168e+01
   4.2215400e+05   2.3559570e+01
   4.2243700e+05   2.6550293e+01
   4.2247200e+05   2.9968262e+01
   4.2272100e+05   2.2949219e+01
   4.2277800e+05   2.7770996e+01
   4.2298000e+05   2.4230957e+01
   4.2355200e+05   2.4047852e+01
   4.2382200e+05   2.4597168e+01
   4.2410200e+05   2.4658203e+01
   4.2442500e+05   2.3742676e+01
   4.2467300e+05   2.3986816e+01
   4.2468600e+05   2.6672363e+01
   4.2497100e+05   2.9418945e+01
   4.2509000e+05   2.5024414e+01
   4.2523200e+05   2.5329590e+01
   4.2539600e+05   2.7099609e+01
   4.2546800e+05   2.3681641e+01
   4.2581100e+05   3.8574219e+01
   4.2609600e+05   2.2949219e+01
   4.2636600e+05   2.3620605e+01
   4.2663500e+05   2.3986816e+01
   4.2692800e+05   2.8808594e+01
   4.2696200e+05   2.3681641e+01
   4.2723500e+05   2.2460938e+01
   4.2728400e+05   2.8015137e+01
   4.2747800e+05   2.3315430e+01
   4.2766400e+05   2.5756836e+01
   4.2774300e+05   2.3376465e+01
   4.2776700e+05   2.2583008e+01
   4.2815700e+05   3.2287598e+01
   4.2840300e+05   2.7770996e+01
   4.2874500e+05   2.8503418e+01
   4.2902200e+05   2.6855469e+01
   4.2932400e+05   2.3498535e+01
   4.2941300e+05   2.6367188e+01
   4.2964800e+05   3.5034180e+01
   4.2998900e+05   3.0334473e+01
   4.3031100e+05   2.4230957e+01
   4.3062200e+05   3.5644531e+01
   4.3092400e+05   2.5085449e+01
   4.3121200e+05   2.5695801e+01
   4.3158500e+05   2.4414062e+01
   4.3160900e+05   2.2766113e+01
   4.3190300e+05   2.4658203e+01
   4.3221800e+05   2.3193359e+01
   4.3244800e+05   2.5573730e+01
   4.3250000e+05   2.3803711e+01
   4.3268400e+05   2.2521973e+01
   4.3284400e+05   2.9846191e+01
   4.3320000e+05   2.2949219e+01
   4.3351100e+05   2.3925781e+01
   4.3410400e+05   2.7954102e+01
   4.3416700e+05   2.6306152e+01
   4.3436000e+05   3.4301758e+01
   4.3452900e+05   2.6611328e+01
   4.3463200e+05   3.2470703e+01
   4.3488600e+05   2.5329590e+01
   4.3509000e+05   2.4597168e+01
   4.3529100e+05   2.3681641e+01
   4.3537100e+05   6.5856934e+01
   4.3540800e+05   2.5268555e+01
   4.3543100e+05   2.6794434e+01
   4.3546400e+05   2.3437500e+01
   4.3556300e+05   7.4890137e+01
   4.3558900e+05   2.2949219e+01
   4.3565000e+05   2.4475098e+01
   4.3567400e+05   2.8625488e+01
   4.3570400e+05   3.3813477e+01
   4.3571900e+05   7.5012207e+01
   4.3576300e+05   2.8686523e+01
   4.3578000e+05   2.7648926e+01
   4.3582500e+05   5.2978516e+01
   4.3584100e+05   3.2592773e+01
   4.3585600e+05   3.3447266e+01
   4.3587900e+05   2.7709961e+01
   4.3589800e+05   4.4250488e+01
   4.3592300e+05   2.7709961e+01
   4.3595200e+05   5.6213379e+01
   4.3597400e+05   3.1433105e+01
   4.3599200e+05   2.2583008e+01
   4.3600700e+05   2.7221680e+01
   4.3604200e+05   3.1250000e+01
   4.3608600e+05   3.6193848e+01
   4.3609900e+05   2.4902344e+01
   4.3612900e+05   3.0395508e+01
   4.3614300e+05   2.6977539e+01
   4.3616200e+05   2.3071289e+01
   4.3621600e+05   2.3071289e+01
   4.3630900e+05   2.5451660e+01
   4.3649800e+05   2.2460938e+01
   4.3653500e+05   2.6306152e+01
   4.3655400e+05   2.3437500e+01
   4.3660100e+05   2.3071289e+01
   4.3665900e+05   2.9357910e+01
   4.3667000e+05   2.3559570e+01
   4.3680900e+05   2.4475098e+01
   4.3687200e+05   2.6428223e+01
   4.3694300e+05   3.2775879e+01
   4.3700400e+05   3.1616211e+01
   4.3707200e+05   2.3559570e+01
   4.3710400e+05   2.4169922e+01
   4.3718900e+05   4.4494629e+01
   4.3747300e+05   3.4667969e+01
   4.3773300e+05   2.2399902e+01
   4.3781500e+05   2.2827148e+01
   4.3999700e+05   2.9174805e+01
   4.4906600e+05   2.7099609e+01
   4.5297200e+05   2.2338867e+01
   4.5451400e+05   2.2827148e+01
   4.5647000e+05   2.5207520e+01
   4.5669100e+05   3.1616211e+01
   4.5743900e+05   3.0273438e+01
   4.5800500e+05   2.3498535e+01
   4.5855300e+05   2.4475098e+01
   4.6049400e+05   2.4291992e+01
   4.6276900e+05   2.6489258e+01
   4.6307600e+05   2.5390625e+01
   4.6457400e+05   2.4475098e+01
   4.6542300e+05   2.4719238e+01
   4.6552900e+05   2.4658203e+01
   4.6684700e+05   2.4108887e+01
   4.6715500e+05   2.5024414e+01
   4.6750300e+05   2.5146484e+01
   4.6777000e+05   2.8869629e+01
   4.6832100e+05   2.6550293e+01
   4.6896900e+05   2.2399902e+01
   4.6965600e+05   2.5268555e+01
   4.6974000e+05   2.3193359e+01
   4.7006800e+05   2.2827148e+01
   4.7060100e+05   2.2705078e+01
   4.7085400e+05   2.3559570e+01
   4.7225800e+05   2.7221680e+01
   4.7262500e+05   2.2583008e+01
   4.7287500e+05   2.2827148e+01
   4.7323100e+05   2.3559570e+01
   4.7402100e+05   2.5695801e+01
   4.7437100e+05   2.5024414e+01
   4.7478100e+05   2.4719238e+01
   4.7516000e+05   2.4291992e+01
   4.7536300e+05   2.6428223e+01
   4.7589400e+05   2.3864746e+01
   4.7621200e+05   2.2949219e+01
   4.7625700e+05   2.3864746e+01
   4.7756900e+05   2.3376465e+01
   4.7766500e+05   2.4230957e+01
   4.7782000e+05   2.6245117e+01
   4.7797000e+05   2.5756836e+01
   4.7800700e+05   2.6550293e+01
   4.7807900e+05   5.3710938e+01
   4.7812700e+05   2.3498535e+01
   4.7816800e+05   2.3498535e+01
   4.7822500e+05   2.4719238e+01
   4.7826400e+05   2.4841309e+01
   4.7831000e+05   5.8959961e+01
   4.7864200e+05   2.2521973e+01
   4.8190900e+05   2.9174805e+01
   4.8316700e+05   2.5085449e+01
   4.8373500e+05   2.2583008e+01
   4.8411500e+05   2.2644043e+01
   4.8435600e+05   3.3752441e+01
   4.8466600e+05   2.5268555e+01
   4.8656900e+05   2.6245117e+01
   4.8678900e+05   2.6550293e+01
   4.8698500e+05   2.7465820e+01
   4.8701200e+05   2.4414062e+01
   4.8716100e+05   2.5146484e+01
   4.9024500e+05   2.2888184e+01
   4.9056800e+05   2.5878906e+01
   4.9189700e+05   2.7587891e+01
   4.9192600e+05   2.9724121e+01
   4.9208400e+05   2.2949219e+01
   4.9227300e+05   2.2399902e+01
   4.9251400e+05   2.7099609e+01
   4.9271400e+05   2.5512695e+01
   4.9657000e+05   3.1921387e+01
   4.9680700e+05   2.6062012e+01
   4.9697900e+05   3.1188965e+01
   4.9714400e+05   2.3925781e+01
   5.0077200e+05   2.5085449e+01
   5.0151500e+05   2.3376465e+01
   5.0162500e+05   2.4658203e+01
   5.0166100e+05   2.8137207e+01
   5.0177600e+05   2.6184082e+01
   5.0192500e+05   2.6245117e+01
   5.0210600e+05   2.4963379e+01
   5.0229200e+05   2.2766113e+01
   5.0244300e+05   2.4536133e+01
   5.0253700e+05   2.3376465e+01
   5.0256900e+05   2.2644043e+01
   5.0790500e+05   2.6428223e+01
   5.0806600e+05   2.5451660e+01
   5.0809400e+05   3.1372070e+01
   5.0814600e+05   2.3681641e+01
   5.0822500e+05   2.6123047e+01
   5.0824300e+05   2.2949219e+01
   5.0833200e+05   2.6489258e+01
   5.0839700e+05   2.6733398e+01
   5.0842400e+05   2.6672363e+01
   5.0850100e+05   2.2705078e+01
   5.0860900e+05   2.8381348e+01
   5.0863900e+05   3.3569336e+01
   5.0871200e+05   2.3437500e+01
   5.0882900e+05   2.2583008e+01
   5.0887500e+05   2.5878906e+01
   5.0889400e+05   2.9846191e+01
   5.0891800e+05   6.6772461e+01
   5.0892800e+05   2.3803711e+01
   5.0899100e+05   2.5573730e+01
   5.0905300e+05   2.8442383e+01
   5.0912500e+05   5.5175781e+01
   5.0915200e+05   3.1066895e+01
   5.0920800e+05   2.6184082e+01
   5.0929400e+05   2.4780273e+01
   5.0933200e+05   3.8574219e+01
   5.0938000e+05   2.2766113e+01
   5.0947000e+05   2.3803711e+01
   5.0954600e+05   2.6733398e+01
   5.0960200e+05   2.3315430e+01
   5.0976000e+05   3.5705566e+01
   5.1576400e+05   2.4475098e+01
   5.1915900e+05   2.4047852e+01
   5.1934000e+05   2.4597168e+01
   5.1943200e+05   2.6855469e+01
   5.1950300e+05   2.5512695e+01
   5.1966500e+05   2.8198242e+01
   5.1990000e+05   2.3742676e+01
   5.2006700e+05   2.5512695e+01
   5.2147100e+05   2.4353027e+01
   5.2343000e+05   2.5817871e+01
   5.2359200e+05   2.3925781e+01
   5.2374300e+05   3.0395508e+01
   5.2391300e+05   2.4536133e+01
   5.2776400e+05   2.5085449e+01
   5.2790800e+05   2.6000977e+01
   5.2798500e+05   3.8696289e+01
   5.2802800e+05   2.3132324e+01
   5.2806000e+05   3.4545898e+01
   5.2821500e+05   2.7404785e+01
   5.2832500e+05   2.6367188e+01
   5.2836200e+05   2.3559570e+01
   5.2853200e+05   3.1738281e+01
   5.2876000e+05   2.3864746e+01
   5.2910800e+05   2.7648926e+01
   5.3322600e+05   2.7038574e+01
   5.3334600e+05   3.7597656e+01
   5.3342800e+05   2.4108887e+01
   5.3345700e+05   3.1677246e+01
   5.3348700e+05   2.7038574e+01
   5.3358800e+05   2.3132324e+01
   5.3362800e+05   2.5634766e+01
   5.3369000e+05   2.4047852e+01
   5.3373000e+05   2.6184082e+01
   5.3383200e+05   2.4230957e+01
   5.3404000e+05   2.4719238e+01
   5.3849200e+05   3.2348633e+01
   5.3861700e+05   2.3620605e+01
   5.3865600e+05   2.9968262e+01
   5.3874700e+05   2.5329590e+01
   5.3892400e+05   2.9907227e+01
   5.3901600e+05   2.2399902e+01
   5.3908400e+05   2.2521973e+01
   5.3917300e+05   2.3681641e+01
   5.3919900e+05   2.5207520e+01
   5.3953500e+05   2.3437500e+01
   5.3977600e+05   2.8564453e+01
   5.4312700e+05   2.5878906e+01
   5.4318800e+05   2.3254395e+01
   5.4327900e+05   2.3803711e+01
   5.4344800e+05   2.6428223e+01
   5.4671900e+05   2.5756836e+01
   5.4676500e+05   2.4780273e+01
   5.4684200e+05   2.6367188e+01
   5.4691600e+05   2.8625488e+01
   5.4696200e+05   3.7963867e+01
   5.4697300e+05   3.7353516e+01
   5.4708200e+05   3.5461426e+01
   5.4720400e+05   2.2827148e+01
   5.4723500e+05   2.3559570e+01
   5.4729800e+05   3.5095215e+01
   5.4740100e+05   2.3193359e+01
   5.4746400e+05   2.4414063e+01
   5.4761800e+05   2.6184082e+01
   5.4767800e+05   2.2583008e+01
   5.4789000e+05   2.4536133e+01
   5.5219000e+05   2.3864746e+01
   5.5224300e+05   2.8808594e+01
   5.5229700e+05   2.4169922e+01
   5.5232500e+05   2.2766113e+01
   5.5238300e+05   3.8574219e+01
   5.5245600e+05   3.4790039e+01
   5.5262100e+05   2.5390625e+01
   5.5280400e+05   2.6123047e+01
   5.5299500e+05   2.3559570e+01
   5.5666400e+05   3.5705566e+01
   5.5679100e+05   2.5451660e+01
   5.5694500e+05   3.3386230e+01
   5.5707000e+05   2.6245117e+01
   5.5710800e+05   2.5390625e+01
   5.6183400e+05   2.4536133e+01
   5.6189200e+05   3.0029297e+01
   5.6195600e+05   3.9978027e+01
   5.6200600e+05   3.2958984e+01
   5.6207900e+05   2.3559570e+01
   5.6217400e+05   2.3315430e+01
   5.6221800e+05   2.2521973e+01
   5.6231200e+05   3.3874512e+01
   5.6236300e+05   2.6062012e+01
   5.6250900e+05   3.0151367e+01
   5.6805600e+05   2.5573730e+01
   5.6818800e+05   2.5268555e+01
   5.6829800e+05   4.9377441e+01
   5.6831000e+05   2.6855469e+01
   5.6853200e+05   2.3071289e+01
   5.6859900e+05   3.2592773e+01
   5.6876500e+05   2.5390625e+01
   5.6893500e+05   2.3376465e+01
   5.6898300e+05   2.2644043e+01
   5.7435000e+05   2.4536133e+01
   5.7438900e+05   3.0395508e+01
   5.7448000e+05   3.8146973e+01
   5.7457200e+05   3.3630371e+01
   5.7460000e+05   3.0944824e+01
   5.7474500e+05   2.3620605e+01
   5.7492500e+05   2.4780273e+01
   5.7500700e+05   2.2766113e+01
   5.7512400e+05   2.9479980e+01
   5.7537600e+05   2.3010254e+01
   5.7564400e+05   2.6733398e+01
   5.8044800e+05   2.6245117e+01
   5.8056900e+05   2.8564453e+01
   5.8067200e+05   2.2338867e+01
   5.8069100e+05   2.2949219e+01
   5.8074500e+05   2.3132324e+01
   5.8084300e+05   2.6672363e+01
   5.8098500e+05   3.1799316e+01
   5.8115400e+05   2.7526855e+01
   5.8133000e+05   2.7282715e+01
   5.8662200e+05   3.2836914e+01
   5.8666100e+05   2.3254395e+01
   5.8675200e+05   3.5766602e+01
   5.8687100e+05   2.7221680e+01
   5.8694800e+05   3.0822754e+01
   5.8699800e+05   2.4353027e+01
   5.8722600e+05   2.4047852e+01
   5.8731700e+05   2.7832031e+01
   5.8756000e+05   2.5756836e+01
   5.9234500e+05   2.5512695e+01
   5.9248000e+05   2.8686523e+01
   5.9264300e+05   2.7221680e+01
   5.9271400e+05   3.3142090e+01
   5.9278100e+05   2.9724121e+01
   5.9282800e+05   2.8564453e+01
   5.9300700e+05   2.3559570e+01
   5.9332000e+05   2.5634766e+01
   5.9336100e+05   2.2766113e+01
   5.9831900e+05   3.3142090e+01
   5.9846800e+05   2.3498535e+01
   5.9861000e+05   2.4536133e+01
   5.9862000e+05   2.2949219e+01
   5.9877800e+05   2.7160645e+01
   5.9922100e+05   2.3498535e+01
   6.0440100e+05   3.8818359e+01
   6.0451300e+05   2.2338867e+01
   6.0453100e+05   2.7587891e+01
   6.0458300e+05   2.2460938e+01
   6.0462400e+05   2.2460938e+01
   6.0465100e+05   2.3071289e+01
   6.0467100e+05   2.4475098e+01
   6.0485100e+05   2.7770996e+01
   6.0508600e+05   2.7160645e+01
   6.1273600e+05   2.9968262e+01
   6.1282500e+05   2.2949219e+01
   6.1286200e+05   2.6184082e+01
   6.1291500e+05   2.2827148e+01
   6.1295100e+05   2.3498535e+01
   6.1299900e+05   2.2949219e+01
   6.1304900e+05   3.0334473e+01
   6.1314000e+05   2.9479980e+01
   6.1326000e+05   2.3620605e+01
   6.1340100e+05   3.0151367e+01
   6.1356000e+05   2.2583008e+01
   6.1379200e+05   2.4353027e+01
   6.2076600e+05   2.8259277e+01
   6.2087600e+05   2.2338867e+01
   6.2090900e+05   3.1677246e+01
   6.2103800e+05   3.0395508e+01
   6.2111600e+05   2.4414063e+01
   6.2114300e+05   2.8381348e+01
   6.2116400e+05   3.0212402e+01
   6.2132000e+05   2.8015137e+01
   6.2148300e+05   3.7841797e+01
   6.2158800e+05   2.2338867e+01
   6.2169900e+05   2.2705078e+01
   6.2220800e+05   2.2521973e+01
   6.2781500e+05   2.2338867e+01
   6.2787000e+05   2.9357910e+01
   6.2798000e+05   2.4414062e+01
   6.2800000e+05   2.8381348e+01
   6.2811800e+05   2.6367188e+01
   6.2823600e+05   2.3986816e+01
   6.2839600e+05   2.3803711e+01
   6.2861200e+05   2.9785156e+01
   6.3344700e+05   3.3081055e+01
   6.3354100e+05   3.0334473e+01
   6.3358800e+05   2.9785156e+01
   6.3368800e+05   2.4414063e+01
   6.3372700e+05   2.2460938e+01
   6.3376900e+05   2.5573730e+01
   6.3379700e+05   2.3742676e+01
   6.3403500e+05   2.9296875e+01
   6.4084500e+05   2.9968262e+01
   6.4093000e+05   2.9724121e+01
   6.4097900e+05   3.6376953e+01
   6.4103900e+05   2.4475098e+01
   6.4109600e+05   2.5634766e+01
   6.4119800e+05   2.3681641e+01
   6.4132600e+05   2.3803711e+01
   6.4148800e+05   2.6184082e+01
   6.4168300e+05   2.6611328e+01
   6.4194200e+05   2.2399902e+01
   6.4199100e+05   2.2888184e+01
   6.4889200e+05   3.3752441e+01
   6.4897000e+05   2.3925781e+01
   6.4900500e+05   2.9479980e+01
   6.4912500e+05   2.8564453e+01
   6.4923100e+05   2.3376465e+01
   6.4925700e+05   2.8930664e+01
   6.4948200e+05   2.3254395e+01
   6.4953500e+05   2.4841309e+01
   6.4956300e+05   2.4597168e+01
   6.4985400e+05   2.5634766e+01
   6.5641700e+05   3.2531738e+01
   6.5661800e+05   2.9785156e+01
   6.5664400e+05   2.5756836e+01
   6.5676200e+05   3.1555176e+01
   6.5693400e+05   3.7109375e+01
   6.5709200e+05   2.3071289e+01
   6.5742600e+05   3.0151367e+01
   6.6237200e+05   3.0578613e+01
   6.6252500e+05   3.0273438e+01
   6.6265400e+05   2.4536133e+01
   6.6278600e+05   3.6560059e+01
   6.6304600e+05   2.6733398e+01
   6.6822000e+05   2.9846191e+01
   6.6835800e+05   3.5095215e+01
   6.6847200e+05   2.2399902e+01
   6.6863300e+05   2.8320313e+01
   6.6886500e+05   2.9907227e+01
   6.7516600e+05   3.4179688e+01
   6.7523800e+05   2.5329590e+01
   6.7530100e+05   2.6550293e+01
   6.7543100e+05   2.9174805e+01
   6.7551400e+05   2.6672363e+01
   6.7570900e+05   2.8198242e+01
   6.7589100e+05   3.1616211e+01
   6.7599300e+05   2.4414062e+01
   6.8413000e+05   2.7954102e+01
   6.8416000e+05   2.5573730e+01
   6.8423500e+05   3.3203125e+01
   6.8433800e+05   2.8259277e+01
   6.8436800e+05   2.3986816e+01
   6.8445200e+05   3.4240723e+01
   6.8457000e+05   2.5939941e+01
   6.8464800e+05   2.5268555e+01
   6.8471400e+05   2.5634766e+01
   6.8481400e+05   2.2521973e+01
   6.8493700e+05   2.5085449e+01
   6.8512700e+05   2.8747559e+01
   6.8514600e+05   2.4597168e+01
   6.9252900e+05   3.0639648e+01
   6.9263100e+05   2.4597168e+01
   6.9266000e+05   3.0273438e+01
   6.9275200e+05   3.2531738e+01
   6.9277100e+05   2.2583008e+01
   6.9289000e+05   2.6672363e+01
   6.9304400e+05   3.9916992e+01
   6.9320900e+05   2.5329590e+01
   6.9340900e+05   3.1921387e+01
   6.9516800e+05   2.2949219e+01
   7.0057600e+05   3.5339355e+01
   7.0071800e+05   2.9113770e+01
   7.0080800e+05   2.2949219e+01
   7.0084000e+05   2.5573730e+01
   7.0094000e+05   3.9062500e+01
   7.0109800e+05   2.8686523e+01
   7.0128500e+05   2.8747559e+01
   7.0135500e+05   2.5024414e+01
   7.1009600e+05   2.8503418e+01
   7.1017100e+05   2.8015137e+01
   7.1022900e+05   3.2165527e+01
   7.1028200e+05   2.3193359e+01
   7.1033200e+05   3.1250000e+01
   7.1043100e+05   2.9296875e+01
   7.1058500e+05   2.3559570e+01
   7.1063700e+05   2.7954102e+01
   7.1073000e+05   3.1250000e+01
   7.1088700e+05   2.8381348e+01
   7.1105000e+05   2.3559570e+01
   7.1114000e+05   2.2644043e+01
   7.1128400e+05   2.2949219e+01
   7.1148200e+05   2.4597168e+01
   7.2079900e+05   3.2226562e+01
   7.2091700e+05   4.6875000e+01
   7.2101200e+05   2.5024414e+01
   7.2111100e+05   3.3325195e+01
   7.2124500e+05   2.4841309e+01
   7.2138700e+05   2.4353027e+01
   7.2153700e+05   2.6184082e+01
   7.2183600e+05   3.1860352e+01
   7.2240700e+05   2.3742676e+01
   7.2886600e+05   2.9663086e+01
   7.2897400e+05   2.7221680e+01
   7.2909700e+05   2.4230957e+01
   7.2923800e+05   2.3376465e+01
   7.2939400e+05   3.4667969e+01
   7.2956600e+05   2.3864746e+01
   7.2960800e+05   3.4240723e+01
   7.3674100e+05   3.7231445e+01
   7.3679600e+05   2.4291992e+01
   7.3686900e+05   2.6428223e+01
   7.3697200e+05   2.9785156e+01
   7.3709400e+05   2.2705078e+01
   7.3723600e+05   2.7526855e+01
   7.3729400e+05   2.2460938e+01
   7.4449300e+05   2.5634766e+01
   7.4455600e+05   2.2888184e+01
   7.4462800e+05   2.9785156e+01
   7.4470100e+05   2.2521973e+01
   7.4473600e+05   2.4841309e+01
   7.4482000e+05   2.9113770e+01
   7.4488200e+05   2.5207520e+01
   7.4502200e+05   3.2470703e+01
   7.4506200e+05   2.5207520e+01
   7.4518500e+05   2.7404785e+01
   7.4539600e+05   2.8869629e+01
   7.5518900e+05   3.3447266e+01
   7.5523500e+05   2.5756836e+01
   7.5530100e+05   3.1372070e+01
   7.5540900e+05   4.5654297e+01
   7.5551200e+05   2.6245117e+01
   7.5562300e+05   2.7709961e+01
   7.5568800e+05   2.6733398e+01
   7.5573000e+05   2.2583008e+01
   7.5575400e+05   2.2583008e+01
   7.5590300e+05   2.7770996e+01
   7.5593100e+05   2.2766113e+01
   7.5608300e+05   2.4353027e+01
   7.5614300e+05   2.5512695e+01
   7.5660900e+05   2.7954102e+01
   7.6731000e+05   2.9663086e+01
   7.6738300e+05   2.2827148e+01
   7.6743500e+05   3.3874512e+01
   7.6752200e+05   3.0761719e+01
   7.6762700e+05   2.7099609e+01
   7.6771000e+05   2.2827148e+01
   7.6774400e+05   2.6916504e+01
   7.6778400e+05   2.3193359e+01
   7.6783100e+05   2.6733398e+01
   7.6785800e+05   2.4291992e+01
   7.6797700e+05   3.4057617e+01
   7.6813400e+05   2.6794434e+01
   7.6861300e+05   2.6245117e+01
   7.7893900e+05   3.0273438e+01
   7.7906600e+05   3.1555176e+01
   7.7910700e+05   2.8259277e+01
   7.7916500e+05   2.8015137e+01
   7.7918500e+05   2.7343750e+01
   7.7928300e+05   2.9174805e+01
   7.7940800e+05   2.4414062e+01
   7.7951400e+05   2.3559570e+01
   7.7954500e+05   3.2958984e+01
   7.7957100e+05   2.3315430e+01
   7.7970300e+05   2.8930664e+01
   7.8985900e+05   3.1616211e+01
   7.9001100e+05   2.7832031e+01
   7.9006300e+05   2.4353027e+01
   7.9008500e+05   2.3803711e+01
   7.9012000e+05   2.4658203e+01
   7.9016000e+05   3.0639648e+01
   7.9021700e+05   3.2287598e+01
   7.9033200e+05   3.6315918e+01
   7.9049200e+05   2.9541016e+01
   7.9065900e+05   2.3315430e+01
   7.9088300e+05   2.4780273e+01
   7.9127600e+05   3.1738281e+01
   8.0265700e+05   2.7404785e+01
   8.0279400e+05   3.2958984e+01
   8.0282300e+05   2.5512695e+01
   8.0288800e+05   2.6855469e+01
   8.0294900e+05   2.3620605e+01
   8.0297500e+05   2.2644043e+01
   8.0298800e+05   2.6123047e+01
   8.0309800e+05   3.0761719e+01
   8.0322700e+05   2.2766113e+01
   8.0324700e+05   2.7282715e+01
   8.0335100e+05   2.4719238e+01
   8.0337000e+05   2.6245117e+01
   8.0352000e+05   3.2104492e+01
   8.0369400e+05   2.4597168e+01
   8.0393300e+05   2.5329590e+01
   8.1788700e+05   2.5634766e+01
   8.1794300e+05   2.3254395e+01
   8.1800100e+05   2.3925781e+01
   8.1804600e+05   2.4902344e+01
   8.1807200e+05   2.4719238e+01
   8.1816000e+05   2.8625488e+01
   8.1820800e+05   2.3864746e+01
   8.1822300e+05   2.3498535e+01
   8.1830000e+05   2.5695801e+01
   8.1838100e+05   2.7648926e+01
   8.1842300e+05   2.2766113e+01
   8.1854200e+05   3.3508301e+01
   8.1855400e+05   2.6245117e+01
   8.1866600e+05   2.3742676e+01
   8.1880600e+05   2.2705078e+01
   8.1913700e+05   2.8869629e+01
   8.1915800e+05   2.3803711e+01
   8.1938500e+05   2.4475098e+01
   8.1997500e+05   2.4597168e+01
   8.3843000e+05   2.2888184e+01
   8.9969800e+05   2.6245117e+01
   9.1680700e+05   2.2521973e+01
   9.2215200e+05   2.5634766e+01
   1.0194370e+06   2.2766113e+01
   1.2705760e+06   2.3681641e+01
   1.4482940e+06   2.2766113e+01
   1.4709570e+06   2.2949219e+01
   1.5420690e+06   2.6000977e+01
   1.6086570e+06   2.3620605e+01
   1.6303040e+06   2.2705078e+01
   1.6926700e+06   2.2460938e+01
   1.7694870e+06   2.2888184e+01
   1.8373240e+06   2.4108887e+01
   1.8389130e+06   2.2460938e+01
   1.8418410e+06   2.5573730e+01
   1.8437400e+06   2.2460938e+01
   1.8894460e+06   2.4536133e+01
   1.9088510e+06   2.3010254e+01
   1.9446390e+06   2.3315430e+01
   1.9575720e+06   2.4230957e+01
   1.9918460e+06   2.3742676e+01
   2.0054740e+06   2.3559570e+01
   2.0441710e+06   2.3864746e+01
   2.0674150e+06   2.2644043e+01
   2.0903990e+06   2.2766113e+01
   2.0913390e+06   2.2583008e+01
   2.1614650e+06   3.7048340e+01
   2.1685600e+06   2.2399902e+01
   2.1697550e+06   2.2949219e+01
   2.2073230e+06   2.3803711e+01
   2.2483310e+06   2.3254395e+01
   2.2823920e+06   2.2888184e+01
   2.2886610e+06   2.4047852e+01
   2.3337700e+06   2.2460938e+01
   2.4017850e+06   2.3010254e+01
   2.4090670e+06   2.3010254e+01
   2.4790090e+06   2.3498535e+01
   2.5057920e+06   2.3010254e+01
   2.5362360e+06   2.2766113e+01
   2.5519060e+06   2.4047852e+01
   2.5615610e+06   2.3376465e+01
   2.5657770e+06   2.3254395e+01
   2.5741420e+06   2.4658203e+01
   2.6158410e+06   2.2949219e+01
   2.6326450e+06   2.2583008e+01
   2.7177560e+06   2.2460938e+01
   2.7237820e+06   2.3193359e+01
   2.7694310e+06   2.2583008e+01
   2.7803130e+06   2.5512695e+01
   2.8096680e+06   2.2583008e+01
   2.8214940e+06   2.2521973e+01
   2.8308000e+06   2.3254395e+01
   2.8401020e+06   2.2460938e+01
   2.8867400e+06   2.3132324e+01
   2.9688800e+06   2.2460938e+01
