   3.0000000e+06   0.0000000e+00
   3.9217700e+05   3.1433105e+01
   3.9223100e+05   2.5512695e+01
   3.9225600e+05   3.3325195e+01
   3.9228200e+05   2.6672363e+01
   3.9230000e+05   2.3681641e+01
   3.9231700e+05   5.8410645e+01
   3.9234000e+05   2.3559570e+01
   3.9235600e+05   5.9814453e+01
   3.9237400e+05   2.4291992e+01
   3.9239400e+05   3.2226563e+01
   3.9241900e+05   3.7048340e+01
   3.9245400e+05   2.3803711e+01
   3.9260300e+05   2.3315430e+01
   3.9326300e+05   2.4597168e+01
   3.9330300e+05   2.7465820e+01
   3.9335700e+05   2.6733398e+01
   3.9350600e+05   2.3254395e+01
   3.9353200e+05   3.1738281e+01
   3.9367900e+05   2.8808594e+01
   3.9401500e+05   2.5085449e+01
   3.9403800e+05   2.2766113e+01
   3.9412300e+05   2.9479980e+01
   3.9426800e+05   2.4047852e+01
   3.9429600e+05   2.5756836e+01
   3.9440200e+05   2.9479980e+01
   3.9450200e+05   2.3010254e+01
   3.9457500e+05   2.3864746e+01
   3.9461700e+05   3.1127930e+01
   3.9466500e+05   2.3498535e+01
   3.9484100e+05   2.5695801e+01
   3.9491100e+05   2.4108887e+01
   3.9495800e+05   2.6367188e+01
   3.9502300e+05   2.3071289e+01
   3.9506800e+05   2.3437500e+01
   3.9513400e+05   2.3010254e+01
   3.9517400e+05   2.3193359e+01
   3.9527100e+05   3.4362793e+01
   3.9537800e+05   3.0517578e+01
   3.9550200e+05   2.8808594e+01
   3.9562500e+05   3.2226562e+01
   3.9575100e+05   3.2714844e+01
   3.9588200e+05   2.8137207e+01
   3.9600800e+05   3.6254883e+01
   3.9612800e+05   3.2348633e+01
   3.9625700e+05   2.3193359e+01
   3.9644000e+05   3.3020020e+01
   3.9656400e+05   3.2409668e+01
   3.9672100e+05   3.8024902e+01
   3.9693600e+05   3.0090332e+01
   3.9709500e+05   3.2409668e+01
   3.9731500e+05   2.3681641e+01
   3.9746900e+05   3.1738281e+01
   3.9770100e+05   3.4545898e+01
   3.9790000e+05   3.4973145e+01
   3.9813800e+05   3.3691406e+01
   3.9831300e+05   3.2592773e+01
   3.9855700e+05   3.5461426e+01
   3.9874200e+05   3.8940430e+01
   3.9889900e+05   3.5278320e+01
   3.9907200e+05   3.6376953e+01
   4.3517000e+05   2.7893066e+01
   4.3532200e+05   3.4667969e+01
   4.3539700e+05   2.7404785e+01
   4.3543300e+05   3.8269043e+01
   4.3552100e+05   3.1188965e+01
   4.3562000e+05   2.7587891e+01
   4.3566100e+05   3.4484863e+01
   4.3569100e+05   2.4597168e+01
   4.3574400e+05   3.3081055e+01
   4.3578000e+05   2.4719238e+01
   4.3579100e+05   4.0283203e+01
   4.3585300e+05   2.8991699e+01
   4.3590100e+05   3.3142090e+01
   4.3592600e+05   3.9184570e+01
   4.3593900e+05   3.6865234e+01
   4.3596600e+05   2.4658203e+01
   4.3600200e+05   2.7587891e+01
   4.3605100e+05   2.3071289e+01
   4.3607400e+05   3.8818359e+01
   4.3609700e+05   2.6428223e+01
   4.3613200e+05   2.6367188e+01
   4.3649100e+05   2.4780273e+01
   4.3657000e+05   2.3254395e+01
   4.3682800e+05   2.2827148e+01
   4.3691700e+05   2.4414062e+01
   4.3701600e+05   2.4963379e+01
   4.3747000e+05   2.3925781e+01
   4.3754100e+05   2.9296875e+01
   4.3760600e+05   3.0334473e+01
   4.3767900e+05   2.3254395e+01
   4.3772200e+05   2.4414063e+01
   4.3783500e+05   3.7536621e+01
   4.3796900e+05   2.4841309e+01
   4.3814600e+05   3.1250000e+01
   4.3828700e+05   2.9357910e+01
   4.3843800e+05   2.8076172e+01
   4.3850500e+05   2.5939941e+01
   4.3863000e+05   3.3569336e+01
   4.3878900e+05   2.7221680e+01
   4.3894700e+05   3.0456543e+01
   4.3912900e+05   2.9785156e+01
   4.3928300e+05   2.8503418e+01
   4.3943900e+05   3.1860352e+01
   4.3961300e+05   3.0212402e+01
   4.3977100e+05   2.7648926e+01
   4.3993600e+05   3.2836914e+01
   4.4009600e+05   2.9235840e+01
   4.4028300e+05   2.8320312e+01
   4.4047400e+05   3.3508301e+01
   4.4066000e+05   3.3630371e+01
   4.4084400e+05   3.5034180e+01
   4.4103500e+05   2.8686523e+01
   4.4124700e+05   2.9541016e+01
   4.7755900e+05   3.0212402e+01
   4.7776100e+05   2.4658203e+01
   4.7788300e+05   2.3742676e+01
   4.7800800e+05   2.8259277e+01
   4.7812600e+05   2.6977539e+01
   4.7815600e+05   3.4545898e+01
   4.7833100e+05   2.4719238e+01
   4.7841900e+05   2.3315430e+01
   4.7848000e+05   2.3681641e+01
   4.9197200e+05   3.1005859e+01
   4.9235200e+05   2.6123047e+01
   4.9703400e+05   2.6428223e+01
   4.9710500e+05   2.3498535e+01
   4.9723900e+05   2.5939941e+01
   5.0162300e+05   3.5461426e+01
   5.0166300e+05   2.4597168e+01
   5.0186300e+05   2.9846191e+01
   5.0815200e+05   2.3193359e+01
   5.0824100e+05   3.1921387e+01
   5.0835600e+05   2.9479980e+01
   5.0852100e+05   2.8869629e+01
   5.0870800e+05   2.4291992e+01
   5.0872300e+05   2.7770996e+01
   5.0882500e+05   2.4719238e+01
   5.1944800e+05   3.3264160e+01
   5.1960100e+05   2.3193359e+01
   5.2366000e+05   2.3437500e+01
   5.2374100e+05   2.8808594e+01
   5.2785800e+05   2.4414062e+01
   5.2792800e+05   3.3813477e+01
   5.2806900e+05   2.7648926e+01
   5.3335300e+05   2.9174805e+01
   5.3344700e+05   2.8015137e+01
   5.3862200e+05   2.7221680e+01
   5.3874800e+05   3.4545898e+01
   5.3920000e+05   2.7160645e+01
   5.4342300e+05   3.2531738e+01
   5.4681800e+05   2.8137207e+01
   5.4686700e+05   3.7902832e+01
   5.4689300e+05   2.7099609e+01
   5.4696100e+05   2.9052734e+01
   5.4704700e+05   3.4118652e+01
   5.4713700e+05   2.7038574e+01
   5.5232000e+05   2.6306152e+01
   5.5241900e+05   3.0395508e+01
   5.5679200e+05   3.8818359e+01
   5.6195600e+05   3.4851074e+01
   5.6202300e+05   2.6428223e+01
   5.6211600e+05   2.5573730e+01
   5.6822300e+05   2.8686523e+01
   5.6837800e+05   3.3996582e+01
   5.7445900e+05   3.2104492e+01
   5.7458800e+05   3.4301758e+01
   5.7461100e+05   2.3925781e+01
   5.8057600e+05   2.7099609e+01
   5.8058900e+05   2.4719238e+01
   5.8063900e+05   2.4597168e+01
   5.8087000e+05   2.5024414e+01
   5.8674000e+05   4.2175293e+01
   5.8683400e+05   2.6794434e+01
   5.8695400e+05   3.0639648e+01
   5.9238000e+05   2.3559570e+01
   5.9247800e+05   3.9794922e+01
   5.9843600e+05   2.7282715e+01
   5.9845500e+05   2.7893066e+01
   5.9853400e+05   3.1066895e+01
   6.0449700e+05   3.5156250e+01
   6.1285400e+05   3.5400391e+01
   6.1293000e+05   2.2888184e+01
   6.1297100e+05   3.0639648e+01
   6.1314400e+05   2.8564453e+01
   6.2092300e+05   3.7414551e+01
   6.2097500e+05   2.6306152e+01
   6.2104400e+05   2.9418945e+01
   6.2123500e+05   2.8442383e+01
   6.2804200e+05   2.9113770e+01
   6.2812400e+05   3.1921387e+01
   6.2848600e+05   2.2766113e+01
   6.3360400e+05   2.8015137e+01
   6.4099300e+05   4.0161133e+01
   6.4105400e+05   3.6071777e+01
   6.4113600e+05   4.3273926e+01
   6.4120400e+05   2.4536133e+01
   6.4121700e+05   2.6306152e+01
   6.4135400e+05   2.8869629e+01
   6.4899800e+05   3.1250000e+01
   6.4905500e+05   3.5095215e+01
   6.4914800e+05   2.9663086e+01
   6.4930600e+05   2.6062012e+01
   6.4940300e+05   2.3742676e+01
   6.5653900e+05   3.7231445e+01
   6.5661100e+05   2.7770996e+01
   6.5668200e+05   3.5217285e+01
   6.5680400e+05   2.8198242e+01
   6.6252600e+05   3.7719727e+01
   6.6262600e+05   2.3742676e+01
   6.6837500e+05   3.1250000e+01
   6.6847600e+05   3.1982422e+01
   6.6852800e+05   2.3254395e+01
   6.6885000e+05   2.3071289e+01
   6.7540500e+05   2.3315430e+01
   6.7550400e+05   3.3630371e+01
   6.8423800e+05   3.9672852e+01
   6.8431500e+05   2.7832031e+01
   6.8438400e+05   3.1738281e+01
   6.8441200e+05   2.4780273e+01
   6.8453600e+05   2.3925781e+01
   6.8456300e+05   2.5146484e+01
   6.8472300e+05   2.4414063e+01
   6.9259600e+05   2.4475098e+01
   6.9266500e+05   3.2348633e+01
   6.9273700e+05   2.9541016e+01
   6.9283500e+05   3.6743164e+01
   7.0071600e+05   3.0700684e+01
   7.0089100e+05   3.1250000e+01
   7.0115300e+05   2.5878906e+01
   7.0133500e+05   2.2888184e+01
   7.0139100e+05   3.8208008e+01
   7.1022900e+05   3.6926270e+01
   7.1028000e+05   2.9968262e+01
   7.1034000e+05   2.9174805e+01
   7.1043600e+05   2.9968262e+01
   7.1057800e+05   2.4597168e+01
   7.1061600e+05   2.9296875e+01
   7.2087200e+05   2.2766113e+01
   7.2091200e+05   3.1066895e+01
   7.2098400e+05   4.1198730e+01
   7.2105300e+05   3.8208008e+01
   7.2114500e+05   2.8869629e+01
   7.2146100e+05   2.5329590e+01
   7.2167400e+05   2.2949219e+01
   7.2901300e+05   2.7893066e+01
   7.2909600e+05   3.0273438e+01
   7.2927900e+05   2.5939941e+01
   7.2947700e+05   2.2888184e+01
   7.3684700e+05   3.2897949e+01
   7.3693100e+05   2.3071289e+01
   7.3699900e+05   3.6010742e+01
   7.3715700e+05   2.2827148e+01
   7.4460100e+05   2.3437500e+01
   7.4461400e+05   2.9296875e+01
   7.4468000e+05   3.6437988e+01
   7.4475200e+05   2.9113770e+01
   7.4490900e+05   2.9479980e+01
   7.5527500e+05   2.4047852e+01
   7.5533500e+05   3.7719727e+01
   7.5539700e+05   2.7709961e+01
   7.5549300e+05   2.5939941e+01
   7.5559900e+05   2.9907227e+01
   7.5574700e+05   3.4851074e+01
   7.5583900e+05   2.2827148e+01
   7.6739600e+05   2.3071289e+01
   7.6743400e+05   3.0395508e+01
   7.6748400e+05   3.2226562e+01
   7.6750300e+05   2.6855469e+01
   7.6754100e+05   2.7893066e+01
   7.6759100e+05   3.0151367e+01
   7.6778200e+05   3.3386230e+01
   7.6780900e+05   2.7832031e+01
   7.6788500e+05   2.5573730e+01
   7.6790500e+05   3.2226562e+01
   7.6801900e+05   2.7709961e+01
   7.6820100e+05   2.6855469e+01
   7.7906300e+05   3.5400391e+01
   7.7911800e+05   3.9367676e+01
   7.7917900e+05   3.1677246e+01
   7.7924200e+05   2.7465820e+01
   7.7932100e+05   2.4353027e+01
   7.7946100e+05   3.7353516e+01
   7.7958700e+05   2.6977539e+01
   7.8994600e+05   2.3559570e+01
   7.9000500e+05   3.3752441e+01
   7.9006800e+05   2.5268555e+01
   7.9009200e+05   2.2888184e+01
   7.9011300e+05   2.7221680e+01
   7.9018200e+05   3.5644531e+01
   7.9025600e+05   2.9785156e+01
   7.9035800e+05   3.2592773e+01
   7.9047100e+05   2.5817871e+01
   7.9057800e+05   2.9846191e+01
   7.9079500e+05   2.5878906e+01
   8.0277800e+05   4.2602539e+01
   8.0279700e+05   2.2827148e+01
   8.0282600e+05   4.0893555e+01
   8.0288100e+05   3.7414551e+01
   8.0303100e+05   2.5146484e+01
   8.0310400e+05   2.3437500e+01
   8.0321000e+05   2.5817871e+01
   8.0332900e+05   2.8991699e+01
   8.0346200e+05   3.3874512e+01
   8.0375600e+05   2.2827148e+01
   8.1797900e+05   2.6855469e+01
   8.1800500e+05   2.4963379e+01
   8.1806600e+05   3.4423828e+01
   8.1811900e+05   2.8015137e+01
   8.1820400e+05   2.6916504e+01
   8.1827700e+05   2.8930664e+01
   8.1834900e+05   2.4047852e+01
   8.1843100e+05   2.8442383e+01
   8.1853000e+05   2.8076172e+01
   8.1861700e+05   2.4291992e+01
   8.1873100e+05   2.8259277e+01
