   3.0000000e+06   0.0000000e+00
   3.9202000e+05   2.0690918e+01
   3.9207400e+05   2.8381348e+01
   3.9209300e+05   2.8198242e+01
   3.9213300e+05   4.1137695e+01
   3.9214900e+05   3.1066895e+01
   3.9217300e+05   3.9733887e+01
   3.9220400e+05   7.1594238e+01
   3.9223100e+05   3.1433105e+01
   3.9224700e+05   3.8024902e+01
   3.9227800e+05   3.2531738e+01
   3.9230700e+05   3.6865234e+01
   3.9232200e+05   2.9235840e+01
   3.9233400e+05   2.1057129e+01
   3.9236600e+05   2.4291992e+01
   3.9238700e+05   2.7832031e+01
   3.9241500e+05   2.5268555e+01
   3.9242600e+05   2.1728516e+01
   3.9246700e+05   2.0446777e+01
   3.9252600e+05   2.2644043e+01
   3.9256000e+05   2.7404785e+01
   3.9274700e+05   2.0751953e+01
   3.9293800e+05   2.0385742e+01
   3.9305800e+05   2.7465820e+01
   3.9310700e+05   2.0812988e+01
   3.9312400e+05   2.0874023e+01
   3.9320700e+05   2.1118164e+01
   3.9341300e+05   2.7954102e+01
   3.9350400e+05   2.6489258e+01
   3.9355900e+05   2.1545410e+01
   3.9358600e+05   2.9357910e+01
   3.9366000e+05   2.2583008e+01
   3.9369100e+05   2.1911621e+01
   3.9375600e+05   3.5522461e+01
   3.9376600e+05   2.9785156e+01
   3.9380600e+05   2.0263672e+01
   3.9383700e+05   2.7038574e+01
   3.9386000e+05   2.1362305e+01
   3.9393900e+05   2.1240234e+01
   3.9397700e+05   3.3752441e+01
   3.9402400e+05   2.2033691e+01
   3.9409400e+05   2.8015137e+01
   3.9414600e+05   2.0812988e+01
   3.9417900e+05   3.2897949e+01
   3.9421900e+05   3.2287598e+01
   3.9430000e+05   2.0629883e+01
   3.9432900e+05   4.8339844e+01
   3.9436200e+05   2.0629883e+01
   3.9446200e+05   2.7465820e+01
   3.9448500e+05   2.1972656e+01
   3.9450500e+05   2.0812988e+01
   3.9461300e+05   2.0751953e+01
   3.9529600e+05   2.6184082e+01
   3.9558300e+05   2.0141602e+01
   3.9587500e+05   2.1179199e+01
   3.9899400e+05   2.2583008e+01
   3.9964700e+05   2.0812988e+01
   4.0137800e+05   2.1179199e+01
   4.0356400e+05   4.9255371e+01
   4.0377500e+05   4.6569824e+01
   4.0399700e+05   4.3701172e+01
   4.0664500e+05   4.9804688e+01
   4.0686500e+05   4.6936035e+01
   4.1032500e+05   4.6203613e+01
   4.1331500e+05   4.4006348e+01
   4.1359300e+05   4.4555664e+01
   4.2029600e+05   4.7912598e+01
   4.2540000e+05   5.3405762e+01
   4.2803400e+05   5.1879883e+01
   4.3476400e+05   2.5756836e+01
   4.3514200e+05   5.2917480e+01
   4.3536300e+05   2.0446777e+01
   4.3541800e+05   2.1972656e+01
   4.3549200e+05   4.3701172e+01
   4.3552000e+05   2.0141602e+01
   4.3560200e+05   2.6062012e+01
   4.3565300e+05   2.0446777e+01
   4.3566600e+05   4.7790527e+01
   4.3569600e+05   2.6184082e+01
   4.3571000e+05   2.2399902e+01
   4.3574500e+05   4.4616699e+01
   4.3575700e+05   2.3742676e+01
   4.3579000e+05   3.8269043e+01
   4.3580400e+05   2.5756836e+01
   4.3582000e+05   2.2338867e+01
   4.3584600e+05   2.3681641e+01
   4.3588500e+05   5.0720215e+01
   4.3590000e+05   2.0507812e+01
   4.3591700e+05   4.9255371e+01
   4.3593500e+05   4.2358398e+01
   4.3596100e+05   4.9865723e+01
   4.3597900e+05   3.0029297e+01
   4.3599300e+05   3.3142090e+01
   4.3602600e+05   4.4433594e+01
   4.3603800e+05   3.1127930e+01
   4.3608400e+05   4.4006348e+01
   4.3611100e+05   3.1921387e+01
   4.3613900e+05   4.6936035e+01
   4.3614900e+05   3.4362793e+01
   4.3619000e+05   2.5878906e+01
   4.3622500e+05   2.1606445e+01
   4.3624200e+05   2.4230957e+01
   4.3625200e+05   2.4902344e+01
   4.3627400e+05   2.4536133e+01
   4.3636100e+05   2.2521973e+01
   4.3639600e+05   2.0751953e+01
   4.3642400e+05   2.2338867e+01
   4.3644600e+05   2.1301270e+01
   4.3648600e+05   2.0141602e+01
   4.3653400e+05   2.0568848e+01
   4.3657100e+05   2.1972656e+01
   4.3662000e+05   2.0141602e+01
   4.3676200e+05   2.3559570e+01
   4.3692300e+05   2.2094727e+01
   4.3697600e+05   2.6489258e+01
   4.3706500e+05   3.0395508e+01
   4.3714400e+05   2.9479980e+01
   4.3715600e+05   2.7099609e+01
   4.3717900e+05   2.4047852e+01
   4.3719500e+05   2.1850586e+01
   4.3724000e+05   2.1728516e+01
   4.3726100e+05   2.0568848e+01
   4.3729300e+05   2.5207520e+01
   4.3732000e+05   2.5085449e+01
   4.3734800e+05   2.4597168e+01
   4.3742000e+05   2.8808594e+01
   4.3744100e+05   2.8259277e+01
   4.3747800e+05   2.2338867e+01
   4.3750800e+05   2.1606445e+01
   4.3752500e+05   2.5756836e+01
   4.3757200e+05   3.4362793e+01
   4.3760200e+05   2.9541016e+01
   4.3765100e+05   2.5634766e+01
   4.3766300e+05   3.1188965e+01
   4.3771900e+05   3.1372070e+01
   4.3775400e+05   2.1728516e+01
   4.3778000e+05   2.1484375e+01
   4.3781000e+05   2.4841309e+01
   4.3784300e+05   3.1250000e+01
   4.3785600e+05   3.4790039e+01
   4.3788400e+05   2.2705078e+01
   4.3793800e+05   2.1179199e+01
   4.3798400e+05   2.2644043e+01
   4.3799900e+05   2.0568848e+01
   4.3810700e+05   2.1301270e+01
   4.3813400e+05   2.1179199e+01
   4.3822300e+05   2.0568848e+01
   4.3827400e+05   2.0324707e+01
   4.3853000e+05   2.5268555e+01
   4.3859700e+05   2.1789551e+01
   4.3941700e+05   2.0629883e+01
   4.4063800e+05   2.0202637e+01
   4.4977000e+05   4.4982910e+01
   4.5002300e+05   4.4311523e+01
   4.5330600e+05   2.1240234e+01
   4.5925100e+05   4.4372559e+01
   4.6450200e+05   4.7302246e+01
   4.6840100e+05   4.5410156e+01
   4.6909300e+05   2.0324707e+01
   4.7719100e+05   2.1301270e+01
   4.7763500e+05   2.3437500e+01
   4.7773400e+05   4.5166016e+01
   4.7786600e+05   3.1433105e+01
   4.7799700e+05   2.2583008e+01
   4.7810200e+05   2.0324707e+01
   4.7824300e+05   2.1118164e+01
   4.7831400e+05   2.0507812e+01
   4.7840100e+05   2.1667480e+01
   4.7851300e+05   2.0385742e+01
   4.8676400e+05   2.0263672e+01
   4.8689800e+05   4.9926758e+01
   4.8730900e+05   4.7546387e+01
   4.9180700e+05   3.5400391e+01
   4.9199400e+05   5.5053711e+01
   4.9201600e+05   2.0751953e+01
   4.9223000e+05   2.0202637e+01
   4.9677900e+05   2.0202637e+01
   4.9717400e+05   2.2277832e+01
   4.9754100e+05   4.9011230e+01
   5.0812000e+05   2.1972656e+01
   5.0823900e+05   2.6855469e+01
   5.0831500e+05   4.2907715e+01
   5.0837800e+05   2.7587891e+01
   5.0854600e+05   5.8532715e+01
   5.0861000e+05   2.3681641e+01
   5.0869100e+05   2.6550293e+01
   5.0877000e+05   4.6020508e+01
   5.0881300e+05   2.1057129e+01
   5.0898800e+05   4.7668457e+01
   5.0919600e+05   3.9001465e+01
   5.0922300e+05   2.1301270e+01
   5.0938100e+05   3.5766602e+01
   5.0955000e+05   2.5878906e+01
   5.0964300e+05   2.4780273e+01
   5.0967400e+05   4.1809082e+01
   5.0973100e+05   2.5817871e+01
   5.0990700e+05   2.1911621e+01
   5.0995400e+05   2.5146484e+01
   5.1574900e+05   2.3620605e+01
   5.2388600e+05   5.5297852e+01
   5.2866300e+05   4.9255371e+01
   5.3346300e+05   2.0629883e+01
   5.3355700e+05   4.8828125e+01
   5.3843900e+05   2.3803711e+01
   5.3857900e+05   2.1362305e+01
   5.3912100e+05   3.9978027e+01
   5.3943100e+05   4.1076660e+01
   5.4318700e+05   2.1362305e+01
   5.5246100e+05   5.1208496e+01
   5.5293000e+05   2.3376465e+01
   5.6178500e+05   2.3071289e+01
   5.6206200e+05   2.0080566e+01
   5.6805200e+05   2.5512695e+01
   5.6835400e+05   5.7312012e+01
   5.7459600e+05   2.6916504e+01
   5.8066400e+05   2.1362305e+01
   5.8671500e+05   2.0141602e+01
   5.9280200e+05   2.0629883e+01
   5.9827700e+05   2.3010254e+01
   5.9840700e+05   2.2033691e+01
   6.0430900e+05   2.0507812e+01
   6.1281300e+05   2.3620605e+01
   6.1295900e+05   2.1667480e+01
   6.1313600e+05   4.2236328e+01
   6.2072800e+05   2.5390625e+01
   6.2087400e+05   2.0690918e+01
   6.2783400e+05   2.0935059e+01
   6.2799800e+05   2.5024414e+01
   6.4093300e+05   2.1057129e+01
   6.4105500e+05   2.1301270e+01
   6.4131800e+05   2.1301270e+01
   6.4133900e+05   2.2949219e+01
   6.4886200e+05   2.0080566e+01
   6.4897800e+05   2.0751953e+01
   6.4901000e+05   2.2338867e+01
   6.4939800e+05   2.1240234e+01
   6.5657100e+05   2.3010254e+01
   6.5678800e+05   2.3986816e+01
   6.5697400e+05   2.1484375e+01
   6.6234600e+05   2.6489258e+01
   6.6831000e+05   2.2216797e+01
   6.8435900e+05   2.9235840e+01
   6.9264000e+05   2.1118164e+01
   7.0054500e+05   2.1545410e+01
   7.0083600e+05   2.1484375e+01
   7.1055200e+05   2.5085449e+01
   7.2072800e+05   2.3498535e+01
   7.2081700e+05   2.1301270e+01
   7.2118600e+05   2.0751953e+01
   7.2903200e+05   2.0385742e+01
   7.3706400e+05   2.5268555e+01
   7.4439500e+05   2.2705078e+01
   7.4475300e+05   2.1057129e+01
   7.6747300e+05   2.1728516e+01
   7.6784800e+05   2.0935059e+01
   7.6801800e+05   2.1667480e+01
   7.7900200e+05   2.0263672e+01
   7.8980000e+05   2.4108887e+01
   7.9012800e+05   2.2888184e+01
   7.9016100e+05   2.7160645e+01
   7.9029300e+05   2.0690918e+01
   8.0346100e+05   2.0202637e+01
   8.1794100e+05   2.0263672e+01
   1.2356860e+06   4.7363281e+01
   1.2390300e+06   4.6752930e+01
   1.3045400e+06   2.2094727e+01
   2.2457740e+06   4.4982910e+01
