   3.0000000e+06   0.0000000e+00
   3.9203100e+05   2.6306152e+01
   3.9204100e+05   4.6936035e+01
   3.9208100e+05   4.0283203e+01
   3.9211200e+05   3.2775879e+01
   3.9213700e+05   2.8442383e+01
   3.9215800e+05   3.5400391e+01
   3.9217700e+05   5.7250977e+01
   3.9220200e+05   4.3273926e+01
   3.9223600e+05   3.1127930e+01
   3.9225300e+05   2.5573730e+01
   3.9227300e+05   3.4912109e+01
   3.9228300e+05   2.9907227e+01
   3.9231800e+05   2.8747559e+01
   3.9233100e+05   2.8076172e+01
   3.9236100e+05   2.9052734e+01
   3.9239600e+05   2.6062012e+01
   3.9247200e+05   3.2043457e+01
   3.9250400e+05   2.8686523e+01
   3.9260200e+05   3.1188965e+01
   3.9271500e+05   2.5817871e+01
   3.9308500e+05   2.6611328e+01
   3.9327100e+05   2.7954102e+01
   3.9359700e+05   2.6062012e+01
   3.9368500e+05   2.6000977e+01
   3.9375700e+05   2.7099609e+01
   3.9389600e+05   2.7099609e+01
   3.9397000e+05   2.5695801e+01
   3.9408700e+05   2.5512695e+01
   3.9412200e+05   2.6062012e+01
   3.9419400e+05   2.4963379e+01
   3.9425800e+05   2.7465820e+01
   3.9444800e+05   2.4780273e+01
   3.9675700e+05   2.7770996e+01
   3.9899900e+05   2.5756836e+01
   3.9910400e+05   2.5451660e+01
   3.9955400e+05   2.8442383e+01
   3.9992700e+05   2.5329590e+01
   4.0091000e+05   2.7404785e+01
   4.0300000e+05   2.7770996e+01
   4.0339800e+05   2.5634766e+01
   4.0387200e+05   2.4841309e+01
   4.0407200e+05   2.8686523e+01
   4.0539000e+05   2.6123047e+01
   4.0570500e+05   2.9968262e+01
   4.0582600e+05   2.5085449e+01
   4.0617800e+05   3.1127930e+01
   4.0636900e+05   2.8808594e+01
   4.0670300e+05   2.6672363e+01
   4.0707200e+05   2.6733398e+01
   4.0739700e+05   2.5634766e+01
   4.0797500e+05   2.8015137e+01
   4.0825700e+05   3.0944824e+01
   4.0866500e+05   2.5939941e+01
   4.0884100e+05   2.5451660e+01
   4.0924700e+05   2.7099609e+01
   4.0937700e+05   2.6733398e+01
   4.1005900e+05   2.7160645e+01
   4.1034800e+05   3.6926270e+01
   4.1047200e+05   2.5268555e+01
   4.1089600e+05   2.9541016e+01
   4.1139800e+05   2.4963379e+01
   4.1227700e+05   2.7404785e+01
   4.1257600e+05   2.4780273e+01
   4.1322400e+05   2.8564453e+01
   4.1361800e+05   2.7465820e+01
   4.1378000e+05   3.0456543e+01
   4.1406700e+05   2.5634766e+01
   4.1451200e+05   2.7282715e+01
   4.1470900e+05   2.8259277e+01
   4.1505000e+05   2.9968262e+01
   4.1553200e+05   3.2165527e+01
   4.1580100e+05   2.5085449e+01
   4.1600000e+05   2.6550293e+01
   4.1644200e+05   2.7465820e+01
   4.1682100e+05   2.4841309e+01
   4.1701100e+05   2.6245117e+01
   4.1778500e+05   2.7893066e+01
   4.1849800e+05   2.7648926e+01
   4.1902600e+05   2.8442383e+01
   4.1928500e+05   2.6489258e+01
   4.1943500e+05   3.1982422e+01
   4.1988300e+05   2.7526855e+01
   4.2020300e+05   2.9785156e+01
   4.2055100e+05   2.5634766e+01
   4.2091000e+05   2.9052734e+01
   4.2116800e+05   2.5451660e+01
   4.2180100e+05   2.7709961e+01
   4.2213300e+05   3.0334473e+01
   4.2253100e+05   2.6306152e+01
   4.2269700e+05   3.1127930e+01
   4.2286900e+05   3.9916992e+01
   4.2372600e+05   2.7343750e+01
   4.2406600e+05   2.6916504e+01
   4.2434000e+05   2.5146484e+01
   4.2487700e+05   3.0212402e+01
   4.2503700e+05   2.6367188e+01
   4.2539200e+05   2.5024414e+01
   4.2657200e+05   2.9052734e+01
   4.2676600e+05   2.5634766e+01
   4.2700300e+05   2.9602051e+01
   4.2726500e+05   2.9113770e+01
   4.2768500e+05   2.6428223e+01
   4.2817300e+05   3.2226562e+01
   4.2844600e+05   2.5268555e+01
   4.2884600e+05   2.9541016e+01
   4.2929800e+05   3.0151367e+01
   4.2947300e+05   2.6428223e+01
   4.2996100e+05   2.6367188e+01
   4.3040500e+05   2.6977539e+01
   4.3079500e+05   3.4484863e+01
   4.3104800e+05   2.8259277e+01
   4.3156400e+05   2.8686523e+01
   4.3189200e+05   3.2592773e+01
   4.3210400e+05   2.6733398e+01
   4.3243600e+05   2.7709961e+01
   4.3344400e+05   2.8930664e+01
   4.3361900e+05   2.9174805e+01
   4.3437200e+05   2.6367188e+01
   4.3469100e+05   3.0090332e+01
   4.3511000e+05   2.7404785e+01
   4.3520900e+05   2.5878906e+01
   4.3542400e+05   2.6672363e+01
   4.3562400e+05   2.5634766e+01
   4.3573800e+05   2.4780273e+01
   4.3582500e+05   2.6306152e+01
   4.3585400e+05   2.6611328e+01
   4.3588300e+05   3.5644531e+01
   4.3589900e+05   2.5756836e+01
   4.3594700e+05   3.4851074e+01
   4.3598000e+05   2.5939941e+01
   4.3603300e+05   2.5268555e+01
   4.3607600e+05   3.0700684e+01
   4.3656900e+05   3.0761719e+01
   4.3708500e+05   2.5634766e+01
   4.3713600e+05   2.6428223e+01
   4.3716300e+05   2.6794434e+01
   4.3719700e+05   2.6794434e+01
   4.3790200e+05   2.7221680e+01
   4.3804500e+05   2.6306152e+01
   4.4401700e+05   2.5207520e+01
   4.4989600e+05   2.6367188e+01
   4.5059900e+05   2.5207520e+01
   4.5104100e+05   2.8869629e+01
   4.5233000e+05   2.5756836e+01
   4.5259200e+05   2.7282715e+01
   4.5353800e+05   2.4780273e+01
   4.5534200e+05   2.6550293e+01
   4.5598500e+05   2.6245117e+01
   4.5613100e+05   2.4780273e+01
   4.5697700e+05   2.4902344e+01
   4.5730100e+05   2.5085449e+01
   4.5833600e+05   2.7954102e+01
   4.5848000e+05   2.4902344e+01
   4.5906100e+05   2.9602051e+01
   4.5924300e+05   2.6428223e+01
   4.6192000e+05   2.6855469e+01
   4.6267000e+05   2.6062012e+01
   4.6339500e+05   2.7160645e+01
   4.6412800e+05   2.5451660e+01
   4.6464100e+05   2.9541016e+01
   4.6643700e+05   2.6123047e+01
   4.6687800e+05   2.5573730e+01
   4.6783400e+05   2.6916504e+01
   4.7012500e+05   2.6000977e+01
   4.7051500e+05   3.1066895e+01
   4.7082000e+05   2.4902344e+01
   4.7144000e+05   2.6550293e+01
   4.7263700e+05   2.6062012e+01
   4.7288100e+05   2.5451660e+01
   4.7358000e+05   3.4118652e+01
   4.7390000e+05   2.5146484e+01
   4.7406200e+05   2.7404785e+01
   4.7468700e+05   2.8259277e+01
   4.7576600e+05   2.7465820e+01
   4.7600200e+05   2.5939941e+01
   4.7707200e+05   3.0029297e+01
   4.7721300e+05   3.1372070e+01
   4.7780100e+05   2.6062012e+01
   4.7792500e+05   2.5878906e+01
   4.7844000e+05   3.0395508e+01
   4.8086800e+05   2.5634766e+01
   4.8167500e+05   2.5207520e+01
   4.8280900e+05   2.6000977e+01
   4.8310600e+05   2.5695801e+01
   4.8643000e+05   3.3325195e+01
   4.8659200e+05   2.5634766e+01
   4.8672000e+05   2.6245117e+01
   4.8684200e+05   2.6489258e+01
   4.8697000e+05   2.8564453e+01
   4.8747000e+05   2.5390625e+01
   4.8906600e+05   3.1738281e+01
   4.9003600e+05   3.1127930e+01
   4.9016900e+05   2.9174805e+01
   4.9029800e+05   3.2165527e+01
   4.9141700e+05   2.4841309e+01
   4.9161000e+05   3.0395508e+01
   4.9419800e+05   2.9052734e+01
   4.9494000e+05   2.5268555e+01
   4.9658500e+05   2.7526855e+01
   4.9669600e+05   3.4118652e+01
   4.9682200e+05   2.6916504e+01
   4.9770300e+05   2.5451660e+01
   4.9933400e+05   2.6123047e+01
   5.0045500e+05   3.1494141e+01
   5.0132700e+05   2.9174805e+01
   5.0144000e+05   3.2287598e+01
   5.0177600e+05   2.5512695e+01
   5.0198400e+05   2.6550293e+01
   5.0249600e+05   2.7465820e+01
   5.0467000e+05   2.7770996e+01
   5.0781700e+05   2.9846191e+01
   5.0794300e+05   3.0334473e+01
   5.0801800e+05   2.6428223e+01
   5.0809600e+05   2.9479980e+01
   5.0850100e+05   2.7526855e+01
   5.0869600e+05   2.9357910e+01
   5.0892700e+05   2.6367188e+01
   5.0900800e+05   2.4780273e+01
   5.0945700e+05   2.7404785e+01
   5.1381100e+05   2.7038574e+01
   5.1555900e+05   2.9541016e+01
   5.1570200e+05   3.0700684e+01
   5.1581300e+05   2.8686523e+01
   5.1826500e+05   2.6245117e+01
   5.1905100e+05   2.7221680e+01
   5.1923500e+05   2.7160645e+01
   5.1968000e+05   2.6123047e+01
   5.1989400e+05   2.7465820e+01
   5.2047900e+05   2.5146484e+01
   5.2320100e+05   2.7343750e+01
   5.2333100e+05   3.4973145e+01
   5.2347300e+05   3.4912109e+01
   5.2766700e+05   2.5939941e+01
   5.2774300e+05   2.5329590e+01
   5.2791600e+05   2.5146484e+01
   5.2801100e+05   2.8747559e+01
   5.2853800e+05   2.7404785e+01
   5.2867000e+05   2.7282715e+01
   5.2886400e+05   2.8320312e+01
   5.2902600e+05   2.9479980e+01
   5.3306200e+05   2.5695801e+01
   5.3314500e+05   2.5207520e+01
   5.3322300e+05   3.0761719e+01
   5.3351900e+05   3.3203125e+01
   5.3367900e+05   2.5329590e+01
   5.3382300e+05   2.6794434e+01
   5.3820800e+05   3.6071777e+01
   5.3840100e+05   3.6376953e+01
   5.3848000e+05   3.3630371e+01
   5.3855900e+05   2.4902344e+01
   5.3872900e+05   2.5451660e+01
   5.3883100e+05   2.5024414e+01
   5.3896400e+05   2.5512695e+01
   5.4298400e+05   2.9174805e+01
   5.4305700e+05   4.0039062e+01
   5.4339500e+05   2.4902344e+01
   5.4658900e+05   3.3691406e+01
   5.4668400e+05   3.3508301e+01
   5.4675600e+05   2.5817871e+01
   5.4682000e+05   3.1311035e+01
   5.4691100e+05   2.5207520e+01
   5.4699400e+05   2.6489258e+01
   5.4710100e+05   2.8503418e+01
   5.4719900e+05   2.8198242e+01
   5.4734900e+05   2.7221680e+01
   5.4759900e+05   2.7099609e+01
   5.4799200e+05   2.7343750e+01
   5.5208800e+05   2.8259277e+01
   5.5222800e+05   2.7404785e+01
   5.5229900e+05   3.0700684e+01
   5.5244600e+05   2.4780273e+01
   5.5259500e+05   2.9602051e+01
   5.5273000e+05   2.9052734e+01
   5.5306000e+05   2.7709961e+01
   5.5335300e+05   2.8076172e+01
   5.5644900e+05   3.0456543e+01
   5.5657600e+05   3.1982422e+01
   5.5667100e+05   2.7404785e+01
   5.5712000e+05   2.5207520e+01
   5.5776000e+05   2.6611328e+01
   5.6172300e+05   2.4963379e+01
   5.6178700e+05   3.1860352e+01
   5.6200300e+05   2.7160645e+01
   5.6241700e+05   3.0090332e+01
   5.6273300e+05   2.4963379e+01
   5.6795000e+05   2.8991699e+01
   5.6803100e+05   2.6062012e+01
   5.6816200e+05   2.8808594e+01
   5.6823900e+05   3.0090332e+01
   5.6856200e+05   3.1250000e+01
   5.6879900e+05   2.6489258e+01
   5.6894400e+05   2.6855469e+01
   5.7423100e+05   2.5085449e+01
   5.7430100e+05   3.0761719e+01
   5.7436400e+05   2.6733398e+01
   5.7444500e+05   2.4902344e+01
   5.7452200e+05   2.7893066e+01
   5.7460400e+05   3.0578613e+01
   5.7493100e+05   2.7465820e+01
   5.7523100e+05   2.7404785e+01
   5.7540900e+05   2.5268555e+01
   5.7578400e+05   3.6193848e+01
   5.8035700e+05   2.9968262e+01
   5.8042800e+05   2.6062012e+01
   5.8049800e+05   3.1616211e+01
   5.8056000e+05   2.5390625e+01
   5.8065100e+05   2.6245117e+01
   5.8083000e+05   2.5390625e+01
   5.8094800e+05   2.7221680e+01
   5.8147000e+05   2.6733398e+01
   5.8646300e+05   2.9418945e+01
   5.8653600e+05   2.7893066e+01
   5.8661300e+05   2.8625488e+01
   5.8677600e+05   3.3996582e+01
   5.8686800e+05   3.5644531e+01
   5.8736800e+05   2.6184082e+01
   5.8748900e+05   2.6000977e+01
   5.8799000e+05   2.5207520e+01
   5.8802400e+05   2.6306152e+01
   5.9224500e+05   3.0822754e+01
   5.9230400e+05   2.5390625e+01
   5.9237800e+05   2.8381348e+01
   5.9245600e+05   2.5451660e+01
   5.9251600e+05   2.8137207e+01
   5.9262200e+05   2.5695801e+01
   5.9332300e+05   3.0639648e+01
   5.9817200e+05   2.7160645e+01
   5.9825600e+05   4.1870117e+01
   5.9831000e+05   2.6123047e+01
   5.9837500e+05   3.0456543e+01
   5.9844900e+05   2.5573730e+01
   5.9853700e+05   2.5085449e+01
   5.9872400e+05   2.9724121e+01
   5.9883500e+05   2.6611328e+01
   5.9939400e+05   3.5278320e+01
   6.0427700e+05   3.4484863e+01
   6.0432900e+05   2.7954102e+01
   6.0437300e+05   2.4902344e+01
   6.0440000e+05   2.7587891e+01
   6.0446000e+05   3.0456543e+01
   6.0455300e+05   2.8564453e+01
   6.0465100e+05   2.8686523e+01
   6.0477000e+05   3.1982422e+01
   6.0491100e+05   2.7404785e+01
   6.0502900e+05   2.6611328e+01
   6.0515200e+05   2.5451660e+01
   6.0526100e+05   2.5024414e+01
   6.1263700e+05   3.1921387e+01
   6.1270900e+05   3.9855957e+01
   6.1276300e+05   3.2043457e+01
   6.1282300e+05   2.7526855e+01
   6.1289900e+05   2.6184082e+01
   6.1296800e+05   2.9785156e+01
   6.1304100e+05   3.1860352e+01
   6.1313400e+05   2.7038574e+01
   6.1321800e+05   2.5329590e+01
   6.1338300e+05   2.7038574e+01
   6.1367100e+05   2.5634766e+01
   6.1381200e+05   2.4841309e+01
   6.1408200e+05   2.8442383e+01
   6.2066700e+05   3.5095215e+01
   6.2072300e+05   2.6916504e+01
   6.2078300e+05   3.4667969e+01
   6.2084700e+05   3.1738281e+01
   6.2092100e+05   2.6000977e+01
   6.2098400e+05   3.3508301e+01
   6.2105800e+05   3.4851074e+01
   6.2117900e+05   3.2226562e+01
   6.2157100e+05   3.0273438e+01
   6.2171800e+05   3.2653809e+01
   6.2185500e+05   3.3203125e+01
   6.2240200e+05   3.1188965e+01
   6.2774900e+05   3.4606934e+01
   6.2781700e+05   3.1311035e+01
   6.2787900e+05   3.2287598e+01
   6.2793900e+05   3.9672852e+01
   6.2801300e+05   2.6672363e+01
   6.2806300e+05   2.4841309e+01
   6.2808900e+05   2.5756836e+01
   6.2821200e+05   2.7404785e+01
   6.2834100e+05   2.8625488e+01
   6.2847800e+05   3.0334473e+01
   6.2878200e+05   3.7536621e+01
   6.3330400e+05   3.7658691e+01
   6.3337800e+05   3.9489746e+01
   6.3351600e+05   2.5085449e+01
   6.3359700e+05   2.6428223e+01
   6.3372500e+05   3.0700684e+01
   6.3383400e+05   3.1494141e+01
   6.3397300e+05   2.9907227e+01
   6.3422900e+05   2.7221680e+01
   6.4075000e+05   3.3691406e+01
   6.4081300e+05   2.7770996e+01
   6.4087400e+05   3.0212402e+01
   6.4093200e+05   2.6184082e+01
   6.4100000e+05   3.6315918e+01
   6.4108900e+05   2.7587891e+01
   6.4120600e+05   2.8076172e+01
   6.4132500e+05   3.3935547e+01
   6.4142300e+05   3.2165527e+01
   6.4154300e+05   2.5573730e+01
   6.4171500e+05   3.0578613e+01
   6.4184800e+05   3.4423828e+01
   6.4202700e+05   2.8259277e+01
   6.4881400e+05   2.5268555e+01
   6.4886300e+05   2.9113770e+01
   6.4892300e+05   3.0517578e+01
   6.4898200e+05   3.4606934e+01
   6.4903900e+05   3.6926270e+01
   6.4910800e+05   2.9968262e+01
   6.4939000e+05   2.7160645e+01
   6.4955100e+05   2.7770996e+01
   6.4970000e+05   2.9235840e+01
   6.4981400e+05   3.0334473e+01
   6.5017300e+05   2.8137207e+01
   6.5633300e+05   2.8747559e+01
   6.5638100e+05   2.7343750e+01
   6.5642800e+05   3.9978027e+01
   6.5649400e+05   2.9846191e+01
   6.5657200e+05   3.2714844e+01
   6.5666300e+05   2.5207520e+01
   6.5675200e+05   3.1616211e+01
   6.5694100e+05   2.9602051e+01
   6.5713000e+05   2.8076172e+01
   6.5767800e+05   3.1127930e+01
   6.6226800e+05   3.2348633e+01
   6.6235900e+05   3.6560059e+01
   6.6242700e+05   3.5766602e+01
   6.6247200e+05   2.5085449e+01
   6.6258300e+05   2.8503418e+01
   6.6268100e+05   2.8564453e+01
   6.6281400e+05   2.6000977e+01
   6.6300200e+05   2.6977539e+01
   6.6318900e+05   2.7648926e+01
   6.6365600e+05   2.6428223e+01
   6.6811500e+05   3.1616211e+01
   6.6819300e+05   3.3386230e+01
   6.6826800e+05   3.4362793e+01
   6.6844700e+05   2.9724121e+01
   6.6855900e+05   2.9174805e+01
   6.6873500e+05   3.0456543e+01
   6.6890200e+05   4.1564941e+01
   6.6930500e+05   3.1188965e+01
   6.7503700e+05   3.2897949e+01
   6.7512100e+05   3.3142090e+01
   6.7518200e+05   2.5512695e+01
   6.7524600e+05   2.5024414e+01
   6.7531200e+05   2.9235840e+01
   6.7556500e+05   2.9907227e+01
   6.7566900e+05   2.8076172e+01
   6.7584900e+05   2.6000977e+01
   6.7597700e+05   2.8930664e+01
   6.7622200e+05   2.5695801e+01
   6.8407400e+05   3.4057617e+01
   6.8412900e+05   4.2907715e+01
   6.8415500e+05   2.6062012e+01
   6.8417800e+05   2.7526855e+01
   6.8423500e+05   2.5329590e+01
   6.8429900e+05   3.5888672e+01
   6.8436200e+05   3.0212402e+01
   6.8446900e+05   3.8085938e+01
   6.8458600e+05   2.5512695e+01
   6.8468200e+05   2.5329590e+01
   6.8480200e+05   2.7709961e+01
   6.8494800e+05   3.1860352e+01
   6.8506600e+05   2.7954102e+01
   6.8550600e+05   2.9541016e+01
   6.8581800e+05   3.2653809e+01
   6.9245700e+05   3.3691406e+01
   6.9251200e+05   2.6733398e+01
   6.9256800e+05   2.6550293e+01
   6.9263900e+05   2.7465820e+01
   6.9270700e+05   2.7282715e+01
   6.9288500e+05   2.8503418e+01
   6.9306100e+05   3.0212402e+01
   6.9319400e+05   2.5268555e+01
   6.9331400e+05   2.8015137e+01
   6.9344400e+05   3.0273438e+01
   6.9379000e+05   3.1066895e+01
   7.0047400e+05   3.6071777e+01
   7.0051800e+05   3.3447266e+01
   7.0058500e+05   3.3447266e+01
   7.0064700e+05   2.6550293e+01
   7.0072500e+05   4.6264648e+01
   7.0083600e+05   2.9174805e+01
   7.0093800e+05   3.3508301e+01
   7.0106300e+05   2.6306152e+01
   7.0121200e+05   2.8320312e+01
   7.0134300e+05   3.2714844e+01
   7.0149600e+05   2.7832031e+01
   7.0201000e+05   2.8625488e+01
   7.1003500e+05   3.5583496e+01
   7.1004900e+05   2.5634766e+01
   7.1011000e+05   3.9489746e+01
   7.1016300e+05   3.4423828e+01
   7.1022400e+05   2.8015137e+01
   7.1029800e+05   3.4118652e+01
   7.1039000e+05   3.6132812e+01
   7.1040200e+05   3.0334473e+01
   7.1047600e+05   3.2531738e+01
   7.1059000e+05   3.3020020e+01
   7.1072100e+05   2.9052734e+01
   7.1087900e+05   2.5817871e+01
   7.1104500e+05   3.2653809e+01
   7.2068900e+05   3.8818359e+01
   7.2075500e+05   3.0334473e+01
   7.2081400e+05   3.2653809e+01
   7.2087000e+05   3.0334473e+01
   7.2093800e+05   2.5329590e+01
   7.2102700e+05   2.7282715e+01
   7.2116800e+05   3.4606934e+01
   7.2125700e+05   2.8259277e+01
   7.2136900e+05   3.5156250e+01
   7.2151900e+05   2.6672363e+01
   7.2162400e+05   2.8747559e+01
   7.2192000e+05   3.3752441e+01
   7.2211200e+05   2.9785156e+01
   7.2870200e+05   3.2958984e+01
   7.2877200e+05   4.3823242e+01
   7.2884400e+05   3.4240723e+01
   7.2891500e+05   3.3081055e+01
   7.2898600e+05   3.1127930e+01
   7.2901800e+05   2.6245117e+01
   7.2909500e+05   3.3935547e+01
   7.2919900e+05   2.7770996e+01
   7.2930400e+05   2.8503418e+01
   7.2950200e+05   2.6306152e+01
   7.2972600e+05   2.6794434e+01
   7.2994100e+05   2.7709961e+01
   7.3662400e+05   3.4851074e+01
   7.3664000e+05   2.4902344e+01
   7.3668200e+05   2.6794434e+01
   7.3675100e+05   3.4912109e+01
   7.3692300e+05   2.9296875e+01
   7.3701900e+05   2.6000977e+01
   7.3714000e+05   2.7343750e+01
   7.3742400e+05   3.3264160e+01
   7.3777000e+05   3.6682129e+01
   7.3795100e+05   3.1860352e+01
   7.4437900e+05   3.3325195e+01
   7.4444900e+05   3.0822754e+01
   7.4454700e+05   2.7038574e+01
   7.4461600e+05   4.2114258e+01
   7.4471100e+05   2.9602051e+01
   7.4480000e+05   2.8747559e+01
   7.4497200e+05   3.3813477e+01
   7.4513500e+05   3.3203125e+01
   7.4550600e+05   2.9907227e+01
   7.5500700e+05   2.4963379e+01
   7.5507300e+05   3.3386230e+01
   7.5513900e+05   4.5837402e+01
   7.5520300e+05   4.7790527e+01
   7.5526900e+05   4.1381836e+01
   7.5535000e+05   2.6123047e+01
   7.5542600e+05   3.4118652e+01
   7.5556900e+05   3.1982422e+01
   7.5569100e+05   3.0639648e+01
   7.5590400e+05   3.6499023e+01
   7.5612400e+05   2.8503418e+01
   7.5619000e+05   2.5512695e+01
   7.5650600e+05   2.7648926e+01
   7.5696300e+05   2.6000977e+01
   7.5698400e+05   3.3325195e+01
   7.6723100e+05   5.9143066e+01
   7.6731200e+05   3.8696289e+01
   7.6737700e+05   2.8137207e+01
   7.6743100e+05   2.7648926e+01
   7.6751100e+05   2.6672363e+01
   7.6759100e+05   3.3142090e+01
   7.6764100e+05   2.5512695e+01
   7.6768200e+05   3.3020020e+01
   7.6782800e+05   3.1982422e+01
   7.6790900e+05   2.5939941e+01
   7.6805400e+05   3.7231445e+01
   7.6816600e+05   2.6977539e+01
   7.6849500e+05   2.4841309e+01
   7.7883100e+05   3.8391113e+01
   7.7885100e+05   2.5207520e+01
   7.7888600e+05   3.9428711e+01
   7.7895700e+05   3.6865234e+01
   7.7903000e+05   3.0883789e+01
   7.7912900e+05   2.9541016e+01
   7.7924300e+05   2.8198242e+01
   7.7938400e+05   3.5217285e+01
   7.7949100e+05   3.0700684e+01
   7.7963500e+05   2.9846191e+01
   7.7982600e+05   2.6550293e+01
   7.7999300e+05   2.7282715e+01
   7.8037700e+05   3.2348633e+01
   7.8980600e+05   4.7119141e+01
   7.8987400e+05   2.4963379e+01
   7.8995700e+05   3.8635254e+01
   7.9003700e+05   3.5278320e+01
   7.9013200e+05   3.5827637e+01
   7.9026200e+05   3.8452148e+01
   7.9039000e+05   2.8808594e+01
   7.9053500e+05   3.6560059e+01
   7.9065900e+05   3.1860352e+01
   7.9083600e+05   2.6367188e+01
   7.9107900e+05   3.0212402e+01
   7.9152100e+05   3.2714844e+01
   8.0260700e+05   5.1086426e+01
   8.0267300e+05   3.8146973e+01
   8.0275300e+05   3.7292480e+01
   8.0282200e+05   2.5146484e+01
   8.0286800e+05   4.2358398e+01
   8.0295200e+05   3.5400391e+01
   8.0306600e+05   3.6010742e+01
   8.0315700e+05   3.0639648e+01
   8.0329000e+05   3.1250000e+01
   8.0344700e+05   3.6315918e+01
   8.0358000e+05   2.4780273e+01
   8.0360100e+05   2.7709961e+01
   8.1774400e+05   2.9235840e+01
   8.1779600e+05   5.1940918e+01
   8.1788900e+05   3.7780762e+01
   8.1793500e+05   2.7038574e+01
   8.1799900e+05   2.6123047e+01
   8.1801600e+05   3.3203125e+01
   8.1808300e+05   2.8503418e+01
   8.1820000e+05   3.2714844e+01
   8.1826700e+05   2.6184082e+01
   8.1830500e+05   2.7160645e+01
   8.1833700e+05   2.6123047e+01
   8.1840400e+05   3.7719727e+01
   8.1851600e+05   3.1433105e+01
   8.1862200e+05   2.9968262e+01
   8.1887300e+05   3.7841797e+01
   8.1932700e+05   2.6855469e+01
   8.1945500e+05   3.1677246e+01
