   3.0000000e+06   0.0000000e+00
   2.8283000e+05   2.3864746e+01
   3.9201300e+05   2.8808594e+01
   3.9209100e+05   5.7067871e+01
   3.9212200e+05   3.7231445e+01
   3.9216000e+05   4.4311523e+01
   3.9217100e+05   3.0517578e+01
   3.9219000e+05   3.0822754e+01
   3.9220200e+05   2.9052734e+01
   3.9221800e+05   4.1076660e+01
   3.9225800e+05   2.3925781e+01
   3.9228900e+05   2.5695801e+01
   3.9236300e+05   2.7282715e+01
   3.9243500e+05   2.4169922e+01
   3.9247600e+05   2.7282715e+01
   3.9271900e+05   2.4536133e+01
   3.9324100e+05   2.4108887e+01
   3.9353400e+05   2.5268555e+01
   3.9431200e+05   2.4475098e+01
   3.9457600e+05   2.3864746e+01
   3.9471000e+05   2.6062012e+01
   3.9580000e+05   2.5329590e+01
   4.0853700e+05   2.5817871e+01
   4.1244900e+05   2.4902344e+01
   4.1597700e+05   2.4108887e+01
   4.1794700e+05   2.5024414e+01
   4.1814200e+05   2.3620605e+01
   4.2010200e+05   2.3925781e+01
   4.2122300e+05   2.3925781e+01
   4.2182000e+05   2.8442383e+01
   4.2422100e+05   2.4475098e+01
   4.2590200e+05   2.5329590e+01
   4.2827100e+05   2.4414062e+01
   4.3230000e+05   2.5085449e+01
   4.3291800e+05   2.5268555e+01
   4.3381300e+05   2.3803711e+01
   4.3515700e+05   2.5329590e+01
   4.3544700e+05   2.9174805e+01
   4.3558200e+05   2.7893066e+01
   4.3561200e+05   3.9184570e+01
   4.3571100e+05   3.5217285e+01
   4.3578000e+05   3.5888672e+01
   4.3581200e+05   2.9968262e+01
   4.3582900e+05   3.2958984e+01
   4.3587600e+05   4.1809082e+01
   4.3590700e+05   3.1982422e+01
   4.3594100e+05   3.5095215e+01
   4.3596100e+05   4.8217773e+01
   4.3598400e+05   3.5949707e+01
   4.3599700e+05   2.5268555e+01
   4.3604600e+05   2.4414062e+01
   4.3606400e+05   2.5085449e+01
   4.3611300e+05   2.6733398e+01
   4.3615600e+05   2.4108887e+01
   4.3673700e+05   2.7893066e+01
   4.3680800e+05   2.5634766e+01
   4.3687800e+05   2.6367188e+01
   4.3696800e+05   2.7038574e+01
   4.3709100e+05   2.5512695e+01
   4.3731000e+05   2.7343750e+01
   4.3740400e+05   2.3498535e+01
   4.3766000e+05   2.3498535e+01
   4.3796800e+05   2.3437500e+01
   4.6740100e+05   2.5695801e+01
   4.6757800e+05   2.6184082e+01
   4.6761100e+05   2.6428223e+01
   4.7779500e+05   4.0100098e+01
   4.7785000e+05   2.4780273e+01
   4.7830300e+05   2.4780273e+01
   4.8405800e+05   2.4169922e+01
   4.8711500e+05   2.3864746e+01
   4.9037400e+05   2.3742676e+01
   4.9208700e+05   2.5207520e+01
   4.9213300e+05   4.2724609e+01
   5.0148300e+05   2.4414062e+01
   5.0742300e+05   2.3742676e+01
   5.0769100e+05   2.3803711e+01
   5.0809700e+05   4.2114258e+01
   5.0826400e+05   2.9052734e+01
   5.0835500e+05   3.7780762e+01
   5.0841100e+05   2.6611328e+01
   5.0855700e+05   3.8269043e+01
   5.0905700e+05   2.3925781e+01
   5.0909100e+05   2.4047852e+01
   5.0923300e+05   2.7648926e+01
   5.0934600e+05   3.3508301e+01
   5.0939900e+05   2.4169922e+01
   5.0944900e+05   3.8024902e+01
   5.0959300e+05   3.0334473e+01
   5.1491400e+05   2.6306152e+01
   5.1918200e+05   2.3681641e+01
   5.1943100e+05   3.9123535e+01
   5.2106700e+05   2.5878906e+01
   5.3321300e+05   2.3437500e+01
   5.3339500e+05   4.8400879e+01
   5.3849200e+05   2.3681641e+01
   5.3904800e+05   2.8015137e+01
   5.4692100e+05   3.4057617e+01
   5.4700500e+05   2.5329590e+01
   5.5218100e+05   2.6855469e+01
   5.5236200e+05   2.7038574e+01
   5.5241000e+05   4.3823242e+01
   5.5256000e+05   2.4780273e+01
   5.5660300e+05   2.9052734e+01
   5.5680100e+05   2.5268555e+01
   5.5700200e+05   2.5573730e+01
   5.6192600e+05   5.0415039e+01
   5.6198200e+05   2.4230957e+01
   5.6215800e+05   2.4230957e+01
   5.6233700e+05   2.5085449e+01
   5.6255200e+05   2.3620605e+01
   5.6820800e+05   4.5166016e+01
   5.6822500e+05   2.8320312e+01
   5.6841600e+05   4.9072266e+01
   5.7451400e+05   4.1687012e+01
   5.7470100e+05   2.7038574e+01
   5.7489600e+05   2.5817871e+01
   5.8044200e+05   3.0883789e+01
   5.8049800e+05   4.0100098e+01
   5.8082300e+05   3.7902832e+01
   5.8083500e+05   2.6855469e+01
   5.8669700e+05   4.5593262e+01
   5.8674400e+05   2.4963379e+01
   5.8691400e+05   3.9367676e+01
   5.8696000e+05   2.8320312e+01
   5.8720300e+05   2.4658203e+01
   5.9248200e+05   2.3803711e+01
   5.9319500e+05   3.0822754e+01
   5.9846500e+05   2.3925781e+01
   5.9849000e+05   3.8635254e+01
   6.0449700e+05   4.3823242e+01
   6.0455300e+05   2.6855469e+01
   6.1283300e+05   4.7973633e+01
   6.1300900e+05   4.5471191e+01
   6.1307500e+05   2.5085449e+01
   6.1324900e+05   2.4536133e+01
   6.1335800e+05   4.2907715e+01
   6.1344700e+05   2.3803711e+01
   6.2093700e+05   4.9926758e+01
   6.2121700e+05   3.5339355e+01
   6.2783100e+05   2.8503418e+01
   6.2794200e+05   4.7180176e+01
   6.2801800e+05   2.4414062e+01
   6.2855300e+05   3.6560059e+01
   6.3344900e+05   2.3864746e+01
   6.3367300e+05   2.3498535e+01
   6.3390500e+05   2.6245117e+01
   6.4079900e+05   2.5390625e+01
   6.4098400e+05   3.8757324e+01
   6.4099400e+05   2.7404785e+01
   6.4121800e+05   4.3640137e+01
   6.4137300e+05   2.5634766e+01
   6.4888800e+05   2.5756836e+01
   6.4901700e+05   4.3334961e+01
   6.4906600e+05   2.4353027e+01
   6.4929300e+05   2.3864746e+01
   6.4930400e+05   4.2358398e+01
   6.4951700e+05   2.4047852e+01
   6.5655900e+05   3.7658691e+01
   6.5662000e+05   2.6611328e+01
   6.5682200e+05   2.7038574e+01
   6.6235300e+05   2.5329590e+01
   6.6258400e+05   6.0363770e+01
   6.6827400e+05   3.0822754e+01
   6.6840400e+05   4.0588379e+01
   6.6847900e+05   2.4719238e+01
   6.7515800e+05   2.6428223e+01
   6.7525100e+05   4.7363281e+01
   6.7534900e+05   2.9785156e+01
   6.8421200e+05   4.5471191e+01
   6.8434500e+05   2.4658203e+01
   6.8441500e+05   3.7170410e+01
   6.8474700e+05   2.3986816e+01
   6.9254700e+05   2.4108887e+01
   6.9272200e+05   4.5776367e+01
   6.9293400e+05   2.8869629e+01
   7.0069600e+05   4.8889160e+01
   7.0098100e+05   2.3864746e+01
   7.0104500e+05   4.3762207e+01
   7.1007900e+05   2.9785156e+01
   7.1014700e+05   4.2175293e+01
   7.1028700e+05   2.4230957e+01
   7.1035900e+05   4.5654297e+01
   7.1071200e+05   2.7526855e+01
   7.2077500e+05   2.8076172e+01
   7.2087700e+05   4.6203613e+01
   7.2096500e+05   2.8625488e+01
   7.2103500e+05   3.5644531e+01
   7.2162000e+05   2.6245117e+01
   7.2882400e+05   2.3620605e+01
   7.2888800e+05   4.6203613e+01
   7.2902600e+05   2.7954102e+01
   7.3667100e+05   2.6489258e+01
   7.3685800e+05   2.4719238e+01
   7.3693000e+05   4.1198730e+01
   7.4447700e+05   2.6306152e+01
   7.4467300e+05   4.1625977e+01
   7.4471300e+05   2.4414062e+01
   7.4508300e+05   4.2724609e+01
   7.5511500e+05   3.1616211e+01
   7.5520700e+05   4.6752930e+01
   7.5547100e+05   4.2358398e+01
   7.5568500e+05   2.8686523e+01
   7.5575800e+05   4.3640137e+01
   7.6729700e+05   2.5878906e+01
   7.6740000e+05   4.7058105e+01
   7.6756000e+05   5.5297852e+01
   7.6768100e+05   2.4658203e+01
   7.6780300e+05   3.8085938e+01
   7.6786500e+05   2.7709961e+01
   7.6807100e+05   4.3457031e+01
   7.7896500e+05   2.9785156e+01
   7.7899500e+05   3.9123535e+01
   7.7902100e+05   2.3803711e+01
   7.7915600e+05   4.0771484e+01
   7.7922400e+05   4.5959473e+01
   7.7943400e+05   4.1198730e+01
   7.7957800e+05   2.3742676e+01
   7.8990900e+05   2.5695801e+01
   7.8995500e+05   4.7973633e+01
   7.9008600e+05   2.3803711e+01
   7.9027700e+05   2.4230957e+01
   8.0271700e+05   4.5654297e+01
   8.0284200e+05   3.1677246e+01
   8.0288100e+05   4.8706055e+01
   8.0334700e+05   4.4311523e+01
   8.0348000e+05   2.7404785e+01
   8.1791900e+05   5.1635742e+01
   8.1804600e+05   2.5939941e+01
   8.1807400e+05   3.8940430e+01
   8.1820700e+05   2.7648926e+01
   8.1825400e+05   3.5400391e+01
   8.1836900e+05   2.6000977e+01
   8.1845800e+05   3.5644531e+01
   8.1854000e+05   2.4047852e+01
   8.1872100e+05   4.1748047e+01
   1.4517150e+06   2.7282715e+01
   2.0531830e+06   2.4230957e+01
   2.1615520e+06   2.5329590e+01
   2.8505030e+06   2.5817871e+01
