   3.0000000e+06   0.0000000e+00
   3.9209500e+05   3.0822754e+01
   3.9213600e+05   2.7770996e+01
   3.9216700e+05   3.9306641e+01
   3.9218200e+05   2.6367188e+01
   3.9221300e+05   2.9235840e+01
   3.9223300e+05   3.1311035e+01
   3.9226900e+05   4.0832520e+01
   3.9229800e+05   2.4291992e+01
   3.9234200e+05   2.5634766e+01
   3.9235700e+05   2.5695801e+01
   3.9237800e+05   3.5583496e+01
   3.9241400e+05   2.4108887e+01
   3.9244700e+05   2.5512695e+01
   3.9250200e+05   2.3986816e+01
   3.9254800e+05   2.3437500e+01
   3.9322200e+05   2.3742676e+01
   3.9390100e+05   2.6489258e+01
   3.9427300e+05   2.4169922e+01
   3.9448800e+05   2.8320312e+01
   3.9841100e+05   2.3803711e+01
   3.9863700e+05   2.7282715e+01
   4.0190500e+05   2.4841309e+01
   4.0340700e+05   2.5756836e+01
   4.0362300e+05   3.1982422e+01
   4.0379100e+05   2.4658203e+01
   4.0454800e+05   2.3803711e+01
   4.0471200e+05   2.7343750e+01
   4.0508900e+05   2.6977539e+01
   4.0595400e+05   2.4719238e+01
   4.0631600e+05   2.3559570e+01
   4.0735800e+05   2.5146484e+01
   4.0757100e+05   2.3742676e+01
   4.0779400e+05   2.4658203e+01
   4.0805500e+05   2.7343750e+01
   4.0980600e+05   2.6794434e+01
   4.1053200e+05   2.4291992e+01
   4.1102300e+05   2.4597168e+01
   4.1125000e+05   2.9296875e+01
   4.1248500e+05   2.9296875e+01
   4.1329500e+05   2.8137207e+01
   4.1355400e+05   3.2226562e+01
   4.1410700e+05   2.7160645e+01
   4.1434600e+05   2.3925781e+01
   4.1461800e+05   2.4780273e+01
   4.1573200e+05   2.7160645e+01
   4.1738100e+05   2.5085449e+01
   4.1788900e+05   2.6611328e+01
   4.1821600e+05   2.5390625e+01
   4.1858600e+05   2.9663086e+01
   4.1887700e+05   2.6794434e+01
   4.2033300e+05   2.6550293e+01
   4.2061900e+05   2.5756836e+01
   4.2263100e+05   3.0273438e+01
   4.2293800e+05   2.4047852e+01
   4.2333400e+05   3.1066895e+01
   4.2438100e+05   3.1372070e+01
   4.2511700e+05   2.5817871e+01
   4.2548400e+05   2.3254395e+01
   4.3193100e+05   2.5512695e+01
   4.3357700e+05   2.3498535e+01
   4.3499100e+05   2.7282715e+01
   4.3523100e+05   3.5034180e+01
   4.3541900e+05   3.5522461e+01
   4.3544800e+05   2.7160645e+01
   4.3558600e+05   3.1005859e+01
   4.3571000e+05   3.2531738e+01
   4.3575800e+05   2.8503418e+01
   4.3581800e+05   2.6611328e+01
   4.3584800e+05   2.5451660e+01
   4.3587700e+05   2.8442383e+01
   4.3591300e+05   2.8198242e+01
   4.3592400e+05   2.6977539e+01
   4.3598500e+05   2.4902344e+01
   4.3600300e+05   3.0456543e+01
   4.3601400e+05   2.6672363e+01
   4.3613300e+05   3.0029297e+01
   4.3618700e+05   2.7832031e+01
   4.3625500e+05   2.6306152e+01
   4.3633700e+05   2.6184082e+01
   4.3636000e+05   2.4047852e+01
   4.3676600e+05   2.4291992e+01
   4.3679200e+05   2.7587891e+01
   4.3686500e+05   2.3620605e+01
   4.3691900e+05   2.5268555e+01
   4.3698500e+05   2.3986816e+01
   4.3743100e+05   3.1005859e+01
   4.3755800e+05   2.3254395e+01
   4.3757000e+05   2.4353027e+01
   4.5294200e+05   2.3254395e+01
   4.5315600e+05   2.6428223e+01
   4.5338400e+05   2.4719238e+01
   4.5708000e+05   2.3498535e+01
   4.6708700e+05   2.4108887e+01
   4.7086400e+05   2.7221680e+01
   4.7290400e+05   2.4230957e+01
   4.7697000e+05   3.1066895e+01
   4.7728500e+05   3.2653809e+01
   4.7755600e+05   2.9357910e+01
   4.7778200e+05   3.3386230e+01
   4.7781100e+05   2.6123047e+01
   4.7797700e+05   2.6916504e+01
   4.7819200e+05   2.7526855e+01
   4.7838000e+05   2.8320312e+01
   4.8444600e+05   2.4963379e+01
   4.8477100e+05   2.8503418e+01
   4.8677600e+05   2.4963379e+01
   4.8701000e+05   3.3386230e+01
   4.9202100e+05   2.3986816e+01
   4.9235600e+05   2.5512695e+01
   4.9680900e+05   2.8686523e+01
   4.9706900e+05   3.3264160e+01
   4.9736700e+05   2.4719238e+01
   5.0158300e+05   2.6672363e+01
   5.0182100e+05   2.8808594e+01
   5.0203400e+05   2.5939941e+01
   5.0806000e+05   3.6804199e+01
   5.0825800e+05   2.7282715e+01
   5.0840600e+05   2.9296875e+01
   5.0858100e+05   3.0639648e+01
   5.0873300e+05   2.6977539e+01
   5.0888500e+05   2.3376465e+01
   5.0898000e+05   2.4353027e+01
   5.0901000e+05   3.4301758e+01
   5.0914800e+05   2.4536133e+01
   5.0922900e+05   2.3498535e+01
   5.0926100e+05   2.8381348e+01
   5.0938000e+05   2.4108887e+01
   5.0957100e+05   2.3559570e+01
   5.0993400e+05   2.5512695e+01
   5.1590200e+05   3.3447266e+01
   5.1938400e+05   2.7221680e+01
   5.1967800e+05   2.6489258e+01
   5.2016600e+05   3.0578613e+01
   5.2353500e+05   3.1433105e+01
   5.2786300e+05   3.6071777e+01
   5.2806800e+05   3.3325195e+01
   5.2828900e+05   2.8198242e+01
   5.3330900e+05   3.3325195e+01
   5.3350600e+05   3.5522461e+01
   5.3374200e+05   2.4719238e+01
   5.3856300e+05   3.8879395e+01
   5.3875600e+05   3.5522461e+01
   5.3900400e+05   2.8564453e+01
   5.4326200e+05   2.4780273e+01
   5.4682200e+05   2.8808594e+01
   5.4700800e+05   3.6376953e+01
   5.5232500e+05   2.4353027e+01
   5.5253300e+05   2.4780273e+01
   5.5254400e+05   2.8320312e+01
   5.5275900e+05   2.3925781e+01
   5.5679200e+05   3.1677246e+01
   5.6193600e+05   4.8583984e+01
   5.6214300e+05   3.3752441e+01
   5.6240900e+05   3.0456543e+01
   5.6820100e+05   3.6621094e+01
   5.6848200e+05   3.2470703e+01
   5.7439800e+05   2.8747559e+01
   5.7446000e+05   3.2836914e+01
   5.7467900e+05   3.1250000e+01
   5.7480500e+05   2.3498535e+01
   5.8056300e+05   3.1799316e+01
   5.8076400e+05   2.8198242e+01
   5.8083800e+05   2.9052734e+01
   5.8676600e+05   2.6977539e+01
   5.8701500e+05   2.8381348e+01
   5.9250000e+05   3.5766602e+01
   5.9842700e+05   2.9968262e+01
   5.9854300e+05   2.4047852e+01
   6.0451200e+05   3.1677246e+01
   6.0459200e+05   2.8503418e+01
   6.1282400e+05   4.1503906e+01
   6.1294200e+05   2.3681641e+01
   6.1302000e+05   3.1372070e+01
   6.1324100e+05   2.9357910e+01
   6.1354500e+05   2.9479980e+01
   6.2089300e+05   2.5817871e+01
   6.2091200e+05   2.5268555e+01
   6.2800900e+05   3.3569336e+01
   6.3353500e+05   4.1137695e+01
   6.4099400e+05   2.9541016e+01
   6.4100700e+05   3.0761719e+01
   6.4120800e+05   3.1677246e+01
   6.4901700e+05   3.4912109e+01
   6.4926600e+05   2.4047852e+01
   6.5651700e+05   2.7893066e+01
   6.5654100e+05   2.5024414e+01
   6.5664200e+05   2.4475098e+01
   6.5673900e+05   3.8574219e+01
   6.6250100e+05   2.3864746e+01
   6.6258900e+05   2.7709961e+01
   6.6269600e+05   2.3254395e+01
   6.6847100e+05   2.4902344e+01
   6.7535200e+05   4.3457031e+01
   6.8423000e+05   2.3620605e+01
   6.8427100e+05   2.3498535e+01
   6.8444800e+05   3.0212402e+01
   6.8481500e+05   2.3315430e+01
   6.9266600e+05   3.9794922e+01
   6.9289900e+05   3.3264160e+01
   7.0075200e+05   3.5949707e+01
   7.0076800e+05   2.8991699e+01
   7.1025900e+05   4.1442871e+01
   7.1040000e+05   2.3864746e+01
   7.2085500e+05   2.3742676e+01
   7.2093500e+05   2.9846191e+01
   7.2117000e+05   3.4912109e+01
   7.2129900e+05   2.7954102e+01
   7.2899400e+05   2.7099609e+01
   7.2900500e+05   4.2053223e+01
   7.3694000e+05   3.2958984e+01
   7.3696500e+05   2.4475098e+01
   7.4469400e+05   3.7841797e+01
   7.4482800e+05   2.4353027e+01
   7.5530100e+05   2.7893066e+01
   7.5534800e+05   2.5817871e+01
   7.5546400e+05   2.5451660e+01
   7.5553400e+05   3.0700684e+01
   7.6745300e+05   3.9978027e+01
   7.6770500e+05   4.1076660e+01
   7.6783100e+05   2.3376465e+01
   7.7901100e+05   2.4780273e+01
   7.7908600e+05   3.9062500e+01
   7.7929800e+05   2.7770996e+01
   7.9008700e+05   3.5827637e+01
   7.9019100e+05   2.9052734e+01
   7.9033400e+05   3.7963867e+01
   8.0283400e+05   2.6306152e+01
   8.0294600e+05   3.1433105e+01
   8.0305700e+05   2.9968262e+01
   8.1793900e+05   2.3620605e+01
   8.1801500e+05   3.3203125e+01
   8.1821500e+05   2.7099609e+01
   8.1822700e+05   2.4658203e+01
   8.1841400e+05   3.4057617e+01
   8.1846800e+05   2.4902344e+01
   9.9095700e+05   2.3254395e+01
   1.3483340e+06   2.8564453e+01
