   3.0000000e+06   0.0000000e+00
   3.9206700e+05   2.4658203e+01
   3.9211500e+05   2.3925781e+01
   3.9216800e+05   2.5817871e+01
   3.9218600e+05   4.1259766e+01
   3.9223400e+05   3.1066895e+01
   3.9225000e+05   2.6367188e+01
   3.9227200e+05   3.5095215e+01
   3.9229700e+05   4.0832520e+01
   3.9232700e+05   2.4963379e+01
   3.9237600e+05   2.7343750e+01
   3.9240900e+05   2.7526855e+01
   3.9245600e+05   2.4658203e+01
   3.9256900e+05   2.5085449e+01
   3.9300600e+05   2.5329590e+01
   3.9305900e+05   2.4719238e+01
   3.9314900e+05   2.4658203e+01
   3.9321600e+05   2.5146484e+01
   3.9360500e+05   2.4658203e+01
   3.9375100e+05   2.6428223e+01
   3.9419100e+05   2.4536133e+01
   3.9424000e+05   2.3925781e+01
   4.1273300e+05   2.3986816e+01
   4.3529100e+05   2.6000977e+01
   4.3562700e+05   3.8818359e+01
   4.3578900e+05   3.0639648e+01
   4.3581300e+05   2.5024414e+01
   4.3588300e+05   2.6611328e+01
   4.3591500e+05   2.6062012e+01
   4.3599400e+05   2.5939941e+01
   4.3603900e+05   2.3559570e+01
   4.3605600e+05   2.8259277e+01
   4.3608000e+05   2.5329590e+01
   4.3614800e+05   2.3620605e+01
   4.3621300e+05   2.3681641e+01
   4.3640100e+05   2.4780273e+01
   4.3698800e+05   2.5024414e+01
   4.3737100e+05   2.5146484e+01
   4.3816200e+05   2.3986816e+01
   4.9712500e+05   2.5207520e+01
   5.0852800e+05   2.4536133e+01
   5.0878400e+05   2.4414062e+01
   5.0928800e+05   2.5695801e+01
   5.3341200e+05   2.5268555e+01
   5.5233200e+05   2.5512695e+01
   5.6206000e+05   2.4719238e+01
   5.7431600e+05   2.4902344e+01
   5.7451000e+05   2.3803711e+01
   5.8055800e+05   2.4597168e+01
   5.8674600e+05   2.4719238e+01
   5.9843100e+05   2.3681641e+01
   6.0453600e+05   2.3620605e+01
   6.1277900e+05   2.3803711e+01
   6.4080700e+05   2.8442383e+01
   6.4095700e+05   2.4047852e+01
   6.6504200e+05   2.4597168e+01
   6.6815300e+05   2.5024414e+01
   6.6895200e+05   2.6916504e+01
   6.7516100e+05   2.4841309e+01
   6.7526200e+05   2.5207520e+01
   7.2113500e+05   2.6367188e+01
   7.4482000e+05   2.6245117e+01
   7.5532900e+05   2.4108887e+01
   7.5550300e+05   3.0334473e+01
   7.6747100e+05   2.6550293e+01
   7.9009500e+05   2.9724121e+01
   7.9015300e+05   2.3864746e+01
   8.0296800e+05   2.3559570e+01
   8.1802600e+05   2.3864746e+01
   8.1835300e+05   2.5207520e+01
