   3.0000000e+06   0.0000000e+00
   3.9205600e+05   2.8808594e+01
   3.9208800e+05   2.7282715e+01
   3.9211900e+05   2.8259277e+01
   3.9215400e+05   2.4658203e+01
   3.9219500e+05   6.7382812e+01
   3.9223700e+05   2.1850586e+01
   3.9225100e+05   5.5847168e+01
   3.9228500e+05   5.2185059e+01
   3.9231600e+05   3.2409668e+01
   3.9237000e+05   2.4780273e+01
   3.9240400e+05   2.2277832e+01
   3.9248100e+05   2.4658203e+01
   3.9257100e+05   2.1728516e+01
   3.9288600e+05   2.1179199e+01
   3.9295200e+05   2.3437500e+01
   3.9311400e+05   2.2888184e+01
   3.9315900e+05   2.0935059e+01
   3.9320000e+05   2.4658203e+01
   3.9324000e+05   2.3803711e+01
   3.9328700e+05   2.6062012e+01
   3.9343500e+05   2.3742676e+01
   3.9348800e+05   2.3986816e+01
   3.9354500e+05   2.2094727e+01
   3.9359300e+05   2.2216797e+01
   3.9370700e+05   2.5634766e+01
   3.9383000e+05   2.1606445e+01
   3.9388900e+05   2.4963379e+01
   3.9395100e+05   2.3071289e+01
   3.9405600e+05   2.7893066e+01
   3.9427700e+05   2.1728516e+01
   3.9437700e+05   2.8381348e+01
   3.9446600e+05   2.2033691e+01
   3.9454500e+05   2.3193359e+01
   3.9461800e+05   3.3813477e+01
   3.9467500e+05   2.1057129e+01
   3.9480800e+05   2.0935059e+01
   3.9485900e+05   3.1311035e+01
   3.9504400e+05   2.1301270e+01
   3.9513900e+05   2.4108887e+01
   3.9524700e+05   2.4475098e+01
   3.9538600e+05   2.9357910e+01
   3.9549300e+05   2.9724121e+01
   3.9565900e+05   2.3193359e+01
   3.9581600e+05   2.8747559e+01
   3.9592300e+05   2.5695801e+01
   3.9604000e+05   2.8320312e+01
   3.9678800e+05   3.1005859e+01
   3.9747100e+05   2.6062012e+01
   3.9796300e+05   2.8076172e+01
   3.9889000e+05   2.3376465e+01
   4.3548800e+05   3.3020020e+01
   4.3567700e+05   2.8015137e+01
   4.3571900e+05   2.0996094e+01
   4.3575000e+05   2.1484375e+01
   4.3577500e+05   3.1311035e+01
   4.3583100e+05   2.2521973e+01
   4.3584700e+05   5.3833008e+01
   4.3588300e+05   3.1250000e+01
   4.3589400e+05   2.4719238e+01
   4.3592500e+05   3.1494141e+01
   4.3593500e+05   4.9072266e+01
   4.3597100e+05   3.1433105e+01
   4.3599600e+05   5.3588867e+01
   4.3604600e+05   4.9804688e+01
   4.3607000e+05   2.9357910e+01
   4.3609400e+05   5.1452637e+01
   4.3613300e+05   2.8320312e+01
   4.3615400e+05   2.2644043e+01
   4.3617300e+05   2.1240234e+01
   4.3621500e+05   2.6184082e+01
   4.3625000e+05   3.1738281e+01
   4.3627900e+05   2.2155762e+01
   4.3633200e+05   2.5024414e+01
   4.3641800e+05   2.3742676e+01
   4.3643600e+05   2.2583008e+01
   4.3664100e+05   2.4169922e+01
   4.3668400e+05   2.1484375e+01
   4.3674200e+05   2.2583008e+01
   4.3679300e+05   2.3010254e+01
   4.3685100e+05   2.1545410e+01
   4.3691800e+05   3.0761719e+01
   4.3698300e+05   3.1005859e+01
   4.3704500e+05   2.7526855e+01
   4.3710600e+05   2.9418945e+01
   4.3714600e+05   2.1789551e+01
   4.3717500e+05   2.1484375e+01
   4.3723400e+05   2.5817871e+01
   4.3729900e+05   2.5939941e+01
   4.3735500e+05   2.1606445e+01
   4.3738100e+05   2.1362305e+01
   4.3745200e+05   2.1789551e+01
   4.3756900e+05   2.4169922e+01
   4.3767700e+05   3.1066895e+01
   4.3775800e+05   2.2338867e+01
   4.3777600e+05   2.5268555e+01
   4.3785100e+05   3.9123535e+01
   4.3793300e+05   3.6254883e+01
   4.3806300e+05   2.0935059e+01
   4.3819600e+05   2.5268555e+01
   4.3824000e+05   2.1118164e+01
   4.3828800e+05   2.5085449e+01
   4.3839300e+05   2.5268555e+01
   4.3849000e+05   2.6123047e+01
   4.3859000e+05   2.4963379e+01
   4.3868600e+05   2.3803711e+01
   4.3881200e+05   2.9968262e+01
   4.3892700e+05   3.2409668e+01
   4.3906000e+05   2.9663086e+01
   4.3920500e+05   2.9113770e+01
   4.3940400e+05   3.2775879e+01
   4.3949700e+05   2.8320312e+01
   4.3995800e+05   3.2531738e+01
   4.4069700e+05   2.7526855e+01
   4.7779600e+05   3.1494141e+01
   4.7822100e+05   4.1137695e+01
   5.0827700e+05   3.2897949e+01
   5.0848100e+05   2.7160645e+01
   5.0863300e+05   2.8869629e+01
   5.0873600e+05   3.5278320e+01
   5.0892400e+05   4.8339844e+01
   5.0902400e+05   3.0273437e+01
   5.0918500e+05   2.6550293e+01
   5.0929400e+05   3.0883789e+01
   5.0933200e+05   4.7912598e+01
   5.0943200e+05   2.5451660e+01
   5.0956300e+05   2.0996094e+01
   5.0958100e+05   5.9875488e+01
   5.3349900e+05   3.6560059e+01
   5.3875900e+05   3.3630371e+01
   5.6233000e+05   2.7832031e+01
   5.6826800e+05   2.3986816e+01
   5.7453500e+05   2.8137207e+01
   6.1288200e+05   2.7893066e+01
   6.1303700e+05   2.6855469e+01
   6.4099900e+05   3.1433105e+01
   6.4913100e+05   3.2958984e+01
   6.5381600e+05   3.3081055e+01
   6.5659700e+05   2.8686523e+01
   6.6808100e+05   3.6743164e+01
   6.7541600e+05   3.3691406e+01
   6.8429500e+05   2.7893066e+01
   6.8449300e+05   2.8930664e+01
   6.9291600e+05   2.5024414e+01
   7.1037100e+05   2.4169922e+01
   7.2097400e+05   2.6184082e+01
   7.2112200e+05   2.9541016e+01
   7.3690200e+05   2.9663086e+01
   7.5548300e+05   2.7465820e+01
   7.6751200e+05   2.5268555e+01
   7.6763700e+05   2.6489258e+01
   7.6777800e+05   2.6855469e+01
   7.7916500e+05   3.2165527e+01
   7.9014900e+05   2.6733398e+01
   8.0292300e+05   3.2348633e+01
   8.1807400e+05   3.0029297e+01
   8.1812300e+05   3.3508301e+01
   8.1838600e+05   2.6062012e+01
   2.1046630e+06   3.2714844e+01
