   5.9980000e+06   0.0000000e+00
   2.0425000e+04   2.8015137e+01
   2.1921000e+04   2.7832031e+01
   2.3581000e+04   2.9846191e+01
   2.5070000e+04   2.6916504e+01
   2.6076000e+04   2.6123047e+01
   1.3233900e+05   2.9907227e+01
   1.3619500e+05   1.9531250e+01
   3.4727200e+05   3.3691406e+01
   3.5054400e+05   2.7221680e+01
   3.6434800e+05   2.9296875e+01
   3.6706000e+05   2.5329590e+01
   3.6722600e+05   2.6611328e+01
   3.6805700e+05   2.7893066e+01
   3.6837500e+05   3.0334473e+01
   3.6853700e+05   2.6367188e+01
   3.6868300e+05   2.5146484e+01
   3.6888600e+05   2.8259277e+01
   3.6913100e+05   1.9470215e+01
   3.6939700e+05   2.4536133e+01
   3.6961800e+05   2.4841309e+01
   3.6985800e+05   2.1057129e+01
   3.7016800e+05   2.0507813e+01
   3.7041900e+05   2.5024414e+01
   5.0849100e+05   3.1921387e+01
   5.4853500e+05   3.0639648e+01
   5.4887700e+05   3.0639648e+01
   5.8579900e+05   2.5817871e+01
   7.1096100e+05   3.4484863e+01
   7.1099700e+05   1.9409180e+01
   8.3334300e+05   3.2897949e+01
   1.0123900e+06   2.0019531e+01
   1.0191950e+06   2.0446777e+01
   1.0354540e+06   1.9348145e+01
   1.1279630e+06   2.1118164e+01
   1.1432170e+06   2.1118164e+01
   1.1554350e+06   2.0935059e+01
   1.1729450e+06   2.0935059e+01
   1.1909540e+06   2.0202637e+01
   1.1909710e+06   2.3071289e+01
   1.1909980e+06   2.0202637e+01
   1.1910910e+06   3.2836914e+01
   1.1911480e+06   3.1860352e+01
   1.1912380e+06   3.1250000e+01
   1.2624500e+06   2.0996094e+01
   1.2625200e+06   2.0935059e+01
   1.3892050e+06   1.9897461e+01
   1.5294630e+06   2.7404785e+01
   1.5298060e+06   3.4362793e+01
   1.6512020e+06   3.0273438e+01
   1.6518050e+06   2.9602051e+01
   1.6584000e+06   2.9174805e+01
   1.6603500e+06   2.7160645e+01
   1.7908870e+06   2.6000977e+01
   1.7914980e+06   3.0212402e+01
   1.7918450e+06   2.5085449e+01
   1.7923200e+06   2.6428223e+01
   1.7926670e+06   2.5939941e+01
   1.7928950e+06   2.5024414e+01
   1.7930310e+06   2.5451660e+01
   1.7932300e+06   2.1179199e+01
   1.7933380e+06   2.4230957e+01
   1.7934270e+06   2.3010254e+01
   1.7935350e+06   2.5817871e+01
   1.7936830e+06   2.4719238e+01
   1.7937800e+06   2.4719238e+01
   1.7938810e+06   3.5522461e+01
   1.7940980e+06   2.5634766e+01
   1.7943620e+06   2.7832031e+01
   1.7944560e+06   2.6855469e+01
   1.7946090e+06   2.3925781e+01
   1.7948570e+06   2.6000977e+01
   1.7953040e+06   2.1850586e+01
   1.7955180e+06   2.0935059e+01
   1.7957300e+06   2.4047852e+01
   1.8480100e+06   2.4902344e+01
   1.8481590e+06   2.8259277e+01
   1.8485870e+06   2.7160645e+01
   1.8541820e+06   2.5939941e+01
   1.8543970e+06   2.7221680e+01
   1.8550020e+06   2.3742676e+01
   1.8563500e+06   2.8137207e+01
   1.8565120e+06   2.6062012e+01
   1.9451880e+06   2.5085449e+01
   1.9457870e+06   2.9418945e+01
   1.9460580e+06   2.4169922e+01
   1.9463700e+06   2.0080566e+01
   1.9465430e+06   2.4719238e+01
   1.9471610e+06   2.4902344e+01
   1.9472670e+06   2.8808594e+01
   1.9473980e+06   3.3935547e+01
   1.9477630e+06   2.5146484e+01
   1.9479780e+06   2.8930664e+01
   1.9480590e+06   2.4414063e+01
   1.9481460e+06   2.5878906e+01
   1.9482990e+06   2.8686523e+01
   1.9484220e+06   2.3620605e+01
   1.9485690e+06   2.7343750e+01
   1.9487040e+06   2.4536133e+01
   1.9489920e+06   2.9235840e+01
   1.9494750e+06   2.0996094e+01
   1.9497710e+06   2.5817871e+01
   1.9501310e+06   2.4108887e+01
   1.9505510e+06   2.4108887e+01
   1.9507800e+06   2.5939941e+01
   1.9508830e+06   2.3925781e+01
   1.9511060e+06   2.8320312e+01
   1.9513160e+06   2.7587891e+01
   1.9515410e+06   2.8442383e+01
   1.9517230e+06   2.5634766e+01
   1.9519280e+06   2.3864746e+01
   1.9529150e+06   3.1372070e+01
   2.1089570e+06   2.5085449e+01
   2.1090660e+06   2.4597168e+01
   2.1092550e+06   2.9785156e+01
   2.1093350e+06   2.4719238e+01
   2.1095400e+06   2.5512695e+01
   2.1456110e+06   1.9714355e+01
   2.3532110e+06   2.9296875e+01
   2.4576040e+06   2.0996094e+01
   2.5338730e+06   3.7231445e+01
   2.5347280e+06   3.3264160e+01
   2.6202090e+06   1.9348145e+01
   2.6843420e+06   2.6184082e+01
   2.6848630e+06   2.8503418e+01
   2.6857480e+06   3.0334473e+01
   2.7264350e+06   2.3498535e+01
   2.7269380e+06   2.1606445e+01
   2.7271180e+06   3.0151367e+01
   2.7273560e+06   2.0202637e+01
   2.7274270e+06   2.6977539e+01
   2.7277130e+06   2.4353027e+01
   2.7279570e+06   2.5329590e+01
   2.8602180e+06   2.5756836e+01
   2.8963830e+06   2.9235840e+01
   2.9772360e+06   3.3386230e+01
   3.0668410e+06   3.0273438e+01
   3.1468690e+06   1.9470215e+01
   3.1499770e+06   3.1188965e+01
   3.1693830e+06   2.6672363e+01
   3.2002570e+06   2.9907227e+01
   3.2395950e+06   3.1738281e+01
   3.2635550e+06   2.9724121e+01
   3.3000310e+06   2.8137207e+01
   3.3829780e+06   3.1127930e+01
   3.3884610e+06   2.9235840e+01
   3.4308750e+06   2.8320313e+01
   3.5070260e+06   3.0944824e+01
   3.5070810e+06   3.4362793e+01
   3.5467200e+06   2.4780273e+01
   3.5813280e+06   2.9235840e+01
   3.6197760e+06   2.8991699e+01
   3.6899190e+06   2.6672363e+01
   3.7577050e+06   2.3559570e+01
   3.7579580e+06   2.2827148e+01
   4.0471870e+06   1.9653320e+01
   4.0609530e+06   2.1789551e+01
   4.1039930e+06   2.3864746e+01
   4.1662300e+06   1.9836426e+01
   4.3760560e+06   1.9714355e+01
   4.5534090e+06   2.7282715e+01
   4.6046080e+06   3.0029297e+01
   4.7042240e+06   2.8137207e+01
   4.7045130e+06   2.8076172e+01
   4.7644160e+06   2.8625488e+01
   4.7896350e+06   2.5878906e+01
   4.8412310e+06   2.9235840e+01
   4.8415790e+06   2.7160645e+01
   4.8692410e+06   3.4301758e+01
   4.8881440e+06   2.7832031e+01
   4.9106620e+06   3.2043457e+01
   4.9112660e+06   2.6916504e+01
   4.9348010e+06   3.0334473e+01
   4.9350720e+06   3.1494141e+01
   4.9354700e+06   2.8381348e+01
   4.9565640e+06   3.1494141e+01
   4.9748580e+06   3.2287598e+01
   4.9857220e+06   2.3681641e+01
   4.9881480e+06   2.9113770e+01
   5.0061850e+06   3.1494141e+01
   5.0340250e+06   3.0578613e+01
   5.0565060e+06   3.1372070e+01
   5.0715860e+06   3.1616211e+01
   5.1035000e+06   3.0517578e+01
   5.1234590e+06   2.8381348e+01
   5.1386260e+06   2.8442383e+01
   5.1389120e+06   2.8747559e+01
   5.1571150e+06   2.8564453e+01
   5.1593840e+06   3.0334473e+01
   5.2144080e+06   2.6794434e+01
   5.2504100e+06   3.0456543e+01
   5.2688520e+06   2.8503418e+01
   5.2693460e+06   3.4667969e+01
   5.2700910e+06   2.4475098e+01
   5.3093990e+06   3.2287598e+01
   5.3686470e+06   3.3386230e+01
   5.3698910e+06   2.7343750e+01
   5.3867710e+06   3.0029297e+01
   5.3992390e+06   2.9357910e+01
   5.4172730e+06   2.8686523e+01
   5.4439740e+06   2.8076172e+01
   5.4594460e+06   3.3996582e+01
   5.4938610e+06   3.0273438e+01
   5.4948960e+06   3.3020020e+01
   5.5070890e+06   3.0395508e+01
   5.5080150e+06   2.6489258e+01
   5.5161160e+06   2.8503418e+01
   5.5411130e+06   2.4291992e+01
   5.5551020e+06   2.8442383e+01
   5.5828330e+06   2.9724121e+01
   5.5832650e+06   2.9602051e+01
   5.6868420e+06   3.1799316e+01
   5.6872300e+06   2.6306152e+01
   5.8419350e+06   2.7343750e+01
   5.8685230e+06   2.3437500e+01
   5.8685640e+06   3.5461426e+01
   5.8953590e+06   2.3010254e+01
   5.8954170e+06   1.9775391e+01
   5.8954450e+06   2.2033691e+01
   5.8955160e+06   2.9724121e+01
   5.9325940e+06   1.9775391e+01
   5.9433440e+06   2.0263672e+01
   5.9680570e+06   2.0446777e+01
   5.9806900e+06   2.6977539e+01
