   5.9980000e+06   0.0000000e+00
   7.9240000e+03   1.7456055e+01
   1.1587000e+04   1.9714355e+01
   1.2495000e+04   1.9409180e+01
   1.2683000e+04   1.8859863e+01
   1.8374000e+04   2.0751953e+01
   1.8569000e+04   1.9104004e+01
   1.8941000e+04   2.2949219e+01
   1.9144000e+04   1.8493652e+01
   1.9392000e+04   1.8798828e+01
   8.3920000e+04   1.7517090e+01
   1.1698100e+05   1.7761230e+01
   1.2920400e+05   1.9714355e+01
   1.3431400e+05   2.1606445e+01
   1.3439800e+05   2.0812988e+01
   1.3443600e+05   2.1179199e+01
   1.3456200e+05   1.8981934e+01
   1.3460900e+05   1.9165039e+01
   1.3507900e+05   1.7456055e+01
   1.3622000e+05   1.8737793e+01
   1.3873800e+05   1.9226074e+01
   1.3900700e+05   1.9836426e+01
   1.3907300e+05   1.8371582e+01
   1.3911600e+05   1.8249512e+01
   1.3956600e+05   1.7395020e+01
   1.3977500e+05   1.8676758e+01
   1.3983300e+05   1.7517090e+01
   1.4016800e+05   1.7578125e+01
   1.8872600e+05   1.7578125e+01
   1.9715100e+05   1.7578125e+01
   2.4213600e+05   1.8676758e+01
   2.4220300e+05   1.8066406e+01
   2.4229300e+05   1.9775391e+01
   2.4235400e+05   1.9653320e+01
   2.4245600e+05   1.9287109e+01
   2.4520000e+05   2.0568848e+01
   2.4587800e+05   1.7395020e+01
   2.4593900e+05   1.7883301e+01
   2.4599400e+05   2.2094727e+01
   2.4691600e+05   1.8737793e+01
   2.4847400e+05   1.7883301e+01
   2.5054600e+05   1.8859863e+01
   2.5179400e+05   2.0202637e+01
   2.5301500e+05   1.7578125e+01
   3.6005400e+05   1.9897461e+01
   3.6008200e+05   1.9470215e+01
   3.6021300e+05   1.9470215e+01
   3.6386700e+05   1.9042969e+01
   3.6423800e+05   1.8371582e+01
   3.6437900e+05   1.7883301e+01
   3.6751300e+05   1.9531250e+01
   3.6897500e+05   1.8737793e+01
   5.0864500e+05   1.7395020e+01
   5.8307100e+05   1.8066406e+01
   5.8370800e+05   1.8554688e+01
   5.8376900e+05   1.8310547e+01
   5.8395700e+05   1.7639160e+01
   5.8406300e+05   2.0996094e+01
   5.8443700e+05   2.1606445e+01
   5.8467400e+05   1.8371582e+01
   5.8500800e+05   1.8615723e+01
   5.8570700e+05   1.7761230e+01
   5.8601200e+05   1.7761230e+01
   5.8766600e+05   1.8676758e+01
   6.1529400e+05   1.7822266e+01
   7.1285300e+05   1.8615723e+01
   7.3818200e+05   1.8737793e+01
   7.3895200e+05   1.7883301e+01
   7.3904700e+05   1.8188477e+01
   7.3908800e+05   2.0202637e+01
   7.3982600e+05   1.8493652e+01
   7.4047100e+05   1.8127441e+01
   7.4067900e+05   1.8371582e+01
   7.4322800e+05   1.7883301e+01
   7.4447700e+05   1.7761230e+01
   7.8581000e+05   1.8432617e+01
   7.8582100e+05   1.7639160e+01
   7.8588400e+05   1.8249512e+01
   8.8902900e+05   2.3803711e+01
   9.0625000e+05   1.8371582e+01
   9.3073100e+05   1.7395020e+01
   9.4895500e+05   1.7456055e+01
   9.5031500e+05   1.8554688e+01
   9.5347600e+05   1.8493652e+01
   9.6084800e+05   1.8859863e+01
   9.8324700e+05   1.7395020e+01
   1.0423140e+06   1.9104004e+01
   1.0474420e+06   1.7883301e+01
   1.0623110e+06   1.7517090e+01
   1.0639930e+06   1.7761230e+01
   1.0641570e+06   1.8005371e+01
   1.0641670e+06   1.9165039e+01
   1.0888220e+06   1.7517090e+01
   1.0959810e+06   1.8249512e+01
   1.1046600e+06   1.9348145e+01
   1.1046900e+06   1.7761230e+01
   1.1047530e+06   1.7395020e+01
   1.1176290e+06   1.8066406e+01
   1.1176610e+06   4.2053223e+01
   1.1278910e+06   2.0202637e+01
   1.1279070e+06   2.9357910e+01
   1.1279260e+06   2.3254395e+01
   1.1279660e+06   2.1972656e+01
   1.1280110e+06   5.2124023e+01
   1.1280360e+06   2.3010254e+01
   1.1281100e+06   1.8981934e+01
   1.1340370e+06   3.1555176e+01
   1.1388390e+06   2.9174805e+01
   1.1388710e+06   1.8554688e+01
   1.1411100e+06   1.7883301e+01
   1.1432300e+06   3.0273438e+01
   1.1433210e+06   2.5085449e+01
   1.1433380e+06   1.7761230e+01
   1.1462140e+06   1.9226074e+01
   1.1463510e+06   3.2775879e+01
   1.1553940e+06   3.7231445e+01
   1.1554200e+06   1.8493652e+01
   1.1554360e+06   1.9104004e+01
   1.1554550e+06   2.7587891e+01
   1.1554940e+06   2.1667480e+01
   1.1555110e+06   2.2949219e+01
   1.1555630e+06   1.8432617e+01
   1.1558450e+06   2.2216797e+01
   1.1559650e+06   2.2094727e+01
   1.1562840e+06   2.4536133e+01
   1.1565930e+06   1.8615723e+01
   1.1571120e+06   1.8188477e+01
   1.1618890e+06   3.0578613e+01
   1.1619010e+06   1.9653320e+01
   1.1619780e+06   2.4536133e+01
   1.1651720e+06   2.9968262e+01
   1.1652330e+06   2.1301270e+01
   1.1652680e+06   2.3132324e+01
   1.1653350e+06   1.8676758e+01
   1.1656190e+06   1.9836426e+01
   1.1685830e+06   3.3264160e+01
   1.1686560e+06   2.5268555e+01
   1.1686700e+06   2.7770996e+01
   1.1687520e+06   2.1057129e+01
   1.1690070e+06   1.8615723e+01
   1.1691730e+06   1.9897461e+01
   1.1693660e+06   1.9409180e+01
   1.1696360e+06   1.7883301e+01
   1.1729260e+06   2.3559570e+01
   1.1729620e+06   2.7770996e+01
   1.1729910e+06   1.7578125e+01
   1.1730330e+06   2.8503418e+01
   1.1730490e+06   1.8066406e+01
   1.1730940e+06   2.2888184e+01
   1.1731070e+06   1.9409180e+01
   1.1731530e+06   2.1057129e+01
   1.1732160e+06   1.8127441e+01
   1.1736330e+06   2.1972656e+01
   1.1736830e+06   2.2827148e+01
   1.1739250e+06   1.7578125e+01
   1.1741920e+06   1.7639160e+01
   1.1743350e+06   1.9104004e+01
   1.1744670e+06   1.8493652e+01
   1.1746550e+06   1.9165039e+01
   1.1748710e+06   1.8005371e+01
   1.1750600e+06   1.8005371e+01
   1.1753340e+06   1.8188477e+01
   1.1773380e+06   2.0874023e+01
   1.1774490e+06   1.9958496e+01
   1.1777230e+06   1.7639160e+01
   1.1802030e+06   2.5573730e+01
   1.1802580e+06   2.5024414e+01
   1.1803130e+06   2.3864746e+01
   1.1803400e+06   2.0935059e+01
   1.1909150e+06   2.5146484e+01
   1.1909500e+06   3.1921387e+01
   1.1909680e+06   1.9836426e+01
   1.1909920e+06   2.4047852e+01
   1.1910100e+06   2.0629883e+01
   1.1915080e+06   1.9714355e+01
   1.1922350e+06   1.7517090e+01
   1.1925610e+06   1.8127441e+01
   1.1928150e+06   1.9042969e+01
   1.1931290e+06   2.1728516e+01
   1.1932730e+06   1.8981934e+01
   1.1952240e+06   2.0874023e+01
   1.1957560e+06   2.3742676e+01
   1.1967090e+06   2.4475098e+01
   1.1967880e+06   1.8798828e+01
   1.1968090e+06   2.1850586e+01
   1.1968390e+06   2.2155762e+01
   1.1970030e+06   2.1789551e+01
   1.1996570e+06   2.3803711e+01
   1.1996950e+06   3.0029297e+01
   1.1997410e+06   2.2033691e+01
   1.1997730e+06   1.7700195e+01
   1.1998200e+06   1.9958496e+01
   1.2004340e+06   1.7517090e+01
   1.2006870e+06   1.7883301e+01
   1.2008760e+06   1.8249512e+01
   1.2010590e+06   1.9592285e+01
   1.2012800e+06   2.0690918e+01
   1.2016710e+06   2.0202637e+01
   1.2047250e+06   2.4963379e+01
   1.2047440e+06   1.8371582e+01
   1.2047730e+06   2.5085449e+01
   1.2048040e+06   2.0080566e+01
   1.2048210e+06   2.8686523e+01
   1.2048520e+06   2.2644043e+01
   1.2049000e+06   1.8554688e+01
   1.2049510e+06   1.8554688e+01
   1.2050790e+06   1.7822266e+01
   1.2065540e+06   1.7761230e+01
   1.2068130e+06   1.7761230e+01
   1.2070760e+06   1.9470215e+01
   1.2623330e+06   3.1005859e+01
   1.2623550e+06   3.9794922e+01
   1.2623700e+06   2.9602051e+01
   1.2624130e+06   1.9653320e+01
   1.2624670e+06   1.8676758e+01
   1.2629750e+06   1.7395020e+01
   1.2631030e+06   1.7883301e+01
   1.2631590e+06   2.2155762e+01
   1.2634180e+06   1.8127441e+01
   1.2636590e+06   1.8554688e+01
   1.2637740e+06   2.0690918e+01
   1.2643410e+06   1.7761230e+01
   1.2644700e+06   2.0324707e+01
   1.2646320e+06   2.0446777e+01
   1.2647700e+06   1.7578125e+01
   1.2648870e+06   1.9165039e+01
   1.2652430e+06   1.7456055e+01
   1.2653560e+06   1.7883301e+01
   1.2656000e+06   1.7883301e+01
   1.2657280e+06   1.7761230e+01
   1.2662790e+06   1.9287109e+01
   1.2664490e+06   1.9409180e+01
   1.2667660e+06   1.8249512e+01
   1.2669080e+06   1.7517090e+01
   1.2679050e+06   1.7517090e+01
   1.2681120e+06   1.9775391e+01
   1.2684630e+06   1.7395020e+01
   1.2689470e+06   1.7395020e+01
   1.2697790e+06   1.8127441e+01
   1.2698050e+06   1.7578125e+01
   1.2699680e+06   2.1362305e+01
   1.2849770e+06   3.2043457e+01
   1.2850110e+06   2.8076172e+01
   1.2850240e+06   2.6306152e+01
   1.2850750e+06   2.4353027e+01
   1.2852550e+06   1.9897461e+01
   1.2856520e+06   2.0751953e+01
   1.2870440e+06   1.7517090e+01
   1.2872260e+06   1.8127441e+01
   1.2874050e+06   1.8432617e+01
   1.2877400e+06   1.8066406e+01
   1.2879260e+06   1.7700195e+01
   1.2881590e+06   1.8005371e+01
   1.2883510e+06   1.9775391e+01
   1.2887300e+06   1.8798828e+01
   1.2889670e+06   1.7883301e+01
   1.2892630e+06   2.0019531e+01
   1.2901160e+06   2.1423340e+01
   1.2903000e+06   2.0202637e+01
   1.2905530e+06   1.7944336e+01
   1.2908200e+06   2.8198242e+01
   1.2908410e+06   1.9714355e+01
   1.3637630e+06   1.7883301e+01
   1.3638100e+06   3.3264160e+01
   1.3638440e+06   2.4902344e+01
   1.3638730e+06   3.0517578e+01
   1.3641020e+06   2.7221680e+01
   1.3643440e+06   2.4475098e+01
   1.3646480e+06   2.6306152e+01
   1.3647990e+06   2.3620605e+01
   1.3882740e+06   2.4902344e+01
   1.3883580e+06   2.7038574e+01
   1.3885990e+06   2.6123047e+01
   1.3887160e+06   2.2094727e+01
   1.3890460e+06   2.6977539e+01
   1.3895020e+06   3.1677246e+01
   1.4167350e+06   3.0761719e+01
   1.4170370e+06   2.6184082e+01
   1.4174300e+06   2.6367188e+01
   1.4463710e+06   3.1066895e+01
   1.4467520e+06   2.6733398e+01
   1.4647260e+06   3.0761719e+01
   1.4732850e+06   2.9907227e+01
   1.4739940e+06   2.3132324e+01
   1.4947280e+06   2.2888184e+01
   1.4948610e+06   2.5512695e+01
   1.5281010e+06   2.1911621e+01
   1.5283430e+06   2.0080566e+01
   1.5284030e+06   1.9714355e+01
   1.5926320e+06   1.7761230e+01
   1.5926890e+06   1.7883301e+01
   1.5928780e+06   2.1911621e+01
   1.5932410e+06   1.9104004e+01
   1.5934000e+06   1.9531250e+01
   1.5939340e+06   1.8127441e+01
   1.6214220e+06   1.7395020e+01
   1.6301270e+06   1.7761230e+01
   1.6306280e+06   2.0080566e+01
   1.6306480e+06   1.7517090e+01
   1.6313010e+06   2.0141602e+01
   1.6587750e+06   1.8981934e+01
   1.6588860e+06   2.0019531e+01
   1.6590670e+06   1.7578125e+01
   1.6849690e+06   1.7639160e+01
   1.6984390e+06   1.8249512e+01
   1.6985140e+06   1.8066406e+01
   1.6985570e+06   2.3681641e+01
   1.6986470e+06   1.7578125e+01
   1.7001560e+06   1.8676758e+01
   1.7002090e+06   2.2155762e+01
   1.7016220e+06   1.8859863e+01
   1.7020340e+06   1.7822266e+01
   1.7046020e+06   1.8005371e+01
   1.7399450e+06   1.8432617e+01
   1.7836170e+06   1.8737793e+01
   1.7836430e+06   2.0019531e+01
   1.7836880e+06   2.1728516e+01
   1.7879870e+06   1.7456055e+01
   1.7881310e+06   2.1850586e+01
   1.7921690e+06   1.7517090e+01
   1.8224760e+06   1.9470215e+01
   1.8441440e+06   1.9470215e+01
   1.8441580e+06   2.0019531e+01
   1.8447580e+06   2.2888184e+01
   1.8449970e+06   1.9897461e+01
   1.8450850e+06   2.2949219e+01
   1.8457010e+06   1.8615723e+01
   1.8475410e+06   1.8615723e+01
   1.8489890e+06   1.7456055e+01
   1.8491740e+06   1.9592285e+01
   1.8498630e+06   1.8493652e+01
   1.8514850e+06   1.7761230e+01
   1.9193020e+06   1.7456055e+01
   1.9408700e+06   1.8188477e+01
   1.9409500e+06   1.8798828e+01
   1.9414840e+06   1.7395020e+01
   1.9416930e+06   1.7822266e+01
   1.9435630e+06   1.8188477e+01
   1.9439060e+06   1.9165039e+01
   1.9441280e+06   1.8493652e+01
   1.9441790e+06   1.7883301e+01
   2.0362730e+06   2.4353027e+01
   2.0364120e+06   2.1789551e+01
   2.0365090e+06   2.1850586e+01
   2.0369170e+06   1.7639160e+01
   2.0391440e+06   1.7822266e+01
   2.1046350e+06   1.8798828e+01
   2.1046940e+06   1.7456055e+01
   2.1047500e+06   1.7822266e+01
   2.1051010e+06   1.7395020e+01
   2.1053050e+06   2.6062012e+01
   2.1101880e+06   2.0629883e+01
   2.1235730e+06   1.9165039e+01
   2.1395560e+06   1.7395020e+01
   2.2012980e+06   1.8920898e+01
   2.2013980e+06   1.8920898e+01
   2.2015240e+06   1.8005371e+01
   2.2015340e+06   3.0395508e+01
   2.2016080e+06   1.9409180e+01
   2.2020980e+06   2.2033691e+01
   2.2026000e+06   1.7395020e+01
   2.2037010e+06   1.7578125e+01
   2.2045970e+06   2.1362305e+01
   2.2052120e+06   2.0385742e+01
   2.3027610e+06   1.7395020e+01
   2.3426980e+06   1.8127441e+01
   2.3493260e+06   2.4169922e+01
   2.3494360e+06   1.8432617e+01
   2.3497660e+06   1.8615723e+01
   2.3498910e+06   2.6367188e+01
   2.3502060e+06   1.9714355e+01
   2.3502960e+06   1.9042969e+01
   2.3504330e+06   1.8859863e+01
   2.3504700e+06   2.1606445e+01
   2.3506410e+06   1.8127441e+01
   2.3511870e+06   1.7822266e+01
   2.3515100e+06   1.7456055e+01
   2.3518370e+06   1.7883301e+01
   2.3519510e+06   2.0019531e+01
   2.3743950e+06   1.7944336e+01
   2.4128320e+06   1.8554688e+01
   2.4572620e+06   1.8737793e+01
   2.4574030e+06   1.9531250e+01
   2.4574690e+06   1.7883301e+01
   2.4574990e+06   2.4353027e+01
   2.4575800e+06   2.1911621e+01
   2.4579400e+06   1.8859863e+01
   2.4581080e+06   1.7822266e+01
   2.4582250e+06   1.9897461e+01
   2.5253170e+06   1.7822266e+01
   2.5575640e+06   2.1911621e+01
   2.5582610e+06   2.2094727e+01
   2.5584920e+06   1.9897461e+01
   2.5585180e+06   1.9592285e+01
   2.5585330e+06   2.1301270e+01
   2.5591650e+06   1.7883301e+01
   2.5594830e+06   1.9714355e+01
   2.5603700e+06   1.7822266e+01
   2.6136680e+06   1.8310547e+01
   2.6230160e+06   1.7761230e+01
   2.6235820e+06   2.0874023e+01
   2.6238390e+06   2.0446777e+01
   2.6245460e+06   2.1728516e+01
   2.6263730e+06   1.8005371e+01
   2.6421530e+06   1.7639160e+01
   2.6605070e+06   1.9653320e+01
   2.6810780e+06   1.8981934e+01
   2.6813070e+06   2.0812988e+01
   2.6813340e+06   2.1179199e+01
   2.6814420e+06   1.9897461e+01
   2.7209230e+06   2.0141602e+01
   2.7210170e+06   2.3864746e+01
   2.7212160e+06   1.8188477e+01
   2.7213860e+06   1.8066406e+01
   2.7214240e+06   1.7761230e+01
   2.7216230e+06   1.9287109e+01
   2.7232900e+06   2.4902344e+01
   2.7241910e+06   2.1301270e+01
   2.7246770e+06   1.8127441e+01
   2.7257500e+06   2.1240234e+01
   2.7640820e+06   1.7456055e+01
   2.7749190e+06   2.3132324e+01
   2.7750450e+06   2.1423340e+01
   2.7751780e+06   1.8310547e+01
   2.7752780e+06   2.0141602e+01
   2.7753610e+06   1.7822266e+01
   2.7863370e+06   1.8432617e+01
   2.8065340e+06   2.2033691e+01
   2.8066280e+06   2.0507812e+01
   2.8066890e+06   2.0141602e+01
   2.8304330e+06   1.8676758e+01
   2.8306010e+06   1.7395020e+01
   2.8306120e+06   1.8859863e+01
   2.8312780e+06   2.1362305e+01
   2.8315280e+06   1.8554688e+01
   2.8317310e+06   1.7883301e+01
   2.9238860e+06   2.2277832e+01
   2.9240170e+06   2.6123047e+01
   2.9241640e+06   1.7395020e+01
   2.9242610e+06   1.7517090e+01
   2.9242710e+06   1.8798828e+01
   2.9902850e+06   1.8371582e+01
   3.0363340e+06   2.0935059e+01
   3.0365190e+06   1.9836426e+01
   3.0368970e+06   2.1484375e+01
   3.0371100e+06   1.8920898e+01
   3.0373250e+06   1.9958496e+01
   3.0375150e+06   2.1362305e+01
   3.0665710e+06   2.2338867e+01
   3.0823870e+06   1.9104004e+01
   3.1171160e+06   1.9592285e+01
   3.1940460e+06   1.8371582e+01
   3.2002710e+06   1.8127441e+01
   3.2003510e+06   1.8554688e+01
   3.5073140e+06   1.7395020e+01
   3.5236340e+06   1.7517090e+01
   3.5663240e+06   1.8249512e+01
   3.6176600e+06   1.8981934e+01
   3.6178580e+06   1.8249512e+01
   3.6182540e+06   1.9409180e+01
   3.6187490e+06   2.0751953e+01
   3.6236340e+06   1.8798828e+01
   3.6391010e+06   1.7456055e+01
   3.6576140e+06   2.0629883e+01
   3.6637450e+06   2.2827148e+01
   3.6641150e+06   2.1423340e+01
   3.6643860e+06   2.1301270e+01
   3.6650290e+06   1.7639160e+01
   3.6651450e+06   1.9042969e+01
   3.6732760e+06   1.9592285e+01
   3.6734460e+06   1.7578125e+01
   3.6735430e+06   1.8432617e+01
   3.6766620e+06   1.9287109e+01
   3.6837830e+06   1.8859863e+01
   3.6987260e+06   1.7944336e+01
   3.7134430e+06   1.7883301e+01
   3.7277220e+06   1.7517090e+01
   3.7306030e+06   1.7700195e+01
   3.7307630e+06   1.9409180e+01
   3.7567970e+06   1.8188477e+01
   3.7722300e+06   2.2583008e+01
   3.7849350e+06   1.7700195e+01
   3.8036210e+06   1.7578125e+01
   3.8037890e+06   2.0874023e+01
   3.8323410e+06   2.0385742e+01
   3.8324250e+06   1.8737793e+01
   3.8535080e+06   1.9409180e+01
   3.8607070e+06   1.8188477e+01
   3.8630110e+06   1.7578125e+01
   3.8921300e+06   1.9287109e+01
   3.8921620e+06   1.9165039e+01
   3.8954020e+06   1.7944336e+01
   3.8988270e+06   1.7639160e+01
   3.8988920e+06   1.7395020e+01
   3.9137440e+06   1.7944336e+01
   3.9139360e+06   1.8005371e+01
   3.9175750e+06   2.0629883e+01
   3.9291130e+06   2.2033691e+01
   3.9291470e+06   1.7883301e+01
   3.9407620e+06   1.8554688e+01
   3.9465340e+06   1.8249512e+01
   3.9658300e+06   1.7395020e+01
   3.9779360e+06   1.7517090e+01
   3.9873160e+06   1.8127441e+01
   3.9874210e+06   1.8554688e+01
   3.9933280e+06   1.8066406e+01
   3.9934150e+06   2.2094727e+01
   4.0017810e+06   1.9226074e+01
   4.0116280e+06   2.1606445e+01
   4.0181930e+06   1.8920898e+01
   4.0242160e+06   1.7517090e+01
   4.0405490e+06   1.9714355e+01
   4.0470220e+06   1.8981934e+01
   4.0697210e+06   1.8249512e+01
   4.0697550e+06   1.7578125e+01
   4.0774440e+06   1.8798828e+01
   4.0774980e+06   2.0996094e+01
   4.0934350e+06   1.8920898e+01
   4.0995410e+06   1.8066406e+01
   4.1040320e+06   1.7883301e+01
   4.1201640e+06   1.8005371e+01
   4.1201920e+06   1.8615723e+01
   4.1202870e+06   1.8737793e+01
   4.1203440e+06   1.9104004e+01
   4.1797730e+06   1.7456055e+01
   4.1798170e+06   1.7944336e+01
   4.1798410e+06   1.9042969e+01
   4.1881210e+06   1.8005371e+01
   4.1971240e+06   2.0324707e+01
   4.2036760e+06   1.7761230e+01
   4.2109550e+06   1.9470215e+01
   4.2110650e+06   1.7700195e+01
   4.2110840e+06   1.7517090e+01
   4.2199910e+06   1.7761230e+01
   4.2281660e+06   1.7395020e+01
   4.2282160e+06   2.1362305e+01
   4.2282780e+06   1.7456055e+01
   4.2283030e+06   1.8859863e+01
   4.2284910e+06   1.8188477e+01
   4.2381050e+06   2.0141602e+01
   4.2486440e+06   1.9592285e+01
   4.2486800e+06   2.0935059e+01
   4.2487450e+06   2.1484375e+01
   4.2487830e+06   3.1921387e+01
   4.2591590e+06   1.8432617e+01
   4.2593790e+06   3.9489746e+01
   4.2594870e+06   1.7944336e+01
   4.2694520e+06   3.3020020e+01
   4.2694830e+06   1.7456055e+01
   4.2695670e+06   3.0883789e+01
   4.2696130e+06   1.7395020e+01
   4.2789340e+06   1.8249512e+01
   4.2789620e+06   1.7517090e+01
   4.2789870e+06   3.2592773e+01
   4.2790140e+06   1.7578125e+01
   4.2790660e+06   4.0039062e+01
   4.2791500e+06   3.0700684e+01
   4.2792070e+06   2.7038574e+01
   4.2903000e+06   1.7761230e+01
   4.2903120e+06   2.6550293e+01
   4.2903280e+06   1.7517090e+01
   4.2903610e+06   1.8371582e+01
   4.2903740e+06   3.1433105e+01
   4.2904380e+06   3.1127930e+01
   4.2904690e+06   2.2094727e+01
   4.2904930e+06   4.1564941e+01
   4.2905920e+06   2.2338867e+01
   4.2907440e+06   2.7099609e+01
   4.3015170e+06   1.7883301e+01
   4.3015420e+06   3.1127930e+01
   4.3015690e+06   1.9714355e+01
   4.3016020e+06   2.3620605e+01
   4.3016140e+06   2.0141602e+01
   4.3016730e+06   2.8747559e+01
   4.3017080e+06   1.8615723e+01
   4.3017510e+06   2.6550293e+01
   4.3018240e+06   2.0690918e+01
   4.3020690e+06   1.8066406e+01
   4.3022350e+06   2.3925781e+01
   4.3023620e+06   1.9897461e+01
   4.3026020e+06   2.1118164e+01
   4.3112290e+06   3.2714844e+01
   4.3112640e+06   1.7883301e+01
   4.3112790e+06   2.2338867e+01
   4.3113300e+06   2.1057129e+01
   4.3113500e+06   3.3447266e+01
   4.3113830e+06   2.4841309e+01
   4.3114080e+06   2.0690918e+01
   4.3118280e+06   1.7639160e+01
   4.3120940e+06   2.1118164e+01
   4.3122660e+06   1.8859863e+01
   4.3124050e+06   1.9592285e+01
   4.3126230e+06   2.0446777e+01
   4.3128480e+06   1.8554688e+01
   4.3130460e+06   2.2094727e+01
   4.3132290e+06   2.4353027e+01
   4.3134390e+06   2.2949219e+01
   4.3220150e+06   2.7648926e+01
   4.3220320e+06   2.1789551e+01
   4.3220620e+06   2.4597168e+01
   4.3220990e+06   3.6865234e+01
   4.3221100e+06   1.8554688e+01
   4.3221470e+06   2.1789551e+01
   4.3222010e+06   2.1789551e+01
   4.3225350e+06   1.8737793e+01
   4.3225900e+06   1.8066406e+01
   4.3226450e+06   2.4108887e+01
   4.3233850e+06   1.7639160e+01
   4.3235120e+06   2.0080566e+01
   4.3236520e+06   1.9775391e+01
   4.3237820e+06   2.0568848e+01
   4.3239500e+06   2.0080566e+01
   4.3240890e+06   1.8493652e+01
   4.3242780e+06   2.0080566e+01
   4.3244660e+06   1.9226074e+01
   4.3246260e+06   1.9042969e+01
   4.3248080e+06   1.9104004e+01
   4.3250190e+06   1.7944336e+01
   4.3252310e+06   2.0446777e+01
   4.3254210e+06   1.9531250e+01
   4.3256640e+06   1.7456055e+01
   4.3270140e+06   1.8737793e+01
   4.3272870e+06   1.8981934e+01
   4.3275830e+06   1.7761230e+01
   4.3279570e+06   1.8005371e+01
   4.3353700e+06   2.4780273e+01
   4.3354160e+06   2.6123047e+01
   4.3354380e+06   2.5024414e+01
   4.3354830e+06   2.8808594e+01
   4.3355330e+06   2.1179199e+01
   4.3356740e+06   1.7456055e+01
   4.3361270e+06   1.9226074e+01
   4.3364330e+06   1.8615723e+01
   4.3369310e+06   1.9958496e+01
   4.3375530e+06   1.8493652e+01
   4.3377790e+06   1.8249512e+01
   4.3379990e+06   1.9592285e+01
   4.3457210e+06   2.3803711e+01
   4.3459140e+06   2.3559570e+01
   4.3459570e+06   1.8005371e+01
   4.3459860e+06   1.7578125e+01
   4.3460100e+06   1.9836426e+01
   4.3460500e+06   1.8493652e+01
   4.3460830e+06   2.0690918e+01
   4.3461090e+06   1.8005371e+01
   4.3461600e+06   2.0996094e+01
   4.3466640e+06   2.1850586e+01
   4.3468140e+06   1.8981934e+01
   4.3472740e+06   2.1545410e+01
   4.3476780e+06   1.8676758e+01
   4.3478440e+06   1.7395020e+01
   4.3483650e+06   2.2460938e+01
   4.3486030e+06   1.9226074e+01
   4.3488290e+06   1.9226074e+01
   4.3493110e+06   1.8981934e+01
   4.3496460e+06   1.9226074e+01
   4.3539150e+06   2.4597168e+01
   4.3542890e+06   2.5207520e+01
   4.3546730e+06   2.2827148e+01
   4.3548450e+06   2.3742676e+01
   4.3548860e+06   1.8066406e+01
   4.3549520e+06   2.3925781e+01
   4.3549640e+06   2.4719238e+01
   4.3550480e+06   3.1616211e+01
   4.3551350e+06   1.9653320e+01
   4.3556300e+06   1.9714355e+01
   4.3559900e+06   1.7700195e+01
   4.3563340e+06   1.9165039e+01
   4.3566090e+06   1.8432617e+01
   4.3569730e+06   2.1545410e+01
   4.3573060e+06   2.1484375e+01
   4.3617310e+06   2.3315430e+01
   4.3633020e+06   2.4780273e+01
   4.3635040e+06   1.8981934e+01
   4.3637620e+06   2.2277832e+01
   4.3638900e+06   2.5390625e+01
   4.3639260e+06   2.8564453e+01
   4.3639880e+06   2.0263672e+01
   4.3640080e+06   1.9836426e+01
   4.3640340e+06   2.3986816e+01
   4.3641050e+06   2.0690918e+01
   4.3641850e+06   1.7639160e+01
   4.3642490e+06   1.9775391e+01
   4.3650600e+06   1.9653320e+01
   4.3654740e+06   2.4658203e+01
   4.3663080e+06   1.7822266e+01
   4.3668300e+06   1.7761230e+01
   4.3673480e+06   1.8310547e+01
   4.3683110e+06   2.1057129e+01
   4.3689180e+06   2.8076172e+01
   4.3691300e+06   2.2827148e+01
   4.3695850e+06   1.9470215e+01
   4.3698700e+06   1.7578125e+01
   4.3703250e+06   1.7883301e+01
   4.3737730e+06   2.5146484e+01
   4.3752420e+06   2.5634766e+01
   4.3755770e+06   2.1362305e+01
   4.3757450e+06   1.7395020e+01
   4.3758120e+06   1.7822266e+01
   4.3758230e+06   3.0700684e+01
   4.3758560e+06   1.8737793e+01
   4.3759060e+06   2.4169922e+01
   4.3759780e+06   2.1850586e+01
   4.3760590e+06   1.9775391e+01
   4.3767370e+06   1.9165039e+01
   4.3774880e+06   1.8371582e+01
   4.3777330e+06   2.0385742e+01
   4.3780420e+06   1.9714355e+01
   4.3832760e+06   2.5634766e+01
   4.3840060e+06   2.3742676e+01
   4.3842010e+06   1.8737793e+01
   4.3844140e+06   2.0874023e+01
   4.3845110e+06   2.0019531e+01
   4.3845290e+06   2.1606445e+01
   4.3846610e+06   2.5451660e+01
   4.3850190e+06   1.7639160e+01
   4.3857040e+06   1.7700195e+01
   4.3861660e+06   1.8615723e+01
   4.3933980e+06   2.1301270e+01
   4.3936360e+06   2.2155762e+01
   4.3944310e+06   2.5207520e+01
   4.3945250e+06   2.4169922e+01
   4.3945940e+06   2.8259277e+01
   4.3946120e+06   1.9775391e+01
   4.3947310e+06   2.6916504e+01
   4.3954250e+06   1.7578125e+01
   4.3957250e+06   1.9104004e+01
   4.3961280e+06   1.8554688e+01
   4.4085920e+06   2.9418945e+01
   4.4086220e+06   1.9409180e+01
   4.4086380e+06   2.7893066e+01
   4.4086960e+06   1.9165039e+01
   4.4087130e+06   1.8615723e+01
   4.4088300e+06   1.9897461e+01
   4.4089920e+06   2.2583008e+01
   4.4092880e+06   1.8371582e+01
   4.4094050e+06   1.8127441e+01
   4.4095400e+06   2.1057129e+01
   4.4096610e+06   1.9104004e+01
   4.4098370e+06   2.0141602e+01
   4.4100050e+06   1.8371582e+01
   4.4102200e+06   2.1240234e+01
   4.4104690e+06   2.1789551e+01
   4.4290890e+06   3.1555176e+01
   4.4291320e+06   2.6184082e+01
   4.4291460e+06   2.8320313e+01
   4.4292690e+06   1.9409180e+01
   4.4293790e+06   1.8920898e+01
   4.4294640e+06   1.8493652e+01
   4.4295530e+06   1.8432617e+01
   4.4296530e+06   1.7883301e+01
   4.4297400e+06   2.2521973e+01
   4.4298470e+06   2.2460938e+01
   4.4299630e+06   2.2277832e+01
   4.4300900e+06   2.0751953e+01
   4.4302430e+06   1.9836426e+01
   4.4303840e+06   2.1728516e+01
   4.4305830e+06   1.8432617e+01
   4.4308410e+06   1.8615723e+01
   4.4483680e+06   2.5512695e+01
   4.4484120e+06   2.3498535e+01
   4.4486060e+06   1.7517090e+01
   4.4486550e+06   1.7700195e+01
   4.4487160e+06   1.8249512e+01
   4.4488870e+06   2.0385742e+01
   4.4490000e+06   1.9531250e+01
   4.4491150e+06   2.1179199e+01
   4.4492260e+06   2.2277832e+01
   4.4493660e+06   1.9104004e+01
   4.4494990e+06   2.0446777e+01
   4.4497750e+06   2.4230957e+01
   4.4848130e+06   2.7038574e+01
   4.4848510e+06   1.9226074e+01
   4.4848620e+06   2.9846191e+01
   4.4849030e+06   2.1606445e+01
   4.4849180e+06   2.9418945e+01
   4.4849720e+06   2.0019531e+01
   4.4850470e+06   2.1911621e+01
   4.4851450e+06   2.0324707e+01
   4.4852480e+06   2.1545410e+01
   4.4853910e+06   2.5634766e+01
   4.4855020e+06   2.3132324e+01
   4.4856260e+06   2.3193359e+01
   4.4858240e+06   1.9836426e+01
   4.5266460e+06   2.9907227e+01
   4.5267200e+06   2.3986816e+01
   4.5268350e+06   3.0273438e+01
   4.5269380e+06   2.3376465e+01
   4.5270380e+06   2.4719238e+01
   4.5271980e+06   2.4780273e+01
   4.5273560e+06   2.7465820e+01
   4.5276880e+06   2.5634766e+01
   4.5279880e+06   2.5939941e+01
   4.5588750e+06   2.5756836e+01
   4.5590220e+06   2.5024414e+01
   4.5592720e+06   2.8625488e+01
   4.5597680e+06   2.6855469e+01
   4.5601350e+06   2.4902344e+01
   4.5604380e+06   2.3742676e+01
   4.5605780e+06   1.9714355e+01
   4.7527110e+06   1.8554688e+01
   4.7646280e+06   1.8676758e+01
   4.8380260e+06   1.7395020e+01
   4.8493020e+06   2.3620605e+01
   4.8649210e+06   1.7639160e+01
   4.9338600e+06   1.8615723e+01
   4.9340150e+06   1.9897461e+01
   4.9356730e+06   1.7883301e+01
   4.9357230e+06   1.9897461e+01
   4.9357970e+06   1.7822266e+01
   4.9557490e+06   1.8981934e+01
   5.0142230e+06   2.3437500e+01
   5.0144000e+06   1.9348145e+01
   5.0144340e+06   1.9165039e+01
   5.0145410e+06   1.8005371e+01
   5.0738950e+06   2.5085449e+01
   5.1052190e+06   1.7517090e+01
   5.1392320e+06   1.8737793e+01
   5.1392480e+06   1.8432617e+01
   5.1394760e+06   1.7883301e+01
   5.1583590e+06   1.8615723e+01
   5.1585160e+06   1.9653320e+01
   5.1821210e+06   2.3559570e+01
   5.2491590e+06   1.7517090e+01
   5.2672090e+06   1.8554688e+01
   5.2675700e+06   1.8615723e+01
   5.2677180e+06   1.8066406e+01
   5.2681640e+06   2.0324707e+01
   5.2682260e+06   1.8432617e+01
   5.2684760e+06   1.8554688e+01
   5.3094340e+06   2.1606445e+01
   5.3107360e+06   1.7395020e+01
   5.3298870e+06   2.1484375e+01
   5.3299360e+06   2.2399902e+01
   5.3528990e+06   1.8737793e+01
   5.3531470e+06   2.2216797e+01
   5.3872420e+06   1.7883301e+01
   5.3876070e+06   2.0874023e+01
   5.3985770e+06   1.9470215e+01
   5.4441450e+06   2.0263672e+01
   5.4442880e+06   1.9287109e+01
   5.4443960e+06   1.8981934e+01
   5.4598560e+06   2.0202637e+01
   5.4775960e+06   1.8493652e+01
   5.4776780e+06   2.1667480e+01
   5.4778500e+06   2.1484375e+01
   5.4951050e+06   2.1484375e+01
   5.4958890e+06   1.7761230e+01
   5.5211990e+06   1.7822266e+01
   5.5212500e+06   3.2348633e+01
   5.5213160e+06   1.8249512e+01
   5.5215430e+06   2.2216797e+01
   5.5386720e+06   1.9348145e+01
   5.5535330e+06   2.1423340e+01
   5.5537290e+06   1.9287109e+01
   5.5538140e+06   2.4230957e+01
   5.5717100e+06   1.9165039e+01
   5.5717870e+06   1.9165039e+01
   5.5718450e+06   2.2155762e+01
   5.5721100e+06   1.7700195e+01
   5.5723360e+06   2.1118164e+01
   5.5725430e+06   1.9836426e+01
   5.5727810e+06   1.9104004e+01
   5.5848660e+06   1.8066406e+01
   5.6001960e+06   2.1423340e+01
   5.6003050e+06   2.2155762e+01
   5.6004180e+06   1.8493652e+01
   5.6160040e+06   2.2583008e+01
   5.6160850e+06   1.7883301e+01
   5.6161260e+06   2.1362305e+01
   5.6164150e+06   1.9836426e+01
   5.6260370e+06   2.3437500e+01
   5.6416300e+06   2.1606445e+01
   5.6417860e+06   1.8920898e+01
   5.6418150e+06   1.7517090e+01
   5.6561290e+06   2.2521973e+01
   5.6562470e+06   1.9653320e+01
   5.6563880e+06   1.9042969e+01
   5.6704650e+06   2.0751953e+01
   5.6705100e+06   2.0690918e+01
   5.6706860e+06   1.9348145e+01
   5.6835570e+06   1.8005371e+01
   5.6840420e+06   1.7822266e+01
   5.6957140e+06   1.9775391e+01
   5.6957830e+06   2.8869629e+01
   5.6958630e+06   1.7822266e+01
   5.6959970e+06   2.3498535e+01
   5.6968520e+06   1.8981934e+01
   5.7080920e+06   2.2583008e+01
   5.7081900e+06   1.7395020e+01
   5.7196560e+06   2.0202637e+01
   5.7197280e+06   1.8005371e+01
   5.7197880e+06   2.1545410e+01
   5.7205840e+06   1.7395020e+01
   5.7207490e+06   2.0324707e+01
   5.7208620e+06   1.8920898e+01
   5.7210890e+06   2.0385742e+01
   5.7229560e+06   1.8554688e+01
   5.7328820e+06   1.9897461e+01
   5.7332350e+06   1.9104004e+01
   5.7335970e+06   1.9165039e+01
   5.7338510e+06   1.8310547e+01
   5.7355790e+06   1.9287109e+01
   5.7373140e+06   1.7700195e+01
   5.7378570e+06   1.8310547e+01
   5.7388520e+06   1.9409180e+01
   5.7455430e+06   2.1972656e+01
   5.7458180e+06   1.8554688e+01
   5.7462690e+06   1.7700195e+01
   5.7468210e+06   1.7456055e+01
   5.7470270e+06   1.7822266e+01
   5.7555950e+06   2.3254395e+01
   5.7615850e+06   2.1484375e+01
   5.7698890e+06   2.3559570e+01
   5.7739010e+06   1.7517090e+01
   5.7771970e+06   1.8859863e+01
   5.7772270e+06   1.7883301e+01
   5.7793040e+06   1.7578125e+01
   5.7849040e+06   1.9653320e+01
   5.7850160e+06   1.9592285e+01
   5.8019000e+06   1.8859863e+01
   5.8019480e+06   2.1850586e+01
   5.8020330e+06   2.1179199e+01
   5.8065130e+06   1.9958496e+01
   5.8065840e+06   1.9226074e+01
   5.8119360e+06   1.8249512e+01
   5.8119910e+06   1.8371582e+01
   5.8121060e+06   1.8310547e+01
   5.8175410e+06   2.0568848e+01
   5.8176310e+06   2.3010254e+01
   5.8176740e+06   1.8615723e+01
   5.8244020e+06   2.3620605e+01
   5.8244420e+06   2.0507812e+01
   5.8244640e+06   1.8554688e+01
   5.8294390e+06   1.9226074e+01
   5.8416760e+06   1.9592285e+01
   5.8418090e+06   1.7456055e+01
   5.8419470e+06   1.8188477e+01
   5.8419950e+06   1.8859863e+01
   5.8514570e+06   1.8310547e+01
   5.8515220e+06   2.0202637e+01
   5.8515480e+06   2.2766113e+01
   5.8515930e+06   2.2338867e+01
   5.8517470e+06   1.8981934e+01
   5.8684630e+06   1.8310547e+01
   5.8685210e+06   1.7944336e+01
   5.8685440e+06   1.7456055e+01
   5.8685830e+06   1.8493652e+01
   5.8860140e+06   2.1545410e+01
   5.8953760e+06   1.8920898e+01
   5.8954120e+06   1.7883301e+01
   5.8954410e+06   1.8310547e+01
   5.8957300e+06   1.8066406e+01
   5.9076220e+06   2.0324707e+01
   5.9152260e+06   2.0385742e+01
   5.9152860e+06   1.8493652e+01
   5.9154040e+06   2.0263672e+01
   5.9154540e+06   1.8615723e+01
   5.9282840e+06   1.8615723e+01
   5.9326350e+06   1.9165039e+01
   5.9433730e+06   1.7761230e+01
   5.9433950e+06   2.2521973e+01
   5.9434170e+06   2.2766113e+01
   5.9434930e+06   1.9287109e+01
   5.9679780e+06   2.1118164e+01
   5.9680000e+06   1.9836426e+01
   5.9680640e+06   1.8310547e+01
   5.9681680e+06   2.4719238e+01
   5.9805540e+06   1.7761230e+01
   5.9807130e+06   1.8676758e+01
   5.9879050e+06   1.8188477e+01
   5.9879760e+06   2.0202637e+01
   5.9880220e+06   1.7761230e+01
   5.9952200e+06   1.7822266e+01
   5.9953210e+06   1.8432617e+01
