   5.9980000e+06   0.0000000e+00
   1.1749000e+04   3.5705566e+01
   1.1957000e+04   3.2775879e+01
   1.1972000e+04   1.9775391e+01
   1.2251000e+04   3.6926270e+01
   1.2563000e+04   3.2653809e+01
   1.2573000e+04   1.9531250e+01
   1.2710000e+04   3.2836914e+01
   1.2724000e+04   1.6967773e+01
   1.2843000e+04   3.2348633e+01
   1.2937000e+04   1.8249512e+01
   1.3060000e+04   2.1789551e+01
   1.3107000e+04   1.7272949e+01
   1.3189000e+04   3.2043457e+01
   1.3463000e+04   1.9592285e+01
   1.3483000e+04   3.3508301e+01
   1.3737000e+04   1.7028809e+01
   1.3763000e+04   3.5705566e+01
   1.3897000e+04   3.0883789e+01
   1.3922000e+04   2.4719238e+01
   1.4126000e+04   3.0334473e+01
   1.4755000e+04   3.0456543e+01
   1.4900000e+04   3.8818359e+01
   1.5526000e+04   3.5644531e+01
   1.5617000e+04   1.7944336e+01
   1.5787000e+04   4.2846680e+01
   1.6129000e+04   3.8085938e+01
   1.7009000e+04   3.5583496e+01
   1.7359000e+04   1.9775391e+01
   1.7388000e+04   3.8696289e+01
   1.7462000e+04   1.9287109e+01
   1.7573000e+04   1.6479492e+01
   1.7788000e+04   3.6254883e+01
   1.7801000e+04   1.7272949e+01
   1.8297000e+04   1.8859863e+01
   1.8854000e+04   1.8859863e+01
   1.9187000e+04   2.8015137e+01
   1.9427000e+04   2.0080566e+01
   8.3928000e+04   3.4545898e+01
   8.3962000e+04   1.9287109e+01
   8.4003000e+04   2.0385742e+01
   1.3435500e+05   1.7028809e+01
   1.3436700e+05   4.3212891e+01
   1.3457200e+05   1.9470215e+01
   1.3459100e+05   3.6071777e+01
   1.3471800e+05   1.7272949e+01
   1.3473900e+05   1.7333984e+01
   1.3485200e+05   3.6987305e+01
   1.3489900e+05   1.6540527e+01
   1.3493600e+05   1.6784668e+01
   1.3512600e+05   3.4729004e+01
   1.3514700e+05   2.3132324e+01
   1.3518700e+05   1.7761230e+01
   1.3525300e+05   3.5766602e+01
   1.3555500e+05   1.8798828e+01
   1.3568800e+05   3.8330078e+01
   1.3582600e+05   3.3874512e+01
   1.3594300e+05   3.7170410e+01
   1.3622100e+05   3.3142090e+01
   1.3630700e+05   3.6743164e+01
   1.3651600e+05   1.8493652e+01
   1.3667000e+05   4.2846680e+01
   1.3691100e+05   3.2592773e+01
   1.3694800e+05   2.5695801e+01
   1.3708600e+05   1.6784668e+01
   1.3712300e+05   3.1433105e+01
   1.3714100e+05   2.8259277e+01
   1.3720700e+05   1.8066406e+01
   1.3803100e+05   1.8310547e+01
   1.3895600e+05   1.8371582e+01
   1.3900100e+05   3.7719727e+01
   1.3901700e+05   2.3071289e+01
   1.3966600e+05   3.3691406e+01
   1.3983200e+05   2.0385742e+01
   1.3993700e+05   1.9958496e+01
   1.3998600e+05   2.1118164e+01
   1.4004300e+05   3.6315918e+01
   1.4025100e+05   1.6357422e+01
   1.4034000e+05   1.9226074e+01
   1.4097000e+05   3.6865234e+01
   1.4142300e+05   1.8188477e+01
   2.0356500e+05   1.7456055e+01
   2.4033400e+05   1.6540527e+01
   2.4193600e+05   1.7395020e+01
   2.4198900e+05   1.6540527e+01
   2.4220200e+05   4.2541504e+01
   2.4227100e+05   4.0710449e+01
   2.4237700e+05   3.8696289e+01
   2.4258600e+05   1.8981934e+01
   2.4261300e+05   2.9174805e+01
   2.4267800e+05   1.8920898e+01
   2.4273200e+05   1.7395020e+01
   2.4286100e+05   3.4851074e+01
   2.4288000e+05   2.0996094e+01
   2.4298300e+05   3.5278320e+01
   2.4316300e+05   3.6682129e+01
   2.4340100e+05   3.2165527e+01
   2.4343800e+05   1.9897461e+01
   2.4347300e+05   2.7404785e+01
   2.4351800e+05   1.8310547e+01
   2.4382100e+05   3.6315918e+01
   2.4384300e+05   1.8371582e+01
   2.4403300e+05   1.8981934e+01
   2.4408300e+05   4.0039062e+01
   2.4423100e+05   1.9775391e+01
   2.4424300e+05   2.8259277e+01
   2.4431000e+05   1.8676758e+01
   2.4480800e+05   1.6662598e+01
   2.4493000e+05   1.6662598e+01
   2.4498900e+05   2.5268555e+01
   2.4500000e+05   1.8920898e+01
   2.4518900e+05   3.6071777e+01
   2.4521100e+05   1.9836426e+01
   2.4552200e+05   3.6315918e+01
   2.4586600e+05   4.0344238e+01
   2.4588700e+05   1.6479492e+01
   2.4593200e+05   1.6845703e+01
   2.4597700e+05   2.3132324e+01
   2.4599700e+05   1.7456055e+01
   2.4614100e+05   4.2114258e+01
   2.4656000e+05   1.6601562e+01
   2.4703300e+05   3.4912109e+01
   2.4714900e+05   1.6601562e+01
   2.4717200e+05   3.6315918e+01
   2.4720700e+05   1.6357422e+01
   2.4735800e+05   3.6254883e+01
   2.4739500e+05   2.0202637e+01
   2.4758100e+05   3.6132812e+01
   2.4771100e+05   1.8859863e+01
   2.4796100e+05   3.0456543e+01
   2.4804300e+05   2.1606445e+01
   2.4826600e+05   3.0822754e+01
   2.4845500e+05   1.7700195e+01
   2.4846800e+05   3.9978027e+01
   2.4851600e+05   1.7944336e+01
   2.4863800e+05   3.4606934e+01
   2.4865900e+05   1.9958496e+01
   2.4890800e+05   3.6071777e+01
   2.4893500e+05   1.9409180e+01
   2.4916600e+05   2.0324707e+01
   2.4934800e+05   1.6845703e+01
   2.4965900e+05   3.5583496e+01
   2.4969400e+05   2.1301270e+01
   2.4991000e+05   3.4362793e+01
   2.5056600e+05   3.5644531e+01
   2.5060300e+05   1.6540527e+01
   2.5124400e+05   3.4912109e+01
   3.4534300e+05   1.6357422e+01
   3.6010400e+05   4.1687012e+01
   3.6016700e+05   2.1972656e+01
   3.6018500e+05   2.0629883e+01
   3.6022000e+05   1.8127441e+01
   3.6057500e+05   1.6845703e+01
   3.6073100e+05   3.7475586e+01
   3.6086500e+05   3.3203125e+01
   3.6088300e+05   1.8066406e+01
   3.6104000e+05   3.5827637e+01
   3.6105600e+05   1.8554688e+01
   3.6116900e+05   3.0212402e+01
   3.6119300e+05   1.9897461e+01
   3.6148600e+05   4.4189453e+01
   3.6150900e+05   2.0385742e+01
   3.6161200e+05   1.8066406e+01
   3.6174400e+05   4.8889160e+01
   3.6182600e+05   2.0690918e+01
   3.6196600e+05   1.9287109e+01
   3.6201000e+05   1.6235352e+01
   3.6210100e+05   1.8981934e+01
   3.6237700e+05   3.5461426e+01
   3.6247900e+05   3.3691406e+01
   3.6271600e+05   2.6489258e+01
   3.6275200e+05   3.5217285e+01
   3.6281900e+05   1.9531250e+01
   3.6283600e+05   3.4790039e+01
   3.6287100e+05   1.7211914e+01
   3.6317700e+05   3.9733887e+01
   3.6324400e+05   2.0385742e+01
   3.6339100e+05   1.8432617e+01
   3.6341100e+05   3.0395508e+01
   3.6358400e+05   1.9714355e+01
   3.6366200e+05   3.2775879e+01
   3.6367200e+05   1.9287109e+01
   3.6392000e+05   3.7231445e+01
   3.6394800e+05   1.7517090e+01
   3.6406600e+05   4.7912598e+01
   3.6410600e+05   2.0874023e+01
   3.6422000e+05   3.3874512e+01
   3.6432400e+05   2.7282715e+01
   3.6447800e+05   3.2653809e+01
   3.6462300e+05   1.8859863e+01
   3.6464700e+05   2.5085449e+01
   3.6482900e+05   3.5461426e+01
   3.6498600e+05   2.3864746e+01
   3.6512000e+05   1.7089844e+01
   3.6543600e+05   3.5888672e+01
   3.6563300e+05   3.1066895e+01
   3.6578700e+05   3.6376953e+01
   3.6580400e+05   2.1179199e+01
   3.6595000e+05   1.8554688e+01
   3.6601800e+05   3.7109375e+01
   3.6605400e+05   2.0324707e+01
   3.6618900e+05   2.9663086e+01
   3.6625300e+05   1.8981934e+01
   3.6639400e+05   2.5573730e+01
   3.6644900e+05   1.8005371e+01
   3.6657500e+05   1.7761230e+01
   3.6663000e+05   2.6855469e+01
   3.6666100e+05   1.7944336e+01
   3.6675800e+05   2.3620605e+01
   3.6679600e+05   1.9104004e+01
   3.6693400e+05   2.9418945e+01
   3.6711800e+05   1.7028809e+01
   3.6716800e+05   2.5451660e+01
   3.6721200e+05   1.6845703e+01
   3.6737100e+05   1.6601562e+01
   3.6741800e+05   3.0029297e+01
   3.6743100e+05   1.6906738e+01
   3.6755900e+05   1.8798828e+01
   3.6786900e+05   1.9531250e+01
   3.6788300e+05   2.6184082e+01
   3.6801400e+05   1.8859863e+01
   3.6802900e+05   3.0639648e+01
   3.6821500e+05   1.9104004e+01
   3.6824000e+05   3.2653809e+01
   3.6842900e+05   1.6540527e+01
   3.6849600e+05   3.3020020e+01
   3.6853400e+05   1.6845703e+01
   3.6867000e+05   3.3447266e+01
   3.6869900e+05   1.6662598e+01
   3.6896300e+05   2.2888184e+01
   3.6915800e+05   2.9052734e+01
   3.6938800e+05   3.8513184e+01
   3.6966100e+05   3.8452148e+01
   3.6990400e+05   1.7944336e+01
   4.2733200e+05   2.1423340e+01
   4.4141700e+05   1.7517090e+01
   4.5538100e+05   1.7211914e+01
   5.0865200e+05   1.9897461e+01
   5.0871800e+05   1.6601562e+01
   5.3165400e+05   2.1606445e+01
   5.3169000e+05   1.6540527e+01
   5.4987700e+05   1.6601562e+01
   5.7119600e+05   1.6418457e+01
   5.7125400e+05   1.7456055e+01
   5.8300600e+05   3.5583496e+01
   5.8308600e+05   1.8188477e+01
   5.8311600e+05   1.8310547e+01
   5.8401400e+05   1.8859863e+01
   5.8403900e+05   3.7963867e+01
   5.8413800e+05   1.7944336e+01
   5.8415300e+05   3.3569336e+01
   5.8435800e+05   4.6752930e+01
   5.8437100e+05   1.8066406e+01
   5.8449600e+05   1.7395020e+01
   5.8480700e+05   1.8249512e+01
   5.8487600e+05   3.7048340e+01
   5.8497900e+05   1.6723633e+01
   5.8525900e+05   3.7597656e+01
   5.8530900e+05   3.4667969e+01
   5.8534500e+05   1.7395020e+01
   5.8546800e+05   3.7841797e+01
   5.8554300e+05   1.7639160e+01
   5.8561300e+05   1.7272949e+01
   5.8566800e+05   3.3691406e+01
   5.8585100e+05   1.7456055e+01
   5.8586600e+05   4.3884277e+01
   5.8596700e+05   3.1982422e+01
   5.8601300e+05   1.9714355e+01
   5.8605600e+05   3.2653809e+01
   5.8610800e+05   1.7272949e+01
   5.8679200e+05   3.8940430e+01
   5.8705400e+05   3.2531738e+01
   5.8743700e+05   1.9714355e+01
   6.3997200e+05   1.7395020e+01
   6.3998700e+05   2.0080566e+01
   6.5897300e+05   1.8920898e+01
   6.7187600e+05   1.8981934e+01
   6.7448100e+05   1.6235352e+01
   6.7457400e+05   1.8432617e+01
   6.7465500e+05   1.6357422e+01
   6.9210700e+05   2.0568848e+01
   6.9212300e+05   1.6235352e+01
   7.0833600e+05   1.8005371e+01
   7.0867600e+05   1.7395020e+01
   7.1231000e+05   1.6601562e+01
   7.1240000e+05   1.7395020e+01
   7.1291300e+05   1.7639160e+01
   7.2935800e+05   1.9592285e+01
   7.3902400e+05   3.6376953e+01
   7.3905200e+05   1.6296387e+01
   7.3907500e+05   1.7211914e+01
   7.3911300e+05   3.5766602e+01
   7.3922700e+05   2.0507812e+01
   7.3927200e+05   3.5156250e+01
   7.3932700e+05   1.6418457e+01
   7.3944600e+05   2.6306152e+01
   7.3965200e+05   5.4016113e+01
   7.3987500e+05   3.3447266e+01
   7.3988600e+05   1.8737793e+01
   7.4011900e+05   3.7231445e+01
   7.4035000e+05   3.2897949e+01
   7.4037600e+05   1.7700195e+01
   7.4066400e+05   3.6865234e+01
   7.4198200e+05   2.3498535e+01
   7.4199500e+05   1.8737793e+01
   7.4203900e+05   1.6601562e+01
   7.4217600e+05   4.0649414e+01
   7.4222100e+05   1.9226074e+01
   7.4232300e+05   3.8940430e+01
   7.4236100e+05   2.1911621e+01
   7.4246900e+05   3.7475586e+01
   7.4301200e+05   1.7211914e+01
   7.4305100e+05   1.6784668e+01
   7.4328500e+05   3.7658691e+01
   7.4330900e+05   2.0935059e+01
   7.4337900e+05   3.0273438e+01
   7.4349400e+05   2.1057129e+01
   7.4355300e+05   1.6967773e+01
   7.8348900e+05   1.9287109e+01
   7.8582700e+05   4.4555664e+01
   7.8595500e+05   2.3071289e+01
   7.8598200e+05   3.5949707e+01
   7.8605100e+05   2.0507812e+01
   7.8608300e+05   3.3264160e+01
   7.8618400e+05   3.1005859e+01
   8.2879800e+05   1.9958496e+01
   8.2884000e+05   2.2399902e+01
   8.5072800e+05   1.7028809e+01
   8.5569800e+05   1.8005371e+01
   8.5577700e+05   1.7700195e+01
   8.5589800e+05   1.6418457e+01
   8.7745300e+05   1.7639160e+01
   8.7755300e+05   1.6784668e+01
   8.8977400e+05   1.7211914e+01
   8.8989000e+05   1.7333984e+01
   9.1921800e+05   1.7333984e+01
   9.3216300e+05   1.7089844e+01
   9.3221400e+05   1.8737793e+01
   9.3421000e+05   1.8310547e+01
   9.3426100e+05   1.8859863e+01
   9.3434200e+05   1.8249512e+01
   9.5356700e+05   2.0385742e+01
   9.5358900e+05   1.9104004e+01
   9.6708100e+05   1.7517090e+01
   9.6716700e+05   1.8859863e+01
   9.8323600e+05   2.0507812e+01
   9.9389800e+05   1.8005371e+01
   9.9399000e+05   2.2521973e+01
   9.9404400e+05   1.7211914e+01
   1.0123530e+06   1.8920898e+01
   1.0124930e+06   1.8920898e+01
   1.0157580e+06   1.7944336e+01
   1.0189850e+06   1.7517090e+01
   1.0192090e+06   1.6357422e+01
   1.0354040e+06   1.9287109e+01
   1.0354450e+06   1.8798828e+01
   1.0354690e+06   1.9653320e+01
   1.0355550e+06   1.9592285e+01
   1.0421410e+06   1.7578125e+01
   1.0421790e+06   1.9348145e+01
   1.0422420e+06   2.0812988e+01
   1.0471110e+06   1.7822266e+01
   1.0471960e+06   1.6418457e+01
   1.0472470e+06   1.8249512e+01
   1.0640040e+06   3.2470703e+01
   1.0640340e+06   1.6540527e+01
   1.0640600e+06   1.9104004e+01
   1.0640700e+06   1.7272949e+01
   1.0641010e+06   1.6540527e+01
   1.0641280e+06   1.6418457e+01
   1.0642050e+06   2.0080566e+01
   1.0684480e+06   1.7333984e+01
   1.0708360e+06   1.7456055e+01
   1.0803210e+06   1.6662598e+01
   1.0803610e+06   1.6235352e+01
   1.0803960e+06   2.1118164e+01
   1.0804260e+06   1.6723633e+01
   1.0804560e+06   2.2460938e+01
   1.0804930e+06   3.0273438e+01
   1.0805040e+06   1.7395020e+01
   1.0805570e+06   1.7517090e+01
   1.0808690e+06   1.7700195e+01
   1.0856170e+06   1.6540527e+01
   1.0886930e+06   1.6723633e+01
   1.0887250e+06   1.8066406e+01
   1.0935690e+06   1.9409180e+01
   1.0936280e+06   1.7944336e+01
   1.0936930e+06   1.6845703e+01
   1.0959700e+06   1.7272949e+01
   1.1046640e+06   1.6906738e+01
   1.1047030e+06   1.7944336e+01
   1.1047280e+06   4.1564941e+01
   1.1047390e+06   2.5085449e+01
   1.1047640e+06   2.3010254e+01
   1.1047890e+06   1.6296387e+01
   1.1048050e+06   2.1423340e+01
   1.1048530e+06   1.9165039e+01
   1.1051690e+06   1.8249512e+01
   1.1052620e+06   1.6723633e+01
   1.1053570e+06   1.8249512e+01
   1.1054760e+06   2.0019531e+01
   1.1115840e+06   1.9897461e+01
   1.1116010e+06   1.7456055e+01
   1.1116460e+06   2.0202637e+01
   1.1136850e+06   1.6601563e+01
   1.1137150e+06   1.6906738e+01
   1.1137770e+06   1.6845703e+01
   1.1157240e+06   1.7028809e+01
   1.1158830e+06   1.6235352e+01
   1.1176420e+06   1.7150879e+01
   1.1176730e+06   1.8066406e+01
   1.1177290e+06   1.6845703e+01
   1.1278760e+06   2.1667480e+01
   1.1279220e+06   1.9287109e+01
   1.1280460e+06   1.6479492e+01
   1.1281030e+06   2.3315430e+01
   1.1284670e+06   1.6601562e+01
   1.1285230e+06   1.8005371e+01
   1.1287610e+06   1.6906738e+01
   1.1292290e+06   1.7150879e+01
   1.1340000e+06   2.7404785e+01
   1.1340870e+06   1.6845703e+01
   1.1341060e+06   1.7883301e+01
   1.1341220e+06   2.4597168e+01
   1.1346850e+06   1.6845703e+01
   1.1348750e+06   1.7456055e+01
   1.1352310e+06   1.7456055e+01
   1.1354270e+06   1.6601563e+01
   1.1359810e+06   1.8188477e+01
   1.1361930e+06   1.9531250e+01
   1.1367910e+06   1.7211914e+01
   1.1375050e+06   1.8920898e+01
   1.1387960e+06   1.7395020e+01
   1.1389090e+06   1.7089844e+01
   1.1409360e+06   1.8859863e+01
   1.1431660e+06   1.7089844e+01
   1.1432520e+06   2.3132324e+01
   1.1432820e+06   2.0324707e+01
   1.1462950e+06   1.9531250e+01
   1.1463060e+06   1.7578125e+01
   1.1463370e+06   1.7822266e+01
   1.1463950e+06   1.7639160e+01
   1.1553990e+06   1.7639160e+01
   1.1554320e+06   4.4921875e+01
   1.1554840e+06   2.3559570e+01
   1.1555070e+06   2.8198242e+01
   1.1555850e+06   1.9165039e+01
   1.1556120e+06   1.6357422e+01
   1.1556410e+06   1.8249512e+01
   1.1557700e+06   1.9531250e+01
   1.1558210e+06   1.8371582e+01
   1.1558970e+06   1.7456055e+01
   1.1559110e+06   1.7150879e+01
   1.1559870e+06   2.1850586e+01
   1.1560400e+06   2.0996094e+01
   1.1564130e+06   1.6723633e+01
   1.1568980e+06   1.6235352e+01
   1.1619190e+06   1.7150879e+01
   1.1620210e+06   1.8615723e+01
   1.1620620e+06   1.8432617e+01
   1.1621850e+06   1.7639160e+01
   1.1624070e+06   1.6296387e+01
   1.1626510e+06   1.6540527e+01
   1.1629750e+06   1.7211914e+01
   1.1651550e+06   1.6662598e+01
   1.1652110e+06   1.7089844e+01
   1.1652500e+06   3.2714844e+01
   1.1652940e+06   1.7944336e+01
   1.1684730e+06   1.6418457e+01
   1.1685190e+06   1.7211914e+01
   1.1685580e+06   1.9775391e+01
   1.1686720e+06   1.7700195e+01
   1.1686990e+06   2.0263672e+01
   1.1728440e+06   2.1423340e+01
   1.1729010e+06   1.8859863e+01
   1.1729320e+06   1.6235352e+01
   1.1729560e+06   1.8066406e+01
   1.1729740e+06   1.9165039e+01
   1.1730940e+06   1.9348145e+01
   1.1731540e+06   2.1118164e+01
   1.1731890e+06   1.8920898e+01
   1.1736370e+06   1.8066406e+01
   1.1774620e+06   1.8981934e+01
   1.1781180e+06   1.7761230e+01
   1.1801640e+06   1.7578125e+01
   1.1801890e+06   1.8005371e+01
   1.1802480e+06   1.7395020e+01
   1.1802660e+06   2.3132324e+01
   1.1802990e+06   1.9104004e+01
   1.1803420e+06   2.0385742e+01
   1.1909390e+06   2.3986816e+01
   1.1909830e+06   2.6550293e+01
   1.1910080e+06   2.1301270e+01
   1.1910200e+06   3.3081055e+01
   1.1910580e+06   3.1799316e+01
   1.1910870e+06   1.9287109e+01
   1.1911110e+06   2.6733398e+01
   1.1912030e+06   1.9287109e+01
   1.1913410e+06   1.8798828e+01
   1.1914730e+06   1.7089844e+01
   1.1915220e+06   1.7700195e+01
   1.1915930e+06   1.6784668e+01
   1.1916860e+06   1.9104004e+01
   1.1921570e+06   1.8066406e+01
   1.1921970e+06   1.7456055e+01
   1.1927280e+06   1.6296387e+01
   1.1928850e+06   1.9958496e+01
   1.1952890e+06   1.7456055e+01
   1.1996720e+06   2.1362305e+01
   1.1996870e+06   1.7822266e+01
   1.1997360e+06   1.9287109e+01
   1.1999280e+06   1.7333984e+01
   1.2004570e+06   1.6845703e+01
   1.2046980e+06   1.6357422e+01
   1.2047240e+06   1.8371582e+01
   1.2047360e+06   2.1606445e+01
   1.2048300e+06   2.0446777e+01
   1.2048660e+06   2.3071289e+01
   1.2049100e+06   2.0874023e+01
   1.2049680e+06   1.7517090e+01
   1.2054490e+06   1.7822266e+01
   1.2055180e+06   1.6662598e+01
   1.2056490e+06   1.7395020e+01
   1.2058590e+06   1.7089844e+01
   1.2585260e+06   1.7822266e+01
   1.2624260e+06   2.4047852e+01
   1.2624540e+06   1.9470215e+01
   1.2624810e+06   2.4902344e+01
   1.2625100e+06   1.6418457e+01
   1.2625270e+06   3.8574219e+01
   1.2625430e+06   1.8493652e+01
   1.2625580e+06   2.7832031e+01
   1.2625770e+06   1.9592285e+01
   1.2626110e+06   1.7822266e+01
   1.2626560e+06   2.0202637e+01
   1.2627540e+06   1.6479492e+01
   1.2628470e+06   1.9226074e+01
   1.2628690e+06   2.0812988e+01
   1.2629030e+06   1.9836426e+01
   1.2631730e+06   1.8920898e+01
   1.2633300e+06   1.9470215e+01
   1.2633510e+06   1.9042969e+01
   1.2638550e+06   1.6967773e+01
   1.2640320e+06   1.8188477e+01
   1.2647310e+06   1.8127441e+01
   1.2673170e+06   1.6906738e+01
   1.2681580e+06   2.0446777e+01
   1.2686320e+06   1.9653320e+01
   1.2688370e+06   1.7028809e+01
   1.2689450e+06   1.6906738e+01
   1.2697920e+06   1.9287109e+01
   1.2850000e+06   2.2216797e+01
   1.2850260e+06   2.1301270e+01
   1.2850720e+06   1.7639160e+01
   1.2851460e+06   1.7333984e+01
   1.2851950e+06   2.2583008e+01
   1.2852220e+06   1.6540527e+01
   1.2856140e+06   1.6906738e+01
   1.2856380e+06   1.6357422e+01
   1.2863220e+06   1.6357422e+01
   1.2870130e+06   1.8920898e+01
   1.2903250e+06   1.9836426e+01
   1.2905040e+06   1.7456055e+01
   1.2905560e+06   1.6601562e+01
   1.2906580e+06   1.7456055e+01
   1.2906750e+06   1.7456055e+01
   1.2907440e+06   3.0090332e+01
   1.2908640e+06   1.8127441e+01
   1.2908980e+06   1.8249512e+01
   1.2913310e+06   2.0690918e+01
   1.3638950e+06   1.6601562e+01
   1.3639710e+06   1.8493652e+01
   1.3640140e+06   2.0935059e+01
   1.3640900e+06   1.6906738e+01
   1.3641240e+06   1.7700195e+01
   1.3647300e+06   1.7639160e+01
   1.3649810e+06   1.6784668e+01
   1.3651940e+06   1.6845703e+01
   1.3883800e+06   1.8310547e+01
   1.3884380e+06   1.6967773e+01
   1.3885000e+06   1.7517090e+01
   1.3888400e+06   1.7089844e+01
   1.4169090e+06   2.1545410e+01
   1.4170190e+06   2.2827148e+01
   1.4171300e+06   1.7395020e+01
   1.4177940e+06   1.9470215e+01
   1.4462660e+06   2.3559570e+01
   1.4463460e+06   1.8249512e+01
   1.4722440e+06   1.6235352e+01
   1.4886250e+06   1.6418457e+01
   1.4901850e+06   1.7089844e+01
   1.5284140e+06   3.7902832e+01
   1.5286420e+06   2.2705078e+01
   1.5605880e+06   1.8981934e+01
   1.5618640e+06   1.6357422e+01
   1.5638420e+06   1.6418457e+01
   1.5640970e+06   1.6418457e+01
   1.5643510e+06   1.6418457e+01
   1.5655350e+06   1.6845703e+01
   1.5665320e+06   1.6540527e+01
   1.5675610e+06   1.7150879e+01
   1.5680230e+06   1.7517090e+01
   1.5699280e+06   1.6357422e+01
   1.5720790e+06   1.7639160e+01
   1.5927820e+06   4.9926758e+01
   1.5929520e+06   4.0466309e+01
   1.5931520e+06   1.7944336e+01
   1.5933230e+06   4.4372559e+01
   1.5937090e+06   4.0771484e+01
   1.6306550e+06   4.5898438e+01
   1.6306860e+06   1.7211914e+01
   1.6309870e+06   3.9489746e+01
   1.6312400e+06   3.7597656e+01
   1.6313370e+06   1.7639160e+01
   1.6314690e+06   3.5339355e+01
   1.6316250e+06   2.1362305e+01
   1.6316710e+06   3.4667969e+01
   1.6316920e+06   1.7150879e+01
   1.6585780e+06   1.6540527e+01
   1.6589210e+06   4.0954590e+01
   1.6589910e+06   1.9958496e+01
   1.6591090e+06   3.4667969e+01
   1.6591970e+06   1.8981934e+01
   1.6592530e+06   1.9714355e+01
   1.6593300e+06   3.8330078e+01
   1.6593570e+06   1.9531250e+01
   1.6984930e+06   1.7272949e+01
   1.6985550e+06   3.6132812e+01
   1.6985720e+06   2.3925781e+01
   1.6986150e+06   1.6540527e+01
   1.6986360e+06   2.9663086e+01
   1.6986490e+06   2.0690918e+01
   1.6986870e+06   1.6418457e+01
   1.6987320e+06   3.5339355e+01
   1.6988960e+06   4.8095703e+01
   1.6989590e+06   1.6967773e+01
   1.6989980e+06   1.7150879e+01
   1.6990880e+06   1.8493652e+01
   1.6991140e+06   3.7231445e+01
   1.6992320e+06   3.4790039e+01
   1.6992860e+06   1.7395020e+01
   1.6993820e+06   3.8024902e+01
   1.6994830e+06   3.9550781e+01
   1.6995220e+06   2.0751953e+01
   1.6996240e+06   3.2775879e+01
   1.6996490e+06   1.6357422e+01
   1.6998020e+06   4.4677734e+01
   1.6999360e+06   3.3874512e+01
   1.7000020e+06   1.8188477e+01
   1.7002420e+06   3.2653809e+01
   1.7002960e+06   1.7822266e+01
   1.7004010e+06   3.5583496e+01
   1.7004180e+06   1.9226074e+01
   1.7004950e+06   1.7517090e+01
   1.7005190e+06   1.6967773e+01
   1.7005510e+06   4.1992187e+01
   1.7008650e+06   3.6743164e+01
   1.7010360e+06   3.3264160e+01
   1.7012210e+06   1.7456055e+01
   1.7014760e+06   1.7150879e+01
   1.7016310e+06   1.6296387e+01
   1.7016660e+06   3.4057617e+01
   1.7019240e+06   3.7109375e+01
   1.7019620e+06   1.6967773e+01
   1.7020670e+06   2.0874023e+01
   1.7020890e+06   1.7883301e+01
   1.7023370e+06   1.6418457e+01
   1.7024740e+06   1.8310547e+01
   1.7025100e+06   2.0751953e+01
   1.7028080e+06   1.6662598e+01
   1.7030320e+06   3.4240723e+01
   1.7032770e+06   2.0141602e+01
   1.7034350e+06   1.6967773e+01
   1.7035720e+06   1.9775391e+01
   1.7036820e+06   4.1259766e+01
   1.7039450e+06   3.7475586e+01
   1.7043120e+06   1.9104004e+01
   1.7049110e+06   1.7944336e+01
   1.7055290e+06   1.6906738e+01
   1.7061480e+06   1.8554688e+01
   1.7836360e+06   3.5583496e+01
   1.7837070e+06   3.5888672e+01
   1.7837280e+06   1.7395020e+01
   1.7837840e+06   2.4536133e+01
   1.7839700e+06   4.0527344e+01
   1.7841210e+06   4.7546387e+01
   1.7841960e+06   4.4982910e+01
   1.7842080e+06   1.7700195e+01
   1.7843990e+06   1.6967773e+01
   1.7844880e+06   3.5766602e+01
   1.7845150e+06   1.8493652e+01
   1.7846390e+06   3.3020020e+01
   1.7847720e+06   2.0874023e+01
   1.7848360e+06   4.1503906e+01
   1.7848580e+06   1.8066406e+01
   1.7848860e+06   1.8737793e+01
   1.7849970e+06   2.0019531e+01
   1.7850190e+06   3.5888672e+01
   1.7851390e+06   3.8635254e+01
   1.7851650e+06   2.2399902e+01
   1.7852810e+06   3.4851074e+01
   1.7854970e+06   1.7822266e+01
   1.7856460e+06   3.6010742e+01
   1.7858010e+06   3.4057617e+01
   1.7859800e+06   3.5705566e+01
   1.7860830e+06   1.9958496e+01
   1.7861100e+06   2.8564453e+01
   1.7861620e+06   1.6784668e+01
   1.7862420e+06   1.7333984e+01
   1.7862630e+06   3.0029297e+01
   1.7863790e+06   1.8676758e+01
   1.7863990e+06   3.0761719e+01
   1.7864250e+06   2.0141602e+01
   1.7865500e+06   3.3935547e+01
   1.7867440e+06   3.5827637e+01
   1.7867670e+06   1.7150879e+01
   1.7867900e+06   2.1972656e+01
   1.7868970e+06   3.5278320e+01
   1.7870550e+06   3.9733887e+01
   1.7871890e+06   2.6611328e+01
   1.7872070e+06   1.6662598e+01
   1.7873620e+06   3.3691406e+01
   1.7875390e+06   1.8310547e+01
   1.7876050e+06   1.7700195e+01
   1.7876240e+06   3.1066895e+01
   1.7877440e+06   1.8920898e+01
   1.7878320e+06   2.6123047e+01
   1.7879480e+06   2.1057129e+01
   1.7881740e+06   2.8686523e+01
   1.7882740e+06   1.6784668e+01
   1.7885320e+06   3.6621094e+01
   1.7886810e+06   3.3386230e+01
   1.7887960e+06   1.8615723e+01
   1.7889910e+06   3.5705566e+01
   1.7891230e+06   3.0334473e+01
   1.7892780e+06   3.9978027e+01
   1.7894060e+06   2.7770996e+01
   1.7896350e+06   2.7160645e+01
   1.7898470e+06   3.0761719e+01
   1.7898590e+06   1.6723633e+01
   1.7899700e+06   2.5451660e+01
   1.7902010e+06   1.7517090e+01
   1.7902180e+06   1.7211914e+01
   1.7903370e+06   3.6682129e+01
   1.7903550e+06   1.6479492e+01
   1.7904860e+06   1.6357422e+01
   1.7905420e+06   1.7395020e+01
   1.7905590e+06   1.7456055e+01
   1.7906280e+06   3.3996582e+01
   1.7908170e+06   3.1066895e+01
   1.7908350e+06   1.7089844e+01
   1.7909340e+06   1.7272949e+01
   1.7909610e+06   2.8198242e+01
   1.7910970e+06   2.2277832e+01
   1.7912170e+06   2.0935059e+01
   1.7914720e+06   2.4902344e+01
   1.7916540e+06   2.7893066e+01
   1.7916690e+06   2.2583008e+01
   1.7917100e+06   1.8066406e+01
   1.7918290e+06   2.6977539e+01
   1.7920030e+06   1.6845703e+01
   1.7920300e+06   1.7089844e+01
   1.7921330e+06   3.5461426e+01
   1.7921560e+06   1.6296387e+01
   1.7923380e+06   3.4545898e+01
   1.7923590e+06   2.0080566e+01
   1.7926310e+06   2.9235840e+01
   1.7927670e+06   2.1301270e+01
   1.7930810e+06   3.1433105e+01
   1.7933080e+06   1.6418457e+01
   1.7934800e+06   3.2470703e+01
   1.7935010e+06   1.6235352e+01
   1.8440750e+06   3.8269043e+01
   1.8440860e+06   2.3681641e+01
   1.8441320e+06   3.7719727e+01
   1.8441890e+06   2.2888184e+01
   1.8442470e+06   2.0141602e+01
   1.8444300e+06   3.4851074e+01
   1.8444750e+06   1.6540527e+01
   1.8446690e+06   3.4057617e+01
   1.8446980e+06   1.8493652e+01
   1.8449050e+06   1.8920898e+01
   1.8449910e+06   4.2175293e+01
   1.8450270e+06   1.7333984e+01
   1.8451220e+06   2.7954102e+01
   1.8451800e+06   1.6845703e+01
   1.8451930e+06   3.8879395e+01
   1.8453460e+06   1.6296387e+01
   1.8454340e+06   4.0893555e+01
   1.8455390e+06   4.1687012e+01
   1.8456470e+06   2.8381348e+01
   1.8457160e+06   1.6723633e+01
   1.8458090e+06   3.3691406e+01
   1.8459000e+06   1.6967773e+01
   1.8459940e+06   1.6784668e+01
   1.8460270e+06   3.6437988e+01
   1.8461180e+06   2.4353027e+01
   1.8462910e+06   1.6662598e+01
   1.8463910e+06   1.7028809e+01
   1.8464150e+06   2.7404785e+01
   1.8464860e+06   1.6296387e+01
   1.8466130e+06   3.5888672e+01
   1.8467370e+06   3.0456543e+01
   1.8468980e+06   3.0090332e+01
   1.8469230e+06   1.7028809e+01
   1.8470640e+06   3.3386230e+01
   1.8472170e+06   2.9418945e+01
   1.8472320e+06   1.7395020e+01
   1.8473870e+06   3.8085937e+01
   1.8475350e+06   2.8259277e+01
   1.8475760e+06   1.7395020e+01
   1.8477050e+06   3.2226562e+01
   1.8477960e+06   2.0874023e+01
   1.8479030e+06   3.1066895e+01
   1.8479310e+06   2.1972656e+01
   1.8480660e+06   2.8198242e+01
   1.8480800e+06   2.2888184e+01
   1.8481160e+06   2.2094727e+01
   1.8482850e+06   3.4362793e+01
   1.8484180e+06   2.7526855e+01
   1.8484580e+06   1.8798828e+01
   1.8484730e+06   1.8493652e+01
   1.8486070e+06   2.3071289e+01
   1.8486170e+06   2.2155762e+01
   1.8488200e+06   3.1921387e+01
   1.8488860e+06   1.7272949e+01
   1.8489140e+06   1.7517090e+01
   1.8490130e+06   2.0080566e+01
   1.8491370e+06   2.3498535e+01
   1.8492090e+06   1.8127441e+01
   1.8493400e+06   2.8991699e+01
   1.8494960e+06   2.5329590e+01
   1.8498630e+06   2.2521973e+01
   1.8498860e+06   1.9226074e+01
   1.8499150e+06   1.7089844e+01
   1.8500700e+06   1.8249512e+01
   1.8501450e+06   1.7456055e+01
   1.8502770e+06   2.2766113e+01
   1.8503150e+06   1.7944336e+01
   1.8504720e+06   1.7333984e+01
   1.8505700e+06   2.8442383e+01
   1.8507370e+06   2.1789551e+01
   1.8507830e+06   1.6357422e+01
   1.8508230e+06   1.6418457e+01
   1.8509540e+06   2.5329590e+01
   1.8513350e+06   1.6418457e+01
   1.8514650e+06   1.6540527e+01
   1.8516200e+06   2.6184082e+01
   1.8516680e+06   2.1179199e+01
   1.8517980e+06   2.6855469e+01
   1.8519120e+06   1.8493652e+01
   1.8519950e+06   1.7028809e+01
   1.8521300e+06   2.2338867e+01
   1.8522210e+06   2.0568848e+01
   1.8523940e+06   3.1494141e+01
   1.8526660e+06   2.7404785e+01
   1.8528300e+06   3.0944824e+01
   1.8529760e+06   1.6540527e+01
   1.8530080e+06   1.9226074e+01
   1.8531790e+06   2.9663086e+01
   1.8532010e+06   1.9775391e+01
   1.8533030e+06   1.9531250e+01
   1.8533770e+06   1.6906738e+01
   1.8536150e+06   2.3559570e+01
   1.8536370e+06   1.9226074e+01
   1.8537420e+06   3.1494141e+01
   1.8539900e+06   2.8808594e+01
   1.8543570e+06   2.5207520e+01
   1.8545830e+06   2.7038574e+01
   1.8547780e+06   2.7770996e+01
   1.8555040e+06   1.8188477e+01
   1.8556590e+06   1.8005371e+01
   1.9210280e+06   2.0446777e+01
   1.9408600e+06   3.8208008e+01
   1.9409230e+06   1.6967773e+01
   1.9409570e+06   3.9733887e+01
   1.9410130e+06   3.1250000e+01
   1.9410590e+06   2.0568848e+01
   1.9411880e+06   1.6662598e+01
   1.9412660e+06   1.6235352e+01
   1.9412820e+06   2.7526855e+01
   1.9413770e+06   1.7150879e+01
   1.9414280e+06   3.9428711e+01
   1.9415310e+06   1.6784668e+01
   1.9415540e+06   4.2968750e+01
   1.9416050e+06   1.8981934e+01
   1.9416320e+06   1.7333984e+01
   1.9416900e+06   3.2226562e+01
   1.9417140e+06   1.7150879e+01
   1.9417850e+06   3.0944824e+01
   1.9418200e+06   1.7150879e+01
   1.9419240e+06   1.7211914e+01
   1.9419670e+06   3.6376953e+01
   1.9421920e+06   3.3691406e+01
   1.9422610e+06   2.5329590e+01
   1.9422790e+06   1.9104004e+01
   1.9425430e+06   3.1372070e+01
   1.9427040e+06   2.9296875e+01
   1.9427860e+06   3.0700684e+01
   1.9428410e+06   1.8066406e+01
   1.9428820e+06   3.0212402e+01
   1.9430260e+06   3.4423828e+01
   1.9432740e+06   3.4362793e+01
   1.9432980e+06   1.6418457e+01
   1.9433880e+06   2.8686523e+01
   1.9434640e+06   1.9165039e+01
   1.9434790e+06   1.6479492e+01
   1.9435900e+06   1.7517090e+01
   1.9436010e+06   2.5085449e+01
   1.9437450e+06   2.9113770e+01
   1.9438710e+06   2.8869629e+01
   1.9439080e+06   1.7639160e+01
   1.9440120e+06   3.4545898e+01
   1.9440560e+06   2.0629883e+01
   1.9441210e+06   2.4230957e+01
   1.9442410e+06   1.7395020e+01
   1.9442960e+06   2.7832031e+01
   1.9444790e+06   1.7150879e+01
   1.9444980e+06   1.6540527e+01
   1.9445280e+06   2.9357910e+01
   1.9447130e+06   2.8076172e+01
   1.9447490e+06   1.7822266e+01
   1.9448980e+06   3.2531738e+01
   1.9449810e+06   1.6906738e+01
   1.9450430e+06   2.8259277e+01
   1.9450720e+06   1.6296387e+01
   1.9451520e+06   2.5695801e+01
   1.9453150e+06   2.3498535e+01
   1.9454050e+06   1.8188477e+01
   1.9456760e+06   2.0507812e+01
   1.9457840e+06   3.1372070e+01
   1.9458100e+06   1.7211914e+01
   1.9458390e+06   1.9042969e+01
   1.9459340e+06   3.3081055e+01
   1.9459550e+06   1.6967773e+01
   1.9460170e+06   1.7578125e+01
   1.9461800e+06   2.9418945e+01
   1.9462540e+06   1.9409180e+01
   1.9464170e+06   2.6855469e+01
   1.9464530e+06   1.8981934e+01
   1.9466060e+06   2.7282715e+01
   1.9466460e+06   1.7822266e+01
   1.9468470e+06   2.9418945e+01
   1.9470120e+06   1.9042969e+01
   1.9470760e+06   1.8249512e+01
   1.9471030e+06   1.6296387e+01
   1.9472330e+06   2.0202637e+01
   1.9473910e+06   1.6845703e+01
   1.9474010e+06   2.8930664e+01
   1.9475870e+06   3.6560059e+01
   1.9477840e+06   2.6672363e+01
   1.9486750e+06   1.6967773e+01
   1.9487470e+06   3.1311035e+01
   1.9488990e+06   1.7333984e+01
   1.9490350e+06   3.4973145e+01
   1.9493820e+06   3.7109375e+01
   1.9505450e+06   1.8005371e+01
   1.9515780e+06   1.6540527e+01
   1.9913200e+06   1.6479492e+01
   2.0147050e+06   1.7089844e+01
   2.0218650e+06   1.6296387e+01
   2.0316320e+06   1.7089844e+01
   2.0363840e+06   3.5888672e+01
   2.0364000e+06   2.1850586e+01
   2.0364400e+06   2.7343750e+01
   2.0364540e+06   1.9165039e+01
   2.0365180e+06   1.9897461e+01
   2.0365470e+06   2.0141602e+01
   2.0366120e+06   2.9785156e+01
   2.0367600e+06   1.7700195e+01
   2.0368580e+06   2.8930664e+01
   2.0368990e+06   1.8920898e+01
   2.0369370e+06   3.1616211e+01
   2.0370090e+06   2.3254395e+01
   2.0371110e+06   3.6743164e+01
   2.0371210e+06   1.9104004e+01
   2.0372530e+06   3.0944824e+01
   2.0373390e+06   2.1179199e+01
   2.0374630e+06   4.0832520e+01
   2.0375740e+06   2.8198242e+01
   2.0376330e+06   1.8676758e+01
   2.0377440e+06   3.2836914e+01
   2.0377640e+06   1.8493652e+01
   2.0378020e+06   1.7028809e+01
   2.0379050e+06   3.0700684e+01
   2.0380080e+06   3.3691406e+01
   2.0380310e+06   1.6235352e+01
   2.0382000e+06   3.4179688e+01
   2.0383110e+06   2.5939941e+01
   2.0383500e+06   2.7709961e+01
   2.0384670e+06   1.8066406e+01
   2.0385180e+06   1.7944336e+01
   2.0385960e+06   1.7822266e+01
   2.0386060e+06   2.8381348e+01
   2.0387530e+06   2.8259277e+01
   2.0389280e+06   1.8432617e+01
   2.0389450e+06   2.8930664e+01
   2.0390550e+06   2.5512695e+01
   2.0390770e+06   1.9531250e+01
   2.0392210e+06   4.6875000e+01
   2.0393420e+06   1.8920898e+01
   2.0394250e+06   1.6479492e+01
   2.0394580e+06   2.9479980e+01
   2.0394870e+06   1.7456055e+01
   2.0396070e+06   3.0944824e+01
   2.0397590e+06   3.6254883e+01
   2.0399340e+06   2.5085449e+01
   2.0399570e+06   1.7211914e+01
   2.0402180e+06   3.7536621e+01
   2.0402410e+06   1.7395020e+01
   2.0404400e+06   3.7170410e+01
   2.0405000e+06   1.6601562e+01
   2.0405510e+06   3.1311035e+01
   2.0406220e+06   1.7700195e+01
   2.0407130e+06   2.9541016e+01
   2.0412400e+06   3.4484863e+01
   2.0414630e+06   2.8320312e+01
   2.0415960e+06   2.6855469e+01
   2.0418830e+06   1.7272949e+01
   2.0420130e+06   1.7333984e+01
   2.0421360e+06   2.3132324e+01
   2.0426410e+06   1.6296387e+01
   2.0435510e+06   2.8198242e+01
   2.0438150e+06   1.7333984e+01
   2.0442080e+06   1.7578125e+01
   2.0444530e+06   3.7048340e+01
   2.0447540e+06   2.1789551e+01
   2.0450840e+06   1.7761230e+01
   2.0970270e+06   1.6967773e+01
   2.1021880e+06   1.8920898e+01
   2.1045190e+06   2.0263672e+01
   2.1046310e+06   2.9052734e+01
   2.1047050e+06   3.6315918e+01
   2.1047350e+06   1.6357422e+01
   2.1048030e+06   3.4301758e+01
   2.1048830e+06   1.6479492e+01
   2.1049310e+06   4.4860840e+01
   2.1050720e+06   2.0874023e+01
   2.1051200e+06   1.9287109e+01
   2.1051400e+06   4.1625977e+01
   2.1052520e+06   3.8696289e+01
   2.1053290e+06   2.9296875e+01
   2.1053840e+06   1.8859863e+01
   2.1055000e+06   3.6437988e+01
   2.1055720e+06   1.6662598e+01
   2.1055870e+06   1.6906738e+01
   2.1056390e+06   2.8991699e+01
   2.1056570e+06   2.6000977e+01
   2.1058330e+06   4.3151855e+01
   2.1059560e+06   3.2531738e+01
   2.1060150e+06   1.6601562e+01
   2.1060640e+06   1.7822266e+01
   2.1061460e+06   3.2287598e+01
   2.1062220e+06   1.8798828e+01
   2.1062870e+06   1.9042969e+01
   2.1063130e+06   2.6428223e+01
   2.1064260e+06   3.4545898e+01
   2.1064450e+06   1.7578125e+01
   2.1064880e+06   1.6296387e+01
   2.1065500e+06   3.1127930e+01
   2.1065750e+06   1.7395020e+01
   2.1066610e+06   1.6967773e+01
   2.1067010e+06   3.0944824e+01
   2.1067380e+06   2.2644043e+01
   2.1068850e+06   2.8869629e+01
   2.1070270e+06   3.5278320e+01
   2.1072940e+06   4.3762207e+01
   2.1074280e+06   2.9724121e+01
   2.1075820e+06   2.6916504e+01
   2.1076370e+06   2.0690918e+01
   2.1077800e+06   1.6235352e+01
   2.1078700e+06   3.2653809e+01
   2.1078990e+06   1.6845703e+01
   2.1080110e+06   3.4423828e+01
   2.1084080e+06   3.7048340e+01
   2.1088170e+06   3.2043457e+01
   2.1090570e+06   1.6357422e+01
   2.1090970e+06   3.6743164e+01
   2.1099570e+06   1.6418457e+01
   2.1110750e+06   1.6540527e+01
   2.1417780e+06   1.6296387e+01
   2.1676750e+06   1.6296387e+01
   2.1677940e+06   1.6662598e+01
   2.1718600e+06   1.6479492e+01
   2.1745800e+06   1.7272949e+01
   2.1796300e+06   1.6967773e+01
   2.1805310e+06   1.7456055e+01
   2.1834090e+06   1.6601562e+01
   2.1901490e+06   1.7028809e+01
   2.1991930e+06   1.9409180e+01
   2.2012060e+06   1.6235352e+01
   2.2014850e+06   2.8686523e+01
   2.2015140e+06   2.8625488e+01
   2.2015850e+06   4.3518066e+01
   2.2016380e+06   3.0761719e+01
   2.2016520e+06   2.6611328e+01
   2.2018600e+06   2.3132324e+01
   2.2018780e+06   1.7456055e+01
   2.2021120e+06   3.5278320e+01
   2.2023030e+06   3.9611816e+01
   2.2023890e+06   3.2592773e+01
   2.2024650e+06   3.4118652e+01
   2.2024940e+06   1.9531250e+01
   2.2025720e+06   1.6845703e+01
   2.2026110e+06   2.5268555e+01
   2.2026870e+06   2.7709961e+01
   2.2028260e+06   2.8503418e+01
   2.2028890e+06   2.3132324e+01
   2.2031600e+06   1.8981934e+01
   2.2032270e+06   3.9001465e+01
   2.2032630e+06   1.8249512e+01
   2.2033770e+06   2.9296875e+01
   2.2034210e+06   1.9531250e+01
   2.2035730e+06   4.4128418e+01
   2.2036080e+06   1.8676758e+01
   2.2036370e+06   2.5634766e+01
   2.2036930e+06   1.8310547e+01
   2.2037450e+06   3.3752441e+01
   2.2040430e+06   1.7456055e+01
   2.2043240e+06   3.0395508e+01
   2.2044600e+06   3.0639648e+01
   2.2045080e+06   2.0446777e+01
   2.2046520e+06   3.3020020e+01
   2.2046780e+06   1.6540527e+01
   2.2048610e+06   3.0456543e+01
   2.2050090e+06   1.7272949e+01
   2.2051850e+06   1.6418457e+01
   2.2054180e+06   1.6723633e+01
   2.2055310e+06   3.2714844e+01
   2.2056410e+06   1.6845703e+01
   2.2056540e+06   3.0944824e+01
   2.2057760e+06   1.6357422e+01
   2.2058530e+06   1.7761230e+01
   2.2070360e+06   1.6601562e+01
   2.2262130e+06   1.6601562e+01
   2.2282650e+06   1.8493652e+01
   2.2304780e+06   1.9226074e+01
   2.2479780e+06   1.6479492e+01
   2.2654530e+06   1.8859863e+01
   2.2750570e+06   1.7395020e+01
   2.2773460e+06   1.8493652e+01
   2.2927670e+06   1.7089844e+01
   2.2970020e+06   1.7089844e+01
   2.3086770e+06   1.8371582e+01
   2.3102730e+06   1.8920898e+01
   2.3169740e+06   1.7089844e+01
   2.3190900e+06   1.7517090e+01
   2.3247520e+06   1.6418457e+01
   2.3464830e+06   2.0019531e+01
   2.3484460e+06   1.6540527e+01
   2.3496000e+06   3.2714844e+01
   2.3497340e+06   4.0893555e+01
   2.3498070e+06   4.0344238e+01
   2.3498180e+06   2.3193359e+01
   2.3499270e+06   3.1677246e+01
   2.3499740e+06   1.6357422e+01
   2.3501100e+06   3.1799316e+01
   2.3501440e+06   2.0690918e+01
   2.3504350e+06   1.7028809e+01
   2.3505570e+06   3.7780762e+01
   2.3505770e+06   2.0141602e+01
   2.3506120e+06   1.8859863e+01
   2.3507800e+06   3.6193848e+01
   2.3508740e+06   3.0517578e+01
   2.3511790e+06   3.8208008e+01
   2.3513110e+06   1.8554688e+01
   2.3513270e+06   4.2846680e+01
   2.3514670e+06   3.3813477e+01
   2.3515760e+06   4.4616699e+01
   2.3961100e+06   1.6418457e+01
   2.3985970e+06   1.6723633e+01
   2.4099690e+06   1.7578125e+01
   2.4115990e+06   1.7761230e+01
   2.4194470e+06   1.7822266e+01
   2.4239490e+06   1.6479492e+01
   2.4504900e+06   1.7211914e+01
   2.4573570e+06   3.9672852e+01
   2.4573720e+06   1.8371582e+01
   2.4575080e+06   1.6601562e+01
   2.4575820e+06   4.0893555e+01
   2.4576070e+06   1.6662598e+01
   2.4576460e+06   3.6560059e+01
   2.4577540e+06   4.3579102e+01
   2.4579890e+06   1.9958496e+01
   2.4580200e+06   3.4667969e+01
   2.4581670e+06   3.2348633e+01
   2.4581880e+06   1.9165039e+01
   2.4582910e+06   3.5034180e+01
   2.4584370e+06   1.7211914e+01
   2.4585590e+06   3.8879395e+01
   2.4587950e+06   3.4118652e+01
   2.4588410e+06   1.8737793e+01
   2.4589780e+06   3.5888672e+01
   2.4590500e+06   2.0568848e+01
   2.4594000e+06   3.5583496e+01
   2.4594360e+06   1.6662598e+01
   2.4822330e+06   1.8066406e+01
   2.4847500e+06   1.6296387e+01
   2.4996820e+06   1.8432617e+01
   2.5033200e+06   1.8615723e+01
   2.5086670e+06   1.9104004e+01
   2.5251850e+06   1.6540527e+01
   2.5298600e+06   1.7028809e+01
   2.5310590e+06   1.7761230e+01
   2.5317690e+06   1.8249512e+01
   2.5346060e+06   2.2766113e+01
   2.5348600e+06   1.6906738e+01
   2.5507930e+06   1.9165039e+01
   2.5559670e+06   1.8859863e+01
   2.5584560e+06   3.8146973e+01
   2.5585210e+06   1.7150879e+01
   2.5585350e+06   3.7231445e+01
   2.5587500e+06   3.4057617e+01
   2.5587770e+06   1.8066406e+01
   2.5588910e+06   3.5522461e+01
   2.5590320e+06   3.4912109e+01
   2.5592740e+06   3.2165527e+01
   2.5593220e+06   2.1179199e+01
   2.5593390e+06   1.9470215e+01
   2.5596170e+06   5.0476074e+01
   2.5597640e+06   1.7883301e+01
   2.5598190e+06   3.4118652e+01
   2.5599020e+06   2.2766113e+01
   2.5599370e+06   2.1118164e+01
   2.5602170e+06   3.2714844e+01
   2.5602410e+06   1.6723633e+01
   2.5606010e+06   1.9714355e+01
   2.5609790e+06   1.6784668e+01
   2.5723050e+06   1.7700195e+01
   2.5741000e+06   1.6967773e+01
   2.5889250e+06   1.7456055e+01
   2.5949860e+06   1.8188477e+01
   2.5965650e+06   1.7822266e+01
   2.5976400e+06   1.7700195e+01
   2.6219530e+06   1.6418457e+01
   2.6238250e+06   2.9663086e+01
   2.6238650e+06   1.7211914e+01
   2.6238790e+06   4.1992188e+01
   2.6238970e+06   1.6418457e+01
   2.6239470e+06   4.5043945e+01
   2.6239970e+06   2.1606445e+01
   2.6246890e+06   3.6071777e+01
   2.6247410e+06   3.4667969e+01
   2.6247910e+06   3.5156250e+01
   2.6248280e+06   3.2836914e+01
   2.6249230e+06   3.9550781e+01
   2.6249960e+06   1.7578125e+01
   2.6250780e+06   2.1240234e+01
   2.6250950e+06   3.0273438e+01
   2.6252490e+06   1.8676758e+01
   2.6252610e+06   3.2531738e+01
   2.6254490e+06   2.1850586e+01
   2.6255570e+06   3.8696289e+01
   2.6255680e+06   2.0202637e+01
   2.6256120e+06   1.6784668e+01
   2.6256730e+06   3.2653809e+01
   2.6257120e+06   1.8554688e+01
   2.6258210e+06   2.9296875e+01
   2.6260520e+06   3.6499023e+01
   2.6260830e+06   1.8981934e+01
   2.6261330e+06   3.7719727e+01
   2.6261630e+06   1.8188477e+01
   2.6263310e+06   3.5644531e+01
   2.6264780e+06   4.2968750e+01
   2.6266370e+06   1.7578125e+01
   2.6268190e+06   4.2663574e+01
   2.6271090e+06   2.1972656e+01
   2.6272780e+06   3.3264160e+01
   2.6273880e+06   1.7700195e+01
   2.6277450e+06   3.5034180e+01
   2.6279630e+06   3.1127930e+01
   2.6281170e+06   1.8005371e+01
   2.6283210e+06   1.7517090e+01
   2.6284240e+06   1.7944336e+01
   2.6284570e+06   5.1452637e+01
   2.6286240e+06   3.5278320e+01
   2.6286860e+06   1.6967773e+01
   2.6289290e+06   1.9897461e+01
   2.6289910e+06   3.1494141e+01
   2.6290770e+06   1.8920898e+01
   2.6293700e+06   1.6235352e+01
   2.6295070e+06   1.6906738e+01
   2.6295210e+06   3.4057617e+01
   2.6306020e+06   1.6296387e+01
   2.6533430e+06   1.6357422e+01
   2.6731600e+06   2.0019531e+01
   2.6734190e+06   1.9287109e+01
   2.6810220e+06   1.7517090e+01
   2.6811860e+06   3.7719727e+01
   2.6812660e+06   4.1259766e+01
   2.6813160e+06   1.8493652e+01
   2.6814540e+06   4.4311523e+01
   2.6877740e+06   1.8371582e+01
   2.7120790e+06   1.6662598e+01
   2.7209560e+06   4.1198730e+01
   2.7210230e+06   3.1860352e+01
   2.7210560e+06   1.7761230e+01
   2.7211670e+06   3.6560059e+01
   2.7211880e+06   1.9775391e+01
   2.7212130e+06   1.6784668e+01
   2.7216340e+06   1.6723633e+01
   2.7216510e+06   2.9113770e+01
   2.7216970e+06   1.8798828e+01
   2.7217370e+06   1.8798828e+01
   2.7217940e+06   3.2409668e+01
   2.7218690e+06   1.7822266e+01
   2.7218840e+06   1.8981934e+01
   2.7219410e+06   3.4729004e+01
   2.7219750e+06   1.8920898e+01
   2.7220100e+06   2.3864746e+01
   2.7220870e+06   3.9978027e+01
   2.7222680e+06   2.9418945e+01
   2.7223810e+06   4.3273926e+01
   2.7225630e+06   3.9184570e+01
   2.7227080e+06   3.5217285e+01
   2.7227530e+06   1.8432617e+01
   2.7228730e+06   3.5156250e+01
   2.7228960e+06   1.8493652e+01
   2.7229280e+06   2.1545410e+01
   2.7230370e+06   3.1860352e+01
   2.7231040e+06   1.7211914e+01
   2.7232250e+06   2.1911621e+01
   2.7232430e+06   2.9907227e+01
   2.7233370e+06   1.6845703e+01
   2.7235130e+06   3.3569336e+01
   2.7235230e+06   2.3864746e+01
   2.7236320e+06   3.2165527e+01
   2.7236980e+06   2.0446777e+01
   2.7237110e+06   2.1484375e+01
   2.7237290e+06   1.6235352e+01
   2.7240190e+06   3.6621094e+01
   2.7241190e+06   1.8798828e+01
   2.7241790e+06   3.0029297e+01
   2.7241890e+06   2.3620605e+01
   2.7243130e+06   2.4597168e+01
   2.7243230e+06   2.0812988e+01
   2.7244390e+06   2.9174805e+01
   2.7248640e+06   5.6152344e+01
   2.7250220e+06   3.3325195e+01
   2.7250510e+06   1.8066406e+01
   2.7251760e+06   2.9479980e+01
   2.7252090e+06   3.1860352e+01
   2.7255730e+06   4.0954590e+01
   2.7257620e+06   2.5207520e+01
   2.7260740e+06   2.9418945e+01
   2.7270960e+06   4.3518066e+01
   2.7275590e+06   1.8798828e+01
   2.7494940e+06   1.6296387e+01
   2.7685900e+06   1.7944336e+01
   2.7750250e+06   1.6723633e+01
   2.7751060e+06   2.1728516e+01
   2.7751750e+06   3.0822754e+01
   2.7752110e+06   1.6235352e+01
   2.7753080e+06   4.2053223e+01
   2.7753840e+06   1.8859863e+01
   2.7756070e+06   2.1362305e+01
   2.7853770e+06   1.6418457e+01
   2.7862880e+06   3.1127930e+01
   2.7863140e+06   1.7150879e+01
   2.8066190e+06   3.5522461e+01
   2.8066380e+06   2.2094727e+01
   2.8066970e+06   4.6630859e+01
   2.8067820e+06   3.5888672e+01
   2.8068750e+06   3.4240723e+01
   2.8305440e+06   3.9489746e+01
   2.8306520e+06   1.6784668e+01
   2.8306760e+06   3.2470703e+01
   2.8307160e+06   1.9958496e+01
   2.8308220e+06   2.8991699e+01
   2.8308540e+06   3.5949707e+01
   2.8310140e+06   1.9775391e+01
   2.8311260e+06   3.6804199e+01
   2.8313120e+06   3.8635254e+01
   2.8313360e+06   1.7272949e+01
   2.8314120e+06   1.9042969e+01
   2.8314500e+06   2.6733398e+01
   2.8315610e+06   3.2531738e+01
   2.8318200e+06   1.8371582e+01
   2.8580170e+06   1.7211914e+01
   2.8633020e+06   1.6784668e+01
   2.8638920e+06   1.6723633e+01
   2.8641600e+06   1.6479492e+01
   2.8642100e+06   1.9470215e+01
   2.8967710e+06   2.0507812e+01
   2.9240900e+06   4.1564941e+01
   2.9241980e+06   3.8696289e+01
   2.9242140e+06   1.6235352e+01
   2.9243270e+06   2.2583008e+01
   2.9244390e+06   3.1616211e+01
   2.9261320e+06   1.7700195e+01
   2.9454970e+06   1.6662598e+01
   2.9484740e+06   1.7456055e+01
   2.9487400e+06   1.6723633e+01
   2.9487550e+06   1.7395020e+01
   2.9889680e+06   1.7211914e+01
   2.9895100e+06   1.6662598e+01
   2.9905630e+06   1.8005371e+01
   2.9989880e+06   1.6296387e+01
   2.9990140e+06   1.6845703e+01
   3.0190140e+06   1.8859863e+01
   3.0367700e+06   1.6784668e+01
   3.0369270e+06   5.6640625e+01
   3.0370420e+06   2.0446777e+01
   3.0370530e+06   1.6784668e+01
   3.0371900e+06   1.7883301e+01
   3.0668900e+06   1.8676758e+01
   3.0724310e+06   2.0629883e+01
   3.0855570e+06   1.6906738e+01
   3.0885890e+06   1.6967773e+01
   3.1007480e+06   2.0202637e+01
   3.1129300e+06   1.9592285e+01
   3.1145240e+06   1.6235352e+01
   3.1146860e+06   1.7089844e+01
   3.1148300e+06   1.6784668e+01
   3.1150430e+06   1.6418457e+01
   3.1154130e+06   1.6235352e+01
   3.1160200e+06   1.7517090e+01
   3.1166250e+06   1.6784668e+01
   3.1168150e+06   1.8798828e+01
   3.1174650e+06   1.6235352e+01
   3.1184980e+06   2.0507812e+01
   3.1409570e+06   2.1850586e+01
   3.1433170e+06   1.7639160e+01
   3.1445100e+06   1.6601562e+01
   3.1448660e+06   1.7150879e+01
   3.1450240e+06   1.7761230e+01
   3.1455160e+06   1.7150879e+01
   3.1457240e+06   1.8554688e+01
   3.1462350e+06   1.7700195e+01
   3.1968760e+06   1.6601562e+01
   3.1970890e+06   1.9958496e+01
   3.1972430e+06   1.6418457e+01
   3.1973240e+06   1.6967773e+01
   3.1978910e+06   1.7944336e+01
   3.1984570e+06   1.8859863e+01
   3.1997860e+06   1.6906738e+01
   3.2002280e+06   1.6906738e+01
   3.2188010e+06   1.8737793e+01
   3.2188890e+06   1.6479492e+01
   3.2213570e+06   1.7639160e+01
   3.2214890e+06   2.4719238e+01
   3.2224210e+06   1.7822266e+01
   3.2625750e+06   1.8066406e+01
   3.2795930e+06   1.7700195e+01
   3.2809800e+06   1.6357422e+01
   3.3226670e+06   1.6296387e+01
   3.3241740e+06   1.6601562e+01
   3.3247840e+06   1.8432617e+01
   3.3248990e+06   1.6357422e+01
   3.3249910e+06   2.1423340e+01
   3.3252130e+06   1.9531250e+01
   3.3257810e+06   1.6540527e+01
   3.3258810e+06   1.7700195e+01
   3.3335870e+06   1.7883301e+01
   3.3374640e+06   1.7272949e+01
   3.3510010e+06   1.7272949e+01
   3.3519580e+06   1.7211914e+01
   3.3528300e+06   1.8737793e+01
   3.3528930e+06   1.7456055e+01
   3.3667070e+06   1.6601562e+01
   3.3855810e+06   1.7211914e+01
   3.3860300e+06   1.6662598e+01
   3.3860540e+06   1.7822266e+01
   3.4153780e+06   1.8798828e+01
   3.4157840e+06   1.7578125e+01
   3.4431740e+06   1.7700195e+01
   3.4547230e+06   1.6296387e+01
   3.4621730e+06   1.6845703e+01
   3.4623040e+06   1.6418457e+01
   3.4648700e+06   1.6784668e+01
   3.4659550e+06   1.6235352e+01
   3.4664750e+06   2.1240234e+01
   3.4668880e+06   1.9470215e+01
   3.4673730e+06   1.9470215e+01
   3.4680810e+06   1.7517090e+01
   3.4683290e+06   1.6662598e+01
   3.4815120e+06   1.6235352e+01
   3.4935920e+06   1.9653320e+01
   3.4939780e+06   1.7333984e+01
   3.5035240e+06   2.1057129e+01
   3.5040670e+06   1.6662598e+01
   3.5049230e+06   1.9226074e+01
   3.5071560e+06   1.8859863e+01
   3.5072790e+06   1.7944336e+01
   3.5307020e+06   1.6967773e+01
   3.5308680e+06   1.7028809e+01
   3.5441790e+06   1.8554688e+01
   3.5465520e+06   1.7944336e+01
   3.5467930e+06   2.4902344e+01
   3.5468740e+06   1.9165039e+01
   3.5468850e+06   1.8005371e+01
   3.5469270e+06   2.6000977e+01
   3.5470800e+06   1.6967773e+01
   3.5664230e+06   2.4719238e+01
   3.5709170e+06   1.9592285e+01
   3.5819010e+06   1.9104004e+01
   3.5823670e+06   1.6479492e+01
   3.5831340e+06   1.9409180e+01
   3.5832130e+06   1.7395020e+01
   3.5832480e+06   1.7517090e+01
   3.5997610e+06   1.6235352e+01
   3.5999110e+06   1.7272949e+01
   3.6005230e+06   1.7333984e+01
   3.6109210e+06   1.6540527e+01
   3.6111090e+06   1.9897461e+01
   3.6184590e+06   3.6254883e+01
   3.6184850e+06   1.7639160e+01
   3.6185430e+06   3.5705566e+01
   3.6185800e+06   1.7395020e+01
   3.6187750e+06   2.3315430e+01
   3.6199550e+06   1.8981934e+01
   3.6349040e+06   1.7822266e+01
   3.6350180e+06   1.7761230e+01
   3.6416620e+06   1.9226074e+01
   3.6433110e+06   1.7761230e+01
   3.6433230e+06   2.0202637e+01
   3.6433910e+06   1.7822266e+01
   3.6438580e+06   1.8676758e+01
   3.6608800e+06   1.6601562e+01
   3.6651030e+06   3.3020020e+01
   3.6663810e+06   1.7761230e+01
   3.6664930e+06   1.8249512e+01
   3.6665080e+06   1.6601562e+01
   3.6886510e+06   1.9104004e+01
   3.6901630e+06   1.7333984e+01
   3.6902390e+06   1.6784668e+01
   3.7070650e+06   1.7028809e+01
   3.7132770e+06   1.7333984e+01
   3.7134700e+06   2.0874023e+01
   3.7305650e+06   1.7578125e+01
   3.7306730e+06   2.0935059e+01
   3.7306870e+06   1.6418457e+01
   3.7307320e+06   2.5085449e+01
   3.7457360e+06   2.0263672e+01
   3.7569150e+06   1.6479492e+01
   3.7580500e+06   2.1423340e+01
   3.7580950e+06   1.6418457e+01
   3.7581180e+06   2.2338867e+01
   3.7581320e+06   2.3376465e+01
   3.7581680e+06   2.0141602e+01
   3.7721610e+06   1.8432617e+01
   3.7722650e+06   2.2033691e+01
   3.7723110e+06   1.7883301e+01
   3.7848940e+06   2.1545410e+01
   3.7849290e+06   1.6540527e+01
   3.7849470e+06   1.6357422e+01
   3.7849640e+06   2.2338867e+01
   3.7850100e+06   2.4047852e+01
   3.7850320e+06   1.7456055e+01
   3.7850690e+06   1.9897461e+01
   3.7982440e+06   1.8066406e+01
   3.7983960e+06   1.6479492e+01
   3.7984500e+06   1.7150879e+01
   3.7984780e+06   1.6479492e+01
   3.8100230e+06   1.6418457e+01
   3.8100860e+06   1.8310547e+01
   3.8101340e+06   2.4780273e+01
   3.8104990e+06   1.7211914e+01
   3.8115810e+06   2.0385742e+01
   3.8149960e+06   1.7150879e+01
   3.8167320e+06   1.7517090e+01
   3.8202420e+06   1.6601562e+01
   3.8236840e+06   1.7822266e+01
   3.8237330e+06   1.7639160e+01
   3.8237520e+06   1.8676758e+01
   3.8279310e+06   1.7639160e+01
   3.8280290e+06   1.6296387e+01
   3.8323010e+06   2.4658203e+01
   3.8323260e+06   1.9226074e+01
   3.8324200e+06   1.7089844e+01
   3.8325460e+06   2.0202637e+01
   3.8326010e+06   1.8371582e+01
   3.8363130e+06   1.6662598e+01
   3.8412670e+06   1.6479492e+01
   3.8413580e+06   1.9592285e+01
   3.8442820e+06   1.8493652e+01
   3.8444790e+06   1.6601563e+01
   3.8449400e+06   1.8737793e+01
   3.8473760e+06   1.6662598e+01
   3.8474750e+06   1.9714355e+01
   3.8475570e+06   1.6723633e+01
   3.8532980e+06   1.7028809e+01
   3.8533510e+06   1.6662598e+01
   3.8533780e+06   1.7944336e+01
   3.8534310e+06   1.7089844e+01
   3.8534810e+06   2.0568848e+01
   3.8535590e+06   1.9714355e+01
   3.8572830e+06   2.2155762e+01
   3.8607480e+06   1.8249512e+01
   3.8630060e+06   1.8371582e+01
   3.8630600e+06   1.6784668e+01
   3.8661390e+06   1.6601562e+01
   3.8686300e+06   1.6845703e+01
   3.8687360e+06   2.2094727e+01
   3.8688250e+06   1.6967773e+01
   3.8712180e+06   1.7944336e+01
   3.8713290e+06   1.6235352e+01
   3.8739930e+06   2.1057129e+01
   3.8740460e+06   1.6296387e+01
   3.8741330e+06   1.9104004e+01
   3.8798000e+06   1.8493652e+01
   3.8798350e+06   1.7211914e+01
   3.8826820e+06   1.8249512e+01
   3.8828290e+06   1.8554688e+01
   3.8828790e+06   1.7395020e+01
   3.8858730e+06   1.8676758e+01
   3.8893730e+06   1.8432617e+01
   3.8894330e+06   1.7395020e+01
   3.8922360e+06   2.3376465e+01
   3.8922990e+06   1.7150879e+01
   3.8952220e+06   1.6967773e+01
   3.8953900e+06   1.9653320e+01
   3.8954510e+06   1.7333984e+01
   3.8954830e+06   1.6235352e+01
   3.8987270e+06   1.6540527e+01
   3.8987470e+06   2.0385742e+01
   3.8988070e+06   1.6540527e+01
   3.8988320e+06   1.8432617e+01
   3.9026690e+06   1.9348145e+01
   3.9026840e+06   2.3742676e+01
   3.9027920e+06   1.7211914e+01
   3.9068690e+06   1.6723633e+01
   3.9068950e+06   1.6357422e+01
   3.9103130e+06   1.8920898e+01
   3.9104440e+06   2.2583008e+01
   3.9137140e+06   2.0385742e+01
   3.9137720e+06   1.7822266e+01
   3.9138150e+06   2.4597168e+01
   3.9138670e+06   1.7517090e+01
   3.9175670e+06   2.0874023e+01
   3.9176340e+06   1.8432617e+01
   3.9228180e+06   1.8310547e+01
   3.9229270e+06   1.6906738e+01
   3.9229410e+06   1.7089844e+01
   3.9230970e+06   1.6906738e+01
   3.9290690e+06   2.1118164e+01
   3.9291700e+06   1.8249512e+01
   3.9327770e+06   1.7883301e+01
   3.9328360e+06   1.9165039e+01
   3.9328480e+06   2.3254395e+01
   3.9368430e+06   1.7395020e+01
   3.9369080e+06   1.8249512e+01
   3.9369430e+06   2.5756836e+01
   3.9370870e+06   1.7211914e+01
   3.9407400e+06   1.7272949e+01
   3.9408820e+06   1.6235352e+01
   3.9410200e+06   2.1606445e+01
   3.9464280e+06   2.2155762e+01
   3.9464690e+06   2.0507812e+01
   3.9465030e+06   1.6357422e+01
   3.9465160e+06   2.2521973e+01
   3.9466310e+06   1.6967773e+01
   3.9570110e+06   1.7761230e+01
   3.9570370e+06   1.8920898e+01
   3.9571080e+06   1.8493652e+01
   3.9571180e+06   2.3925781e+01
   3.9571530e+06   1.8066406e+01
   3.9616040e+06   1.9653320e+01
   3.9616570e+06   1.7272949e+01
   3.9616820e+06   1.9714355e+01
   3.9617160e+06   1.9592285e+01
   3.9617880e+06   1.7150879e+01
   3.9658180e+06   1.6845703e+01
   3.9658860e+06   1.8981934e+01
   3.9689590e+06   1.6906738e+01
   3.9690350e+06   1.7028809e+01
   3.9690730e+06   1.6723633e+01
   3.9691200e+06   1.7272949e+01
   3.9732290e+06   1.8127441e+01
   3.9733080e+06   2.4658203e+01
   3.9733580e+06   1.9042969e+01
   3.9733740e+06   2.3620605e+01
   3.9734130e+06   2.0507812e+01
   3.9734580e+06   1.7028809e+01
   3.9780300e+06   1.6357422e+01
   3.9826290e+06   1.7150879e+01
   3.9826840e+06   1.9531250e+01
   3.9827730e+06   1.8188477e+01
   3.9873080e+06   2.0019531e+01
   3.9873700e+06   2.1301270e+01
   3.9873890e+06   2.0690918e+01
   3.9874060e+06   1.8798828e+01
   3.9932790e+06   1.6540527e+01
   3.9933180e+06   2.3864746e+01
   3.9933640e+06   1.8493652e+01
   3.9933920e+06   2.0874023e+01
   3.9934290e+06   1.9165039e+01
   3.9935070e+06   1.6479492e+01
   3.9981430e+06   1.6906738e+01
   3.9982360e+06   1.7211914e+01
   4.0016780e+06   1.9531250e+01
   4.0016970e+06   1.8859863e+01
   4.0017820e+06   1.9775391e+01
   4.0064730e+06   2.3498535e+01
   4.0065440e+06   2.1301270e+01
   4.0066580e+06   1.9531250e+01
   4.0115970e+06   1.7578125e+01
   4.0116080e+06   2.2155762e+01
   4.0116430e+06   1.7761230e+01
   4.0116930e+06   1.7822266e+01
   4.0118220e+06   1.9287109e+01
   4.0181180e+06   1.8920898e+01
   4.0181900e+06   1.8981934e+01
   4.0182430e+06   1.8371582e+01
   4.0183000e+06   1.9531250e+01
   4.0183420e+06   1.6296387e+01
   4.0183630e+06   1.7578125e+01
   4.0242630e+06   2.5695801e+01
   4.0243110e+06   1.7089844e+01
   4.0243600e+06   1.6235352e+01
   4.0244220e+06   1.7883301e+01
   4.0291860e+06   1.6784668e+01
   4.0292090e+06   1.8249512e+01
   4.0292820e+06   1.7333984e+01
   4.0293110e+06   1.6235352e+01
   4.0293310e+06   1.9470215e+01
   4.0293540e+06   1.8188477e+01
   4.0348150e+06   1.6723633e+01
   4.0349100e+06   2.2705078e+01
   4.0349670e+06   1.7089844e+01
   4.0349770e+06   1.8554688e+01
   4.0350810e+06   2.1545410e+01
   4.0404200e+06   1.9958496e+01
   4.0404670e+06   2.4841309e+01
   4.0405140e+06   1.6418457e+01
   4.0405580e+06   1.7211914e+01
   4.0470290e+06   1.9531250e+01
   4.0470950e+06   2.1728516e+01
   4.0536980e+06   2.5756836e+01
   4.0537250e+06   1.6479492e+01
   4.0537710e+06   2.0568848e+01
   4.0607570e+06   1.6662598e+01
   4.0608210e+06   1.6235352e+01
   4.0608630e+06   1.7456055e+01
   4.0608830e+06   1.8005371e+01
   4.0609270e+06   1.6601562e+01
   4.0609900e+06   1.7639160e+01
   4.0695680e+06   1.8249512e+01
   4.0696230e+06   2.2460937e+01
   4.0696370e+06   1.8188477e+01
   4.0696680e+06   2.5024414e+01
   4.0697270e+06   1.6479492e+01
   4.0697470e+06   1.6967773e+01
   4.0697660e+06   2.0202637e+01
   4.0698080e+06   1.7272949e+01
   4.0773630e+06   1.7639160e+01
   4.0774520e+06   2.2705078e+01
   4.0774720e+06   1.9836426e+01
   4.0775090e+06   1.6723633e+01
   4.0839300e+06   1.7395020e+01
   4.0839850e+06   2.0568848e+01
   4.0840300e+06   1.7456055e+01
   4.0840410e+06   1.6296387e+01
   4.0840810e+06   1.7578125e+01
   4.0841140e+06   1.7028809e+01
   4.0841530e+06   1.8554688e+01
   4.0842040e+06   1.6479492e+01
   4.0933430e+06   2.0568848e+01
   4.0933630e+06   1.6845703e+01
   4.0933880e+06   2.1667480e+01
   4.0934200e+06   1.6235352e+01
   4.0934800e+06   2.2094727e+01
   4.0935450e+06   1.6845703e+01
   4.0935610e+06   2.1362305e+01
   4.0938510e+06   1.9592285e+01
   4.0995050e+06   1.7150879e+01
   4.1039580e+06   1.7944336e+01
   4.1040450e+06   2.4902344e+01
   4.1040750e+06   1.9165039e+01
   4.1041180e+06   1.8127441e+01
   4.1046030e+06   1.6357422e+01
   4.1046200e+06   1.6357422e+01
   4.1107940e+06   1.7089844e+01
   4.1108070e+06   1.8371582e+01
   4.1108540e+06   1.8493652e+01
   4.1109320e+06   2.0141602e+01
   4.1110030e+06   2.0874023e+01
   4.1110390e+06   1.7272949e+01
   4.1201540e+06   1.9775391e+01
   4.1201780e+06   1.7395020e+01
   4.1202250e+06   1.7456055e+01
   4.1202800e+06   2.1728516e+01
   4.1202900e+06   1.9287109e+01
   4.1203130e+06   1.9042969e+01
   4.1203550e+06   1.9836426e+01
   4.1205920e+06   1.7028809e+01
   4.1206740e+06   1.6235352e+01
   4.1208170e+06   1.9348145e+01
   4.1326690e+06   1.6723633e+01
   4.1327110e+06   1.9836426e+01
   4.1327610e+06   1.6845703e+01
   4.1327730e+06   1.9042969e+01
   4.1327850e+06   1.9470215e+01
   4.1328100e+06   2.1545410e+01
   4.1328610e+06   2.1057129e+01
   4.1328980e+06   1.6235352e+01
   4.1331370e+06   1.8615723e+01
   4.1332420e+06   2.0446777e+01
   4.1333490e+06   2.2583008e+01
   4.1403740e+06   2.2521973e+01
   4.1404400e+06   1.9042969e+01
   4.1404520e+06   1.7028809e+01
   4.1405410e+06   1.6357422e+01
   4.1406000e+06   1.6296387e+01
   4.1484360e+06   1.8493652e+01
   4.1484970e+06   2.4230957e+01
   4.1485430e+06   2.9174805e+01
   4.1486090e+06   1.7700195e+01
   4.1486240e+06   1.6845703e+01
   4.1487090e+06   2.2583008e+01
   4.1575880e+06   1.9836426e+01
   4.1576060e+06   2.8442383e+01
   4.1576400e+06   2.6062012e+01
   4.1576750e+06   2.2583008e+01
   4.1576950e+06   1.7761230e+01
   4.1577630e+06   1.9653320e+01
   4.1578400e+06   1.7578125e+01
   4.1578560e+06   1.6296387e+01
   4.1660650e+06   1.6418457e+01
   4.1660990e+06   2.0202637e+01
   4.1661170e+06   1.9409180e+01
   4.1661330e+06   1.6296387e+01
   4.1661860e+06   1.6723633e+01
   4.1662020e+06   1.8188477e+01
   4.1662350e+06   1.7272949e+01
   4.1662860e+06   1.7578125e+01
   4.1663460e+06   1.9348145e+01
   4.1667500e+06   1.7089844e+01
   4.1733350e+06   2.6245117e+01
   4.1733830e+06   2.5268555e+01
   4.1734300e+06   1.6906738e+01
   4.1734890e+06   1.6906738e+01
   4.1735410e+06   2.3437500e+01
   4.1735810e+06   2.0935059e+01
   4.1797150e+06   1.9409180e+01
   4.1797710e+06   1.8676758e+01
   4.1797950e+06   1.8249512e+01
   4.1798410e+06   2.1362305e+01
   4.1798740e+06   1.6296387e+01
   4.1798900e+06   1.7028809e+01
   4.1878750e+06   1.8371582e+01
   4.1879210e+06   1.7517090e+01
   4.1880720e+06   1.7150879e+01
   4.1881350e+06   1.7089844e+01
   4.1970750e+06   1.6601562e+01
   4.1971200e+06   1.7761230e+01
   4.1971310e+06   2.5085449e+01
   4.1971780e+06   1.8005371e+01
   4.1972030e+06   1.8310547e+01
   4.1972320e+06   1.7211914e+01
   4.1972430e+06   1.7517090e+01
   4.1975450e+06   1.7761230e+01
   4.1978590e+06   1.7089844e+01
   4.2034820e+06   1.6723633e+01
   4.2038530e+06   2.0080566e+01
   4.2039710e+06   1.7395020e+01
   4.2043690e+06   1.6662598e+01
   4.2044170e+06   1.7395020e+01
   4.2109640e+06   1.9958496e+01
   4.2110140e+06   1.9287109e+01
   4.2110560e+06   2.4658203e+01
   4.2110900e+06   1.8981934e+01
   4.2111770e+06   1.6601562e+01
   4.2112020e+06   1.7211914e+01
   4.2115380e+06   1.6357422e+01
   4.2116320e+06   1.7578125e+01
   4.2199470e+06   2.8259277e+01
   4.2199660e+06   2.0996094e+01
   4.2200210e+06   1.6418457e+01
   4.2200680e+06   1.6967773e+01
   4.2201340e+06   1.7822266e+01
   4.2201520e+06   1.8066406e+01
   4.2205300e+06   1.6845703e+01
   4.2282080e+06   1.8798828e+01
   4.2283190e+06   2.0812988e+01
   4.2283550e+06   1.8981934e+01
   4.2283890e+06   2.2521973e+01
   4.2284270e+06   1.7700195e+01
   4.2284650e+06   2.0141602e+01
   4.2290570e+06   1.6540527e+01
   4.2380940e+06   2.0080566e+01
   4.2381520e+06   2.0446777e+01
   4.2381780e+06   1.8249512e+01
   4.2382070e+06   2.2094727e+01
   4.2382310e+06   1.9470215e+01
   4.2383590e+06   1.9226074e+01
   4.2486410e+06   1.7211914e+01
   4.2486650e+06   1.6357422e+01
   4.2487140e+06   2.1911621e+01
   4.2487380e+06   1.7211914e+01
   4.2487850e+06   1.6601562e+01
   4.2487990e+06   1.9104004e+01
   4.2488330e+06   1.6296387e+01
   4.2488660e+06   1.6540527e+01
   4.2488960e+06   1.8737793e+01
   4.2493140e+06   2.1118164e+01
   4.2578120e+06   1.6540527e+01
   4.2592680e+06   2.8930664e+01
   4.2592830e+06   1.9165039e+01
   4.2593080e+06   2.7221680e+01
   4.2594380e+06   2.0507812e+01
   4.2594780e+06   1.8127441e+01
   4.2597910e+06   2.2521973e+01
   4.2695070e+06   2.6306152e+01
   4.2695360e+06   1.9226074e+01
   4.2695860e+06   1.7089844e+01
   4.2696300e+06   1.6235352e+01
   4.2696550e+06   1.9104004e+01
   4.2697080e+06   1.8432617e+01
   4.2697360e+06   1.6723633e+01
   4.2700150e+06   1.7700195e+01
   4.2701130e+06   1.6723633e+01
   4.2790150e+06   2.3864746e+01
   4.2790430e+06   1.6479492e+01
   4.2790680e+06   2.1301270e+01
   4.2791040e+06   2.0263672e+01
   4.2791190e+06   1.6906738e+01
   4.2791790e+06   1.6906738e+01
   4.2792260e+06   1.9042969e+01
   4.2795510e+06   1.7578125e+01
   4.2795770e+06   1.6235352e+01
   4.2903670e+06   1.8127441e+01
   4.2904110e+06   1.9470215e+01
   4.2904300e+06   1.7761230e+01
   4.2904690e+06   1.8371582e+01
   4.2904870e+06   2.6733398e+01
   4.2906100e+06   1.9348145e+01
   4.2906950e+06   1.7333984e+01
   4.2908820e+06   1.6601562e+01
   4.2909790e+06   1.7639160e+01
   4.3015720e+06   1.8554688e+01
   4.3015860e+06   2.2583008e+01
   4.3016080e+06   1.6479492e+01
   4.3016270e+06   3.1982422e+01
   4.3016730e+06   2.0751953e+01
   4.3016980e+06   1.9714355e+01
   4.3018420e+06   1.6906738e+01
   4.3018570e+06   1.7089844e+01
   4.3112670e+06   1.7639160e+01
   4.3113110e+06   1.9714355e+01
   4.3113680e+06   2.0507812e+01
   4.3114200e+06   2.1118164e+01
   4.3120380e+06   1.6296387e+01
   4.3220940e+06   2.5573730e+01
   4.3221290e+06   1.8493652e+01
   4.3221420e+06   1.7395020e+01
   4.3221740e+06   2.0935059e+01
   4.3222150e+06   1.7211914e+01
   4.3222750e+06   1.8981934e+01
   4.3223040e+06   2.0812988e+01
   4.3227060e+06   2.3376465e+01
   4.3276800e+06   1.6906738e+01
   4.3281010e+06   1.6540527e+01
   4.3300050e+06   1.8066406e+01
   4.3354640e+06   2.3071289e+01
   4.3355350e+06   2.2644043e+01
   4.3355520e+06   2.2216797e+01
   4.3356170e+06   1.8676758e+01
   4.3356600e+06   1.9348145e+01
   4.3357120e+06   1.6906738e+01
   4.3445230e+06   1.8005371e+01
   4.3460750e+06   1.7761230e+01
   4.3461180e+06   2.3193359e+01
   4.3461950e+06   1.6906738e+01
   4.3462790e+06   1.7272949e+01
   4.3463150e+06   1.7944336e+01
   4.3550580e+06   1.7333984e+01
   4.3550900e+06   1.6784668e+01
   4.3551340e+06   1.9836426e+01
   4.3551530e+06   1.9897461e+01
   4.3552730e+06   1.9348145e+01
   4.3556780e+06   1.7822266e+01
   4.3602460e+06   1.8615723e+01
   4.3641260e+06   1.6967773e+01
   4.3641740e+06   1.7761230e+01
   4.3642080e+06   1.6418457e+01
   4.3642760e+06   1.7333984e+01
   4.3643140e+06   2.3437500e+01
   4.3643570e+06   1.8554688e+01
   4.3693230e+06   1.9042969e+01
   4.3759980e+06   2.7099609e+01
   4.3760500e+06   1.9836426e+01
   4.3847410e+06   1.6296387e+01
   4.3847570e+06   1.8920898e+01
   4.3848020e+06   1.8188477e+01
   4.3848120e+06   2.0751953e+01
   4.3848860e+06   1.7822266e+01
   4.3948150e+06   1.7272949e+01
   4.3948630e+06   1.7944336e+01
   4.3949080e+06   1.6357422e+01
   4.3951260e+06   1.6296387e+01
   4.3953020e+06   1.6906738e+01
   4.3954280e+06   1.8432617e+01
   4.4087720e+06   2.2155762e+01
   4.4088310e+06   1.8371582e+01
   4.4292000e+06   2.0568848e+01
   4.4292870e+06   1.8310547e+01
   4.4293780e+06   1.7700195e+01
   4.4296070e+06   1.6540527e+01
   4.4484920e+06   1.7028809e+01
   4.4485760e+06   2.0996094e+01
   4.4610740e+06   1.6601562e+01
   4.4659180e+06   1.6540527e+01
   4.4849840e+06   1.9348145e+01
   4.4850800e+06   1.7395020e+01
   4.4947580e+06   1.6235352e+01
   4.5230880e+06   1.6662598e+01
   4.5233300e+06   2.0263672e+01
   4.5244870e+06   2.2460938e+01
   4.5249470e+06   1.8310547e+01
   4.5250740e+06   1.8188477e+01
   4.5544680e+06   1.6784668e+01
   4.5558150e+06   1.9958496e+01
   4.5561820e+06   1.7089844e+01
   4.5573520e+06   1.6662598e+01
   4.5583020e+06   1.9348145e+01
   4.5587340e+06   1.8371582e+01
   4.5587630e+06   1.6235352e+01
   4.5593020e+06   1.7639160e+01
   4.5595850e+06   1.9165039e+01
   4.5633080e+06   1.6540527e+01
   4.5655620e+06   1.7700195e+01
   4.5655780e+06   1.6479492e+01
   4.5656170e+06   1.6540527e+01
   4.5661230e+06   1.8920898e+01
   4.5663680e+06   2.0141602e+01
   4.5664350e+06   1.6540527e+01
   4.5669260e+06   1.6784668e+01
   4.5977910e+06   1.6906738e+01
   4.6045680e+06   1.6235352e+01
   4.6063040e+06   1.8676758e+01
   4.6068500e+06   1.6967773e+01
   4.6074880e+06   1.8615723e+01
   4.6089050e+06   1.9409180e+01
   4.6092860e+06   1.8981934e+01
   4.6362800e+06   1.6723633e+01
   4.6379300e+06   1.7517090e+01
   4.6380810e+06   1.6601562e+01
   4.6382460e+06   1.7150879e+01
   4.6384490e+06   1.7089844e+01
   4.6390910e+06   1.8188477e+01
   4.6391640e+06   1.6235352e+01
   4.6392750e+06   1.9165039e+01
   4.6394520e+06   1.8371582e+01
   4.6395750e+06   1.7028809e+01
   4.6396230e+06   1.7272949e+01
   4.6400660e+06   1.8493652e+01
   4.6403930e+06   1.6845703e+01
   4.6426980e+06   1.7028809e+01
   4.6458740e+06   1.8554688e+01
   4.6460300e+06   1.8859863e+01
   4.6463500e+06   1.7944336e+01
   4.6464540e+06   1.9592285e+01
   4.6714880e+06   1.7150879e+01
   4.6718030e+06   1.6296387e+01
   4.6723450e+06   1.8859863e+01
   4.6729020e+06   1.6418457e+01
   4.6729240e+06   1.6235352e+01
   4.6730440e+06   1.6845703e+01
   4.6733450e+06   1.6540527e+01
   4.6733840e+06   1.9348145e+01
   4.6734940e+06   1.9653320e+01
   4.6737340e+06   2.3193359e+01
   4.6737900e+06   1.8005371e+01
   4.6740980e+06   1.8310547e+01
   4.6748080e+06   1.7150879e+01
   4.6861270e+06   1.7639160e+01
   4.6862120e+06   1.6296387e+01
   4.6876340e+06   1.7456055e+01
   4.6881960e+06   1.8981934e+01
   4.6889120e+06   1.7639160e+01
   4.7027390e+06   2.1301270e+01
   4.7031500e+06   1.7395020e+01
   4.7034360e+06   2.1179199e+01
   4.7041280e+06   1.7517090e+01
   4.7042760e+06   1.8676758e+01
   4.7237910e+06   1.8737793e+01
   4.7241540e+06   1.8371582e+01
   4.7245470e+06   1.8493652e+01
   4.7251350e+06   1.7028809e+01
   4.7258750e+06   2.0080566e+01
   4.7263320e+06   2.0751953e+01
   4.7264140e+06   2.0996094e+01
   4.7270980e+06   1.8981934e+01
   4.7374720e+06   1.9714355e+01
   4.7525950e+06   1.7333984e+01
   4.7529780e+06   2.4902344e+01
   4.7613840e+06   1.7028809e+01
   4.7620680e+06   1.7517090e+01
   4.7627330e+06   1.6418457e+01
   4.7645360e+06   1.9042969e+01
   4.7646280e+06   1.8859863e+01
   4.7880700e+06   1.7028809e+01
   4.7881020e+06   1.8798828e+01
   4.7882170e+06   1.6723633e+01
   4.7884160e+06   1.8981934e+01
   4.7884760e+06   1.6906738e+01
   4.8039410e+06   1.7333984e+01
   4.8041940e+06   1.6540527e+01
   4.8045620e+06   2.1301270e+01
   4.8054920e+06   1.7089844e+01
   4.8057170e+06   1.8493652e+01
   4.8058450e+06   1.9653320e+01
   4.8061570e+06   1.6357422e+01
   4.8073450e+06   1.8249512e+01
   4.8073690e+06   1.6418457e+01
   4.8157490e+06   1.7395020e+01
   4.8174790e+06   1.7883301e+01
   4.8199350e+06   1.6357422e+01
   4.8369440e+06   1.6723633e+01
   4.8370210e+06   1.9409180e+01
   4.8372200e+06   1.6418457e+01
   4.8373640e+06   1.7944336e+01
   4.8374590e+06   1.8066406e+01
   4.8378510e+06   1.6540527e+01
   4.8391470e+06   2.1362305e+01
   4.8394250e+06   1.9042969e+01
   4.8394760e+06   1.6601562e+01
   4.8396490e+06   1.6235352e+01
   4.8402320e+06   1.6357422e+01
   4.8485300e+06   1.7883301e+01
   4.8492170e+06   1.8066406e+01
   4.8505360e+06   1.6357422e+01
   4.8522560e+06   1.7456055e+01
   4.8641680e+06   1.8798828e+01
   4.8644220e+06   2.0019531e+01
   4.8645940e+06   2.0996094e+01
   4.8646470e+06   1.9592285e+01
   4.8692770e+06   1.7761230e+01
   4.8693520e+06   1.7517090e+01
   4.8704360e+06   1.8798828e+01
   4.8708090e+06   1.6784668e+01
   4.8710250e+06   1.8920898e+01
   4.8712980e+06   1.6235352e+01
   4.8713870e+06   1.9470215e+01
   4.8716630e+06   1.6845703e+01
   4.8870300e+06   1.6662598e+01
   4.8872620e+06   1.8676758e+01
   4.8874770e+06   1.6601562e+01
   4.8875920e+06   1.8920898e+01
   4.8879320e+06   2.0507812e+01
   4.8881290e+06   1.9836426e+01
   4.8882150e+06   1.6784668e+01
   4.8884300e+06   1.7456055e+01
   4.8885080e+06   1.8676758e+01
   4.8889210e+06   1.8127441e+01
   4.9037880e+06   1.7150879e+01
   4.9084170e+06   1.9287109e+01
   4.9113780e+06   1.8066406e+01
   4.9114820e+06   1.6357422e+01
   4.9116150e+06   1.7578125e+01
   4.9117610e+06   1.6357422e+01
   4.9118780e+06   2.2827148e+01
   4.9126020e+06   1.6784668e+01
   4.9318110e+06   1.6723633e+01
   4.9329510e+06   1.8615723e+01
   4.9332200e+06   1.6601562e+01
   4.9332400e+06   1.7456055e+01
   4.9337810e+06   2.3864746e+01
   4.9339690e+06   1.7089844e+01
   4.9553730e+06   1.6906738e+01
   4.9555620e+06   2.0080566e+01
   4.9559550e+06   1.9897461e+01
   4.9562040e+06   1.6784668e+01
   4.9563540e+06   1.7639160e+01
   4.9566940e+06   1.9042969e+01
   4.9722220e+06   2.3559570e+01
   4.9723100e+06   1.8798828e+01
   4.9760180e+06   1.6784668e+01
   4.9789030e+06   1.7700195e+01
   4.9840460e+06   2.0141602e+01
   4.9854010e+06   1.8676758e+01
   4.9862260e+06   1.7028809e+01
   4.9864160e+06   1.6296387e+01
   4.9868140e+06   2.3498535e+01
   4.9870050e+06   1.6662598e+01
   4.9870380e+06   1.7517090e+01
   4.9872540e+06   2.0263672e+01
   4.9889230e+06   2.0874023e+01
   5.0062270e+06   1.6967773e+01
   5.0062850e+06   2.0996094e+01
   5.0064380e+06   1.6479492e+01
   5.0141280e+06   1.7761230e+01
   5.0148560e+06   1.7944336e+01
   5.0150440e+06   1.8859863e+01
   5.0151390e+06   1.7150879e+01
   5.0153440e+06   1.7456055e+01
   5.0153770e+06   2.0507812e+01
   5.0157630e+06   1.7700195e+01
   5.0157870e+06   1.9592285e+01
   5.0158610e+06   1.6296387e+01
   5.0159920e+06   1.7150879e+01
   5.0161610e+06   1.8127441e+01
   5.0162230e+06   1.7456055e+01
   5.0164610e+06   1.7272949e+01
   5.0167600e+06   1.6967773e+01
   5.0329290e+06   1.9653320e+01
   5.0340590e+06   1.9653320e+01
   5.0342230e+06   1.7700195e+01
   5.0344850e+06   1.6540527e+01
   5.0347710e+06   1.7272949e+01
   5.0348720e+06   1.7211914e+01
   5.0348980e+06   1.6296387e+01
   5.0553540e+06   1.7639160e+01
   5.0565190e+06   1.6235352e+01
   5.0565860e+06   1.8127441e+01
   5.0571410e+06   1.6540527e+01
   5.0573450e+06   2.1484375e+01
   5.0573740e+06   1.8066406e+01
   5.0674070e+06   1.7700195e+01
   5.0707910e+06   1.6357422e+01
   5.0716040e+06   2.0202637e+01
   5.0717380e+06   1.6479492e+01
   5.0719330e+06   2.0935059e+01
   5.0721690e+06   1.9531250e+01
   5.0726560e+06   2.5451660e+01
   5.0727970e+06   1.8737793e+01
   5.0879450e+06   1.8493652e+01
   5.0882370e+06   1.8127441e+01
   5.0887050e+06   1.7028809e+01
   5.0889320e+06   2.0751953e+01
   5.0894500e+06   1.7028809e+01
   5.1034460e+06   1.6235352e+01
   5.1035850e+06   2.0141602e+01
   5.1038890e+06   1.8676758e+01
   5.1041250e+06   2.3742676e+01
   5.1041890e+06   1.6662598e+01
   5.1051160e+06   2.0935059e+01
   5.1201500e+06   1.6540527e+01
   5.1208750e+06   1.8798828e+01
   5.1210030e+06   1.7883301e+01
   5.1225170e+06   1.8981934e+01
   5.1235470e+06   1.7822266e+01
   5.1385180e+06   2.0874023e+01
   5.1387160e+06   1.8737793e+01
   5.1392170e+06   1.9531250e+01
   5.1564120e+06   1.8798828e+01
   5.1574860e+06   1.6906738e+01
   5.1576110e+06   1.9775391e+01
   5.1579660e+06   1.6723633e+01
   5.1580290e+06   1.9104004e+01
   5.1581460e+06   1.7395020e+01
   5.1582260e+06   1.8493652e+01
   5.1582970e+06   1.9042969e+01
   5.1583460e+06   1.6723633e+01
   5.1708250e+06   1.6235352e+01
   5.1708450e+06   1.6662598e+01
   5.1821430e+06   1.7211914e+01
   5.1825180e+06   1.7333984e+01
   5.1828190e+06   2.2155762e+01
   5.1829620e+06   1.7456055e+01
   5.1835430e+06   2.0935059e+01
   5.1835630e+06   1.7028809e+01
   5.1841020e+06   1.6418457e+01
   5.1975360e+06   2.2949219e+01
   5.1980320e+06   1.7944336e+01
   5.1980550e+06   1.7639160e+01
   5.1983910e+06   2.0935059e+01
   5.2133830e+06   2.3620605e+01
   5.2142100e+06   1.6296387e+01
   5.2144320e+06   1.7700195e+01
   5.2147960e+06   1.8859863e+01
   5.2149450e+06   1.6357422e+01
   5.2150790e+06   1.8066406e+01
   5.2308770e+06   1.6784668e+01
   5.2315950e+06   1.7150879e+01
   5.2316790e+06   1.7456055e+01
   5.2322910e+06   1.9165039e+01
   5.2476220e+06   1.6723633e+01
   5.2479650e+06   1.8554688e+01
   5.2484600e+06   2.0263672e+01
   5.2486530e+06   1.7639160e+01
   5.2487610e+06   2.0263672e+01
   5.2489640e+06   1.6906738e+01
   5.2492540e+06   1.7883301e+01
   5.2501890e+06   1.8188477e+01
   5.2504010e+06   1.9958496e+01
   5.2504610e+06   1.7272949e+01
   5.2507020e+06   1.6906738e+01
   5.2669390e+06   1.6784668e+01
   5.2669710e+06   2.2399902e+01
   5.2671900e+06   1.8127441e+01
   5.2676080e+06   1.7211914e+01
   5.2678430e+06   2.3071289e+01
   5.2680050e+06   1.9775391e+01
   5.2681580e+06   1.8554688e+01
   5.2698340e+06   2.1118164e+01
   5.2701040e+06   1.6479492e+01
   5.2881530e+06   1.6418457e+01
   5.2892990e+06   2.0385742e+01
   5.2893260e+06   1.8920898e+01
   5.3081260e+06   1.8798828e+01
   5.3086150e+06   1.9287109e+01
   5.3094900e+06   1.7211914e+01
   5.3095110e+06   1.8615723e+01
   5.3106800e+06   2.2216797e+01
   5.3107460e+06   2.2216797e+01
   5.3108080e+06   1.8981934e+01
   5.3110890e+06   2.0568848e+01
   5.3116620e+06   1.6540527e+01
   5.3288500e+06   1.8737793e+01
   5.3290060e+06   1.7211914e+01
   5.3292310e+06   1.9592285e+01
   5.3295540e+06   1.8981934e+01
   5.3305470e+06   1.6906738e+01
   5.3314040e+06   1.8371582e+01
   5.3317890e+06   1.7272949e+01
   5.3318690e+06   1.6540527e+01
   5.3323350e+06   2.2155762e+01
   5.3325100e+06   1.6601562e+01
   5.3329100e+06   1.7028809e+01
   5.3493840e+06   1.6357422e+01
   5.3524880e+06   1.6723633e+01
   5.3526450e+06   2.0202637e+01
   5.3529140e+06   1.6540527e+01
   5.3529800e+06   2.9174805e+01
   5.3530710e+06   1.7333984e+01
   5.3533720e+06   1.9287109e+01
   5.3535800e+06   1.9104004e+01
   5.3536150e+06   1.6540527e+01
   5.3549560e+06   1.7761230e+01
   5.3551030e+06   1.7456055e+01
   5.3686710e+06   2.1972656e+01
   5.3688240e+06   1.8737793e+01
   5.3693700e+06   1.6845703e+01
   5.3701250e+06   2.2155762e+01
   5.3859260e+06   1.7333984e+01
   5.3868960e+06   1.7028809e+01
   5.3875880e+06   1.8249512e+01
   5.3877100e+06   1.8188477e+01
   5.3879490e+06   1.6601562e+01
   5.3982130e+06   1.6357422e+01
   5.3983100e+06   1.6357422e+01
   5.3993990e+06   2.1911621e+01
   5.3994770e+06   1.8920898e+01
   5.3994970e+06   1.6723633e+01
   5.4050070e+06   1.6662598e+01
   5.4167540e+06   2.0385742e+01
   5.4169060e+06   1.9104004e+01
   5.4171740e+06   1.8615723e+01
   5.4172920e+06   1.8798828e+01
   5.4249530e+06   1.9592285e+01
   5.4253550e+06   1.6906738e+01
   5.4254380e+06   1.7211914e+01
   5.4439470e+06   2.2705078e+01
   5.4441920e+06   2.0812988e+01
   5.4452080e+06   1.6845703e+01
   5.4452340e+06   1.6784668e+01
   5.4454700e+06   1.6784668e+01
   5.4456270e+06   1.6235352e+01
   5.4461540e+06   1.7089844e+01
   5.4593580e+06   1.6967773e+01
   5.4595110e+06   2.0874023e+01
   5.4612050e+06   1.6601562e+01
   5.4773980e+06   1.6601562e+01
   5.4778470e+06   2.2949219e+01
   5.4779740e+06   4.1137695e+01
   5.4779840e+06   1.7150879e+01
   5.4947060e+06   2.0446777e+01
   5.4949380e+06   2.2583008e+01
   5.5070590e+06   1.7089844e+01
   5.5074900e+06   1.6601563e+01
   5.5079950e+06   1.7456055e+01
   5.5080360e+06   3.2653809e+01
   5.5084180e+06   1.7822266e+01
   5.5161820e+06   1.6601562e+01
   5.5212790e+06   3.9062500e+01
   5.5215930e+06   3.7841797e+01
   5.5217050e+06   3.9611816e+01
   5.5217320e+06   1.8615723e+01
   5.5218640e+06   1.7761230e+01
   5.5218790e+06   3.5522461e+01
   5.5222250e+06   1.7395020e+01
   5.5332830e+06   2.2888184e+01
   5.5384230e+06   1.7395020e+01
   5.5386190e+06   1.8432617e+01
   5.5387080e+06   1.7150879e+01
   5.5392190e+06   1.8005371e+01
   5.5404320e+06   1.8615723e+01
   5.5408460e+06   1.7517090e+01
   5.5409250e+06   2.1728516e+01
   5.5410590e+06   1.8066406e+01
   5.5411900e+06   2.3132324e+01
   5.5415830e+06   2.0202637e+01
   5.5522520e+06   1.8615723e+01
   5.5536700e+06   1.9348145e+01
   5.5537970e+06   1.9042969e+01
   5.5538410e+06   2.8625488e+01
   5.5538530e+06   3.5583496e+01
   5.5539230e+06   3.8452148e+01
   5.5540210e+06   1.7089844e+01
   5.5543270e+06   1.6906738e+01
   5.5552050e+06   2.1484375e+01
   5.5706560e+06   1.9287109e+01
   5.5714900e+06   1.8737793e+01
   5.5718530e+06   2.9479980e+01
   5.5719310e+06   1.7395020e+01
   5.5720980e+06   3.8146973e+01
   5.5721320e+06   1.8798828e+01
   5.5833230e+06   1.7578125e+01
   5.5838620e+06   1.6784668e+01
   5.5841630e+06   1.6357422e+01
   5.5844260e+06   1.9531250e+01
   5.5845530e+06   2.2644043e+01
   5.6001240e+06   1.9775391e+01
   5.6002190e+06   1.9042969e+01
   5.6003660e+06   1.8981934e+01
   5.6004190e+06   1.6296387e+01
   5.6004770e+06   2.1545410e+01
   5.6005340e+06   1.6479492e+01
   5.6005440e+06   1.7456055e+01
   5.6007490e+06   3.9611816e+01
   5.6010210e+06   1.6967773e+01
   5.6011460e+06   1.6418457e+01
   5.6159630e+06   1.8859863e+01
   5.6161250e+06   2.4108887e+01
   5.6162370e+06   3.8208008e+01
   5.6162640e+06   1.9348145e+01
   5.6163330e+06   4.1442871e+01
   5.6163570e+06   2.1362305e+01
   5.6163740e+06   1.9958496e+01
   5.6164240e+06   3.4790039e+01
   5.6165400e+06   1.8554688e+01
   5.6252800e+06   1.6235352e+01
   5.6254520e+06   1.9958496e+01
   5.6259320e+06   1.8371582e+01
   5.6260110e+06   3.6621094e+01
   5.6260630e+06   4.6203613e+01
   5.6260870e+06   1.6662598e+01
   5.6261410e+06   1.7700195e+01
   5.6265770e+06   3.0639648e+01
   5.6386290e+06   1.8432617e+01
   5.6387190e+06   1.6296387e+01
   5.6415510e+06   2.0690918e+01
   5.6415920e+06   2.3376465e+01
   5.6416390e+06   1.7944336e+01
   5.6416890e+06   1.8310547e+01
   5.6416990e+06   3.2775879e+01
   5.6417430e+06   1.7150879e+01
   5.6417700e+06   4.3212891e+01
   5.6418420e+06   1.9348145e+01
   5.6419500e+06   3.5705566e+01
   5.6419670e+06   2.0751953e+01
   5.6420800e+06   1.7211914e+01
   5.6420970e+06   1.6357422e+01
   5.6547320e+06   1.6906738e+01
   5.6560160e+06   1.6662598e+01
   5.6561140e+06   1.9409180e+01
   5.6561340e+06   3.4118652e+01
   5.6561480e+06   1.8066406e+01
   5.6562420e+06   3.0578613e+01
   5.6562710e+06   2.7526855e+01
   5.6562930e+06   3.7231445e+01
   5.6564080e+06   1.7272949e+01
   5.6564200e+06   1.7211914e+01
   5.6564680e+06   2.0080566e+01
   5.6566010e+06   1.7517090e+01
   5.6570950e+06   1.6479492e+01
   5.6571590e+06   2.0812988e+01
   5.6579740e+06   1.7211914e+01
   5.6691810e+06   1.7211914e+01
   5.6704270e+06   2.0568848e+01
   5.6704780e+06   3.2836914e+01
   5.6705090e+06   2.8503418e+01
   5.6706010e+06   3.6376953e+01
   5.6706460e+06   2.1362305e+01
   5.6707470e+06   2.0690918e+01
   5.6708790e+06   2.3010254e+01
   5.6709030e+06   4.2602539e+01
   5.6713900e+06   1.6845703e+01
   5.6832690e+06   2.0751953e+01
   5.6834450e+06   2.1545410e+01
   5.6834880e+06   3.5461426e+01
   5.6835260e+06   1.7272949e+01
   5.6835370e+06   3.9550781e+01
   5.6835890e+06   1.8005371e+01
   5.6836090e+06   2.0629883e+01
   5.6836980e+06   3.4423828e+01
   5.6837480e+06   1.7700195e+01
   5.6838510e+06   3.5644531e+01
   5.6839520e+06   3.6254883e+01
   5.6839890e+06   1.7517090e+01
   5.6840780e+06   1.9836426e+01
   5.6840960e+06   4.0100098e+01
   5.6842270e+06   3.3569336e+01
   5.6846740e+06   3.6071777e+01
   5.6846880e+06   1.7089844e+01
   5.6849620e+06   2.9357910e+01
   5.6873140e+06   1.8432617e+01
   5.6957040e+06   1.6662598e+01
   5.6957290e+06   3.0517578e+01
   5.6957850e+06   1.8615723e+01
   5.6958320e+06   1.8127441e+01
   5.6958650e+06   1.7395020e+01
   5.6958870e+06   1.7761230e+01
   5.6959520e+06   2.6672363e+01
   5.6960110e+06   3.4118652e+01
   5.6961450e+06   1.8310547e+01
   5.6962550e+06   1.8981934e+01
   5.6962730e+06   3.2165527e+01
   5.6962940e+06   2.0812988e+01
   5.6965780e+06   2.1057129e+01
   5.6968500e+06   2.9113770e+01
   5.6970880e+06   3.6193848e+01
   5.6971110e+06   1.8981934e+01
   5.6972100e+06   2.1057129e+01
   5.6976030e+06   2.1240234e+01
   5.6976270e+06   1.7700195e+01
   5.6977790e+06   3.1982422e+01
   5.6979540e+06   1.7089844e+01
   5.6980180e+06   5.1269531e+01
   5.6981090e+06   1.6784668e+01
   5.6981190e+06   1.7028809e+01
   5.6982040e+06   2.1667480e+01
   5.6985520e+06   1.8615723e+01
   5.6986520e+06   1.7028809e+01
   5.6989770e+06   1.6967773e+01
   5.6992580e+06   1.6723633e+01
   5.7080770e+06   2.2949219e+01
   5.7081540e+06   3.2226562e+01
   5.7081660e+06   1.9592285e+01
   5.7082020e+06   1.6418457e+01
   5.7082950e+06   3.9550781e+01
   5.7083320e+06   1.8066406e+01
   5.7085010e+06   3.6682129e+01
   5.7085610e+06   1.6784668e+01
   5.7085850e+06   3.0517578e+01
   5.7086810e+06   3.8757324e+01
   5.7088370e+06   1.7333984e+01
   5.7089840e+06   1.8371582e+01
   5.7090120e+06   1.6418457e+01
   5.7091370e+06   2.1301270e+01
   5.7092630e+06   3.4057617e+01
   5.7093510e+06   2.2094727e+01
   5.7095660e+06   3.5400391e+01
   5.7096060e+06   2.0507812e+01
   5.7099460e+06   3.1494141e+01
   5.7100300e+06   2.1423340e+01
   5.7100670e+06   1.7822266e+01
   5.7103390e+06   1.7395020e+01
   5.7103520e+06   1.9470215e+01
   5.7105570e+06   1.8310547e+01
   5.7107940e+06   1.7028809e+01
   5.7109260e+06   2.0324707e+01
   5.7111050e+06   1.9348145e+01
   5.7113780e+06   1.8432617e+01
   5.7195660e+06   1.6540527e+01
   5.7195970e+06   1.7333984e+01
   5.7196090e+06   3.7048340e+01
   5.7196760e+06   3.8269043e+01
   5.7197050e+06   1.6967773e+01
   5.7197170e+06   1.8127441e+01
   5.7198340e+06   4.6936035e+01
   5.7198590e+06   2.0996094e+01
   5.7198990e+06   2.0202637e+01
   5.7199350e+06   1.6235352e+01
   5.7200630e+06   3.7353516e+01
   5.7202250e+06   2.8137207e+01
   5.7203240e+06   4.5959473e+01
   5.7206150e+06   3.0090332e+01
   5.7206510e+06   2.1667480e+01
   5.7206800e+06   2.0874023e+01
   5.7208120e+06   3.5339355e+01
   5.7210660e+06   1.8127441e+01
   5.7211660e+06   2.8320313e+01
   5.7213010e+06   3.1555176e+01
   5.7214440e+06   1.8066406e+01
   5.7220720e+06   2.1301270e+01
   5.7225580e+06   2.2033691e+01
   5.7231430e+06   1.9653320e+01
   5.7235870e+06   1.6296387e+01
   5.7242820e+06   2.0629883e+01
   5.7328350e+06   3.5217285e+01
   5.7328620e+06   2.0507812e+01
   5.7329050e+06   2.5695801e+01
   5.7329230e+06   3.6437988e+01
   5.7329410e+06   1.7700195e+01
   5.7329880e+06   1.8432617e+01
   5.7330480e+06   1.9042969e+01
   5.7332240e+06   3.4057617e+01
   5.7334170e+06   4.1320801e+01
   5.7334450e+06   1.9775391e+01
   5.7334810e+06   1.6601562e+01
   5.7335360e+06   1.6479492e+01
   5.7336260e+06   3.1494141e+01
   5.7337090e+06   1.8737793e+01
   5.7337360e+06   3.3264160e+01
   5.7338740e+06   1.6723633e+01
   5.7338890e+06   4.0222168e+01
   5.7339130e+06   1.7272949e+01
   5.7339940e+06   3.5278320e+01
   5.7340330e+06   2.1362305e+01
   5.7342470e+06   3.5156250e+01
   5.7356100e+06   1.6235352e+01
   5.7375930e+06   1.8249512e+01
   5.7376300e+06   1.6723633e+01
   5.7379810e+06   1.6418457e+01
   5.7382380e+06   1.6662598e+01
   5.7384410e+06   2.0690918e+01
   5.7388050e+06   1.8432617e+01
   5.7388190e+06   2.8686523e+01
   5.7389240e+06   2.1118164e+01
   5.7393260e+06   1.7700195e+01
   5.7405750e+06   1.8310547e+01
   5.7424240e+06   1.6418457e+01
   5.7453210e+06   1.6235352e+01
   5.7453440e+06   4.3823242e+01
   5.7454270e+06   2.8930664e+01
   5.7455020e+06   1.9958496e+01
   5.7455270e+06   1.7150879e+01
   5.7455470e+06   3.4179688e+01
   5.7456100e+06   1.8432617e+01
   5.7456330e+06   2.1240234e+01
   5.7457460e+06   2.0202637e+01
   5.7460860e+06   1.6357422e+01
   5.7463010e+06   3.2775879e+01
   5.7463250e+06   1.6296387e+01
   5.7463740e+06   3.1127930e+01
   5.7467430e+06   2.3010254e+01
   5.7469840e+06   1.7211914e+01
   5.7472510e+06   1.8188477e+01
   5.7474140e+06   1.6845703e+01
   5.7477810e+06   1.7822266e+01
   5.7487310e+06   1.9165039e+01
   5.7490120e+06   3.3569336e+01
   5.7490430e+06   1.6540527e+01
   5.7494230e+06   2.0019531e+01
   5.7499890e+06   1.6479492e+01
   5.7505140e+06   1.7822266e+01
   5.7509250e+06   1.9104004e+01
   5.7521710e+06   1.9653320e+01
   5.7555650e+06   3.7597656e+01
   5.7556120e+06   1.7272949e+01
   5.7556460e+06   1.6357422e+01
   5.7556660e+06   1.7578125e+01
   5.7558240e+06   2.4047852e+01
   5.7559460e+06   3.8452148e+01
   5.7560870e+06   1.6967773e+01
   5.7562130e+06   3.5034180e+01
   5.7563420e+06   3.1005859e+01
   5.7563630e+06   1.6235352e+01
   5.7565110e+06   3.4973145e+01
   5.7565780e+06   2.5146484e+01
   5.7567690e+06   2.5756836e+01
   5.7582950e+06   1.8127441e+01
   5.7592100e+06   1.6235352e+01
   5.7602490e+06   1.7089844e+01
   5.7604890e+06   2.0629883e+01
   5.7614810e+06   3.7170410e+01
   5.7617530e+06   1.7150879e+01
   5.7618430e+06   3.7902832e+01
   5.7624200e+06   1.6601563e+01
   5.7638660e+06   1.8066406e+01
   5.7656280e+06   1.7150879e+01
   5.7660860e+06   2.1362305e+01
   5.7666460e+06   1.7456055e+01
   5.7695000e+06   1.6662598e+01
   5.7697350e+06   1.9714355e+01
   5.7697460e+06   4.9133301e+01
   5.7699030e+06   3.4545898e+01
   5.7699640e+06   1.6906738e+01
   5.7699760e+06   1.7517090e+01
   5.7700390e+06   1.6296387e+01
   5.7700710e+06   3.4301758e+01
   5.7701000e+06   1.6784668e+01
   5.7705680e+06   1.6296387e+01
   5.7724730e+06   1.9348145e+01
   5.7731070e+06   1.6967773e+01
   5.7732810e+06   1.8005371e+01
   5.7735200e+06   1.7517090e+01
   5.7770970e+06   1.6967773e+01
   5.7772000e+06   2.3254395e+01
   5.7793440e+06   3.7292480e+01
   5.7794810e+06   1.9287109e+01
   5.7795060e+06   1.9653320e+01
   5.7795390e+06   1.7333984e+01
   5.7799130e+06   1.7150879e+01
   5.7848740e+06   2.8137207e+01
   5.7849290e+06   2.8320313e+01
   5.7849760e+06   1.8432617e+01
   5.7849910e+06   1.9287109e+01
   5.7850350e+06   3.0639648e+01
   5.7850450e+06   2.4536133e+01
   5.7868800e+06   1.9836426e+01
   5.7874660e+06   1.7578125e+01
   5.7875940e+06   3.3081055e+01
   5.7878510e+06   2.0874023e+01
   5.7884160e+06   1.7456055e+01
   5.7903100e+06   1.7761230e+01
   5.7923020e+06   1.8615723e+01
   5.7925180e+06   1.8188477e+01
   5.7925820e+06   1.9042969e+01
   5.7928110e+06   1.6601562e+01
   5.7941930e+06   1.6357422e+01
   5.7945260e+06   1.7211914e+01
   5.7955390e+06   1.9226074e+01
   5.7963940e+06   1.8066406e+01
   5.8018840e+06   2.8503418e+01
   5.8019060e+06   1.9470215e+01
   5.8019540e+06   2.1240234e+01
   5.8019730e+06   3.1860352e+01
   5.8020970e+06   1.6540527e+01
   5.8049360e+06   1.7150879e+01
   5.8064980e+06   3.5217285e+01
   5.8065210e+06   1.8615723e+01
   5.8065420e+06   2.3254395e+01
   5.8065680e+06   1.7456055e+01
   5.8065960e+06   1.7395020e+01
   5.8066070e+06   2.4475098e+01
   5.8066290e+06   2.0446777e+01
   5.8066420e+06   1.9592285e+01
   5.8066900e+06   2.8869629e+01
   5.8067190e+06   3.0029297e+01
   5.8067450e+06   1.8493652e+01
   5.8119780e+06   3.5949707e+01
   5.8120130e+06   2.0446777e+01
   5.8120260e+06   3.3752441e+01
   5.8120550e+06   1.9226074e+01
   5.8120990e+06   2.6855469e+01
   5.8121200e+06   1.7150879e+01
   5.8122010e+06   1.8920898e+01
   5.8122250e+06   1.7089844e+01
   5.8122550e+06   1.9714355e+01
   5.8175460e+06   3.8574219e+01
   5.8176120e+06   4.7119141e+01
   5.8176780e+06   1.7517090e+01
   5.8176970e+06   3.2348633e+01
   5.8177070e+06   1.7517090e+01
   5.8178720e+06   2.1179199e+01
   5.8243820e+06   3.5095215e+01
   5.8243950e+06   1.8432617e+01
   5.8244060e+06   1.7578125e+01
   5.8244450e+06   2.4841309e+01
   5.8244860e+06   2.4414062e+01
   5.8245170e+06   2.7099609e+01
   5.8245570e+06   2.6306152e+01
   5.8245930e+06   4.5104980e+01
   5.8246360e+06   1.9409180e+01
   5.8246460e+06   1.8920898e+01
   5.8246820e+06   1.6357422e+01
   5.8247130e+06   2.5146484e+01
   5.8293360e+06   1.6906738e+01
   5.8294160e+06   3.6010742e+01
   5.8294300e+06   2.2583008e+01
   5.8295020e+06   1.8737793e+01
   5.8295900e+06   1.9165039e+01
   5.8297100e+06   1.8127441e+01
   5.8298060e+06   1.9104004e+01
   5.8347410e+06   1.8859863e+01
   5.8347600e+06   3.4423828e+01
   5.8348030e+06   2.7221680e+01
   5.8348320e+06   2.4597168e+01
   5.8348580e+06   1.6296387e+01
   5.8348780e+06   3.4362793e+01
   5.8348900e+06   2.5573730e+01
   5.8349840e+06   1.7517090e+01
   5.8417290e+06   3.6132812e+01
   5.8417700e+06   1.7578125e+01
   5.8417920e+06   3.5644531e+01
   5.8418300e+06   2.3071289e+01
   5.8418540e+06   2.7587891e+01
   5.8418750e+06   2.0690918e+01
   5.8418990e+06   1.7944336e+01
   5.8419230e+06   2.7099609e+01
   5.8419350e+06   1.8554688e+01
   5.8419710e+06   1.6784668e+01
   5.8420100e+06   1.6235352e+01
   5.8421980e+06   1.6662598e+01
   5.8424140e+06   1.7883301e+01
   5.8430300e+06   2.2277832e+01
   5.8514870e+06   2.8869629e+01
   5.8515000e+06   2.1545410e+01
   5.8515330e+06   2.0080566e+01
   5.8515520e+06   2.2827148e+01
   5.8515970e+06   1.6967773e+01
   5.8516250e+06   3.9978027e+01
   5.8516880e+06   2.0812988e+01
   5.8517160e+06   3.5095215e+01
   5.8521500e+06   1.9531250e+01
   5.8584490e+06   1.6723633e+01
   5.8592610e+06   1.8310547e+01
   5.8593470e+06   2.6977539e+01
   5.8594420e+06   1.6662598e+01
   5.8594610e+06   1.9226074e+01
   5.8595200e+06   1.8737793e+01
   5.8595880e+06   1.7395020e+01
   5.8596020e+06   1.6784668e+01
   5.8616280e+06   1.6540527e+01
   5.8684220e+06   2.3803711e+01
   5.8684370e+06   2.1301270e+01
   5.8684650e+06   2.2521973e+01
   5.8684800e+06   2.4597168e+01
   5.8684910e+06   1.8859863e+01
   5.8685180e+06   1.6662598e+01
   5.8685340e+06   1.8981934e+01
   5.8685450e+06   2.7282715e+01
   5.8685760e+06   3.1555176e+01
   5.8686240e+06   4.0222168e+01
   5.8686500e+06   2.7648926e+01
   5.8686740e+06   1.9531250e+01
   5.8687030e+06   2.9113770e+01
   5.8687410e+06   2.2155762e+01
   5.8688070e+06   2.1728516e+01
   5.8689020e+06   1.9470215e+01
   5.8690490e+06   2.0324707e+01
   5.8691070e+06   1.8371582e+01
   5.8691470e+06   1.7395020e+01
   5.8692930e+06   1.6540527e+01
   5.8696040e+06   2.0446777e+01
   5.8697430e+06   1.8310547e+01
   5.8772160e+06   2.0874023e+01
   5.8773190e+06   1.8798828e+01
   5.8773870e+06   1.6784668e+01
   5.8820000e+06   1.6845703e+01
   5.8856260e+06   1.8371582e+01
   5.8858720e+06   1.9226074e+01
   5.8859220e+06   1.7944336e+01
   5.8859440e+06   1.7639160e+01
   5.8859890e+06   1.6845703e+01
   5.8860100e+06   3.2470703e+01
   5.8861240e+06   1.8493652e+01
   5.8861960e+06   1.9287109e+01
   5.8953270e+06   1.9653320e+01
   5.8953370e+06   4.3151855e+01
   5.8953710e+06   2.6123047e+01
   5.8953980e+06   2.3437500e+01
   5.8954110e+06   2.3315430e+01
   5.8954210e+06   2.2155762e+01
   5.8954370e+06   2.1240234e+01
   5.8954540e+06   3.0151367e+01
   5.8954750e+06   1.8249512e+01
   5.8955020e+06   2.4963379e+01
   5.8955390e+06   1.9042969e+01
   5.8955510e+06   2.1240234e+01
   5.8955920e+06   2.8381348e+01
   5.8956750e+06   2.1484375e+01
   5.8956970e+06   3.1433105e+01
   5.8957220e+06   2.1728516e+01
   5.8958060e+06   1.8127441e+01
   5.8958740e+06   1.9714355e+01
   5.8959220e+06   1.7272949e+01
   5.8960160e+06   1.6296387e+01
   5.8960770e+06   1.9531250e+01
   5.8961750e+06   1.8615723e+01
   5.8962150e+06   1.6723633e+01
   5.8974610e+06   1.6357422e+01
   5.9037690e+06   1.9165039e+01
   5.9073880e+06   1.8859863e+01
   5.9074060e+06   1.6418457e+01
   5.9075150e+06   1.6662598e+01
   5.9076160e+06   1.9287109e+01
   5.9079170e+06   1.7700195e+01
   5.9087050e+06   1.6357422e+01
   5.9150790e+06   2.1118164e+01
   5.9152130e+06   1.7700195e+01
   5.9152410e+06   2.1545410e+01
   5.9152790e+06   4.5227051e+01
   5.9152920e+06   2.5268555e+01
   5.9153200e+06   1.8188477e+01
   5.9153620e+06   3.4545898e+01
   5.9153840e+06   1.7822266e+01
   5.9154110e+06   1.9348145e+01
   5.9154360e+06   2.7954102e+01
   5.9154500e+06   3.4362793e+01
   5.9155140e+06   1.9287109e+01
   5.9155540e+06   1.6418457e+01
   5.9155860e+06   2.2644043e+01
   5.9157650e+06   1.7028809e+01
   5.9158010e+06   1.7456055e+01
   5.9158410e+06   1.7028809e+01
   5.9159660e+06   1.7822266e+01
   5.9161580e+06   1.6662598e+01
   5.9167000e+06   1.8127441e+01
   5.9170090e+06   1.6662598e+01
   5.9172140e+06   1.8493652e+01
   5.9223030e+06   1.6601563e+01
   5.9243320e+06   1.6601562e+01
   5.9244930e+06   2.2949219e+01
   5.9245390e+06   1.6723633e+01
   5.9245900e+06   1.6845703e+01
   5.9246520e+06   1.8310547e+01
   5.9246800e+06   2.0263672e+01
   5.9281270e+06   2.1179199e+01
   5.9281650e+06   1.6662598e+01
   5.9282290e+06   1.8249512e+01
   5.9282750e+06   1.9714355e+01
   5.9283070e+06   1.6601562e+01
   5.9283270e+06   2.1972656e+01
   5.9283740e+06   1.6845703e+01
   5.9284100e+06   1.7150879e+01
   5.9325230e+06   1.6845703e+01
   5.9325750e+06   1.9958496e+01
   5.9327400e+06   1.8188477e+01
   5.9409570e+06   1.7272949e+01
   5.9430040e+06   2.0263672e+01
   5.9430440e+06   1.6784668e+01
   5.9431390e+06   2.0141602e+01
   5.9431830e+06   1.6418457e+01
   5.9432730e+06   2.1606445e+01
   5.9433420e+06   2.9296875e+01
   5.9433750e+06   2.0141602e+01
   5.9434080e+06   1.7700195e+01
   5.9437540e+06   2.2888184e+01
   5.9438460e+06   1.9714355e+01
   5.9438620e+06   1.6357422e+01
   5.9439450e+06   1.6235352e+01
   5.9441380e+06   1.8554688e+01
   5.9442970e+06   1.9042969e+01
   5.9509070e+06   1.6662598e+01
   5.9511450e+06   1.8188477e+01
   5.9512250e+06   1.9409180e+01
   5.9513500e+06   2.1545410e+01
   5.9549690e+06   1.6784668e+01
   5.9550480e+06   1.8371582e+01
   5.9592160e+06   1.9958496e+01
   5.9592690e+06   1.9775391e+01
   5.9593220e+06   1.8005371e+01
   5.9594220e+06   1.7578125e+01
   5.9595010e+06   1.6540527e+01
   5.9678650e+06   1.6662598e+01
   5.9679400e+06   1.8371582e+01
   5.9679690e+06   2.0568848e+01
   5.9680140e+06   2.0874023e+01
   5.9680530e+06   2.1606445e+01
   5.9680840e+06   1.6967773e+01
   5.9681360e+06   1.8798828e+01
   5.9681700e+06   1.8981934e+01
   5.9682030e+06   1.6601562e+01
   5.9682320e+06   2.3620605e+01
   5.9684350e+06   1.8066406e+01
   5.9685340e+06   1.7639160e+01
   5.9686650e+06   1.7883301e+01
   5.9687800e+06   1.6967773e+01
   5.9689840e+06   1.9653320e+01
   5.9690990e+06   2.1728516e+01
   5.9752800e+06   1.6418457e+01
   5.9757260e+06   1.7517090e+01
   5.9758300e+06   1.8432617e+01
   5.9758860e+06   1.7639160e+01
   5.9804410e+06   1.8493652e+01
   5.9805150e+06   1.6845703e+01
   5.9805460e+06   2.2705078e+01
   5.9805640e+06   1.8249512e+01
   5.9805850e+06   1.8676758e+01
   5.9807560e+06   1.6296387e+01
   5.9876380e+06   2.0446777e+01
   5.9876750e+06   2.0324707e+01
   5.9876910e+06   1.7639160e+01
   5.9877530e+06   1.7822266e+01
   5.9879210e+06   1.6235352e+01
   5.9879490e+06   2.0263672e+01
   5.9879980e+06   2.3620605e+01
   5.9880310e+06   1.6357422e+01
   5.9881540e+06   1.8005371e+01
   5.9951290e+06   1.9653320e+01
   5.9951880e+06   1.6540527e+01
   5.9953120e+06   1.8188477e+01
   5.9953970e+06   2.1667480e+01
