   5.9980000e+06   0.0000000e+00
   1.3414400e+05   1.7761230e+01
   2.0432300e+05   2.1301270e+01
   2.0474400e+05   2.0751953e+01
   2.0500200e+05   1.7578125e+01
   2.4585200e+05   1.7700195e+01
   3.6581700e+05   1.8127441e+01
   4.6522000e+05   2.2033691e+01
   4.6550100e+05   1.9531250e+01
   5.0619800e+05   2.0385742e+01
   5.0637000e+05   2.3010254e+01
   5.0669200e+05   2.2338867e+01
   5.0690100e+05   1.9531250e+01
   5.0708000e+05   1.6662598e+01
   5.4751200e+05   2.1850586e+01
   5.4776200e+05   2.1179199e+01
   5.4952400e+05   1.9775391e+01
   6.6083100e+05   2.5268555e+01
   6.7436100e+05   2.0324707e+01
   6.7449300e+05   2.0019531e+01
   7.1451800e+05   1.7517090e+01
   7.1484100e+05   1.8005371e+01
   7.1502500e+05   2.0019531e+01
   7.1514900e+05   1.8798828e+01
   7.1543200e+05   1.7822266e+01
   7.1569000e+05   1.7639160e+01
   7.1580800e+05   1.8066406e+01
   7.1620700e+05   1.7333984e+01
   7.1633700e+05   1.8005371e+01
   7.1685300e+05   1.7272949e+01
   7.1729900e+05   2.1484375e+01
   7.1775600e+05   1.9470215e+01
   7.1853700e+05   1.7150879e+01
   8.2759300e+05   1.6601562e+01
   8.4151900e+05   2.1484375e+01
   8.4175300e+05   2.1423340e+01
   8.4190900e+05   2.0263672e+01
   8.4208400e+05   1.7395020e+01
   8.4254900e+05   1.7089844e+01
   8.4298800e+05   1.7272949e+01
   8.4351300e+05   1.9897461e+01
   8.5325900e+05   1.6601562e+01
   8.9111700e+05   1.7456055e+01
   8.9159100e+05   1.9226074e+01
   9.3119900e+05   2.1179199e+01
   9.3164700e+05   1.7028809e+01
   9.3179900e+05   1.8859863e+01
   1.1554240e+06   2.6977539e+01
   1.1686000e+06   1.7089844e+01
   1.1909490e+06   2.4658203e+01
   1.1909770e+06   2.2338867e+01
   1.1910510e+06   1.8005371e+01
   1.1910770e+06   2.4108887e+01
   1.1913260e+06   1.8188477e+01
   1.1996920e+06   2.1667480e+01
   1.1997260e+06   1.8371582e+01
   1.1998820e+06   1.9104004e+01
   1.2047550e+06   1.7883301e+01
   1.2047820e+06   2.0080566e+01
   1.2048300e+06   1.6662598e+01
   1.2049100e+06   2.4414062e+01
   1.2624240e+06   1.6967773e+01
   1.2624410e+06   1.6845703e+01
   1.2625320e+06   2.1972656e+01
   1.2625690e+06   2.8015137e+01
   1.2626200e+06   1.9897461e+01
   1.2626550e+06   1.6601562e+01
   1.2680810e+06   1.6845703e+01
   1.2699270e+06   1.6906738e+01
   1.2706430e+06   1.8188477e+01
   1.2848200e+06   2.1850586e+01
   1.2848500e+06   1.9042969e+01
   1.2849780e+06   1.9592285e+01
   1.2905730e+06   1.7395020e+01
   1.2906920e+06   1.9592285e+01
   1.2913370e+06   1.7456055e+01
   1.4745780e+06   1.9470215e+01
   1.5567590e+06   2.2827148e+01
   1.5648700e+06   2.0202637e+01
   1.5650430e+06   1.8554688e+01
   1.5653330e+06   1.7333984e+01
   1.6895530e+06   2.5573730e+01
   1.7894960e+06   1.7150879e+01
   1.8481930e+06   1.7639160e+01
   1.9381940e+06   1.8127441e+01
   1.9382940e+06   1.6540527e+01
   1.9429350e+06   1.6662598e+01
   1.9438640e+06   1.7028809e+01
   2.1076020e+06   1.8676758e+01
   2.2965300e+06   2.1484375e+01
   2.2977280e+06   2.4108887e+01
   2.2979300e+06   2.3376465e+01
   2.3112600e+06   2.3803711e+01
   2.3315010e+06   2.0812988e+01
   2.3325750e+06   2.1118164e+01
   2.3333600e+06   1.6967773e+01
   2.3336110e+06   2.1484375e+01
   2.3338110e+06   1.8005371e+01
   2.3339430e+06   1.9653320e+01
   2.3352150e+06   2.5268555e+01
   2.3354290e+06   2.0019531e+01
   2.3358550e+06   1.7028809e+01
   2.3380410e+06   1.6845703e+01
   2.3443770e+06   1.6906738e+01
   2.4100090e+06   1.8615723e+01
   2.4102780e+06   2.4047852e+01
   2.4309570e+06   1.7089844e+01
   2.4339720e+06   2.4597168e+01
   2.4347090e+06   2.4475098e+01
   2.4349050e+06   1.8798828e+01
   2.4350460e+06   2.1423340e+01
   2.4359330e+06   2.1118164e+01
   2.4363250e+06   2.0935059e+01
   2.4470660e+06   1.7456055e+01
   2.4612550e+06   1.7211914e+01
   2.5295440e+06   1.7578125e+01
   2.5295650e+06   2.0996094e+01
   2.5297600e+06   1.6723633e+01
   2.6215100e+06   2.2338867e+01
   2.6298640e+06   1.6784668e+01
   2.7206720e+06   2.0629883e+01
   2.7845630e+06   1.6662598e+01
   2.8777810e+06   2.2644043e+01
   2.8780850e+06   2.1240234e+01
   2.8782400e+06   1.7822266e+01
   2.8784200e+06   1.8127441e+01
   2.8995480e+06   2.2949219e+01
   2.8997400e+06   1.7761230e+01
   2.8999760e+06   2.4719238e+01
   2.9097650e+06   1.6601562e+01
   2.9447950e+06   2.3864746e+01
   2.9477070e+06   2.1728516e+01
   2.9687350e+06   2.2705078e+01
   2.9689090e+06   1.7456055e+01
   2.9894260e+06   2.2460938e+01
   3.0689550e+06   2.1545410e+01
   3.0690270e+06   2.0141602e+01
   3.0692740e+06   1.9897461e+01
   3.0699440e+06   2.4597168e+01
   3.0700630e+06   1.9409180e+01
   3.0701450e+06   1.8249512e+01
   3.0702820e+06   1.7272949e+01
   3.0704200e+06   1.7333984e+01
   3.0708920e+06   2.1606445e+01
   3.0715320e+06   2.2155762e+01
   3.1104950e+06   2.0446777e+01
   3.1106670e+06   1.7211914e+01
   3.1107880e+06   1.9287109e+01
   3.1113170e+06   1.9714355e+01
   3.1116170e+06   1.8981934e+01
   3.1405360e+06   1.9531250e+01
   3.1976070e+06   1.7333984e+01
   3.1977730e+06   2.2033691e+01
   3.1981850e+06   1.8432617e+01
   3.1983970e+06   1.6906738e+01
   3.1986170e+06   1.8859863e+01
   3.2363210e+06   1.8920898e+01
   3.2789230e+06   2.4230957e+01
   3.2791160e+06   2.2644043e+01
   3.2794960e+06   2.0751953e+01
   3.3255550e+06   1.9714355e+01
   3.3506450e+06   1.7089844e+01
   3.3507380e+06   1.8859863e+01
   3.3508540e+06   2.2888184e+01
   3.3518030e+06   2.1362305e+01
   3.3523990e+06   1.9897461e+01
   3.3525090e+06   1.7211914e+01
   3.3528060e+06   1.7456055e+01
   3.4013820e+06   2.3132324e+01
   3.4142580e+06   1.7272949e+01
   3.4147450e+06   1.7456055e+01
   3.4151970e+06   2.2033691e+01
   3.4153610e+06   2.0874023e+01
   3.4157680e+06   2.4230957e+01
   3.4161870e+06   1.8188477e+01
   3.4162890e+06   1.8737793e+01
   3.4165140e+06   1.8127441e+01
   3.4167170e+06   1.8493652e+01
   3.4170070e+06   1.8493652e+01
   3.4364810e+06   2.0507812e+01
   3.4367650e+06   2.2399902e+01
   3.4682160e+06   2.1484375e+01
   3.5043660e+06   2.3315430e+01
   3.5051460e+06   1.8493652e+01
   3.5054040e+06   2.2949219e+01
   3.5055050e+06   1.8493652e+01
   3.5060650e+06   1.9653320e+01
   3.5061820e+06   1.8188477e+01
   3.5065660e+06   1.6967773e+01
   3.5068630e+06   1.7089844e+01
   3.5071540e+06   1.6967773e+01
   3.5279430e+06   2.7587891e+01
   3.5303720e+06   1.8432617e+01
   3.5823480e+06   1.6784668e+01
   4.5216030e+06   1.8127441e+01
   4.5216880e+06   1.7700195e+01
   4.5218660e+06   1.9714355e+01
   4.5220180e+06   2.2155762e+01
   4.5221430e+06   1.9653320e+01
   4.5224280e+06   1.6845703e+01
   4.5227020e+06   1.7028809e+01
   4.5229460e+06   1.8859863e+01
   4.5232260e+06   1.7089844e+01
   4.5597060e+06   2.1179199e+01
   4.5621020e+06   2.0263672e+01
   4.5629260e+06   1.6784668e+01
   4.5981710e+06   2.2766113e+01
   4.5984310e+06   2.2888184e+01
   4.5985400e+06   2.1789551e+01
   4.6708750e+06   2.2583008e+01
   4.6709900e+06   1.7028809e+01
   4.6713110e+06   2.6428223e+01
   4.6717740e+06   1.8676758e+01
   4.7519470e+06   2.0141602e+01
   4.7876350e+06   2.4841309e+01
   4.7877960e+06   1.8127441e+01
   4.8071270e+06   2.0690918e+01
   4.8073430e+06   1.7822266e+01
   4.8075590e+06   1.8737793e+01
   4.8076760e+06   1.7395020e+01
   4.8078050e+06   1.7211914e+01
   4.8079310e+06   1.8920898e+01
   4.8081480e+06   1.8188477e+01
   4.8085190e+06   1.7700195e+01
   4.8088280e+06   1.6906738e+01
   4.8090180e+06   1.7211914e+01
   4.8094120e+06   1.8859863e+01
   4.8098560e+06   2.0324707e+01
   4.8103120e+06   1.7456055e+01
   4.8350990e+06   1.8859863e+01
   4.8709490e+06   2.0324707e+01
   4.9089530e+06   2.4841309e+01
   4.9132470e+06   2.1362305e+01
   4.9547050e+06   2.3498535e+01
   4.9552110e+06   1.9226074e+01
   4.9828170e+06   3.1127930e+01
   4.9833850e+06   2.5695801e+01
   4.9842990e+06   1.9042969e+01
   5.0140620e+06   2.5512695e+01
   5.0345520e+06   1.7272949e+01
   5.0924810e+06   2.3925781e+01
   5.0926860e+06   1.9531250e+01
   5.0928050e+06   1.7028809e+01
   5.0930720e+06   2.1606445e+01
   5.0932800e+06   1.7700195e+01
   5.0934790e+06   2.2094727e+01
   5.1047600e+06   1.8615723e+01
   5.1562730e+06   2.4902344e+01
   5.1766220e+06   1.7517090e+01
   5.1840090e+06   2.2094727e+01
   5.1979470e+06   2.2949219e+01
   5.2482940e+06   2.4108887e+01
   5.2877240e+06   2.0263672e+01
   5.2878610e+06   2.0874023e+01
   5.3931630e+06   1.8554688e+01
   5.3935610e+06   1.7272949e+01
   5.3939750e+06   2.1545410e+01
   5.3941050e+06   1.9104004e+01
   5.3951290e+06   2.7343750e+01
   5.3954300e+06   1.9775391e+01
   5.3955590e+06   1.7456055e+01
   5.3965120e+06   1.8005371e+01
   5.3971920e+06   1.9653320e+01
   5.3974410e+06   1.7395020e+01
   5.3981070e+06   1.8127441e+01
   5.3982800e+06   1.7028809e+01
   5.4450270e+06   1.9592285e+01
   5.4779220e+06   1.7028809e+01
   5.4962340e+06   2.2155762e+01
   5.5398440e+06   2.5512695e+01
   5.5406250e+06   2.3315430e+01
   5.5713260e+06   1.6540527e+01
   5.5914460e+06   1.7578125e+01
   5.6242910e+06   1.9165039e+01
   5.6249230e+06   1.9287109e+01
   5.8242970e+06   1.6662598e+01
   5.8246560e+06   1.6967773e+01
   5.8419380e+06   1.9226074e+01
   5.8594500e+06   1.8615723e+01
   5.8685170e+06   1.9531250e+01
   5.8685760e+06   1.7944336e+01
   5.8686430e+06   1.6662598e+01
   5.8860630e+06   1.7333984e+01
   5.8861190e+06   1.8249512e+01
   5.8954140e+06   2.3376465e+01
   5.8954650e+06   1.6784668e+01
   5.8955230e+06   1.7395020e+01
   5.8955360e+06   2.4841309e+01
   5.9152990e+06   2.1545410e+01
   5.9153590e+06   1.9897461e+01
   5.9154590e+06   2.5939941e+01
   5.9282760e+06   1.9592285e+01
   5.9283600e+06   1.7761230e+01
   5.9326220e+06   1.9470215e+01
   5.9433200e+06   2.7038574e+01
   5.9433470e+06   1.7150879e+01
   5.9433720e+06   1.8371582e+01
   5.9433820e+06   1.8859863e+01
   5.9434220e+06   1.8432617e+01
   5.9435380e+06   2.7709961e+01
   5.9514100e+06   1.9897461e+01
   5.9551200e+06   2.0263672e+01
   5.9594340e+06   1.7517090e+01
   5.9680190e+06   2.4108887e+01
   5.9680750e+06   2.0690918e+01
   5.9681250e+06   1.7700195e+01
   5.9681460e+06   2.2705078e+01
   5.9681590e+06   1.8310547e+01
   5.9682460e+06   1.6967773e+01
   5.9684830e+06   1.9287109e+01
   5.9686100e+06   2.0141602e+01
   5.9687420e+06   1.6845703e+01
   5.9873980e+06   1.6906738e+01
   5.9875440e+06   1.7822266e+01
   5.9875890e+06   1.6540527e+01
   5.9876600e+06   1.7089844e+01
   5.9877250e+06   1.8005371e+01
   5.9879100e+06   1.6540527e+01
   5.9948500e+06   2.1301270e+01
   5.9949620e+06   1.9348145e+01
   5.9950380e+06   1.7089844e+01
   5.9950660e+06   1.8615723e+01
   5.9950760e+06   1.7883301e+01
   5.9952980e+06   1.6601562e+01
