   5.9980000e+06   0.0000000e+00
   1.1843000e+04   1.6784668e+01
   1.1993000e+04   1.8371582e+01
   1.3631000e+04   1.9897461e+01
   1.4135000e+04   1.8737793e+01
   1.3531700e+05   1.9165039e+01
   1.3708400e+05   1.7456055e+01
   1.3884700e+05   1.7578125e+01
   1.3917100e+05   1.8310547e+01
   2.4496200e+05   1.8249512e+01
   5.4743000e+05   1.8798828e+01
   5.7787800e+05   1.7517090e+01
   7.3906500e+05   1.8310547e+01
   7.4199900e+05   1.9287109e+01
   9.3180200e+05   1.7333984e+01
   1.0640330e+06   1.8371582e+01
   1.1279280e+06   1.8737793e+01
   1.1279590e+06   2.0324707e+01
   1.1279730e+06   1.7517090e+01
   1.1432110e+06   1.9470215e+01
   1.1553950e+06   1.8859863e+01
   1.1554230e+06   2.6367188e+01
   1.1554670e+06   2.0080566e+01
   1.1685960e+06   1.9653320e+01
   1.1686710e+06   1.7028809e+01
   1.1729410e+06   1.7395020e+01
   1.1731030e+06   1.7272949e+01
   1.1802630e+06   1.7272949e+01
   1.1803310e+06   1.8615723e+01
   1.1909390e+06   1.8310547e+01
   1.1909590e+06   2.5695801e+01
   1.1909880e+06   1.7944336e+01
   1.1910330e+06   1.8127441e+01
   1.1914810e+06   1.8066406e+01
   1.1915770e+06   1.7089844e+01
   1.1921520e+06   1.6967773e+01
   1.1997510e+06   1.9836426e+01
   1.2047870e+06   1.7578125e+01
   1.2048260e+06   1.9348145e+01
   1.2049880e+06   1.8981934e+01
   1.2053970e+06   1.8127441e+01
   1.2624090e+06   1.9287109e+01
   1.2624540e+06   1.9836426e+01
   1.2625110e+06   2.2583008e+01
   1.2625380e+06   1.7089844e+01
   1.2625590e+06   2.1667480e+01
   1.2625920e+06   1.7639160e+01
   1.2908000e+06   2.0751953e+01
   1.5597670e+06   1.7761230e+01
   1.6881840e+06   1.8615723e+01
   1.6883140e+06   1.7395020e+01
   1.7837640e+06   1.7028809e+01
   1.7861300e+06   1.9226074e+01
   1.8441700e+06   1.7578125e+01
   1.8442200e+06   1.8981934e+01
   1.8473640e+06   1.7761230e+01
   1.8481190e+06   1.8615723e+01
   1.8532460e+06   1.7700195e+01
   1.9417120e+06   1.9897461e+01
   1.9428400e+06   1.9714355e+01
   1.9460170e+06   1.7211914e+01
   1.9473060e+06   1.7028809e+01
   2.0373830e+06   1.7333984e+01
   2.0406640e+06   1.7822266e+01
   2.2016770e+06   1.9836426e+01
   2.6264430e+06   1.8615723e+01
   2.7210600e+06   1.8554688e+01
   2.7221000e+06   1.7700195e+01
   2.7243110e+06   1.7150879e+01
   2.7751380e+06   1.9042969e+01
   2.7753840e+06   2.2033691e+01
   2.8066150e+06   1.7639160e+01
   2.9238310e+06   1.7333984e+01
   2.9241680e+06   1.9775391e+01
   3.1334590e+06   1.9348145e+01
   3.2002280e+06   1.9592285e+01
   3.6116490e+06   1.7883301e+01
   4.2110150e+06   1.8554688e+01
   4.2791390e+06   1.7211914e+01
   4.2903800e+06   2.0080566e+01
   4.8877320e+06   1.6845703e+01
   4.9124370e+06   1.6784668e+01
   4.9337860e+06   1.7700195e+01
   5.0727600e+06   1.7700195e+01
   5.3083730e+06   1.9531250e+01
   5.3107760e+06   1.9287109e+01
   5.4777830e+06   1.9531250e+01
   5.5086880e+06   1.7578125e+01
   5.5213700e+06   1.7700195e+01
   5.5846120e+06   1.7639160e+01
   5.6003830e+06   1.7639160e+01
   5.6262690e+06   1.8066406e+01
   5.6416930e+06   1.7150879e+01
   5.6562280e+06   1.8981934e+01
   5.6836200e+06   1.7761230e+01
   5.7083410e+06   1.6906738e+01
   5.7091410e+06   1.9165039e+01
   5.7198590e+06   2.0324707e+01
   5.7489570e+06   1.7089844e+01
   5.7565300e+06   1.7272949e+01
   5.7577710e+06   1.7272949e+01
   5.7699620e+06   1.7272949e+01
   5.8020090e+06   1.9836426e+01
   5.8065650e+06   1.7822266e+01
   5.8065760e+06   1.8371582e+01
   5.8120290e+06   1.8920898e+01
   5.8246570e+06   1.7089844e+01
   5.8347960e+06   1.7150879e+01
   5.8417910e+06   1.7211914e+01
   5.8418690e+06   1.7089844e+01
   5.8419950e+06   1.9409180e+01
   5.8515490e+06   1.8249512e+01
   5.8515650e+06   1.9226074e+01
   5.8684560e+06   1.7456055e+01
   5.8684920e+06   2.1118164e+01
   5.8686150e+06   1.8737793e+01
   5.8686290e+06   2.0751953e+01
   5.8859990e+06   1.9104004e+01
   5.8860980e+06   1.9348145e+01
   5.8954370e+06   1.7883301e+01
   5.8955250e+06   1.6845703e+01
   5.9152970e+06   1.9409180e+01
   5.9153480e+06   1.6906738e+01
   5.9154630e+06   1.7272949e+01
   5.9433540e+06   1.8493652e+01
   5.9433680e+06   1.9897461e+01
   5.9434610e+06   2.6062012e+01
   5.9680250e+06   1.7883301e+01
   5.9680790e+06   1.6845703e+01
   5.9758840e+06   1.7578125e+01
   5.9881130e+06   1.7456055e+01
