   5.9980000e+06   0.0000000e+00
   2.4502100e+05   1.7883301e+01
   5.1536500e+05   1.7944336e+01
   8.1190700e+05   1.7517090e+01
   1.0803920e+06   4.3762207e+01
   1.1046960e+06   4.1015625e+01
   1.1047560e+06   3.6193848e+01
   1.1279120e+06   3.8696289e+01
   1.1279320e+06   2.2399902e+01
   1.1279510e+06   2.8991699e+01
   1.1279800e+06   2.2888184e+01
   1.1554040e+06   3.7109375e+01
   1.1554430e+06   2.3437500e+01
   1.1554620e+06   2.1545410e+01
   1.1554960e+06   1.9409180e+01
   1.1555160e+06   1.7028809e+01
   1.1555410e+06   1.7639160e+01
   1.1686100e+06   4.0039062e+01
   1.1729360e+06   4.3884277e+01
   1.1730060e+06   2.5634766e+01
   1.1730220e+06   3.3508301e+01
   1.1730960e+06   3.0029297e+01
   1.1774470e+06   4.1625977e+01
   1.1802840e+06   3.8940430e+01
   1.1909420e+06   4.5471191e+01
   1.1909700e+06   3.0395508e+01
   1.1914620e+06   2.0568848e+01
   1.1916640e+06   2.9113770e+01
   1.1997050e+06   3.4484863e+01
   1.1997830e+06   3.5705566e+01
   1.1998200e+06   1.9226074e+01
   1.1998420e+06   2.9174805e+01
   1.2047610e+06   3.8696289e+01
   1.2048070e+06   2.2583008e+01
   1.2048260e+06   2.9174805e+01
   1.2048670e+06   2.0263672e+01
   1.2048960e+06   1.8432617e+01
   1.2051830e+06   2.1545410e+01
   1.2053310e+06   2.8442383e+01
   1.2101270e+06   1.7333984e+01
   1.2149240e+06   1.9653320e+01
   1.2624240e+06   4.6569824e+01
   1.2624410e+06   3.5400391e+01
   1.2624820e+06   2.7282715e+01
   1.2625110e+06   1.7211914e+01
   1.2630760e+06   2.4658203e+01
   1.2631920e+06   1.6967773e+01
   1.2633340e+06   2.3254395e+01
   1.2635160e+06   1.7883301e+01
   1.2681440e+06   2.9968262e+01
   1.2707770e+06   3.6560059e+01
   1.2848400e+06   4.0100098e+01
   1.2848880e+06   2.7893066e+01
   1.2849510e+06   2.7587891e+01
   1.2849800e+06   2.0507812e+01
   1.2850270e+06   2.6184082e+01
   1.2851200e+06   2.5695801e+01
   1.2852380e+06   2.7587891e+01
   1.2906290e+06   3.9916992e+01
   1.2907060e+06   1.7700195e+01
   1.2907720e+06   3.5766602e+01
   1.6313040e+06   1.9042969e+01
   1.7663990e+06   1.9042969e+01
   1.8456130e+06   1.7883301e+01
   1.9415610e+06   1.9165039e+01
   2.0415100e+06   1.7211914e+01
   2.0756230e+06   1.8188477e+01
   2.3070940e+06   1.7211914e+01
   2.6249100e+06   1.8493652e+01
   2.6305730e+06   1.7761230e+01
   2.7482300e+06   4.6325684e+01
   2.7771700e+06   1.8066406e+01
   2.9241680e+06   1.7150879e+01
   3.0828840e+06   1.8066406e+01
   3.2280620e+06   1.8371582e+01
   3.2425480e+06   1.7456055e+01
   3.3217050e+06   1.8859863e+01
   3.3410870e+06   1.7700195e+01
   3.3571120e+06   1.7089844e+01
   3.4810920e+06   1.7028809e+01
   3.5730180e+06   1.8371582e+01
   3.8912800e+06   1.7333984e+01
   3.9228410e+06   3.1005859e+01
   4.0258550e+06   1.8493652e+01
   4.0840480e+06   3.3630371e+01
   4.0933830e+06   3.6926270e+01
   4.1040150e+06   3.8269043e+01
   4.1099440e+06   1.6906738e+01
   4.1202450e+06   3.6254883e+01
   4.1327810e+06   3.6254883e+01
   4.1484970e+06   3.5461426e+01
   4.1485820e+06   3.9001465e+01
   4.1798140e+06   4.1687012e+01
   4.1799200e+06   4.3640137e+01
   4.1879650e+06   1.6906738e+01
   4.1971390e+06   3.7475586e+01
   4.1972200e+06   3.8513184e+01
   4.2110110e+06   3.7231445e+01
   4.2110680e+06   3.1250000e+01
   4.2282980e+06   3.8269043e+01
   4.2381360e+06   3.7536621e+01
   4.2382200e+06   3.6804199e+01
   4.2487220e+06   4.0222168e+01
   4.2487720e+06   3.2348633e+01
   4.2593040e+06   3.7292480e+01
   4.2695620e+06   3.6376953e+01
   4.2790630e+06   3.5644531e+01
   4.2791320e+06   4.0344238e+01
   4.2903910e+06   3.7414551e+01
   4.2904430e+06   3.2287598e+01
   4.3016300e+06   3.3569336e+01
   4.3113740e+06   3.3447266e+01
   4.3221040e+06   3.5278320e+01
   4.3221560e+06   3.5766602e+01
   4.3354900e+06   4.2602539e+01
   4.3460890e+06   3.5827637e+01
   4.3550800e+06   3.8696289e+01
   4.3640960e+06   3.9916992e+01
   4.5016690e+06   1.6906738e+01
   4.6325380e+06   1.7456055e+01
   4.9486410e+06   1.7578125e+01
   5.1525120e+06   1.7639160e+01
   5.4359790e+06   1.7639160e+01
   5.6638300e+06   1.6967773e+01
   5.6844470e+06   1.8188477e+01
   5.7104240e+06   1.7578125e+01
   5.7469020e+06   1.7211914e+01
   5.8241680e+06   1.7944336e+01
   5.8685880e+06   1.9592285e+01
   5.8686570e+06   1.9226074e+01
   5.8955060e+06   4.2724609e+01
   5.8955680e+06   4.3640137e+01
   5.9154410e+06   4.2297363e+01
   5.9155360e+06   1.7028809e+01
   5.9266420e+06   1.6967773e+01
   5.9433160e+06   1.7517090e+01
   5.9433350e+06   3.9184570e+01
   5.9433580e+06   2.0935059e+01
   5.9433820e+06   3.3203125e+01
   5.9434110e+06   1.9287109e+01
   5.9434250e+06   2.4597168e+01
   5.9434440e+06   2.8686523e+01
   5.9434650e+06   1.8310547e+01
   5.9435640e+06   2.1728516e+01
   5.9436470e+06   1.9592285e+01
   5.9448230e+06   1.8188477e+01
   5.9505640e+06   1.7395020e+01
   5.9679920e+06   1.7272949e+01
   5.9680360e+06   3.5583496e+01
   5.9680460e+06   2.4353027e+01
   5.9680710e+06   2.9602051e+01
   5.9681010e+06   2.8320312e+01
   5.9681330e+06   2.5390625e+01
   5.9685800e+06   1.8920898e+01
   5.9686540e+06   1.7089844e+01
   5.9687840e+06   1.8188477e+01
   5.9687980e+06   1.8310547e+01
   5.9688640e+06   2.1545410e+01
   5.9689550e+06   2.1606445e+01
   5.9690510e+06   3.3752441e+01
   5.9691930e+06   2.8808594e+01
   5.9693770e+06   3.0639648e+01
   5.9721450e+06   1.7333984e+01
   5.9748080e+06   1.7456055e+01
   5.9806130e+06   3.8146973e+01
   5.9807250e+06   3.0883789e+01
   5.9878990e+06   3.5095215e+01
   5.9879800e+06   3.4545898e+01
   5.9951100e+06   3.5461426e+01
   5.9952900e+06   3.6010742e+01
