   5.9980000e+06   0.0000000e+00
   2.0671000e+04   2.0385742e+01
   8.3800000e+04   2.2583008e+01
   1.3457600e+05   2.0935059e+01
   2.5122700e+05   2.0568848e+01
   8.2887800e+05   2.0996094e+01
   8.7770900e+05   2.1179199e+01
   1.0162260e+06   2.0751953e+01
   1.0355050e+06   2.3193359e+01
   1.0640160e+06   2.0568848e+01
   1.0709530e+06   2.2216797e+01
   1.0804630e+06   2.3071289e+01
   1.1279520e+06   2.1789551e+01
   1.1280270e+06   2.2460938e+01
   1.1284990e+06   2.0690918e+01
   1.1686240e+06   2.1423340e+01
   1.1731260e+06   2.0629883e+01
   1.1731550e+06   2.0996094e+01
   1.1909660e+06   2.5024414e+01
   1.1915310e+06   2.0812988e+01
   1.1997220e+06   2.2155762e+01
   1.2851690e+06   2.2644043e+01
   2.0389930e+06   2.1301270e+01
   2.1046790e+06   2.0751953e+01
   2.4112360e+06   2.1789551e+01
   2.7214770e+06   2.0568848e+01
   2.8066080e+06   2.0996094e+01
   2.9241090e+06   2.2460938e+01
   2.9260750e+06   2.1789551e+01
   2.9926760e+06   2.0751953e+01
   3.8236690e+06   2.0507812e+01
   3.8533760e+06   2.3437500e+01
   3.8740950e+06   2.1240234e+01
   3.8829280e+06   2.0385742e+01
   4.0181730e+06   2.0568848e+01
   4.1040110e+06   2.2888184e+01
   4.1485830e+06   2.0385742e+01
   4.2487810e+06   2.1118164e+01
   4.2591470e+06   2.2094727e+01
   4.2695470e+06   2.1484375e+01
   4.2790460e+06   2.0874023e+01
   4.3760610e+06   2.0507812e+01
   4.3948120e+06   2.1118164e+01
   4.8159650e+06   2.0446777e+01
   5.1595310e+06   2.0996094e+01
   5.2258470e+06   2.1362305e+01
   5.2889460e+06   2.2033691e+01
   5.3685120e+06   2.1240234e+01
   5.4171140e+06   2.0446777e+01
   5.4233550e+06   2.0690918e+01
   5.4435720e+06   2.1789551e+01
   5.4441140e+06   2.2766113e+01
   5.4594430e+06   2.1484375e+01
   5.4777990e+06   2.1118164e+01
   5.4780950e+06   2.0385742e+01
   5.4948530e+06   2.1972656e+01
   5.5162220e+06   2.0507812e+01
   5.5718850e+06   2.0996094e+01
   5.5724880e+06   2.2033691e+01
   5.6707230e+06   2.3071289e+01
   5.7089930e+06   2.0629883e+01
   5.7849550e+06   2.3559570e+01
   5.7850860e+06   2.2644043e+01
   5.7875420e+06   2.0874023e+01
   5.8020180e+06   2.0446777e+01
   5.8175900e+06   2.0690918e+01
   5.8176880e+06   2.1911621e+01
   5.8244290e+06   2.0751953e+01
   5.8346570e+06   2.1911621e+01
   5.8347330e+06   2.0568848e+01
   5.8420310e+06   2.1362305e+01
   5.8594730e+06   2.4536133e+01
   5.9074370e+06   2.1179199e+01
   5.9075070e+06   2.1301270e+01
   5.9075840e+06   2.3986816e+01
   5.9437140e+06   2.0996094e+01
   5.9685690e+06   2.1057129e+01
   5.9805680e+06   2.2399902e+01
