   5.9980000e+06   0.0000000e+00
   2.0018000e+04   2.1301270e+01
   8.3869000e+04   2.4658203e+01
   8.3887000e+04   2.9663086e+01
   8.3919000e+04   1.7517090e+01
   1.1764000e+05   1.6784668e+01
   1.2908500e+05   1.6540527e+01
   1.3716300e+05   2.0874023e+01
   1.4335000e+05   2.3620605e+01
   1.4340600e+05   2.1057129e+01
   1.4344100e+05   2.1484375e+01
   1.4347300e+05   2.1484375e+01
   1.8508800e+05   1.7700195e+01
   1.9767500e+05   1.7761230e+01
   2.0932700e+05   1.7639160e+01
   2.0938500e+05   1.9409180e+01
   2.1028000e+05   2.0446777e+01
   2.2483800e+05   2.0812988e+01
   2.2682800e+05   2.3315430e+01
   2.3148900e+05   1.9348145e+01
   2.4593300e+05   1.9348145e+01
   2.4610100e+05   2.1484375e+01
   2.4711400e+05   1.6662598e+01
   3.4529300e+05   1.9165039e+01
   3.6017900e+05   2.0446777e+01
   3.6893600e+05   1.6906738e+01
   4.4339700e+05   2.1728516e+01
   4.4516300e+05   2.7221680e+01
   4.4525600e+05   2.1118164e+01
   4.6610800e+05   1.7395020e+01
   4.8994900e+05   2.4536133e+01
   5.0661400e+05   2.2399902e+01
   5.0729400e+05   2.0141602e+01
   5.0855800e+05   1.7883301e+01
   5.0858300e+05   4.1809082e+01
   5.0866100e+05   1.8005371e+01
   5.3144100e+05   1.7456055e+01
   5.3160000e+05   2.2216797e+01
   5.3162900e+05   1.7883301e+01
   5.3165800e+05   2.1240234e+01
   5.3167900e+05   1.9653320e+01
   5.4540800e+05   1.6906738e+01
   5.5022100e+05   2.0202637e+01
   5.5771100e+05   1.9470215e+01
   5.6919500e+05   1.8371582e+01
   5.6928300e+05   1.7211914e+01
   5.7113000e+05   1.9775391e+01
   5.7123400e+05   1.7456055e+01
   6.1633000e+05   1.8981934e+01
   6.3656000e+05   1.8920898e+01
   6.3731200e+05   1.8798828e+01
   6.3981400e+05   1.9226074e+01
   6.3989600e+05   1.6845703e+01
   6.3992200e+05   1.8920898e+01
   6.3994500e+05   1.8920898e+01
   6.5893000e+05   2.4719238e+01
   6.5900100e+05   1.6967773e+01
   6.7172600e+05   1.7578125e+01
   6.7182300e+05   1.9104004e+01
   6.7440400e+05   1.8066406e+01
   6.7444400e+05   2.3559570e+01
   6.7445700e+05   3.1921387e+01
   6.7448700e+05   1.9592285e+01
   6.7449800e+05   2.1545410e+01
   6.7453700e+05   1.7639160e+01
   6.7455600e+05   1.8005371e+01
   6.9197800e+05   1.8737793e+01
   6.9206700e+05   1.9104004e+01
   7.0631500e+05   1.7761230e+01
   7.0641700e+05   1.9836426e+01
   7.1229700e+05   1.9165039e+01
   7.1283200e+05   2.2460938e+01
   7.1286300e+05   2.3376465e+01
   7.1288700e+05   1.7272949e+01
   7.1294700e+05   1.7150879e+01
   7.4201300e+05   1.6845703e+01
   7.4348400e+05   2.1789551e+01
   7.4356500e+05   1.9042969e+01
   7.6275600e+05   1.9409180e+01
   7.6280200e+05   2.3620605e+01
   7.6284900e+05   1.7089844e+01
   7.6289800e+05   1.8127441e+01
   7.8339800e+05   1.6906738e+01
   7.8345700e+05   1.7395020e+01
   8.0220500e+05   1.7089844e+01
   8.0229400e+05   1.8737793e+01
   8.1563000e+05   2.3681641e+01
   8.1564000e+05   2.1423340e+01
   8.1572100e+05   1.7639160e+01
   8.2872400e+05   2.4963379e+01
   8.2878800e+05   2.3620605e+01
   8.3952100e+05   2.2338867e+01
   8.3954100e+05   2.2155762e+01
   8.5065700e+05   1.7272949e+01
   8.5068900e+05   2.0690918e+01
   8.5073300e+05   1.6662598e+01
   8.5566700e+05   1.7028809e+01
   8.5568700e+05   1.7028809e+01
   8.5575200e+05   2.5512695e+01
   8.6421800e+05   1.6967773e+01
   8.6425800e+05   2.3742676e+01
   8.6433300e+05   1.7883301e+01
   8.7739000e+05   1.8127441e+01
   8.7750900e+05   1.8859863e+01
   8.8973000e+05   2.0019531e+01
   9.0210200e+05   1.6662598e+01
   9.0220000e+05   1.6906738e+01
   9.0620400e+05   1.8249512e+01
   9.0623700e+05   1.8188477e+01
   9.0625200e+05   2.1362305e+01
   9.0628500e+05   2.0385742e+01
   9.0632000e+05   1.8249512e+01
   9.1911900e+05   2.1118164e+01
   9.3210800e+05   2.2827148e+01
   9.3216000e+05   2.1972656e+01
   9.3416000e+05   1.7211914e+01
   9.3417300e+05   1.7211914e+01
   9.3418900e+05   2.7343750e+01
   9.3420900e+05   2.0385742e+01
   9.3424900e+05   2.2888184e+01
   9.3426600e+05   2.4658203e+01
   9.3428600e+05   2.4475098e+01
   9.3434400e+05   1.6479492e+01
   9.5343800e+05   3.0883789e+01
   9.5349300e+05   1.6784668e+01
   9.5352900e+05   2.0324707e+01
   9.5394100e+05   1.6662598e+01
   9.6702900e+05   2.8381348e+01
   9.6705100e+05   1.9775391e+01
   9.6710500e+05   1.7456055e+01
   9.6712100e+05   1.8127441e+01
   9.6750300e+05   1.8432617e+01
   9.8313500e+05   2.0324707e+01
   9.8315800e+05   2.5878906e+01
   9.8320400e+05   2.2583008e+01
   9.8325300e+05   1.6784668e+01
   9.8350600e+05   1.9531250e+01
   9.9387600e+05   2.6489258e+01
   9.9388900e+05   3.3325195e+01
   9.9392400e+05   2.8198242e+01
   9.9397500e+05   1.8127441e+01
   1.0122630e+06   1.7578125e+01
   1.0122830e+06   2.6367188e+01
   1.0123200e+06   2.6733398e+01
   1.0123430e+06   1.6723633e+01
   1.0123780e+06   2.2033691e+01
   1.0154940e+06   2.7893066e+01
   1.0155080e+06   2.1362305e+01
   1.0155870e+06   1.9897461e+01
   1.0156830e+06   1.9470215e+01
   1.0188730e+06   2.5756836e+01
   1.0189710e+06   3.1616211e+01
   1.0190160e+06   1.7517090e+01
   1.0190730e+06   2.8869629e+01
   1.0192050e+06   2.2277832e+01
   1.0193610e+06   1.7150879e+01
   1.0353040e+06   1.9165039e+01
   1.0353270e+06   3.4851074e+01
   1.0353680e+06   1.6845703e+01
   1.0353880e+06   2.3071289e+01
   1.0354020e+06   1.8005371e+01
   1.0354310e+06   1.6479492e+01
   1.0354550e+06   2.3559570e+01
   1.0354980e+06   1.9775391e+01
   1.0355390e+06   1.6845703e+01
   1.0358310e+06   1.7822266e+01
   1.0363550e+06   1.7028809e+01
   1.0392890e+06   2.3010254e+01
   1.0393150e+06   1.8981934e+01
   1.0420190e+06   2.3925781e+01
   1.0420820e+06   1.9226074e+01
   1.0421440e+06   1.8798828e+01
   1.0421670e+06   2.0263672e+01
   1.0422310e+06   1.8554688e+01
   1.0422620e+06   2.3803711e+01
   1.0423370e+06   2.0874023e+01
   1.0423820e+06   1.9714355e+01
   1.0427750e+06   1.8005371e+01
   1.0427880e+06   1.7944336e+01
   1.0432440e+06   1.7150879e+01
   1.0470560e+06   2.3437500e+01
   1.0471860e+06   2.0324707e+01
   1.0472270e+06   1.8310547e+01
   1.0473010e+06   1.6601562e+01
   1.0476720e+06   1.7578125e+01
   1.0638920e+06   2.6367188e+01
   1.0639180e+06   2.0996094e+01
   1.0640000e+06   1.7639160e+01
   1.0640430e+06   1.7517090e+01
   1.0651880e+06   1.6479492e+01
   1.0654890e+06   1.8615723e+01
   1.0682980e+06   1.8615723e+01
   1.0694260e+06   1.6662598e+01
   1.0698110e+06   1.6845703e+01
   1.0707230e+06   1.6662598e+01
   1.0707960e+06   1.6601562e+01
   1.0708680e+06   1.7333984e+01
   1.0712000e+06   1.9958496e+01
   1.0802660e+06   1.8676758e+01
   1.0802840e+06   2.0690918e+01
   1.0802990e+06   1.6479492e+01
   1.0803100e+06   2.3315430e+01
   1.0803320e+06   2.0629883e+01
   1.0803530e+06   2.2766113e+01
   1.0803730e+06   2.4169922e+01
   1.0803960e+06   1.8066406e+01
   1.0804660e+06   2.0202637e+01
   1.0808910e+06   1.9592285e+01
   1.0812180e+06   1.6784668e+01
   1.0818970e+06   1.6906738e+01
   1.0843780e+06   2.0751953e+01
   1.0855110e+06   2.0751953e+01
   1.0855450e+06   1.7211914e+01
   1.0859020e+06   1.9897461e+01
   1.0864240e+06   1.9592285e+01
   1.0869260e+06   1.7944336e+01
   1.0871470e+06   1.7272949e+01
   1.0884710e+06   1.8493652e+01
   1.0885530e+06   1.9042969e+01
   1.0885780e+06   1.8066406e+01
   1.0892480e+06   1.8493652e+01
   1.0906550e+06   1.8249512e+01
   1.0906780e+06   2.0629883e+01
   1.0908060e+06   2.2644043e+01
   1.0934660e+06   2.1362305e+01
   1.0935100e+06   1.7395020e+01
   1.0936400e+06   1.7639160e+01
   1.0942530e+06   1.7150879e+01
   1.0958270e+06   1.8798828e+01
   1.0960100e+06   1.7700195e+01
   1.0964690e+06   1.6784668e+01
   1.1045900e+06   2.4047852e+01
   1.1046230e+06   2.8991699e+01
   1.1046520e+06   2.9113770e+01
   1.1046870e+06   2.2888184e+01
   1.1047310e+06   2.2033691e+01
   1.1047530e+06   1.6479492e+01
   1.1052930e+06   1.7944336e+01
   1.1060110e+06   1.6479492e+01
   1.1075950e+06   1.6479492e+01
   1.1082910e+06   1.8371582e+01
   1.1089040e+06   1.7883301e+01
   1.1095830e+06   1.6540527e+01
   1.1106620e+06   1.8676758e+01
   1.1115140e+06   1.9165039e+01
   1.1116190e+06   1.7639160e+01
   1.1128000e+06   1.7822266e+01
   1.1131000e+06   1.8676758e+01
   1.1134380e+06   1.7028809e+01
   1.1136030e+06   1.7761230e+01
   1.1145670e+06   1.7395020e+01
   1.1152310e+06   1.9287109e+01
   1.1155310e+06   1.7517090e+01
   1.1157020e+06   1.7883301e+01
   1.1157400e+06   1.8127441e+01
   1.1157590e+06   1.6723633e+01
   1.1173960e+06   1.9775391e+01
   1.1175010e+06   1.9653320e+01
   1.1175480e+06   1.8615723e+01
   1.1175750e+06   1.7028809e+01
   1.1176210e+06   2.0263672e+01
   1.1176320e+06   2.2949219e+01
   1.1177140e+06   1.8249512e+01
   1.1196230e+06   1.6723633e+01
   1.1277800e+06   2.1606445e+01
   1.1278300e+06   2.2644043e+01
   1.1278440e+06   2.3681641e+01
   1.1278650e+06   1.7272949e+01
   1.1279310e+06   1.7150879e+01
   1.1280270e+06   1.6479492e+01
   1.1280670e+06   1.7761230e+01
   1.1311280e+06   1.6784668e+01
   1.1320570e+06   1.8249512e+01
   1.1324710e+06   1.7761230e+01
   1.1339170e+06   2.0019531e+01
   1.1339880e+06   1.6601562e+01
   1.1350580e+06   1.7395020e+01
   1.1353770e+06   1.8188477e+01
   1.1365870e+06   1.8066406e+01
   1.1366740e+06   1.6662598e+01
   1.1367800e+06   1.8371582e+01
   1.1386390e+06   1.8493652e+01
   1.1387720e+06   1.9531250e+01
   1.1388370e+06   1.7883301e+01
   1.1405890e+06   1.6906738e+01
   1.1407550e+06   1.9348145e+01
   1.1408760e+06   1.9470215e+01
   1.1429240e+06   2.6367188e+01
   1.1430700e+06   1.8859863e+01
   1.1431520e+06   1.7761230e+01
   1.1431730e+06   1.6784668e+01
   1.1432160e+06   1.6662598e+01
   1.1432780e+06   1.7272949e+01
   1.1456420e+06   1.7761230e+01
   1.1461030e+06   2.0202637e+01
   1.1461300e+06   1.8859863e+01
   1.1462380e+06   1.7639160e+01
   1.1552880e+06   2.4353027e+01
   1.1553340e+06   2.5146484e+01
   1.1553570e+06   1.9287109e+01
   1.1553750e+06   2.2460938e+01
   1.1554040e+06   1.9653320e+01
   1.1554400e+06   1.7089844e+01
   1.1554670e+06   2.6245117e+01
   1.1577540e+06   1.6784668e+01
   1.1583920e+06   1.8310547e+01
   1.1596870e+06   1.7822266e+01
   1.1597100e+06   1.7578125e+01
   1.1604700e+06   1.9409180e+01
   1.1604970e+06   1.7089844e+01
   1.1618660e+06   2.4108887e+01
   1.1618980e+06   2.3803711e+01
   1.1619080e+06   1.6540527e+01
   1.1633900e+06   1.8859863e+01
   1.1648830e+06   1.6540527e+01
   1.1650160e+06   2.0690918e+01
   1.1650730e+06   1.7578125e+01
   1.1682610e+06   1.8432617e+01
   1.1683610e+06   1.7150879e+01
   1.1684370e+06   2.1545410e+01
   1.1684590e+06   1.6540527e+01
   1.1685510e+06   2.1484375e+01
   1.1725280e+06   1.7089844e+01
   1.1727240e+06   1.6784668e+01
   1.1727580e+06   1.7211914e+01
   1.1727680e+06   1.6906738e+01
   1.1727970e+06   1.8005371e+01
   1.1728100e+06   1.7883301e+01
   1.1728400e+06   1.7028809e+01
   1.1728650e+06   1.8005371e+01
   1.1729480e+06   1.7333984e+01
   1.1730010e+06   1.6723633e+01
   1.1730570e+06   1.7395020e+01
   1.1770770e+06   1.8798828e+01
   1.1772340e+06   2.1301270e+01
   1.1772700e+06   2.4658203e+01
   1.1773060e+06   1.7089844e+01
   1.1774080e+06   1.7578125e+01
   1.1774470e+06   1.6845703e+01
   1.1800160e+06   1.7150879e+01
   1.1800940e+06   1.9042969e+01
   1.1801350e+06   1.8554688e+01
   1.1849200e+06   1.7578125e+01
   1.1908110e+06   2.3864746e+01
   1.1908510e+06   1.7822266e+01
   1.1908770e+06   2.8808594e+01
   1.1909030e+06   1.9226074e+01
   1.1909260e+06   2.3986816e+01
   1.1909730e+06   1.8249512e+01
   1.1909940e+06   2.2277832e+01
   1.1915380e+06   1.6540527e+01
   1.1943120e+06   1.8127441e+01
   1.1957350e+06   1.8188477e+01
   1.1965360e+06   1.7639160e+01
   1.1966910e+06   1.9165039e+01
   1.1989040e+06   1.6601562e+01
   1.1995230e+06   1.7150879e+01
   1.1996110e+06   1.8127441e+01
   1.2002940e+06   1.6906738e+01
   1.2041370e+06   1.8798828e+01
   1.2045880e+06   1.9897461e+01
   1.2046180e+06   1.7272949e+01
   1.2047180e+06   1.7761230e+01
   1.2047350e+06   1.9409180e+01
   1.2047610e+06   2.1362305e+01
   1.2063920e+06   1.6784668e+01
   1.2623460e+06   3.7536621e+01
   1.2623840e+06   2.5329590e+01
   1.2624100e+06   1.8005371e+01
   1.2624540e+06   1.8920898e+01
   1.2624850e+06   2.3681641e+01
   1.2626830e+06   1.6479492e+01
   1.2640960e+06   1.7333984e+01
   1.2654320e+06   1.8310547e+01
   1.2680590e+06   2.0019531e+01
   1.2680860e+06   1.6845703e+01
   1.2681860e+06   2.0446777e+01
   1.2689990e+06   2.0812988e+01
   1.2697100e+06   1.7272949e+01
   1.2698870e+06   2.1545410e+01
   1.2849510e+06   3.2104492e+01
   1.2849920e+06   2.9418945e+01
   1.2850250e+06   2.6306152e+01
   1.2850460e+06   2.0446777e+01
   1.2850660e+06   1.8005371e+01
   1.2855680e+06   2.0812988e+01
   1.2895830e+06   1.6540527e+01
   1.2899160e+06   1.8798828e+01
   1.2899520e+06   1.7700195e+01
   1.2901350e+06   1.7639160e+01
   1.2901860e+06   1.6845703e+01
   1.2903650e+06   1.8493652e+01
   1.2905060e+06   1.6723633e+01
   1.2907040e+06   2.9357910e+01
   1.2908530e+06   1.7639160e+01
   1.3638390e+06   2.4841309e+01
   1.3638830e+06   3.1860352e+01
   1.3639460e+06   1.9775391e+01
   1.3640550e+06   1.6540527e+01
   1.3641320e+06   1.9287109e+01
   1.3642680e+06   1.7761230e+01
   1.3644790e+06   1.7395020e+01
   1.3646640e+06   1.8981934e+01
   1.3650810e+06   2.2094727e+01
   1.3652080e+06   1.9165039e+01
   1.3882960e+06   2.0996094e+01
   1.3883180e+06   1.8615723e+01
   1.3883290e+06   2.3803711e+01
   1.3883590e+06   2.6611328e+01
   1.3885140e+06   1.7822266e+01
   1.3887290e+06   2.6000977e+01
   1.3890050e+06   1.6967773e+01
   1.3890520e+06   1.8554688e+01
   1.3893720e+06   1.7150879e+01
   1.3894850e+06   1.8371582e+01
   1.3895670e+06   1.7456055e+01
   1.4167480e+06   2.0751953e+01
   1.4167890e+06   1.8981934e+01
   1.4168240e+06   2.6855469e+01
   1.4170270e+06   1.7211914e+01
   1.4170880e+06   1.8432617e+01
   1.4174390e+06   2.1057129e+01
   1.4178170e+06   2.0629883e+01
   1.4461920e+06   1.6967773e+01
   1.4462180e+06   1.9470215e+01
   1.4463680e+06   2.2277832e+01
   1.4467200e+06   2.2033691e+01
   1.4640080e+06   1.9531250e+01
   1.4640380e+06   1.7944336e+01
   1.4641210e+06   1.7578125e+01
   1.4643660e+06   1.7333984e+01
   1.4646560e+06   2.2216797e+01
   1.4647650e+06   1.9287109e+01
   1.4730200e+06   1.7272949e+01
   1.4730680e+06   1.7822266e+01
   1.4734770e+06   1.7333984e+01
   1.4953140e+06   1.8859863e+01
   1.8450700e+06   1.9042969e+01
   1.9409920e+06   1.6906738e+01
   2.0413200e+06   1.7211914e+01
   2.5086090e+06   2.6306152e+01
   2.5086360e+06   2.3437500e+01
   2.5347540e+06   1.7578125e+01
   2.5347730e+06   2.6123047e+01
   2.5348180e+06   2.1057129e+01
   2.5585910e+06   1.9104004e+01
   2.5590830e+06   1.6540527e+01
   2.5975740e+06   1.9226074e+01
   2.6249200e+06   1.7211914e+01
   2.7209890e+06   1.7517090e+01
   2.7244580e+06   1.7395020e+01
   2.7862430e+06   1.6723633e+01
   2.7862720e+06   2.3071289e+01
   2.7863150e+06   2.4414062e+01
   2.8633230e+06   1.8615723e+01
   2.8641350e+06   1.9592285e+01
   2.8641790e+06   2.6489258e+01
   2.8642090e+06   2.3681641e+01
   2.8642520e+06   1.8554688e+01
   2.8949620e+06   1.8676758e+01
   2.8966090e+06   1.7944336e+01
   2.8967520e+06   1.7517090e+01
   2.9260020e+06   1.6601562e+01
   2.9260550e+06   2.1789551e+01
   2.9260850e+06   2.2399902e+01
   2.9261050e+06   2.1057129e+01
   2.9470770e+06   1.7578125e+01
   2.9486730e+06   3.6621094e+01
   2.9486970e+06   1.7883301e+01
   2.9488100e+06   2.2705078e+01
   2.9709520e+06   1.7333984e+01
   2.9709700e+06   2.2399902e+01
   2.9709820e+06   2.6977539e+01
   2.9907310e+06   3.5888672e+01
   3.1972370e+06   1.7578125e+01
   3.1973930e+06   1.7944336e+01
   3.2380900e+06   1.6906738e+01
   3.2397020e+06   1.7700195e+01
   3.2636650e+06   1.9653320e+01
   3.2809360e+06   1.9897461e+01
   3.2811200e+06   1.8493652e+01
   3.3258340e+06   1.6723633e+01
   3.3527510e+06   2.0629883e+01
   3.3527900e+06   2.0019531e+01
   3.3528400e+06   1.7883301e+01
   3.3840360e+06   1.8615723e+01
   3.3859950e+06   1.7211914e+01
   3.3860060e+06   2.2338867e+01
   3.4003030e+06   1.6845703e+01
   3.4005470e+06   1.9042969e+01
   3.4157490e+06   1.7150879e+01
   3.4181750e+06   1.8554688e+01
   3.4183000e+06   1.6479492e+01
   3.4334040e+06   1.8005371e+01
   3.4431530e+06   2.0996094e+01
   3.4546590e+06   2.3559570e+01
   3.4647850e+06   2.1362305e+01
   3.4649510e+06   1.8676758e+01
   3.4683630e+06   2.0996094e+01
   3.4683920e+06   2.0874023e+01
   3.4816260e+06   2.1484375e+01
   3.4816430e+06   2.0629883e+01
   3.5056040e+06   1.6845703e+01
   3.5057250e+06   1.7395020e+01
   3.5072000e+06   1.8432617e+01
   3.5072430e+06   1.7150879e+01
   3.5072570e+06   2.6550293e+01
   3.5236190e+06   2.1423340e+01
   3.5316690e+06   1.9775391e+01
   3.5449260e+06   1.6967773e+01
   3.5450480e+06   1.8981934e+01
   3.5468150e+06   2.3437500e+01
   3.5468450e+06   2.7587891e+01
   3.5469250e+06   1.7456055e+01
   3.5647760e+06   1.7822266e+01
   3.5648860e+06   2.0202637e+01
   3.5663340e+06   1.6906738e+01
   3.5663570e+06   1.8371582e+01
   3.5664000e+06   1.8676758e+01
   3.5805150e+06   2.1057129e+01
   3.5830840e+06   2.0996094e+01
   3.5831100e+06   2.1789551e+01
   3.5831500e+06   2.0202637e+01
   3.5986580e+06   1.6784668e+01
   3.5997960e+06   1.6906738e+01
   3.5998120e+06   2.2460938e+01
   3.5998320e+06   2.0446777e+01
   3.6097860e+06   1.8493652e+01
   3.6099600e+06   1.6662598e+01
   3.6110430e+06   1.9592285e+01
   3.6199180e+06   1.8615723e+01
   3.6199290e+06   2.0263672e+01
   3.6199860e+06   1.7700195e+01
   3.6344690e+06   1.7761230e+01
   3.6348490e+06   1.6723633e+01
   3.6415780e+06   1.7211914e+01
   3.6417220e+06   1.9042969e+01
   3.6432960e+06   1.9897461e+01
   3.6433100e+06   2.2583008e+01
   3.6433500e+06   1.6967773e+01
   3.6434140e+06   1.7028809e+01
   3.6607790e+06   1.7456055e+01
   3.6608320e+06   1.8615723e+01
   3.6653030e+06   1.6479492e+01
   3.6663860e+06   2.0141602e+01
   3.6664200e+06   2.9052734e+01
   3.6664450e+06   1.6845703e+01
   3.6664720e+06   2.4719238e+01
   3.6664820e+06   2.0996094e+01
   3.6883660e+06   1.7822266e+01
   3.6887020e+06   2.1972656e+01
   3.6887840e+06   1.6784668e+01
   3.6901090e+06   3.4118652e+01
   3.6901210e+06   1.8798828e+01
   3.6901490e+06   2.3010254e+01
   3.6901590e+06   1.7456055e+01
   3.6902000e+06   1.6906738e+01
   3.7031570e+06   1.6540527e+01
   3.7032900e+06   1.6845703e+01
   3.7120290e+06   2.5695801e+01
   3.7133870e+06   2.1301270e+01
   3.7134220e+06   1.7272949e+01
   3.7276240e+06   2.4536133e+01
   3.7305840e+06   2.5634766e+01
   3.7306080e+06   1.7639160e+01
   3.7306350e+06   2.2277832e+01
   3.7306720e+06   1.6784668e+01
   3.7455980e+06   1.8371582e+01
   3.7457190e+06   1.8005371e+01
   3.7566500e+06   1.7578125e+01
   3.7567060e+06   1.6479492e+01
   3.7567440e+06   1.8676758e+01
   3.7567730e+06   1.6845703e+01
   3.7579970e+06   1.7150879e+01
   3.7580230e+06   2.6855469e+01
   3.7580430e+06   1.6967773e+01
   3.7580870e+06   3.2043457e+01
   3.7581330e+06   1.7517090e+01
   3.7721530e+06   1.9226074e+01
   3.7721770e+06   1.6662598e+01
   3.7721990e+06   1.9958496e+01
   3.7722270e+06   1.8005371e+01
   3.7722480e+06   1.7333984e+01
   3.7723020e+06   1.8676758e+01
   3.7848430e+06   1.8310547e+01
   3.7848590e+06   1.9348145e+01
   3.7848950e+06   2.3681641e+01
   3.7849280e+06   1.7822266e+01
   3.7849580e+06   3.7231445e+01
   3.7849860e+06   1.8127441e+01
   3.7850150e+06   1.6845703e+01
   3.7981950e+06   1.7333984e+01
   3.7982500e+06   1.7639160e+01
   3.7982820e+06   1.6479492e+01
   3.7982920e+06   2.1911621e+01
   3.7983250e+06   2.4291992e+01
   3.7983410e+06   2.4841309e+01
   3.7983960e+06   2.7526855e+01
   3.7984220e+06   1.9287109e+01
   3.7984620e+06   2.2338867e+01
   3.8033060e+06   1.9287109e+01
   3.8033540e+06   1.8920898e+01
   3.8035480e+06   1.6479492e+01
   3.8037780e+06   1.8249512e+01
   3.8099030e+06   1.8920898e+01
   3.8099390e+06   1.8737793e+01
   3.8099580e+06   1.9165039e+01
   3.8100040e+06   1.8005371e+01
   3.8100230e+06   2.9418945e+01
   3.8101150e+06   1.8005371e+01
   3.8106100e+06   1.6967773e+01
   3.8166430e+06   1.6906738e+01
   3.8167190e+06   1.7761230e+01
   3.8182420e+06   1.6662598e+01
   3.8183500e+06   1.9226074e+01
   3.8201290e+06   1.6601562e+01
   3.8201420e+06   2.0202637e+01
   3.8202150e+06   1.7944336e+01
   3.8235260e+06   1.9226074e+01
   3.8235820e+06   1.8066406e+01
   3.8236270e+06   1.9714355e+01
   3.8236680e+06   1.6967773e+01
   3.8238940e+06   1.8066406e+01
   3.8277430e+06   1.8310547e+01
   3.8278310e+06   2.1240234e+01
   3.8278980e+06   2.1240234e+01
   3.8279240e+06   1.8432617e+01
   3.8279360e+06   2.0446777e+01
   3.8280020e+06   1.7639160e+01
   3.8286770e+06   1.8676758e+01
   3.8321890e+06   2.0996094e+01
   3.8322880e+06   2.0080566e+01
   3.8323800e+06   1.7761230e+01
   3.8324060e+06   2.5817871e+01
   3.8324270e+06   1.9287109e+01
   3.8324490e+06   1.7089844e+01
   3.8372360e+06   2.8686523e+01
   3.8390670e+06   1.6967773e+01
   3.8390860e+06   1.9775391e+01
   3.8391090e+06   1.7395020e+01
   3.8392570e+06   1.7395020e+01
   3.8411750e+06   2.3925781e+01
   3.8411960e+06   1.7517090e+01
   3.8412310e+06   1.9165039e+01
   3.8412670e+06   2.0141602e+01
   3.8413600e+06   1.9042969e+01
   3.8441440e+06   3.0761719e+01
   3.8442270e+06   2.5817871e+01
   3.8442600e+06   1.6540527e+01
   3.8443950e+06   1.6906738e+01
   3.8473290e+06   2.2033691e+01
   3.8473890e+06   1.7883301e+01
   3.8474430e+06   2.0446777e+01
   3.8474660e+06   1.6479492e+01
   3.8474890e+06   1.7272949e+01
   3.8500390e+06   2.0568848e+01
   3.8501520e+06   2.2521973e+01
   3.8502850e+06   1.7272949e+01
   3.8507570e+06   1.8554688e+01
   3.8532200e+06   2.2583008e+01
   3.8532430e+06   2.1789551e+01
   3.8532960e+06   2.5329590e+01
   3.8533280e+06   2.1606445e+01
   3.8533440e+06   1.9897461e+01
   3.8533740e+06   1.9165039e+01
   3.8534300e+06   1.8005371e+01
   3.8534670e+06   1.7517090e+01
   3.8571800e+06   1.6479492e+01
   3.8572300e+06   1.7028809e+01
   3.8581430e+06   1.7395020e+01
   3.8600090e+06   1.8432617e+01
   3.8603460e+06   2.3193359e+01
   3.8606670e+06   2.0202637e+01
   3.8629260e+06   1.8676758e+01
   3.8629410e+06   1.7028809e+01
   3.8629680e+06   1.9409180e+01
   3.8630130e+06   2.2644043e+01
   3.8630570e+06   2.1728516e+01
   3.8658710e+06   1.6662598e+01
   3.8659330e+06   1.8737793e+01
   3.8660350e+06   2.2705078e+01
   3.8660480e+06   1.7333984e+01
   3.8685750e+06   1.7761230e+01
   3.8685880e+06   2.0751953e+01
   3.8686680e+06   2.0507812e+01
   3.8687490e+06   1.6479492e+01
   3.8710990e+06   1.9958496e+01
   3.8712100e+06   1.6723633e+01
   3.8712950e+06   2.5390625e+01
   3.8713160e+06   1.9042969e+01
   3.8713660e+06   2.1545410e+01
   3.8738730e+06   2.0080566e+01
   3.8739390e+06   1.9531250e+01
   3.8739610e+06   2.0996094e+01
   3.8739750e+06   1.7028809e+01
   3.8740390e+06   1.6845703e+01
   3.8740690e+06   2.2216797e+01
   3.8768200e+06   1.8005371e+01
   3.8774100e+06   1.9226074e+01
   3.8774520e+06   1.9653320e+01
   3.8776020e+06   1.6906738e+01
   3.8795090e+06   1.9409180e+01
   3.8795830e+06   1.9653320e+01
   3.8796770e+06   1.8127441e+01
   3.8796890e+06   2.7893066e+01
   3.8797800e+06   1.8188477e+01
   3.8825640e+06   1.9409180e+01
   3.8826800e+06   1.9592285e+01
   3.8827260e+06   2.0385742e+01
   3.8827670e+06   2.0202637e+01
   3.8828380e+06   1.9287109e+01
   3.8828690e+06   1.9775391e+01
   3.8828810e+06   1.9287109e+01
   3.8858160e+06   2.0324707e+01
   3.8858360e+06   2.0019531e+01
   3.8858850e+06   1.8798828e+01
   3.8859450e+06   1.6601562e+01
   3.8859910e+06   2.4963379e+01
   3.8891700e+06   1.8493652e+01
   3.8892810e+06   1.6479492e+01
   3.8893560e+06   1.7517090e+01
   3.8919810e+06   1.9226074e+01
   3.8920660e+06   1.8188477e+01
   3.8921270e+06   2.4597168e+01
   3.8950710e+06   1.6723633e+01
   3.8952430e+06   1.8493652e+01
   3.8952910e+06   1.7944336e+01
   3.8953120e+06   1.7883301e+01
   3.8954000e+06   1.7089844e+01
   3.8986710e+06   1.8371582e+01
   3.8987080e+06   2.1057129e+01
   3.8988090e+06   1.6540527e+01
   3.9025770e+06   2.0324707e+01
   3.9026110e+06   1.8249512e+01
   3.9027050e+06   2.1118164e+01
   3.9067040e+06   1.7761230e+01
   3.9067850e+06   1.8432617e+01
   3.9068130e+06   1.8554688e+01
   3.9102710e+06   1.6906738e+01
   3.9103720e+06   1.9653320e+01
   3.9135690e+06   1.7517090e+01
   3.9136680e+06   1.8676758e+01
   3.9136990e+06   1.8249512e+01
   3.9137290e+06   2.3986816e+01
   3.9138780e+06   2.0629883e+01
   3.9173760e+06   2.2033691e+01
   3.9175050e+06   2.0263672e+01
   3.9175430e+06   2.3376465e+01
   3.9175730e+06   1.6601562e+01
   3.9176010e+06   1.8249512e+01
   3.9176140e+06   1.8066406e+01
   3.9226610e+06   1.8493652e+01
   3.9227140e+06   2.8320312e+01
   3.9227430e+06   1.6967773e+01
   3.9227700e+06   3.2287598e+01
   3.9228040e+06   1.8310547e+01
   3.9228570e+06   2.4047852e+01
   3.9262640e+06   1.9348145e+01
   3.9289740e+06   2.0019531e+01
   3.9290630e+06   2.0812988e+01
   3.9290770e+06   1.8249512e+01
   3.9291330e+06   2.3376465e+01
   3.9291700e+06   1.6540527e+01
   3.9322950e+06   1.8310547e+01
   3.9326760e+06   1.9409180e+01
   3.9326950e+06   1.6723633e+01
   3.9327600e+06   1.7333984e+01
   3.9328440e+06   1.7639160e+01
   3.9366610e+06   1.8920898e+01
   3.9367810e+06   1.6662598e+01
   3.9367990e+06   2.0080566e+01
   3.9368280e+06   2.0141602e+01
   3.9369180e+06   1.7456055e+01
   3.9369870e+06   1.7883301e+01
   3.9405330e+06   1.8005371e+01
   3.9407120e+06   1.9592285e+01
   3.9407240e+06   1.6662598e+01
   3.9407770e+06   1.8310547e+01
   3.9407880e+06   1.6845703e+01
   3.9462590e+06   2.0446777e+01
   3.9463600e+06   2.0690918e+01
   3.9463880e+06   2.4353027e+01
   3.9464220e+06   1.8554688e+01
   3.9464460e+06   1.8493652e+01
   3.9464810e+06   1.9409180e+01
   3.9465130e+06   1.7639160e+01
   3.9496750e+06   1.7944336e+01
   3.9506460e+06   1.9042969e+01
   3.9508150e+06   2.1911621e+01
   3.9509090e+06   1.8432617e+01
   3.9519320e+06   1.8249512e+01
   3.9533610e+06   1.6845703e+01
   3.9534310e+06   1.7639160e+01
   3.9535160e+06   1.7028809e+01
   3.9535780e+06   1.8920898e+01
   3.9569410e+06   1.9653320e+01
   3.9569920e+06   1.6784668e+01
   3.9570170e+06   2.4536133e+01
   3.9570300e+06   1.9836426e+01
   3.9570570e+06   2.3742676e+01
   3.9570760e+06   1.7395020e+01
   3.9571180e+06   2.6977539e+01
   3.9611930e+06   1.8127441e+01
   3.9614510e+06   1.6601562e+01
   3.9615320e+06   1.6906738e+01
   3.9615830e+06   2.2399902e+01
   3.9616140e+06   1.8981934e+01
   3.9616690e+06   1.6967773e+01
   3.9617110e+06   1.9531250e+01
   3.9617590e+06   1.7944336e+01
   3.9654860e+06   1.6662598e+01
   3.9657370e+06   2.0751953e+01
   3.9658070e+06   2.1179199e+01
   3.9658300e+06   1.6662598e+01
   3.9688540e+06   1.8981934e+01
   3.9689220e+06   2.0874023e+01
   3.9689600e+06   1.6906738e+01
   3.9689910e+06   2.1911621e+01
   3.9690380e+06   1.6723633e+01
   3.9731270e+06   1.7211914e+01
   3.9732000e+06   1.8737793e+01
   3.9732700e+06   1.6723633e+01
   3.9733280e+06   1.7150879e+01
   3.9733960e+06   1.6784668e+01
   3.9778860e+06   1.7761230e+01
   3.9815310e+06   1.7700195e+01
   3.9824490e+06   1.7211914e+01
   3.9825290e+06   1.9836426e+01
   3.9825700e+06   2.3742676e+01
   3.9825980e+06   2.2033691e+01
   3.9826370e+06   1.8859863e+01
   3.9872590e+06   2.1362305e+01
   3.9872890e+06   1.6540527e+01
   3.9873120e+06   1.7211914e+01
   3.9873330e+06   2.0874023e+01
   3.9873510e+06   1.8127441e+01
   3.9873700e+06   1.6540527e+01
   3.9875360e+06   1.8127441e+01
   3.9931400e+06   2.1911621e+01
   3.9932140e+06   1.7211914e+01
   3.9932500e+06   2.0019531e+01
   3.9932640e+06   2.4597168e+01
   3.9932870e+06   1.7578125e+01
   3.9933120e+06   1.8493652e+01
   3.9933380e+06   1.6723633e+01
   3.9933690e+06   1.7944336e+01
   3.9974910e+06   1.8371582e+01
   3.9980760e+06   1.9165039e+01
   3.9981160e+06   1.6967773e+01
   4.0014430e+06   1.6784668e+01
   4.0015610e+06   1.7517090e+01
   4.0015890e+06   1.8371582e+01
   4.0016110e+06   2.1240234e+01
   4.0016790e+06   1.7639160e+01
   4.0016980e+06   2.3498535e+01
   4.0017290e+06   1.7883301e+01
   4.0063180e+06   1.6906738e+01
   4.0063650e+06   2.0141602e+01
   4.0064020e+06   2.2888184e+01
   4.0064360e+06   1.8554688e+01
   4.0064940e+06   1.8920898e+01
   4.0084060e+06   1.6845703e+01
   4.0110770e+06   1.6479492e+01
   4.0114800e+06   2.3864746e+01
   4.0115180e+06   1.7944336e+01
   4.0116510e+06   1.6967773e+01
   4.0117700e+06   1.6662598e+01
   4.0180590e+06   1.8310547e+01
   4.0180820e+06   2.4353027e+01
   4.0181420e+06   1.7883301e+01
   4.0181580e+06   1.8188477e+01
   4.0181890e+06   2.4414062e+01
   4.0182370e+06   1.7272949e+01
   4.0233190e+06   1.6845703e+01
   4.0241610e+06   1.6845703e+01
   4.0242300e+06   2.1972656e+01
   4.0290650e+06   2.6184082e+01
   4.0290770e+06   2.0141602e+01
   4.0291210e+06   2.1423340e+01
   4.0291430e+06   2.7648926e+01
   4.0292120e+06   1.7761230e+01
   4.0292300e+06   2.2521973e+01
   4.0347760e+06   2.6794434e+01
   4.0348190e+06   1.8493652e+01
   4.0348570e+06   2.3681641e+01
   4.0348950e+06   2.1972656e+01
   4.0349230e+06   1.9653320e+01
   4.0352730e+06   1.6479492e+01
   4.0403530e+06   2.4169922e+01
   4.0404110e+06   1.9165039e+01
   4.0404220e+06   1.7639160e+01
   4.0404660e+06   1.7028809e+01
   4.0405070e+06   1.7883301e+01
   4.0405520e+06   2.1057129e+01
   4.0469210e+06   1.8066406e+01
   4.0469470e+06   2.3315430e+01
   4.0470020e+06   1.8310547e+01
   4.0470190e+06   1.8615723e+01
   4.0470740e+06   1.7883301e+01
   4.0470850e+06   2.1362305e+01
   4.0517110e+06   1.6967773e+01
   4.0536130e+06   2.1179199e+01
   4.0536240e+06   1.8310547e+01
   4.0537250e+06   1.6784668e+01
   4.0575610e+06   1.7028809e+01
   4.0605650e+06   1.9165039e+01
   4.0607260e+06   2.3498535e+01
   4.0607500e+06   1.7639160e+01
   4.0607880e+06   1.8981934e+01
   4.0608060e+06   2.3254395e+01
   4.0609190e+06   1.7028809e+01
   4.0695100e+06   1.8859863e+01
   4.0695530e+06   2.4597168e+01
   4.0695660e+06   2.3864746e+01
   4.0696650e+06   1.7211914e+01
   4.0760580e+06   1.6784668e+01
   4.0772950e+06   1.6662598e+01
   4.0773710e+06   1.9897461e+01
   4.0774260e+06   1.7944336e+01
   4.0774850e+06   1.7517090e+01
   4.0775650e+06   2.2705078e+01
   4.0838810e+06   1.7028809e+01
   4.0839230e+06   1.8432617e+01
   4.0840060e+06   1.6723633e+01
   4.0914350e+06   1.6723633e+01
   4.0932280e+06   1.7395020e+01
   4.0933010e+06   2.3620605e+01
   4.0933210e+06   1.7395020e+01
   4.0933750e+06   1.7272949e+01
   4.0933960e+06   1.9470215e+01
   4.0934190e+06   1.8432617e+01
   4.0935650e+06   1.9287109e+01
   4.0994740e+06   1.7700195e+01
   4.1037860e+06   1.6723633e+01
   4.1038650e+06   2.0324707e+01
   4.1039290e+06   1.8127441e+01
   4.1039710e+06   2.3742676e+01
   4.1039940e+06   1.8249512e+01
   4.1040260e+06   1.6662598e+01
   4.1045650e+06   1.9226074e+01
   4.1107520e+06   2.6062012e+01
   4.1108620e+06   1.6723633e+01
   4.1112070e+06   1.6479492e+01
   4.1201200e+06   1.8676758e+01
   4.1201530e+06   1.6723633e+01
   4.1201870e+06   1.8920898e+01
   4.1202130e+06   1.8737793e+01
   4.1202350e+06   2.1484375e+01
   4.1202450e+06   1.7578125e+01
   4.1203670e+06   1.6784668e+01
   4.1268000e+06   1.6479492e+01
   4.1324480e+06   1.9042969e+01
   4.1326450e+06   2.4047852e+01
   4.1326840e+06   2.1240234e+01
   4.1326970e+06   2.4047852e+01
   4.1327610e+06   1.8066406e+01
   4.1328020e+06   1.7089844e+01
   4.1328180e+06   1.6723633e+01
   4.1403330e+06   1.6906738e+01
   4.1403430e+06   1.9836426e+01
   4.1403720e+06   1.9226074e+01
   4.1404110e+06   1.7028809e+01
   4.1483230e+06   1.8554688e+01
   4.1484250e+06   2.2338867e+01
   4.1485610e+06   1.8188477e+01
   4.1486030e+06   1.8981934e+01
   4.1486880e+06   1.6540527e+01
   4.1575270e+06   2.0324707e+01
   4.1575630e+06   1.7761230e+01
   4.1575860e+06   1.7761230e+01
   4.1576010e+06   2.3986816e+01
   4.1576740e+06   1.8615723e+01
   4.1658760e+06   1.6906738e+01
   4.1659830e+06   1.7395020e+01
   4.1660290e+06   1.9409180e+01
   4.1661020e+06   2.2277832e+01
   4.1661240e+06   1.9897461e+01
   4.1661920e+06   1.8432617e+01
   4.1662270e+06   1.9165039e+01
   4.1662380e+06   1.7395020e+01
   4.1733110e+06   1.9042969e+01
   4.1737040e+06   1.7761230e+01
   4.1796100e+06   1.6906738e+01
   4.1796920e+06   2.0446777e+01
   4.1797160e+06   1.8432617e+01
   4.1797370e+06   1.8615723e+01
   4.1798460e+06   1.9653320e+01
   4.1877430e+06   1.9226074e+01
   4.1878380e+06   1.8005371e+01
   4.1879700e+06   2.1118164e+01
   4.1884030e+06   1.8127441e+01
   4.1969770e+06   1.6967773e+01
   4.1970390e+06   3.1799316e+01
   4.1970640e+06   1.8432617e+01
   4.1970840e+06   2.1606445e+01
   4.1971100e+06   1.8493652e+01
   4.1971310e+06   1.8554688e+01
   4.2034520e+06   1.6967773e+01
   4.2037210e+06   1.7028809e+01
   4.2040210e+06   1.6540527e+01
   4.2108370e+06   1.7578125e+01
   4.2109950e+06   1.8066406e+01
   4.2110160e+06   1.8981934e+01
   4.2110780e+06   1.7028809e+01
   4.2115220e+06   1.7333984e+01
   4.2199020e+06   2.4230957e+01
   4.2199450e+06   1.7517090e+01
   4.2199750e+06   2.0629883e+01
   4.2200140e+06   1.8493652e+01
   4.2281580e+06   1.9592285e+01
   4.2281940e+06   2.0019531e+01
   4.2282410e+06   1.7150879e+01
   4.2282820e+06   2.0446777e+01
   4.2283190e+06   1.6784668e+01
   4.2283630e+06   1.7700195e+01
   4.2283970e+06   1.9836426e+01
   4.2289920e+06   1.7639160e+01
   4.2379960e+06   2.3803711e+01
   4.2380430e+06   1.8249512e+01
   4.2380830e+06   2.4719238e+01
   4.2381160e+06   1.6967773e+01
   4.2381840e+06   1.6479492e+01
   4.2382200e+06   1.7211914e+01
   4.2386860e+06   1.7944336e+01
   4.2390380e+06   1.7333984e+01
   4.2486270e+06   3.2409668e+01
   4.2486610e+06   1.7089844e+01
   4.2487660e+06   1.9958496e+01
   4.2488560e+06   1.7028809e+01
   4.2495700e+06   1.8310547e+01
   4.2591670e+06   2.3193359e+01
   4.2592330e+06   2.5024414e+01
   4.2592610e+06   1.8493652e+01
   4.2592870e+06   2.0812988e+01
   4.2593160e+06   1.7578125e+01
   4.2593410e+06   1.7761230e+01
   4.2593660e+06   2.2033691e+01
   4.2595320e+06   1.6540527e+01
   4.2694060e+06   2.0751953e+01
   4.2694440e+06   2.2399902e+01
   4.2694810e+06   2.1728516e+01
   4.2695370e+06   2.6855469e+01
   4.2695650e+06   2.4475098e+01
   4.2696000e+06   1.7333984e+01
   4.2700380e+06   1.7028809e+01
   4.2789350e+06   1.8920898e+01
   4.2789760e+06   2.3193359e+01
   4.2790080e+06   1.7333984e+01
   4.2790190e+06   2.4291992e+01
   4.2790600e+06   1.9042969e+01
   4.2790730e+06   1.8371582e+01
   4.2790830e+06   1.9348145e+01
   4.2798050e+06   1.6723633e+01
   4.2902800e+06   2.6611328e+01
   4.2903060e+06   2.0324707e+01
   4.2903340e+06   1.6967773e+01
   4.2904140e+06   1.7272949e+01
   4.2904450e+06   2.3986816e+01
   4.2905550e+06   1.7089844e+01
   4.2910720e+06   1.6662598e+01
   4.3015030e+06   2.3010254e+01
   4.3015360e+06   1.9165039e+01
   4.3016330e+06   2.0874023e+01
   4.3016480e+06   1.9287109e+01
   4.3112030e+06   1.7150879e+01
   4.3112250e+06   2.2033691e+01
   4.3112640e+06   2.5146484e+01
   4.3112760e+06   2.3376465e+01
   4.3119220e+06   1.7822266e+01
   4.3219990e+06   2.5329590e+01
   4.3220310e+06   1.7822266e+01
   4.3220530e+06   2.3986816e+01
   4.3220700e+06   2.3681641e+01
   4.3221230e+06   1.6662598e+01
   4.3221830e+06   1.8737793e+01
   4.3226070e+06   1.7517090e+01
   4.3227880e+06   1.7211914e+01
   4.3274080e+06   2.0324707e+01
   4.3276510e+06   1.8676758e+01
   4.3280570e+06   1.7822266e+01
   4.3353810e+06   1.8798828e+01
   4.3354120e+06   1.7517090e+01
   4.3354530e+06   1.8188477e+01
   4.3354730e+06   1.9287109e+01
   4.3356340e+06   1.6540527e+01
   4.3359500e+06   1.7456055e+01
   4.3459790e+06   2.1179199e+01
   4.3459990e+06   1.8981934e+01
   4.3460500e+06   2.4780273e+01
   4.3460950e+06   1.7211914e+01
   4.3464270e+06   1.6845703e+01
   4.3468390e+06   1.8005371e+01
   4.3549960e+06   1.7639160e+01
   4.3550610e+06   2.2155762e+01
   4.3551060e+06   1.6479492e+01
   4.3551590e+06   1.7761230e+01
   4.3554710e+06   1.6601562e+01
   4.3640400e+06   2.6733398e+01
   4.3640590e+06   2.0141602e+01
   4.3640960e+06   2.0812988e+01
   4.3641370e+06   1.6479492e+01
   4.3642180e+06   1.6845703e+01
   4.3650910e+06   2.0141602e+01
   4.3691810e+06   1.7272949e+01
   4.3692930e+06   2.0019531e+01
   4.3694770e+06   1.7822266e+01
   4.3759320e+06   2.8686523e+01
   4.3759860e+06   2.6550293e+01
   4.3760050e+06   1.6601562e+01
   4.3760360e+06   1.9409180e+01
   4.3763570e+06   1.9470215e+01
   4.3846620e+06   2.6794434e+01
   4.3847100e+06   2.2399902e+01
   4.3847230e+06   1.9348145e+01
   4.3847480e+06   1.8371582e+01
   4.3849440e+06   1.8554688e+01
   4.3850120e+06   1.7944336e+01
   4.3851020e+06   1.8249512e+01
   4.3851520e+06   1.9836426e+01
   4.3947520e+06   2.8808594e+01
   4.3947830e+06   2.1057129e+01
   4.3948280e+06   1.9104004e+01
   4.3948620e+06   1.9653320e+01
   4.3949850e+06   1.9042969e+01
   4.3952800e+06   1.7883301e+01
   4.4086460e+06   3.5949707e+01
   4.4086870e+06   2.1484375e+01
   4.4088090e+06   1.7089844e+01
   4.4090660e+06   1.7822266e+01
   4.4291080e+06   1.7761230e+01
   4.4291310e+06   1.8554688e+01
   4.4291600e+06   1.9287109e+01
   4.4291940e+06   1.8066406e+01
   4.4293010e+06   2.5939941e+01
   4.4294640e+06   2.7893066e+01
   4.4484120e+06   1.6906738e+01
   4.4484600e+06   1.7883301e+01
   4.4485200e+06   1.6540527e+01
   4.4485950e+06   1.9042969e+01
   4.4849160e+06   1.7150879e+01
   4.4852630e+06   1.7272949e+01
   4.8416290e+06   1.7700195e+01
   4.8692190e+06   1.6540527e+01
   4.8693480e+06   1.9836426e+01
   4.8713230e+06   1.7028809e+01
   4.9351740e+06   1.8981934e+01
   4.9561300e+06   1.7761230e+01
   4.9842920e+06   1.6662598e+01
   5.0153260e+06   1.6845703e+01
   5.0347660e+06   1.6845703e+01
   5.1208930e+06   1.8005371e+01
   5.2503280e+06   1.6906738e+01
   5.3106740e+06   1.6479492e+01
   5.3285380e+06   1.8798828e+01
   5.3981850e+06   1.6967773e+01
   5.3982250e+06   1.7150879e+01
   5.3993790e+06   1.7639160e+01
   5.3994140e+06   2.1118164e+01
   5.3994240e+06   1.8554688e+01
   5.4173060e+06   1.6906738e+01
   5.4254280e+06   1.8920898e+01
   5.4254510e+06   2.2949219e+01
   5.4441400e+06   2.3132324e+01
   5.4452720e+06   1.6967773e+01
   5.4595000e+06   1.8005371e+01
   5.5080030e+06   1.7517090e+01
   5.5212490e+06   1.6784668e+01
   5.5384370e+06   2.1728516e+01
   5.5833590e+06   2.7343750e+01
   5.5848310e+06   1.7211914e+01
   5.6560810e+06   1.6540527e+01
   5.6704730e+06   1.6784668e+01
   5.7328860e+06   1.6967773e+01
   5.7556760e+06   1.7028809e+01
   5.7699980e+06   1.6967773e+01
   5.7772180e+06   1.7211914e+01
   5.7849120e+06   1.7211914e+01
   5.7849840e+06   2.0935059e+01
   5.7851440e+06   2.3010254e+01
   5.7925840e+06   1.7517090e+01
   5.8019760e+06   1.6784668e+01
   5.8020850e+06   2.1179199e+01
   5.8066280e+06   2.3925781e+01
   5.8066860e+06   1.7150879e+01
   5.8067160e+06   2.4108887e+01
   5.8067780e+06   2.3071289e+01
   5.8119960e+06   1.7395020e+01
   5.8120560e+06   1.8066406e+01
   5.8121140e+06   2.8076172e+01
   5.8121770e+06   1.6479492e+01
   5.8122570e+06   2.3498535e+01
   5.8176270e+06   1.9714355e+01
   5.8176910e+06   2.9479980e+01
   5.8177300e+06   1.7822266e+01
   5.8177970e+06   1.9714355e+01
   5.8178090e+06   1.9104004e+01
   5.8243560e+06   1.6540527e+01
   5.8244660e+06   1.7395020e+01
   5.8244940e+06   2.8564453e+01
   5.8245510e+06   2.3925781e+01
   5.8245880e+06   2.1423340e+01
   5.8246810e+06   2.1057129e+01
   5.8294270e+06   1.7333984e+01
   5.8348180e+06   1.9287109e+01
   5.8348550e+06   2.2827148e+01
   5.8348860e+06   2.0629883e+01
   5.8349380e+06   1.8920898e+01
   5.8417260e+06   1.6723633e+01
   5.8417590e+06   1.7700195e+01
   5.8417750e+06   1.8005371e+01
   5.8418160e+06   2.0385742e+01
   5.8418670e+06   3.0273438e+01
   5.8419100e+06   1.8249512e+01
   5.8419230e+06   2.2399902e+01
   5.8420490e+06   1.8493652e+01
   5.8420990e+06   1.9104004e+01
   5.8421820e+06   2.4353027e+01
   5.8422510e+06   1.6845703e+01
   5.8514210e+06   2.3254395e+01
   5.8515000e+06   1.9165039e+01
   5.8515240e+06   2.2338867e+01
   5.8515570e+06   1.8066406e+01
   5.8515930e+06   1.7517090e+01
   5.8516040e+06   3.3203125e+01
   5.8516390e+06   1.9287109e+01
   5.8516560e+06   2.5512695e+01
   5.8516890e+06   1.7883301e+01
   5.8516990e+06   2.6794434e+01
   5.8517470e+06   1.6540527e+01
   5.8517900e+06   1.7150879e+01
   5.8518380e+06   2.1850586e+01
   5.8519430e+06   1.8005371e+01
   5.8591490e+06   1.6967773e+01
   5.8592330e+06   1.6723633e+01
   5.8593540e+06   1.7333984e+01
   5.8593810e+06   1.8493652e+01
   5.8594300e+06   1.8676758e+01
   5.8684170e+06   1.7883301e+01
   5.8684350e+06   2.8015137e+01
   5.8684640e+06   2.0874023e+01
   5.8684780e+06   1.9348145e+01
   5.8685000e+06   2.2399902e+01
   5.8685270e+06   2.3742676e+01
   5.8685510e+06   2.3132324e+01
   5.8685700e+06   2.9113770e+01
   5.8685900e+06   1.6540527e+01
   5.8859580e+06   1.9348145e+01
   5.8859760e+06   1.9409180e+01
   5.8859900e+06   1.8005371e+01
   5.8860160e+06   1.8493652e+01
   5.8860610e+06   1.6540527e+01
   5.8860980e+06   1.9226074e+01
   5.8952590e+06   1.7333984e+01
   5.8953150e+06   1.8371582e+01
   5.8953300e+06   2.0751953e+01
   5.8953620e+06   2.3986816e+01
   5.8953900e+06   3.3142090e+01
   5.8954120e+06   1.6723633e+01
   5.8954390e+06   1.7211914e+01
   5.8954660e+06   1.6479492e+01
   5.8957390e+06   1.6906738e+01
   5.8959190e+06   2.1911621e+01
   5.8961650e+06   2.7770996e+01
   5.9020840e+06   1.7333984e+01
   5.9035310e+06   1.6479492e+01
   5.9072690e+06   2.1606445e+01
   5.9074660e+06   1.7700195e+01
   5.9075370e+06   1.7272949e+01
   5.9076070e+06   1.8676758e+01
   5.9151350e+06   1.9714355e+01
   5.9151830e+06   2.1057129e+01
   5.9152230e+06   1.9165039e+01
   5.9152430e+06   1.6784668e+01
   5.9152730e+06   1.7211914e+01
   5.9152990e+06   2.2216797e+01
   5.9153320e+06   1.7822266e+01
   5.9153630e+06   2.3010254e+01
   5.9153800e+06   1.9226074e+01
   5.9154310e+06   1.8798828e+01
   5.9212620e+06   1.9348145e+01
   5.9219520e+06   1.7639160e+01
   5.9228110e+06   1.7639160e+01
   5.9241900e+06   1.7333984e+01
   5.9244330e+06   1.8188477e+01
   5.9278400e+06   1.7700195e+01
   5.9280950e+06   1.8127441e+01
   5.9281300e+06   1.7883301e+01
   5.9282520e+06   2.5146484e+01
   5.9320360e+06   1.6662598e+01
   5.9322990e+06   1.6723633e+01
   5.9324630e+06   2.1667480e+01
   5.9325050e+06   1.7578125e+01
   5.9325300e+06   2.2949219e+01
   5.9325560e+06   2.0935059e+01
   5.9326480e+06   2.1484375e+01
   5.9432470e+06   2.5085449e+01
   5.9432770e+06   2.8503418e+01
   5.9432960e+06   2.1545410e+01
   5.9433230e+06   1.9470215e+01
   5.9433350e+06   2.2521973e+01
   5.9433830e+06   1.8005371e+01
   5.9434120e+06   2.5939941e+01
   5.9440820e+06   2.1423340e+01
   5.9442820e+06   1.8737793e+01
   5.9480890e+06   1.7089844e+01
   5.9485870e+06   1.6784668e+01
   5.9495800e+06   1.9470215e+01
   5.9500330e+06   1.7028809e+01
   5.9508930e+06   1.6601562e+01
   5.9512510e+06   1.6662598e+01
   5.9513600e+06   1.8981934e+01
   5.9544990e+06   1.7578125e+01
   5.9549890e+06   1.6479492e+01
   5.9550860e+06   1.7517090e+01
   5.9590780e+06   1.8066406e+01
   5.9592290e+06   1.8310547e+01
   5.9592990e+06   2.8869629e+01
   5.9593290e+06   1.8188477e+01
   5.9626350e+06   2.1362305e+01
   5.9678880e+06   2.0812988e+01
   5.9679320e+06   1.7150879e+01
   5.9679500e+06   2.3132324e+01
   5.9679840e+06   1.8981934e+01
   5.9680120e+06   2.3193359e+01
   5.9680240e+06   2.9235840e+01
   5.9680860e+06   2.3437500e+01
   5.9681080e+06   1.6540527e+01
   5.9681390e+06   2.0812988e+01
   5.9685910e+06   1.8310547e+01
   5.9724700e+06   1.7822266e+01
   5.9727630e+06   1.8920898e+01
   5.9733840e+06   1.7395020e+01
   5.9736640e+06   1.8432617e+01
   5.9739790e+06   1.6601562e+01
   5.9757480e+06   2.3620605e+01
   5.9758170e+06   1.8615723e+01
   5.9803990e+06   1.6540527e+01
   5.9805010e+06   1.9409180e+01
   5.9805260e+06   2.3010254e+01
   5.9805560e+06   2.0141602e+01
   5.9806240e+06   1.9470215e+01
   5.9807160e+06   1.8432617e+01
   5.9822630e+06   1.7028809e+01
   5.9876980e+06   2.1911621e+01
   5.9877780e+06   2.1789551e+01
   5.9878190e+06   1.8005371e+01
   5.9878920e+06   2.4230957e+01
   5.9930230e+06   1.9714355e+01
   5.9951110e+06   1.9042969e+01
   5.9951880e+06   2.6306152e+01
   5.9952170e+06   1.6540527e+01
   5.9952370e+06   2.4230957e+01
   5.9952730e+06   1.9653320e+01
   5.9952940e+06   1.6906738e+01
   5.9953370e+06   1.7639160e+01
   5.9953750e+06   1.8432617e+01
   5.9954240e+06   1.7517090e+01
   5.9958750e+06   1.7517090e+01
