   5.9980000e+06   0.0000000e+00
   1.3041000e+04   2.7160645e+01
   1.4978000e+04   2.8869629e+01
   1.5854000e+04   2.5268555e+01
   1.6503000e+04   2.0874023e+01
   1.7437000e+04   2.9235840e+01
   7.2915000e+04   1.7150879e+01
   8.4030000e+04   2.3742676e+01
   8.4102000e+04   2.2033691e+01
   1.3482900e+05   2.6184082e+01
   1.3530400e+05   2.4597168e+01
   1.3724100e+05   2.4353027e+01
   1.3739100e+05   2.3193359e+01
   1.3907600e+05   2.4169922e+01
   1.3922600e+05   2.3315430e+01
   1.3999700e+05   2.7587891e+01
   2.4300900e+05   2.4658203e+01
   2.4594800e+05   2.4902344e+01
   2.4605800e+05   2.0263672e+01
   2.4711700e+05   2.6611328e+01
   2.4883000e+05   2.4169922e+01
   3.6030900e+05   2.3071289e+01
   3.6105300e+05   2.6794434e+01
   3.6281900e+05   2.5024414e+01
   3.6422100e+05   2.6489258e+01
   3.6606900e+05   2.6184082e+01
   5.0873900e+05   1.8310547e+01
   5.0881900e+05   1.8127441e+01
   5.4789700e+05   2.1362305e+01
   5.4798900e+05   2.3071289e+01
   5.8317200e+05   3.0761719e+01
   5.8353300e+05   2.1972656e+01
   5.8411400e+05   1.9714355e+01
   5.8609100e+05   2.2949219e+01
   6.7461700e+05   2.8747559e+01
   6.7469000e+05   2.3315430e+01
   7.3920000e+05   2.3132324e+01
   7.3991000e+05   2.3376465e+01
   7.4209700e+05   2.4719238e+01
   7.4354500e+05   2.2155762e+01
   7.4582800e+05   1.6723633e+01
   7.8611800e+05   2.3010254e+01
   8.5536500e+05   1.7028809e+01
   8.5589700e+05   2.1240234e+01
   9.0647200e+05   2.6550293e+01
   9.1748700e+05   1.8981934e+01
   9.3434900e+05   2.4169922e+01
   9.3441300e+05   2.8625488e+01
   9.5363900e+05   2.7893066e+01
   9.6725700e+05   2.7526855e+01
   9.8334100e+05   2.4414062e+01
   9.9403900e+05   2.7770996e+01
   1.0124380e+06   2.8137207e+01
   1.0125460e+06   2.1911621e+01
   1.0192010e+06   2.7709961e+01
   1.0192760e+06   2.2583008e+01
   1.0354830e+06   3.0151367e+01
   1.0355420e+06   1.7761230e+01
   1.0423080e+06   2.8564453e+01
   1.0423980e+06   2.8137207e+01
   1.0473970e+06   2.8198242e+01
   1.0640460e+06   2.9174805e+01
   1.0641470e+06   2.5634766e+01
   1.0709230e+06   1.6540527e+01
   1.0710310e+06   2.8381348e+01
   1.0804190e+06   2.7160645e+01
   1.0805240e+06   2.6000977e+01
   1.0937540e+06   2.8015137e+01
   1.0938460e+06   2.1606445e+01
   1.1047510e+06   2.2521973e+01
   1.1049100e+06   2.2705078e+01
   1.1118120e+06   2.7221680e+01
   1.1138180e+06   2.5695801e+01
   1.1177290e+06   2.5512695e+01
   1.1177990e+06   2.7221680e+01
   1.1279620e+06   2.6611328e+01
   1.1341260e+06   2.8259277e+01
   1.1342000e+06   2.3864746e+01
   1.1389310e+06   2.6489258e+01
   1.1390010e+06   2.3742676e+01
   1.1432750e+06   2.7770996e+01
   1.1463950e+06   2.6855469e+01
   1.1554170e+06   1.6906738e+01
   1.1554620e+06   2.7282715e+01
   1.1558690e+06   2.2949219e+01
   1.1559960e+06   2.2888184e+01
   1.1562090e+06   2.3864746e+01
   1.1620040e+06   2.7465820e+01
   1.1621310e+06   2.1667480e+01
   1.1643350e+06   1.7822266e+01
   1.1647840e+06   1.6540527e+01
   1.1649020e+06   1.8798828e+01
   1.1652390e+06   2.7709961e+01
   1.1653200e+06   2.4169922e+01
   1.1686070e+06   1.6479492e+01
   1.1686450e+06   2.6184082e+01
   1.1687620e+06   2.7404785e+01
   1.1729560e+06   1.6418457e+01
   1.1729800e+06   2.7282715e+01
   1.1730490e+06   1.6662598e+01
   1.1774500e+06   2.9479980e+01
   1.1776060e+06   2.4169922e+01
   1.1802890e+06   2.6123047e+01
   1.1909380e+06   1.8371582e+01
   1.1909940e+06   3.1860352e+01
   1.1913990e+06   1.8432617e+01
   1.1915130e+06   2.2277832e+01
   1.1917500e+06   2.0263672e+01
   1.1956240e+06   2.4719238e+01
   1.1957560e+06   1.7517090e+01
   1.1968530e+06   2.2583008e+01
   1.1996580e+06   1.8920898e+01
   1.1997300e+06   2.8320312e+01
   1.2048160e+06   2.5878906e+01
   1.2052690e+06   1.8981934e+01
   1.2055230e+06   2.1057129e+01
   1.2624150e+06   1.9287109e+01
   1.2624640e+06   3.0456543e+01
   1.2629720e+06   2.4047852e+01
   1.2631590e+06   2.1606445e+01
   1.2645450e+06   1.7211914e+01
   1.2681930e+06   2.0935059e+01
   1.2848060e+06   1.7150879e+01
   1.2849200e+06   2.6306152e+01
   1.2849850e+06   2.9602051e+01
   1.2851520e+06   2.2033691e+01
   1.2903300e+06   1.6967773e+01
   1.2907500e+06   2.5573730e+01
   1.2908270e+06   2.8198242e+01
   1.2916240e+06   1.8005371e+01
   1.3639360e+06   1.7028809e+01
   1.3639880e+06   2.6855469e+01
   1.3640540e+06   2.7099609e+01
   1.3647380e+06   1.8005371e+01
   1.3823100e+06   1.7700195e+01
   1.3887370e+06   2.6733398e+01
   1.3889370e+06   1.7028809e+01
   1.4176220e+06   1.8371582e+01
   1.5287540e+06   2.7282715e+01
   1.5657450e+06   2.8076172e+01
   1.5658260e+06   2.2399902e+01
   1.5933700e+06   2.6794434e+01
   1.5935650e+06   2.3315430e+01
   1.6316430e+06   1.9836426e+01
   1.6986560e+06   2.2277832e+01
   1.6992570e+06   2.4963379e+01
   1.7018170e+06   2.4169922e+01
   1.7024480e+06   2.7465820e+01
   1.7041150e+06   2.5939941e+01
   1.7048900e+06   2.5268555e+01
   1.7837910e+06   2.4414062e+01
   1.7842970e+06   2.2949219e+01
   1.7861520e+06   2.7343750e+01
   1.7868150e+06   2.3315430e+01
   1.7869610e+06   2.4902344e+01
   1.7913750e+06   2.1362305e+01
   1.8443080e+06   2.6428223e+01
   1.8450550e+06   2.5085449e+01
   1.8459880e+06   2.2644043e+01
   1.8474800e+06   2.4291992e+01
   1.8475710e+06   2.7648926e+01
   1.8483880e+06   2.3864746e+01
   1.8490360e+06   2.4169922e+01
   1.8534380e+06   2.4108887e+01
   1.9411380e+06   2.2888184e+01
   1.9417410e+06   2.4108887e+01
   1.9423200e+06   1.9714355e+01
   1.9430120e+06   2.6000977e+01
   1.9453830e+06   2.4658203e+01
   1.9457320e+06   2.0935059e+01
   1.9461340e+06   2.1606445e+01
   2.0365900e+06   2.2216797e+01
   2.0370280e+06   2.4780273e+01
   2.0376840e+06   2.3681641e+01
   2.0385340e+06   2.2460938e+01
   2.0397770e+06   2.1362305e+01
   2.0402000e+06   2.1179199e+01
   2.0407270e+06   2.3254395e+01
   2.0414480e+06   2.3742676e+01
   2.1048440e+06   2.2521973e+01
   2.1053750e+06   2.5451660e+01
   2.1057730e+06   2.4597168e+01
   2.1065470e+06   2.3498535e+01
   2.1078840e+06   2.3620605e+01
   2.1080200e+06   2.4658203e+01
   2.1087640e+06   2.8564453e+01
   2.1088540e+06   2.3620605e+01
   2.1981230e+06   2.2460938e+01
   2.2017600e+06   2.6672363e+01
   2.2020370e+06   1.7272949e+01
   2.2041640e+06   2.2583008e+01
   2.2971180e+06   2.4780273e+01
   2.2972390e+06   2.3254395e+01
   2.3501630e+06   2.6062012e+01
   2.3507150e+06   2.1606445e+01
   2.4311080e+06   2.4963379e+01
   2.4312040e+06   2.5512695e+01
   2.4472740e+06   2.2460938e+01
   2.4473620e+06   2.0690918e+01
   2.4578360e+06   2.6977539e+01
   2.4584220e+06   2.1362305e+01
   2.5352540e+06   2.1423340e+01
   2.5353560e+06   2.2583008e+01
   2.5355400e+06   2.4108887e+01
   2.5590720e+06   2.3254395e+01
   2.5594450e+06   2.2705078e+01
   2.5599100e+06   2.5146484e+01
   2.6229400e+06   2.5390625e+01
   2.6231310e+06   2.6794434e+01
   2.6239190e+06   2.5939941e+01
   2.6247630e+06   2.5756836e+01
   2.6250630e+06   2.1118164e+01
   2.6263850e+06   2.2155762e+01
   2.6266330e+06   2.3925781e+01
   2.6284860e+06   2.3559570e+01
   2.7208060e+06   2.7038574e+01
   2.7209360e+06   2.5207520e+01
   2.7216070e+06   2.3254395e+01
   2.7222410e+06   2.1545410e+01
   2.7234000e+06   2.3071289e+01
   2.7243710e+06   2.6611328e+01
   2.7251350e+06   2.3559570e+01
   2.7253010e+06   2.5878906e+01
   2.7260120e+06   2.2949219e+01
   2.7260990e+06   2.7587891e+01
   2.7262990e+06   2.0446777e+01
   2.7266720e+06   2.0935059e+01
   2.7274230e+06   2.5817871e+01
   2.7275860e+06   2.5085449e+01
   2.7279550e+06   2.3864746e+01
   2.7289410e+06   2.4658203e+01
   2.7753880e+06   2.4047852e+01
   2.7865770e+06   3.0334473e+01
   2.7866930e+06   2.2766113e+01
   2.8068430e+06   2.5817871e+01
   2.8310440e+06   2.2827148e+01
   2.8314410e+06   2.6062012e+01
   2.8823040e+06   2.5756836e+01
   2.8824660e+06   2.3742676e+01
   2.8949980e+06   1.7883301e+01
   2.9243700e+06   2.5024414e+01
   2.9490800e+06   2.7282715e+01
   2.9492260e+06   2.0874023e+01
   2.9690210e+06   2.4291992e+01
   2.9692020e+06   2.6367188e+01
   2.9874350e+06   2.3437500e+01
   2.9875650e+06   2.5329590e+01
   3.0089180e+06   1.6357422e+01
   3.0375820e+06   2.3620605e+01
   3.1148780e+06   1.6418457e+01
   3.2003300e+06   1.9836426e+01
   3.2004580e+06   2.1911621e+01
   3.3373720e+06   2.3193359e+01
   3.3529850e+06   2.3254395e+01
   3.3531800e+06   2.6123047e+01
   3.5073890e+06   2.0690918e+01
   3.5289660e+06   3.2226562e+01
   3.5290330e+06   2.3132324e+01
   3.5469620e+06   2.4047852e+01
   3.5470260e+06   2.3071289e+01
   3.6188210e+06   1.6723633e+01
   3.6189650e+06   2.0751953e+01
   3.6652740e+06   2.3620605e+01
   3.6658090e+06   2.2827148e+01
   3.6658890e+06   2.5451660e+01
   3.6660140e+06   2.1057129e+01
   3.6665730e+06   2.2460938e+01
   3.7136320e+06   2.4963379e+01
   3.7307760e+06   1.9104004e+01
   3.7581690e+06   3.0334473e+01
   3.7582290e+06   1.9775391e+01
   3.7582980e+06   2.4108887e+01
   3.7850460e+06   2.7343750e+01
   3.7851270e+06   2.1972656e+01
   3.7984060e+06   2.4291992e+01
   3.7984840e+06   2.4902344e+01
   3.8101030e+06   2.2277832e+01
   3.8101690e+06   2.1972656e+01
   3.8238240e+06   2.4902344e+01
   3.8324330e+06   3.0456543e+01
   3.8324980e+06   2.6245117e+01
   3.8444670e+06   2.5268555e+01
   3.8475860e+06   2.0446777e+01
   3.8476680e+06   2.2033691e+01
   3.8534540e+06   3.1372070e+01
   3.8535320e+06   2.5756836e+01
   3.8632100e+06   2.3986816e+01
   3.8689550e+06   2.5634766e+01
   3.8741230e+06   2.6794434e+01
   3.8799370e+06   2.8381348e+01
   3.8860660e+06   2.5756836e+01
   3.8988770e+06   2.8808594e+01
   3.9028640e+06   2.3376465e+01
   3.9069630e+06   2.5695801e+01
   3.9137610e+06   1.7333984e+01
   3.9139170e+06   2.2705078e+01
   3.9229030e+06   2.7770996e+01
   3.9229720e+06   2.5390625e+01
   3.9293140e+06   2.4658203e+01
   3.9370210e+06   2.6123047e+01
   3.9465160e+06   2.2338867e+01
   3.9465770e+06   2.8381348e+01
   3.9572080e+06   2.5268555e+01
   3.9617350e+06   2.5939941e+01
   3.9618000e+06   2.8808594e+01
   3.9691610e+06   2.7160645e+01
   3.9734020e+06   2.9418945e+01
   3.9734830e+06   2.1179199e+01
   3.9781570e+06   2.4780273e+01
   3.9827180e+06   2.6733398e+01
   3.9874750e+06   2.2155762e+01
   3.9933650e+06   2.7648926e+01
   3.9934230e+06   2.3681641e+01
   4.0017470e+06   3.2287598e+01
   4.0018230e+06   2.3498535e+01
   4.0066450e+06   2.4230957e+01
   4.0116980e+06   2.5085449e+01
   4.0117970e+06   2.2399902e+01
   4.0182670e+06   3.1860352e+01
   4.0183360e+06   2.1606445e+01
   4.0291620e+06   1.8859863e+01
   4.0292950e+06   2.9479980e+01
   4.0293650e+06   2.3193359e+01
   4.0350310e+06   2.9418945e+01
   4.0405670e+06   2.5146484e+01
   4.0471480e+06   2.3254395e+01
   4.0538300e+06   2.6184082e+01
   4.0539050e+06   2.2338867e+01
   4.0609480e+06   2.8808594e+01
   4.0610220e+06   2.7282715e+01
   4.0696100e+06   1.6845703e+01
   4.0697100e+06   2.8442383e+01
   4.0697680e+06   2.5268555e+01
   4.0775980e+06   3.3203125e+01
   4.0840510e+06   3.0090332e+01
   4.0841090e+06   2.4475098e+01
   4.0934510e+06   2.6977539e+01
   4.0935110e+06   2.1301270e+01
   4.1040600e+06   2.7832031e+01
   4.1041220e+06   2.7709961e+01
   4.1109350e+06   2.3010254e+01
   4.1110140e+06   2.2705078e+01
   4.1202710e+06   2.6123047e+01
   4.1203240e+06   2.4841309e+01
   4.1327840e+06   2.3925781e+01
   4.1328380e+06   2.4291992e+01
   4.1328890e+06   2.6245117e+01
   4.1405230e+06   2.9174805e+01
   4.1405980e+06   2.4719238e+01
   4.1485360e+06   2.8137207e+01
   4.1485930e+06   2.0874023e+01
   4.1486630e+06   2.3010254e+01
   4.1576530e+06   1.7578125e+01
   4.1576860e+06   2.5329590e+01
   4.1577400e+06   2.6062012e+01
   4.1578000e+06   2.5390625e+01
   4.1661800e+06   2.2888184e+01
   4.1662350e+06   2.1362305e+01
   4.1662990e+06   2.2216797e+01
   4.1735250e+06   2.6733398e+01
   4.1798450e+06   2.8808594e+01
   4.1798990e+06   2.6184082e+01
   4.1799610e+06   2.2399902e+01
   4.1880150e+06   2.9663086e+01
   4.1880710e+06   1.8371582e+01
   4.1881490e+06   2.4414062e+01
   4.1971800e+06   2.8015137e+01
   4.1972360e+06   2.6306152e+01
   4.2110530e+06   2.4841309e+01
   4.2200620e+06   2.7770996e+01
   4.2201180e+06   2.2033691e+01
   4.2202050e+06   2.4230957e+01
   4.2283340e+06   2.4291992e+01
   4.2283910e+06   2.3376465e+01
   4.2284480e+06   2.4658203e+01
   4.2380960e+06   1.6418457e+01
   4.2381800e+06   2.8198242e+01
   4.2382350e+06   2.2399902e+01
   4.2487680e+06   2.9113770e+01
   4.2488220e+06   2.5634766e+01
   4.2593330e+06   3.0395508e+01
   4.2593850e+06   2.2277832e+01
   4.2594450e+06   2.1667480e+01
   4.2695840e+06   2.2460938e+01
   4.2696380e+06   2.2277832e+01
   4.2697080e+06   2.2216797e+01
   4.2791100e+06   2.8442383e+01
   4.2791640e+06   2.4108887e+01
   4.2792250e+06   2.2949219e+01
   4.2904390e+06   1.9165039e+01
   4.2904910e+06   2.0812988e+01
   4.3016760e+06   2.6611328e+01
   4.3017280e+06   2.2827148e+01
   4.3017950e+06   2.1484375e+01
   4.3113780e+06   2.2521973e+01
   4.3114340e+06   2.5817871e+01
   4.3115010e+06   2.8381348e+01
   4.3221550e+06   3.1250000e+01
   4.3222090e+06   2.8686523e+01
   4.3222660e+06   2.4719238e+01
   4.3355260e+06   3.1005859e+01
   4.3355790e+06   2.6184082e+01
   4.3356350e+06   2.1301270e+01
   4.3461240e+06   2.7160645e+01
   4.3461780e+06   2.3620605e+01
   4.3551280e+06   2.8869629e+01
   4.3551900e+06   2.5939941e+01
   4.3641360e+06   2.6000977e+01
   4.3641920e+06   2.4780273e+01
   4.3760300e+06   2.9235840e+01
   4.3760870e+06   2.7221680e+01
   4.3847530e+06   2.9907227e+01
   4.3848220e+06   2.0996094e+01
   4.3948630e+06   2.2705078e+01
   4.3949230e+06   2.2521973e+01
   4.4088010e+06   2.9296875e+01
   4.4088710e+06   2.5390625e+01
   4.4293080e+06   2.3986816e+01
   4.4294270e+06   2.3986816e+01
   4.5232970e+06   2.2521973e+01
   4.5235970e+06   2.2155762e+01
   4.5606470e+06   2.3864746e+01
   4.6888670e+06   2.2521973e+01
   4.6889660e+06   2.5329590e+01
   4.7042870e+06   2.3681641e+01
   4.7536910e+06   2.3193359e+01
   4.7883700e+06   2.4169922e+01
   4.7884550e+06   2.1118164e+01
   4.8356300e+06   2.4963379e+01
   4.8357290e+06   2.4780273e+01
   4.8391480e+06   2.5695801e+01
   4.8392940e+06   2.3925781e+01
   4.8401480e+06   2.1484375e+01
   4.8491220e+06   2.2827148e+01
   4.8646780e+06   2.7343750e+01
   4.8647570e+06   1.9897461e+01
   4.8697680e+06   2.6428223e+01
   4.8884480e+06   2.2460938e+01
   4.8885380e+06   2.3010254e+01
   4.9125460e+06   2.0446777e+01
   4.9126120e+06   2.5817871e+01
   4.9338860e+06   2.6489258e+01
   4.9554010e+06   2.3498535e+01
   4.9555400e+06   2.3010254e+01
   4.9899670e+06   2.4475098e+01
   4.9901960e+06   2.0019531e+01
   5.0349000e+06   2.3437500e+01
   5.0350580e+06   2.0751953e+01
   5.0569960e+06   2.2460938e+01
   5.0571780e+06   2.2094727e+01
   5.0572880e+06   1.9958496e+01
   5.1047020e+06   2.6062012e+01
   5.1048020e+06   1.8676758e+01
   5.1224760e+06   2.2705078e+01
   5.1225770e+06   2.2338867e+01
   5.1400570e+06   2.5939941e+01
   5.1401810e+06   2.2399902e+01
   5.1583550e+06   2.2155762e+01
   5.1584380e+06   2.4230957e+01
   5.1984390e+06   2.4414063e+01
   5.1985520e+06   2.5451660e+01
   5.2315530e+06   2.6245117e+01
   5.2503350e+06   2.4291992e+01
   5.2504120e+06   1.8493652e+01
   5.2507350e+06   2.2338867e+01
   5.2684570e+06   2.5207520e+01
   5.2881610e+06   2.6184082e+01
   5.2882430e+06   2.0874023e+01
   5.3085830e+06   2.4536133e+01
   5.3108200e+06   2.3254395e+01
   5.3305730e+06   2.1850586e+01
   5.3311620e+06   2.7526855e+01
   5.3313220e+06   2.3864746e+01
   5.3314190e+06   2.4475098e+01
   5.3319350e+06   2.5695801e+01
   5.3546960e+06   2.8015137e+01
   5.3705240e+06   2.9968262e+01
   5.3880570e+06   2.3071289e+01
   5.3982920e+06   2.7160645e+01
   5.3983660e+06   2.2766113e+01
   5.4250340e+06   2.5329590e+01
   5.4255980e+06   2.4353027e+01
   5.4447090e+06   2.8259277e+01
   5.4449270e+06   2.3620605e+01
   5.4450730e+06   2.1850586e+01
   5.4610800e+06   2.4597168e+01
   5.4611950e+06   2.2094727e+01
   5.4779220e+06   2.9724121e+01
   5.5089090e+06   2.5634766e+01
   5.5090730e+06   2.5146484e+01
   5.5404310e+06   2.6245117e+01
   5.5406650e+06   2.3315430e+01
   5.5408210e+06   2.0446777e+01
   5.5408870e+06   2.3071289e+01
   5.5716030e+06   2.9113770e+01
   5.5848670e+06   2.7709961e+01
   5.5849290e+06   2.0629883e+01
   5.6007450e+06   2.4597168e+01
   5.6167660e+06   2.7343750e+01
   5.6244800e+06   2.7770996e+01
   5.6258390e+06   2.4291992e+01
   5.6264570e+06   2.5024414e+01
   5.6837990e+06   2.6123047e+01
   5.6960920e+06   2.3559570e+01
   5.7085570e+06   2.4414062e+01
   5.7201040e+06   2.2277832e+01
   5.7212040e+06   2.2949219e+01
   5.7338230e+06   2.0812988e+01
   5.7390280e+06   2.5756836e+01
   5.7400740e+06   2.5695801e+01
   5.7466970e+06   2.1301270e+01
   5.7495000e+06   2.3254395e+01
   5.7558530e+06   2.5512695e+01
   5.7560490e+06   2.3986816e+01
   5.7568630e+06   2.3803711e+01
   5.7700430e+06   2.5939941e+01
   5.7701510e+06   2.0324707e+01
   5.7734180e+06   2.3803711e+01
   5.7772720e+06   2.5512695e+01
   5.7773730e+06   2.3864746e+01
   5.7850390e+06   2.5024414e+01
   5.7851090e+06   2.6184082e+01
   5.7877660e+06   2.7832031e+01
   5.7885170e+06   2.4536133e+01
   5.8020580e+06   2.5695801e+01
   5.8021170e+06   2.4475098e+01
   5.8066580e+06   2.5756836e+01
   5.8067180e+06   2.0202637e+01
   5.8067870e+06   2.0751953e+01
   5.8121360e+06   2.8259277e+01
   5.8122500e+06   1.9470215e+01
   5.8176970e+06   2.4475098e+01
   5.8177660e+06   2.3315430e+01
   5.8178630e+06   2.0812988e+01
   5.8245420e+06   2.1606445e+01
   5.8294540e+06   2.2949219e+01
   5.8295460e+06   2.0568848e+01
   5.8296770e+06   1.9592285e+01
   5.8348900e+06   2.5329590e+01
   5.8349570e+06   2.1423340e+01
   5.8350260e+06   1.9958496e+01
   5.8418630e+06   2.4536133e+01
   5.8420080e+06   2.8503418e+01
   5.8515950e+06   2.6611328e+01
   5.8517360e+06   2.0874023e+01
   5.8594510e+06   2.3376465e+01
   5.8595150e+06   2.4963379e+01
   5.8595920e+06   2.2155762e+01
   5.8685350e+06   2.8137207e+01
   5.8685530e+06   1.6784668e+01
   5.8772860e+06   2.4902344e+01
   5.8773680e+06   2.3193359e+01
   5.8775580e+06   2.1301270e+01
   5.8860560e+06   2.8564453e+01
   5.8861620e+06   2.0812988e+01
   5.8954130e+06   2.7404785e+01
   5.8960170e+06   2.4230957e+01
   5.9075380e+06   2.3925781e+01
   5.9076060e+06   1.9348145e+01
   5.9076950e+06   2.4414062e+01
   5.9152830e+06   3.0395508e+01
   5.9245920e+06   2.6367188e+01
   5.9247160e+06   2.1484375e+01
   5.9282800e+06   2.3498535e+01
   5.9283530e+06   2.3681641e+01
   5.9326030e+06   2.8564453e+01
   5.9326710e+06   2.2521973e+01
   5.9327590e+06   2.0935059e+01
   5.9433580e+06   2.6977539e+01
   5.9433850e+06   1.6845703e+01
   5.9434150e+06   2.0080566e+01
   5.9437810e+06   2.2338867e+01
   5.9439210e+06   2.2460938e+01
   5.9441540e+06   2.4108887e+01
   5.9444140e+06   1.8981934e+01
   5.9454240e+06   1.9104004e+01
   5.9513730e+06   2.3742676e+01
   5.9515700e+06   2.5329590e+01
   5.9550920e+06   2.5939941e+01
   5.9551790e+06   1.7028809e+01
   5.9593870e+06   2.7404785e+01
   5.9594750e+06   2.1545410e+01
   5.9595970e+06   2.1240234e+01
   5.9680290e+06   1.7578125e+01
   5.9680570e+06   3.3386230e+01
   5.9686350e+06   2.3376465e+01
   5.9688250e+06   2.3803711e+01
   5.9690670e+06   1.8432617e+01
   5.9703120e+06   1.7333984e+01
   5.9759360e+06   2.5329590e+01
   5.9759690e+06   1.7639160e+01
   5.9802490e+06   2.4108887e+01
   5.9804610e+06   2.3010254e+01
   5.9806000e+06   2.1057129e+01
   5.9807300e+06   2.3437500e+01
   5.9875260e+06   3.1738281e+01
   5.9876260e+06   2.2460938e+01
   5.9877000e+06   1.6784668e+01
   5.9878180e+06   2.1240234e+01
   5.9879310e+06   1.7578125e+01
   5.9949910e+06   1.8005371e+01
   5.9950900e+06   1.6601562e+01
   5.9951120e+06   2.1362305e+01
   5.9952540e+06   2.1484375e+01
   5.9953890e+06   2.1850586e+01
