   5.9980000e+06   0.0000000e+00
   1.1753000e+04   3.3569336e+01
   1.1795000e+04   1.9409180e+01
   1.1997000e+04   2.8137207e+01
   1.2419000e+04   2.9907227e+01
   1.2601000e+04   2.8015137e+01
   1.2818000e+04   2.8381348e+01
   1.2835000e+04   1.8493652e+01
   1.3015000e+04   5.8227539e+01
   1.3099000e+04   3.1738281e+01
   1.3228000e+04   5.1696777e+01
   1.3573000e+04   2.8076172e+01
   1.3786000e+04   2.7893066e+01
   1.3847000e+04   5.5786133e+01
   1.4644000e+04   5.3100586e+01
   1.4732000e+04   3.8940430e+01
   1.4753000e+04   9.2712402e+01
   1.5467000e+04   5.3405762e+01
   1.5553000e+04   2.8198242e+01
   1.5741000e+04   3.9794922e+01
   1.6133000e+04   4.2602539e+01
   1.6290000e+04   3.2043457e+01
   1.6316000e+04   4.4311523e+01
   1.6426000e+04   2.5024414e+01
   1.6457000e+04   1.7333984e+01
   1.6586000e+04   3.5461426e+01
   1.6806000e+04   3.3569336e+01
   1.7021000e+04   2.9846191e+01
   1.7262000e+04   3.8452148e+01
   1.7464000e+04   2.4291992e+01
   1.7597000e+04   2.3071289e+01
   1.7733000e+04   2.1423340e+01
   1.7758000e+04   3.0151367e+01
   1.7940000e+04   2.0568848e+01
   1.8157000e+04   2.7038574e+01
   1.8250000e+04   1.8493652e+01
   1.8288000e+04   1.7150879e+01
   1.8486000e+04   2.5085449e+01
   1.8783000e+04   3.2043457e+01
   1.8996000e+04   2.5024414e+01
   1.9278000e+04   2.2583008e+01
   1.9607000e+04   3.0395508e+01
   1.9835000e+04   3.2043457e+01
   8.3951000e+04   2.0324707e+01
   8.4010000e+04   1.7272949e+01
   1.3441100e+05   3.6743164e+01
   1.3483600e+05   2.9846191e+01
   1.3517500e+05   6.3110352e+01
   1.3520600e+05   2.9968262e+01
   1.3566600e+05   3.5461426e+01
   1.3595700e+05   3.0944824e+01
   1.3625500e+05   1.7761230e+01
   1.3628800e+05   3.6560059e+01
   1.3635000e+05   6.1096191e+01
   1.3659300e+05   5.9936523e+01
   1.3660400e+05   1.7395020e+01
   1.3687700e+05   3.0700684e+01
   1.3708500e+05   5.6030273e+01
   1.3710600e+05   2.5268555e+01
   1.3726200e+05   1.8615723e+01
   1.3896400e+05   1.8493652e+01
   1.3898000e+05   3.3020020e+01
   1.3908100e+05   5.5358887e+01
   2.4218100e+05   3.1372070e+01
   2.4273100e+05   3.4484863e+01
   2.4289300e+05   3.9672852e+01
   2.4348000e+05   3.4606934e+01
   2.4383800e+05   3.2775879e+01
   2.4462600e+05   6.1340332e+01
   2.4496000e+05   3.0639648e+01
   2.4524800e+05   2.7770996e+01
   2.4587500e+05   3.1127930e+01
   2.4589700e+05   1.8737793e+01
   2.4597900e+05   3.0639648e+01
   2.4708200e+05   5.8044434e+01
   2.4796300e+05   5.1513672e+01
   2.4799700e+05   2.8259277e+01
   2.4803200e+05   1.7578125e+01
   2.4830400e+05   5.5541992e+01
   2.4843800e+05   1.7944336e+01
   2.4851300e+05   5.1452637e+01
   2.5262000e+05   5.4809570e+01
   2.5293500e+05   4.7607422e+01
   2.5303300e+05   4.2602539e+01
   2.5317700e+05   3.3813477e+01
   2.5354500e+05   4.3151855e+01
   2.5368000e+05   3.4118652e+01
   2.5380500e+05   3.0517578e+01
   2.5393400e+05   2.1911621e+01
   2.5573300e+05   2.5817871e+01
   2.5594500e+05   2.1972656e+01
   3.6014000e+05   3.0273438e+01
   3.6016200e+05   5.9509277e+01
   3.6078500e+05   3.0944824e+01
   3.6089000e+05   5.9204102e+01
   3.6104400e+05   3.3691406e+01
   3.6117200e+05   2.8625488e+01
   3.6153800e+05   3.3874512e+01
   3.6213100e+05   3.1372070e+01
   3.6246500e+05   2.7282715e+01
   3.6251300e+05   5.6701660e+01
   3.6274700e+05   3.3935547e+01
   3.6286500e+05   2.0629883e+01
   3.6289400e+05   3.0090332e+01
   3.6290400e+05   2.1423340e+01
   3.6298100e+05   5.5236816e+01
   3.6329100e+05   3.0090332e+01
   3.6349200e+05   5.8898926e+01
   3.6409400e+05   2.1667480e+01
   3.6411200e+05   8.3740234e+01
   3.6414100e+05   5.0231934e+01
   3.6415100e+05   1.9226074e+01
   3.6429500e+05   2.9968262e+01
   3.6434000e+05   4.1625977e+01
   3.6466900e+05   2.7832031e+01
   3.6502800e+05   3.1677246e+01
   3.6570700e+05   3.0151367e+01
   3.6634500e+05   3.0151367e+01
   3.6670900e+05   2.9541016e+01
   3.6694100e+05   2.4047852e+01
   3.6722500e+05   2.8381348e+01
   4.8377500e+05   1.7089844e+01
   5.0861500e+05   1.8005371e+01
   5.0865100e+05   1.7150879e+01
   5.3667200e+05   1.7944336e+01
   5.8304400e+05   2.4719238e+01
   5.8306900e+05   6.5368652e+01
   5.8308900e+05   1.7883301e+01
   5.8311700e+05   2.0324707e+01
   5.8314700e+05   2.0812988e+01
   5.8364300e+05   3.0517578e+01
   5.8402100e+05   2.5695801e+01
   5.8414100e+05   6.0791016e+01
   5.8416100e+05   3.5705566e+01
   5.8431400e+05   5.6152344e+01
   5.8495700e+05   2.8625488e+01
   5.8518600e+05   2.9235840e+01
   5.8528000e+05   3.2043457e+01
   5.8530400e+05   2.4108887e+01
   5.8539600e+05   2.7282715e+01
   5.8548100e+05   5.0170898e+01
   5.8568200e+05   5.3161621e+01
   5.8569400e+05   2.6306152e+01
   5.8584900e+05   2.9296875e+01
   5.8605000e+05   2.8625488e+01
   5.8671100e+05   2.9052734e+01
   5.8684600e+05   3.8757324e+01
   5.8689100e+05   8.6486816e+01
   5.8690200e+05   1.8859863e+01
   5.8697200e+05   2.6550293e+01
   5.8704700e+05   4.5410156e+01
   6.5900200e+05   2.0507812e+01
   6.7189100e+05   1.8005371e+01
   6.7458500e+05   2.1545410e+01
   7.3902500e+05   3.2043457e+01
   7.3911800e+05   3.1005859e+01
   7.3966400e+05   3.6376953e+01
   7.3993000e+05   3.3020020e+01
   7.3996000e+05   6.3720703e+01
   7.4014700e+05   2.7587891e+01
   7.4016600e+05   3.4667969e+01
   7.4044500e+05   2.8747559e+01
   7.4066700e+05   2.9418945e+01
   7.4188100e+05   3.3447266e+01
   7.4189800e+05   7.3120117e+01
   7.4195900e+05   6.2500000e+01
   7.4229400e+05   2.9907227e+01
   7.4234500e+05   5.0170898e+01
   7.4332900e+05   2.8808594e+01
   7.4339600e+05   5.1330566e+01
   7.4353500e+05   3.7475586e+01
   7.8599800e+05   2.6977539e+01
   7.8612400e+05   3.1127930e+01
   7.8615000e+05   2.1301270e+01
   8.2651700e+05   1.7883301e+01
   9.0636500e+05   1.8127441e+01
   9.1921900e+05   1.9287109e+01
   9.3173200e+05   1.8859863e+01
   9.3421700e+05   1.8188477e+01
   9.9390000e+05   1.8066406e+01
   9.9393300e+05   1.7150879e+01
   9.9397900e+05   2.4169922e+01
   9.9406300e+05   1.9348145e+01
   1.0124100e+06   1.8127441e+01
   1.0124520e+06   2.4047852e+01
   1.0191740e+06   1.7944336e+01
   1.0354480e+06   1.8432617e+01
   1.0355580e+06   2.1606445e+01
   1.0471860e+06   2.1972656e+01
   1.0473760e+06   1.9165039e+01
   1.0639570e+06   2.2094727e+01
   1.0639810e+06   1.9531250e+01
   1.0639980e+06   3.0090332e+01
   1.0640200e+06   1.9958496e+01
   1.0640390e+06   1.9470215e+01
   1.0640700e+06   2.2705078e+01
   1.0640850e+06   1.9897461e+01
   1.0641170e+06   1.8127441e+01
   1.0641970e+06   1.8676758e+01
   1.0644920e+06   1.7883301e+01
   1.0803480e+06   1.8920898e+01
   1.0803720e+06   3.5949707e+01
   1.0803970e+06   1.7822266e+01
   1.0804280e+06   3.0761719e+01
   1.0805060e+06   1.8798828e+01
   1.0937260e+06   2.6611328e+01
   1.1046970e+06   5.1269531e+01
   1.1047280e+06   1.9287109e+01
   1.1047480e+06   2.8991699e+01
   1.1047600e+06   3.3752441e+01
   1.1047840e+06   1.7700195e+01
   1.1048090e+06   1.3055420e+02
   1.1048320e+06   2.0935059e+01
   1.1048530e+06   1.7211914e+01
   1.1052300e+06   1.7883301e+01
   1.1053780e+06   1.7883301e+01
   1.1115860e+06   1.7883301e+01
   1.1117380e+06   1.7333984e+01
   1.1136480e+06   1.7639160e+01
   1.1137610e+06   2.5268555e+01
   1.1177220e+06   2.0690918e+01
   1.1178260e+06   1.9775391e+01
   1.1279100e+06   3.6315918e+01
   1.1279460e+06   8.7951660e+01
   1.1279750e+06   3.5888672e+01
   1.1279930e+06   2.1423340e+01
   1.1280190e+06   1.0101318e+02
   1.1280460e+06   2.4047852e+01
   1.1280850e+06   2.2888184e+01
   1.1282080e+06   2.0568848e+01
   1.1283930e+06   1.9836426e+01
   1.1284510e+06   1.9165039e+01
   1.1341120e+06   1.8310547e+01
   1.1341900e+06   1.8981934e+01
   1.1344000e+06   2.0507812e+01
   1.1363830e+06   2.0324707e+01
   1.1431780e+06   1.8066406e+01
   1.1432410e+06   1.7211914e+01
   1.1432530e+06   1.8737793e+01
   1.1432770e+06   2.0751953e+01
   1.1433030e+06   3.9733887e+01
   1.1553980e+06   2.4902344e+01
   1.1554190e+06   8.9843750e+01
   1.1554480e+06   2.8259277e+01
   1.1554710e+06   8.1176758e+01
   1.1554970e+06   2.4108887e+01
   1.1555190e+06   5.7250977e+01
   1.1555490e+06   3.7170410e+01
   1.1555770e+06   1.8249512e+01
   1.1555870e+06   2.3315430e+01
   1.1556550e+06   3.3081055e+01
   1.1557730e+06   6.8115234e+01
   1.1558960e+06   1.9226074e+01
   1.1560510e+06   4.4128418e+01
   1.1567600e+06   1.9653320e+01
   1.1619150e+06   1.8798828e+01
   1.1619550e+06   1.7211914e+01
   1.1619740e+06   1.7333984e+01
   1.1620010e+06   2.3193359e+01
   1.1620610e+06   1.9592285e+01
   1.1624350e+06   1.8005371e+01
   1.1652020e+06   1.8981934e+01
   1.1652720e+06   1.7272949e+01
   1.1685930e+06   1.1224365e+02
   1.1686030e+06   2.6611328e+01
   1.1686800e+06   2.5146484e+01
   1.1686940e+06   7.5744629e+01
   1.1687480e+06   1.7944336e+01
   1.1728790e+06   2.1789551e+01
   1.1729230e+06   7.3852539e+01
   1.1729440e+06   1.9409180e+01
   1.1729550e+06   8.5937500e+01
   1.1729900e+06   4.4494629e+01
   1.1730000e+06   4.0832520e+01
   1.1730240e+06   6.7749023e+01
   1.1730690e+06   6.9213867e+01
   1.1731020e+06   1.9165039e+01
   1.1731250e+06   2.7770996e+01
   1.1731470e+06   4.7424316e+01
   1.1741470e+06   1.7700195e+01
   1.1773970e+06   6.1706543e+01
   1.1774140e+06   7.5561523e+01
   1.1775090e+06   1.8737793e+01
   1.1802420e+06   5.9631348e+01
   1.1802810e+06   2.1972656e+01
   1.1802970e+06   7.5012207e+01
   1.1803420e+06   2.1667480e+01
   1.1909380e+06   4.4555664e+01
   1.1909530e+06   9.2041016e+01
   1.1909740e+06   2.8808594e+01
   1.1909960e+06   2.4841309e+01
   1.1910190e+06   3.6804199e+01
   1.1910430e+06   4.8889160e+01
   1.1910620e+06   1.7883301e+01
   1.1911050e+06   3.3325195e+01
   1.1911360e+06   1.9897461e+01
   1.1911810e+06   1.7700195e+01
   1.1912380e+06   2.8198242e+01
   1.1913320e+06   2.7282715e+01
   1.1913560e+06   2.4475098e+01
   1.1914290e+06   3.9306641e+01
   1.1914400e+06   2.3071289e+01
   1.1914790e+06   2.7709961e+01
   1.1915230e+06   2.4108887e+01
   1.1915810e+06   1.7150879e+01
   1.1916740e+06   3.1188965e+01
   1.1996420e+06   1.9714355e+01
   1.1996790e+06   2.8625488e+01
   1.1996910e+06   2.9052734e+01
   1.1997010e+06   8.1176758e+01
   1.1997390e+06   3.2897949e+01
   1.1997640e+06   3.9367676e+01
   1.1997830e+06   2.6000977e+01
   1.1997990e+06   5.9814453e+01
   1.1998340e+06   3.0456543e+01
   1.1998660e+06   1.9226074e+01
   1.1999000e+06   1.8554688e+01
   1.2047260e+06   1.9226074e+01
   1.2047550e+06   5.8166504e+01
   1.2047750e+06   8.8500977e+01
   1.2047930e+06   2.1972656e+01
   1.2048300e+06   4.3945312e+01
   1.2048630e+06   5.8044434e+01
   1.2048910e+06   2.9968262e+01
   1.2049130e+06   2.0080566e+01
   1.2049250e+06   1.7761230e+01
   1.2049500e+06   4.3884277e+01
   1.2049640e+06   2.3010254e+01
   1.2049840e+06   3.1799316e+01
   1.2624180e+06   2.7893066e+01
   1.2624360e+06   9.3017578e+01
   1.2624740e+06   2.5268555e+01
   1.2625140e+06   5.8044434e+01
   1.2625370e+06   7.8247070e+01
   1.2625560e+06   2.0263672e+01
   1.2625740e+06   5.3161621e+01
   1.2625980e+06   1.7700195e+01
   1.2626200e+06   2.5146484e+01
   1.2626450e+06   4.9560547e+01
   1.2626590e+06   4.9011230e+01
   1.2627160e+06   2.0935059e+01
   1.2660920e+06   1.7272949e+01
   1.2695200e+06   1.7822266e+01
   1.2716780e+06   1.7089844e+01
   1.2849410e+06   1.7883301e+01
   1.2849650e+06   2.0690918e+01
   1.2849930e+06   1.7517090e+01
   1.2850160e+06   9.4116211e+01
   1.2850350e+06   3.1250000e+01
   1.2850480e+06   1.8493652e+01
   1.2850720e+06   6.4086914e+01
   1.2851590e+06   1.8737793e+01
   1.2852140e+06   1.9226074e+01
   1.2852360e+06   1.7089844e+01
   1.2855280e+06   1.7089844e+01
   1.2864320e+06   1.7639160e+01
   1.2875030e+06   1.7150879e+01
   1.2905260e+06   2.3071289e+01
   1.2906560e+06   1.7700195e+01
   1.2906900e+06   1.7944336e+01
   1.2907460e+06   1.8493652e+01
   1.2907910e+06   2.1484375e+01
   1.3639000e+06   1.8188477e+01
   1.3641550e+06   1.7578125e+01
   1.3883690e+06   1.7150879e+01
   1.3884690e+06   1.7211914e+01
   1.3885010e+06   1.9714355e+01
   1.3885400e+06   1.9531250e+01
   1.3892510e+06   1.8127441e+01
   1.4172690e+06   1.7822266e+01
   1.4901490e+06   5.9509277e+01
   1.5284390e+06   3.5766602e+01
   1.5701130e+06   1.7883301e+01
   1.5706790e+06   1.7761230e+01
   1.5928410e+06   2.6062012e+01
   1.5934190e+06   3.3874512e+01
   1.5937410e+06   3.3691406e+01
   1.6307670e+06   3.4606934e+01
   1.6309920e+06   3.3874512e+01
   1.6313470e+06   3.2470703e+01
   1.6316480e+06   5.9875488e+01
   1.6316770e+06   2.9663086e+01
   1.6591120e+06   3.9978027e+01
   1.6594130e+06   3.2470703e+01
   1.6985690e+06   3.0517578e+01
   1.6986890e+06   2.4047852e+01
   1.6989100e+06   2.5939941e+01
   1.6992480e+06   3.5949707e+01
   1.6993870e+06   6.2316895e+01
   1.6994800e+06   2.5634766e+01
   1.6996250e+06   2.8137207e+01
   1.6996800e+06   5.7006836e+01
   1.6997880e+06   3.1433105e+01
   1.6999450e+06   2.8564453e+01
   1.7002520e+06   3.3935547e+01
   1.7003470e+06   2.7648926e+01
   1.7005540e+06   2.6794434e+01
   1.7008690e+06   2.9724121e+01
   1.7009970e+06   3.0761719e+01
   1.7012580e+06   2.6794434e+01
   1.7013600e+06   2.3681641e+01
   1.7015130e+06   2.9479980e+01
   1.7016430e+06   2.6550293e+01
   1.7016680e+06   5.5236816e+01
   1.7019210e+06   2.4658203e+01
   1.7019740e+06   5.8898926e+01
   1.7020330e+06   2.7832031e+01
   1.7021240e+06   5.1757812e+01
   1.7022450e+06   2.7832031e+01
   1.7023420e+06   1.8920898e+01
   1.7025120e+06   5.7189941e+01
   1.7026830e+06   3.0578613e+01
   1.7027810e+06   4.6875000e+01
   1.7027950e+06   1.9226074e+01
   1.7029420e+06   2.8686523e+01
   1.7029920e+06   4.5349121e+01
   1.7030960e+06   1.7944336e+01
   1.7031910e+06   4.6569824e+01
   1.7032140e+06   2.5695801e+01
   1.7034340e+06   2.5512695e+01
   1.7034560e+06   4.4982910e+01
   1.7038770e+06   3.9367676e+01
   1.7039260e+06   3.2897949e+01
   1.7041580e+06   4.6630859e+01
   1.7043660e+06   3.8940430e+01
   1.7046200e+06   3.9001465e+01
   1.7047880e+06   3.4240723e+01
   1.7050460e+06   3.2775879e+01
   1.7050840e+06   2.6855469e+01
   1.7052640e+06   3.1372070e+01
   1.7054620e+06   3.1555176e+01
   1.7056090e+06   2.8503418e+01
   1.7059090e+06   1.8920898e+01
   1.7060450e+06   2.4047852e+01
   1.7062310e+06   2.6672363e+01
   1.7064230e+06   2.5329590e+01
   1.7065700e+06   1.7089844e+01
   1.7067370e+06   2.0874023e+01
   1.7069120e+06   1.8859863e+01
   1.7076890e+06   2.3498535e+01
   1.7078570e+06   1.8615723e+01
   1.7554840e+06   1.7089844e+01
   1.7836510e+06   3.8696289e+01
   1.7837110e+06   3.9245605e+01
   1.7837500e+06   4.6386719e+01
   1.7838040e+06   3.5827637e+01
   1.7842070e+06   2.7282715e+01
   1.7843970e+06   3.1555176e+01
   1.7845500e+06   3.7170410e+01
   1.7847770e+06   3.1677246e+01
   1.7849870e+06   3.1860352e+01
   1.7850950e+06   2.7954102e+01
   1.7851180e+06   1.8066406e+01
   1.7853190e+06   2.7282715e+01
   1.7856520e+06   2.9235840e+01
   1.7858950e+06   2.5451660e+01
   1.7860050e+06   2.6062012e+01
   1.7861220e+06   6.2683105e+01
   1.7862310e+06   2.3864746e+01
   1.7863580e+06   2.6977539e+01
   1.7864230e+06   1.8798828e+01
   1.7865790e+06   2.3864746e+01
   1.7867340e+06   2.4108887e+01
   1.7871980e+06   3.2958984e+01
   1.7873530e+06   2.9357910e+01
   1.7875200e+06   2.7587891e+01
   1.7881100e+06   3.3020020e+01
   1.7883090e+06   2.9541016e+01
   1.7891370e+06   3.5766602e+01
   1.7894580e+06   2.8930664e+01
   1.7899860e+06   3.3386230e+01
   1.7904050e+06   3.1433105e+01
   1.7904740e+06   2.0629883e+01
   1.7908200e+06   2.6855469e+01
   1.7911580e+06   2.7770996e+01
   1.7912190e+06   1.9775391e+01
   1.7914550e+06   2.7038574e+01
   1.7917900e+06   2.5939941e+01
   1.7919790e+06   2.1057129e+01
   1.7921340e+06   2.7770996e+01
   1.7921570e+06   1.9714355e+01
   1.7923450e+06   2.7221680e+01
   1.7927990e+06   2.6550293e+01
   1.7937150e+06   5.4077148e+01
   1.7941710e+06   5.7006836e+01
   1.7949320e+06   5.1147461e+01
   1.8440830e+06   3.1066895e+01
   1.8441490e+06   3.0456543e+01
   1.8442460e+06   2.9907227e+01
   1.8443160e+06   1.7395020e+01
   1.8447170e+06   2.9846191e+01
   1.8451030e+06   3.1127930e+01
   1.8452180e+06   3.4057617e+01
   1.8453560e+06   2.5878906e+01
   1.8455890e+06   3.0700684e+01
   1.8457430e+06   3.3508301e+01
   1.8461130e+06   2.7038574e+01
   1.8462980e+06   2.5756836e+01
   1.8464340e+06   3.5400391e+01
   1.8468270e+06   2.4597168e+01
   1.8469210e+06   2.2338867e+01
   1.8472680e+06   2.9785156e+01
   1.8473870e+06   2.4658203e+01
   1.8475600e+06   2.4475098e+01
   1.8477220e+06   2.1240234e+01
   1.8478800e+06   2.5634766e+01
   1.8479230e+06   1.7761230e+01
   1.8480830e+06   2.9907227e+01
   1.8483320e+06   2.6428223e+01
   1.8484940e+06   2.8198242e+01
   1.8486090e+06   2.3132324e+01
   1.8486520e+06   5.7922363e+01
   1.8488240e+06   2.4719238e+01
   1.8489780e+06   2.6977539e+01
   1.8491150e+06   2.3254395e+01
   1.8493510e+06   1.9897461e+01
   1.8494890e+06   2.1423340e+01
   1.8498970e+06   2.6184082e+01
   1.8501100e+06   1.8920898e+01
   1.8503140e+06   2.1057129e+01
   1.8503380e+06   1.7272949e+01
   1.8505960e+06   2.5512695e+01
   1.8507460e+06   1.9287109e+01
   1.8511480e+06   2.3803711e+01
   1.8513020e+06   1.9653320e+01
   1.8514140e+06   1.9714355e+01
   1.8516230e+06   2.2277832e+01
   1.8517830e+06   1.9104004e+01
   1.8522200e+06   2.4658203e+01
   1.8526230e+06   3.0334473e+01
   1.8529420e+06   2.5268555e+01
   1.8532010e+06   2.5573730e+01
   1.8532960e+06   1.7456055e+01
   1.8534710e+06   1.9104004e+01
   1.8536920e+06   2.3132324e+01
   1.8537840e+06   1.8066406e+01
   1.8539590e+06   2.2399902e+01
   1.8541580e+06   1.8432617e+01
   1.8550070e+06   2.5939941e+01
   1.8551330e+06   1.7944336e+01
   1.8754210e+06   1.7639160e+01
   1.9408710e+06   3.3569336e+01
   1.9409960e+06   3.0395508e+01
   1.9410830e+06   1.7700195e+01
   1.9415080e+06   2.9357910e+01
   1.9415820e+06   3.5400391e+01
   1.9416570e+06   3.3142090e+01
   1.9417580e+06   2.6611328e+01
   1.9418350e+06   2.6916504e+01
   1.9419710e+06   2.8686523e+01
   1.9422410e+06   2.4291992e+01
   1.9423330e+06   2.2460938e+01
   1.9425700e+06   2.4536133e+01
   1.9426940e+06   3.1311035e+01
   1.9427660e+06   2.2460938e+01
   1.9428730e+06   2.2827148e+01
   1.9430020e+06   2.6672363e+01
   1.9431280e+06   2.1484375e+01
   1.9433190e+06   3.1555176e+01
   1.9434180e+06   2.4047852e+01
   1.9435610e+06   2.5756836e+01
   1.9437480e+06   2.1911621e+01
   1.9438510e+06   2.3071289e+01
   1.9439980e+06   2.5939941e+01
   1.9441070e+06   2.0141602e+01
   1.9442200e+06   1.9104004e+01
   1.9443190e+06   1.8554688e+01
   1.9444230e+06   1.9592285e+01
   1.9445760e+06   2.5451660e+01
   1.9447330e+06   1.9226074e+01
   1.9448850e+06   2.1301270e+01
   1.9450470e+06   1.7456055e+01
   1.9452860e+06   2.2888184e+01
   1.9454500e+06   1.8615723e+01
   1.9456130e+06   1.8554688e+01
   1.9459300e+06   2.1728516e+01
   1.9460890e+06   2.2399902e+01
   1.9462470e+06   1.8554688e+01
   1.9466120e+06   1.9042969e+01
   1.9468050e+06   2.3071289e+01
   1.9470590e+06   2.5756836e+01
   1.9473490e+06   2.4719238e+01
   1.9476460e+06   2.5695801e+01
   1.9477300e+06   1.8981934e+01
   1.9478970e+06   2.1850586e+01
   1.9480390e+06   2.1972656e+01
   1.9483510e+06   2.3803711e+01
   1.9487200e+06   2.4047852e+01
   1.9488620e+06   2.2766113e+01
   1.9493270e+06   2.1789551e+01
   1.9496510e+06   5.4138184e+01
   1.9497470e+06   5.0903320e+01
   1.9501780e+06   2.6733398e+01
   1.9503300e+06   1.7944336e+01
   1.9505690e+06   5.5725098e+01
   1.9509610e+06   5.7312012e+01
   1.9511160e+06   5.1025391e+01
   2.0363900e+06   2.6855469e+01
   2.0364670e+06   2.8503418e+01
   2.0365710e+06   3.0883789e+01
   2.0368780e+06   2.6367188e+01
   2.0369650e+06   2.4230957e+01
   2.0370150e+06   3.0944824e+01
   2.0370740e+06   2.2277832e+01
   2.0371350e+06   1.7700195e+01
   2.0371570e+06   1.7333984e+01
   2.0372020e+06   2.4108887e+01
   2.0373470e+06   3.3752441e+01
   2.0373570e+06   1.7089844e+01
   2.0374990e+06   3.2958984e+01
   2.0377240e+06   2.9541016e+01
   2.0378570e+06   2.5695801e+01
   2.0380260e+06   2.5024414e+01
   2.0383150e+06   2.9968262e+01
   2.0383960e+06   2.2399902e+01
   2.0385950e+06   2.8625488e+01
   2.0387460e+06   1.9653320e+01
   2.0389420e+06   2.4658203e+01
   2.0390460e+06   2.0202637e+01
   2.0392470e+06   3.4240723e+01
   2.0393850e+06   2.4230957e+01
   2.0396500e+06   3.0090332e+01
   2.0397270e+06   1.9714355e+01
   2.0399330e+06   2.3437500e+01
   2.0402270e+06   2.7526855e+01
   2.0403990e+06   2.7893066e+01
   2.0405090e+06   2.2460938e+01
   2.0406570e+06   2.5024414e+01
   2.0408810e+06   2.8442383e+01
   2.0410860e+06   2.7465820e+01
   2.0411900e+06   2.6062012e+01
   2.0412950e+06   1.7272949e+01
   2.0414560e+06   2.1240234e+01
   2.0416160e+06   2.1728516e+01
   2.0417380e+06   1.7456055e+01
   2.0419920e+06   2.5207520e+01
   2.0423870e+06   2.6672363e+01
   2.0428210e+06   2.7587891e+01
   2.0434060e+06   6.1157227e+01
   2.1045320e+06   2.9418945e+01
   2.1046260e+06   3.5156250e+01
   2.1046630e+06   1.9714355e+01
   2.1047030e+06   2.7648926e+01
   2.1047300e+06   1.8127441e+01
   2.1049510e+06   3.3325195e+01
   2.1050800e+06   2.0263672e+01
   2.1051980e+06   2.8686523e+01
   2.1053440e+06   2.9968262e+01
   2.1056080e+06   3.2470703e+01
   2.1059120e+06   3.2470703e+01
   2.1060340e+06   2.7893066e+01
   2.1061230e+06   1.8432617e+01
   2.1061970e+06   1.9836426e+01
   2.1064310e+06   2.6306152e+01
   2.1065550e+06   2.7648926e+01
   2.1066530e+06   1.7211914e+01
   2.1067210e+06   2.4169922e+01
   2.1068830e+06   1.8615723e+01
   2.1069820e+06   2.0690918e+01
   2.1070120e+06   1.7333984e+01
   2.1070970e+06   2.8198242e+01
   2.1072770e+06   2.3437500e+01
   2.1075760e+06   2.4291992e+01
   2.1077480e+06   7.6354980e+01
   2.1078400e+06   4.4921875e+01
   2.1079320e+06   3.2104492e+01
   2.1081390e+06   2.6672363e+01
   2.1082080e+06   1.7578125e+01
   2.1083520e+06   2.3193359e+01
   2.1085890e+06   2.1728516e+01
   2.1087750e+06   2.4719238e+01
   2.1090130e+06   2.4780273e+01
   2.1092050e+06   2.8198242e+01
   2.1093610e+06   1.9470215e+01
   2.1093900e+06   1.7089844e+01
   2.1094870e+06   1.9897461e+01
   2.1096280e+06   1.8493652e+01
   2.1103190e+06   6.0119629e+01
   2.1106310e+06   2.5817871e+01
   2.2015370e+06   2.6367188e+01
   2.2015910e+06   2.6916504e+01
   2.2016680e+06   1.7089844e+01
   2.2016920e+06   2.8991699e+01
   2.2021960e+06   2.6550293e+01
   2.2023390e+06   2.7954102e+01
   2.2024720e+06   3.3874512e+01
   2.2026170e+06   3.5400391e+01
   2.2026960e+06   2.3376465e+01
   2.2028550e+06   2.6000977e+01
   2.2029550e+06   5.8776855e+01
   2.2030610e+06   2.9052734e+01
   2.2032470e+06   2.8686523e+01
   2.2032840e+06   1.8371582e+01
   2.2034040e+06   2.2827148e+01
   2.2036070e+06   2.7343750e+01
   2.2037350e+06   2.6489258e+01
   2.2041710e+06   3.1494141e+01
   2.2042720e+06   2.1728516e+01
   2.2044220e+06   1.8310547e+01
   2.2044560e+06   5.7128906e+01
   2.2044730e+06   2.7648926e+01
   2.2046460e+06   2.3437500e+01
   2.2048620e+06   2.8564453e+01
   2.2050310e+06   2.5146484e+01
   2.2051970e+06   2.6000977e+01
   2.2055390e+06   2.5634766e+01
   2.2055960e+06   2.0751953e+01
   2.2058730e+06   2.3315430e+01
   2.3313620e+06   1.7395020e+01
   2.3496390e+06   3.3203125e+01
   2.3497040e+06   4.0222168e+01
   2.3498680e+06   3.1738281e+01
   2.3500460e+06   2.7526855e+01
   2.3503070e+06   3.0395508e+01
   2.3504260e+06   3.2653809e+01
   2.3505760e+06   3.5888672e+01
   2.3508210e+06   2.3315430e+01
   2.3508410e+06   1.7517090e+01
   2.3509280e+06   6.2622070e+01
   2.3509570e+06   2.7343750e+01
   2.3513340e+06   3.1616211e+01
   2.3515720e+06   2.8137207e+01
   2.4481710e+06   1.7150879e+01
   2.4574360e+06   3.5522461e+01
   2.4575370e+06   3.5705566e+01
   2.4576320e+06   3.2714844e+01
   2.4580550e+06   3.8208008e+01
   2.4581490e+06   6.2805176e+01
   2.4583550e+06   2.9602051e+01
   2.4589870e+06   3.3935547e+01
   2.4593950e+06   3.5156250e+01
   2.4597090e+06   3.0456543e+01
   2.5584960e+06   3.8085938e+01
   2.5585570e+06   3.4667969e+01
   2.5588530e+06   2.6977539e+01
   2.5589630e+06   3.2836914e+01
   2.5590750e+06   3.5278320e+01
   2.5593260e+06   2.7465820e+01
   2.5594920e+06   3.0883789e+01
   2.5596570e+06   1.7150879e+01
   2.5597770e+06   6.2072754e+01
   2.5598720e+06   3.1494141e+01
   2.5599390e+06   5.9265137e+01
   2.6212420e+06   1.7578125e+01
   2.6238450e+06   2.1545410e+01
   2.6238910e+06   2.5878906e+01
   2.6239440e+06   3.3813477e+01
   2.6239560e+06   6.6833496e+01
   2.6239880e+06   2.5878906e+01
   2.6244860e+06   1.7333984e+01
   2.6247510e+06   2.2766113e+01
   2.6248030e+06   2.9785156e+01
   2.6248290e+06   1.8432617e+01
   2.6248820e+06   3.1982422e+01
   2.6249840e+06   4.1870117e+01
   2.6250360e+06   2.4719238e+01
   2.6253290e+06   2.6977539e+01
   2.6256090e+06   2.9907227e+01
   2.6257550e+06   3.9062500e+01
   2.6257680e+06   6.1401367e+01
   2.6258600e+06   5.1147461e+01
   2.6259170e+06   1.8127441e+01
   2.6261030e+06   2.9296875e+01
   2.6261650e+06   4.3640137e+01
   2.6261820e+06   9.6069336e+01
   2.6263520e+06   3.3569336e+01
   2.6265050e+06   2.7709961e+01
   2.6266610e+06   2.5756836e+01
   2.6267590e+06   5.3833008e+01
   2.6268240e+06   2.9846191e+01
   2.6271140e+06   2.8869629e+01
   2.6273510e+06   2.9541016e+01
   2.6276890e+06   6.0485840e+01
   2.6277210e+06   2.7770996e+01
   2.6278180e+06   2.4047852e+01
   2.6279890e+06   2.9968262e+01
   2.6281180e+06   2.2399902e+01
   2.6285580e+06   2.7954102e+01
   2.6286100e+06   8.9233398e+01
   2.6289700e+06   5.7128906e+01
   2.6290860e+06   6.3110352e+01
   2.6293110e+06   4.4067383e+01
   2.6294500e+06   3.9916992e+01
   2.6296010e+06   3.8452148e+01
   2.6297930e+06   3.3386230e+01
   2.6299800e+06   3.9855957e+01
   2.6301160e+06   3.0273438e+01
   2.6302720e+06   2.5756836e+01
   2.6303990e+06   2.4108887e+01
   2.6306500e+06   1.7700195e+01
   2.6309230e+06   2.4230957e+01
   2.6810310e+06   3.9489746e+01
   2.6813030e+06   2.9541016e+01
   2.6814850e+06   3.4484863e+01
   2.7019760e+06   1.7700195e+01
   2.7209860e+06   3.3569336e+01
   2.7210490e+06   2.9357910e+01
   2.7217200e+06   1.8798828e+01
   2.7217640e+06   2.8991699e+01
   2.7217900e+06   1.9653320e+01
   2.7218950e+06   6.0363770e+01
   2.7219190e+06   2.8564453e+01
   2.7220660e+06   2.8747559e+01
   2.7222430e+06   2.7526855e+01
   2.7223520e+06   2.5390625e+01
   2.7224870e+06   2.8320313e+01
   2.7226320e+06   6.0791016e+01
   2.7227350e+06   2.6672363e+01
   2.7229020e+06   2.6855469e+01
   2.7229250e+06   5.7189941e+01
   2.7230520e+06   3.4118652e+01
   2.7233100e+06   3.1860352e+01
   2.7235370e+06   2.8930664e+01
   2.7237690e+06   3.1188965e+01
   2.7238200e+06   4.7607422e+01
   2.7238500e+06   2.2277832e+01
   2.7240410e+06   2.9479980e+01
   2.7242920e+06   2.3620605e+01
   2.7243790e+06   3.2714844e+01
   2.7244390e+06   2.4169922e+01
   2.7244970e+06   5.5053711e+01
   2.7246750e+06   3.4240723e+01
   2.7248750e+06   2.6245117e+01
   2.7250580e+06   2.5329590e+01
   2.7252060e+06   2.1789551e+01
   2.7252580e+06   1.9775391e+01
   2.7252980e+06   5.4748535e+01
   2.7253090e+06   2.3559570e+01
   2.7255680e+06   2.7404785e+01
   2.7257680e+06   3.1250000e+01
   2.7260530e+06   3.2897949e+01
   2.7262940e+06   2.4841309e+01
   2.7267620e+06   2.8991699e+01
   2.7270580e+06   2.6184082e+01
   2.7272460e+06   2.0385742e+01
   2.7751390e+06   2.8991699e+01
   2.7753890e+06   3.2897949e+01
   2.7862930e+06   2.1545410e+01
   2.7863250e+06   3.6071777e+01
   2.8066120e+06   3.0395508e+01
   2.8067320e+06   3.4240723e+01
   2.8068550e+06   2.3681641e+01
   2.8305600e+06   3.5461426e+01
   2.8306770e+06   2.5085449e+01
   2.8310450e+06   3.6071777e+01
   2.8313210e+06   2.8076172e+01
   2.8314060e+06   2.8259277e+01
   2.8314450e+06   5.7800293e+01
   2.8314650e+06   3.2531738e+01
   2.8317500e+06   2.4841309e+01
   2.8320630e+06   3.3569336e+01
   2.8641640e+06   1.8249512e+01
   2.8642270e+06   1.8432617e+01
   2.8801730e+06   1.8737793e+01
   2.9240720e+06   2.4291992e+01
   2.9242530e+06   3.0334473e+01
   2.9243550e+06   2.9174805e+01
   3.0191500e+06   5.8776855e+01
   3.0368630e+06   2.9724121e+01
   3.0370450e+06   3.1311035e+01
   3.1449260e+06   6.1096191e+01
   3.2002320e+06   2.8381348e+01
   3.2366140e+06   6.4331055e+01
   3.2660720e+06   1.7578125e+01
   3.3002200e+06   1.7578125e+01
   3.3247520e+06   5.7983398e+01
   3.4582610e+06   1.7639160e+01
   3.4672420e+06   1.8066406e+01
   3.5049520e+06   8.4777832e+01
   3.5308710e+06   1.7517090e+01
   3.5315460e+06   8.4716797e+01
   3.5469780e+06   1.7211914e+01
   3.5602460e+06   1.7150879e+01
   3.5635690e+06   1.9165039e+01
   3.6183980e+06   3.0761719e+01
   3.6184760e+06   3.4057617e+01
   3.6651180e+06   3.1250000e+01
   3.6652770e+06   1.8920898e+01
   3.6665080e+06   1.7761230e+01
   3.7032260e+06   1.7089844e+01
   3.7307330e+06   1.7333984e+01
   3.7581070e+06   2.0874023e+01
   3.7849330e+06   1.8432617e+01
   3.7983920e+06   1.8615723e+01
   3.7984400e+06   1.7700195e+01
   3.7985010e+06   1.9165039e+01
   3.8100870e+06   2.1484375e+01
   3.8235880e+06   1.7089844e+01
   3.8325170e+06   1.9409180e+01
   3.8442820e+06   1.7150879e+01
   3.8533820e+06   2.2399902e+01
   3.8534370e+06   2.1362305e+01
   3.8535350e+06   1.8310547e+01
   3.8741040e+06   1.7761230e+01
   3.8953850e+06   1.7761230e+01
   3.8987930e+06   1.7456055e+01
   3.9069260e+06   2.0568848e+01
   3.9464340e+06   1.7456055e+01
   3.9464640e+06   3.1677246e+01
   3.9464800e+06   2.2949219e+01
   3.9464990e+06   2.2155762e+01
   3.9465270e+06   1.7150879e+01
   3.9571770e+06   1.7822266e+01
   3.9616770e+06   1.7822266e+01
   3.9827730e+06   1.7456055e+01
   3.9873420e+06   1.9348145e+01
   3.9933010e+06   1.7883301e+01
   3.9934110e+06   1.9409180e+01
   4.0017150e+06   1.8432617e+01
   4.0017830e+06   1.8371582e+01
   4.0116080e+06   1.8981934e+01
   4.0116860e+06   1.8615723e+01
   4.0116990e+06   1.7578125e+01
   4.0243120e+06   1.8371582e+01
   4.0292190e+06   1.7272949e+01
   4.0292650e+06   1.7333984e+01
   4.0293130e+06   1.7517090e+01
   4.0405080e+06   1.8188477e+01
   4.0471000e+06   2.1301270e+01
   4.0472120e+06   1.7822266e+01
   4.0537970e+06   1.7883301e+01
   4.0608220e+06   1.7395020e+01
   4.0609570e+06   1.7822266e+01
   4.0696310e+06   3.2165527e+01
   4.0696510e+06   1.8249512e+01
   4.0774490e+06   1.7700195e+01
   4.0839950e+06   4.0100098e+01
   4.0842220e+06   2.1240234e+01
   4.0933760e+06   3.7475586e+01
   4.0934440e+06   1.8249512e+01
   4.0934690e+06   1.7639160e+01
   4.0936860e+06   1.8066406e+01
   4.1039890e+06   3.5888672e+01
   4.1108160e+06   1.8127441e+01
   4.1108880e+06   1.9775391e+01
   4.1109350e+06   1.8676758e+01
   4.1202050e+06   2.9357910e+01
   4.1202480e+06   1.7211914e+01
   4.1203150e+06   2.0141602e+01
   4.1204140e+06   1.7822266e+01
   4.1327170e+06   1.7089844e+01
   4.1327460e+06   3.6560059e+01
   4.1327850e+06   2.4536133e+01
   4.1328620e+06   1.8981934e+01
   4.1404160e+06   1.8859863e+01
   4.1405780e+06   1.7089844e+01
   4.1484780e+06   4.0283203e+01
   4.1485340e+06   2.9113770e+01
   4.1485520e+06   1.9226074e+01
   4.1485700e+06   1.7089844e+01
   4.1486030e+06   1.8005371e+01
   4.1576480e+06   3.2104492e+01
   4.1576810e+06   2.3559570e+01
   4.1577230e+06   1.8798828e+01
   4.1577630e+06   2.0996094e+01
   4.1661050e+06   1.7578125e+01
   4.1661390e+06   1.7089844e+01
   4.1662060e+06   3.2531738e+01
   4.1662650e+06   2.0568848e+01
   4.1734480e+06   2.0507812e+01
   4.1797740e+06   2.0446777e+01
   4.1798130e+06   2.0019531e+01
   4.1798270e+06   4.1259766e+01
   4.1798610e+06   9.6923828e+01
   4.1799360e+06   1.7272949e+01
   4.1800000e+06   1.9897461e+01
   4.1879170e+06   1.7211914e+01
   4.1879580e+06   1.7517090e+01
   4.1880960e+06   1.7822266e+01
   4.1881130e+06   1.9348145e+01
   4.1970840e+06   1.7456055e+01
   4.1971210e+06   1.7456055e+01
   4.1971450e+06   3.0822754e+01
   4.1971780e+06   2.5878906e+01
   4.1972600e+06   1.8188477e+01
   4.1972940e+06   5.2124023e+01
   4.2038530e+06   1.8371582e+01
   4.2109940e+06   1.8981934e+01
   4.2110230e+06   6.7138672e+01
   4.2110400e+06   2.3437500e+01
   4.2110550e+06   2.1118164e+01
   4.2111870e+06   1.8676758e+01
   4.2112670e+06   1.8005371e+01
   4.2199970e+06   1.8310547e+01
   4.2200150e+06   3.2470703e+01
   4.2201740e+06   2.1484375e+01
   4.2202150e+06   1.9042969e+01
   4.2283900e+06   1.8615723e+01
   4.2284540e+06   1.7211914e+01
   4.2285420e+06   1.7517090e+01
   4.2286360e+06   1.9531250e+01
   4.2381000e+06   1.8127441e+01
   4.2381370e+06   1.7700195e+01
   4.2381670e+06   3.9550781e+01
   4.2382260e+06   2.2766113e+01
   4.2383610e+06   1.8432617e+01
   4.2386540e+06   1.7211914e+01
   4.2486930e+06   2.0935059e+01
   4.2487350e+06   2.0690918e+01
   4.2487580e+06   2.1911621e+01
   4.2487960e+06   2.0568848e+01
   4.2489100e+06   1.9714355e+01
   4.2592760e+06   1.7517090e+01
   4.2593090e+06   1.9531250e+01
   4.2593530e+06   1.8371582e+01
   4.2593950e+06   1.9836426e+01
   4.2594700e+06   1.8676758e+01
   4.2695840e+06   1.7456055e+01
   4.2696270e+06   1.8615723e+01
   4.2696500e+06   1.8859863e+01
   4.2697070e+06   2.2644043e+01
   4.2697750e+06   1.7089844e+01
   4.2699660e+06   1.7333984e+01
   4.2791050e+06   2.0080566e+01
   4.2791900e+06   1.8188477e+01
   4.2793040e+06   1.8249512e+01
   4.2793710e+06   1.9104004e+01
   4.2903360e+06   1.9531250e+01
   4.2903890e+06   2.0080566e+01
   4.2904420e+06   2.0385742e+01
   4.2904880e+06   1.7395020e+01
   4.2905380e+06   1.7517090e+01
   4.3015910e+06   1.7333984e+01
   4.3016540e+06   1.9042969e+01
   4.3016670e+06   1.7578125e+01
   4.3017550e+06   1.8005371e+01
   4.3113130e+06   1.7211914e+01
   4.3113680e+06   2.0446777e+01
   4.3114170e+06   1.8066406e+01
   4.3114790e+06   1.7456055e+01
   4.3221200e+06   1.7089844e+01
   4.3221550e+06   1.8432617e+01
   4.3222300e+06   1.7150879e+01
   4.3354480e+06   1.7883301e+01
   4.3355260e+06   1.7150879e+01
   4.3355410e+06   1.9653320e+01
   4.3461210e+06   1.7150879e+01
   4.3551070e+06   2.2766113e+01
   4.3552820e+06   2.1606445e+01
   4.3641200e+06   2.0568848e+01
   4.3641460e+06   1.8005371e+01
   4.3641770e+06   1.7089844e+01
   4.3760560e+06   1.9592285e+01
   4.3847070e+06   1.7395020e+01
   4.4087160e+06   1.7639160e+01
   4.4088230e+06   2.1118164e+01
   4.4097860e+06   1.7395020e+01
   4.5233270e+06   8.1420898e+01
   4.5241200e+06   8.1787109e+01
   4.5242610e+06   6.7810059e+01
   4.5243860e+06   6.6162109e+01
   4.5243960e+06   1.8371582e+01
   4.5246250e+06   3.0700684e+01
   4.5246350e+06   2.0874023e+01
   4.5247220e+06   6.2805176e+01
   4.5247980e+06   4.4311523e+01
   4.5249700e+06   6.1462402e+01
   4.5583160e+06   2.0690918e+01
   4.5656600e+06   1.9653320e+01
   4.6062800e+06   1.9897461e+01
   4.6065510e+06   1.7211914e+01
   4.6067540e+06   6.2072754e+01
   4.6457180e+06   6.4514160e+01
   4.6713190e+06   1.7150879e+01
   4.6714160e+06   5.8837891e+01
   4.6714990e+06   5.8105469e+01
   4.6723300e+06   1.7211914e+01
   4.6881640e+06   5.1940918e+01
   4.7040620e+06   6.0058594e+01
   4.7126150e+06   1.7272949e+01
   4.7240320e+06   6.0180664e+01
   4.7251270e+06   6.0180664e+01
   4.7254900e+06   5.5358887e+01
   4.7255500e+06   4.1320801e+01
   4.7256180e+06   3.3813477e+01
   4.7258320e+06   1.7333984e+01
   4.7261380e+06   4.9255371e+01
   4.7261480e+06   1.8066406e+01
   4.7261970e+06   3.1555176e+01
   4.7262890e+06   4.0222168e+01
   4.7523020e+06   6.0302734e+01
   4.7524480e+06   5.4077148e+01
   4.8054020e+06   5.3588867e+01
   4.8164420e+06   5.7128906e+01
   4.8165560e+06   5.1269531e+01
   4.8361790e+06   7.3059082e+01
   4.8363760e+06   7.4829102e+01
   4.8365130e+06   6.9458008e+01
   4.8365940e+06   6.6040039e+01
   4.8366170e+06   1.9287109e+01
   4.8367990e+06   6.6528320e+01
   4.8368090e+06   1.9042969e+01
   4.8368410e+06   6.1889648e+01
   4.8369950e+06   6.8359375e+01
   4.8370240e+06   1.7272949e+01
   4.8396950e+06   5.4931641e+01
   4.8397710e+06   4.8889160e+01
   4.8398930e+06   5.1086426e+01
   4.8603310e+06   1.7639160e+01
   4.8643240e+06   5.2001953e+01
   4.8708590e+06   7.2448730e+01
   4.8709370e+06   6.0668945e+01
   4.8709480e+06   1.8493652e+01
   4.8712460e+06   5.5419922e+01
   4.8713310e+06   2.1667480e+01
   4.8881330e+06   1.7883301e+01
   4.8883830e+06   5.4321289e+01
   4.9117830e+06   6.3110352e+01
   4.9336870e+06   5.9020996e+01
   4.9534860e+06   2.0568848e+01
   4.9554570e+06   3.5400391e+01
   4.9560690e+06   1.8920898e+01
   4.9867270e+06   6.4575195e+01
   4.9873250e+06   5.9631348e+01
   5.0146660e+06   5.6945801e+01
   5.0147850e+06   5.2124023e+01
   5.0149980e+06   5.5480957e+01
   5.0158010e+06   5.5297852e+01
   5.0565220e+06   3.2714844e+01
   5.0722550e+06   6.1767578e+01
   5.0890820e+06   6.1523438e+01
   5.0892420e+06   5.3649902e+01
   5.0893380e+06   4.7424316e+01
   5.1037420e+06   1.7150879e+01
   5.1038460e+06   5.7617188e+01
   5.1041010e+06   6.4086914e+01
   5.1215060e+06   5.9082031e+01
   5.1226090e+06   5.9020996e+01
   5.1393580e+06   5.9265137e+01
   5.1397570e+06   2.9541016e+01
   5.1400250e+06   3.6926270e+01
   5.1575360e+06   6.0729980e+01
   5.1580610e+06   5.9936523e+01
   5.1658170e+06   1.9775391e+01
   5.1828000e+06   6.0058594e+01
   5.1833420e+06   8.2092285e+01
   5.1838060e+06   5.9936523e+01
   5.1838880e+06   4.9438477e+01
   5.1981200e+06   1.9653320e+01
   5.2144990e+06   5.7739258e+01
   5.2147380e+06   5.5725098e+01
   5.2149000e+06   5.5664062e+01
   5.2312480e+06   1.7272949e+01
   5.2314800e+06   5.7373047e+01
   5.2483680e+06   5.9387207e+01
   5.2485960e+06   5.5541992e+01
   5.2486150e+06   2.0080566e+01
   5.2503790e+06   2.6733398e+01
   5.2503890e+06   1.7883301e+01
   5.2671800e+06   5.3710938e+01
   5.2680020e+06   2.3071289e+01
   5.2682140e+06   3.2836914e+01
   5.2700340e+06   5.7189941e+01
   5.2705470e+06   7.8491211e+01
   5.2705710e+06   4.8156738e+01
   5.2706990e+06   5.2001953e+01
   5.2709170e+06   5.2001953e+01
   5.3089740e+06   5.6335449e+01
   5.3089840e+06   2.0202637e+01
   5.3099590e+06   7.3181152e+01
   5.3101810e+06   5.9753418e+01
   5.3102560e+06   7.2753906e+01
   5.3102760e+06   4.6325684e+01
   5.3107340e+06   3.7048340e+01
   5.3294300e+06   5.3894043e+01
   5.3323710e+06   5.8654785e+01
   5.3327500e+06   5.6823730e+01
   5.3327700e+06   7.1228027e+01
   5.3528150e+06   3.3508301e+01
   5.3530070e+06   2.9968262e+01
   5.3535000e+06   5.7250977e+01
   5.3545250e+06   1.7578125e+01
   5.3687420e+06   2.9785156e+01
   5.3702130e+06   7.8247070e+01
   5.3702300e+06   6.1584473e+01
   5.3875030e+06   8.6730957e+01
   5.3877110e+06   5.9387207e+01
   5.3982500e+06   6.2683105e+01
   5.3994760e+06   3.0822754e+01
   5.4247860e+06   5.4016113e+01
   5.4248680e+06   5.4321289e+01
   5.4253510e+06   7.6599121e+01
   5.4439940e+06   2.7832031e+01
   5.4448880e+06   8.3740234e+01
   5.4452150e+06   2.7648926e+01
   5.4777450e+06   3.4240723e+01
   5.4778410e+06   3.1555176e+01
   5.4949080e+06   6.4880371e+01
   5.4949360e+06   1.8066406e+01
   5.4949560e+06   3.1860352e+01
   5.5080300e+06   2.5878906e+01
   5.5089010e+06   5.4626465e+01
   5.5089930e+06   5.4931641e+01
   5.5212480e+06   2.6489258e+01
   5.5214550e+06   5.8166504e+01
   5.5216300e+06   3.6071777e+01
   5.5218250e+06   2.9907227e+01
   5.5409830e+06   5.9875488e+01
   5.5410790e+06   5.7434082e+01
   5.5411600e+06   4.5959473e+01
   5.5537400e+06   3.8696289e+01
   5.5538640e+06   2.1606445e+01
   5.5716580e+06   3.5156250e+01
   5.5718640e+06   2.8930664e+01
   5.5721550e+06   2.8625488e+01
   5.5835560e+06   6.0119629e+01
   5.5836640e+06   5.0659180e+01
   5.5837380e+06   4.5349121e+01
   5.5838120e+06   4.6386719e+01
   5.5838990e+06   8.1970215e+01
   5.5840480e+06   5.0598145e+01
   5.5843130e+06   5.2429199e+01
   5.5899280e+06   1.7883301e+01
   5.6001340e+06   2.2583008e+01
   5.6002190e+06   2.7893066e+01
   5.6003690e+06   3.5644531e+01
   5.6161380e+06   2.8015137e+01
   5.6162900e+06   2.8198242e+01
   5.6163710e+06   1.7089844e+01
   5.6164350e+06   2.0446777e+01
   5.6164760e+06   6.6040039e+01
   5.6259340e+06   3.0212402e+01
   5.6260550e+06   6.2622070e+01
   5.6261550e+06   3.4484863e+01
   5.6415210e+06   2.6977539e+01
   5.6416730e+06   3.5766602e+01
   5.6419410e+06   3.0883789e+01
   5.6425530e+06   2.7282715e+01
   5.6560170e+06   3.3020020e+01
   5.6561450e+06   2.1911621e+01
   5.6562130e+06   5.8471680e+01
   5.6562810e+06   3.1738281e+01
   5.6562910e+06   3.9245605e+01
   5.6565370e+06   3.2348633e+01
   5.6704540e+06   2.3254395e+01
   5.6705550e+06   3.3508301e+01
   5.6834190e+06   2.9663086e+01
   5.6835410e+06   3.4484863e+01
   5.6835660e+06   3.6499023e+01
   5.6836410e+06   5.8227539e+01
   5.6836750e+06   3.5156250e+01
   5.6841650e+06   2.8869629e+01
   5.6957450e+06   3.4545898e+01
   5.6958410e+06   2.9785156e+01
   5.6959730e+06   3.4484863e+01
   5.6969330e+06   2.8381348e+01
   5.6970230e+06   2.4902344e+01
   5.6971040e+06   5.8227539e+01
   5.6971380e+06   2.5573730e+01
   5.6973770e+06   2.7343750e+01
   5.6975440e+06   2.9296875e+01
   5.6979070e+06   3.1860352e+01
   5.6980810e+06   2.5146484e+01
   5.6982130e+06   2.7465820e+01
   5.7081310e+06   2.4902344e+01
   5.7081500e+06   1.8188477e+01
   5.7082240e+06   2.9296875e+01
   5.7085790e+06   2.6916504e+01
   5.7087300e+06   3.1494141e+01
   5.7091220e+06   3.5400391e+01
   5.7093590e+06   3.3508301e+01
   5.7097240e+06   2.9235840e+01
   5.7099360e+06   2.9602051e+01
   5.7109810e+06   3.6254883e+01
   5.7196430e+06   2.8503418e+01
   5.7197210e+06   3.0151367e+01
   5.7197970e+06   5.6457520e+01
   5.7199430e+06   2.2583008e+01
   5.7202570e+06   2.9174805e+01
   5.7205360e+06   2.8015137e+01
   5.7208880e+06   2.8808594e+01
   5.7211380e+06   3.5034180e+01
   5.7213660e+06   2.1240234e+01
   5.7214460e+06   5.5541992e+01
   5.7215680e+06   2.6123047e+01
   5.7328670e+06   2.7160645e+01
   5.7329040e+06   1.7578125e+01
   5.7329360e+06   2.7099609e+01
   5.7330090e+06   3.3203125e+01
   5.7330790e+06   3.0822754e+01
   5.7337320e+06   2.6367188e+01
   5.7386340e+06   3.3447266e+01
   5.7388070e+06   2.6000977e+01
   5.7388980e+06   1.7578125e+01
   5.7390350e+06   2.5268555e+01
   5.7396480e+06   3.5827637e+01
   5.7398930e+06   2.4719238e+01
   5.7454200e+06   3.1066895e+01
   5.7455610e+06   3.2592773e+01
   5.7473230e+06   3.0761719e+01
   5.7484340e+06   2.7526855e+01
   5.7484580e+06   5.1940918e+01
   5.7490430e+06   2.2033691e+01
   5.7493810e+06   5.8898926e+01
   5.7555630e+06   2.9357910e+01
   5.7555980e+06   1.7333984e+01
   5.7556460e+06   2.4841309e+01
   5.7557140e+06   2.7404785e+01
   5.7557890e+06   2.3376465e+01
   5.7563010e+06   2.7038574e+01
   5.7565960e+06   2.5695801e+01
   5.7615300e+06   3.2714844e+01
   5.7697620e+06   3.5156250e+01
   5.7698900e+06   3.0273438e+01
   5.7700260e+06   8.0627441e+01
   5.7715920e+06   2.9357910e+01
   5.7732850e+06   2.7587891e+01
   5.7735240e+06   3.0578613e+01
   5.7771120e+06   3.0639648e+01
   5.7771920e+06   3.1005859e+01
   5.7772220e+06   5.4565430e+01
   5.7793420e+06   4.1320801e+01
   5.7797780e+06   3.4057617e+01
   5.7848790e+06   2.5329590e+01
   5.7849500e+06   3.1250000e+01
   5.7849630e+06   6.4941406e+01
   5.7849860e+06   1.9165039e+01
   5.7850310e+06   7.8063965e+01
   5.7850410e+06   1.0736084e+02
   5.7871530e+06   3.3630371e+01
   5.7876150e+06   3.0883789e+01
   5.7882570e+06   5.5053711e+01
   5.7925100e+06   2.9907227e+01
   5.7926830e+06   5.5419922e+01
   5.8019030e+06   2.8808594e+01
   5.8019710e+06   6.6284180e+01
   5.8020350e+06   3.5705566e+01
   5.8020530e+06   6.0607910e+01
   5.8020730e+06   8.1115723e+01
   5.8065030e+06   3.3813477e+01
   5.8065680e+06   6.1401367e+01
   5.8065810e+06   2.9113770e+01
   5.8066280e+06   5.7128906e+01
   5.8066570e+06   3.1555176e+01
   5.8066800e+06   3.9306641e+01
   5.8066960e+06   5.5786133e+01
   5.8067710e+06   4.1503906e+01
   5.8119750e+06   3.3020020e+01
   5.8120320e+06   2.8991699e+01
   5.8120540e+06   4.7912598e+01
   5.8121000e+06   9.8144531e+01
   5.8121650e+06   4.4677734e+01
   5.8121860e+06   6.6345215e+01
   5.8122130e+06   2.0141602e+01
   5.8122840e+06   4.1015625e+01
   5.8175430e+06   2.7587891e+01
   5.8176190e+06   1.0797119e+02
   5.8176690e+06   4.4067383e+01
   5.8176790e+06   7.6232910e+01
   5.8177260e+06   3.9794922e+01
   5.8177480e+06   7.7514648e+01
   5.8177720e+06   2.8564453e+01
   5.8243880e+06   3.5522461e+01
   5.8244450e+06   2.7526855e+01
   5.8244560e+06   2.9846191e+01
   5.8244690e+06   6.3171387e+01
   5.8245010e+06   8.4594727e+01
   5.8245240e+06   4.8950195e+01
   5.8245550e+06   6.4270020e+01
   5.8245760e+06   5.8288574e+01
   5.8245940e+06   2.1606445e+01
   5.8246200e+06   6.9580078e+01
   5.8246500e+06   4.4067383e+01
   5.8247050e+06   3.1311035e+01
   5.8247150e+06   1.9531250e+01
   5.8250090e+06   4.2846680e+01
   5.8293510e+06   3.2470703e+01
   5.8294980e+06   3.2714844e+01
   5.8295150e+06   2.6672363e+01
   5.8295560e+06   1.7578125e+01
   5.8347390e+06   2.9052734e+01
   5.8347900e+06   5.6640625e+01
   5.8348030e+06   3.8635254e+01
   5.8348330e+06   7.6965332e+01
   5.8348520e+06   3.7902832e+01
   5.8348780e+06   2.4291992e+01
   5.8349060e+06   5.7373047e+01
   5.8349200e+06   7.1899414e+01
   5.8349450e+06   1.8920898e+01
   5.8349850e+06   3.5705566e+01
   5.8417460e+06   2.9785156e+01
   5.8417820e+06   5.7250977e+01
   5.8417980e+06   5.1757812e+01
   5.8418230e+06   7.7026367e+01
   5.8418350e+06   4.7546387e+01
   5.8418650e+06   2.4719238e+01
   5.8418760e+06   7.4951172e+01
   5.8419230e+06   8.0444336e+01
   5.8419450e+06   1.9348145e+01
   5.8419690e+06   5.9265137e+01
   5.8419900e+06   3.9062500e+01
   5.8420020e+06   2.6428223e+01
   5.8420240e+06   3.3386230e+01
   5.8420520e+06   2.9113770e+01
   5.8420930e+06   1.8127441e+01
   5.8421210e+06   1.7944336e+01
   5.8421880e+06   2.3986816e+01
   5.8422700e+06   2.5634766e+01
   5.8423000e+06   6.1035156e+01
   5.8423560e+06   2.6611328e+01
   5.8424690e+06   3.4484863e+01
   5.8426490e+06   3.5949707e+01
   5.8428460e+06   3.3508301e+01
   5.8514320e+06   1.7761230e+01
   5.8514860e+06   3.2836914e+01
   5.8515310e+06   6.2438965e+01
   5.8515530e+06   7.5378418e+01
   5.8515790e+06   6.2011719e+01
   5.8516070e+06   5.7067871e+01
   5.8516280e+06   4.1564941e+01
   5.8516530e+06   2.6245117e+01
   5.8516660e+06   1.9104004e+01
   5.8516950e+06   3.5034180e+01
   5.8517210e+06   7.0495605e+01
   5.8517420e+06   1.9042969e+01
   5.8517640e+06   2.0263672e+01
   5.8518180e+06   4.7058105e+01
   5.8519480e+06   8.0139160e+01
   5.8521030e+06   2.6062012e+01
   5.8522110e+06   3.3203125e+01
   5.8524060e+06   3.2958984e+01
   5.8593510e+06   2.9418945e+01
   5.8593660e+06   5.7250977e+01
   5.8593980e+06   2.7587891e+01
   5.8594160e+06   7.2570801e+01
   5.8594410e+06   4.3334961e+01
   5.8594780e+06   4.0161133e+01
   5.8595420e+06   6.4392090e+01
   5.8684470e+06   6.9702148e+01
   5.8684590e+06   4.1809082e+01
   5.8684840e+06   7.2998047e+01
   5.8685000e+06   6.4880371e+01
   5.8685320e+06   5.9265137e+01
   5.8685600e+06   5.8227539e+01
   5.8685850e+06   4.5654297e+01
   5.8686190e+06   5.0292969e+01
   5.8686410e+06   3.4301758e+01
   5.8686760e+06   2.5939941e+01
   5.8686990e+06   2.8320312e+01
   5.8687270e+06   3.2775879e+01
   5.8687660e+06   1.7639160e+01
   5.8687830e+06   2.3681641e+01
   5.8688340e+06   1.8859863e+01
   5.8688540e+06   2.6245117e+01
   5.8689130e+06   2.6794434e+01
   5.8689730e+06   1.7639160e+01
   5.8690100e+06   3.2165527e+01
   5.8690610e+06   3.3203125e+01
   5.8691300e+06   2.7832031e+01
   5.8691540e+06   2.5207520e+01
   5.8692710e+06   2.5085449e+01
   5.8694370e+06   1.8615723e+01
   5.8696050e+06   3.8146973e+01
   5.8697320e+06   3.0456543e+01
   5.8700290e+06   3.2531738e+01
   5.8771640e+06   4.5349121e+01
   5.8773060e+06   4.9072266e+01
   5.8776000e+06   4.2053223e+01
   5.8819520e+06   4.9194336e+01
   5.8822790e+06   4.7119141e+01
   5.8858810e+06   5.8166504e+01
   5.8859950e+06   9.8449707e+01
   5.8860210e+06   2.4047852e+01
   5.8860430e+06   1.8005371e+01
   5.8860820e+06   7.6721191e+01
   5.8860980e+06   4.8950195e+01
   5.8953100e+06   5.4077148e+01
   5.8953510e+06   7.8247070e+01
   5.8953610e+06   5.4565430e+01
   5.8954010e+06   5.1086426e+01
   5.8954110e+06   5.5908203e+01
   5.8954370e+06   4.3701172e+01
   5.8954720e+06   2.5634766e+01
   5.8954980e+06   4.1748047e+01
   5.8955250e+06   4.1076660e+01
   5.8955510e+06   3.5400391e+01
   5.8955700e+06   2.5878906e+01
   5.8955870e+06   2.0874023e+01
   5.8956190e+06   2.1240234e+01
   5.8956560e+06   1.8493652e+01
   5.8956870e+06   2.4597168e+01
   5.8957570e+06   1.8920898e+01
   5.8958440e+06   2.6977539e+01
   5.8958760e+06   2.0385742e+01
   5.8959240e+06   2.2521973e+01
   5.8959760e+06   2.3376465e+01
   5.8960020e+06   3.0639648e+01
   5.8960740e+06   1.9287109e+01
   5.8961780e+06   1.9165039e+01
   5.8962660e+06   2.3620605e+01
   5.8963060e+06   2.8686523e+01
   5.8963430e+06   1.7822266e+01
   5.8967140e+06   3.1127930e+01
   5.9036550e+06   5.0781250e+01
   5.9073400e+06   5.0598145e+01
   5.9073500e+06   1.7395020e+01
   5.9074740e+06   1.1413574e+02
   5.9075000e+06   2.9418945e+01
   5.9076060e+06   4.4006348e+01
   5.9076220e+06   6.7016602e+01
   5.9151720e+06   5.9509277e+01
   5.9152160e+06   2.0263672e+01
   5.9152320e+06   6.8542480e+01
   5.9152490e+06   3.7963867e+01
   5.9152790e+06   3.5217285e+01
   5.9153010e+06   6.4086914e+01
   5.9153270e+06   3.9550781e+01
   5.9153620e+06   6.9396973e+01
   5.9153840e+06   2.7160645e+01
   5.9154210e+06   4.6813965e+01
   5.9154480e+06   2.6306152e+01
   5.9154710e+06   1.7517090e+01
   5.9154930e+06   1.7639160e+01
   5.9155040e+06   5.2429199e+01
   5.9155480e+06   2.0080566e+01
   5.9155720e+06   2.1545410e+01
   5.9156180e+06   2.3742676e+01
   5.9158210e+06   2.0629883e+01
   5.9161910e+06   3.4057617e+01
   5.9222370e+06   4.3762207e+01
   5.9225530e+06   4.1625977e+01
   5.9243250e+06   4.8828125e+01
   5.9244670e+06   1.8188477e+01
   5.9244780e+06   9.6130371e+01
   5.9246240e+06   3.3081055e+01
   5.9246430e+06   2.4963379e+01
   5.9280240e+06   4.4738770e+01
   5.9280880e+06   1.8066406e+01
   5.9281440e+06   7.4401855e+01
   5.9281960e+06   1.7211914e+01
   5.9282590e+06   9.2956543e+01
   5.9283080e+06   1.9531250e+01
   5.9323640e+06   4.7912598e+01
   5.9324690e+06   4.1442871e+01
   5.9324810e+06   1.8554688e+01
   5.9324970e+06   7.8491211e+01
   5.9325360e+06   2.1545410e+01
   5.9325680e+06   1.9775391e+01
   5.9326000e+06   9.1735840e+01
   5.9326270e+06   2.9479980e+01
   5.9326770e+06   2.0263672e+01
   5.9429160e+06   4.5654297e+01
   5.9430720e+06   5.0048828e+01
   5.9431790e+06   8.0200195e+01
   5.9431890e+06   1.9042969e+01
   5.9432010e+06   4.7546387e+01
   5.9432330e+06   1.7150879e+01
   5.9432540e+06   1.7272949e+01
   5.9432820e+06   8.5571289e+01
   5.9432990e+06   4.0344238e+01
   5.9433440e+06   2.5695801e+01
   5.9433730e+06   3.2836914e+01
   5.9433900e+06   5.1696777e+01
   5.9434010e+06   2.8869629e+01
   5.9434510e+06   2.8625488e+01
   5.9434640e+06   2.1728516e+01
   5.9435020e+06   5.8044434e+01
   5.9435290e+06   1.7517090e+01
   5.9435510e+06   2.3254395e+01
   5.9436070e+06   1.9226074e+01
   5.9510980e+06   4.6936035e+01
   5.9511520e+06   1.7700195e+01
   5.9512160e+06   7.4401855e+01
   5.9512260e+06   1.7578125e+01
   5.9512540e+06   4.3212891e+01
   5.9512760e+06   1.7150879e+01
   5.9513360e+06   7.0678711e+01
   5.9516940e+06   4.0588379e+01
   5.9549570e+06   5.3955078e+01
   5.9550300e+06   7.3852539e+01
   5.9550570e+06   3.9428711e+01
   5.9550910e+06   1.7761230e+01
   5.9591730e+06   4.8889160e+01
   5.9592520e+06   7.3547363e+01
   5.9592890e+06   4.1015625e+01
   5.9593160e+06   2.1240234e+01
   5.9593780e+06   4.6630859e+01
   5.9594220e+06   2.3437500e+01
   5.9678110e+06   1.8859863e+01
   5.9678910e+06   5.4565430e+01
   5.9679230e+06   1.9836426e+01
   5.9679570e+06   8.8623047e+01
   5.9679700e+06   4.8217773e+01
   5.9679890e+06   2.8137207e+01
   5.9680310e+06   9.8815918e+01
   5.9680560e+06   2.0751953e+01
   5.9680750e+06   4.2907715e+01
   5.9681000e+06   6.6589355e+01
   5.9681260e+06   1.8066406e+01
   5.9681490e+06   3.8879395e+01
   5.9681750e+06   3.5644531e+01
   5.9682040e+06   1.9287109e+01
   5.9757700e+06   4.9743652e+01
   5.9758660e+06   1.8249512e+01
   5.9758810e+06   8.2763672e+01
   5.9804380e+06   4.4860840e+01
   5.9804490e+06   1.7395020e+01
   5.9804810e+06   1.8920898e+01
   5.9805250e+06   3.0456543e+01
   5.9805350e+06   4.2907715e+01
   5.9805680e+06   2.5268555e+01
   5.9805990e+06   4.1931152e+01
   5.9806130e+06   3.2043457e+01
   5.9806340e+06   6.4025879e+01
   5.9806750e+06   1.7089844e+01
   5.9807710e+06   1.7761230e+01
   5.9876430e+06   1.9470215e+01
   5.9876590e+06   4.9072266e+01
   5.9876990e+06   1.7211914e+01
   5.9877560e+06   4.3701172e+01
   5.9877770e+06   7.6232910e+01
   5.9878130e+06   1.7578125e+01
   5.9878530e+06   4.0832520e+01
   5.9878650e+06   8.1787109e+01
   5.9879420e+06   4.4738770e+01
   5.9880060e+06   1.7395020e+01
   5.9881070e+06   1.7272949e+01
   5.9949940e+06   1.9531250e+01
   5.9951150e+06   5.9082031e+01
   5.9951530e+06   1.7456055e+01
   5.9951740e+06   7.7819824e+01
   5.9952270e+06   1.8798828e+01
   5.9952540e+06   2.7221680e+01
   5.9952750e+06   1.8615723e+01
