   5.9990000e+06   0.0000000e+00
   6.0588000e+04   1.4831543e+01
   1.9693600e+05   1.5441895e+01
   3.2942800e+05   1.5686035e+01
   7.3505300e+05   1.4953613e+01
   1.2054420e+06   1.5441895e+01
   1.2054660e+06   1.4770508e+01
   1.2695980e+06   1.5380859e+01
   1.2697410e+06   1.4831543e+01
   1.4123510e+06   1.5686035e+01
   1.5199540e+06   1.4770508e+01
   1.8302320e+06   1.4892578e+01
   2.2354030e+06   1.4953613e+01
   2.5851640e+06   1.5686035e+01
   2.7787450e+06   1.5502930e+01
   3.2348910e+06   1.4953613e+01
   3.2574340e+06   1.5380859e+01
   3.5291750e+06   1.5014648e+01
   4.9111590e+06   1.5319824e+01
   5.3621840e+06   1.5625000e+01
   5.8072430e+06   1.5563965e+01
   5.9386550e+06   1.4831543e+01
