   5.9990000e+06   0.0000000e+00
   8.0960000e+03   2.2033691e+01
   9.1770000e+03   1.7944336e+01
   1.9525000e+04   1.9104004e+01
   1.9615000e+04   1.8615723e+01
   1.9721000e+04   1.8310547e+01
   1.9778000e+04   1.5869141e+01
   1.9926000e+04   1.4770508e+01
   2.0891000e+04   1.9897461e+01
   2.0912000e+04   2.0446777e+01
   2.0923000e+04   1.5869141e+01
   2.0966000e+04   2.3315430e+01
   2.1005000e+04   1.5014648e+01
   2.1103000e+04   1.5258789e+01
   3.7903000e+04   1.4648438e+01
   3.7936000e+04   2.3498535e+01
   3.7949000e+04   1.6601562e+01
   3.7995000e+04   1.9470215e+01
   3.8005000e+04   2.2216797e+01
   3.8046000e+04   2.2033691e+01
   3.8068000e+04   1.7944336e+01
   3.8241000e+04   1.8066406e+01
   3.8491000e+04   1.5625000e+01
   4.8180000e+04   1.6296387e+01
   4.8315000e+04   1.9958496e+01
   4.8326000e+04   1.5869141e+01
   4.8429000e+04   2.0385742e+01
   4.8464000e+04   1.6784668e+01
   5.9563000e+04   1.9287109e+01
   5.9580000e+04   2.0385742e+01
   5.9809000e+04   1.8432617e+01
   6.0331000e+04   1.5075684e+01
   6.0636000e+04   1.5197754e+01
   6.0672000e+04   1.7822266e+01
   6.0682000e+04   1.5625000e+01
   6.0707000e+04   2.1423340e+01
   6.0722000e+04   2.1240234e+01
   6.0894000e+04   1.4648438e+01
   6.9388000e+04   1.8798828e+01
   6.9407000e+04   1.7395020e+01
   6.9466000e+04   2.2155762e+01
   6.9511000e+04   1.5625000e+01
   6.9583000e+04   1.6418457e+01
   6.9744000e+04   1.8798828e+01
   8.1513000e+04   2.3071289e+01
   8.1570000e+04   1.5869141e+01
   8.1591000e+04   1.8920898e+01
   8.1619000e+04   1.4770508e+01
   9.3031000e+04   1.9042969e+01
   9.3066000e+04   2.1667480e+01
   9.3136000e+04   1.6784668e+01
   9.3156000e+04   1.9104004e+01
   1.0568400e+05   1.6723633e+01
   1.0571000e+05   2.0874023e+01
   1.0575000e+05   2.4169922e+01
   1.0579600e+05   1.7333984e+01
   1.1481400e+05   1.8371582e+01
   1.1482800e+05   2.7160645e+01
   1.1485200e+05   1.5991211e+01
   1.1487600e+05   1.8920898e+01
   1.1489800e+05   1.6418457e+01
   1.1522000e+05   2.1240234e+01
   1.2793500e+05   2.2338867e+01
   1.2794600e+05   1.5502930e+01
   1.2801100e+05   1.6662598e+01
   1.2805900e+05   1.5014648e+01
   1.2849500e+05   1.5075684e+01
   1.2859100e+05   1.5686035e+01
   1.4252400e+05   1.4709473e+01
   1.4254500e+05   1.6357422e+01
   1.4257600e+05   1.5075684e+01
   1.4260100e+05   1.5502930e+01
   1.4261800e+05   2.0446777e+01
   1.4271500e+05   1.7395020e+01
   1.4276400e+05   1.8859863e+01
   1.4289200e+05   1.4648438e+01
   1.4293100e+05   1.4770508e+01
   1.5238200e+05   1.9165039e+01
   1.5241400e+05   2.8137207e+01
   1.5244300e+05   2.0690918e+01
   1.5245900e+05   1.5441895e+01
   1.5256100e+05   1.4892578e+01
   1.6291600e+05   1.5930176e+01
   1.6297300e+05   1.8859863e+01
   1.6312300e+05   1.8554688e+01
   1.7064500e+05   2.0812988e+01
   1.7079700e+05   1.9836426e+01
   1.7085200e+05   1.5075684e+01
   1.7099700e+05   1.4892578e+01
   1.7116000e+05   1.7333984e+01
   1.8119700e+05   1.7578125e+01
   1.8120800e+05   1.5380859e+01
   1.8125000e+05   2.0812988e+01
   1.8126200e+05   2.3254395e+01
   1.8129300e+05   1.8615723e+01
   1.8134500e+05   1.5258789e+01
   1.8136600e+05   1.6174316e+01
   1.8141600e+05   1.7700195e+01
   1.9694800e+05   1.6479492e+01
   1.9699000e+05   2.0263672e+01
   1.9701000e+05   2.1057129e+01
   1.9704900e+05   1.5808105e+01
   1.9706700e+05   1.6479492e+01
   1.9709600e+05   1.7150879e+01
   1.9716100e+05   1.8188477e+01
   1.9745200e+05   1.7028809e+01
   2.0577700e+05   1.5441895e+01
   2.0581700e+05   1.6967773e+01
   2.0584600e+05   3.1433105e+01
   2.0587600e+05   1.5380859e+01
   2.0591800e+05   1.4892578e+01
   2.0596800e+05   2.0385742e+01
   2.0646100e+05   1.6723633e+01
   2.1945900e+05   2.1240234e+01
   2.1949700e+05   1.4892578e+01
   2.1953600e+05   1.5991211e+01
   2.1954900e+05   1.5197754e+01
   2.1956200e+05   1.6845703e+01
   2.1959900e+05   1.8676758e+01
   2.1964400e+05   1.4587402e+01
   2.1976700e+05   1.4770508e+01
   2.3279500e+05   1.9958496e+01
   2.3284700e+05   2.3803711e+01
   2.3291300e+05   1.6906738e+01
   2.3296600e+05   1.7639160e+01
   2.3298600e+05   1.5747070e+01
   2.3332100e+05   1.4709473e+01
   2.4392100e+05   1.6967773e+01
   2.5216000e+05   2.0507812e+01
   2.5217400e+05   1.6967773e+01
   2.5223300e+05   1.5686035e+01
   2.5225400e+05   1.5869141e+01
   2.5227800e+05   1.4770508e+01
   2.5234800e+05   1.9653320e+01
   2.6446100e+05   1.4770508e+01
   2.6482700e+05   1.8371582e+01
   2.6578900e+05   1.7211914e+01
   2.6583300e+05   1.5197754e+01
   2.7431800e+05   1.5136719e+01
   2.7525500e+05   2.1667480e+01
   2.7558100e+05   1.7150879e+01
   2.7596800e+05   1.8737793e+01
   2.8419400e+05   1.9287109e+01
   2.8449600e+05   1.8188477e+01
   2.9470600e+05   1.7517090e+01
   2.9473000e+05   1.9775391e+01
   2.9475100e+05   1.5258789e+01
   2.9477000e+05   1.6540527e+01
   2.9485900e+05   1.6357422e+01
   2.9506000e+05   1.5686035e+01
   2.9507300e+05   1.8554688e+01
   2.9510000e+05   2.2949219e+01
   3.1109800e+05   1.5258789e+01
   3.1285200e+05   1.5686035e+01
   3.1287500e+05   1.7333984e+01
   3.1289300e+05   1.8310547e+01
   3.1291400e+05   1.8066406e+01
   3.1294600e+05   2.0507812e+01
   3.1299600e+05   1.8432617e+01
   3.1305900e+05   1.4953613e+01
   3.1324500e+05   1.4648438e+01
   3.2949300e+05   1.5625000e+01
   3.2950700e+05   1.7578125e+01
   3.2954500e+05   1.7150879e+01
   3.2956000e+05   1.6723633e+01
   3.2960000e+05   1.5197754e+01
   3.2961700e+05   1.5869141e+01
   3.2984300e+05   1.5686035e+01
   3.2993500e+05   1.7639160e+01
   3.4427300e+05   1.8676758e+01
   3.5182000e+05   2.1362305e+01
   3.5192700e+05   2.5756836e+01
   3.5199200e+05   1.8920898e+01
   3.5207000e+05   1.6540527e+01
   3.6301400e+05   1.7333984e+01
   3.6303100e+05   2.4719238e+01
   3.6306900e+05   2.1118164e+01
   3.6309700e+05   1.5502930e+01
   3.6312000e+05   1.9653320e+01
   3.6316500e+05   1.7333984e+01
   3.6318800e+05   1.6052246e+01
   3.6342100e+05   1.5747070e+01
   3.7825800e+05   1.8005371e+01
   3.7866600e+05   1.6784668e+01
   3.8926700e+05   1.7028809e+01
   3.8932000e+05   1.7150879e+01
   3.8933800e+05   1.5991211e+01
   3.8935700e+05   2.2155762e+01
   3.8938600e+05   1.7517090e+01
   3.8945200e+05   1.6845703e+01
   3.8954800e+05   1.6174316e+01
   3.8965800e+05   1.4709473e+01
   3.8999200e+05   1.5502930e+01
   4.0310000e+05   1.4587402e+01
   4.0595700e+05   1.6113281e+01
   4.0599200e+05   3.1799316e+01
   4.0601200e+05   1.8005371e+01
   4.0602800e+05   1.9470215e+01
   4.0606600e+05   1.7700195e+01
   4.0611000e+05   1.7333984e+01
   4.0619600e+05   1.7883301e+01
   4.0633600e+05   1.5136719e+01
   4.1697600e+05   3.1738281e+01
   4.1703600e+05   1.4892578e+01
   4.1706400e+05   1.5930176e+01
   4.1716900e+05   1.7150879e+01
   4.1727000e+05   1.6540527e+01
   4.2594600e+05   1.4770508e+01
   4.3425400e+05   3.2775879e+01
   4.3428500e+05   1.8920898e+01
   4.3434400e+05   1.4648438e+01
   4.3441100e+05   1.6784668e+01
   4.3446000e+05   1.6601562e+01
   4.3448700e+05   1.6357422e+01
   4.3456200e+05   1.7517090e+01
   4.4467400e+05   1.5441895e+01
   4.4630100e+05   1.7272949e+01
   4.4634600e+05   1.6174316e+01
   4.4639400e+05   1.7822266e+01
   4.5796600e+05   2.8442383e+01
   4.5800400e+05   1.4892578e+01
   4.5802400e+05   1.4770508e+01
   4.5819500e+05   1.8859863e+01
   4.7175600e+05   1.9226074e+01
   4.7177100e+05   1.6479492e+01
   4.7179800e+05   2.2644043e+01
   4.7184500e+05   2.2766113e+01
   4.7194700e+05   1.6418457e+01
   4.7196900e+05   1.8249512e+01
   4.7225100e+05   1.5319824e+01
   4.8756500e+05   1.9836426e+01
   4.8760200e+05   1.5197754e+01
   4.8764700e+05   1.5319824e+01
   4.9767000e+05   1.7089844e+01
   4.9769300e+05   2.2583008e+01
   4.9771700e+05   1.6784668e+01
   4.9778200e+05   1.7761230e+01
   4.9780700e+05   1.4709473e+01
   5.2514000e+05   1.6601562e+01
   5.2516600e+05   1.5502930e+01
   5.2518600e+05   2.0019531e+01
   5.2522300e+05   1.9653320e+01
   5.2528300e+05   2.0751953e+01
   5.2531500e+05   1.4831543e+01
   5.2542400e+05   1.5258789e+01
   5.3884500e+05   2.0507812e+01
   5.5034600e+05   1.5930176e+01
   5.5036600e+05   1.4892578e+01
   5.5039700e+05   1.7944336e+01
   5.5041400e+05   2.1484375e+01
   5.5048200e+05   2.0629883e+01
   5.5054500e+05   2.0446777e+01
   5.5056600e+05   1.4892578e+01
   5.5065100e+05   1.7578125e+01
   5.5071900e+05   1.6174316e+01
   5.6568700e+05   1.9775391e+01
   5.6590200e+05   1.7150879e+01
   5.6615500e+05   1.5258789e+01
   6.0655400e+05   1.5258789e+01
   6.0658200e+05   1.7944336e+01
   6.0665800e+05   1.4831543e+01
   6.0670300e+05   2.2094727e+01
   6.0687000e+05   1.7578125e+01
   6.0705400e+05   1.5686035e+01
   6.0710100e+05   1.6296387e+01
   6.2263400e+05   1.5625000e+01
   6.2396800e+05   1.6662598e+01
   6.2400600e+05   1.5808105e+01
   6.2406700e+05   1.5258789e+01
   6.3677700e+05   1.6235352e+01
   6.3680900e+05   1.5808105e+01
   6.3683400e+05   1.8310547e+01
   6.3686700e+05   2.1301270e+01
   6.3697500e+05   1.7761230e+01
   6.3718700e+05   1.5686035e+01
   6.5053500e+05   1.5319824e+01
   6.5060700e+05   1.8371582e+01
   6.6098700e+05   1.5869141e+01
   6.6102500e+05   1.7578125e+01
   6.6107600e+05   2.4047852e+01
   6.6111100e+05   1.5747070e+01
   6.6114500e+05   2.1667480e+01
   6.6117200e+05   1.4831543e+01
   6.6120700e+05   1.5014648e+01
   6.6125800e+05   1.4587402e+01
   6.6135200e+05   1.6662598e+01
   6.6159700e+05   1.7028809e+01
   6.7110500e+05   1.6662598e+01
   6.7119900e+05   2.0507812e+01
   6.7123200e+05   1.7517090e+01
   6.7127600e+05   1.5441895e+01
   6.8024600e+05   2.0446777e+01
   6.9182100e+05   1.4892578e+01
   6.9942200e+05   1.8676758e+01
   6.9955100e+05   1.7517090e+01
   6.9965700e+05   1.6784668e+01
   7.2025800e+05   1.7395020e+01
   7.2027000e+05   1.9592285e+01
   7.2037500e+05   1.4587402e+01
   7.2041000e+05   1.5625000e+01
   7.2044700e+05   1.4892578e+01
   7.2060000e+05   1.5258789e+01
   7.2067000e+05   1.4709473e+01
   7.3510800e+05   2.1911621e+01
   7.3518700e+05   1.6113281e+01
   7.3575900e+05   1.7395020e+01
   7.4621400e+05   1.7944336e+01
   7.4635300e+05   1.5136719e+01
   7.4643500e+05   1.7211914e+01
   7.4675000e+05   1.6723633e+01
   7.4679800e+05   2.1362305e+01
   7.4695200e+05   1.6296387e+01
   7.5827700e+05   1.5502930e+01
   7.5834600e+05   1.6540527e+01
   7.5845100e+05   1.5441895e+01
   7.7587400e+05   1.8676758e+01
   7.7591300e+05   1.9592285e+01
   7.7599900e+05   1.4953613e+01
   7.7602300e+05   2.0263672e+01
   7.7611600e+05   1.5625000e+01
   7.7612900e+05   1.4709473e+01
   7.7621300e+05   1.9775391e+01
   7.8724000e+05   1.4892578e+01
   8.1114400e+05   2.0141602e+01
   8.1117600e+05   1.6418457e+01
   8.1125100e+05   1.6662598e+01
   8.1135100e+05   2.7526855e+01
   8.1144900e+05   1.7883301e+01
   8.2812300e+05   2.2155762e+01
   8.2814400e+05   1.6052246e+01
   8.4990400e+05   1.6723633e+01
   8.4994700e+05   1.9348145e+01
   8.5003000e+05   2.3559570e+01
   8.5019100e+05   1.5197754e+01
   8.5072100e+05   1.4709473e+01
   8.7601700e+05   2.0507812e+01
   8.7604100e+05   1.5136719e+01
   8.7608700e+05   1.4892578e+01
   8.7611900e+05   1.5075684e+01
   8.7617000e+05   1.6662598e+01
   8.8851400e+05   1.9287109e+01
   8.8857600e+05   1.7700195e+01
   9.0071700e+05   1.4587402e+01
   9.0077200e+05   2.6611328e+01
   9.0078500e+05   2.4719238e+01
   9.0081100e+05   2.1118164e+01
   9.0084200e+05   1.5319824e+01
   9.0132300e+05   1.5380859e+01
   9.1292100e+05   1.5869141e+01
   9.1295600e+05   1.8066406e+01
   9.1297900e+05   1.7822266e+01
   9.1301600e+05   1.9714355e+01
   9.1307000e+05   1.6662598e+01
   9.3043200e+05   1.4587402e+01
   9.3045000e+05   1.4953613e+01
   9.3048400e+05   1.6418457e+01
   9.3060500e+05   1.5136719e+01
   9.3065400e+05   1.9348145e+01
   9.3071800e+05   1.4770508e+01
   9.3074400e+05   1.4587402e+01
   9.3078300e+05   1.4770508e+01
   9.5208400e+05   1.6418457e+01
   9.5209800e+05   1.4648438e+01
   9.5211300e+05   3.0212402e+01
   9.5212900e+05   1.8615723e+01
   9.5220400e+05   1.8310547e+01
   9.5223800e+05   1.5014648e+01
   9.5227400e+05   1.6906738e+01
   9.5230100e+05   1.7517090e+01
   9.7340800e+05   1.5258789e+01
   9.7341800e+05   1.9470215e+01
   9.7343200e+05   2.3254395e+01
   9.7347100e+05   1.6662598e+01
   9.7361700e+05   1.5625000e+01
   9.7369500e+05   1.4770508e+01
   9.8455400e+05   1.8249512e+01
   9.9588200e+05   1.6479492e+01
   9.9728500e+05   1.7211914e+01
   9.9739800e+05   2.0629883e+01
   9.9742300e+05   2.1728516e+01
   9.9744600e+05   1.8432617e+01
   9.9748900e+05   1.9226074e+01
   9.9759800e+05   1.6357422e+01
   9.9769000e+05   1.7028809e+01
   1.0110080e+06   1.4709473e+01
   1.0110410e+06   1.5747070e+01
   1.0110740e+06   1.5869141e+01
   1.0110930e+06   1.7333984e+01
   1.0257210e+06   1.4587402e+01
   1.0344390e+06   1.7395020e+01
   1.0485070e+06   1.4831543e+01
   1.0499610e+06   1.4587402e+01
   1.0500030e+06   1.4648438e+01
   1.0500240e+06   2.0874023e+01
   1.0500470e+06   1.6540527e+01
   1.0500860e+06   2.4353027e+01
   1.0501160e+06   1.8432617e+01
   1.0501950e+06   2.0568848e+01
   1.0502140e+06   2.0874023e+01
   1.0505000e+06   1.5075684e+01
   1.0683380e+06   2.0629883e+01
   1.0687020e+06   1.9104004e+01
   1.0800180e+06   2.3193359e+01
   1.0802520e+06   1.4770508e+01
   1.0967410e+06   1.5502930e+01
   1.0967920e+06   1.4587402e+01
   1.0968340e+06   1.6357422e+01
   1.0969120e+06   1.4953613e+01
   1.0970030e+06   1.6174316e+01
   1.0970270e+06   1.8676758e+01
   1.1167670e+06   1.8249512e+01
   1.1168050e+06   1.9836426e+01
   1.1168240e+06   1.6784668e+01
   1.1168620e+06   1.6967773e+01
   1.1169240e+06   1.5075684e+01
   1.1171380e+06   1.6296387e+01
   1.1171670e+06   1.8066406e+01
   1.1171810e+06   2.1972656e+01
   1.1429460e+06   2.1240234e+01
   1.1429660e+06   2.8808594e+01
   1.1429990e+06   1.7822266e+01
   1.1430450e+06   1.4831543e+01
   1.1431960e+06   1.6052246e+01
   1.1434000e+06   1.5075684e+01
   1.1759770e+06   2.4841309e+01
   1.1760280e+06   1.5136719e+01
   1.1760630e+06   1.5075684e+01
   1.1761320e+06   1.6418457e+01
   1.1761760e+06   1.7456055e+01
   1.1762180e+06   1.4587402e+01
   1.1762750e+06   1.6662598e+01
   1.1924340e+06   1.4587402e+01
   1.1928920e+06   2.2399902e+01
   1.1929770e+06   1.4709473e+01
   1.1931500e+06   1.4831543e+01
   1.1933310e+06   1.4953613e+01
   1.2055390e+06   1.5563965e+01
   1.2055820e+06   1.6540527e+01
   1.2057860e+06   1.6784668e+01
   1.2295240e+06   2.3864746e+01
   1.2295470e+06   2.0812988e+01
   1.2295720e+06   2.1667480e+01
   1.2296940e+06   1.7883301e+01
   1.2298730e+06   1.5808105e+01
   1.2419460e+06   1.5075684e+01
   1.2490510e+06   1.5258789e+01
   1.2490680e+06   1.9714355e+01
   1.2491240e+06   1.6479492e+01
   1.2492740e+06   1.6845703e+01
   1.2492960e+06   1.4587402e+01
   1.2494080e+06   1.5075684e+01
   1.2494730e+06   1.4648438e+01
   1.2696600e+06   1.4587402e+01
   1.2697060e+06   1.6906738e+01
   1.2697290e+06   2.1057129e+01
   1.2697480e+06   1.8737793e+01
   1.2697640e+06   2.0263672e+01
   1.2698060e+06   1.9287109e+01
   1.2698530e+06   1.5380859e+01
   1.2700290e+06   2.0690918e+01
   1.2950780e+06   1.6418457e+01
   1.2950910e+06   2.3803711e+01
   1.2951260e+06   1.6418457e+01
   1.2951810e+06   1.6845703e+01
   1.2952690e+06   1.5014648e+01
   1.2953170e+06   1.5380859e+01
   1.2953400e+06   1.4587402e+01
   1.3087920e+06   1.8310547e+01
   1.3088270e+06   1.5380859e+01
   1.3088880e+06   1.5014648e+01
   1.3089790e+06   1.4648437e+01
   1.3090380e+06   1.4770508e+01
   1.3091220e+06   1.4648438e+01
   1.3092340e+06   2.3437500e+01
   1.3379510e+06   1.7150879e+01
   1.3380000e+06   1.6113281e+01
   1.3380250e+06   1.7761230e+01
   1.3380550e+06   2.1911621e+01
   1.3380920e+06   1.9104004e+01
   1.3381180e+06   1.6906738e+01
   1.3382100e+06   2.1850586e+01
   1.3382760e+06   1.5686035e+01
   1.3384150e+06   1.4648438e+01
   1.3551540e+06   1.5258789e+01
   1.3706080e+06   1.7272949e+01
   1.3706280e+06   2.2399902e+01
   1.3707590e+06   1.7150879e+01
   1.3707850e+06   2.0874023e+01
   1.3708490e+06   2.2277832e+01
   1.3709680e+06   1.9409180e+01
   1.3709950e+06   1.5625000e+01
   1.3956310e+06   1.5869141e+01
   1.3956620e+06   2.1057129e+01
   1.3956840e+06   1.6662598e+01
   1.3957040e+06   2.2033691e+01
   1.3957230e+06   1.7822266e+01
   1.3957890e+06   2.3193359e+01
   1.3958500e+06   1.5075684e+01
   1.3958640e+06   2.3193359e+01
   1.3959100e+06   1.4770508e+01
   1.3959570e+06   1.5380859e+01
   1.3960780e+06   1.5075684e+01
   1.4124720e+06   1.5319824e+01
   1.4124960e+06   1.4587402e+01
   1.4128680e+06   1.5197754e+01
   1.4321000e+06   1.5808105e+01
   1.4321670e+06   1.7822266e+01
   1.4322800e+06   1.5563965e+01
   1.4323120e+06   1.5808105e+01
   1.4325160e+06   1.6906738e+01
   1.4325300e+06   1.7578125e+01
   1.4326150e+06   1.5258789e+01
   1.4474820e+06   1.4709473e+01
   1.4554030e+06   1.5563965e+01
   1.4685480e+06   1.5563965e+01
   1.4698060e+06   2.3742676e+01
   1.4698620e+06   1.5136719e+01
   1.4699150e+06   1.5747070e+01
   1.4699870e+06   1.5502930e+01
   1.4700660e+06   1.6967773e+01
   1.4700770e+06   1.5625000e+01
   1.4701520e+06   1.5075684e+01
   1.4938420e+06   1.5747070e+01
   1.4939230e+06   1.6174316e+01
   1.4942770e+06   1.4892578e+01
   1.4942920e+06   1.5075684e+01
   1.4943420e+06   1.5136719e+01
   1.5061940e+06   1.7089844e+01
   1.5062880e+06   1.4831543e+01
   1.5063160e+06   1.5808105e+01
   1.5063460e+06   1.4892578e+01
   1.5065100e+06   1.5563965e+01
   1.5201210e+06   2.0751953e+01
   1.5201690e+06   1.4831543e+01
   1.5203640e+06   1.4953613e+01
   1.5325450e+06   1.8249512e+01
   1.5326130e+06   1.4953613e+01
   1.5330110e+06   1.5014648e+01
   1.5482010e+06   1.7761230e+01
   1.5483630e+06   1.4953613e+01
   1.5484920e+06   1.4709473e+01
   1.5488570e+06   1.7639160e+01
   1.5710180e+06   1.8127441e+01
   1.5710680e+06   1.9287109e+01
   1.5711610e+06   2.6306152e+01
   1.5713420e+06   1.5258789e+01
   1.5713790e+06   1.7639160e+01
   1.5894250e+06   1.4892578e+01
   1.5894350e+06   1.9714355e+01
   1.5894820e+06   1.7700195e+01
   1.5895180e+06   1.4770508e+01
   1.5895340e+06   1.8249512e+01
   1.5895620e+06   1.4587402e+01
   1.5895880e+06   1.7456055e+01
   1.5896820e+06   1.8493652e+01
   1.6021520e+06   1.5075684e+01
   1.6022080e+06   1.5319824e+01
   1.6023290e+06   1.5258789e+01
   1.6026260e+06   1.6967773e+01
   1.6173910e+06   1.5258789e+01
   1.6175730e+06   1.4831543e+01
   1.6176320e+06   2.6855469e+01
   1.6180740e+06   1.5808105e+01
   1.6299470e+06   1.4587402e+01
   1.6299730e+06   1.5869141e+01
   1.6300120e+06   1.9470215e+01
   1.6300530e+06   1.5197754e+01
   1.6301920e+06   1.4831543e+01
   1.6711930e+06   1.7517090e+01
   1.6712160e+06   1.6174316e+01
   1.6712490e+06   3.6132812e+01
   1.6712860e+06   1.5380859e+01
   1.6713070e+06   1.5075684e+01
   1.6713350e+06   1.6235352e+01
   1.6713940e+06   1.6601562e+01
   1.6714670e+06   1.5441895e+01
   1.6714830e+06   1.4709473e+01
   1.6715290e+06   1.9592285e+01
   1.7031480e+06   2.0141602e+01
   1.7033580e+06   1.7456055e+01
   1.7034570e+06   1.7272949e+01
   1.7034860e+06   1.5808105e+01
   1.7160930e+06   1.4953613e+01
   1.7165450e+06   1.6906738e+01
   1.7331120e+06   1.6723633e+01
   1.7331390e+06   1.6296387e+01
   1.7331750e+06   1.6235352e+01
   1.7332180e+06   1.4953613e+01
   1.7332930e+06   1.7028809e+01
   1.7333740e+06   1.9897461e+01
   1.7336000e+06   1.7700195e+01
   1.7512610e+06   1.4587402e+01
   1.7533790e+06   1.7150879e+01
   1.7534520e+06   1.8188477e+01
   1.7535200e+06   1.5014648e+01
   1.7536320e+06   1.5380859e+01
   1.7537160e+06   1.5075684e+01
   1.7820710e+06   1.5808105e+01
   1.7820930e+06   1.5380859e+01
   1.7821310e+06   1.6235352e+01
   1.7821730e+06   1.5991211e+01
   1.7822100e+06   2.1606445e+01
   1.7823140e+06   2.0629883e+01
   1.7824290e+06   1.7578125e+01
   1.8038520e+06   1.5136719e+01
   1.8038900e+06   1.4587402e+01
   1.8039940e+06   1.9653320e+01
   1.8040160e+06   1.5441895e+01
   1.8040650e+06   1.6845703e+01
   1.8041410e+06   1.5441895e+01
   1.8041890e+06   1.4892578e+01
   1.8044600e+06   2.3864746e+01
   1.8301500e+06   1.7822266e+01
   1.8302720e+06   2.0263672e+01
   1.8305320e+06   1.8371582e+01
   1.8594760e+06   1.4770508e+01
   1.8611350e+06   1.6967773e+01
   1.8612340e+06   1.4953613e+01
   1.8612680e+06   1.5136719e+01
   1.8613860e+06   2.0446777e+01
   1.8796890e+06   1.6174316e+01
   1.8797610e+06   2.1911621e+01
   1.8798020e+06   1.4953613e+01
   1.8798150e+06   1.4831543e+01
   1.8801390e+06   1.5319824e+01
   1.8801740e+06   1.5808105e+01
   1.8948100e+06   1.9592285e+01
   1.8949940e+06   1.5930176e+01
   1.8950990e+06   1.6662598e+01
   1.8955690e+06   1.7639160e+01
   1.9154660e+06   1.7639160e+01
   1.9155410e+06   2.5390625e+01
   1.9155850e+06   1.7822266e+01
   1.9156200e+06   1.5380859e+01
   1.9156890e+06   1.4953613e+01
   1.9157780e+06   1.4587402e+01
   1.9158510e+06   1.5686035e+01
   1.9370110e+06   1.7150879e+01
   1.9370230e+06   2.0080566e+01
   1.9371080e+06   1.6052246e+01
   1.9371330e+06   1.5625000e+01
   1.9371970e+06   1.5258789e+01
   1.9372610e+06   1.8432617e+01
   1.9559550e+06   2.3925781e+01
   1.9559830e+06   3.0883789e+01
   1.9559970e+06   1.6906738e+01
   1.9560090e+06   1.5991211e+01
   1.9560620e+06   1.9653320e+01
   1.9561060e+06   1.5808105e+01
   1.9561310e+06   1.6784668e+01
   1.9561900e+06   2.1850586e+01
   1.9563030e+06   1.5014648e+01
   1.9783640e+06   1.4709473e+01
   1.9785030e+06   1.5136719e+01
   1.9785520e+06   1.4892578e+01
   1.9786100e+06   1.5502930e+01
   1.9786570e+06   1.8859863e+01
   1.9786830e+06   1.5502930e+01
   1.9788460e+06   1.5686035e+01
   1.9978750e+06   1.9714355e+01
   1.9978890e+06   1.5686035e+01
   1.9979120e+06   1.7822266e+01
   1.9979570e+06   1.6540527e+01
   1.9980370e+06   1.6601562e+01
   1.9982380e+06   1.8676758e+01
   2.0199620e+06   1.7333984e+01
   2.0200180e+06   1.5136719e+01
   2.0200410e+06   1.6906738e+01
   2.0200890e+06   1.7578125e+01
   2.0201110e+06   1.5625000e+01
   2.0202420e+06   1.4770508e+01
   2.0203110e+06   1.8432617e+01
   2.0413870e+06   1.5502930e+01
   2.0414350e+06   1.8066406e+01
   2.0414800e+06   1.4892578e+01
   2.0415030e+06   1.9104004e+01
   2.0415390e+06   1.6296387e+01
   2.0415560e+06   1.7639160e+01
   2.0415840e+06   1.5258789e+01
   2.0416270e+06   1.5319824e+01
   2.0417260e+06   1.4709473e+01
   2.0582920e+06   1.4648438e+01
   2.0583220e+06   1.5136719e+01
   2.0583550e+06   1.5075684e+01
   2.0583820e+06   1.6723633e+01
   2.0584080e+06   2.4414062e+01
   2.0584910e+06   1.5380859e+01
   2.0585400e+06   1.5441895e+01
   2.0588320e+06   1.5747070e+01
   2.0703470e+06   1.7944336e+01
   2.0703820e+06   1.7333984e+01
   2.0704810e+06   1.5014648e+01
   2.0938230e+06   1.4587402e+01
   2.1074010e+06   1.5136719e+01
   2.1075140e+06   1.9653320e+01
   2.1075250e+06   1.7028809e+01
   2.1076230e+06   2.0202637e+01
   2.1076590e+06   1.6967773e+01
   2.1077030e+06   1.6052246e+01
   2.1077660e+06   2.6428223e+01
   2.1304000e+06   1.6357422e+01
   2.1304260e+06   1.5686035e+01
   2.1304360e+06   1.5869141e+01
   2.1304680e+06   2.5451660e+01
   2.1304920e+06   1.8981934e+01
   2.1306160e+06   1.6723633e+01
   2.1306990e+06   1.5625000e+01
   2.1453230e+06   1.4953613e+01
   2.1453350e+06   1.7700195e+01
   2.1569400e+06   1.4770508e+01
   2.1570900e+06   1.4892578e+01
   2.1572320e+06   1.4892578e+01
   2.1572950e+06   1.4587402e+01
   2.1574080e+06   1.9775391e+01
   2.1825520e+06   1.6052246e+01
   2.1825810e+06   1.4953613e+01
   2.1826260e+06   2.2216797e+01
   2.1826410e+06   1.7578125e+01
   2.1827000e+06   1.5075684e+01
   2.1827420e+06   1.7578125e+01
   2.1827890e+06   1.6967773e+01
   2.1828940e+06   1.5808105e+01
   2.2054640e+06   1.5930176e+01
   2.2055230e+06   1.6235352e+01
   2.2057300e+06   1.4648438e+01
   2.2057910e+06   1.4831543e+01
   2.2060320e+06   1.6601562e+01
   2.2163460e+06   1.5258789e+01
   2.2249110e+06   2.5512695e+01
   2.2251550e+06   1.5441895e+01
   2.2257520e+06   1.5563965e+01
   2.2355970e+06   2.2460938e+01
   2.2356480e+06   2.0751953e+01
   2.2356580e+06   1.5014648e+01
   2.2454440e+06   1.4709473e+01
   2.2454930e+06   1.5136719e+01
   2.2455150e+06   1.9592285e+01
   2.2455270e+06   2.1911621e+01
   2.2456220e+06   1.5075684e+01
   2.2456560e+06   2.1911621e+01
   2.2457030e+06   1.6845703e+01
   2.2457830e+06   1.6479492e+01
   2.2458080e+06   1.5441895e+01
   2.2583040e+06   1.5136719e+01
   2.2597470e+06   1.7883301e+01
   2.2598810e+06   1.6662598e+01
   2.2696220e+06   1.6052246e+01
   2.2696930e+06   1.4587402e+01
   2.2698020e+06   1.6235352e+01
   2.2699830e+06   1.5197754e+01
   2.2699960e+06   1.9287109e+01
   2.2810400e+06   1.5136719e+01
   2.2850730e+06   1.8615723e+01
   2.2971840e+06   1.5563965e+01
   2.2971960e+06   2.2338867e+01
   2.2972340e+06   1.6296387e+01
   2.2972570e+06   1.4892578e+01
   2.2972850e+06   1.5014648e+01
   2.2973460e+06   1.5319824e+01
   2.2974220e+06   1.9226074e+01
   2.2974920e+06   1.5197754e+01
   2.3111010e+06   1.5136719e+01
   2.3111330e+06   1.5136719e+01
   2.3111580e+06   1.5625000e+01
   2.3112020e+06   1.7822266e+01
   2.3112190e+06   1.4831543e+01
   2.3249070e+06   2.1057129e+01
   2.3250450e+06   1.5869141e+01
   2.3251830e+06   1.5075684e+01
   2.3252250e+06   1.8920898e+01
   2.3252810e+06   1.5380859e+01
   2.3442380e+06   2.0751953e+01
   2.3443050e+06   2.2399902e+01
   2.3443960e+06   1.4770508e+01
   2.3444330e+06   1.6235352e+01
   2.3445090e+06   1.8676758e+01
   2.3445420e+06   1.9165039e+01
   2.3565810e+06   1.6845703e+01
   2.3566170e+06   1.4953613e+01
   2.3566440e+06   1.8310547e+01
   2.3568850e+06   1.6113281e+01
   2.4117960e+06   1.5014648e+01
   2.4118300e+06   1.5014648e+01
   2.4118510e+06   2.3376465e+01
   2.4118810e+06   2.2277832e+01
   2.4119010e+06   1.6235352e+01
   2.4119160e+06   1.7456055e+01
   2.4119810e+06   2.4658203e+01
   2.4120060e+06   1.6479492e+01
   2.4120240e+06   2.0202637e+01
   2.4120470e+06   1.7211914e+01
   2.4121240e+06   2.4291992e+01
   2.4371710e+06   1.7333984e+01
   2.4371930e+06   2.2216797e+01
   2.4372370e+06   1.5808105e+01
   2.4372620e+06   3.0578613e+01
   2.4373720e+06   1.7700195e+01
   2.4374330e+06   1.9226074e+01
   2.4375310e+06   1.5686035e+01
   2.4377430e+06   1.7028809e+01
   2.4632650e+06   1.5686035e+01
   2.4633370e+06   1.7761230e+01
   2.4635640e+06   1.4831543e+01
   2.4635850e+06   1.5625000e+01
   2.4636400e+06   1.7333984e+01
   2.4639780e+06   1.6235352e+01
   2.4787850e+06   1.9104004e+01
   2.4789040e+06   1.8066406e+01
   2.4908040e+06   2.3803711e+01
   2.4908540e+06   2.1240234e+01
   2.4908920e+06   1.5686035e+01
   2.4909440e+06   1.7822266e+01
   2.4910590e+06   1.7761230e+01
   2.4911240e+06   1.4648438e+01
   2.5156270e+06   1.9470215e+01
   2.5156430e+06   1.6235352e+01
   2.5156930e+06   1.8066406e+01
   2.5157060e+06   1.8127441e+01
   2.5157680e+06   1.5686035e+01
   2.5157980e+06   2.0324707e+01
   2.5158310e+06   1.5075684e+01
   2.5158860e+06   1.8432617e+01
   2.5161410e+06   1.5563965e+01
   2.5297210e+06   1.4953613e+01
   2.5494840e+06   2.1850586e+01
   2.5495630e+06   2.6550293e+01
   2.5495830e+06   1.5136719e+01
   2.5496930e+06   2.1362305e+01
   2.5498790e+06   1.4648438e+01
   2.5499220e+06   1.5502930e+01
   2.5499400e+06   1.6418457e+01
   2.5656200e+06   2.0568848e+01
   2.5656660e+06   1.5441895e+01
   2.5657620e+06   1.8066406e+01
   2.5658930e+06   1.5747070e+01
   2.5659280e+06   1.6845703e+01
   2.5852310e+06   2.5207520e+01
   2.5852660e+06   2.2399902e+01
   2.5855690e+06   1.5502930e+01
   2.5855850e+06   1.4892578e+01
   2.5856660e+06   1.6845703e+01
   2.6064270e+06   1.6662598e+01
   2.6069210e+06   1.8615723e+01
   2.6221640e+06   1.5563965e+01
   2.6222060e+06   2.4719238e+01
   2.6223170e+06   1.6052246e+01
   2.6223850e+06   1.6784668e+01
   2.6224140e+06   1.5380859e+01
   2.6224390e+06   1.6540527e+01
   2.6224680e+06   1.6601562e+01
   2.6224810e+06   1.7700195e+01
   2.6225000e+06   1.6906738e+01
   2.6225440e+06   1.5136719e+01
   2.6227020e+06   1.6418457e+01
   2.6370410e+06   1.5686035e+01
   2.6388760e+06   1.4709473e+01
   2.6389790e+06   2.3437500e+01
   2.6482010e+06   1.9531250e+01
   2.6482800e+06   1.5319824e+01
   2.6485020e+06   1.6174316e+01
   2.6485500e+06   1.8432617e+01
   2.6636100e+06   1.8371582e+01
   2.6639200e+06   1.7028809e+01
   2.6639790e+06   1.7700195e+01
   2.6736670e+06   2.0446777e+01
   2.6737430e+06   2.0690918e+01
   2.6739910e+06   1.5686035e+01
   2.6740170e+06   1.4709473e+01
   2.6740350e+06   1.7089844e+01
   2.6741770e+06   1.7456055e+01
   2.6856490e+06   1.7456055e+01
   2.6857380e+06   1.5686035e+01
   2.6860880e+06   2.1118164e+01
   2.6861220e+06   1.6296387e+01
   2.6981670e+06   1.4648438e+01
   2.7008720e+06   1.6174316e+01
   2.7102810e+06   1.4770508e+01
   2.7103210e+06   1.6235352e+01
   2.7103320e+06   1.5930176e+01
   2.7103780e+06   2.9968262e+01
   2.7103970e+06   1.7761230e+01
   2.7104180e+06   1.6174316e+01
   2.7104410e+06   2.3193359e+01
   2.7104600e+06   1.4770508e+01
   2.7105060e+06   1.8493652e+01
   2.7107460e+06   1.4587402e+01
   2.7108100e+06   1.5258789e+01
   2.7249320e+06   2.2094727e+01
   2.7249470e+06   1.7944336e+01
   2.7249930e+06   1.6235352e+01
   2.7252160e+06   1.7944336e+01
   2.7404360e+06   2.0812988e+01
   2.7506040e+06   1.4709473e+01
   2.7506410e+06   1.8859863e+01
   2.7506660e+06   2.0324707e+01
   2.7507130e+06   1.6174316e+01
   2.7507780e+06   1.6052246e+01
   2.7509120e+06   1.5319824e+01
   2.7512010e+06   1.6235352e+01
   2.7653510e+06   1.9470215e+01
   2.7657490e+06   2.0751953e+01
   2.7657660e+06   1.5869141e+01
   2.7788500e+06   2.6733398e+01
   2.7788650e+06   2.2705078e+01
   2.7789320e+06   1.5319824e+01
   2.7789780e+06   1.5625000e+01
   2.7790420e+06   1.7761230e+01
   2.7790980e+06   1.6052246e+01
   2.7791910e+06   1.6235352e+01
   2.7914460e+06   1.4953613e+01
   2.7977430e+06   1.4648438e+01
   2.7978040e+06   1.5930176e+01
   2.7991640e+06   1.8676758e+01
   2.7992360e+06   1.4648438e+01
   2.7992810e+06   2.0446777e+01
   2.7996750e+06   1.7150879e+01
   2.7998870e+06   1.5014648e+01
   2.8012220e+06   1.5625000e+01
   2.8014870e+06   1.4587402e+01
   2.8200170e+06   1.6967773e+01
   2.8200860e+06   1.4953613e+01
   2.8201040e+06   1.6174316e+01
   2.8201890e+06   2.1301270e+01
   2.8202170e+06   1.7639160e+01
   2.8366440e+06   1.7761230e+01
   2.8366860e+06   1.7578125e+01
   2.8367450e+06   1.5380859e+01
   2.8368080e+06   1.6235352e+01
   2.8456440e+06   1.5258789e+01
   2.8456650e+06   2.3193359e+01
   2.8457110e+06   1.8249512e+01
   2.8458100e+06   1.5991211e+01
   2.8521770e+06   1.9714355e+01
   2.8523270e+06   1.5197754e+01
   2.8523500e+06   1.9775391e+01
   2.8524710e+06   1.4587402e+01
   2.8611610e+06   1.5258789e+01
   2.8611870e+06   2.2705078e+01
   2.8612380e+06   1.7089844e+01
   2.8612630e+06   1.5075684e+01
   2.8612800e+06   1.7028809e+01
   2.8613110e+06   1.6296387e+01
   2.8613480e+06   1.6235352e+01
   2.8615110e+06   1.4587402e+01
   2.8723940e+06   1.4953613e+01
   2.8724610e+06   1.4892578e+01
   2.8725040e+06   2.2644043e+01
   2.8725710e+06   1.5075684e+01
   2.8726260e+06   1.6235352e+01
   2.8726910e+06   1.4587402e+01
   2.8729550e+06   1.4831543e+01
   2.8842390e+06   1.7028809e+01
   2.8842730e+06   2.1301270e+01
   2.8900640e+06   1.5075684e+01
   2.8901050e+06   1.6479492e+01
   2.8901410e+06   1.9592285e+01
   2.8902280e+06   1.5319824e+01
   2.8909490e+06   1.4770508e+01
   2.8986460e+06   1.8005371e+01
   2.8987040e+06   1.7028809e+01
   2.8987390e+06   2.2888184e+01
   2.8988140e+06   1.5197754e+01
   2.8995730e+06   1.5136719e+01
   2.8996300e+06   1.8310547e+01
   2.9036950e+06   1.6235352e+01
   2.9048840e+06   1.4831543e+01
   2.9057740e+06   1.5258789e+01
   2.9171440e+06   1.6723633e+01
   2.9172060e+06   1.4892578e+01
   2.9172380e+06   1.5197754e+01
   2.9173740e+06   2.2399902e+01
   2.9233270e+06   2.3681641e+01
   2.9233390e+06   1.5563965e+01
   2.9234220e+06   2.0446777e+01
   2.9234820e+06   1.5075684e+01
   2.9336810e+06   1.6113281e+01
   2.9336950e+06   2.2644043e+01
   2.9337740e+06   1.7150879e+01
   2.9338010e+06   1.8310547e+01
   2.9338710e+06   1.7333984e+01
   2.9338850e+06   1.4892578e+01
   2.9339130e+06   1.5930176e+01
   2.9343390e+06   1.5380859e+01
   2.9343890e+06   1.7028809e+01
   2.9344200e+06   1.5563965e+01
   2.9354990e+06   1.4892578e+01
   2.9466770e+06   1.4770508e+01
   2.9467130e+06   1.6235352e+01
   2.9467620e+06   1.4587402e+01
   2.9528640e+06   1.5136719e+01
   2.9538120e+06   1.5869141e+01
   2.9538420e+06   1.5014648e+01
   2.9538780e+06   1.4709473e+01
   2.9567470e+06   1.7761230e+01
   2.9629490e+06   1.5502930e+01
   2.9629910e+06   2.1545410e+01
   2.9637380e+06   1.4953613e+01
   2.9666970e+06   1.5502930e+01
   2.9784020e+06   1.5563965e+01
   2.9839910e+06   1.4709473e+01
   2.9850030e+06   1.5991211e+01
   2.9850740e+06   1.5014648e+01
   3.0043330e+06   1.4953613e+01
   3.0245040e+06   1.4587402e+01
   3.0245640e+06   1.6662598e+01
   3.0348040e+06   1.5075684e+01
   3.0379150e+06   1.5625000e+01
   3.0379590e+06   2.0141602e+01
   3.0436550e+06   1.9226074e+01
   3.0437250e+06   1.8249512e+01
   3.0437450e+06   1.7333984e+01
   3.0437740e+06   1.4892578e+01
   3.0505820e+06   2.1423340e+01
   3.0510590e+06   1.6662598e+01
   3.0620870e+06   1.7700195e+01
   3.0629870e+06   1.5136719e+01
   3.0761630e+06   1.6479492e+01
   3.0762090e+06   1.7211914e+01
   3.0762340e+06   2.3803711e+01
   3.0768600e+06   1.4709473e+01
   3.0889670e+06   1.5014648e+01
   3.0889780e+06   2.0019531e+01
   3.0890300e+06   1.5441895e+01
   3.0899750e+06   1.4587402e+01
   3.1059000e+06   1.6723633e+01
   3.1059450e+06   1.5136719e+01
   3.1059990e+06   1.7333984e+01
   3.1063000e+06   1.5502930e+01
   3.1194290e+06   1.4648438e+01
   3.1194890e+06   1.4587402e+01
   3.1196300e+06   1.5441895e+01
   3.1200790e+06   1.4587402e+01
   3.1325620e+06   1.8493652e+01
   3.1465260e+06   1.9775391e+01
   3.1466060e+06   1.4770508e+01
   3.1470050e+06   1.6784668e+01
   3.1666790e+06   1.6052246e+01
   3.1667220e+06   1.9287109e+01
   3.1667460e+06   1.9531250e+01
   3.1667760e+06   1.9592285e+01
   3.1668210e+06   1.6052246e+01
   3.1675060e+06   1.4953613e+01
   3.1871920e+06   1.4648438e+01
   3.2029900e+06   1.5869141e+01
   3.2030170e+06   1.6723633e+01
   3.2030350e+06   1.5869141e+01
   3.2030520e+06   1.6967773e+01
   3.2349160e+06   1.6052246e+01
   3.2349280e+06   1.7089844e+01
   3.2349870e+06   1.9470215e+01
   3.2353920e+06   1.5319824e+01
   3.2573950e+06   1.7578125e+01
   3.2574460e+06   1.7211914e+01
   3.2574910e+06   1.5197754e+01
   3.2575130e+06   1.4587402e+01
   3.2579370e+06   1.5441895e+01
   3.2787690e+06   1.7089844e+01
   3.2787840e+06   1.5075684e+01
   3.2788860e+06   1.5686035e+01
   3.2791350e+06   1.5930176e+01
   3.2995840e+06   1.9775391e+01
   3.2996150e+06   1.5014648e+01
   3.3244300e+06   1.5075684e+01
   3.3244530e+06   1.7944336e+01
   3.3246760e+06   1.6052246e+01
   3.3421850e+06   1.5319824e+01
   3.3631320e+06   1.6357422e+01
   3.3631610e+06   1.5136719e+01
   3.3998960e+06   1.6235352e+01
   3.4135390e+06   2.3742676e+01
   3.4235210e+06   1.5319824e+01
   3.4236240e+06   1.7578125e+01
   3.4236810e+06   1.7272949e+01
   3.4237860e+06   1.6906738e+01
   3.4615560e+06   2.0935059e+01
   3.4824490e+06   1.4892578e+01
   3.4899410e+06   1.9409180e+01
   3.4909100e+06   2.0202637e+01
   3.4909710e+06   2.0385742e+01
   3.4913480e+06   1.5625000e+01
   3.5039340e+06   1.9165039e+01
   3.5041230e+06   1.8798828e+01
   3.5044070e+06   1.5502930e+01
   3.5066340e+06   1.6235352e+01
   3.5101660e+06   1.5625000e+01
   3.5290950e+06   1.5686035e+01
   3.5292030e+06   1.7639160e+01
   3.5292200e+06   2.3193359e+01
   3.5292530e+06   1.5747070e+01
   3.5293840e+06   1.6418457e+01
   3.5579140e+06   2.1118164e+01
   3.5580940e+06   1.4648438e+01
   3.5859230e+06   1.6906738e+01
   3.6058580e+06   2.4536133e+01
   3.6059410e+06   1.8859863e+01
   3.6162290e+06   1.4587402e+01
   3.6199030e+06   1.5441895e+01
   3.6200620e+06   1.9287109e+01
   3.6233960e+06   1.5869141e+01
   3.6403410e+06   1.4770508e+01
   3.6404270e+06   1.7333984e+01
   3.6404470e+06   2.7343750e+01
   3.6405010e+06   1.8005371e+01
   3.6405770e+06   1.6235352e+01
   3.6406010e+06   2.0263672e+01
   3.6410200e+06   1.4709473e+01
   3.6621320e+06   1.6479492e+01
   3.6621460e+06   1.4648438e+01
   3.6622000e+06   1.7395020e+01
   3.6622530e+06   1.4953613e+01
   3.6771030e+06   1.9775391e+01
   3.6948390e+06   1.5319824e+01
   3.6949060e+06   1.8249512e+01
   3.6949630e+06   2.4169922e+01
   3.6950060e+06   1.7395020e+01
   3.6950280e+06   1.5380859e+01
   3.6950660e+06   1.7333984e+01
   3.6951130e+06   1.5869141e+01
   3.7066290e+06   1.9958496e+01
   3.7204460e+06   1.7639160e+01
   3.7238570e+06   1.9042969e+01
   3.7389310e+06   1.5197754e+01
   3.7390260e+06   2.2094727e+01
   3.7390510e+06   2.0080566e+01
   3.7390690e+06   1.5014648e+01
   3.7603230e+06   1.6174316e+01
   3.7603970e+06   1.4648438e+01
   3.7604310e+06   1.4831543e+01
   3.7604510e+06   1.6418457e+01
   3.7604650e+06   1.6845703e+01
   3.7606440e+06   1.5869141e+01
   3.7974030e+06   1.5930176e+01
   3.7974290e+06   1.5319824e+01
   3.7974940e+06   1.7150879e+01
   3.8013000e+06   1.5075684e+01
   3.8158610e+06   1.5258789e+01
   3.8160280e+06   1.5014648e+01
   3.8161650e+06   2.3010254e+01
   3.8247190e+06   1.5258789e+01
   3.8247710e+06   1.5197754e+01
   3.8248120e+06   1.4648437e+01
   3.8631850e+06   2.0690918e+01
   3.8632270e+06   1.5319824e+01
   3.8632520e+06   1.7639160e+01
   3.8633410e+06   1.4709473e+01
   3.8633560e+06   1.5563965e+01
   3.8633810e+06   1.6296387e+01
   3.8634880e+06   1.4831543e+01
   3.9400650e+06   1.5747070e+01
   3.9401200e+06   2.1667480e+01
   3.9405010e+06   1.4587402e+01
   3.9547250e+06   1.7028809e+01
   4.0055740e+06   1.6601562e+01
   4.0056710e+06   1.4892578e+01
   4.0058600e+06   1.9470215e+01
   4.0059180e+06   1.4709473e+01
   4.0935330e+06   1.5014648e+01
   4.0937230e+06   1.4648438e+01
   4.0964130e+06   1.5747070e+01
   4.0965710e+06   1.7822266e+01
   4.1155280e+06   1.5869141e+01
   4.1157900e+06   1.5075684e+01
   4.1622710e+06   1.5197754e+01
   4.1625640e+06   1.8188477e+01
   4.1629250e+06   1.6845703e+01
   4.1632710e+06   1.6174316e+01
   4.2585800e+06   1.4953613e+01
   4.2587320e+06   1.7944336e+01
   4.2588870e+06   1.7456055e+01
   4.2589000e+06   1.5747070e+01
   4.2589740e+06   1.5136719e+01
   4.2591310e+06   1.4892578e+01
   4.2591430e+06   1.5930176e+01
   4.2596720e+06   1.5075684e+01
   4.2597700e+06   1.5747070e+01
   4.2755840e+06   1.5197754e+01
   4.2755940e+06   1.7211914e+01
   4.2758210e+06   1.6540527e+01
   4.2759350e+06   1.6723633e+01
   4.2760130e+06   1.6235352e+01
   4.2762020e+06   1.5075684e+01
   4.2766300e+06   1.4770508e+01
   4.3155050e+06   1.7883301e+01
   4.3156710e+06   1.6418457e+01
   4.3157420e+06   1.7333984e+01
   4.3163000e+06   1.4831543e+01
   4.3164110e+06   1.5380859e+01
   4.3167980e+06   1.6113281e+01
   4.3787150e+06   1.8310547e+01
   4.3787850e+06   1.5625000e+01
   4.3789340e+06   1.5930176e+01
   4.3792080e+06   1.5502930e+01
   4.3794720e+06   1.9104004e+01
   4.3796960e+06   1.5075684e+01
   4.3801240e+06   1.6845703e+01
   4.4082850e+06   1.4770508e+01
   4.4085860e+06   1.5441895e+01
   4.4088790e+06   1.6418457e+01
   4.4091520e+06   1.5075684e+01
   4.4096570e+06   1.4709473e+01
   4.4099750e+06   1.4709473e+01
   4.4622230e+06   1.6906738e+01
   4.4622360e+06   1.6235352e+01
   4.4623630e+06   1.5319824e+01
   4.4624930e+06   1.5869141e+01
   4.4627800e+06   1.4953613e+01
   4.5050430e+06   1.7028809e+01
   4.5055680e+06   1.5075684e+01
   4.5058460e+06   1.6296387e+01
   4.5334770e+06   1.5075684e+01
   4.5338960e+06   1.6174316e+01
   4.5339430e+06   1.7822266e+01
   4.5342120e+06   1.4648438e+01
   4.5690100e+06   1.7761230e+01
   4.5691900e+06   1.9409180e+01
   4.5692630e+06   1.5380859e+01
   4.5693580e+06   1.6967773e+01
   4.5695240e+06   2.0202637e+01
   4.5701000e+06   1.4892578e+01
   4.5884970e+06   1.5014648e+01
   4.5889700e+06   1.7395020e+01
   4.5893630e+06   1.9836426e+01
   4.5901470e+06   1.6967773e+01
   4.6308030e+06   1.6967773e+01
   4.6309470e+06   1.7517090e+01
   4.6311050e+06   1.9348145e+01
   4.6312850e+06   1.4831543e+01
   4.6316440e+06   1.5563965e+01
   4.6493820e+06   1.6235352e+01
   4.6498360e+06   1.5502930e+01
   4.6807630e+06   1.5197754e+01
   4.6809130e+06   2.3132324e+01
   4.6809620e+06   1.5197754e+01
   4.6813500e+06   1.4892578e+01
   4.6813720e+06   1.6662598e+01
   4.6996810e+06   1.7272949e+01
   4.6997730e+06   2.0263672e+01
   4.6997830e+06   1.4648438e+01
   4.6999270e+06   1.7639160e+01
   4.6999850e+06   1.8188477e+01
   4.7000830e+06   1.4953613e+01
   4.7002960e+06   1.9714355e+01
   4.7006560e+06   1.6906738e+01
   4.7371970e+06   1.6235352e+01
   4.7373120e+06   1.6540527e+01
   4.7373770e+06   1.7272949e+01
   4.7374530e+06   1.9836426e+01
   4.7375360e+06   1.4953613e+01
   4.7376380e+06   1.5502930e+01
   4.7376980e+06   1.7333984e+01
   4.7379060e+06   1.8981934e+01
   4.7382070e+06   1.5686035e+01
   4.7556680e+06   1.7456055e+01
   4.7557780e+06   1.6540527e+01
   4.7558480e+06   1.4709473e+01
   4.7933530e+06   2.4780273e+01
   4.7936650e+06   2.0263672e+01
   4.7938000e+06   2.1423340e+01
   4.8111800e+06   1.6357422e+01
   4.8112630e+06   1.5441895e+01
   4.8114470e+06   1.7761230e+01
   4.8115070e+06   1.6418457e+01
   4.8334560e+06   1.9592285e+01
   4.8335860e+06   1.7639160e+01
   4.8338370e+06   1.5197754e+01
   4.8727980e+06   1.5441895e+01
   4.8729050e+06   1.5441895e+01
   4.8730080e+06   1.6784668e+01
   4.8733160e+06   1.4648437e+01
   4.8735680e+06   1.6601562e+01
   4.8739550e+06   1.7211914e+01
   4.8743450e+06   1.4892578e+01
   4.8875140e+06   2.0141602e+01
   4.8875860e+06   1.5563965e+01
   4.8876600e+06   1.5441895e+01
   4.8877940e+06   1.8188477e+01
   4.9111780e+06   2.0263672e+01
   4.9111970e+06   1.6784668e+01
   4.9113060e+06   1.9897461e+01
   4.9113180e+06   1.9592285e+01
   4.9113310e+06   1.8432617e+01
   4.9113600e+06   1.6601562e+01
   4.9114070e+06   2.0263672e+01
   4.9114210e+06   1.6357422e+01
   4.9114450e+06   1.4953613e+01
   4.9115130e+06   1.4892578e+01
   4.9115470e+06   1.6418457e+01
   4.9353540e+06   2.1362305e+01
   4.9355020e+06   2.5329590e+01
   4.9356300e+06   1.5380859e+01
   4.9493380e+06   2.0690918e+01
   4.9697540e+06   1.5563965e+01
   4.9698110e+06   1.8371582e+01
   4.9698800e+06   1.5625000e+01
   4.9699030e+06   1.6845703e+01
   4.9699200e+06   1.6540527e+01
   4.9699530e+06   1.5686035e+01
   4.9699810e+06   1.5869141e+01
   4.9699990e+06   1.8066406e+01
   4.9700150e+06   1.9714355e+01
   4.9700420e+06   1.5991211e+01
   4.9700850e+06   1.8310547e+01
   4.9701060e+06   1.6845703e+01
   4.9701190e+06   1.4892578e+01
   4.9702560e+06   1.4648438e+01
   4.9928620e+06   1.7517090e+01
   4.9929960e+06   1.7639160e+01
   4.9931420e+06   1.5014648e+01
   4.9932580e+06   1.7578125e+01
   4.9934660e+06   1.9348145e+01
   5.0102570e+06   1.9531250e+01
   5.0105750e+06   1.6479492e+01
   5.0309840e+06   1.8615723e+01
   5.0314070e+06   1.5319824e+01
   5.0320030e+06   1.4709473e+01
   5.0452970e+06   1.5014648e+01
   5.0453230e+06   1.4709473e+01
   5.0453630e+06   1.8005371e+01
   5.0454130e+06   1.8676758e+01
   5.0454630e+06   1.7639160e+01
   5.0455010e+06   2.1240234e+01
   5.0455560e+06   1.5197754e+01
   5.0455890e+06   1.6235352e+01
   5.0456540e+06   1.6967773e+01
   5.0457320e+06   1.6967773e+01
   5.0885210e+06   1.5258789e+01
   5.0887180e+06   1.8432617e+01
   5.0887680e+06   1.9958496e+01
   5.0887800e+06   1.5380859e+01
   5.0888250e+06   1.8371582e+01
   5.0888820e+06   2.2155762e+01
   5.0889760e+06   1.9775391e+01
   5.0890720e+06   1.4709473e+01
   5.0893070e+06   1.4892578e+01
   5.1031320e+06   1.5747070e+01
   5.1031450e+06   1.6723633e+01
   5.1031850e+06   1.6357422e+01
   5.1032190e+06   1.5197754e+01
   5.1032780e+06   1.6113281e+01
   5.1033090e+06   2.3681641e+01
   5.1033550e+06   1.9897461e+01
   5.1033870e+06   1.5625000e+01
   5.1034080e+06   1.7822266e+01
   5.1172270e+06   1.7333984e+01
   5.1603790e+06   1.5075684e+01
   5.1609720e+06   1.7639160e+01
   5.1612410e+06   1.4953613e+01
   5.1612620e+06   1.5563965e+01
   5.1613160e+06   1.6906738e+01
   5.1617190e+06   1.4648438e+01
   5.1617400e+06   1.5014648e+01
   5.1932780e+06   1.9592285e+01
   5.1936220e+06   1.5258789e+01
   5.1940470e+06   1.4648438e+01
   5.1943990e+06   1.4831543e+01
   5.1946980e+06   1.8432617e+01
   5.2109470e+06   2.0019531e+01
   5.2110170e+06   1.4892578e+01
   5.2112170e+06   1.5686035e+01
   5.2114460e+06   1.9409180e+01
   5.2120840e+06   1.9653320e+01
   5.2338500e+06   1.6296387e+01
   5.2340810e+06   1.8371582e+01
   5.2342340e+06   1.8188477e+01
   5.2342750e+06   1.7761230e+01
   5.2344720e+06   1.5502930e+01
   5.2507160e+06   2.1850586e+01
   5.2507960e+06   1.9226074e+01
   5.2508550e+06   2.3986816e+01
   5.2508880e+06   1.8920898e+01
   5.2509210e+06   1.4648437e+01
   5.2509600e+06   2.0996094e+01
   5.2509990e+06   1.6662598e+01
   5.2510170e+06   1.4709473e+01
   5.2510720e+06   1.5197754e+01
   5.2789600e+06   1.9042969e+01
   5.2792670e+06   1.5502930e+01
   5.2794430e+06   1.5625000e+01
   5.3167810e+06   1.5380859e+01
   5.3170230e+06   1.5869141e+01
   5.3170670e+06   2.3071289e+01
   5.3172500e+06   1.7700195e+01
   5.3174190e+06   1.7333984e+01
   5.3310910e+06   1.8310547e+01
   5.3312350e+06   1.8615723e+01
   5.3312850e+06   1.7150879e+01
   5.3320030e+06   1.5319824e+01
   5.3618710e+06   1.4831543e+01
   5.3619000e+06   1.5197754e+01
   5.3619660e+06   1.7761230e+01
   5.3620630e+06   1.7150879e+01
   5.3622950e+06   1.5625000e+01
   5.3806420e+06   1.4770508e+01
   5.3807730e+06   1.4892578e+01
   5.3814160e+06   2.3315430e+01
   5.3815910e+06   1.6296387e+01
   5.3816450e+06   1.7272949e+01
   5.3818200e+06   1.6601562e+01
   5.3891640e+06   1.6723633e+01
   5.3893360e+06   2.7404785e+01
   5.3897810e+06   1.8554688e+01
   5.3901130e+06   2.0324707e+01
   5.4121540e+06   1.6174316e+01
   5.4122780e+06   1.8798828e+01
   5.4124040e+06   1.8493652e+01
   5.4124210e+06   2.0263672e+01
   5.4124490e+06   1.6906738e+01
   5.4127130e+06   1.5747070e+01
   5.4127630e+06   1.8493652e+01
   5.4128670e+06   1.5563965e+01
   5.4287420e+06   1.6906738e+01
   5.4287930e+06   1.4892578e+01
   5.4290300e+06   1.9592285e+01
   5.4296220e+06   1.6784668e+01
   5.4424430e+06   1.5808105e+01
   5.4429320e+06   1.6601562e+01
   5.4429460e+06   1.5808105e+01
   5.4433600e+06   1.5563965e+01
   5.4953230e+06   1.6235352e+01
   5.4953360e+06   2.1911621e+01
   5.4955110e+06   1.6235352e+01
   5.4955630e+06   1.6174316e+01
   5.4957350e+06   2.2949219e+01
   5.4959710e+06   1.7089844e+01
   5.4959970e+06   1.5747070e+01
   5.4965260e+06   1.5319824e+01
   5.5362060e+06   1.6784668e+01
   5.5375880e+06   1.4648438e+01
   5.5594530e+06   1.9714355e+01
   5.5598030e+06   1.5258789e+01
   5.5599790e+06   1.6235352e+01
   5.5601130e+06   1.5380859e+01
   5.5601640e+06   1.5747070e+01
   5.5604180e+06   1.4709473e+01
   5.5604850e+06   1.4648438e+01
   5.5742990e+06   1.8432617e+01
   5.5743410e+06   2.5878906e+01
   5.5743900e+06   1.5380859e+01
   5.5771020e+06   1.8432617e+01
   5.5771410e+06   2.4536133e+01
   5.5773210e+06   1.7272949e+01
   5.5773480e+06   1.4892578e+01
   5.6358640e+06   1.7822266e+01
   5.6362070e+06   1.4953613e+01
   5.6362860e+06   2.0324707e+01
   5.6364520e+06   1.4831543e+01
   5.6365110e+06   1.8798828e+01
   5.6366820e+06   1.6723633e+01
   5.6681360e+06   1.5319824e+01
   5.6682300e+06   2.2033691e+01
   5.6682630e+06   2.1972656e+01
   5.6683260e+06   1.8066406e+01
   5.6683740e+06   1.5747070e+01
   5.6683930e+06   2.7770996e+01
   5.6684280e+06   1.4709473e+01
   5.6684440e+06   1.6296387e+01
   5.6684730e+06   1.6784668e+01
   5.6685370e+06   1.4709473e+01
   5.6687550e+06   1.4587402e+01
   5.6689670e+06   1.7028809e+01
   5.6844210e+06   1.7272949e+01
   5.6971100e+06   1.6845703e+01
   5.7251160e+06   1.7761230e+01
   5.7252660e+06   1.8676758e+01
   5.7256920e+06   1.8920898e+01
   5.7401540e+06   1.9470215e+01
   5.7405170e+06   1.5014648e+01
   5.7407110e+06   1.4953613e+01
   5.7415120e+06   1.8127441e+01
   5.7416010e+06   1.6967773e+01
   5.7823190e+06   2.2705078e+01
   5.7825470e+06   1.7211914e+01
   5.7825590e+06   1.7761230e+01
   5.7826480e+06   1.4587402e+01
   5.7826890e+06   1.4831543e+01
   5.7828140e+06   1.5014648e+01
   5.7828600e+06   1.6052246e+01
   5.8072980e+06   1.5075684e+01
   5.8073350e+06   1.9409180e+01
   5.8073950e+06   1.4648438e+01
   5.8074540e+06   1.8798828e+01
   5.8075000e+06   1.9165039e+01
   5.8075380e+06   1.5136719e+01
   5.8076160e+06   1.5014648e+01
   5.8333250e+06   1.7272949e+01
   5.8334520e+06   1.5014648e+01
   5.8336570e+06   1.4892578e+01
   5.8340210e+06   1.6662598e+01
   5.8364920e+06   1.6113281e+01
   5.8365760e+06   1.5502930e+01
   5.8366490e+06   1.6357422e+01
   5.8367020e+06   1.8249512e+01
   5.8533370e+06   1.6174316e+01
   5.8534170e+06   1.5991211e+01
   5.8736120e+06   1.8371582e+01
   5.9013540e+06   1.5625000e+01
   5.9015720e+06   1.8188477e+01
   5.9017470e+06   1.5319824e+01
   5.9189770e+06   2.0080566e+01
   5.9191810e+06   1.6052246e+01
   5.9235970e+06   1.6662598e+01
   5.9236230e+06   1.7883301e+01
   5.9386630e+06   1.8615723e+01
   5.9386870e+06   1.4892578e+01
   5.9387320e+06   1.6174316e+01
   5.9387460e+06   1.6784668e+01
   5.9387750e+06   2.6367188e+01
   5.9388130e+06   1.7883301e+01
   5.9388300e+06   1.5991211e+01
   5.9388600e+06   1.5380859e+01
   5.9388740e+06   1.6357422e+01
   5.9388850e+06   1.5380859e+01
   5.9511010e+06   1.6479492e+01
   5.9668890e+06   1.8188477e+01
   5.9669470e+06   1.6296387e+01
   5.9669670e+06   1.9287109e+01
   5.9669790e+06   1.8005371e+01
   5.9670480e+06   1.6723633e+01
   5.9670740e+06   1.9042969e+01
   5.9671270e+06   1.7944336e+01
   5.9671880e+06   1.6113281e+01
   5.9916980e+06   2.2827148e+01
   5.9917770e+06   2.0202637e+01
   5.9918120e+06   2.6855469e+01
   5.9918450e+06   1.5258789e+01
   5.9919320e+06   1.4953613e+01
   5.9919590e+06   1.7456055e+01
   5.9919910e+06   1.5197754e+01
   5.9920220e+06   1.8676758e+01
   5.9920500e+06   1.8615723e+01
