   5.9990000e+06   0.0000000e+00
   9.0540000e+03   1.4343262e+01
   3.8066000e+04   1.3793945e+01
   4.8577000e+04   1.4709473e+01
   6.0873000e+04   1.3610840e+01
   8.1455000e+04   1.3854980e+01
   9.2944000e+04   1.4282227e+01
   1.1476200e+05   1.4282227e+01
   1.1487200e+05   1.4648438e+01
   1.1500100e+05   1.4160156e+01
   1.2815100e+05   1.3854980e+01
   1.4244100e+05   1.4526367e+01
   1.4253400e+05   1.4648438e+01
   1.4270300e+05   1.5197754e+01
   1.9705400e+05   1.4709473e+01
   2.0577200e+05   1.4282227e+01
   2.0599300e+05   1.4831543e+01
   2.1941200e+05   1.6418457e+01
   2.6562700e+05   1.3916016e+01
   2.7546300e+05   1.4160156e+01
   2.9477100e+05   1.3488770e+01
   2.9482500e+05   1.7639160e+01
   2.9502300e+05   1.5075684e+01
   3.1276700e+05   1.4099121e+01
   3.1297100e+05   1.7333984e+01
   3.2936700e+05   1.4465332e+01
   3.2944000e+05   1.3732910e+01
   3.2954000e+05   1.6418457e+01
   3.2974200e+05   1.4892578e+01
   3.6310700e+05   1.5136719e+01
   4.0589300e+05   1.3488770e+01
   4.0591800e+05   1.3488770e+01
   4.0601000e+05   1.5197754e+01
   4.0612300e+05   1.5625000e+01
   4.1682900e+05   1.4465332e+01
   4.5792800e+05   1.4160156e+01
   5.2491100e+05   1.3610840e+01
   5.2492600e+05   1.6479492e+01
   5.2498200e+05   1.4465332e+01
   5.2519500e+05   1.3977051e+01
   5.2522800e+05   1.3671875e+01
   5.5023200e+05   1.8005371e+01
   5.5031600e+05   1.4282227e+01
   5.5045100e+05   1.5625000e+01
   6.0639900e+05   1.7578125e+01
   6.0663400e+05   1.6052246e+01
   6.2381600e+05   1.3549805e+01
   6.3693700e+05   1.9165039e+01
   6.6111700e+05   1.4160156e+01
   6.7113000e+05   1.3977051e+01
   6.7127100e+05   1.6113281e+01
   6.8001900e+05   1.4221191e+01
   6.9940100e+05   1.4221191e+01
   7.2033800e+05   1.9775391e+01
   7.3527000e+05   1.5502930e+01
   7.4603800e+05   1.3732910e+01
   7.4648500e+05   1.4709473e+01
   7.7570900e+05   1.3854980e+01
   7.7597500e+05   1.3488770e+01
   8.1088300e+05   1.3977051e+01
   8.1091800e+05   1.4221191e+01
   8.1124400e+05   1.4465332e+01
   8.1134600e+05   1.3549805e+01
   8.2794500e+05   1.5563965e+01
   8.2802300e+05   1.3549805e+01
   8.2837600e+05   1.4526367e+01
   8.4254600e+05   1.4221191e+01
   8.4999900e+05   1.4282227e+01
   8.7589000e+05   1.5014648e+01
   8.7606500e+05   1.9653320e+01
   8.7612300e+05   1.4831543e+01
   8.8831600e+05   1.4343262e+01
   8.8870300e+05   1.6052246e+01
   9.0062700e+05   1.4770508e+01
   9.0066000e+05   1.3793945e+01
   9.0086400e+05   1.4770508e+01
   9.1279800e+05   1.5502930e+01
   9.3054300e+05   1.4709473e+01
   9.4356400e+05   1.4770508e+01
   9.7321900e+05   1.3488770e+01
   9.7343000e+05   1.4160156e+01
   9.7361300e+05   1.4160156e+01
   1.0111290e+06   1.3977051e+01
   1.0111490e+06   1.5502930e+01
   1.0344640e+06   1.3488770e+01
   1.0500510e+06   1.6967773e+01
   1.0683350e+06   1.4343262e+01
   1.0685580e+06   1.5014648e+01
   1.0966190e+06   1.6296387e+01
   1.0968680e+06   1.4160156e+01
   1.1166910e+06   1.6723633e+01
   1.1758660e+06   1.7150879e+01
   1.1762190e+06   1.5502930e+01
   1.1928170e+06   1.3488770e+01
   1.1929570e+06   1.3488770e+01
   1.1931090e+06   1.4282227e+01
   1.1931650e+06   1.5808105e+01
   1.2053770e+06   1.6845703e+01
   1.2056010e+06   1.3549805e+01
   1.2293580e+06   1.3610840e+01
   1.2418640e+06   1.3610840e+01
   1.2419420e+06   1.4953613e+01
   1.2489400e+06   1.4587402e+01
   1.2697370e+06   1.3732910e+01
   1.2948470e+06   1.5075684e+01
   1.2949070e+06   1.4404297e+01
   1.2951020e+06   1.6662598e+01
   1.3377740e+06   1.3549805e+01
   1.3378110e+06   1.3977051e+01
   1.3380050e+06   1.5258789e+01
   1.3704700e+06   1.8249512e+01
   1.3706670e+06   1.3488770e+01
   1.3955870e+06   1.4526367e+01
   1.3957120e+06   1.4770508e+01
   1.3958820e+06   1.5014648e+01
   1.4126860e+06   1.5441895e+01
   1.4323960e+06   1.4404297e+01
   1.4324560e+06   1.3488770e+01
   1.4472940e+06   1.3854980e+01
   1.4479840e+06   1.5258789e+01
   1.4552890e+06   1.4038086e+01
   1.4557720e+06   1.3488770e+01
   1.4698470e+06   1.4282227e+01
   1.4938080e+06   1.4221191e+01
   1.4941360e+06   1.3732910e+01
   1.4941580e+06   1.4160156e+01
   1.5061110e+06   1.5930176e+01
   1.5063070e+06   1.5014648e+01
   1.5203510e+06   1.6357422e+01
   1.5478820e+06   1.5136719e+01
   1.5482500e+06   1.6906738e+01
   1.5482830e+06   1.4099121e+01
   1.5707070e+06   1.6113281e+01
   1.5708330e+06   1.5075684e+01
   1.5710830e+06   1.4038086e+01
   1.5711560e+06   1.3854980e+01
   1.5711990e+06   1.5197754e+01
   1.5892700e+06   1.4404297e+01
   1.5894630e+06   1.5747070e+01
   1.5896390e+06   1.9409180e+01
   1.6018250e+06   1.5075684e+01
   1.6021840e+06   1.3610840e+01
   1.6299880e+06   1.3916016e+01
   1.6712120e+06   1.3793945e+01
   1.6840680e+06   1.3854980e+01
   1.7030720e+06   1.7822266e+01
   1.7032270e+06   1.6113281e+01
   1.7330330e+06   1.5319824e+01
   1.7332410e+06   1.4282227e+01
   1.7531780e+06   1.3793945e+01
   1.7536540e+06   1.6418457e+01
   1.7822660e+06   1.4099121e+01
   1.7823100e+06   1.3854980e+01
   1.8039260e+06   1.4770508e+01
   1.8173270e+06   1.4648438e+01
   1.8238280e+06   1.3854980e+01
   1.8241830e+06   1.4038086e+01
   1.8299030e+06   1.3793945e+01
   1.8301360e+06   1.6296387e+01
   1.8609460e+06   1.3977051e+01
   1.8611490e+06   1.6113281e+01
   1.8796850e+06   1.4160156e+01
   1.8798500e+06   1.3488770e+01
   1.8801210e+06   1.4038086e+01
   1.8949400e+06   1.4282227e+01
   1.9151820e+06   1.4648438e+01
   1.9155350e+06   1.5441895e+01
   1.9370610e+06   1.4892578e+01
   1.9372650e+06   1.5136719e+01
   1.9559910e+06   1.6418457e+01
   1.9782350e+06   1.3732910e+01
   1.9783820e+06   1.8127441e+01
   1.9785380e+06   1.6235352e+01
   1.9977320e+06   1.3977051e+01
   1.9977750e+06   1.4282227e+01
   1.9979220e+06   1.6174316e+01
   2.0093340e+06   1.5197754e+01
   2.0093770e+06   1.4953613e+01
   2.0415890e+06   1.4953613e+01
   2.0581720e+06   1.4160156e+01
   2.0584990e+06   1.7333984e+01
   2.0702510e+06   1.3671875e+01
   2.1075440e+06   1.3671875e+01
   2.1077230e+06   1.6967773e+01
   2.1302370e+06   1.3549805e+01
   2.1304320e+06   2.2338867e+01
   2.1567430e+06   1.3854980e+01
   2.1570140e+06   1.6357422e+01
   2.1572590e+06   1.4526367e+01
   2.1824750e+06   1.5197754e+01
   2.1826360e+06   1.5625000e+01
   2.1944010e+06   1.3549805e+01
   2.1949000e+06   1.4526367e+01
   2.2053450e+06   1.3732910e+01
   2.2053560e+06   1.5014648e+01
   2.2055770e+06   1.6662598e+01
   2.2249770e+06   1.8127441e+01
   2.2250800e+06   1.3854980e+01
   2.2453830e+06   1.3549805e+01
   2.2596220e+06   1.5319824e+01
   2.2598930e+06   1.5686035e+01
   2.2694560e+06   1.5747070e+01
   2.2699700e+06   1.5502930e+01
   2.2973690e+06   1.5197754e+01
   2.3110330e+06   1.5319824e+01
   2.3113160e+06   1.3977051e+01
   2.3440660e+06   1.4526367e+01
   2.3442730e+06   1.4343262e+01
   2.3975380e+06   1.4160156e+01
   2.4118820e+06   1.5686035e+01
   2.4119620e+06   1.4160156e+01
   2.4119820e+06   1.4831543e+01
   2.4370320e+06   1.6174316e+01
   2.4370660e+06   1.5747070e+01
   2.4372210e+06   1.6174316e+01
   2.4631340e+06   1.3549805e+01
   2.4633620e+06   1.3854980e+01
   2.4635550e+06   1.5014648e+01
   2.4635720e+06   1.5258789e+01
   2.4786250e+06   1.3488770e+01
   2.4907000e+06   1.5686035e+01
   2.4908200e+06   1.5991211e+01
   2.4910170e+06   1.4160156e+01
   2.5157910e+06   1.3732910e+01
   2.5495600e+06   1.4160156e+01
   2.6222280e+06   1.7700195e+01
   2.6223870e+06   1.6357422e+01
   2.6223970e+06   1.4160156e+01
   2.6483590e+06   1.7578125e+01
   2.6484200e+06   1.3488770e+01
   2.6634370e+06   1.5991211e+01
   2.6636120e+06   1.5014648e+01
   2.6736210e+06   1.3549805e+01
   2.6738220e+06   1.4770508e+01
   2.6740890e+06   1.3793945e+01
   2.7103790e+06   1.4282227e+01
   2.7104060e+06   1.6662598e+01
   2.7104420e+06   1.3916016e+01
   2.7105090e+06   1.3916016e+01
   2.7403850e+06   1.3488770e+01
   2.7507590e+06   1.3977051e+01
   2.7653730e+06   1.6235352e+01
   2.7789110e+06   1.6235352e+01
   2.7791490e+06   1.3671875e+01
   2.8201510e+06   1.8066406e+01
   2.8278820e+06   1.3977051e+01
   2.8456440e+06   1.4526367e+01
   2.8457110e+06   1.3671875e+01
   2.8525180e+06   1.4709473e+01
   2.8611390e+06   1.3732910e+01
   2.8612030e+06   1.4282227e+01
   2.8612520e+06   1.4587402e+01
   2.8725110e+06   1.3916016e+01
   2.8726910e+06   1.5991211e+01
   2.8903880e+06   1.3977051e+01
   2.9172850e+06   1.3549805e+01
   2.9173680e+06   1.4099121e+01
   2.9338060e+06   1.4831543e+01
   2.9629670e+06   1.3732910e+01
   2.9631180e+06   1.5502930e+01
   3.0379270e+06   1.5869141e+01
   3.0437180e+06   1.4343262e+01
   3.0622790e+06   1.3671875e+01
   3.0764760e+06   1.3732910e+01
   3.0890030e+06   1.3854980e+01
   3.1061510e+06   1.3854980e+01
   3.1668580e+06   1.3977051e+01
   3.2029880e+06   1.3732910e+01
   3.2031530e+06   1.3916016e+01
   3.2348700e+06   1.4221191e+01
   3.2351130e+06   1.3793945e+01
   3.2787270e+06   1.4709473e+01
   3.3245730e+06   1.4709473e+01
   3.3421760e+06   1.3916016e+01
   3.4908180e+06   1.4465332e+01
   3.5293820e+06   1.8981934e+01
   3.5580640e+06   1.4709473e+01
   3.5858040e+06   1.4465332e+01
   3.6060120e+06   1.4770508e+01
   3.6404010e+06   1.4648438e+01
   3.6620490e+06   1.3610840e+01
   3.6622890e+06   1.6540527e+01
   3.6770840e+06   1.5502930e+01
   3.6949260e+06   1.3671875e+01
   3.6950160e+06   1.3732910e+01
   3.7391730e+06   1.7517090e+01
   3.7975070e+06   1.3732910e+01
   3.8157930e+06   1.4038086e+01
   3.8633610e+06   1.5136719e+01
   3.8635050e+06   1.3916016e+01
   3.9401720e+06   1.4770508e+01
   4.0060470e+06   1.5014648e+01
   4.0930300e+06   1.3854980e+01
   4.3769450e+06   1.3488770e+01
   4.3783020e+06   1.4831543e+01
   4.3797260e+06   1.5136719e+01
   4.4091780e+06   1.7089844e+01
   4.4623420e+06   1.3610840e+01
   4.5676770e+06   1.3854980e+01
   4.5678140e+06   1.4282227e+01
   4.5893270e+06   1.5869141e+01
   4.7940810e+06   1.5625000e+01
   4.8733510e+06   1.3732910e+01
   4.9113210e+06   2.0385742e+01
   4.9116220e+06   1.3488770e+01
   4.9696410e+06   1.5808105e+01
   4.9698680e+06   1.6357422e+01
   4.9699290e+06   1.4465332e+01
   4.9699860e+06   1.4892578e+01
   4.9701090e+06   1.4709473e+01
   5.0452680e+06   1.3549805e+01
   5.0454440e+06   1.9897461e+01
   5.0455010e+06   1.3488770e+01
   5.0455330e+06   2.0385742e+01
   5.0671480e+06   1.4587402e+01
   5.0884420e+06   1.3732910e+01
   5.0889150e+06   1.3732910e+01
   5.1031200e+06   1.4526367e+01
   5.1032500e+06   2.0812988e+01
   5.1034320e+06   1.4221191e+01
   5.1615180e+06   1.7456055e+01
   5.2343780e+06   1.3549805e+01
   5.2508350e+06   1.4526367e+01
   5.2508690e+06   2.1911621e+01
   5.2795590e+06   1.4465332e+01
   5.3622590e+06   1.3793945e+01
   5.4956010e+06   1.5014648e+01
   5.5372620e+06   1.3854980e+01
   5.5772590e+06   1.5747070e+01
   5.6356820e+06   1.3977051e+01
   5.6683210e+06   1.7272949e+01
   5.6684190e+06   1.3793945e+01
   5.8074150e+06   1.7639160e+01
   5.8366260e+06   1.3793945e+01
   5.8734770e+06   1.4099121e+01
   5.9016370e+06   1.3549805e+01
   5.9386850e+06   1.4648438e+01
   5.9387080e+06   1.5686035e+01
   5.9388060e+06   1.6113281e+01
   5.9510020e+06   1.4282227e+01
   5.9669230e+06   1.4282227e+01
   5.9670250e+06   1.4343262e+01
   5.9670620e+06   1.4282227e+01
   5.9671130e+06   1.4160156e+01
   5.9671510e+06   1.8371582e+01
   5.9915520e+06   1.4221191e+01
   5.9917630e+06   1.4709473e+01
   5.9918270e+06   1.8920898e+01
   5.9918410e+06   1.4404297e+01
   5.9974250e+06   1.3549805e+01
