   5.9990000e+06   0.0000000e+00
   9.0040000e+03   1.4709473e+01
   2.0782000e+04   1.4526367e+01
   2.0793000e+04   1.5319824e+01
   3.7890000e+04   1.6113281e+01
   3.7971000e+04   1.3488770e+01
   4.8295000e+04   1.4648438e+01
   4.8359000e+04   1.4282227e+01
   4.8380000e+04   1.4343262e+01
   6.0521000e+04   1.7517090e+01
   6.0580000e+04   1.6784668e+01
   6.0590000e+04   1.6967773e+01
   6.9264000e+04   1.8493652e+01
   6.9383000e+04   1.5502930e+01
   8.1466000e+04   1.8615723e+01
   8.1517000e+04   1.7395020e+01
   9.2987000e+04   1.5502930e+01
   1.0558200e+05   1.4160156e+01
   1.1469100e+05   1.9287109e+01
   1.2784800e+05   2.1728516e+01
   1.2790600e+05   1.8127441e+01
   1.2792100e+05   1.3549805e+01
   1.4242300e+05   1.7395020e+01
   1.4259000e+05   1.3366699e+01
   1.5226000e+05   1.7028809e+01
   1.8113200e+05   1.3305664e+01
   1.8116300e+05   1.3244629e+01
   1.8119200e+05   1.3244629e+01
   1.9688200e+05   1.4648438e+01
   1.9695700e+05   1.6357422e+01
   1.9774700e+05   1.4038086e+01
   2.0570000e+05   1.7700195e+01
   2.0578700e+05   1.7883301e+01
   2.1933700e+05   1.7517090e+01
   2.1940700e+05   1.5625000e+01
   2.3267600e+05   1.8859863e+01
   2.5205600e+05   1.6479492e+01
   2.6561300e+05   1.9042969e+01
   2.6568400e+05   1.4526367e+01
   2.7540500e+05   1.7639160e+01
   2.9460700e+05   1.7761230e+01
   3.1274600e+05   1.6357422e+01
   3.1280200e+05   1.5625000e+01
   3.1312700e+05   1.3916016e+01
   3.2488200e+05   1.7578125e+01
   3.2937600e+05   2.0874023e+01
   3.2940400e+05   1.3427734e+01
   3.2943400e+05   1.7578125e+01
   3.2945800e+05   1.4404297e+01
   3.2965900e+05   1.3854980e+01
   3.5168900e+05   1.8310547e+01
   3.5181100e+05   1.4282227e+01
   3.6176900e+05   1.8859863e+01
   3.6286500e+05   1.6723633e+01
   3.6293000e+05   1.5808105e+01
   3.6296500e+05   1.4221191e+01
   3.8896600e+05   1.3366699e+01
   3.8920400e+05   2.0446777e+01
   3.8928600e+05   1.4770508e+01
   3.8940700e+05   1.3732910e+01
   3.8944800e+05   1.3427734e+01
   4.0585200e+05   1.3366699e+01
   4.0587700e+05   1.8981934e+01
   4.0593700e+05   1.3549805e+01
   4.0596600e+05   1.4221191e+01
   4.0616200e+05   1.4831543e+01
   4.1680400e+05   1.5869141e+01
   4.3414100e+05   1.4892578e+01
   4.3418400e+05   1.4953613e+01
   4.3421500e+05   1.3977051e+01
   4.3429800e+05   1.4160156e+01
   4.3442300e+05   1.7211914e+01
   4.4623300e+05   1.5686035e+01
   4.5785200e+05   1.6357422e+01
   4.5790900e+05   1.5563965e+01
   4.7164500e+05   1.5502930e+01
   4.7169600e+05   1.3671875e+01
   4.7173700e+05   1.4099121e+01
   4.7182200e+05   1.6723633e+01
   4.7188800e+05   1.3427734e+01
   4.9753000e+05   1.6113281e+01
   4.9761700e+05   1.7028809e+01
   5.0877100e+05   1.3488770e+01
   5.1315700e+05   1.6052246e+01
   5.2498200e+05   1.4038086e+01
   5.2505500e+05   1.7150879e+01
   5.2524000e+05   1.4404297e+01
   5.3866100e+05   1.6235352e+01
   5.3873500e+05   1.3977051e+01
   5.4888700e+05   1.3244629e+01
   5.5020900e+05   1.3305664e+01
   5.5026100e+05   1.5014648e+01
   5.5035600e+05   1.5380859e+01
   5.5051100e+05   1.5930176e+01
   5.6554700e+05   1.8432617e+01
   5.8036800e+05   1.3732910e+01
   6.0637000e+05   1.5197754e+01
   6.0671700e+05   1.3610840e+01
   6.2380200e+05   1.9836426e+01
   6.3661900e+05   1.3977051e+01
   6.3694300e+05   1.3671875e+01
   6.3702900e+05   1.7944336e+01
   6.5035700e+05   1.5502930e+01
   6.5037300e+05   1.3305664e+01
   6.6089900e+05   1.4831543e+01
   6.6094100e+05   1.3244629e+01
   6.6113000e+05   1.3427734e+01
   6.7106200e+05   1.3793945e+01
   6.8003800e+05   1.7211914e+01
   6.9928700e+05   1.8737793e+01
   6.9976100e+05   1.3793945e+01
   7.2009400e+05   1.6296387e+01
   7.2017700e+05   1.4892578e+01
   7.2018700e+05   1.7456055e+01
   7.2035500e+05   1.3305664e+01
   7.2043300e+05   1.3977051e+01
   7.3497000e+05   1.4099121e+01
   7.3502900e+05   1.4404297e+01
   7.4601800e+05   1.7822266e+01
   7.4650900e+05   1.3671875e+01
   7.5805600e+05   1.8493652e+01
   7.7574200e+05   1.6174316e+01
   7.7592200e+05   1.3488770e+01
   7.8691600e+05   1.3427734e+01
   7.9078700e+05   1.5380859e+01
   8.0052100e+05   1.5380859e+01
   8.0060500e+05   1.3549805e+01
   8.1099300e+05   1.3854980e+01
   8.1107300e+05   1.5502930e+01
   8.1115200e+05   1.3977051e+01
   8.1133700e+05   1.4648438e+01
   8.2797100e+05   1.8188477e+01
   8.2840000e+05   1.5502930e+01
   8.2844400e+05   1.4343262e+01
   8.4259900e+05   1.8432617e+01
   8.4978600e+05   1.5258789e+01
   8.5005800e+05   1.7822266e+01
   8.7590900e+05   1.3793945e+01
   8.7596600e+05   1.3977051e+01
   8.7600200e+05   1.8615723e+01
   8.8830800e+05   1.7028809e+01
   9.0061600e+05   1.9714355e+01
   9.0065700e+05   1.6845703e+01
   9.0073500e+05   1.3732910e+01
   9.1279100e+05   1.7883301e+01
   9.1304200e+05   1.5319824e+01
   9.3028200e+05   1.7761230e+01
   9.3033500e+05   1.3244629e+01
   9.3050400e+05   1.3977051e+01
   9.4267600e+05   1.8310547e+01
   9.4355800e+05   1.5869141e+01
   9.5196500e+05   1.3732910e+01
   9.5198300e+05   1.4099121e+01
   9.5202600e+05   1.3732910e+01
   9.5212900e+05   1.5441895e+01
   9.5220200e+05   1.3244629e+01
   9.5223500e+05   1.3549805e+01
   9.6503500e+05   1.6906738e+01
   9.7326000e+05   1.7517090e+01
   9.7333500e+05   1.4404297e+01
   9.7340700e+05   1.5686035e+01
   9.8431000e+05   1.6235352e+01
   9.9721400e+05   1.3610840e+01
   9.9727500e+05   1.3610840e+01
   9.9734500e+05   1.3610840e+01
   1.0108550e+06   1.4953613e+01
   1.0109360e+06   1.3916016e+01
   1.0259020e+06   1.5380859e+01
   1.0341270e+06   1.4709473e+01
   1.0343120e+06   1.6296387e+01
   1.0343290e+06   1.5380859e+01
   1.0498260e+06   1.6723633e+01
   1.0500600e+06   1.9165039e+01
   1.0681960e+06   2.2827148e+01
   1.0682880e+06   1.3732910e+01
   1.0798120e+06   1.5808105e+01
   1.0965660e+06   2.0263672e+01
   1.0966280e+06   1.6296387e+01
   1.0968380e+06   1.3671875e+01
   1.0969870e+06   1.3671875e+01
   1.1166500e+06   1.6113281e+01
   1.1168530e+06   1.4038086e+01
   1.1265210e+06   1.4892578e+01
   1.1427750e+06   2.0019531e+01
   1.1428840e+06   1.5441895e+01
   1.1429670e+06   1.4709473e+01
   1.1430620e+06   1.7211914e+01
   1.1566350e+06   1.5258789e+01
   1.1623790e+06   1.7639160e+01
   1.1625560e+06   1.8127441e+01
   1.1757800e+06   1.5747070e+01
   1.1758520e+06   1.4526367e+01
   1.1760330e+06   1.3366699e+01
   1.1761790e+06   1.4831543e+01
   1.1927060e+06   1.5747070e+01
   1.1928040e+06   1.6906738e+01
   1.2053830e+06   1.6479492e+01
   1.2057230e+06   1.3549805e+01
   1.2057830e+06   1.3549805e+01
   1.2171150e+06   1.5441895e+01
   1.2293860e+06   1.6723633e+01
   1.2294930e+06   1.5930176e+01
   1.2418810e+06   1.4038086e+01
   1.2419530e+06   1.4831543e+01
   1.2488270e+06   1.7944336e+01
   1.2493130e+06   1.4099121e+01
   1.2695370e+06   1.6113281e+01
   1.2696040e+06   1.6235352e+01
   1.2696410e+06   1.4221191e+01
   1.2697960e+06   1.4099121e+01
   1.2826310e+06   1.6662598e+01
   1.2827570e+06   1.3244629e+01
   1.2949010e+06   1.4343262e+01
   1.2949650e+06   1.6113281e+01
   1.3085820e+06   1.6845703e+01
   1.3085940e+06   1.3244629e+01
   1.3086620e+06   1.3366699e+01
   1.3087120e+06   1.5563965e+01
   1.3090330e+06   1.4770508e+01
   1.3378660e+06   1.5380859e+01
   1.3704580e+06   1.5625000e+01
   1.3706820e+06   1.4831543e+01
   1.3822840e+06   1.5258789e+01
   1.3954600e+06   1.6479492e+01
   1.3955220e+06   1.3916016e+01
   1.3956660e+06   1.4343262e+01
   1.3957070e+06   1.3793945e+01
   1.4123350e+06   1.5808105e+01
   1.4128300e+06   1.3793945e+01
   1.4319220e+06   1.8859863e+01
   1.4323940e+06   1.6906738e+01
   1.4472530e+06   1.6906738e+01
   1.4552520e+06   1.7822266e+01
   1.4696960e+06   1.4404297e+01
   1.4838480e+06   1.7456055e+01
   1.4937720e+06   1.4465332e+01
   1.4942820e+06   1.5380859e+01
   1.5060510e+06   1.6174316e+01
   1.5060860e+06   1.5319824e+01
   1.5064740e+06   1.4099121e+01
   1.5198760e+06   1.3854980e+01
   1.5202720e+06   1.3488770e+01
   1.5322720e+06   1.9470215e+01
   1.5323500e+06   1.3854980e+01
   1.5478690e+06   1.9226074e+01
   1.5483170e+06   1.3305664e+01
   1.5616530e+06   1.5380859e+01
   1.5707310e+06   1.7028809e+01
   1.5708270e+06   1.3488770e+01
   1.5710300e+06   1.3488770e+01
   1.5711500e+06   1.3854980e+01
   1.5815850e+06   1.5197754e+01
   1.5891610e+06   1.9470215e+01
   1.5894150e+06   1.3916016e+01
   1.5894490e+06   1.5014648e+01
   1.5894630e+06   1.4404297e+01
   1.6018160e+06   1.9348145e+01
   1.6022110e+06   1.3977051e+01
   1.6173130e+06   1.6540527e+01
   1.6174330e+06   1.3977051e+01
   1.6176650e+06   1.3916016e+01
   1.6297520e+06   1.6418457e+01
   1.6298270e+06   1.4038086e+01
   1.6404630e+06   1.4099121e+01
   1.6504750e+06   1.6113281e+01
   1.6625120e+06   1.4465332e+01
   1.6710320e+06   1.7944336e+01
   1.6711220e+06   1.7272949e+01
   1.6712520e+06   1.3305664e+01
   1.6841570e+06   1.6052246e+01
   1.6931750e+06   1.6235352e+01
   1.7029650e+06   1.5441895e+01
   1.7030410e+06   1.3977051e+01
   1.7031570e+06   1.3671875e+01
   1.7032390e+06   1.3610840e+01
   1.7032630e+06   1.3793945e+01
   1.7033360e+06   1.4404297e+01
   1.7159240e+06   1.5808105e+01
   1.7327230e+06   1.9409180e+01
   1.7331360e+06   1.4160156e+01
   1.7331470e+06   1.4526367e+01
   1.7331760e+06   1.3549805e+01
   1.7531240e+06   1.5502930e+01
   1.7534330e+06   1.5197754e+01
   1.7534540e+06   1.4404297e+01
   1.7536160e+06   1.4709473e+01
   1.7647710e+06   1.9653320e+01
   1.7731480e+06   1.7089844e+01
   1.7819450e+06   1.9348145e+01
   1.7820660e+06   1.5563965e+01
   1.7822510e+06   1.4221191e+01
   1.8036420e+06   1.3732910e+01
   1.8037300e+06   1.5747070e+01
   1.8297920e+06   1.5563965e+01
   1.8301200e+06   1.4099121e+01
   1.8301450e+06   1.5319824e+01
   1.8453060e+06   1.3305664e+01
   1.8609730e+06   1.6235352e+01
   1.8612390e+06   1.5930176e+01
   1.8612580e+06   1.3305664e+01
   1.8613300e+06   1.3366699e+01
   1.8795280e+06   1.8981934e+01
   1.8796220e+06   1.6174316e+01
   1.8798700e+06   1.3427734e+01
   1.8799700e+06   1.4404297e+01
   1.8946330e+06   2.2583008e+01
   1.8946890e+06   1.3244629e+01
   1.9153050e+06   1.4343262e+01
   1.9153550e+06   1.3488770e+01
   1.9155270e+06   1.3793945e+01
   1.9274490e+06   1.3549805e+01
   1.9367920e+06   2.0385742e+01
   1.9371820e+06   1.4709473e+01
   1.9558110e+06   2.1179199e+01
   1.9558790e+06   1.5625000e+01
   1.9558990e+06   1.9348145e+01
   1.9559830e+06   1.3366699e+01
   1.9710850e+06   1.7700195e+01
   1.9781400e+06   2.3376465e+01
   1.9783470e+06   1.3610840e+01
   1.9784480e+06   1.3549805e+01
   1.9899200e+06   1.7944336e+01
   1.9976390e+06   1.9226074e+01
   1.9977960e+06   1.4343262e+01
   1.9978850e+06   1.3488770e+01
   2.0093090e+06   1.7517090e+01
   2.0197710e+06   1.8859863e+01
   2.0198310e+06   1.5991211e+01
   2.0199920e+06   1.8249512e+01
   2.0201610e+06   1.3916016e+01
   2.0304140e+06   1.5686035e+01
   2.0412510e+06   1.6662598e+01
   2.0413140e+06   1.6601562e+01
   2.0413940e+06   1.3916016e+01
   2.0414740e+06   1.3366699e+01
   2.0581480e+06   1.8493652e+01
   2.0584070e+06   1.3427734e+01
   2.0585210e+06   1.3427734e+01
   2.0700700e+06   1.6052246e+01
   2.0704680e+06   1.5258789e+01
   2.0788440e+06   1.3854980e+01
   2.0933660e+06   1.5441895e+01
   2.0934660e+06   2.0996094e+01
   2.1072830e+06   1.3244629e+01
   2.1073690e+06   1.3427734e+01
   2.1075160e+06   1.3488770e+01
   2.1076200e+06   1.5441895e+01
   2.1077470e+06   1.4526367e+01
   2.1240270e+06   1.5319824e+01
   2.1302580e+06   1.6357422e+01
   2.1303080e+06   1.4343262e+01
   2.1450360e+06   1.4404297e+01
   2.1451650e+06   1.5136719e+01
   2.1566840e+06   1.4587402e+01
   2.1567670e+06   1.5197754e+01
   2.1568470e+06   1.4099121e+01
   2.1571420e+06   1.4282227e+01
   2.1824540e+06   1.8676758e+01
   2.1825040e+06   1.6845703e+01
   2.1825770e+06   1.4343262e+01
   2.1944200e+06   1.6784668e+01
   2.2053610e+06   1.3427734e+01
   2.2053950e+06   1.4831543e+01
   2.2162000e+06   1.3671875e+01
   2.2246100e+06   1.5258789e+01
   2.2250640e+06   1.5014648e+01
   2.2453130e+06   1.6845703e+01
   2.2595670e+06   1.3732910e+01
   2.2595810e+06   1.7456055e+01
   2.2596600e+06   1.4221191e+01
   2.2693720e+06   1.3793945e+01
   2.2694860e+06   1.6540527e+01
   2.2697610e+06   1.3244629e+01
   2.2807110e+06   1.3671875e+01
   2.2808070e+06   1.3977051e+01
   2.2850450e+06   1.6662598e+01
   2.2970350e+06   1.7028809e+01
   2.2971140e+06   1.7150879e+01
   2.2972200e+06   1.4038086e+01
   2.2973070e+06   1.5014648e+01
   2.3247150e+06   1.5319824e+01
   2.3439660e+06   1.8676758e+01
   2.3440440e+06   1.3244629e+01
   2.3442420e+06   1.5380859e+01
   2.3442930e+06   1.3427734e+01
   2.3563770e+06   1.6540527e+01
   2.3564770e+06   1.3427734e+01
   2.3674510e+06   1.4465332e+01
   2.3904020e+06   1.3671875e+01
   2.3962600e+06   1.7639160e+01
   2.4116640e+06   1.3854980e+01
   2.4117220e+06   1.4099121e+01
   2.4118610e+06   1.5014648e+01
   2.4251500e+06   1.5869141e+01
   2.4370360e+06   1.9470215e+01
   2.4373620e+06   1.6113281e+01
   2.4630850e+06   1.4038086e+01
   2.4786110e+06   2.0812988e+01
   2.4786950e+06   1.7822266e+01
   2.4787670e+06   1.4709473e+01
   2.4906300e+06   2.3437500e+01
   2.4906860e+06   1.3671875e+01
   2.4908440e+06   1.6662598e+01
   2.4910070e+06   1.5197754e+01
   2.5153970e+06   1.5930176e+01
   2.5154960e+06   1.5808105e+01
   2.5155770e+06   1.3977051e+01
   2.5158520e+06   1.7150879e+01
   2.5296630e+06   1.4648438e+01
   2.5401110e+06   1.6113281e+01
   2.5493780e+06   1.5563965e+01
   2.5496490e+06   1.4587402e+01
   2.5653880e+06   1.6845703e+01
   2.5654530e+06   1.3305664e+01
   2.5654630e+06   1.5136719e+01
   2.5850820e+06   1.5625000e+01
   2.6062800e+06   2.0080566e+01
   2.6219930e+06   1.5747070e+01
   2.6220200e+06   1.4770508e+01
   2.6221610e+06   1.5930176e+01
   2.6364520e+06   1.6723633e+01
   2.6390190e+06   1.4526367e+01
   2.6480020e+06   2.0690918e+01
   2.6483310e+06   1.3366699e+01
   2.6484930e+06   1.5808105e+01
   2.6633800e+06   1.7883301e+01
   2.6634210e+06   1.3488770e+01
   2.6737210e+06   1.4160156e+01
   2.6739320e+06   1.3427734e+01
   2.6740800e+06   1.3549805e+01
   2.6854280e+06   1.6357422e+01
   2.6992750e+06   1.6052246e+01
   2.7006680e+06   1.6967773e+01
   2.7101410e+06   1.6174316e+01
   2.7103960e+06   1.3732910e+01
   2.7247120e+06   1.4526367e+01
   2.7248350e+06   1.5014648e+01
   2.7258370e+06   1.4465332e+01
   2.7401440e+06   1.6357422e+01
   2.7401830e+06   1.3427734e+01
   2.7504560e+06   1.4831543e+01
   2.7505670e+06   1.7700195e+01
   2.7507540e+06   1.4953613e+01
   2.7651790e+06   1.6906738e+01
   2.7652750e+06   1.6418457e+01
   2.7786730e+06   1.4892578e+01
   2.7788210e+06   1.3854980e+01
   2.7788340e+06   1.5869141e+01
   2.7790310e+06   1.4404297e+01
   2.7904310e+06   1.3305664e+01
   2.7915310e+06   1.5075684e+01
   2.7925980e+06   1.6357422e+01
   2.7933290e+06   1.6723633e+01
   2.7939200e+06   1.6174316e+01
   2.7950920e+06   1.7761230e+01
   2.7952390e+06   1.5014648e+01
   2.7956040e+06   1.3549805e+01
   2.7977340e+06   1.4709473e+01
   2.8005460e+06   1.4953613e+01
   2.8015390e+06   1.3610840e+01
   2.8197960e+06   2.0996094e+01
   2.8199760e+06   1.6662598e+01
   2.8200260e+06   1.3366699e+01
   2.8276380e+06   1.5014648e+01
   2.8278200e+06   1.8066406e+01
   2.8278470e+06   1.3366699e+01
   2.8279350e+06   1.4648438e+01
   2.8364740e+06   1.3916016e+01
   2.8364900e+06   1.6357422e+01
   2.8365080e+06   1.4221191e+01
   2.8366140e+06   1.4404297e+01
   2.8368220e+06   1.3488770e+01
   2.8373070e+06   1.4709473e+01
   2.8454670e+06   1.6418457e+01
   2.8455330e+06   1.4770508e+01
   2.8456360e+06   1.3366699e+01
   2.8521300e+06   1.7395020e+01
   2.8522030e+06   1.3549805e+01
   2.8522630e+06   1.6723633e+01
   2.8609390e+06   1.3671875e+01
   2.8610520e+06   1.4038086e+01
   2.8611960e+06   1.7395020e+01
   2.8723760e+06   1.5625000e+01
   2.8726110e+06   1.8798828e+01
   2.8739580e+06   1.7517090e+01
   2.8740540e+06   1.5747070e+01
   2.8750690e+06   1.4770508e+01
   2.8829070e+06   1.5197754e+01
   2.8830640e+06   1.3488770e+01
   2.8840800e+06   1.4892578e+01
   2.8841550e+06   1.4038086e+01
   2.8842180e+06   1.6052246e+01
   2.8898970e+06   1.5075684e+01
   2.8900090e+06   1.7395020e+01
   2.8901140e+06   1.6540527e+01
   2.8986020e+06   1.5991211e+01
   2.8986370e+06   1.4099121e+01
   2.8987140e+06   1.3671875e+01
   2.8987390e+06   1.3549805e+01
   2.8994530e+06   1.7333984e+01
   2.8995400e+06   1.4099121e+01
   2.8997190e+06   1.4770508e+01
   2.9035080e+06   1.4831543e+01
   2.9053090e+06   1.6418457e+01
   2.9139380e+06   1.7517090e+01
   2.9140220e+06   1.4587402e+01
   2.9171070e+06   1.4099121e+01
   2.9171660e+06   1.5441895e+01
   2.9174710e+06   1.6052246e+01
   2.9232380e+06   1.3793945e+01
   2.9240000e+06   1.7822266e+01
   2.9263530e+06   1.4160156e+01
   2.9336170e+06   1.8737793e+01
   2.9336860e+06   1.4648438e+01
   2.9337960e+06   1.3549805e+01
   2.9342480e+06   1.7028809e+01
   2.9350070e+06   1.6052246e+01
   2.9353170e+06   1.8188477e+01
   2.9359310e+06   1.3427734e+01
   2.9363870e+06   1.4587402e+01
   2.9369390e+06   1.3916016e+01
   2.9371750e+06   1.6540527e+01
   2.9381480e+06   1.4526367e+01
   2.9461480e+06   1.3916016e+01
   2.9465860e+06   1.5869141e+01
   2.9527230e+06   1.6235352e+01
   2.9536260e+06   1.8554688e+01
   2.9539210e+06   1.4160156e+01
   2.9565870e+06   1.4953613e+01
   2.9567180e+06   1.3366699e+01
   2.9572830e+06   1.3488770e+01
   2.9629690e+06   1.6967773e+01
   2.9635720e+06   1.6357422e+01
   2.9644820e+06   1.5808105e+01
   2.9661970e+06   1.3977051e+01
   2.9732900e+06   1.6052246e+01
   2.9733760e+06   1.4099121e+01
   2.9741890e+06   1.6540527e+01
   2.9771780e+06   1.4221191e+01
   2.9777440e+06   1.7150879e+01
   2.9778990e+06   1.4343262e+01
   2.9788460e+06   1.4892578e+01
   2.9795710e+06   1.6662598e+01
   2.9838800e+06   1.7700195e+01
   2.9840190e+06   1.8920898e+01
   2.9850830e+06   1.4099121e+01
   2.9886170e+06   1.4038086e+01
   2.9894420e+06   1.5075684e+01
   2.9929560e+06   1.7028809e+01
   2.9930560e+06   1.3366699e+01
   2.9937280e+06   1.5380859e+01
   2.9937820e+06   1.3488770e+01
   3.0000850e+06   1.7150879e+01
   3.0003600e+06   1.4587402e+01
   3.0042510e+06   1.4892578e+01
   3.0043130e+06   1.8676758e+01
   3.0050470e+06   1.7272949e+01
   3.0051800e+06   1.3854980e+01
   3.0058290e+06   1.6845703e+01
   3.0090390e+06   1.3488770e+01
   3.0132210e+06   1.5380859e+01
   3.0133630e+06   1.3244629e+01
   3.0139170e+06   1.4221191e+01
   3.0140140e+06   1.4160156e+01
   3.0148220e+06   1.4221191e+01
   3.0198340e+06   1.3854980e+01
   3.0199090e+06   1.4465332e+01
   3.0244020e+06   1.7456055e+01
   3.0253450e+06   1.7272949e+01
   3.0264820e+06   1.4221191e+01
   3.0334770e+06   1.7944336e+01
   3.0335410e+06   1.3427734e+01
   3.0345570e+06   2.0080566e+01
   3.0377940e+06   1.5014648e+01
   3.0378690e+06   1.3366699e+01
   3.0388280e+06   1.8127441e+01
   3.0436700e+06   1.3854980e+01
   3.0455200e+06   1.4526367e+01
   3.0503580e+06   1.4465332e+01
   3.0505750e+06   1.4343262e+01
   3.0516160e+06   1.4282227e+01
   3.0518560e+06   1.4709473e+01
   3.0524440e+06   1.3610840e+01
   3.0530610e+06   1.5563965e+01
   3.0577790e+06   1.5380859e+01
   3.0620670e+06   1.3366699e+01
   3.0622260e+06   1.3549805e+01
   3.0638920e+06   1.6174316e+01
   3.0690080e+06   1.6723633e+01
   3.0696980e+06   1.6418457e+01
   3.0761390e+06   1.3854980e+01
   3.0767310e+06   1.8432617e+01
   3.0771570e+06   1.7211914e+01
   3.0776400e+06   1.4587402e+01
   3.0788060e+06   1.3610840e+01
   3.0796290e+06   1.3549805e+01
   3.0802910e+06   1.5075684e+01
   3.0888720e+06   1.5625000e+01
   3.0889480e+06   1.3732910e+01
   3.0894140e+06   1.3610840e+01
   3.0895080e+06   1.3854980e+01
   3.0898790e+06   1.3610840e+01
   3.0907270e+06   1.4892578e+01
   3.1058320e+06   1.3732910e+01
   3.1058900e+06   2.0141602e+01
   3.1059020e+06   1.5258789e+01
   3.1063110e+06   1.4892578e+01
   3.1076150e+06   1.4831543e+01
   3.1079260e+06   1.5075684e+01
   3.1085420e+06   1.6723633e+01
   3.1099400e+06   1.4587402e+01
   3.1193640e+06   1.9592285e+01
   3.1195520e+06   1.4282227e+01
   3.1199720e+06   1.3977051e+01
   3.1206230e+06   1.5075684e+01
   3.1324100e+06   1.3610840e+01
   3.1324840e+06   1.4099121e+01
   3.1325680e+06   1.4404297e+01
   3.1329130e+06   1.3549805e+01
   3.1333930e+06   1.3671875e+01
   3.1337030e+06   1.3610840e+01
   3.1337430e+06   1.4282227e+01
   3.1345530e+06   1.7456055e+01
   3.1464130e+06   1.6784668e+01
   3.1464880e+06   1.3427734e+01
   3.1473050e+06   1.4099121e+01
   3.1481690e+06   1.4648438e+01
   3.1487100e+06   1.6296387e+01
   3.1665300e+06   1.8859863e+01
   3.1665960e+06   1.4160156e+01
   3.1666460e+06   1.4709473e+01
   3.1666690e+06   1.4343262e+01
   3.1667600e+06   1.4221191e+01
   3.1671120e+06   1.3427734e+01
   3.1673220e+06   1.4648438e+01
   3.1676780e+06   1.4160156e+01
   3.1680520e+06   1.6662598e+01
   3.1685780e+06   1.3244629e+01
   3.1689520e+06   1.3916016e+01
   3.1694240e+06   1.3854980e+01
   3.1697180e+06   1.3854980e+01
   3.1704070e+06   1.4343262e+01
   3.1869740e+06   1.6296387e+01
   3.1870460e+06   1.3610840e+01
   3.1873690e+06   1.7211914e+01
   3.1878510e+06   1.4038086e+01
   3.1881440e+06   1.5441895e+01
   3.1887130e+06   1.5808105e+01
   3.1895570e+06   1.3671875e+01
   3.2029300e+06   1.6784668e+01
   3.2036910e+06   1.3305664e+01
   3.2041450e+06   1.7761230e+01
   3.2050420e+06   1.6723633e+01
   3.2347700e+06   1.4038086e+01
   3.2348350e+06   1.8127441e+01
   3.2349190e+06   1.7822266e+01
   3.2351740e+06   1.4343262e+01
   3.2354180e+06   1.4770508e+01
   3.2357210e+06   1.3305664e+01
   3.2358140e+06   1.3671875e+01
   3.2367920e+06   1.5869141e+01
   3.2371520e+06   1.5563965e+01
   3.2572980e+06   1.4465332e+01
   3.2573570e+06   1.3671875e+01
   3.2577200e+06   1.5502930e+01
   3.2578230e+06   1.6296387e+01
   3.2583900e+06   1.6601562e+01
   3.2588670e+06   1.4221191e+01
   3.2786320e+06   1.6174316e+01
   3.2787020e+06   1.3610840e+01
   3.2788300e+06   1.4099121e+01
   3.2791490e+06   1.9531250e+01
   3.2797360e+06   1.6906738e+01
   3.2995090e+06   1.5991211e+01
   3.2998750e+06   1.5319824e+01
   3.3002650e+06   1.5136719e+01
   3.3243330e+06   2.0080566e+01
   3.3243540e+06   1.3244629e+01
   3.3247920e+06   1.4587402e+01
   3.3249220e+06   1.4526367e+01
   3.3256440e+06   1.5686035e+01
   3.3263210e+06   1.4221191e+01
   3.3263710e+06   1.3916016e+01
   3.3420630e+06   1.5258789e+01
   3.3421470e+06   1.3610840e+01
   3.3425320e+06   1.5075684e+01
   3.3630400e+06   1.8371582e+01
   3.3636540e+06   1.3610840e+01
   3.3997440e+06   1.5319824e+01
   3.4234670e+06   1.3671875e+01
   3.4452370e+06   1.8920898e+01
   3.4621830e+06   2.0568848e+01
   3.4631010e+06   1.4831543e+01
   3.4824450e+06   1.4770508e+01
   3.4895480e+06   1.4221191e+01
   3.4907700e+06   1.4831543e+01
   3.5038260e+06   1.6845703e+01
   3.5057630e+06   1.6723633e+01
   3.5290900e+06   2.2155762e+01
   3.5577830e+06   1.6479492e+01
   3.5603900e+06   1.6479492e+01
   3.5857090e+06   1.6906738e+01
   3.5873100e+06   1.9104004e+01
   3.5896610e+06   1.6540527e+01
   3.6057970e+06   1.7272949e+01
   3.6059230e+06   1.4404297e+01
   3.6060050e+06   1.3549805e+01
   3.6062410e+06   1.4160156e+01
   3.6192270e+06   1.7089844e+01
   3.6200300e+06   1.6540527e+01
   3.6208120e+06   1.5686035e+01
   3.6403460e+06   1.6174316e+01
   3.6405770e+06   1.4038086e+01
   3.6415310e+06   1.3244629e+01
   3.6427180e+06   1.5380859e+01
   3.6619720e+06   1.4160156e+01
   3.6620160e+06   1.6235352e+01
   3.6659430e+06   1.4526367e+01
   3.6676280e+06   1.4465332e+01
   3.6769590e+06   1.9714355e+01
   3.6777750e+06   1.4038086e+01
   3.6947870e+06   1.3305664e+01
   3.6948670e+06   1.5197754e+01
   3.7064000e+06   1.4648438e+01
   3.7200020e+06   1.4953613e+01
   3.7388530e+06   1.6784668e+01
   3.7389500e+06   1.5014648e+01
   3.7601790e+06   1.4709473e+01
   3.7609370e+06   1.5441895e+01
   3.7804640e+06   1.4404297e+01
   3.7813680e+06   1.4160156e+01
   3.7834730e+06   1.7211914e+01
   3.7971930e+06   1.3732910e+01
   3.8156960e+06   1.7761230e+01
   3.8630210e+06   1.7883301e+01
   3.8634470e+06   1.3427734e+01
   3.9546080e+06   1.5563965e+01
   4.0054330e+06   1.9409180e+01
   4.0905570e+06   2.0446777e+01
   4.0946350e+06   2.0629883e+01
   4.0956310e+06   1.3610840e+01
   4.0956960e+06   1.3671875e+01
   4.1181340e+06   1.8493652e+01
   4.1477990e+06   1.9897461e+01
   4.1641560e+06   1.8066406e+01
   4.2180030e+06   1.4099121e+01
   4.2749230e+06   1.4282227e+01
   4.2780880e+06   1.6601562e+01
   4.3145050e+06   1.8249512e+01
   4.3154090e+06   1.4221191e+01
   4.3800660e+06   1.8676758e+01
   4.4107790e+06   1.4770508e+01
   4.4631000e+06   1.3549805e+01
   4.4790760e+06   1.5625000e+01
   4.5056800e+06   1.6235352e+01
   4.5341550e+06   1.4404297e+01
   4.6314470e+06   1.4648437e+01
   4.6504960e+06   1.4526367e+01
   4.6801880e+06   1.8066406e+01
   4.7938330e+06   1.4099121e+01
   4.9110280e+06   1.8127441e+01
   4.9110510e+06   1.3916016e+01
   4.9111180e+06   1.3366699e+01
   4.9111620e+06   1.5136719e+01
   4.9113550e+06   1.6174316e+01
   4.9368800e+06   1.8249512e+01
   4.9506450e+06   1.9409180e+01
   4.9510690e+06   1.4221191e+01
   4.9695730e+06   1.9042969e+01
   4.9698240e+06   1.6113281e+01
   4.9698810e+06   1.5625000e+01
   4.9699900e+06   1.4892578e+01
   5.0088670e+06   1.3427734e+01
   5.0451870e+06   2.0080566e+01
   5.0453790e+06   1.5075684e+01
   5.0454160e+06   1.5258789e+01
   5.0887210e+06   1.6662598e+01
   5.0887950e+06   1.3488770e+01
   5.0888870e+06   1.6296387e+01
   5.1032310e+06   1.3549805e+01
   5.1930590e+06   1.6845703e+01
   5.2504950e+06   1.3671875e+01
   5.2505260e+06   1.3488770e+01
   5.2505390e+06   1.5075684e+01
   5.2508680e+06   1.5258789e+01
   5.2509040e+06   1.3366699e+01
   5.2509210e+06   1.8615723e+01
   5.3162150e+06   1.7028809e+01
   5.3623340e+06   1.3610840e+01
   5.3925920e+06   1.5869141e+01
   5.4125160e+06   1.5930176e+01
   5.4128090e+06   1.4343262e+01
   5.4421490e+06   1.7333984e+01
   5.5238930e+06   1.3244629e+01
   5.5761230e+06   1.8310547e+01
   5.5769670e+06   1.4587402e+01
   5.5769780e+06   1.6113281e+01
   5.5771280e+06   1.3244629e+01
   5.5771780e+06   1.4099121e+01
   5.5773720e+06   1.3549805e+01
   5.5976100e+06   1.7517090e+01
   5.6621820e+06   1.5808105e+01
   5.6680050e+06   1.7211914e+01
   5.6682900e+06   1.6906738e+01
   5.6684540e+06   1.6540527e+01
   5.6842980e+06   1.8493652e+01
   5.6963960e+06   1.7395020e+01
   5.6970990e+06   1.8493652e+01
   5.7210720e+06   1.3488770e+01
   5.7246920e+06   1.9104004e+01
   5.7413710e+06   1.3610840e+01
   5.7821170e+06   2.2033691e+01
   5.7960440e+06   1.4282227e+01
   5.8071350e+06   1.7456055e+01
   5.8073500e+06   1.4282227e+01
   5.8074110e+06   1.4709473e+01
   5.8074480e+06   1.3732910e+01
   5.8364440e+06   1.7089844e+01
   5.8365450e+06   1.5625000e+01
   5.8527660e+06   1.8920898e+01
   5.8528390e+06   1.4953613e+01
   5.8734410e+06   1.4831543e+01
   5.8735220e+06   1.9714355e+01
   5.9014960e+06   1.4953613e+01
   5.9185060e+06   1.4282227e+01
   5.9211640e+06   1.7211914e+01
   5.9225640e+06   1.8615723e+01
   5.9385520e+06   1.7578125e+01
   5.9386590e+06   1.7211914e+01
   5.9387060e+06   1.8188477e+01
   5.9388020e+06   1.3366699e+01
   5.9392770e+06   1.9470215e+01
   5.9510250e+06   1.4404297e+01
   5.9667130e+06   1.4770508e+01
   5.9668100e+06   1.8371582e+01
   5.9669410e+06   1.4648438e+01
   5.9670090e+06   1.4526367e+01
   5.9671510e+06   1.4404297e+01
   5.9803830e+06   1.5014648e+01
   5.9805020e+06   1.3854980e+01
   5.9811490e+06   1.5808105e+01
   5.9850570e+06   1.5563965e+01
   5.9881330e+06   1.5136719e+01
   5.9883010e+06   1.3977051e+01
   5.9914610e+06   1.6113281e+01
   5.9915590e+06   1.4404297e+01
   5.9917550e+06   1.3671875e+01
   5.9973970e+06   1.4404297e+01
   5.9975120e+06   1.5625000e+01
   5.9982510e+06   1.8371582e+01
   5.9989650e+06   1.5075684e+01
