   5.9990000e+06   0.0000000e+00
   1.9516000e+04   2.0080566e+01
   1.9648000e+04   1.5319824e+01
   2.0830000e+04   1.8066406e+01
   2.0965000e+04   1.5625000e+01
   3.7896000e+04   2.1606445e+01
   3.8022000e+04   1.3488770e+01
   4.8253000e+04   2.3010254e+01
   4.8389000e+04   1.4709473e+01
   5.9632000e+04   2.0690918e+01
   5.9820000e+04   1.5930176e+01
   6.0615000e+04   2.1728516e+01
   6.0729000e+04   1.3977051e+01
   6.9253000e+04   2.2399902e+01
   6.9383000e+04   1.4404297e+01
   6.9475000e+04   1.4953613e+01
   8.1460000e+04   2.1728516e+01
   9.2988000e+04   2.2949219e+01
   9.3072000e+04   1.4526367e+01
   9.3196000e+04   1.3671875e+01
   1.0562200e+05   1.9409180e+01
   1.0572900e+05   1.8920898e+01
   1.1473700e+05   2.0690918e+01
   1.1482000e+05   1.4343262e+01
   1.2787600e+05   2.0568848e+01
   1.4246100e+05   2.2583008e+01
   1.4258200e+05   1.5930176e+01
   1.5224900e+05   1.3854980e+01
   1.5229500e+05   1.9836426e+01
   1.5242200e+05   1.6052246e+01
   1.6308200e+05   1.8676758e+01
   1.6327300e+05   1.9958496e+01
   1.7071700e+05   1.7639160e+01
   1.7096500e+05   1.6113281e+01
   1.8118200e+05   1.8493652e+01
   1.8128700e+05   1.6601562e+01
   1.8143700e+05   1.4160156e+01
   1.9689100e+05   1.9348145e+01
   1.9697500e+05   1.7028809e+01
   2.0577100e+05   2.1362305e+01
   2.1934600e+05   2.2827148e+01
   2.1947100e+05   1.7150879e+01
   2.3274000e+05   1.6845703e+01
   2.3295000e+05   1.7761230e+01
   2.5212400e+05   1.7089844e+01
   2.5221000e+05   1.4953613e+01
   2.6571000e+05   1.9897461e+01
   2.8429300e+05   1.6235352e+01
   2.9464000e+05   1.8798828e+01
   2.9472700e+05   1.3549805e+01
   3.1281300e+05   1.8005371e+01
   3.1292100e+05   1.6723633e+01
   3.2936800e+05   1.9958496e+01
   3.2947300e+05   1.5930176e+01
   3.2957000e+05   1.5563965e+01
   3.4442700e+05   2.0080566e+01
   3.5173900e+05   1.8798828e+01
   3.5187700e+05   1.6540527e+01
   3.5203700e+05   1.7333984e+01
   3.6290100e+05   1.9287109e+01
   3.6304300e+05   1.5563965e+01
   3.7830900e+05   1.9836426e+01
   3.7850200e+05   1.5258789e+01
   3.8922200e+05   2.4963379e+01
   3.8930200e+05   1.8615723e+01
   3.8942900e+05   1.7822266e+01
   4.0595300e+05   2.0507812e+01
   4.0604000e+05   1.7822266e+01
   4.1682700e+05   1.8188477e+01
   4.1701200e+05   1.5563965e+01
   4.3419200e+05   2.1179199e+01
   4.3430500e+05   1.4221191e+01
   4.4626600e+05   2.3254395e+01
   4.4642700e+05   1.8066406e+01
   4.5796800e+05   1.8737793e+01
   4.5807700e+05   1.4953613e+01
   4.7163200e+05   1.5319824e+01
   4.7171600e+05   1.8371582e+01
   4.7189500e+05   1.6601562e+01
   4.8753200e+05   2.2155762e+01
   4.8770800e+05   1.6540527e+01
   4.9762400e+05   1.9348145e+01
   4.9771700e+05   1.6967773e+01
   5.2497600e+05   1.9958496e+01
   5.2511100e+05   1.8066406e+01
   5.2526300e+05   1.5136719e+01
   5.5026600e+05   2.2094727e+01
   5.5039200e+05   1.7089844e+01
   5.6563300e+05   1.9226074e+01
   5.8022100e+05   1.4526367e+01
   6.0647600e+05   2.4414062e+01
   6.0658500e+05   1.7333984e+01
   6.2387700e+05   2.0385742e+01
   6.3672700e+05   2.1972656e+01
   6.3683100e+05   1.5502930e+01
   6.6094600e+05   2.3498535e+01
   6.6110100e+05   1.6662598e+01
   6.7094800e+05   1.4709473e+01
   6.7108000e+05   2.0324707e+01
   6.7126200e+05   2.0812988e+01
   6.8013800e+05   1.9958496e+01
   6.9940400e+05   2.2338867e+01
   6.9949300e+05   1.3854980e+01
   7.2016200e+05   1.7089844e+01
   7.4625300e+05   1.6052246e+01
   7.7582600e+05   2.1728516e+01
   7.7594100e+05   2.2033691e+01
   8.1121300e+05   2.0935059e+01
   8.1130200e+05   1.9348145e+01
   8.2791500e+05   1.6113281e+01
   8.2808200e+05   1.9470215e+01
   8.4993100e+05   1.7883301e+01
   8.5001400e+05   1.8432617e+01
   8.7593800e+05   2.1301270e+01
   8.7602600e+05   1.5930176e+01
   9.0066600e+05   1.7700195e+01
   9.0083900e+05   2.0874023e+01
   9.1286100e+05   1.8798828e+01
   9.1302600e+05   2.0324707e+01
   9.3038600e+05   1.7272949e+01
   9.3049800e+05   1.6235352e+01
   9.4358800e+05   1.3427734e+01
   9.5203700e+05   2.1179199e+01
   9.5215700e+05   1.8188477e+01
   9.7332600e+05   2.0263672e+01
   9.7343200e+05   2.0629883e+01
   9.8437000e+05   2.1057129e+01
   9.9728000e+05   1.8249512e+01
   9.9750100e+05   1.7395020e+01
   1.0109470e+06   1.5075684e+01
   1.0499740e+06   2.2216797e+01
   1.0501520e+06   1.6784668e+01
   1.0682160e+06   1.9775391e+01
   1.0684200e+06   1.7700195e+01
   1.0799100e+06   2.3559570e+01
   1.0968050e+06   1.9897461e+01
   1.1167610e+06   1.8310547e+01
   1.1168970e+06   2.1362305e+01
   1.1427770e+06   1.4404297e+01
   1.1428850e+06   2.3864746e+01
   1.1429890e+06   1.6235352e+01
   1.1626800e+06   2.0080566e+01
   1.1760750e+06   1.8188477e+01
   1.1927970e+06   1.9714355e+01
   1.1929530e+06   1.8920898e+01
   1.2055330e+06   2.1728516e+01
   1.2294500e+06   2.2521973e+01
   1.2295890e+06   2.2155762e+01
   1.2490660e+06   1.6845703e+01
   1.2695740e+06   2.0446777e+01
   1.2698390e+06   1.8127441e+01
   1.2949580e+06   2.0629883e+01
   1.2951240e+06   1.7944336e+01
   1.2952510e+06   1.9348145e+01
   1.3378910e+06   2.1240234e+01
   1.3380340e+06   1.5258789e+01
   1.3705110e+06   1.8920898e+01
   1.3706580e+06   1.8432617e+01
   1.3955310e+06   2.0141602e+01
   1.3957950e+06   1.9409180e+01
   1.4552230e+06   1.3488770e+01
   1.4695810e+06   1.4160156e+01
   1.4696860e+06   2.3376465e+01
   1.4939530e+06   2.3254395e+01
   1.5061040e+06   2.2277832e+01
   1.5201000e+06   2.1118164e+01
   1.5323770e+06   2.2827148e+01
   1.5891910e+06   1.4221191e+01
   1.5893070e+06   2.3498535e+01
   1.5895720e+06   1.8188477e+01
   1.6173570e+06   1.4343262e+01
   1.6175210e+06   1.9592285e+01
   1.6711480e+06   1.3610840e+01
   1.6711920e+06   1.8371582e+01
   1.6713630e+06   1.3854980e+01
   1.7031080e+06   2.3254395e+01
   1.7159490e+06   2.0690918e+01
   1.7329300e+06   1.8859863e+01
   1.7331610e+06   1.8676758e+01
   1.7533530e+06   1.9531250e+01
   1.7821740e+06   1.9104004e+01
   1.8037770e+06   2.4902344e+01
   1.8040600e+06   1.5686035e+01
   1.8301090e+06   2.1240234e+01
   1.8608470e+06   1.4038086e+01
   1.8612170e+06   2.1545410e+01
   1.8796370e+06   1.8554688e+01
   1.8797880e+06   1.9470215e+01
   1.8946840e+06   1.9592285e+01
   1.8948520e+06   1.3793945e+01
   1.9369120e+06   1.6906738e+01
   1.9558760e+06   2.2155762e+01
   1.9559980e+06   1.5625000e+01
   1.9783180e+06   1.9470215e+01
   1.9783890e+06   1.3244629e+01
   1.9784760e+06   2.0080566e+01
   1.9899300e+06   1.3427734e+01
   1.9977600e+06   2.0690918e+01
   2.0200130e+06   1.8615723e+01
   2.0413640e+06   2.3620605e+01
   2.0414900e+06   2.0629883e+01
   2.0582150e+06   2.2460938e+01
   2.0584960e+06   1.5747070e+01
   2.0933820e+06   1.3671875e+01
   2.1074150e+06   2.0202637e+01
   2.1075510e+06   1.8127441e+01
   2.1077190e+06   1.9409180e+01
   2.1302600e+06   2.0324707e+01
   2.1304060e+06   1.4160156e+01
   2.1452190e+06   2.0935059e+01
   2.1825250e+06   2.2155762e+01
   2.1826540e+06   2.1667480e+01
   2.2053930e+06   2.1545410e+01
   2.2056230e+06   1.7578125e+01
   2.2248010e+06   1.7761230e+01
   2.2454140e+06   2.3803711e+01
   2.2455580e+06   2.3437500e+01
   2.2597630e+06   1.8249512e+01
   2.2694180e+06   1.3916016e+01
   2.2695440e+06   2.1789551e+01
   2.2853120e+06   1.8981934e+01
   2.2971800e+06   1.8615723e+01
   2.3111060e+06   1.8920898e+01
   2.3248630e+06   2.2949219e+01
   2.3250080e+06   1.7822266e+01
   2.3441420e+06   2.0385742e+01
   2.3443680e+06   1.7272949e+01
   2.3564820e+06   2.0141602e+01
   2.4117640e+06   1.5380859e+01
   2.4118070e+06   1.9165039e+01
   2.4119240e+06   1.4953613e+01
   2.4371430e+06   2.2888184e+01
   2.4372260e+06   1.7944336e+01
   2.4632480e+06   2.1545410e+01
   2.4634390e+06   2.2888184e+01
   2.4787150e+06   2.0263672e+01
   2.4788210e+06   1.6906738e+01
   2.4907230e+06   1.6662598e+01
   2.4908490e+06   1.6601562e+01
   2.4910340e+06   1.4099121e+01
   2.5156480e+06   2.1057129e+01
   2.5157350e+06   1.7944336e+01
   2.5494300e+06   2.1179199e+01
   2.5497880e+06   1.8920898e+01
   2.5655710e+06   2.1118164e+01
   2.5656810e+06   1.6418457e+01
   2.5852640e+06   1.6906738e+01
   2.5854700e+06   1.9287109e+01
   2.6064030e+06   2.1179199e+01
   2.6067550e+06   1.9042969e+01
   2.6221910e+06   1.9531250e+01
   2.6223430e+06   1.3244629e+01
   2.6224070e+06   1.7272949e+01
   2.6365690e+06   2.1423340e+01
   2.6366820e+06   1.9409180e+01
   2.6481560e+06   1.8310547e+01
   2.6483240e+06   2.0141602e+01
   2.6634760e+06   2.4719238e+01
   2.6637520e+06   2.1057129e+01
   2.6735910e+06   1.9226074e+01
   2.6737180e+06   1.4709473e+01
   2.6856140e+06   2.2888184e+01
   2.7102840e+06   2.1911621e+01
   2.7104860e+06   2.0935059e+01
   2.7248920e+06   1.8859863e+01
   2.7250560e+06   1.6723633e+01
   2.7403360e+06   2.0690918e+01
   2.7506500e+06   1.7822266e+01
   2.7507820e+06   1.6479492e+01
   2.7653020e+06   2.3071289e+01
   2.7788150e+06   2.1423340e+01
   2.7789570e+06   1.8127441e+01
   2.8199750e+06   2.4291992e+01
   2.8201590e+06   1.5136719e+01
   2.8279200e+06   2.1728516e+01
   2.8365960e+06   2.4902344e+01
   2.8367090e+06   1.7700195e+01
   2.8368660e+06   1.4587402e+01
   2.8457180e+06   2.0263672e+01
   2.8458060e+06   1.3793945e+01
   2.8520940e+06   2.1118164e+01
   2.8523050e+06   1.8310547e+01
   2.8612460e+06   2.2460938e+01
   2.8613260e+06   1.6052246e+01
   2.8724310e+06   1.3671875e+01
   2.8725610e+06   2.2094727e+01
   2.8902920e+06   1.8615723e+01
   2.8997320e+06   1.9897461e+01
   2.9172580e+06   1.8798828e+01
   2.9234510e+06   2.3864746e+01
   2.9235480e+06   1.3732910e+01
   2.9337890e+06   1.9653320e+01
   2.9630930e+06   1.9226074e+01
   3.0045530e+06   1.9836426e+01
   3.0200990e+06   2.1362305e+01
   3.0337420e+06   2.2094727e+01
   3.0438010e+06   2.3193359e+01
   3.0505220e+06   1.3305664e+01
   3.0698200e+06   1.3488770e+01
   3.0761290e+06   1.3671875e+01
   3.0763630e+06   1.8676758e+01
   3.1060350e+06   2.0507812e+01
   3.1325220e+06   1.8676758e+01
   3.1326210e+06   2.4841309e+01
   3.1465990e+06   1.5319824e+01
   3.1668200e+06   2.0080566e+01
   3.1871770e+06   1.7517090e+01
   3.2029370e+06   1.3366699e+01
   3.2031320e+06   2.1606445e+01
   3.2350050e+06   2.4536133e+01
   3.2575170e+06   2.2338867e+01
   3.3245840e+06   1.9897461e+01
   3.4236430e+06   1.8127441e+01
   3.4237570e+06   1.9714355e+01
   3.4908550e+06   2.4536133e+01
   3.4910000e+06   1.7089844e+01
   3.5039920e+06   1.7456055e+01
   3.5041390e+06   1.5991211e+01
   3.5291890e+06   2.2827148e+01
   3.5292820e+06   1.7150879e+01
   3.5294110e+06   1.4831543e+01
   3.5579300e+06   2.0935059e+01
   3.5581000e+06   1.4282227e+01
   3.5858900e+06   2.1057129e+01
   3.5862280e+06   1.9287109e+01
   3.5864560e+06   1.9348145e+01
   3.6058530e+06   1.8005371e+01
   3.6059380e+06   1.7150879e+01
   3.6404050e+06   1.3427734e+01
   3.6405110e+06   1.5747070e+01
   3.6621540e+06   1.6601562e+01
   3.6622470e+06   1.3977051e+01
   3.6770460e+06   2.2521973e+01
   3.6771630e+06   1.9226074e+01
   3.6949090e+06   1.3427734e+01
   3.6949210e+06   1.9531250e+01
   3.6950070e+06   1.6601562e+01
   3.7065100e+06   2.4719238e+01
   3.7066300e+06   1.6113281e+01
   3.7201550e+06   1.8981934e+01
   3.7204030e+06   1.7944336e+01
   3.7389530e+06   2.3803711e+01
   3.7390500e+06   1.5625000e+01
   3.7392070e+06   1.7700195e+01
   3.7604380e+06   2.3132324e+01
   3.7805120e+06   1.3305664e+01
   3.7806350e+06   1.8676758e+01
   3.7807280e+06   1.3916016e+01
   3.7808680e+06   1.5258789e+01
   3.7972710e+06   2.1362305e+01
   3.7973800e+06   1.8005371e+01
   3.7974940e+06   1.3977051e+01
   3.8159260e+06   2.3498535e+01
   3.8160370e+06   1.4099121e+01
   3.8631760e+06   2.0019531e+01
   3.8632440e+06   1.5869141e+01
   3.8633630e+06   1.6662598e+01
   3.9399290e+06   1.8981934e+01
   3.9400010e+06   1.5075684e+01
   4.0057230e+06   1.9348145e+01
   4.0057890e+06   1.5686035e+01
   4.0060380e+06   1.3610840e+01
   4.0959280e+06   2.2644043e+01
   4.1630450e+06   1.8798828e+01
   4.1631890e+06   1.3305664e+01
   4.1633450e+06   1.3244629e+01
   4.2588040e+06   2.0751953e+01
   4.2589770e+06   1.6723633e+01
   4.2591370e+06   1.3366699e+01
   4.3159800e+06   2.0629883e+01
   4.3161310e+06   1.6052246e+01
   4.3791270e+06   1.7639160e+01
   4.3796760e+06   1.7089844e+01
   4.4089380e+06   1.8798828e+01
   4.4090850e+06   1.9042969e+01
   4.4092420e+06   1.5502930e+01
   4.4623250e+06   1.9775391e+01
   4.4624270e+06   1.5075684e+01
   4.5051510e+06   1.9775391e+01
   4.5052620e+06   1.7761230e+01
   4.5054510e+06   1.8859863e+01
   4.5336890e+06   2.1728516e+01
   4.5689900e+06   2.0324707e+01
   4.5691540e+06   1.6174316e+01
   4.5693030e+06   1.3427734e+01
   4.5694560e+06   1.5808105e+01
   4.5888850e+06   2.1545410e+01
   4.5889870e+06   1.8798828e+01
   4.5891390e+06   1.5258789e+01
   4.6309890e+06   1.8798828e+01
   4.6311230e+06   1.9775391e+01
   4.6312860e+06   2.0629883e+01
   4.6493190e+06   1.6967773e+01
   4.6494810e+06   1.7517090e+01
   4.6496810e+06   1.8554687e+01
   4.6807260e+06   1.8737793e+01
   4.6808990e+06   1.6113281e+01
   4.6996250e+06   2.1789551e+01
   4.6997570e+06   1.3549805e+01
   4.7000190e+06   1.8493652e+01
   4.7372910e+06   2.2399902e+01
   4.7374840e+06   1.3854980e+01
   4.7556340e+06   2.2338867e+01
   4.7557580e+06   1.4587402e+01
   4.7934520e+06   2.4902344e+01
   4.7936000e+06   1.5563965e+01
   4.7939030e+06   1.7395020e+01
   4.8112670e+06   2.0568848e+01
   4.8113830e+06   1.4099121e+01
   4.8116720e+06   1.9958496e+01
   4.8335000e+06   2.0141602e+01
   4.8336080e+06   1.4953613e+01
   4.8728910e+06   2.0996094e+01
   4.8730010e+06   1.3488770e+01
   4.8733200e+06   1.8676758e+01
   4.8875490e+06   2.1850586e+01
   4.8876630e+06   1.6967773e+01
   4.9111130e+06   1.3977051e+01
   4.9112200e+06   1.7395020e+01
   4.9113290e+06   1.4587402e+01
   4.9115190e+06   1.6906738e+01
   4.9353870e+06   1.8371582e+01
   4.9697030e+06   2.1606445e+01
   4.9698270e+06   2.1789551e+01
   4.9932460e+06   2.0263672e+01
   5.0453210e+06   1.8554688e+01
   5.0454060e+06   1.5930176e+01
   5.0455040e+06   1.3916016e+01
   5.0885120e+06   1.6296387e+01
   5.0886170e+06   1.6296387e+01
   5.0887420e+06   1.5258789e+01
   5.1032290e+06   2.7282715e+01
   5.1033290e+06   1.9104004e+01
   5.1610470e+06   2.0690918e+01
   5.1612020e+06   1.8859863e+01
   5.1613770e+06   1.4404297e+01
   5.1615930e+06   1.8005371e+01
   5.1934680e+06   2.1057129e+01
   5.1937840e+06   1.4770508e+01
   5.2109310e+06   2.1850586e+01
   5.2110480e+06   1.9958496e+01
   5.2112530e+06   1.4099121e+01
   5.2340020e+06   2.0263672e+01
   5.2341520e+06   1.5686035e+01
   5.2343510e+06   1.7456055e+01
   5.2507440e+06   1.4648437e+01
   5.2508550e+06   1.8554688e+01
   5.2790960e+06   2.3376465e+01
   5.2792260e+06   1.8554687e+01
   5.2794110e+06   1.5258789e+01
   5.3167470e+06   1.9348145e+01
   5.3169280e+06   1.7700195e+01
   5.3171010e+06   1.7456055e+01
   5.3309950e+06   1.7456055e+01
   5.3311660e+06   1.4831543e+01
   5.3313650e+06   1.4587402e+01
   5.3618360e+06   1.8493652e+01
   5.3619300e+06   1.9348145e+01
   5.3622770e+06   1.7211914e+01
   5.3812720e+06   2.0507812e+01
   5.3814050e+06   1.6601562e+01
   5.3815560e+06   1.6601562e+01
   5.3891400e+06   1.7883301e+01
   5.3892670e+06   1.4770508e+01
   5.4122500e+06   2.0324707e+01
   5.4123450e+06   2.0385742e+01
   5.4124560e+06   1.6967773e+01
   5.4286340e+06   2.2277832e+01
   5.4427110e+06   1.6296387e+01
   5.4430070e+06   1.8066406e+01
   5.4951640e+06   2.3071289e+01
   5.4952700e+06   1.6540527e+01
   5.4954550e+06   1.5686035e+01
   5.4955940e+06   1.3244629e+01
   5.5367010e+06   1.6235352e+01
   5.5369170e+06   1.8249512e+01
   5.5370680e+06   1.4526367e+01
   5.5596820e+06   1.8676758e+01
   5.5598290e+06   1.4709473e+01
   5.5742770e+06   2.1545410e+01
   5.5744110e+06   1.4465332e+01
   5.5762780e+06   1.8737793e+01
   5.5770950e+06   2.4169922e+01
   5.5774240e+06   2.0996094e+01
   5.6361310e+06   1.8676758e+01
   5.6362660e+06   1.8249512e+01
   5.6681850e+06   1.9226074e+01
   5.6682630e+06   1.4221191e+01
   5.6683620e+06   1.3305664e+01
   5.7250930e+06   1.8066406e+01
   5.7253060e+06   1.9287109e+01
   5.7402120e+06   1.9836426e+01
   5.7416220e+06   1.6418457e+01
   5.7824260e+06   1.7761230e+01
   5.7825530e+06   1.5930176e+01
   5.7827820e+06   1.9348145e+01
   5.8072840e+06   1.7700195e+01
   5.8073850e+06   1.7822266e+01
   5.8074110e+06   1.3305664e+01
   5.8333150e+06   2.0507812e+01
   5.8334660e+06   1.6967773e+01
   5.8337070e+06   1.8249512e+01
   5.8365700e+06   1.6174316e+01
   5.8366910e+06   1.3854980e+01
   5.8530260e+06   1.9592285e+01
   5.8908920e+06   1.4770508e+01
   5.9014320e+06   2.0080566e+01
   5.9015370e+06   1.7944336e+01
   5.9077500e+06   2.2644043e+01
   5.9386350e+06   2.1240234e+01
   5.9387470e+06   1.6845703e+01
   5.9669970e+06   2.3681641e+01
   5.9671080e+06   1.7456055e+01
   5.9916760e+06   1.9470215e+01
   5.9917880e+06   1.7578125e+01
   5.9919130e+06   1.4709473e+01
