   5.9990000e+06   0.0000000e+00
   2.1004000e+04   1.7395020e+01
   3.7939000e+04   1.7517090e+01
   4.8324000e+04   1.5380859e+01
   6.0663000e+04   1.4892578e+01
   6.0702000e+04   1.4404297e+01
   6.9355000e+04   1.5014648e+01
   6.9429000e+04   1.3427734e+01
   6.9491000e+04   1.4831543e+01
   6.9634000e+04   1.4831543e+01
   8.1598000e+04   1.4587402e+01
   8.1639000e+04   1.3671875e+01
   9.3068000e+04   1.6052246e+01
   1.1479000e+05   1.5808105e+01
   1.2802100e+05   1.4709473e+01
   1.2808600e+05   1.3610840e+01
   1.4251300e+05   1.3549805e+01
   1.4254800e+05   1.3671875e+01
   1.4260200e+05   1.5441895e+01
   1.5236900e+05   1.3549805e+01
   1.6328900e+05   1.3366699e+01
   1.6331700e+05   1.7761230e+01
   1.7087000e+05   1.5197754e+01
   1.8130700e+05   1.3916016e+01
   2.0579800e+05   1.4587402e+01
   2.0607200e+05   1.3549805e+01
   2.1946000e+05   1.4099121e+01
   2.1948100e+05   1.4099121e+01
   2.3282000e+05   1.3549805e+01
   2.3298800e+05   1.3977051e+01
   2.9469600e+05   1.8798828e+01
   2.9482400e+05   1.4038086e+01
   2.9492900e+05   1.4038086e+01
   3.1283900e+05   1.4404297e+01
   3.1294400e+05   1.3305664e+01
   3.2943700e+05   1.7456055e+01
   3.2959000e+05   1.3366699e+01
   3.2972000e+05   1.5563965e+01
   3.5169500e+05   1.4892578e+01
   3.8936900e+05   1.4648437e+01
   3.8951900e+05   1.5136719e+01
   4.0599500e+05   1.8920898e+01
   4.0611000e+05   1.3610840e+01
   4.0612800e+05   1.5441895e+01
   4.1692800e+05   1.4465332e+01
   4.7174900e+05   1.3671875e+01
   4.7178200e+05   1.3488770e+01
   4.9766900e+05   1.4648438e+01
   4.9776700e+05   1.4770508e+01
   5.2502900e+05   1.4404297e+01
   5.5033800e+05   1.6357422e+01
   5.6560800e+05   1.3366699e+01
   6.0657200e+05   1.5686035e+01
   6.0664300e+05   1.5625000e+01
   6.0676800e+05   1.3610840e+01
   6.2437100e+05   1.4343262e+01
   6.3678100e+05   1.3732910e+01
   6.3712600e+05   1.4038086e+01
   6.6110100e+05   1.3793945e+01
   6.7123800e+05   1.5319824e+01
   6.9941200e+05   1.7517090e+01
   6.9949900e+05   1.3610840e+01
   6.9959700e+05   1.4038086e+01
   7.2035100e+05   1.3366699e+01
   7.3501300e+05   1.3793945e+01
   7.3523100e+05   1.5747070e+01
   7.4626200e+05   1.4770508e+01
   7.7585200e+05   1.9409180e+01
   7.7597800e+05   1.3488770e+01
   7.7599500e+05   1.6601562e+01
   8.2807000e+05   1.4343262e+01
   8.2830400e+05   1.5136719e+01
   8.4992800e+05   1.5014648e+01
   8.4996600e+05   1.3916016e+01
   8.5006200e+05   1.3916016e+01
   8.5010400e+05   1.4038086e+01
   8.5012600e+05   1.3427734e+01
   8.7610500e+05   1.5441895e+01
   8.8843400e+05   1.4709473e+01
   9.0069500e+05   1.4465332e+01
   9.0080000e+05   1.5258789e+01
   9.0091600e+05   1.6174316e+01
   9.3056200e+05   1.7456055e+01
   9.5207800e+05   1.4587402e+01
   9.5235100e+05   1.3305664e+01
   9.7342700e+05   1.5808105e+01
   9.9727200e+05   1.3488770e+01
   1.0110030e+06   1.3366699e+01
   1.0111030e+06   1.3610840e+01
   1.0343060e+06   1.5686035e+01
   1.0499780e+06   1.4465332e+01
   1.0499950e+06   1.5380859e+01
   1.0682270e+06   1.5441895e+01
   1.0683440e+06   1.3916016e+01
   1.0967280e+06   2.0690918e+01
   1.0968080e+06   1.5380859e+01
   1.1759480e+06   1.4526367e+01
   1.1761320e+06   1.6113281e+01
   1.1928060e+06   1.3671875e+01
   1.1929180e+06   1.3916016e+01
   1.1929850e+06   1.3488770e+01
   1.1930310e+06   1.5563965e+01
   1.2058760e+06   1.5930176e+01
   1.2295260e+06   1.4099121e+01
   1.2296740e+06   1.3366699e+01
   1.2490180e+06   1.3427734e+01
   1.2696640e+06   1.3854980e+01
   1.2698040e+06   1.7456055e+01
   1.2950400e+06   1.5136719e+01
   1.2950620e+06   1.3793945e+01
   1.2951910e+06   1.4160156e+01
   1.3088170e+06   1.3610840e+01
   1.3089520e+06   1.3916016e+01
   1.3090910e+06   1.3305664e+01
   1.3379790e+06   1.4343262e+01
   1.3380770e+06   1.5930176e+01
   1.3705840e+06   1.4343262e+01
   1.3706860e+06   1.4587402e+01
   1.3956230e+06   1.4465332e+01
   1.3956500e+06   1.4343262e+01
   1.4128020e+06   1.4953613e+01
   1.4324270e+06   1.4465332e+01
   1.4699130e+06   1.3671875e+01
   1.4940220e+06   1.7028809e+01
   1.4941260e+06   1.6479492e+01
   1.5062050e+06   1.5930176e+01
   1.5062420e+06   1.4038086e+01
   1.5063760e+06   1.6296387e+01
   1.5325600e+06   1.5136719e+01
   1.5328680e+06   1.3671875e+01
   1.5483580e+06   1.3671875e+01
   1.5483950e+06   1.4526367e+01
   1.5711140e+06   1.4160156e+01
   1.5893800e+06   1.5258789e+01
   1.5894360e+06   1.5930176e+01
   1.6019610e+06   1.4282227e+01
   1.6021710e+06   1.3610840e+01
   1.6023240e+06   1.4099121e+01
   1.6174630e+06   1.4465332e+01
   1.6175730e+06   1.4099121e+01
   1.6299050e+06   1.5441895e+01
   1.6300780e+06   1.3793945e+01
   1.6713050e+06   1.6174316e+01
   1.6841620e+06   1.4526367e+01
   1.7031770e+06   1.5014648e+01
   1.7033020e+06   1.3366699e+01
   1.7269540e+06   1.3549805e+01
   1.7331780e+06   1.3793945e+01
   1.7531790e+06   1.3488770e+01
   1.7533620e+06   1.4892578e+01
   1.7535440e+06   1.3793945e+01
   1.7820160e+06   1.3549805e+01
   1.7821270e+06   2.6489258e+01
   1.7821930e+06   1.4221191e+01
   1.7822550e+06   1.4404297e+01
   1.8038190e+06   1.4343262e+01
   1.8038380e+06   1.4038086e+01
   1.8039690e+06   1.3427734e+01
   1.8301650e+06   1.3427734e+01
   1.8302690e+06   1.4648438e+01
   1.8453050e+06   1.4282227e+01
   1.8612900e+06   1.4831543e+01
   1.8797080e+06   1.5808105e+01
   1.8797850e+06   1.3366699e+01
   1.8947960e+06   1.4587402e+01
   1.8948920e+06   1.7639160e+01
   1.9154120e+06   1.3977051e+01
   1.9154860e+06   1.4465332e+01
   1.9156020e+06   1.3366699e+01
   1.9156540e+06   1.3549805e+01
   1.9370910e+06   1.4404297e+01
   1.9371660e+06   1.3427734e+01
   1.9558860e+06   1.4648438e+01
   1.9559270e+06   1.3854980e+01
   1.9785670e+06   1.4343262e+01
   1.9978230e+06   1.6906738e+01
   1.9979610e+06   1.3977051e+01
   1.9980950e+06   1.4282227e+01
   2.0199460e+06   1.8920898e+01
   2.0202480e+06   1.3793945e+01
   2.0413970e+06   1.4221191e+01
   2.0584200e+06   1.5991211e+01
   2.0584750e+06   1.3977051e+01
   2.0702940e+06   1.4038086e+01
   2.0705480e+06   1.4587402e+01
   2.1075300e+06   1.5380859e+01
   2.1076730e+06   1.3916016e+01
   2.1302850e+06   1.6052246e+01
   2.1568450e+06   1.3549805e+01
   2.1574890e+06   1.3305664e+01
   2.1826030e+06   1.6723633e+01
   2.2054620e+06   1.3732910e+01
   2.2056040e+06   1.5563965e+01
   2.2056890e+06   1.4160156e+01
   2.2168780e+06   1.3732910e+01
   2.2248720e+06   1.7028809e+01
   2.2355400e+06   1.4709473e+01
   2.2454970e+06   1.7578125e+01
   2.2455770e+06   1.6723633e+01
   2.2457310e+06   1.3427734e+01
   2.2696440e+06   1.5380859e+01
   2.2698800e+06   1.5869141e+01
   2.2972220e+06   1.4160156e+01
   2.2973150e+06   1.3549805e+01
   2.3111730e+06   1.3793945e+01
   2.3249380e+06   1.7761230e+01
   2.3441590e+06   1.3427734e+01
   2.3442420e+06   1.4343262e+01
   2.3444100e+06   1.3732910e+01
   2.3565720e+06   1.3793945e+01
   2.3567080e+06   1.3732910e+01
   2.4118770e+06   1.4709473e+01
   2.4119520e+06   1.4770508e+01
   2.4120050e+06   1.4282227e+01
   2.4120750e+06   1.4160156e+01
   2.4372210e+06   1.6906738e+01
   2.4373370e+06   1.3977051e+01
   2.4374570e+06   1.5197754e+01
   2.4635800e+06   1.4831543e+01
   2.4908190e+06   1.5441895e+01
   2.5156870e+06   1.6418457e+01
   2.5160850e+06   1.3366699e+01
   2.5494800e+06   1.4160156e+01
   2.5495680e+06   1.3610840e+01
   2.5496130e+06   1.6296387e+01
   2.5853870e+06   1.3366699e+01
   2.6390300e+06   1.5014648e+01
   2.6482130e+06   1.3427734e+01
   2.6635990e+06   1.3549805e+01
   2.6636110e+06   1.5197754e+01
   2.6739710e+06   1.3427734e+01
   2.7103320e+06   1.9348145e+01
   2.7103470e+06   1.4282227e+01
   2.7104460e+06   1.4160156e+01
   2.7104710e+06   1.3366699e+01
   2.7105540e+06   1.3732910e+01
   2.7405250e+06   1.5136719e+01
   2.7506990e+06   1.3793945e+01
   2.7508920e+06   1.3916016e+01
   2.7654480e+06   1.3671875e+01
   2.7655230e+06   1.3977051e+01
   2.7788450e+06   1.6540527e+01
   2.7789830e+06   1.3793945e+01
   2.7913650e+06   1.3610840e+01
   2.7978320e+06   1.3793945e+01
   2.8200300e+06   1.5136719e+01
   2.8200410e+06   1.6662598e+01
   2.8200620e+06   1.3610840e+01
   2.8279430e+06   1.8676758e+01
   2.8366400e+06   1.3793945e+01
   2.8367490e+06   1.3305664e+01
   2.8522690e+06   1.4099121e+01
   2.8611420e+06   1.3977051e+01
   2.8612150e+06   1.5014648e+01
   2.8612360e+06   1.5441895e+01
   2.8841570e+06   1.4587402e+01
   2.8842760e+06   1.3671875e+01
   2.8901360e+06   1.3854980e+01
   2.8902760e+06   1.3977051e+01
   2.8986040e+06   1.3732910e+01
   2.8996140e+06   1.3305664e+01
   2.8996520e+06   1.3671875e+01
   2.8996630e+06   1.6601562e+01
   2.9048040e+06   1.5136719e+01
   2.9048650e+06   1.3916016e+01
   2.9171890e+06   1.5380859e+01
   2.9234010e+06   1.7150879e+01
   2.9240500e+06   1.3610840e+01
   2.9336720e+06   1.4221191e+01
   2.9337090e+06   1.3977051e+01
   2.9461960e+06   1.3610840e+01
   2.9538580e+06   1.6967773e+01
   2.9629310e+06   1.8554688e+01
   2.9771160e+06   1.3916016e+01
   2.9772010e+06   1.3793945e+01
   2.9780800e+06   1.4160156e+01
   2.9850900e+06   1.8188477e+01
   2.9887390e+06   1.4038086e+01
   2.9895340e+06   1.3549805e+01
   2.9931400e+06   1.7822266e+01
   2.9937860e+06   1.3671875e+01
   2.9938150e+06   1.4221191e+01
   2.9999110e+06   1.3427734e+01
   3.0004980e+06   1.5136719e+01
   3.0044010e+06   1.5441895e+01
   3.0044250e+06   1.3366699e+01
   3.0050510e+06   1.3793945e+01
   3.0133520e+06   1.6113281e+01
   3.0198480e+06   1.5014648e+01
   3.0199570e+06   1.4648438e+01
   3.0199670e+06   1.7395020e+01
   3.0201040e+06   1.3610840e+01
   3.0253570e+06   1.5686035e+01
   3.0266940e+06   1.3427734e+01
   3.0267490e+06   1.4038086e+01
   3.0299620e+06   1.4465332e+01
   3.0437060e+06   1.5441895e+01
   3.0438660e+06   1.3671875e+01
   3.0505180e+06   1.5563965e+01
   3.0510890e+06   1.4648438e+01
   3.0576010e+06   1.3549805e+01
   3.0622350e+06   1.5502930e+01
   3.0628510e+06   1.4099121e+01
   3.0629280e+06   1.3549805e+01
   3.0698870e+06   1.3366699e+01
   3.0761940e+06   1.8188477e+01
   3.0762090e+06   1.5441895e+01
   3.0768990e+06   1.5502930e+01
   3.1059080e+06   1.6906738e+01
   3.1059330e+06   1.3671875e+01
   3.1061590e+06   1.3488770e+01
   3.1064640e+06   1.4404297e+01
   3.1195090e+06   1.3488770e+01
   3.1195770e+06   1.4526367e+01
   3.1196140e+06   1.3916016e+01
   3.1325200e+06   1.4709473e+01
   3.1464820e+06   1.4221191e+01
   3.1465170e+06   1.4953613e+01
   3.1722330e+06   1.3916016e+01
   3.1724890e+06   1.4343262e+01
   3.1870200e+06   1.4587402e+01
   3.1874810e+06   1.3305664e+01
   3.1875010e+06   1.3977051e+01
   3.2030190e+06   1.3732910e+01
   3.2348110e+06   1.3854980e+01
   3.2348560e+06   1.5502930e+01
   3.2351270e+06   1.5197754e+01
   3.2355790e+06   1.3488770e+01
   3.2573360e+06   1.3488770e+01
   3.2574470e+06   1.4831543e+01
   3.2786710e+06   1.3977051e+01
   3.2787320e+06   1.4953613e+01
   3.2995380e+06   1.4953613e+01
   3.3005120e+06   1.4282227e+01
   3.3057120e+06   1.3732910e+01
   3.3421350e+06   1.3366699e+01
   3.3630050e+06   1.3854980e+01
   3.3633890e+06   1.3488770e+01
   3.3993760e+06   1.4465332e+01
   3.4158570e+06   1.3916016e+01
   3.4235610e+06   1.3366699e+01
   3.4240520e+06   1.3549805e+01
   3.4611140e+06   1.3916016e+01
   3.5054740e+06   1.4465332e+01
   3.5096790e+06   1.7089844e+01
   3.5292680e+06   1.7333984e+01
   3.5294490e+06   1.4831543e+01
   3.5580220e+06   1.3549805e+01
   3.5614520e+06   1.8310547e+01
   3.5863800e+06   1.4343262e+01
   3.5864320e+06   1.5380859e+01
   3.5871150e+06   1.5014648e+01
   3.5897530e+06   1.3854980e+01
   3.5906770e+06   1.3366699e+01
   3.6062190e+06   1.4282227e+01
   3.6402560e+06   1.3427734e+01
   3.6428630e+06   1.5014648e+01
   3.6621930e+06   1.7150879e+01
   3.6768480e+06   1.5075684e+01
   3.6949600e+06   1.4465332e+01
   3.7391430e+06   1.4221191e+01
   3.7603710e+06   1.3732910e+01
   3.7806580e+06   1.4526367e+01
   3.7972800e+06   1.8554688e+01
   3.8012120e+06   1.3671875e+01
   3.8632370e+06   1.3488770e+01
   4.0059030e+06   1.3854980e+01
   4.0964890e+06   1.5075684e+01
   4.2054220e+06   1.3427734e+01
   4.2593640e+06   1.3793945e+01
   4.2751770e+06   1.4465332e+01
   4.3793300e+06   1.8981934e+01
   4.5056200e+06   1.4648438e+01
   4.5891330e+06   1.3977051e+01
   4.5891910e+06   1.3610840e+01
   4.6308410e+06   1.4770508e+01
   4.6498230e+06   1.5014648e+01
   4.6809280e+06   1.4160156e+01
   4.7557130e+06   1.3793945e+01
   4.7937020e+06   1.3671875e+01
   4.7940280e+06   1.5014648e+01
   4.8730850e+06   1.4831543e+01
   4.9112290e+06   1.4282227e+01
   4.9113630e+06   1.4709473e+01
   4.9698390e+06   1.3488770e+01
   4.9698700e+06   1.4770508e+01
   4.9699450e+06   1.4221191e+01
   5.0453600e+06   1.6296387e+01
   5.0454430e+06   1.5319824e+01
   5.0455970e+06   1.3366699e+01
   5.0886990e+06   1.6540527e+01
   5.0887610e+06   1.5869141e+01
   5.0888460e+06   1.3427734e+01
   5.1031020e+06   1.3793945e+01
   5.1031650e+06   1.4526367e+01
   5.1032120e+06   1.6174316e+01
   5.1033040e+06   1.3549805e+01
   5.2112600e+06   1.3671875e+01
   5.2507880e+06   1.6723633e+01
   5.2509020e+06   1.4099121e+01
   5.2509320e+06   1.4221191e+01
   5.3170560e+06   1.3549805e+01
   5.3314900e+06   1.3732910e+01
   5.3620710e+06   1.5441895e+01
   5.4123060e+06   2.0263672e+01
   5.4124850e+06   1.4099121e+01
   5.4430600e+06   1.5014648e+01
   5.4955210e+06   1.4282227e+01
   5.5598790e+06   1.5380859e+01
   5.5744470e+06   1.6540527e+01
   5.5772050e+06   1.4770508e+01
   5.6182810e+06   1.3488770e+01
   5.6364320e+06   1.5502930e+01
   5.6682300e+06   2.0446777e+01
   5.6683340e+06   1.5014648e+01
   5.7253720e+06   1.5747070e+01
   5.7415180e+06   2.1179199e+01
   5.8073530e+06   1.4831543e+01
   5.8074190e+06   1.8371582e+01
   5.8074310e+06   1.3549805e+01
   5.8075260e+06   1.6479492e+01
   5.8336050e+06   1.4526367e+01
   5.8365770e+06   1.3916016e+01
   5.8735000e+06   1.4221191e+01
   5.9198900e+06   1.3671875e+01
   5.9385750e+06   1.4709473e+01
   5.9386910e+06   1.3732910e+01
   5.9388010e+06   1.5075684e+01
   5.9669000e+06   1.5625000e+01
   5.9669350e+06   1.6845703e+01
   5.9671860e+06   1.3366699e+01
   5.9805880e+06   1.4099121e+01
   5.9881290e+06   1.5808105e+01
   5.9882780e+06   1.5991211e+01
   5.9914860e+06   1.4282227e+01
