   5.9990000e+06   0.0000000e+00
   7.0120000e+03   1.8310547e+01
   7.1700000e+03   1.5441895e+01
   8.4690000e+03   1.5014648e+01
   9.6290000e+03   1.4587402e+01
   1.1961000e+04   1.3977051e+01
   1.3866000e+04   1.5502930e+01
   1.6413000e+04   1.4160156e+01
   1.9260000e+04   1.5197754e+01
   1.9725000e+04   1.5625000e+01
   2.0901000e+04   2.8015137e+01
   2.0911000e+04   1.4404297e+01
   2.0987000e+04   1.9531250e+01
   3.2704000e+04   1.6418457e+01
   3.6938000e+04   1.6235352e+01
   3.7769000e+04   1.7333984e+01
   3.7875000e+04   1.7395020e+01
   3.7961000e+04   1.5197754e+01
   3.8031000e+04   2.6367188e+01
   3.8131000e+04   1.5136719e+01
   3.8150000e+04   1.6479492e+01
   3.8530000e+04   1.4770508e+01
   4.7466000e+04   1.9592285e+01
   4.7925000e+04   1.7333984e+01
   4.8293000e+04   2.1301270e+01
   4.8386000e+04   1.4465332e+01
   4.8405000e+04   1.5869141e+01
   4.8440000e+04   1.9775391e+01
   4.8544000e+04   1.5136719e+01
   4.9148000e+04   1.4282227e+01
   5.9131000e+04   1.4160156e+01
   5.9687000e+04   1.7700195e+01
   5.9872000e+04   1.7761230e+01
   6.0624000e+04   1.7578125e+01
   6.0634000e+04   1.7089844e+01
   6.0669000e+04   1.8554688e+01
   6.0699000e+04   1.4465332e+01
   6.0785000e+04   1.5991211e+01
   6.8653000e+04   1.4831543e+01
   6.9346000e+04   2.1972656e+01
   6.9382000e+04   1.8371582e+01
   6.9409000e+04   1.7883301e+01
   6.9431000e+04   1.6906738e+01
   6.9447000e+04   1.4709473e+01
   6.9524000e+04   1.6113281e+01
   6.9598000e+04   1.5991211e+01
   6.9676000e+04   1.5441895e+01
   6.9935000e+04   1.7150879e+01
   8.0613000e+04   1.8066406e+01
   8.1512000e+04   1.6662598e+01
   8.1541000e+04   2.0385742e+01
   8.1611000e+04   1.6113281e+01
   8.1641000e+04   1.6906738e+01
   9.2387000e+04   1.4404297e+01
   9.2689000e+04   1.4099121e+01
   9.3118000e+04   2.1606445e+01
   9.3161000e+04   1.7333984e+01
   1.0537400e+05   1.8737793e+01
   1.0569700e+05   1.4099121e+01
   1.0575800e+05   1.7089844e+01
   1.0578700e+05   1.4160156e+01
   1.0592100e+05   1.6906738e+01
   1.1474300e+05   1.8066406e+01
   1.1480800e+05   1.4160156e+01
   1.1486200e+05   1.7211914e+01
   1.1488500e+05   1.9592285e+01
   1.1493600e+05   1.7211914e+01
   1.1500600e+05   1.5686035e+01
   1.2280100e+05   1.5747070e+01
   1.2753100e+05   1.5380859e+01
   1.2788100e+05   2.6672363e+01
   1.2796800e+05   1.4221191e+01
   1.2800500e+05   1.5686035e+01
   1.2806500e+05   1.5197754e+01
   1.2812700e+05   1.4343262e+01
   1.3705900e+05   1.7517090e+01
   1.4040200e+05   1.5197754e+01
   1.4097600e+05   1.4953613e+01
   1.4252200e+05   2.2460938e+01
   1.4254800e+05   1.6540527e+01
   1.4257600e+05   1.7639160e+01
   1.4258700e+05   2.0141602e+01
   1.4260800e+05   1.4099121e+01
   1.4265000e+05   1.5625000e+01
   1.4269400e+05   1.4526367e+01
   1.4271500e+05   2.6000977e+01
   1.5239300e+05   1.8188477e+01
   1.5244000e+05   1.5502930e+01
   1.5246200e+05   1.4465332e+01
   1.5986200e+05   1.4343262e+01
   1.6240000e+05   1.7761230e+01
   1.6298600e+05   1.4892578e+01
   1.6354900e+05   1.4160156e+01
   1.7041200e+05   1.7517090e+01
   1.7054400e+05   1.6052246e+01
   1.7101200e+05   1.5625000e+01
   1.8117800e+05   1.9470215e+01
   1.8128800e+05   1.6906738e+01
   1.8132700e+05   2.0935059e+01
   1.8136600e+05   1.6296387e+01
   1.8149300e+05   1.5625000e+01
   1.9049200e+05   1.8249512e+01
   1.9068800e+05   1.4160156e+01
   1.9689100e+05   1.6296387e+01
   1.9698400e+05   1.7700195e+01
   1.9704800e+05   1.4343262e+01
   1.9709400e+05   1.5075684e+01
   1.9711600e+05   1.8859863e+01
   2.0579500e+05   2.4719238e+01
   2.0584600e+05   1.8127441e+01
   2.0597100e+05   1.8310547e+01
   2.0600000e+05   1.8676758e+01
   2.0627400e+05   1.6784668e+01
   2.0671100e+05   1.3977051e+01
   2.1929100e+05   2.1057129e+01
   2.1953800e+05   2.1789551e+01
   2.1958800e+05   1.5380859e+01
   2.1961400e+05   2.1362305e+01
   2.3281200e+05   1.4221191e+01
   2.3289600e+05   1.6540527e+01
   2.4374600e+05   1.5686035e+01
   2.4963800e+05   1.8859863e+01
   2.5004700e+05   1.4343262e+01
   2.5149800e+05   1.5136719e+01
   2.5207400e+05   1.6906738e+01
   2.5216400e+05   1.4160156e+01
   2.5218900e+05   1.7456055e+01
   2.5220600e+05   1.5563965e+01
   2.5227500e+05   1.4587402e+01
   2.5228500e+05   1.4953613e+01
   2.5248200e+05   1.6296387e+01
   2.6349500e+05   1.8615723e+01
   2.6577000e+05   1.7578125e+01
   2.6694100e+05   1.4221191e+01
   2.7441200e+05   1.4465332e+01
   2.7592000e+05   1.4770508e+01
   2.8378700e+05   1.5808105e+01
   2.9470300e+05   2.1423340e+01
   2.9471300e+05   1.8493652e+01
   2.9473100e+05   1.4282227e+01
   2.9486500e+05   1.6723633e+01
   2.9490200e+05   1.7456055e+01
   2.9495800e+05   2.0751953e+01
   2.9500100e+05   1.5502930e+01
   2.9504000e+05   1.4038086e+01
   2.9514000e+05   1.4160156e+01
   3.0530500e+05   1.5075684e+01
   3.0708300e+05   1.4343262e+01
   3.1283300e+05   1.8066406e+01
   3.1287900e+05   1.4526367e+01
   3.1289000e+05   2.1057129e+01
   3.1293200e+05   1.4282227e+01
   3.1294300e+05   1.4160156e+01
   3.1298800e+05   1.6113281e+01
   3.1301900e+05   1.9287109e+01
   3.1304600e+05   1.4099121e+01
   3.1444600e+05   1.5625000e+01
   3.2312200e+05   1.6906738e+01
   3.2609500e+05   1.5930176e+01
   3.2640200e+05   1.4526367e+01
   3.2946400e+05   2.0751953e+01
   3.2954000e+05   2.6000977e+01
   3.2957000e+05   2.0996094e+01
   3.2958500e+05   1.4099121e+01
   3.2962200e+05   1.4282227e+01
   3.2967400e+05   1.7578125e+01
   3.2971400e+05   1.7822266e+01
   3.3972600e+05   1.7395020e+01
   3.4402600e+05   1.6296387e+01
   3.4513600e+05   1.4221191e+01
   3.5171500e+05   1.6174316e+01
   3.5180300e+05   1.5808105e+01
   3.5191100e+05   2.2521973e+01
   3.5197500e+05   1.8249512e+01
   3.5234200e+05   1.6540527e+01
   3.5794500e+05   1.4404297e+01
   3.6065600e+05   1.6784668e+01
   3.6298700e+05   2.2338867e+01
   3.6300500e+05   1.7333984e+01
   3.6305700e+05   1.5380859e+01
   3.6307100e+05   1.3977051e+01
   3.6309800e+05   1.4465332e+01
   3.6315200e+05   1.6296387e+01
   3.7793500e+05   1.8432617e+01
   3.7818900e+05   1.4343262e+01
   3.8900700e+05   1.4526367e+01
   3.8931700e+05   1.5686035e+01
   3.8934400e+05   2.0751953e+01
   3.8944600e+05   1.6113281e+01
   3.8952900e+05   2.0751953e+01
   3.8954400e+05   1.9775391e+01
   3.8978600e+05   1.4953613e+01
   3.9854400e+05   1.5319824e+01
   4.0255800e+05   1.7578125e+01
   4.0327200e+05   1.3977051e+01
   4.0584800e+05   1.4953613e+01
   4.0592900e+05   1.4587402e+01
   4.0597000e+05   1.7211914e+01
   4.0601000e+05   1.5747070e+01
   4.0602600e+05   1.5197754e+01
   4.0609400e+05   1.4831543e+01
   4.0612200e+05   1.6479492e+01
   4.0620600e+05   1.4282227e+01
   4.0710800e+05   1.5258789e+01
   4.1516900e+05   1.6296387e+01
   4.1543300e+05   1.5136719e+01
   4.1692500e+05   1.4770508e+01
   4.1699800e+05   1.5991211e+01
   4.1717000e+05   2.0202637e+01
   4.1718000e+05   1.5075684e+01
   4.1756900e+05   1.4953613e+01
   4.2474700e+05   1.6784668e+01
   4.2552300e+05   1.5136719e+01
   4.3299400e+05   1.5197754e+01
   4.3423200e+05   1.6113281e+01
   4.3425700e+05   2.4353027e+01
   4.3427900e+05   1.7456055e+01
   4.3433600e+05   1.9470215e+01
   4.3437900e+05   1.6479492e+01
   4.3441400e+05   1.8676758e+01
   4.3446400e+05   1.5686035e+01
   4.3451400e+05   1.5075684e+01
   4.3461700e+05   1.4831543e+01
   4.4304800e+05   1.4099121e+01
   4.4422400e+05   1.8859863e+01
   4.4482800e+05   1.4953613e+01
   4.4626300e+05   1.5014648e+01
   4.4629100e+05   1.8737793e+01
   4.4632000e+05   1.4892578e+01
   4.4636500e+05   1.4770508e+01
   4.5549200e+05   2.0568848e+01
   4.5625000e+05   1.4465332e+01
   4.5668300e+05   1.5197754e+01
   4.5704100e+05   1.9470215e+01
   4.5745300e+05   1.4953613e+01
   4.5807300e+05   1.4953613e+01
   4.5810800e+05   2.2460938e+01
   4.6810100e+05   1.5808105e+01
   4.6812100e+05   1.6723633e+01
   4.7172200e+05   1.5319824e+01
   4.7174200e+05   1.6296387e+01
   4.7177300e+05   1.5502930e+01
   4.7181100e+05   1.4221191e+01
   4.7182400e+05   1.9042969e+01
   4.7184600e+05   1.5869141e+01
   4.7186800e+05   1.5869141e+01
   4.7190100e+05   2.2033691e+01
   4.7192300e+05   1.7822266e+01
   4.7202300e+05   1.4709473e+01
   4.7224400e+05   1.5075684e+01
   4.7249100e+05   1.7761230e+01
   4.8084700e+05   1.4831543e+01
   4.8195600e+05   1.4953613e+01
   4.8632100e+05   1.5563965e+01
   4.8753400e+05   1.4770508e+01
   4.8761000e+05   1.4221191e+01
   4.8765500e+05   2.0141602e+01
   4.8771300e+05   1.4099121e+01
   4.8775600e+05   1.9165039e+01
   4.8796700e+05   1.4648438e+01
   4.9623300e+05   1.4221191e+01
   4.9630200e+05   1.8127441e+01
   4.9644600e+05   1.7395020e+01
   4.9727600e+05   1.4709473e+01
   4.9738400e+05   1.7639160e+01
   4.9764600e+05   2.2644043e+01
   4.9774000e+05   1.9531250e+01
   4.9782200e+05   1.5563965e+01
   4.9795000e+05   1.4099121e+01
   4.9830500e+05   1.5747070e+01
   5.0500000e+05   1.9897461e+01
   5.1003800e+05   2.0507812e+01
   5.1213400e+05   1.9165039e+01
   5.1251900e+05   1.4587402e+01
   5.2500700e+05   1.4465332e+01
   5.2506800e+05   1.5258789e+01
   5.2511400e+05   1.7089844e+01
   5.2513000e+05   2.7099609e+01
   5.2514800e+05   2.5146484e+01
   5.2517800e+05   1.5014648e+01
   5.2519200e+05   1.4038086e+01
   5.2522200e+05   1.6418457e+01
   5.2523600e+05   1.7517090e+01
   5.2525900e+05   1.5136719e+01
   5.2530600e+05   1.4099121e+01
   5.2539500e+05   1.4343262e+01
   5.2551100e+05   1.4343262e+01
   5.3579100e+05   1.6052246e+01
   5.3880000e+05   2.1057129e+01
   5.3897300e+05   1.4709473e+01
   5.3932100e+05   1.4038086e+01
   5.4616500e+05   1.6296387e+01
   5.4717900e+05   1.4404297e+01
   5.5034200e+05   1.4892578e+01
   5.5035400e+05   2.1179199e+01
   5.5037000e+05   2.4169922e+01
   5.5039700e+05   1.5136719e+01
   5.5042300e+05   1.5441895e+01
   5.5046300e+05   2.5451660e+01
   5.5049800e+05   2.2766113e+01
   5.5056900e+05   1.4343262e+01
   5.5066400e+05   1.5197754e+01
   5.6108900e+05   1.8127441e+01
   5.6502400e+05   1.6601562e+01
   5.6560900e+05   1.4343262e+01
   5.6568600e+05   1.5502930e+01
   5.6572300e+05   1.5441895e+01
   5.6582100e+05   1.5563965e+01
   5.7397400e+05   1.5319824e+01
   5.7508900e+05   1.4404297e+01
   5.8044100e+05   1.7333984e+01
   5.8929500e+05   1.4282227e+01
   5.8936500e+05   1.4709473e+01
   5.9381600e+05   1.5625000e+01
   5.9442100e+05   1.6540527e+01
   5.9594600e+05   1.4709473e+01
   5.9599500e+05   1.4587402e+01
   6.0364900e+05   1.7578125e+01
   6.0446900e+05   1.7944336e+01
   6.0620500e+05   1.7333984e+01
   6.0651800e+05   1.4221191e+01
   6.0656000e+05   1.6357422e+01
   6.0658800e+05   1.4831543e+01
   6.0661800e+05   1.7639160e+01
   6.0664300e+05   1.4038086e+01
   6.0669300e+05   2.3193359e+01
   6.0672200e+05   1.7456055e+01
   6.0680100e+05   1.5563965e+01
   6.0686800e+05   1.5625000e+01
   6.0691300e+05   1.4770508e+01
   6.1687100e+05   1.5197754e+01
   6.1868500e+05   1.4038086e+01
   6.2052800e+05   1.8920898e+01
   6.2193500e+05   1.8066406e+01
   6.2395700e+05   1.4221191e+01
   6.2446500e+05   1.6052246e+01
   6.3375900e+05   1.5075684e+01
   6.3670300e+05   1.8615723e+01
   6.3683400e+05   1.4099121e+01
   6.3688200e+05   1.9226074e+01
   6.3691800e+05   1.4709473e+01
   6.3694300e+05   1.4953613e+01
   6.3696400e+05   1.7395020e+01
   6.3697600e+05   2.3437500e+01
   6.3724600e+05   1.4343262e+01
   6.3807300e+05   1.4648438e+01
   6.4563600e+05   1.9104004e+01
   6.5045700e+05   1.5014648e+01
   6.5055000e+05   1.4709473e+01
   6.5062200e+05   1.6662598e+01
   6.5102100e+05   1.4587402e+01
   6.5705700e+05   1.6052246e+01
   6.6082400e+05   1.4038086e+01
   6.6105700e+05   2.1484375e+01
   6.6107800e+05   1.8554688e+01
   6.6109400e+05   1.5258789e+01
   6.6114700e+05   1.4953613e+01
   6.6123900e+05   1.9409180e+01
   6.6126700e+05   1.4526367e+01
   6.6131500e+05   1.3977051e+01
   6.6132600e+05   1.9653320e+01
   6.6999200e+05   1.9775391e+01
   6.7113800e+05   1.5380859e+01
   6.7122600e+05   1.8676758e+01
   6.7142500e+05   1.6601562e+01
   6.7184600e+05   1.5808105e+01
   6.8785500e+05   1.8066406e+01
   6.9176700e+05   1.6601562e+01
   6.9786600e+05   1.9226074e+01
   6.9907100e+05   1.4160156e+01
   6.9925700e+05   1.4709473e+01
   6.9944100e+05   1.8676758e+01
   6.9945700e+05   2.2399902e+01
   6.9954000e+05   1.8127441e+01
   6.9968700e+05   1.5380859e+01
   6.9971500e+05   1.3977051e+01
   6.9995900e+05   1.5502930e+01
   7.0016900e+05   1.4892578e+01
   7.1303900e+05   1.8676758e+01
   7.1998000e+05   1.4770508e+01
   7.2020900e+05   1.5747070e+01
   7.2029500e+05   1.6601563e+01
   7.2034000e+05   1.4709473e+01
   7.2039100e+05   1.4343262e+01
   7.2040700e+05   2.6306152e+01
   7.2043000e+05   1.6723633e+01
   7.2045600e+05   1.5258789e+01
   7.2049700e+05   1.6784668e+01
   7.2053700e+05   1.4160156e+01
   7.3354100e+05   1.4221191e+01
   7.3366900e+05   1.5258789e+01
   7.3511200e+05   2.0629883e+01
   7.3523300e+05   1.4709473e+01
   7.3536500e+05   1.6113281e+01
   7.4628900e+05   1.8859863e+01
   7.4643700e+05   1.5075684e+01
   7.4647400e+05   1.6296387e+01
   7.4652000e+05   1.7272949e+01
   7.4661500e+05   1.5930176e+01
   7.4666200e+05   1.4892578e+01
   7.4673700e+05   1.6113281e+01
   7.5693000e+05   1.5747070e+01
   7.5824300e+05   1.5441895e+01
   7.5880300e+05   1.6235352e+01
   7.6686100e+05   1.5014648e+01
   7.6770500e+05   1.7333984e+01
   7.6962000e+05   1.5136719e+01
   7.7577500e+05   2.2033691e+01
   7.7587800e+05   1.4831543e+01
   7.7589700e+05   1.5686035e+01
   7.7592600e+05   1.9348145e+01
   7.7595400e+05   2.0080566e+01
   7.7600000e+05   1.5319824e+01
   7.7603200e+05   1.5441895e+01
   7.7616300e+05   1.8737793e+01
   7.7642300e+05   1.4282227e+01
   7.8729700e+05   1.7883301e+01
   7.8731100e+05   1.4343262e+01
   7.9538300e+05   1.5563965e+01
   7.9605500e+05   1.4892578e+01
   7.9955600e+05   1.6418457e+01
   8.0803200e+05   1.5869141e+01
   8.1105500e+05   1.8676758e+01
   8.1111000e+05   1.4282227e+01
   8.1119600e+05   1.8554688e+01
   8.1124900e+05   2.4169922e+01
   8.1132000e+05   1.5625000e+01
   8.1134900e+05   1.5502930e+01
   8.1138400e+05   1.6601562e+01
   8.1142800e+05   1.4404297e+01
   8.1146500e+05   1.6540527e+01
   8.1170300e+05   1.4587402e+01
   8.1199400e+05   1.5319824e+01
   8.2094000e+05   1.4465332e+01
   8.2249700e+05   1.4099121e+01
   8.2570000e+05   1.4160156e+01
   8.2662600e+05   1.6906738e+01
   8.2673300e+05   1.6296387e+01
   8.2809200e+05   1.4892578e+01
   8.2810200e+05   1.4770508e+01
   8.2815900e+05   1.4892578e+01
   8.2823200e+05   1.6723633e+01
   8.2827600e+05   1.5136719e+01
   8.2828600e+05   1.7211914e+01
   8.2844900e+05   1.5136719e+01
   8.2853900e+05   1.4465332e+01
   8.2912600e+05   1.4038086e+01
   8.4102800e+05   1.6723633e+01
   8.4117700e+05   1.4099121e+01
   8.4854200e+05   1.5075684e+01
   8.4973400e+05   1.8310547e+01
   8.4997100e+05   1.6052246e+01
   8.4998700e+05   1.4587402e+01
   8.5002500e+05   1.4709473e+01
   8.5010500e+05   1.4404297e+01
   8.5017000e+05   1.6662598e+01
   8.5018300e+05   2.0019531e+01
   8.5025600e+05   1.5563965e+01
   8.6157900e+05   1.3977051e+01
   8.6478400e+05   1.6723633e+01
   8.6483300e+05   1.4221191e+01
   8.6498900e+05   1.4770508e+01
   8.7276900e+05   1.9775391e+01
   8.7594000e+05   1.7089844e+01
   8.7599700e+05   1.5014648e+01
   8.7601700e+05   1.9042969e+01
   8.7605200e+05   2.1667480e+01
   8.7612800e+05   2.1911621e+01
   8.7629800e+05   1.5319824e+01
   8.7645700e+05   1.4099121e+01
   8.7647700e+05   1.4953613e+01
   8.7660100e+05   1.4831543e+01
   8.8632500e+05   1.7700195e+01
   8.8836300e+05   1.6174316e+01
   8.8841800e+05   1.5319824e+01
   8.8845300e+05   1.5136719e+01
   8.9644100e+05   1.7089844e+01
   8.9932800e+05   1.8188477e+01
   8.9971000e+05   1.4526367e+01
   9.0071500e+05   1.4709473e+01
   9.0080800e+05   1.4038086e+01
   9.0082600e+05   2.2705078e+01
   9.0092400e+05   1.4282227e+01
   9.0095800e+05   1.5075684e+01
   9.0096900e+05   1.5563965e+01
   9.0098900e+05   1.6723633e+01
   9.1279300e+05   2.3132324e+01
   9.1292200e+05   1.5197754e+01
   9.1293700e+05   1.4404297e+01
   9.1295200e+05   1.3977051e+01
   9.1297700e+05   1.5563965e+01
   9.1304800e+05   1.4831543e+01
   9.1308400e+05   1.5014648e+01
   9.1311000e+05   1.4892578e+01
   9.1313700e+05   1.6784668e+01
   9.1357900e+05   1.3977051e+01
   9.2093000e+05   1.6357422e+01
   9.2421300e+05   1.5197754e+01
   9.2444300e+05   1.4038086e+01
   9.3037500e+05   2.0996094e+01
   9.3040400e+05   1.4343262e+01
   9.3043300e+05   1.5197754e+01
   9.3045600e+05   1.8371582e+01
   9.3052600e+05   2.8686523e+01
   9.3056800e+05   1.4099121e+01
   9.3061800e+05   1.8005371e+01
   9.3071400e+05   1.7822266e+01
   9.3076100e+05   1.5197754e+01
   9.3106400e+05   1.6357422e+01
   9.4267500e+05   2.0690918e+01
   9.5187500e+05   1.4831543e+01
   9.5205800e+05   1.4099121e+01
   9.5207800e+05   1.4404297e+01
   9.5210000e+05   1.4038086e+01
   9.5212900e+05   2.2888184e+01
   9.5216900e+05   1.4648438e+01
   9.5219400e+05   1.7089844e+01
   9.5224200e+05   1.5625000e+01
   9.5226500e+05   2.2399902e+01
   9.5240300e+05   1.4709473e+01
   9.5343300e+05   1.3977051e+01
   9.6387900e+05   1.4892578e+01
   9.7091700e+05   1.5441895e+01
   9.7331600e+05   1.9897461e+01
   9.7335500e+05   1.5197754e+01
   9.7341000e+05   1.5502930e+01
   9.7343400e+05   1.7700195e+01
   9.7347900e+05   2.3437500e+01
   9.7352000e+05   1.8554688e+01
   9.7366100e+05   2.1423340e+01
   9.7371500e+05   1.4892578e+01
   9.8444600e+05   1.5075684e+01
   9.8451900e+05   1.5380859e+01
   9.8458800e+05   1.3977051e+01
   9.8466500e+05   1.4404297e+01
   9.8487300e+05   1.5136719e+01
   9.9561700e+05   2.0507812e+01
   9.9719800e+05   1.4526367e+01
   9.9739100e+05   1.6174316e+01
   9.9745300e+05   2.0263672e+01
   9.9748200e+05   2.0507812e+01
   9.9753200e+05   1.4343262e+01
   9.9754500e+05   1.4831543e+01
   9.9758600e+05   1.9897461e+01
   9.9760300e+05   1.4221191e+01
   9.9770500e+05   1.7028809e+01
   1.0104940e+06   1.3977051e+01
   1.0109950e+06   1.4404297e+01
   1.0110240e+06   1.5136719e+01
   1.0110600e+06   1.4770508e+01
   1.0111000e+06   1.5380859e+01
   1.0111150e+06   1.4160156e+01
   1.0111320e+06   1.7639160e+01
   1.0111650e+06   2.2827148e+01
   1.0111820e+06   2.0507812e+01
   1.0112250e+06   1.8615723e+01
   1.0112480e+06   1.4770508e+01
   1.0113180e+06   1.5991211e+01
   1.0113530e+06   1.5869141e+01
   1.0236680e+06   1.8676758e+01
   1.0238900e+06   1.5625000e+01
   1.0254390e+06   1.7639160e+01
   1.0332200e+06   1.9836426e+01
   1.0344250e+06   1.7761230e+01
   1.0344770e+06   1.5441895e+01
   1.0344980e+06   1.6479492e+01
   1.0347560e+06   1.4709473e+01
   1.0482850e+06   1.9348145e+01
   1.0485650e+06   1.4587402e+01
   1.0491660e+06   1.4465332e+01
   1.0499700e+06   1.7028809e+01
   1.0500240e+06   2.0446777e+01
   1.0501050e+06   1.9042969e+01
   1.0501250e+06   1.8188477e+01
   1.0501440e+06   1.6052246e+01
   1.0501610e+06   1.7395020e+01
   1.0502800e+06   1.5991211e+01
   1.0623640e+06   1.5441895e+01
   1.0628560e+06   1.4526367e+01
   1.0641840e+06   1.4953613e+01
   1.0666860e+06   1.5441895e+01
   1.0683100e+06   1.7578125e+01
   1.0683850e+06   1.5014648e+01
   1.0684460e+06   1.6418457e+01
   1.0685330e+06   1.4709473e+01
   1.0687790e+06   1.4038086e+01
   1.0690210e+06   1.4160156e+01
   1.0799730e+06   1.6845703e+01
   1.0800280e+06   1.6845703e+01
   1.0801530e+06   1.8066406e+01
   1.0802580e+06   2.1240234e+01
   1.0914170e+06   1.5808105e+01
   1.0964090e+06   1.5380859e+01
   1.0966750e+06   1.4587402e+01
   1.0967240e+06   1.8615723e+01
   1.0967360e+06   1.9348145e+01
   1.0968170e+06   2.6550293e+01
   1.0968850e+06   1.5197754e+01
   1.0969380e+06   2.0202637e+01
   1.0969940e+06   1.4160156e+01
   1.0973650e+06   1.4465332e+01
   1.1075000e+06   1.8615723e+01
   1.1123330e+06   1.5869141e+01
   1.1159120e+06   1.5014648e+01
   1.1167500e+06   1.7761230e+01
   1.1168030e+06   1.4953613e+01
   1.1168160e+06   1.8981934e+01
   1.1168420e+06   1.4160156e+01
   1.1168700e+06   1.6845703e+01
   1.1168800e+06   1.5869141e+01
   1.1169400e+06   1.8371582e+01
   1.1169740e+06   2.2338867e+01
   1.1170070e+06   1.5808105e+01
   1.1170380e+06   1.6662598e+01
   1.1175260e+06   1.4892578e+01
   1.1263150e+06   1.6113281e+01
   1.1334430e+06   1.4526367e+01
   1.1429220e+06   1.5441895e+01
   1.1429680e+06   1.6296387e+01
   1.1429980e+06   2.2155762e+01
   1.1430130e+06   2.8503418e+01
   1.1431190e+06   2.0690918e+01
   1.1438400e+06   1.7150879e+01
   1.1439120e+06   1.4587402e+01
   1.1483240e+06   1.3977051e+01
   1.1563050e+06   1.5625000e+01
   1.1619820e+06   1.7883301e+01
   1.1627600e+06   2.3437500e+01
   1.1628370e+06   1.6235352e+01
   1.1628660e+06   1.7517090e+01
   1.1629330e+06   1.7700195e+01
   1.1629690e+06   1.5869141e+01
   1.1640750e+06   1.4038086e+01
   1.1759520e+06   2.9968262e+01
   1.1760080e+06   1.5136719e+01
   1.1760220e+06   1.7578125e+01
   1.1760540e+06   1.5441895e+01
   1.1761070e+06   1.7150879e+01
   1.1761540e+06   1.8859863e+01
   1.1762430e+06   1.4648438e+01
   1.1762930e+06   2.1484375e+01
   1.1765660e+06   1.4831543e+01
   1.1777240e+06   1.5930176e+01
   1.1864230e+06   1.6296387e+01
   1.1888210e+06   1.7150879e+01
   1.1928160e+06   1.7456055e+01
   1.1928850e+06   1.6723633e+01
   1.1929780e+06   1.7578125e+01
   1.1930210e+06   1.5441895e+01
   1.1930920e+06   1.5319824e+01
   1.1931830e+06   1.5319824e+01
   1.1932250e+06   1.5563965e+01
   1.1940540e+06   1.4282227e+01
   1.2055010e+06   2.0874023e+01
   1.2055410e+06   1.7028809e+01
   1.2055610e+06   2.3742676e+01
   1.2056320e+06   1.9958496e+01
   1.2056630e+06   1.6296387e+01
   1.2056770e+06   1.5075684e+01
   1.2057840e+06   1.7578125e+01
   1.2057950e+06   1.8310547e+01
   1.2059210e+06   1.4404297e+01
   1.2173070e+06   1.7272949e+01
   1.2173890e+06   1.4465332e+01
   1.2235730e+06   1.5808105e+01
   1.2273190e+06   1.4709473e+01
   1.2292610e+06   1.6052246e+01
   1.2295010e+06   1.6296387e+01
   1.2295260e+06   2.4658203e+01
   1.2295420e+06   1.7578125e+01
   1.2296050e+06   1.8859863e+01
   1.2296320e+06   1.7639160e+01
   1.2296730e+06   1.5747070e+01
   1.2297880e+06   1.9592285e+01
   1.2300210e+06   1.5014648e+01
   1.2304280e+06   1.5380859e+01
   1.2420650e+06   1.8737793e+01
   1.2421080e+06   1.6296387e+01
   1.2422360e+06   1.3977051e+01
   1.2422820e+06   1.8432617e+01
   1.2489700e+06   1.7578125e+01
   1.2489900e+06   1.4099121e+01
   1.2490310e+06   1.5502930e+01
   1.2490690e+06   1.4648438e+01
   1.2491090e+06   1.3977051e+01
   1.2491360e+06   1.8493652e+01
   1.2491540e+06   1.4892578e+01
   1.2492310e+06   1.4709473e+01
   1.2494090e+06   1.5991211e+01
   1.2494470e+06   1.4282227e+01
   1.2610480e+06   1.6784668e+01
   1.2634060e+06   1.6296387e+01
   1.2696670e+06   1.7639160e+01
   1.2696860e+06   1.5441895e+01
   1.2697040e+06   1.6662598e+01
   1.2697600e+06   1.4526367e+01
   1.2697710e+06   1.4343262e+01
   1.2697820e+06   2.0690918e+01
   1.2698120e+06   1.6479492e+01
   1.2698920e+06   1.4648438e+01
   1.2699250e+06   1.4709473e+01
   1.2827670e+06   1.8188477e+01
   1.2828310e+06   1.4953613e+01
   1.2833910e+06   1.4099121e+01
   1.2835010e+06   1.4404297e+01
   1.2850550e+06   1.4404297e+01
   1.2950330e+06   2.1423340e+01
   1.2951060e+06   1.5808105e+01
   1.2951220e+06   1.4160156e+01
   1.2951580e+06   2.0141602e+01
   1.2952700e+06   1.4892578e+01
   1.2953390e+06   1.7089844e+01
   1.2955250e+06   1.5136719e+01
   1.3065240e+06   1.6418457e+01
   1.3077910e+06   1.5136719e+01
   1.3087550e+06   1.5808105e+01
   1.3087660e+06   2.0690918e+01
   1.3088870e+06   2.3864746e+01
   1.3089430e+06   1.5686035e+01
   1.3090210e+06   1.4953613e+01
   1.3090500e+06   1.4404297e+01
   1.3091890e+06   1.5075684e+01
   1.3099120e+06   1.5380859e+01
   1.3252290e+06   1.6052246e+01
   1.3262710e+06   1.6967773e+01
   1.3266530e+06   1.4038086e+01
   1.3269250e+06   1.6052246e+01
   1.3351500e+06   1.5930176e+01
   1.3379370e+06   1.5686035e+01
   1.3379690e+06   2.6550293e+01
   1.3379940e+06   1.4099121e+01
   1.3380500e+06   1.3977051e+01
   1.3380770e+06   1.5197754e+01
   1.3381090e+06   1.4404297e+01
   1.3382890e+06   1.5563965e+01
   1.3388670e+06   1.4221191e+01
   1.3468310e+06   1.4099121e+01
   1.3535300e+06   1.5258789e+01
   1.3549220e+06   1.7517090e+01
   1.3626490e+06   1.4343262e+01
   1.3667550e+06   1.9775391e+01
   1.3705640e+06   2.1118164e+01
   1.3705790e+06   1.5075684e+01
   1.3706170e+06   1.4526367e+01
   1.3706350e+06   1.6113281e+01
   1.3706640e+06   2.2216797e+01
   1.3707140e+06   2.1484375e+01
   1.3707370e+06   1.9409180e+01
   1.3708840e+06   1.5258789e+01
   1.3709770e+06   1.5014648e+01
   1.3711070e+06   1.4343262e+01
   1.3714000e+06   1.4099121e+01
   1.3715230e+06   1.3977051e+01
   1.3815770e+06   1.4587402e+01
   1.3826520e+06   1.5258789e+01
   1.3886860e+06   1.8920898e+01
   1.3956330e+06   1.5075684e+01
   1.3956540e+06   2.1240234e+01
   1.3956930e+06   1.5563965e+01
   1.3957430e+06   1.4648438e+01
   1.3957770e+06   2.3254395e+01
   1.3958690e+06   1.7517090e+01
   1.3959060e+06   1.7700195e+01
   1.3960130e+06   1.5747070e+01
   1.3961920e+06   1.4038086e+01
   1.3964360e+06   1.5563965e+01
   1.4042550e+06   1.5441895e+01
   1.4089090e+06   1.4465332e+01
   1.4125960e+06   1.5747070e+01
   1.4126290e+06   1.5319824e+01
   1.4127970e+06   1.4892578e+01
   1.4128120e+06   1.5075684e+01
   1.4129680e+06   1.5686035e+01
   1.4223180e+06   1.4648438e+01
   1.4255310e+06   1.5563965e+01
   1.4265900e+06   1.6540527e+01
   1.4320180e+06   1.5014648e+01
   1.4322470e+06   1.5930176e+01
   1.4322930e+06   2.2705078e+01
   1.4323050e+06   1.6601562e+01
   1.4323610e+06   1.5380859e+01
   1.4324160e+06   1.9531250e+01
   1.4324490e+06   2.4963379e+01
   1.4324590e+06   1.4160156e+01
   1.4325320e+06   1.5869141e+01
   1.4474520e+06   1.7639160e+01
   1.4474710e+06   1.3977051e+01
   1.4475580e+06   1.4465332e+01
   1.4476500e+06   1.4038086e+01
   1.4480630e+06   1.4099121e+01
   1.4484560e+06   1.6174316e+01
   1.4554740e+06   1.5441895e+01
   1.4555140e+06   1.6723633e+01
   1.4555420e+06   1.5075684e+01
   1.4667630e+06   1.4953613e+01
   1.4668550e+06   1.4282227e+01
   1.4685050e+06   1.7272949e+01
   1.4687170e+06   1.4465332e+01
   1.4696390e+06   1.6174316e+01
   1.4697890e+06   2.0751953e+01
   1.4698310e+06   1.4282227e+01
   1.4699600e+06   2.4230957e+01
   1.4699890e+06   1.5869141e+01
   1.4700420e+06   1.5563965e+01
   1.4701000e+06   1.6357422e+01
   1.4704010e+06   1.4587402e+01
   1.4708340e+06   1.5747070e+01
   1.4805990e+06   1.5808105e+01
   1.4890790e+06   1.5747070e+01
   1.4921830e+06   1.4038086e+01
   1.4933750e+06   1.5197754e+01
   1.4939260e+06   1.5136719e+01
   1.4940770e+06   1.8554688e+01
   1.4942260e+06   1.4404297e+01
   1.4942520e+06   1.4221191e+01
   1.4942630e+06   1.4038086e+01
   1.4951980e+06   1.4465332e+01
   1.5043080e+06   1.7456055e+01
   1.5060450e+06   2.0935059e+01
   1.5062570e+06   1.6601562e+01
   1.5062670e+06   2.0202637e+01
   1.5062910e+06   1.6479492e+01
   1.5063390e+06   1.5869141e+01
   1.5063490e+06   1.6845703e+01
   1.5064300e+06   1.6174316e+01
   1.5065310e+06   1.5991211e+01
   1.5199770e+06   1.4343262e+01
   1.5200560e+06   1.7578125e+01
   1.5200840e+06   1.4770508e+01
   1.5201140e+06   1.4709473e+01
   1.5201510e+06   1.4038086e+01
   1.5201740e+06   1.6967773e+01
   1.5201970e+06   1.6235352e+01
   1.5202150e+06   2.0751953e+01
   1.5202380e+06   1.4038086e+01
   1.5204800e+06   1.6235352e+01
   1.5210950e+06   1.4526367e+01
   1.5313820e+06   1.4099121e+01
   1.5324290e+06   1.4709473e+01
   1.5324590e+06   1.4831543e+01
   1.5324830e+06   1.5014648e+01
   1.5325150e+06   1.5563965e+01
   1.5326410e+06   1.4526367e+01
   1.5326680e+06   2.9907227e+01
   1.5328050e+06   1.6296387e+01
   1.5328540e+06   2.0996094e+01
   1.5330120e+06   1.5747070e+01
   1.5331800e+06   1.4282227e+01
   1.5337460e+06   1.4038086e+01
   1.5464840e+06   1.7333984e+01
   1.5479950e+06   1.8005371e+01
   1.5480300e+06   2.1240234e+01
   1.5481580e+06   1.5380859e+01
   1.5481990e+06   1.4160156e+01
   1.5482370e+06   1.7639160e+01
   1.5482770e+06   1.5136719e+01
   1.5483670e+06   1.3977051e+01
   1.5484060e+06   1.6174316e+01
   1.5485670e+06   1.4404297e+01
   1.5605610e+06   1.4831543e+01
   1.5682550e+06   1.7822266e+01
   1.5709290e+06   1.7639160e+01
   1.5709470e+06   1.5563965e+01
   1.5709830e+06   1.4892578e+01
   1.5710210e+06   2.4169922e+01
   1.5710420e+06   1.6784668e+01
   1.5711260e+06   2.0812988e+01
   1.5711660e+06   1.6174316e+01
   1.5712170e+06   2.1301270e+01
   1.5712530e+06   1.6479492e+01
   1.5714620e+06   1.4648438e+01
   1.5714890e+06   1.6723633e+01
   1.5716320e+06   1.4343262e+01
   1.5845530e+06   1.4526367e+01
   1.5877020e+06   1.4282227e+01
   1.5893780e+06   2.0019531e+01
   1.5893970e+06   1.4038086e+01
   1.5894900e+06   2.2766113e+01
   1.5895420e+06   1.9409180e+01
   1.5895710e+06   1.8493652e+01
   1.5897330e+06   1.8249512e+01
   1.6019910e+06   1.8005371e+01
   1.6020120e+06   1.4526367e+01
   1.6021430e+06   1.4221191e+01
   1.6021810e+06   1.4709473e+01
   1.6022600e+06   1.6174316e+01
   1.6023110e+06   1.8127441e+01
   1.6023230e+06   1.5502930e+01
   1.6023860e+06   1.4770508e+01
   1.6037640e+06   1.4648438e+01
   1.6145620e+06   2.3010254e+01
   1.6156380e+06   1.4892578e+01
   1.6174460e+06   1.7456055e+01
   1.6175060e+06   1.5319824e+01
   1.6175430e+06   1.4404297e+01
   1.6175800e+06   1.5258789e+01
   1.6175990e+06   1.5991211e+01
   1.6176110e+06   1.8249512e+01
   1.6176330e+06   1.6540527e+01
   1.6177000e+06   2.0629883e+01
   1.6177350e+06   1.5136719e+01
   1.6295080e+06   1.9348145e+01
   1.6299310e+06   1.7395020e+01
   1.6299630e+06   1.5502930e+01
   1.6300050e+06   1.6113281e+01
   1.6300590e+06   1.6357422e+01
   1.6300990e+06   1.7517090e+01
   1.6301310e+06   1.5502930e+01
   1.6302380e+06   1.4709473e+01
   1.6302580e+06   1.6540527e+01
   1.6315380e+06   1.5197754e+01
   1.6413380e+06   1.6296387e+01
   1.6415450e+06   1.6235352e+01
   1.6418110e+06   1.7272949e+01
   1.6431530e+06   1.4038086e+01
   1.6477610e+06   1.5075684e+01
   1.6497630e+06   1.5441895e+01
   1.6575230e+06   1.4770508e+01
   1.6607600e+06   1.4709473e+01
   1.6609660e+06   1.4831543e+01
   1.6618410e+06   1.8798828e+01
   1.6705990e+06   2.1423340e+01
   1.6711400e+06   1.5625000e+01
   1.6711520e+06   1.7700195e+01
   1.6711850e+06   1.6235352e+01
   1.6712050e+06   1.6113281e+01
   1.6712160e+06   1.5991211e+01
   1.6712440e+06   1.5258789e+01
   1.6712590e+06   2.1118164e+01
   1.6713000e+06   1.7761230e+01
   1.6713240e+06   1.6357422e+01
   1.6824630e+06   1.4526367e+01
   1.6834680e+06   1.4221191e+01
   1.6842700e+06   1.6113281e+01
   1.6924210e+06   1.6479492e+01
   1.6935140e+06   1.5014648e+01
   1.6952410e+06   1.4526367e+01
   1.7031230e+06   1.9775391e+01
   1.7031650e+06   1.7211914e+01
   1.7032090e+06   1.4587402e+01
   1.7032300e+06   1.6479492e+01
   1.7032510e+06   1.5747070e+01
   1.7032740e+06   1.4160156e+01
   1.7033350e+06   1.6113281e+01
   1.7034120e+06   2.2888184e+01
   1.7039920e+06   1.4709473e+01
   1.7145240e+06   1.5380859e+01
   1.7148890e+06   1.4282227e+01
   1.7160450e+06   1.5808105e+01
   1.7160810e+06   2.7160645e+01
   1.7163920e+06   1.4038086e+01
   1.7242940e+06   1.9714355e+01
   1.7268180e+06   1.5136719e+01
   1.7268680e+06   1.6052246e+01
   1.7329530e+06   2.9968262e+01
   1.7330430e+06   1.5258789e+01
   1.7330660e+06   1.7089844e+01
   1.7331120e+06   1.4282227e+01
   1.7331450e+06   1.4038086e+01
   1.7332590e+06   1.4038086e+01
   1.7334340e+06   1.5930176e+01
   1.7464720e+06   1.7456055e+01
   1.7478980e+06   1.5075684e+01
   1.7506460e+06   1.6784668e+01
   1.7511370e+06   1.5502930e+01
   1.7529320e+06   1.4038086e+01
   1.7532680e+06   1.9897461e+01
   1.7533320e+06   1.5380859e+01
   1.7534100e+06   1.6784668e+01
   1.7534530e+06   1.8066406e+01
   1.7535550e+06   1.8310547e+01
   1.7535720e+06   2.0874023e+01
   1.7536170e+06   1.4892578e+01
   1.7536340e+06   1.6723633e+01
   1.7537230e+06   1.4343262e+01
   1.7730660e+06   1.7944336e+01
   1.7821410e+06   1.4892578e+01
   1.7821560e+06   1.7639160e+01
   1.7822020e+06   1.4465332e+01
   1.7822320e+06   1.8249512e+01
   1.7822940e+06   2.2888184e+01
   1.7823310e+06   1.5014648e+01
   1.7823720e+06   1.8737793e+01
   1.7824140e+06   1.4648438e+01
   1.7937590e+06   1.7333984e+01
   1.7943790e+06   1.5197754e+01
   1.8034320e+06   1.6479492e+01
   1.8038050e+06   2.1667480e+01
   1.8038330e+06   1.5625000e+01
   1.8038840e+06   1.5502930e+01
   1.8039360e+06   1.6052246e+01
   1.8039790e+06   1.7822266e+01
   1.8040650e+06   1.5869141e+01
   1.8041860e+06   1.6357422e+01
   1.8048250e+06   1.4038086e+01
   1.8050540e+06   1.4526367e+01
   1.8179590e+06   1.4831543e+01
   1.8243570e+06   1.5014648e+01
   1.8299990e+06   1.4160156e+01
   1.8300410e+06   1.6784668e+01
   1.8300760e+06   1.4282227e+01
   1.8301080e+06   1.4770508e+01
   1.8301520e+06   1.9287109e+01
   1.8301880e+06   1.7272949e+01
   1.8303050e+06   1.6906738e+01
   1.8303490e+06   1.5747070e+01
   1.8308000e+06   1.4282227e+01
   1.8435520e+06   1.7761230e+01
   1.8438710e+06   1.7456055e+01
   1.8441290e+06   1.4526367e+01
   1.8574420e+06   1.4282227e+01
   1.8576230e+06   1.4282227e+01
   1.8579820e+06   1.5197754e+01
   1.8594820e+06   2.0324707e+01
   1.8598980e+06   1.4221191e+01
   1.8611160e+06   2.1118164e+01
   1.8612540e+06   1.9836426e+01
   1.8723940e+06   1.9897461e+01
   1.8746420e+06   1.9592285e+01
   1.8797340e+06   1.4953613e+01
   1.8797650e+06   1.6601562e+01
   1.8799100e+06   1.5686035e+01
   1.8799560e+06   1.5258789e+01
   1.8799890e+06   1.7761230e+01
   1.8800090e+06   1.4587402e+01
   1.8800830e+06   1.7028809e+01
   1.8927950e+06   1.7028809e+01
   1.8947310e+06   1.7517090e+01
   1.8948150e+06   1.5563965e+01
   1.8948800e+06   2.2216797e+01
   1.8949780e+06   1.4099121e+01
   1.8950530e+06   1.6479492e+01
   1.8950960e+06   1.7089844e+01
   1.8958920e+06   1.4221191e+01
   1.8960800e+06   1.4038086e+01
   1.9056860e+06   1.4465332e+01
   1.9068990e+06   1.5136719e+01
   1.9079670e+06   1.9104004e+01
   1.9154190e+06   1.8249512e+01
   1.9154320e+06   1.6418457e+01
   1.9155080e+06   1.5686035e+01
   1.9155260e+06   1.7517090e+01
   1.9155580e+06   1.6601562e+01
   1.9155800e+06   2.2155762e+01
   1.9155950e+06   1.6479492e+01
   1.9156440e+06   2.0324707e+01
   1.9156600e+06   1.6296387e+01
   1.9157160e+06   1.4160156e+01
   1.9157400e+06   1.4953613e+01
   1.9276450e+06   2.2033691e+01
   1.9283360e+06   1.6357422e+01
   1.9352720e+06   1.4709473e+01
   1.9365790e+06   1.4892578e+01
   1.9369140e+06   1.5014648e+01
   1.9369960e+06   1.4892578e+01
   1.9370460e+06   2.0324707e+01
   1.9370640e+06   1.5625000e+01
   1.9370930e+06   1.6418457e+01
   1.9371390e+06   1.9470215e+01
   1.9371520e+06   1.6479492e+01
   1.9371930e+06   1.4587402e+01
   1.9376230e+06   1.4343262e+01
   1.9379620e+06   1.4343262e+01
   1.9466410e+06   1.7089844e+01
   1.9517840e+06   1.9775391e+01
   1.9523590e+06   1.4343262e+01
   1.9529880e+06   1.5441895e+01
   1.9532900e+06   1.5563965e+01
   1.9558890e+06   1.5136719e+01
   1.9559670e+06   1.5808105e+01
   1.9560000e+06   1.6052246e+01
   1.9560600e+06   2.1789551e+01
   1.9560890e+06   1.4465332e+01
   1.9565770e+06   1.5197754e+01
   1.9674800e+06   1.7761230e+01
   1.9779600e+06   1.4709473e+01
   1.9783310e+06   1.6723633e+01
   1.9783760e+06   1.4587402e+01
   1.9784360e+06   1.5441895e+01
   1.9784540e+06   1.8676758e+01
   1.9784720e+06   1.4343262e+01
   1.9785020e+06   1.4770508e+01
   1.9785440e+06   1.5502930e+01
   1.9786440e+06   1.4892578e+01
   1.9786760e+06   1.7761230e+01
   1.9792860e+06   1.4892578e+01
   1.9977500e+06   1.4343262e+01
   1.9978800e+06   2.1850586e+01
   1.9979130e+06   1.6906738e+01
   1.9979760e+06   1.5075684e+01
   1.9979980e+06   1.5563965e+01
   1.9980570e+06   1.6052246e+01
   1.9981660e+06   1.5502930e+01
   2.0067530e+06   1.5441895e+01
   2.0099650e+06   1.4587402e+01
   2.0179830e+06   1.5136719e+01
   2.0199280e+06   1.4953613e+01
   2.0199520e+06   1.4099121e+01
   2.0200040e+06   1.8798828e+01
   2.0200590e+06   1.4404297e+01
   2.0200790e+06   1.8676758e+01
   2.0200940e+06   1.4160156e+01
   2.0201240e+06   1.8005371e+01
   2.0201640e+06   1.7578125e+01
   2.0201800e+06   1.5747070e+01
   2.0202620e+06   1.4038086e+01
   2.0203720e+06   1.5625000e+01
   2.0307380e+06   1.4953613e+01
   2.0393060e+06   1.7272949e+01
   2.0413830e+06   1.4526367e+01
   2.0414080e+06   1.5380859e+01
   2.0414440e+06   1.4038086e+01
   2.0414710e+06   1.6357422e+01
   2.0414970e+06   1.5380859e+01
   2.0415150e+06   1.7883301e+01
   2.0415850e+06   2.0751953e+01
   2.0418070e+06   1.8493652e+01
   2.0568440e+06   1.7639160e+01
   2.0582700e+06   2.0629883e+01
   2.0583430e+06   1.4099121e+01
   2.0584320e+06   1.4831543e+01
   2.0584600e+06   1.8432617e+01
   2.0585000e+06   1.5319824e+01
   2.0586050e+06   1.5258789e+01
   2.0586540e+06   1.5075684e+01
   2.0690810e+06   2.0019531e+01
   2.0702690e+06   1.6174316e+01
   2.0703410e+06   1.4221191e+01
   2.0703620e+06   1.5136719e+01
   2.0703850e+06   1.5991211e+01
   2.0706140e+06   1.6479492e+01
   2.0707220e+06   1.5563965e+01
   2.0789740e+06   1.8188477e+01
   2.0791350e+06   1.4038086e+01
   2.0792090e+06   1.7272949e+01
   2.0793710e+06   1.3977051e+01
   2.0881510e+06   1.8066406e+01
   2.0906850e+06   1.9287109e+01
   2.0914470e+06   1.4099121e+01
   2.0937590e+06   1.7822266e+01
   2.1016380e+06   1.5014648e+01
   2.1074800e+06   1.6052246e+01
   2.1075240e+06   1.5502930e+01
   2.1075480e+06   1.5991211e+01
   2.1075800e+06   1.7822266e+01
   2.1076110e+06   1.7944336e+01
   2.1076640e+06   1.4709473e+01
   2.1077220e+06   1.4160156e+01
   2.1077350e+06   1.4770508e+01
   2.1077900e+06   1.4282227e+01
   2.1082690e+06   1.4404297e+01
   2.1192700e+06   1.7578125e+01
   2.1195150e+06   1.4709473e+01
   2.1226340e+06   1.7639160e+01
   2.1303110e+06   2.0263672e+01
   2.1303770e+06   1.6723633e+01
   2.1304390e+06   1.5563965e+01
   2.1304690e+06   2.0202637e+01
   2.1304920e+06   1.6052246e+01
   2.1305560e+06   1.4465332e+01
   2.1306010e+06   1.6784668e+01
   2.1306290e+06   1.6662598e+01
   2.1309360e+06   1.5869141e+01
   2.1438560e+06   1.5747070e+01
   2.1450020e+06   1.6296387e+01
   2.1451590e+06   1.5563965e+01
   2.1451940e+06   1.5625000e+01
   2.1452640e+06   1.5014648e+01
   2.1453530e+06   1.9653320e+01
   2.1457610e+06   1.4343262e+01
   2.1548210e+06   1.6540527e+01
   2.1568470e+06   1.4221191e+01
   2.1568630e+06   1.6845703e+01
   2.1570600e+06   2.2094727e+01
   2.1570790e+06   1.7028809e+01
   2.1571770e+06   1.5502930e+01
   2.1572100e+06   1.6540527e+01
   2.1576140e+06   1.6418457e+01
   2.1582280e+06   1.4587402e+01
   2.1699680e+06   1.5258789e+01
   2.1702090e+06   1.5258789e+01
   2.1759390e+06   1.3977051e+01
   2.1780740e+06   1.9104004e+01
   2.1825750e+06   1.9836426e+01
   2.1826000e+06   1.7639160e+01
   2.1826330e+06   2.6000977e+01
   2.1827380e+06   1.5319824e+01
   2.1827490e+06   1.6296387e+01
   2.1828010e+06   1.6662598e+01
   2.1945970e+06   1.5991211e+01
   2.1946430e+06   1.4892578e+01
   2.1949410e+06   1.4038086e+01
   2.2026180e+06   1.6479492e+01
   2.2031760e+06   1.3977051e+01
   2.2054500e+06   1.9836426e+01
   2.2055110e+06   1.4648438e+01
   2.2055510e+06   1.5563965e+01
   2.2055830e+06   2.1728516e+01
   2.2056180e+06   1.6296387e+01
   2.2056960e+06   1.5563965e+01
   2.2057620e+06   2.0019531e+01
   2.2163010e+06   1.6296387e+01
   2.2163710e+06   1.7272949e+01
   2.2165530e+06   1.4343262e+01
   2.2167990e+06   1.5380859e+01
   2.2232380e+06   1.6601562e+01
   2.2248020e+06   1.7639160e+01
   2.2248340e+06   1.4709473e+01
   2.2249810e+06   1.4892578e+01
   2.2250740e+06   1.9775391e+01
   2.2251250e+06   1.4892578e+01
   2.2252290e+06   1.9287109e+01
   2.2252570e+06   1.6540527e+01
   2.2355090e+06   1.9042969e+01
   2.2357820e+06   1.4038086e+01
   2.2359960e+06   1.5014648e+01
   2.2454520e+06   1.7456055e+01
   2.2455280e+06   1.9470215e+01
   2.2455430e+06   1.5075684e+01
   2.2456170e+06   1.8005371e+01
   2.2456350e+06   1.8310547e+01
   2.2456460e+06   1.4892578e+01
   2.2457310e+06   2.0385742e+01
   2.2559090e+06   1.4221191e+01
   2.2597160e+06   1.9226074e+01
   2.2597320e+06   1.7578125e+01
   2.2598900e+06   1.5808105e+01
   2.2599710e+06   1.5502930e+01
   2.2599870e+06   1.4709473e+01
   2.2695480e+06   1.4526367e+01
   2.2695800e+06   1.4648438e+01
   2.2696690e+06   1.5441895e+01
   2.2697310e+06   1.4038086e+01
   2.2697860e+06   2.0996094e+01
   2.2698350e+06   1.5808105e+01
   2.2699410e+06   2.8381348e+01
   2.2805880e+06   1.7211914e+01
   2.2810550e+06   1.5258789e+01
   2.2811570e+06   1.4831543e+01
   2.2849680e+06   2.5878906e+01
   2.2849790e+06   2.0019531e+01
   2.2851070e+06   1.4160156e+01
   2.2971650e+06   1.9470215e+01
   2.2971810e+06   2.0446777e+01
   2.2972550e+06   1.5808105e+01
   2.2972900e+06   2.0202637e+01
   2.2973230e+06   1.7822266e+01
   2.2973800e+06   1.8310547e+01
   2.2973960e+06   1.6418457e+01
   2.2974960e+06   1.4587402e+01
   2.2975940e+06   1.4099121e+01
   2.3110990e+06   1.4587402e+01
   2.3111380e+06   1.5014648e+01
   2.3111610e+06   1.4282227e+01
   2.3113770e+06   1.7272949e+01
   2.3227610e+06   1.7883301e+01
   2.3232020e+06   1.5625000e+01
   2.3248930e+06   1.7517090e+01
   2.3249170e+06   1.8249512e+01
   2.3249340e+06   1.8615723e+01
   2.3250030e+06   1.8188477e+01
   2.3250840e+06   1.5930176e+01
   2.3251250e+06   1.5502930e+01
   2.3251400e+06   1.4160156e+01
   2.3252260e+06   1.4770508e+01
   2.3252490e+06   1.4587402e+01
   2.3253860e+06   1.4587402e+01
   2.3255210e+06   1.4282227e+01
   2.3371100e+06   1.7761230e+01
   2.3430280e+06   1.7761230e+01
   2.3441860e+06   2.2521973e+01
   2.3442360e+06   1.7700195e+01
   2.3442570e+06   1.8127441e+01
   2.3443580e+06   1.7456055e+01
   2.3443980e+06   1.4404297e+01
   2.3444350e+06   1.4709473e+01
   2.3444720e+06   1.4282227e+01
   2.3445030e+06   1.4526367e+01
   2.3447570e+06   1.3977051e+01
   2.3565130e+06   1.9653320e+01
   2.3566410e+06   1.5380859e+01
   2.3566780e+06   1.6174316e+01
   2.3568180e+06   1.6479492e+01
   2.3569370e+06   1.4709473e+01
   2.3676900e+06   1.7395020e+01
   2.3677820e+06   1.4221191e+01
   2.3771910e+06   1.4831543e+01
   2.3784520e+06   1.5991211e+01
   2.3791780e+06   1.4404297e+01
   2.3873850e+06   1.6235352e+01
   2.3875810e+06   1.7944336e+01
   2.3888430e+06   1.4648438e+01
   2.3964270e+06   1.6784668e+01
   2.3965650e+06   1.4160156e+01
   2.4022840e+06   2.0141602e+01
   2.4057940e+06   1.4221191e+01
   2.4118010e+06   1.6296387e+01
   2.4118330e+06   1.6235352e+01
   2.4118830e+06   1.6723633e+01
   2.4119250e+06   1.5563965e+01
   2.4119550e+06   1.7517090e+01
   2.4120510e+06   1.4648438e+01
   2.4120810e+06   1.6174316e+01
   2.4122230e+06   1.6113281e+01
   2.4122620e+06   1.4343262e+01
   2.4245520e+06   1.7822266e+01
   2.4263770e+06   1.4282227e+01
   2.4340990e+06   1.9226074e+01
   2.4371010e+06   1.9348145e+01
   2.4371680e+06   1.4343262e+01
   2.4371890e+06   1.5563965e+01
   2.4372130e+06   1.7028809e+01
   2.4372230e+06   1.5136719e+01
   2.4372460e+06   1.7211914e+01
   2.4372630e+06   1.6052246e+01
   2.4372770e+06   1.6906738e+01
   2.4373260e+06   1.3977051e+01
   2.4373500e+06   1.9714355e+01
   2.4373670e+06   1.7028809e+01
   2.4374840e+06   1.4526367e+01
   2.4376790e+06   1.5014648e+01
   2.4460610e+06   1.6296387e+01
   2.4495100e+06   1.5075684e+01
   2.4496350e+06   1.5502930e+01
   2.4519820e+06   1.6906738e+01
   2.4529080e+06   1.4648438e+01
   2.4616260e+06   1.7639160e+01
   2.4630150e+06   1.5747070e+01
   2.4632330e+06   1.8066406e+01
   2.4633040e+06   1.4526367e+01
   2.4634540e+06   1.5991211e+01
   2.4634790e+06   1.9104004e+01
   2.4635360e+06   1.7333984e+01
   2.4635720e+06   1.6418457e+01
   2.4636030e+06   1.6601562e+01
   2.4637170e+06   1.4282227e+01
   2.4645320e+06   1.4160156e+01
   2.4753990e+06   1.7639160e+01
   2.4777470e+06   1.6601562e+01
   2.4788850e+06   1.4831543e+01
   2.4789120e+06   1.9897461e+01
   2.4790580e+06   1.5502930e+01
   2.4792360e+06   1.5686035e+01
   2.4797460e+06   1.4953613e+01
   2.4907690e+06   2.3376465e+01
   2.4907910e+06   1.6540527e+01
   2.4908650e+06   1.9775391e+01
   2.4909200e+06   1.5075684e+01
   2.4909390e+06   1.5747070e+01
   2.4909750e+06   1.4343262e+01
   2.4910870e+06   1.9287109e+01
   2.4911180e+06   1.7456055e+01
   2.4912650e+06   1.4343262e+01
   2.4915200e+06   1.5197754e+01
   2.5021770e+06   1.6723633e+01
   2.5072820e+06   1.3977051e+01
   2.5099480e+06   1.4953613e+01
   2.5156110e+06   2.2766113e+01
   2.5156320e+06   1.4465332e+01
   2.5156970e+06   1.4404297e+01
   2.5157270e+06   1.6357422e+01
   2.5157840e+06   1.6296387e+01
   2.5158200e+06   2.8869629e+01
   2.5159180e+06   1.7578125e+01
   2.5160040e+06   1.4465332e+01
   2.5297270e+06   1.6235352e+01
   2.5302510e+06   1.4221191e+01
   2.5385840e+06   1.7028809e+01
   2.5411300e+06   1.3977051e+01
   2.5479890e+06   1.9104004e+01
   2.5495630e+06   1.4709473e+01
   2.5496150e+06   1.7272949e+01
   2.5496600e+06   1.5686035e+01
   2.5496810e+06   1.7578125e+01
   2.5497650e+06   1.5136719e+01
   2.5498000e+06   2.3010254e+01
   2.5498200e+06   1.4709473e+01
   2.5498830e+06   1.5136719e+01
   2.5498980e+06   1.6052246e+01
   2.5654710e+06   1.8188477e+01
   2.5655610e+06   1.4038086e+01
   2.5656120e+06   1.4099121e+01
   2.5656650e+06   1.4465332e+01
   2.5657070e+06   1.4221191e+01
   2.5657450e+06   1.4892578e+01
   2.5657600e+06   1.7089844e+01
   2.5658380e+06   1.6113281e+01
   2.5658810e+06   1.4526367e+01
   2.5667860e+06   1.4709473e+01
   2.5745790e+06   1.5930176e+01
   2.5821790e+06   1.6357422e+01
   2.5839070e+06   1.9470215e+01
   2.5852070e+06   1.7333984e+01
   2.5852410e+06   1.4343262e+01
   2.5853080e+06   1.5136719e+01
   2.5853220e+06   1.5808105e+01
   2.5853520e+06   1.5319824e+01
   2.5854330e+06   1.5563965e+01
   2.5854900e+06   2.0080566e+01
   2.5855600e+06   1.6540527e+01
   2.5855740e+06   1.4831543e+01
   2.5978540e+06   1.3977051e+01
   2.6016920e+06   1.5258789e+01
   2.6040480e+06   1.4038086e+01
   2.6044420e+06   1.4587402e+01
   2.6064930e+06   1.4282227e+01
   2.6066520e+06   1.3977051e+01
   2.6190080e+06   1.6601562e+01
   2.6222110e+06   1.4160156e+01
   2.6222580e+06   1.5136719e+01
   2.6222890e+06   1.9409180e+01
   2.6223600e+06   2.4230957e+01
   2.6223790e+06   1.7272949e+01
   2.6224120e+06   1.4709473e+01
   2.6224470e+06   1.7944336e+01
   2.6224890e+06   1.4953613e+01
   2.6361550e+06   1.4160156e+01
   2.6366620e+06   1.4160156e+01
   2.6367610e+06   1.6357422e+01
   2.6371270e+06   1.5380859e+01
   2.6389080e+06   1.5258789e+01
   2.6389380e+06   2.2338867e+01
   2.6481810e+06   1.4831543e+01
   2.6481980e+06   2.0996094e+01
   2.6484160e+06   1.4160156e+01
   2.6484480e+06   1.6113281e+01
   2.6485310e+06   1.6174316e+01
   2.6485790e+06   1.9409180e+01
   2.6486070e+06   1.5686035e+01
   2.6486220e+06   1.4953613e+01
   2.6593980e+06   1.7639160e+01
   2.6624370e+06   1.5136719e+01
   2.6635300e+06   1.5075684e+01
   2.6636370e+06   1.6052246e+01
   2.6736090e+06   1.9714355e+01
   2.6737560e+06   1.7517090e+01
   2.6738300e+06   1.4587402e+01
   2.6738430e+06   1.5075684e+01
   2.6741250e+06   1.5991211e+01
   2.6742790e+06   1.6845703e+01
   2.6857220e+06   1.5991211e+01
   2.6858080e+06   1.5441895e+01
   2.6945640e+06   1.5686035e+01
   2.6980920e+06   1.8127441e+01
   2.7008220e+06   1.5014648e+01
   2.7009830e+06   1.4465332e+01
   2.7102670e+06   1.4465332e+01
   2.7102800e+06   1.4221191e+01
   2.7102950e+06   1.8859863e+01
   2.7103500e+06   1.4709473e+01
   2.7103950e+06   1.4587402e+01
   2.7104260e+06   1.5441895e+01
   2.7104530e+06   1.8371582e+01
   2.7105390e+06   1.4709473e+01
   2.7105860e+06   1.6418457e+01
   2.7106150e+06   1.4038086e+01
   2.7247830e+06   1.6235352e+01
   2.7248460e+06   1.4282227e+01
   2.7249400e+06   1.4526367e+01
   2.7250980e+06   1.4648438e+01
   2.7252130e+06   1.6479492e+01
   2.7385460e+06   1.6479492e+01
   2.7403500e+06   1.7028809e+01
   2.7405150e+06   1.4099121e+01
   2.7405830e+06   1.4587402e+01
   2.7406090e+06   1.6967773e+01
   2.7506280e+06   1.4892578e+01
   2.7506530e+06   2.6245117e+01
   2.7507250e+06   1.3977051e+01
   2.7507720e+06   1.6784668e+01
   2.7508710e+06   1.5808105e+01
   2.7509120e+06   1.4465332e+01
   2.7509460e+06   1.5441895e+01
   2.7509610e+06   1.5319824e+01
   2.7596280e+06   1.4465332e+01
   2.7622790e+06   1.4831543e+01
   2.7654050e+06   1.4099121e+01
   2.7654700e+06   1.6540527e+01
   2.7655180e+06   1.4648437e+01
   2.7656970e+06   1.4038086e+01
   2.7657520e+06   1.4404297e+01
   2.7777490e+06   1.4709473e+01
   2.7787900e+06   2.1972656e+01
   2.7789080e+06   1.5686035e+01
   2.7789610e+06   1.5441895e+01
   2.7790080e+06   2.3681641e+01
   2.7790310e+06   1.4587402e+01
   2.7790750e+06   1.4465332e+01
   2.7791770e+06   1.4892578e+01
   2.7906460e+06   1.9836426e+01
   2.7977860e+06   1.5502930e+01
   2.7978880e+06   1.4099121e+01
   2.8037080e+06   1.5625000e+01
   2.8199940e+06   1.5502930e+01
   2.8200290e+06   1.6662598e+01
   2.8200730e+06   1.4282227e+01
   2.8201110e+06   1.4648438e+01
   2.8201990e+06   1.9775391e+01
   2.8202130e+06   1.5014648e+01
   2.8203010e+06   1.5991211e+01
   2.8203340e+06   1.4831543e+01
   2.8208230e+06   1.4953613e+01
   2.8228820e+06   1.4099121e+01
   2.8279010e+06   1.4404297e+01
   2.8279190e+06   1.6052246e+01
   2.8280210e+06   1.6479492e+01
   2.8366330e+06   1.8188477e+01
   2.8367070e+06   1.6174316e+01
   2.8367520e+06   2.1362305e+01
   2.8367960e+06   2.4353027e+01
   2.8368560e+06   2.3315430e+01
   2.8368900e+06   1.5136719e+01
   2.8369820e+06   1.4404297e+01
   2.8402020e+06   1.5502930e+01
   2.8436890e+06   1.4282227e+01
   2.8456070e+06   2.6062012e+01
   2.8457410e+06   1.7822266e+01
   2.8457990e+06   1.5258789e+01
   2.8521660e+06   1.4465332e+01
   2.8521910e+06   1.7578125e+01
   2.8522910e+06   2.1362305e+01
   2.8523220e+06   1.8554688e+01
   2.8523420e+06   1.6784668e+01
   2.8524330e+06   1.6418457e+01
   2.8527240e+06   1.4404297e+01
   2.8611280e+06   1.4648438e+01
   2.8611730e+06   1.5197754e+01
   2.8612010e+06   1.6662598e+01
   2.8613280e+06   2.0385742e+01
   2.8613900e+06   1.5197754e+01
   2.8614560e+06   1.5197754e+01
   2.8639340e+06   1.7883301e+01
   2.8724990e+06   1.8188477e+01
   2.8725620e+06   1.4892578e+01
   2.8726390e+06   1.5747070e+01
   2.8726610e+06   1.4953613e+01
   2.8727120e+06   1.4770508e+01
   2.8829120e+06   1.3977051e+01
   2.8843090e+06   2.0263672e+01
   2.8901450e+06   1.7700195e+01
   2.8902850e+06   1.4282227e+01
   2.8909740e+06   1.4831543e+01
   2.8944710e+06   1.4648438e+01
   2.8984620e+06   1.4465332e+01
   2.8986680e+06   1.6174316e+01
   2.8987530e+06   1.6784668e+01
   2.8988620e+06   1.4587402e+01
   2.8996890e+06   1.7822266e+01
   2.9048350e+06   1.3977051e+01
   2.9054200e+06   1.5380859e+01
   2.9171360e+06   1.4099121e+01
   2.9171750e+06   1.7700195e+01
   2.9172950e+06   2.4169922e+01
   2.9173080e+06   1.8737793e+01
   2.9173490e+06   1.5686035e+01
   2.9233270e+06   2.4414063e+01
   2.9235430e+06   1.4343262e+01
   2.9240960e+06   1.4038086e+01
   2.9336280e+06   1.4892578e+01
   2.9336720e+06   1.5991211e+01
   2.9337520e+06   1.4709473e+01
   2.9337980e+06   2.6855469e+01
   2.9338250e+06   1.6174316e+01
   2.9343410e+06   1.6540527e+01
   2.9347660e+06   1.5319824e+01
   2.9355040e+06   1.6357422e+01
   2.9367010e+06   1.4709473e+01
   2.9461210e+06   1.5014648e+01
   2.9537840e+06   1.6113281e+01
   2.9566670e+06   1.4221191e+01
   2.9567600e+06   1.5991211e+01
   2.9629940e+06   1.5930176e+01
   2.9630130e+06   2.0080566e+01
   2.9632510e+06   1.4343262e+01
   2.9646800e+06   1.4465332e+01
   2.9655380e+06   1.5686035e+01
   2.9734590e+06   1.4526367e+01
   2.9776360e+06   1.4709473e+01
   2.9779750e+06   1.7883301e+01
   2.9886780e+06   1.5991211e+01
   2.9887550e+06   1.8920898e+01
   2.9931970e+06   2.0263672e+01
   2.9938090e+06   1.7456055e+01
   3.0044240e+06   1.5869141e+01
   3.0051010e+06   1.6235352e+01
   3.0142000e+06   2.1301270e+01
   3.0199980e+06   1.4282227e+01
   3.0200260e+06   1.4343262e+01
   3.0208680e+06   1.4038086e+01
   3.0208790e+06   1.4465332e+01
   3.0244840e+06   1.4587402e+01
   3.0245810e+06   2.3010254e+01
   3.0246100e+06   1.5502930e+01
   3.0379940e+06   1.4526367e+01
   3.0390820e+06   1.4221191e+01
   3.0437450e+06   2.6123047e+01
   3.0438910e+06   1.3977051e+01
   3.0444190e+06   2.0690918e+01
   3.0504490e+06   1.4953613e+01
   3.0505170e+06   2.0324707e+01
   3.0518560e+06   1.6662598e+01
   3.0622000e+06   1.9653320e+01
   3.0622760e+06   1.4038086e+01
   3.0628770e+06   1.4099121e+01
   3.0629240e+06   1.5014648e+01
   3.0629970e+06   1.4282227e+01
   3.0638680e+06   1.4282227e+01
   3.0761250e+06   1.4526367e+01
   3.0761690e+06   1.5747070e+01
   3.0762490e+06   2.0751953e+01
   3.0763020e+06   1.4099121e+01
   3.0771670e+06   1.5625000e+01
   3.0773320e+06   1.4038086e+01
   3.0890040e+06   1.8493652e+01
   3.0890760e+06   1.6601562e+01
   3.0894230e+06   1.6784668e+01
   3.1058440e+06   1.4099121e+01
   3.1058800e+06   1.7517090e+01
   3.1059340e+06   1.7333984e+01
   3.1059660e+06   1.6052246e+01
   3.1059920e+06   1.4770508e+01
   3.1060440e+06   1.6174316e+01
   3.1060790e+06   1.5258789e+01
   3.1066670e+06   1.4526367e+01
   3.1089140e+06   1.4831543e+01
   3.1195830e+06   1.7028809e+01
   3.1201140e+06   1.5502930e+01
   3.1206440e+06   1.4892578e+01
   3.1325480e+06   1.7456055e+01
   3.1325580e+06   1.6906738e+01
   3.1329510e+06   1.5869141e+01
   3.1464860e+06   1.5502930e+01
   3.1465830e+06   1.4770508e+01
   3.1468490e+06   1.5258789e+01
   3.1472730e+06   1.7639160e+01
   3.1492220e+06   1.6784668e+01
   3.1504180e+06   1.4953613e+01
   3.1667060e+06   1.7028809e+01
   3.1667960e+06   1.4404297e+01
   3.1671530e+06   1.6357422e+01
   3.1672300e+06   1.5197754e+01
   3.1680490e+06   1.7333984e+01
   3.1691560e+06   1.4892578e+01
   3.1694210e+06   1.5319824e+01
   3.1700250e+06   1.4160156e+01
   3.1869960e+06   1.6113281e+01
   3.1870280e+06   1.7883301e+01
   3.1871160e+06   1.7028809e+01
   3.1871420e+06   1.3977051e+01
   3.1873860e+06   1.4465332e+01
   3.1882820e+06   1.5991211e+01
   3.1886910e+06   1.5747070e+01
   3.2030020e+06   1.6357422e+01
   3.2030900e+06   1.5625000e+01
   3.2033290e+06   1.8493652e+01
   3.2041130e+06   1.5869141e+01
   3.2045590e+06   1.6418457e+01
   3.2348920e+06   1.4953613e+01
   3.2349390e+06   1.6174316e+01
   3.2350340e+06   1.5319824e+01
   3.2351180e+06   1.4038086e+01
   3.2351910e+06   1.4038086e+01
   3.2352260e+06   1.4099121e+01
   3.2353010e+06   1.4282227e+01
   3.2354250e+06   1.5930176e+01
   3.2375280e+06   1.4709473e+01
   3.2384590e+06   1.4221191e+01
   3.2573440e+06   2.4475098e+01
   3.2574370e+06   1.4221191e+01
   3.2575100e+06   1.4038086e+01
   3.2577000e+06   1.4648438e+01
   3.2578630e+06   1.4282227e+01
   3.2596560e+06   1.4038086e+01
   3.2787770e+06   1.9226074e+01
   3.2789390e+06   1.4099121e+01
   3.2791290e+06   1.8554688e+01
   3.2804030e+06   1.5625000e+01
   3.2809690e+06   1.6601562e+01
   3.2822710e+06   1.9287109e+01
   3.2823810e+06   1.4526367e+01
   3.2996280e+06   2.4841309e+01
   3.2997460e+06   1.4038086e+01
   3.3004320e+06   1.6052246e+01
   3.3009020e+06   1.4404297e+01
   3.3244110e+06   1.6052246e+01
   3.3244560e+06   2.0141602e+01
   3.3245090e+06   1.4221191e+01
   3.3246330e+06   2.0385742e+01
   3.3247910e+06   1.4160156e+01
   3.3248640e+06   1.5380859e+01
   3.3250430e+06   1.4526367e+01
   3.3257910e+06   1.4526367e+01
   3.3421400e+06   2.2888184e+01
   3.3423580e+06   1.6479492e+01
   3.3630800e+06   1.4282227e+01
   3.4235320e+06   1.6479492e+01
   3.4236030e+06   1.5319824e+01
   3.4236510e+06   1.4343262e+01
   3.4239140e+06   1.4465332e+01
   3.4431540e+06   1.7761230e+01
   3.4433690e+06   1.4587402e+01
   3.4608150e+06   1.6052246e+01
   3.4615090e+06   1.4404297e+01
   3.4827190e+06   1.6418457e+01
   3.4827730e+06   1.8859863e+01
   3.4908330e+06   1.6662598e+01
   3.4910370e+06   1.5869141e+01
   3.4914280e+06   1.5441895e+01
   3.5037270e+06   1.9165039e+01
   3.5049120e+06   1.8066406e+01
   3.5258110e+06   1.4221191e+01
   3.5275850e+06   1.7578125e+01
   3.5292150e+06   1.5625000e+01
   3.5292490e+06   1.7517090e+01
   3.5293790e+06   1.4953613e+01
   3.5302410e+06   1.7028809e+01
   3.5547900e+06   1.9653320e+01
   3.5579740e+06   1.7944336e+01
   3.5579910e+06   1.6662598e+01
   3.5580200e+06   1.5747070e+01
   3.5582420e+06   1.4038086e+01
   3.5859030e+06   1.9226074e+01
   3.5864000e+06   1.4831543e+01
   3.5864410e+06   1.4038086e+01
   3.6055510e+06   1.8493652e+01
   3.6059200e+06   1.4099121e+01
   3.6059680e+06   1.6784668e+01
   3.6059880e+06   2.3803711e+01
   3.6060230e+06   1.4831543e+01
   3.6060580e+06   1.4221191e+01
   3.6060710e+06   1.6418457e+01
   3.6061450e+06   1.4282227e+01
   3.6061640e+06   1.4160156e+01
   3.6061840e+06   1.7944336e+01
   3.6062940e+06   1.4770508e+01
   3.6064030e+06   1.4465332e+01
   3.6196600e+06   1.9042969e+01
   3.6199430e+06   1.7761230e+01
   3.6200270e+06   1.7395020e+01
   3.6211590e+06   1.4099121e+01
   3.6402840e+06   1.7517090e+01
   3.6404100e+06   1.6235352e+01
   3.6404760e+06   1.6662598e+01
   3.6405110e+06   1.4526367e+01
   3.6406090e+06   1.5686035e+01
   3.6407290e+06   2.0019531e+01
   3.6619890e+06   1.7700195e+01
   3.6621380e+06   1.5380859e+01
   3.6621830e+06   1.4831543e+01
   3.6622110e+06   2.3559570e+01
   3.6622390e+06   1.4465332e+01
   3.6622820e+06   1.4160156e+01
   3.6624550e+06   1.4404297e+01
   3.6629630e+06   1.5502930e+01
   3.6770380e+06   1.4953613e+01
   3.6770880e+06   1.5319824e+01
   3.6771420e+06   1.7211914e+01
   3.6771850e+06   1.4343262e+01
   3.6773310e+06   2.2583008e+01
   3.6774590e+06   1.4343262e+01
   3.6948000e+06   1.7883301e+01
   3.6949280e+06   1.7700195e+01
   3.6949680e+06   1.4282227e+01
   3.6950160e+06   1.9714355e+01
   3.6950750e+06   1.5563965e+01
   3.6950850e+06   1.5075684e+01
   3.6952490e+06   1.6357422e+01
   3.7063270e+06   1.7639160e+01
   3.7064790e+06   1.6723633e+01
   3.7067070e+06   1.6235352e+01
   3.7069350e+06   1.4160156e+01
   3.7069730e+06   1.4648438e+01
   3.7201800e+06   2.1423340e+01
   3.7214980e+06   1.5014648e+01
   3.7295260e+06   1.8066406e+01
   3.7388510e+06   1.8920898e+01
   3.7389390e+06   1.5258789e+01
   3.7390070e+06   1.7822266e+01
   3.7390580e+06   1.8005371e+01
   3.7391870e+06   1.6723633e+01
   3.7392450e+06   1.4953613e+01
   3.7395290e+06   1.5136719e+01
   3.7603160e+06   1.4465332e+01
   3.7604220e+06   1.4404297e+01
   3.7610210e+06   1.5869141e+01
   3.7805610e+06   1.6906738e+01
   3.7806370e+06   1.5258789e+01
   3.7808590e+06   1.4953613e+01
   3.7855100e+06   1.9836426e+01
   3.7973100e+06   2.2155762e+01
   3.7973540e+06   1.5258789e+01
   3.7974090e+06   1.4526367e+01
   3.7974910e+06   1.5686035e+01
   3.7976140e+06   1.5197754e+01
   3.7976260e+06   1.6235352e+01
   3.8158190e+06   1.4709473e+01
   3.8159100e+06   2.1118164e+01
   3.8161050e+06   1.9897461e+01
   3.8221650e+06   1.4221191e+01
   3.8248150e+06   2.6184082e+01
   3.8631790e+06   1.8371582e+01
   3.8632280e+06   1.9714355e+01
   3.8632640e+06   1.4221191e+01
   3.8633340e+06   2.1911621e+01
   3.8633670e+06   1.6235352e+01
   3.8634240e+06   1.9165039e+01
   3.8634640e+06   1.5563965e+01
   3.8689740e+06   1.3977051e+01
   3.8704630e+06   1.5686035e+01
   3.8721420e+06   1.7700195e+01
   3.8733720e+06   1.4648438e+01
   3.8754680e+06   1.5502930e+01
   3.8765940e+06   1.5319824e+01
   3.8925990e+06   1.5014648e+01
   3.9397830e+06   2.5695801e+01
   3.9398660e+06   1.4404297e+01
   3.9401060e+06   1.5747070e+01
   3.9401370e+06   1.4831543e+01
   3.9401660e+06   2.4414062e+01
   3.9503270e+06   1.4587402e+01
   4.0027560e+06   1.5075684e+01
   4.0657960e+06   1.4831543e+01
   4.0911020e+06   1.4892578e+01
   4.1158300e+06   1.4587402e+01
   4.1625450e+06   1.4099121e+01
   4.1775230e+06   1.3977051e+01
   4.2035190e+06   1.6479492e+01
   4.2056540e+06   1.9165039e+01
   4.2134300e+06   1.6296387e+01
   4.2181030e+06   2.1057129e+01
   4.2191080e+06   1.4831543e+01
   4.2359790e+06   2.9052734e+01
   4.2751540e+06   1.8005371e+01
   4.2756450e+06   1.4282227e+01
   4.2759150e+06   1.4282227e+01
   4.2830750e+06   1.6113281e+01
   4.3126540e+06   1.6906738e+01
   4.3146940e+06   1.4160156e+01
   4.3159460e+06   1.4526367e+01
   4.3162590e+06   1.5258789e+01
   4.3370280e+06   1.4221191e+01
   4.3404700e+06   1.9042969e+01
   4.3539020e+06   1.8249512e+01
   4.3636020e+06   1.4587402e+01
   4.3657320e+06   1.5319824e+01
   4.3684640e+06   1.6479492e+01
   4.3775100e+06   1.4160156e+01
   4.3791750e+06   1.4099121e+01
   4.4082950e+06   2.2460938e+01
   4.4083820e+06   1.5563965e+01
   4.4266060e+06   1.6784668e+01
   4.4466370e+06   1.5808105e+01
   4.4595230e+06   1.5563965e+01
   4.4599350e+06   1.5991211e+01
   4.4615740e+06   1.5991211e+01
   4.4617710e+06   1.4099121e+01
   4.4622900e+06   1.3977051e+01
   4.4625410e+06   1.4099121e+01
   4.4627790e+06   1.4038086e+01
   4.4801060e+06   1.4465332e+01
   4.4804580e+06   1.8188477e+01
   4.5042950e+06   1.7211914e+01
   4.5046130e+06   1.4221191e+01
   4.5050910e+06   1.6601562e+01
   4.5056140e+06   2.0324707e+01
   4.5329300e+06   1.5686035e+01
   4.5330920e+06   1.7883301e+01
   4.5515370e+06   1.6662598e+01
   4.5556470e+06   1.4465332e+01
   4.5575840e+06   1.4404297e+01
   4.5688440e+06   1.5625000e+01
   4.5702200e+06   1.4465332e+01
   4.5880810e+06   2.0629883e+01
   4.5884580e+06   1.8981934e+01
   4.5894690e+06   1.6540527e+01
   4.6207640e+06   1.5502930e+01
   4.6301320e+06   1.4160156e+01
   4.6304320e+06   1.5563965e+01
   4.6309850e+06   1.6235352e+01
   4.6312340e+06   1.5136719e+01
   4.6314440e+06   1.4099121e+01
   4.6429520e+06   1.5869141e+01
   4.6509330e+06   1.4465332e+01
   4.6732760e+06   1.6906738e+01
   4.6805330e+06   1.4099121e+01
   4.6988990e+06   1.8371582e+01
   4.6999920e+06   1.4343262e+01
   4.7009400e+06   1.4648438e+01
   4.7178010e+06   1.5808105e+01
   4.7228370e+06   1.5197754e+01
   4.7370040e+06   1.9958496e+01
   4.7373140e+06   1.3977051e+01
   4.7380230e+06   1.5930176e+01
   4.7515780e+06   1.8188477e+01
   4.7555120e+06   1.6052246e+01
   4.7555890e+06   1.8249512e+01
   4.7559690e+06   1.4526367e+01
   4.7724760e+06   1.8005371e+01
   4.7735590e+06   1.4953613e+01
   4.7933410e+06   1.8249512e+01
   4.7936390e+06   1.4892578e+01
   4.7938830e+06   1.9592285e+01
   4.7943730e+06   1.3977051e+01
   4.7947240e+06   1.5136719e+01
   4.8112630e+06   1.4648438e+01
   4.8121200e+06   1.5014648e+01
   4.8329380e+06   2.2094727e+01
   4.8333250e+06   1.5075684e+01
   4.8338490e+06   1.5258789e+01
   4.8349700e+06   1.3977051e+01
   4.8721240e+06   1.5747070e+01
   4.8724730e+06   1.6357422e+01
   4.8731110e+06   1.6540527e+01
   4.8872510e+06   2.0690918e+01
   4.8975820e+06   1.4709473e+01
   4.8982640e+06   1.5258789e+01
   4.9101340e+06   1.8127441e+01
   4.9111300e+06   1.6967773e+01
   4.9113100e+06   1.8554688e+01
   4.9113540e+06   2.3620605e+01
   4.9113740e+06   1.4038086e+01
   4.9114140e+06   1.5930176e+01
   4.9114830e+06   2.4169922e+01
   4.9115160e+06   1.5258789e+01
   4.9116080e+06   1.4404297e+01
   4.9117080e+06   1.5319824e+01
   4.9118280e+06   1.4526367e+01
   4.9143740e+06   1.4526367e+01
   4.9155100e+06   1.4038086e+01
   4.9174370e+06   1.5563965e+01
   4.9218030e+06   1.6174316e+01
   4.9223920e+06   1.4709473e+01
   4.9292860e+06   1.4160156e+01
   4.9298860e+06   1.6418457e+01
   4.9317350e+06   1.5197754e+01
   4.9325070e+06   1.8249512e+01
   4.9329600e+06   1.7517090e+01
   4.9330280e+06   1.4038086e+01
   4.9339410e+06   1.4831543e+01
   4.9355740e+06   1.4709473e+01
   4.9364960e+06   1.4160156e+01
   4.9445810e+06   1.4465332e+01
   4.9575470e+06   1.4953613e+01
   4.9585950e+06   1.7700195e+01
   4.9626390e+06   1.7028809e+01
   4.9689970e+06   1.3977051e+01
   4.9697860e+06   1.7639160e+01
   4.9698120e+06   1.7578125e+01
   4.9698380e+06   2.0568848e+01
   4.9698680e+06   1.8859863e+01
   4.9698940e+06   1.5319824e+01
   4.9699420e+06   2.0019531e+01
   4.9699660e+06   1.6662598e+01
   4.9699960e+06   1.8554688e+01
   4.9700330e+06   1.7150879e+01
   4.9702240e+06   1.6357422e+01
   4.9704210e+06   1.4465332e+01
   4.9704370e+06   1.4099121e+01
   4.9705590e+06   1.5075684e+01
   4.9724470e+06   1.3977051e+01
   4.9725470e+06   1.4099121e+01
   4.9796950e+06   1.4099121e+01
   4.9798270e+06   1.4648438e+01
   4.9826020e+06   1.4282227e+01
   4.9916850e+06   1.8554688e+01
   4.9927940e+06   1.4038086e+01
   4.9932330e+06   1.4831543e+01
   4.9937320e+06   1.5441895e+01
   5.0090440e+06   1.9409180e+01
   5.0095980e+06   1.5625000e+01
   5.0097000e+06   1.4404297e+01
   5.0108330e+06   1.4221191e+01
   5.0191430e+06   1.5563965e+01
   5.0329000e+06   1.4831543e+01
   5.0400620e+06   1.5380859e+01
   5.0452540e+06   2.1301270e+01
   5.0453260e+06   1.4709473e+01
   5.0453490e+06   1.7883301e+01
   5.0454140e+06   2.4414062e+01
   5.0454430e+06   1.6906738e+01
   5.0454700e+06   1.8249512e+01
   5.0454940e+06   1.5563965e+01
   5.0455080e+06   1.8249512e+01
   5.0455270e+06   2.0141602e+01
   5.0455540e+06   1.5136719e+01
   5.0457860e+06   1.6479492e+01
   5.0458950e+06   1.5502930e+01
   5.0596130e+06   1.4831543e+01
   5.0635920e+06   2.1179199e+01
   5.0673660e+06   1.4526367e+01
   5.0710650e+06   1.8859863e+01
   5.0720260e+06   1.4343262e+01
   5.0726530e+06   1.4892578e+01
   5.0821300e+06   1.8371582e+01
   5.0872750e+06   1.9348145e+01
   5.0886890e+06   1.4892578e+01
   5.0887190e+06   1.4465332e+01
   5.0887370e+06   1.5686035e+01
   5.0888190e+06   2.1118164e+01
   5.0888360e+06   1.4892578e+01
   5.0888940e+06   1.7028809e+01
   5.0889090e+06   1.5625000e+01
   5.0890450e+06   1.5930176e+01
   5.0894190e+06   1.5686035e+01
   5.1028650e+06   1.3977051e+01
   5.1030870e+06   1.4099121e+01
   5.1031490e+06   1.8005371e+01
   5.1031850e+06   1.9714355e+01
   5.1032190e+06   1.5686035e+01
   5.1032880e+06   1.5747070e+01
   5.1033220e+06   1.4587402e+01
   5.1034340e+06   1.5136719e+01
   5.1040200e+06   1.4099121e+01
   5.1056320e+06   1.4221191e+01
   5.1147720e+06   1.9409180e+01
   5.1158710e+06   1.5136719e+01
   5.1162350e+06   1.5686035e+01
   5.1163090e+06   1.8127441e+01
   5.1167880e+06   1.5441895e+01
   5.1319150e+06   1.6662598e+01
   5.1376240e+06   1.8676758e+01
   5.1431630e+06   1.8493652e+01
   5.1463540e+06   1.4282227e+01
   5.1518400e+06   1.4892578e+01
   5.1538240e+06   1.5563965e+01
   5.1576160e+06   1.5380859e+01
   5.1607560e+06   1.6357422e+01
   5.1615760e+06   1.6479492e+01
   5.1753190e+06   1.8859863e+01
   5.1815100e+06   1.4892578e+01
   5.1836390e+06   2.0202637e+01
   5.1880940e+06   1.5808105e+01
   5.1933960e+06   1.5197754e+01
   5.1939000e+06   1.5319824e+01
   5.2043730e+06   1.7883301e+01
   5.2107030e+06   1.6296387e+01
   5.2110860e+06   1.5502930e+01
   5.2117940e+06   1.4465332e+01
   5.2264780e+06   1.6784668e+01
   5.2337220e+06   1.8676758e+01
   5.2345770e+06   1.4038086e+01
   5.2473530e+06   1.5441895e+01
   5.2508360e+06   1.6845703e+01
   5.2508840e+06   1.8432617e+01
   5.2509000e+06   2.2033691e+01
   5.2509230e+06   1.4587402e+01
   5.2509550e+06   1.4038086e+01
   5.2510100e+06   1.7944336e+01
   5.2510560e+06   1.6967773e+01
   5.2510980e+06   1.5075684e+01
   5.2511660e+06   2.4169922e+01
   5.2631950e+06   1.5380859e+01
   5.2635400e+06   1.6418457e+01
   5.2637420e+06   1.4587402e+01
   5.2638680e+06   1.5258789e+01
   5.2639430e+06   1.4221191e+01
   5.2647390e+06   1.5075684e+01
   5.2660330e+06   1.4038086e+01
   5.2670590e+06   1.4648438e+01
   5.2681790e+06   1.4709473e+01
   5.2697180e+06   1.4038086e+01
   5.2777490e+06   1.5075684e+01
   5.2784570e+06   1.6479492e+01
   5.2789750e+06   1.5380859e+01
   5.3116280e+06   1.4892578e+01
   5.3161320e+06   1.3977051e+01
   5.3167370e+06   1.4343262e+01
   5.3169240e+06   1.7028809e+01
   5.3170430e+06   1.6357422e+01
   5.3275980e+06   1.6967773e+01
   5.3306500e+06   1.7272949e+01
   5.3309080e+06   1.5014648e+01
   5.3316020e+06   1.5930176e+01
   5.3426290e+06   1.6174316e+01
   5.3574370e+06   2.0812988e+01
   5.3595370e+06   1.9958496e+01
   5.3612700e+06   1.4587402e+01
   5.3623060e+06   1.4465332e+01
   5.3810020e+06   1.8981934e+01
   5.3812550e+06   1.5686035e+01
   5.3889230e+06   1.6479492e+01
   5.3891690e+06   1.4770508e+01
   5.3896800e+06   1.6296387e+01
   5.3899280e+06   1.3977051e+01
   5.3928050e+06   1.4160156e+01
   5.4121640e+06   2.1728516e+01
   5.4123680e+06   1.5563965e+01
   5.4126310e+06   2.7648926e+01
   5.4126960e+06   1.4099121e+01
   5.4127200e+06   1.4160156e+01
   5.4127570e+06   1.4099121e+01
   5.4127810e+06   1.5258789e+01
   5.4127990e+06   1.4221191e+01
   5.4233000e+06   1.5319824e+01
   5.4251540e+06   1.4160156e+01
   5.4255600e+06   1.4404297e+01
   5.4270340e+06   1.8127441e+01
   5.4272710e+06   2.0385742e+01
   5.4283670e+06   1.9226074e+01
   5.4393200e+06   1.7272949e+01
   5.4416340e+06   1.4343262e+01
   5.4427870e+06   1.8371582e+01
   5.4432480e+06   1.5197754e+01
   5.4638130e+06   1.8371582e+01
   5.4677450e+06   1.6906738e+01
   5.4762920e+06   1.4587402e+01
   5.4854750e+06   1.6601562e+01
   5.4883240e+06   1.7578125e+01
   5.4921730e+06   1.4404297e+01
   5.4953530e+06   1.4892578e+01
   5.4956790e+06   2.1301270e+01
   5.5067500e+06   2.0812988e+01
   5.5114290e+06   1.4892578e+01
   5.5150320e+06   1.5686035e+01
   5.5240720e+06   1.6052246e+01
   5.5361220e+06   1.5869141e+01
   5.5361600e+06   2.6062012e+01
   5.5368840e+06   1.4038086e+01
   5.5372070e+06   1.5808105e+01
   5.5480410e+06   1.5625000e+01
   5.5550110e+06   1.5014648e+01
   5.5593480e+06   1.4526367e+01
   5.5596740e+06   1.4770508e+01
   5.5599420e+06   1.4709473e+01
   5.5715020e+06   1.6479492e+01
   5.5737040e+06   1.7700195e+01
   5.5745020e+06   1.5197754e+01
   5.5771150e+06   1.7456055e+01
   5.5772290e+06   1.4404297e+01
   5.5772460e+06   2.3681641e+01
   5.5772790e+06   2.1240234e+01
   5.5773130e+06   1.6967773e+01
   5.5773620e+06   1.4526367e+01
   5.5773960e+06   1.6113281e+01
   5.5774290e+06   2.1789551e+01
   5.5774410e+06   1.4038086e+01
   5.5774770e+06   1.8188477e+01
   5.5775240e+06   1.6906738e+01
   5.5843140e+06   1.8188477e+01
   5.5851730e+06   1.4282227e+01
   5.5853670e+06   1.4709473e+01
   5.5855370e+06   1.4099121e+01
   5.5865790e+06   1.4160156e+01
   5.5875400e+06   1.4221191e+01
   5.5922770e+06   1.4221191e+01
   5.5947620e+06   1.4221191e+01
   5.6023110e+06   1.7944336e+01
   5.6102540e+06   1.4648438e+01
   5.6133120e+06   1.4099121e+01
   5.6148210e+06   1.6906738e+01
   5.6168870e+06   1.6601562e+01
   5.6362700e+06   1.5014648e+01
   5.6363100e+06   1.5747070e+01
   5.6367410e+06   1.8005371e+01
   5.6374860e+06   1.6601562e+01
   5.6474420e+06   1.6113281e+01
   5.6535520e+06   1.4465332e+01
   5.6569130e+06   1.8005371e+01
   5.6680950e+06   1.6296387e+01
   5.6682280e+06   1.5197754e+01
   5.6682660e+06   1.4526367e+01
   5.6683060e+06   1.6174316e+01
   5.6683270e+06   2.1972656e+01
   5.6683390e+06   1.9287109e+01
   5.6683700e+06   1.9653320e+01
   5.6684280e+06   1.4648438e+01
   5.6684430e+06   1.5380859e+01
   5.6684570e+06   2.3010254e+01
   5.6688080e+06   1.4404297e+01
   5.6800120e+06   1.5258789e+01
   5.6813530e+06   1.4709473e+01
   5.6824360e+06   1.6723633e+01
   5.6949180e+06   1.7700195e+01
   5.6972780e+06   1.5686035e+01
   5.6979740e+06   1.8249512e+01
   5.7054920e+06   1.5502930e+01
   5.7248650e+06   1.4404297e+01
   5.7248890e+06   1.6235352e+01
   5.7253060e+06   1.6418457e+01
   5.7259360e+06   1.6662598e+01
   5.7380060e+06   1.4038086e+01
   5.7415070e+06   1.6113281e+01
   5.7562850e+06   2.1301270e+01
   5.7668990e+06   1.6174316e+01
   5.7773820e+06   1.7333984e+01
   5.7788110e+06   1.4099121e+01
   5.7826630e+06   1.4648438e+01
   5.7930110e+06   1.4892578e+01
   5.7948640e+06   1.4526367e+01
   5.8072130e+06   1.8127441e+01
   5.8073830e+06   1.4526367e+01
   5.8073940e+06   1.6418457e+01
   5.8074480e+06   1.6784668e+01
   5.8074610e+06   1.4465332e+01
   5.8075430e+06   1.9897461e+01
   5.8076430e+06   1.4099121e+01
   5.8077830e+06   1.4587402e+01
   5.8100480e+06   1.5075684e+01
   5.8183470e+06   1.7028809e+01
   5.8189870e+06   1.7028809e+01
   5.8326270e+06   1.6784668e+01
   5.8337130e+06   1.8127441e+01
   5.8339940e+06   1.4160156e+01
   5.8341460e+06   1.3977051e+01
   5.8364880e+06   1.4892578e+01
   5.8365360e+06   1.9042969e+01
   5.8366700e+06   1.6357422e+01
   5.8367270e+06   1.4465332e+01
   5.8528400e+06   1.5747070e+01
   5.8529670e+06   1.5319824e+01
   5.8729890e+06   1.4038086e+01
   5.8860370e+06   1.4892578e+01
   5.8895060e+06   1.6540527e+01
   5.9012330e+06   1.9775391e+01
   5.9122710e+06   1.5075684e+01
   5.9143620e+06   1.8615723e+01
   5.9224020e+06   1.4526367e+01
   5.9386860e+06   1.4343262e+01
   5.9386970e+06   2.0568848e+01
   5.9387380e+06   1.6906738e+01
   5.9387970e+06   1.7517090e+01
   5.9388220e+06   2.1789551e+01
   5.9388540e+06   1.6174316e+01
   5.9389730e+06   1.6235352e+01
   5.9391530e+06   1.4038086e+01
   5.9395970e+06   1.4709473e+01
   5.9505590e+06   1.4648438e+01
   5.9509750e+06   1.6052246e+01
   5.9511560e+06   1.6540527e+01
   5.9574800e+06   1.5747070e+01
   5.9668430e+06   2.0202637e+01
   5.9669250e+06   1.5441895e+01
   5.9669730e+06   1.9592285e+01
   5.9669850e+06   1.6296387e+01
   5.9670120e+06   2.7709961e+01
   5.9670480e+06   1.9226074e+01
   5.9670690e+06   1.7028809e+01
   5.9670990e+06   2.0812988e+01
   5.9671310e+06   1.9042969e+01
   5.9671660e+06   1.9775391e+01
   5.9673040e+06   1.4221191e+01
   5.9674470e+06   1.5136719e+01
   5.9679210e+06   1.5686035e+01
   5.9794930e+06   1.4160156e+01
   5.9805400e+06   1.5625000e+01
   5.9809790e+06   1.4099121e+01
   5.9881510e+06   1.4770508e+01
   5.9915670e+06   1.6479492e+01
   5.9916580e+06   1.8981934e+01
   5.9917710e+06   1.5869141e+01
   5.9917810e+06   1.8188477e+01
   5.9918130e+06   1.5075684e+01
   5.9918330e+06   3.0517578e+01
   5.9918710e+06   1.4892578e+01
   5.9919220e+06   1.5625000e+01
   5.9919780e+06   2.0324707e+01
   5.9921260e+06   1.3977051e+01
   5.9927950e+06   1.4038086e+01
