   3.0000000e+06   0.0000000e+00
   1.3689000e+04   2.6550293e+01
   1.3833000e+04   2.8930664e+01
   1.3860000e+04   2.1728516e+01
   1.3887000e+04   2.4963379e+01
   1.3912000e+04   2.5939941e+01
   1.3937000e+04   1.9409180e+01
   1.3955000e+04   1.6662598e+01
   1.4004000e+04   1.6845703e+01
   1.4031000e+04   1.8493652e+01
   1.4168000e+04   1.6906738e+01
   1.4362000e+04   1.6052246e+01
   1.4446000e+04   1.8066406e+01
   3.2427000e+04   3.0395508e+01
   4.0938000e+04   1.6540527e+01
   4.1520000e+04   3.8085938e+01
   4.1605000e+04   2.7404785e+01
   4.1704000e+04   3.3508301e+01
   4.1821000e+04   3.0273438e+01
   4.2001000e+04   3.0456543e+01
   5.0351000e+04   3.1311035e+01
   5.0429000e+04   2.4353027e+01
   5.0469000e+04   2.5451660e+01
   5.0516000e+04   3.1066895e+01
   5.0605000e+04   2.8320312e+01
   5.0635000e+04   2.3681641e+01
   5.0670000e+04   1.9226074e+01
   5.0697000e+04   1.9836426e+01
   5.0717000e+04   1.9836426e+01
   5.0761000e+04   1.8920898e+01
   5.0791000e+04   1.6479492e+01
   5.1215000e+04   2.9724121e+01
   6.0714000e+04   2.4780273e+01
   6.0785000e+04   1.6662598e+01
   6.0867000e+04   2.3315430e+01
   6.0973000e+04   2.1850586e+01
   6.1073000e+04   2.7282715e+01
   6.1120000e+04   2.9724121e+01
   6.1191000e+04   2.1301270e+01
   6.1218000e+04   1.7700195e+01
   6.1246000e+04   1.6784668e+01
   6.1604000e+04   2.5878906e+01
   6.1802000e+04   1.6235352e+01
   6.1957000e+04   2.6733398e+01
   6.9254000e+04   2.8564453e+01
   6.9392000e+04   2.9418945e+01
   7.1842000e+04   2.0874023e+01
   7.2099000e+04   2.4841309e+01
   7.2144000e+04   3.0273438e+01
   7.2183000e+04   2.6428223e+01
   7.2214000e+04   2.6794434e+01
   7.2241000e+04   2.4780273e+01
   7.2289000e+04   1.6357422e+01
   7.2589000e+04   2.4169922e+01
   7.2707000e+04   1.6784668e+01
   7.2761000e+04   2.6489258e+01
   7.2915000e+04   3.5095215e+01
   7.3025000e+04   2.9052734e+01
   7.8498000e+04   1.6845703e+01
   7.8586000e+04   3.1005859e+01
   8.0878000e+04   2.7099609e+01
   8.0912000e+04   2.4597168e+01
   8.0949000e+04   2.7832031e+01
   8.0981000e+04   2.0874023e+01
   8.1009000e+04   2.0629883e+01
   8.1321000e+04   2.1179199e+01
   8.1439000e+04   2.2521973e+01
   8.1551000e+04   3.0883789e+01
   8.7169000e+04   2.3254395e+01
   8.7251000e+04   3.3813477e+01
   8.7324000e+04   3.1982422e+01
   8.7373000e+04   3.1982422e+01
   8.7447000e+04   2.8259277e+01
   8.7492000e+04   2.6245117e+01
   8.7533000e+04   3.0761719e+01
   8.7567000e+04   1.7883301e+01
   8.7613000e+04   1.7456055e+01
   8.7664000e+04   1.9042969e+01
   8.7882000e+04   2.4230957e+01
   9.2441000e+04   3.6682129e+01
   9.2538000e+04   3.6621094e+01
   9.2635000e+04   2.8808594e+01
   9.2677000e+04   2.4841309e+01
   9.2714000e+04   2.0202637e+01
   9.2746000e+04   1.9653320e+01
   9.2778000e+04   1.9653320e+01
   9.2793000e+04   1.6845703e+01
   9.3069000e+04   2.2277832e+01
   9.7689000e+04   3.0578613e+01
   9.7939000e+04   3.0090332e+01
   9.8033000e+04   2.5451660e+01
   9.8078000e+04   2.6489258e+01
   9.8122000e+04   2.3315430e+01
   9.8157000e+04   1.8005371e+01
   9.8220000e+04   1.6601562e+01
   9.8293000e+04   2.0996094e+01
   9.8460000e+04   2.0874023e+01
   1.0337800e+05   2.9602051e+01
   1.0351500e+05   2.9296875e+01
   1.0355700e+05   2.9113770e+01
   1.0359100e+05   1.8493652e+01
   1.0361900e+05   1.8371582e+01
   1.0364900e+05   1.7883301e+01
   1.0370900e+05   1.7578125e+01
   1.0397800e+05   2.8869629e+01
   1.0415100e+05   2.9968262e+01
   1.0844400e+05   2.9113770e+01
   1.0863400e+05   3.1066895e+01
   1.0868100e+05   2.2644043e+01
   1.0873400e+05   1.7028809e+01
   1.0878200e+05   1.7272949e+01
   1.0888100e+05   1.7944336e+01
   1.0895700e+05   2.0019531e+01
   1.0903700e+05   1.5991211e+01
   1.0913900e+05   2.7221680e+01
   1.1330500e+05   2.1972656e+01
   1.1341900e+05   3.1677246e+01
   1.1349000e+05   2.7954102e+01
   1.1354200e+05   2.4414062e+01
   1.1357400e+05   2.5878906e+01
   1.1360800e+05   1.8066406e+01
   1.1362900e+05   2.0690918e+01
   1.1366100e+05   1.6479492e+01
   1.1390600e+05   1.8249512e+01
   1.1836400e+05   1.6052246e+01
   1.1841900e+05   2.9052734e+01
   1.1846700e+05   2.1484375e+01
   1.1851600e+05   2.0751953e+01
   1.1855000e+05   2.8015137e+01
   1.1857900e+05   1.6113281e+01
   1.1865400e+05   1.6357422e+01
   1.1889800e+05   1.8432617e+01
   1.2351600e+05   2.2949219e+01
   1.2357600e+05   2.5329590e+01
   1.2362100e+05   2.7526855e+01
   1.2366700e+05   1.8310547e+01
   1.2369900e+05   1.7639160e+01
   1.2373400e+05   2.0385742e+01
   1.2873500e+05   2.5451660e+01
   1.2881700e+05   2.7893066e+01
   1.2886000e+05   2.6428223e+01
   1.2889500e+05   2.4536133e+01
   1.2893100e+05   2.7893066e+01
   1.2896400e+05   1.7700195e+01
   1.2899700e+05   1.7272949e+01
   1.2921600e+05   1.9958496e+01
   1.3431800e+05   2.7404785e+01
   1.3435200e+05   2.5390625e+01
   1.3439100e+05   2.2644043e+01
   1.3442100e+05   1.7822266e+01
   1.3451500e+05   1.6357422e+01
   1.3468600e+05   1.9287109e+01
   1.3481100e+05   3.2165527e+01
   1.3945000e+05   3.3264160e+01
   1.3957300e+05   3.2104492e+01
   1.3962300e+05   2.4230957e+01
   1.3966100e+05   1.8249512e+01
   1.3968900e+05   1.6479492e+01
   1.3974900e+05   1.6784668e+01
   1.3980600e+05   1.9897461e+01
   1.3993600e+05   1.5930176e+01
   1.4003100e+05   2.3254395e+01
   1.4464900e+05   3.2043457e+01
   1.4483100e+05   2.7832031e+01
   1.4490200e+05   3.6560059e+01
   1.4494800e+05   1.9409180e+01
   1.4495800e+05   2.5329590e+01
   1.4499200e+05   1.9592285e+01
   1.4502700e+05   1.6174316e+01
   1.4527300e+05   1.7822266e+01
   1.4535500e+05   2.4536133e+01
   1.5069200e+05   2.4475098e+01
   1.5075800e+05   2.6062012e+01
   1.5082000e+05   2.5695801e+01
   1.5084500e+05   1.7089844e+01
   1.5086500e+05   2.1728516e+01
   1.5089700e+05   2.1240234e+01
   1.5092900e+05   1.8371582e+01
   1.5118900e+05   2.2766113e+01
   1.5128200e+05   2.8808594e+01
   1.5593000e+05   3.3874512e+01
   1.5638600e+05   2.9479980e+01
   1.5845700e+05   2.7160645e+01
   1.5852200e+05   2.8076172e+01
   1.5856200e+05   3.0151367e+01
   1.5859200e+05   1.7395020e+01
   1.5866200e+05   1.7150879e+01
   1.5893700e+05   2.4291992e+01
   1.5901400e+05   2.4597168e+01
   1.5909600e+05   2.0141602e+01
   1.5922500e+05   2.4963379e+01
   1.5939900e+05   2.6489258e+01
   1.6509200e+05   2.6000977e+01
   1.6524000e+05   1.6662598e+01
   1.6527400e+05   3.5400391e+01
   1.6533900e+05   1.9775391e+01
   1.6536500e+05   1.9592285e+01
   1.6549100e+05   1.6357422e+01
   1.6569300e+05   1.6906738e+01
   1.6579500e+05   2.6855469e+01
   1.7116000e+05   3.4301758e+01
   1.7123400e+05   3.2714844e+01
   1.7128200e+05   2.0935059e+01
   1.7131400e+05   2.0812988e+01
   1.7134200e+05   1.6662598e+01
   1.7165200e+05   1.7944336e+01
   1.7172800e+05   2.8442383e+01
   1.7193200e+05   2.2094727e+01
   1.7195500e+05   1.6601562e+01
   1.7808100e+05   2.4719238e+01
   1.7814200e+05   2.6245117e+01
   1.7818800e+05   2.5390625e+01
   1.7822000e+05   1.6418457e+01
   1.7827000e+05   1.5991211e+01
   1.7850800e+05   1.6845703e+01
   1.7858000e+05   2.5024414e+01
   1.7868900e+05   2.7343750e+01
   1.7877100e+05   2.0568848e+01
   1.7891300e+05   2.9052734e+01
   1.8611500e+05   2.6184082e+01
   1.8616300e+05   2.7709961e+01
   1.8618900e+05   1.8737793e+01
   1.8621600e+05   1.8798828e+01
   1.8631400e+05   1.6540527e+01
   1.8656100e+05   2.7954102e+01
   1.8665100e+05   2.7404785e+01
   1.8672000e+05   2.7587891e+01
   1.8686100e+05   2.7526855e+01
   1.9580700e+05   2.5268555e+01
   1.9583900e+05   2.2216797e+01
   1.9586300e+05   2.3925781e+01
   1.9588500e+05   1.6540527e+01
   1.9618200e+05   2.2094727e+01
   1.9624600e+05   2.4291992e+01
   1.9631100e+05   2.1972656e+01
   1.9639700e+05   1.9775391e+01
   1.9646300e+05   2.2338867e+01
   1.9654300e+05   2.7587891e+01
   1.9668100e+05   1.7089844e+01
   2.0684600e+05   2.9785156e+01
   2.0689200e+05   2.5634766e+01
   2.0692400e+05   1.8249512e+01
   2.0695400e+05   1.8920898e+01
   2.0698300e+05   1.8005371e+01
   2.0729500e+05   2.2949219e+01
   2.0737000e+05   2.4963379e+01
   2.0744900e+05   2.2399902e+01
   2.0755600e+05   2.8503418e+01
   2.0765000e+05   2.8442383e+01
   2.0785100e+05   2.8259277e+01
   2.1930100e+05   2.6428223e+01
   2.1933500e+05   2.9724121e+01
   2.1936000e+05   1.8310547e+01
   2.1939000e+05   1.7272949e+01
   2.1947200e+05   1.6723633e+01
   2.1971900e+05   2.0202637e+01
   2.1978500e+05   2.8320312e+01
   2.1987000e+05   2.4719238e+01
   2.1995500e+05   2.0874023e+01
   2.2010400e+05   2.6245117e+01
   2.2022900e+05   2.7587891e+01
   2.3603000e+05   3.2775879e+01
   2.3606100e+05   2.9785156e+01
   2.3608400e+05   1.6784668e+01
   2.3611200e+05   1.6174316e+01
   2.3613800e+05   2.0202637e+01
   2.3641900e+05   1.8920898e+01
   2.3647000e+05   2.7282715e+01
   2.3654400e+05   2.4536133e+01
   2.3661700e+05   2.5451660e+01
   2.3669200e+05   2.3132324e+01
   2.3676600e+05   2.8137207e+01
   2.3688100e+05   2.6794434e+01
   2.3702700e+05   2.0019531e+01
   2.3712600e+05   2.0019531e+01
   2.3738000e+05   3.2287598e+01
   2.5194300e+05   3.0090332e+01
   2.5198300e+05   2.7770996e+01
   2.5200900e+05   1.7639160e+01
   2.5203300e+05   1.9104004e+01
   2.5206100e+05   1.7639160e+01
   2.5210200e+05   1.6174316e+01
   2.5234400e+05   1.6967773e+01
   2.5241000e+05   2.5451660e+01
   2.5247700e+05   2.4841309e+01
   2.5258500e+05   3.0212402e+01
   2.5267400e+05   2.7832031e+01
   2.5278300e+05   2.5451660e+01
   2.5289900e+05   2.5756836e+01
   2.5301700e+05   2.7709961e+01
   2.5314700e+05   3.2836914e+01
   1.0097670e+06   2.8381348e+01
   1.0179050e+06   3.0517578e+01
   1.0272940e+06   2.3925781e+01
   1.0273300e+06   3.1250000e+01
   1.0273670e+06   2.7221680e+01
   1.0274320e+06   2.2033691e+01
   1.0274620e+06   1.7639160e+01
   1.0274910e+06   2.0080566e+01
   1.0275020e+06   1.9348145e+01
   1.0275430e+06   1.8798828e+01
   1.0275650e+06   1.5930176e+01
   1.0280010e+06   2.5939941e+01
   1.0433030e+06   2.9968262e+01
   1.0433810e+06   3.0151367e+01
   1.0434180e+06   2.8747559e+01
   1.0434300e+06   1.7211914e+01
   1.0434470e+06   2.4230957e+01
   1.0434760e+06   1.6235352e+01
   1.0438940e+06   2.0568848e+01
   1.0439930e+06   2.7099609e+01
   1.0442510e+06   2.6184082e+01
   1.0444540e+06   3.6254883e+01
   1.0445830e+06   3.4423828e+01
   1.0503150e+06   3.8879395e+01
   1.0508340e+06   1.6967773e+01
   1.0534430e+06   2.6123047e+01
   1.0534880e+06   2.6123047e+01
   1.0535220e+06   3.1982422e+01
   1.0535500e+06   2.4902344e+01
   1.0536020e+06   1.8737793e+01
   1.0538870e+06   1.8615723e+01
   1.0539710e+06   2.7343750e+01
   1.0540910e+06   2.6489258e+01
   1.0542680e+06   3.3508301e+01
   1.0544510e+06   3.0334473e+01
   1.0608620e+06   1.6235352e+01
   1.0618680e+06   2.4780273e+01
   1.0635110e+06   3.3447266e+01
   1.0635650e+06   2.6367188e+01
   1.0635950e+06   2.4414062e+01
   1.0636230e+06   1.8371582e+01
   1.0636520e+06   2.8137207e+01
   1.0637200e+06   1.6235352e+01
   1.0639940e+06   2.8076172e+01
   1.0641500e+06   2.8076172e+01
   1.0643050e+06   2.9418945e+01
   1.0644510e+06   2.7465820e+01
   1.0707460e+06   1.7456055e+01
   1.0707650e+06   3.5095215e+01
   1.0708260e+06   2.7221680e+01
   1.0708580e+06   2.4047852e+01
   1.0708980e+06   2.9785156e+01
   1.0709350e+06   3.1616211e+01
   1.0709670e+06   2.1728516e+01
   1.0709770e+06   1.7211914e+01
   1.0710120e+06   1.6296387e+01
   1.0712440e+06   1.9470215e+01
   1.0713750e+06   2.4108887e+01
   1.0715360e+06   3.3874512e+01
   1.0768740e+06   2.7648926e+01
   1.0769780e+06   3.0822754e+01
   1.0772230e+06   2.6916504e+01
   1.0784260e+06   3.2043457e+01
   1.0784620e+06   2.7832031e+01
   1.0785020e+06   3.1616211e+01
   1.0785280e+06   1.7944336e+01
   1.0788790e+06   2.4047852e+01
   1.0789690e+06   2.8381348e+01
   1.0791570e+06   2.6428223e+01
   1.0792610e+06   2.5939941e+01
   1.0845230e+06   2.7099609e+01
   1.0846180e+06   3.1188965e+01
   1.0846890e+06   2.5939941e+01
   1.0847350e+06   2.1484375e+01
   1.0847710e+06   2.2705078e+01
   1.0848090e+06   1.7272949e+01
   1.0848560e+06   1.6845703e+01
   1.0848960e+06   1.8127441e+01
   1.0850830e+06   1.6967773e+01
   1.0894980e+06   2.1667480e+01
   1.0897540e+06   3.2836914e+01
   1.0898860e+06   3.4667969e+01
   1.0899550e+06   3.2165527e+01
   1.0899970e+06   2.5756836e+01
   1.0900300e+06   1.9897461e+01
   1.0900650e+06   2.6672363e+01
   1.0900970e+06   1.7456055e+01
   1.0901290e+06   1.7272949e+01
   1.0901620e+06   1.6540527e+01
   1.0903400e+06   1.9836426e+01
   1.0948840e+06   2.6855469e+01
   1.0949650e+06   2.4414062e+01
   1.0950230e+06   2.8015137e+01
   1.0950680e+06   2.7648926e+01
   1.0950980e+06   2.2888184e+01
   1.0951250e+06   1.8859863e+01
   1.0951410e+06   1.6906738e+01
   1.0953340e+06   1.7272949e+01
   1.0954210e+06   2.1789551e+01
   1.0956040e+06   2.5878906e+01
   1.0995250e+06   2.1118164e+01
   1.1003510e+06   2.5756836e+01
   1.1004190e+06   2.6245117e+01
   1.1004790e+06   2.8137207e+01
   1.1005440e+06   2.3864746e+01
   1.1005760e+06   1.9531250e+01
   1.1006050e+06   1.5991211e+01
   1.1008530e+06   1.8310547e+01
   1.1009840e+06   3.1555176e+01
   1.1050230e+06   2.4169922e+01
   1.1051280e+06   1.6479492e+01
   1.1054670e+06   3.1860352e+01
   1.1055650e+06   3.2104492e+01
   1.1056320e+06   2.8747559e+01
   1.1056710e+06   2.8686523e+01
   1.1057080e+06   1.7883301e+01
   1.1057430e+06   1.8554688e+01
   1.1057850e+06   1.8676758e+01
   1.1060290e+06   1.9042969e+01
   1.1105610e+06   2.7648926e+01
   1.1105970e+06   2.5939941e+01
   1.1106290e+06   2.7404785e+01
   1.1106580e+06   2.4780273e+01
   1.1109310e+06   2.1728516e+01
   1.1110620e+06   2.5085449e+01
   1.1165310e+06   1.8249512e+01
   1.1165660e+06   1.6052246e+01
   1.1165840e+06   2.7221680e+01
   1.1166250e+06   2.2888184e+01
   1.1166350e+06   1.9348145e+01
   1.1166530e+06   1.6723633e+01
   1.1166700e+06   1.6296387e+01
   1.1166980e+06   1.7089844e+01
   1.1169350e+06   2.0202637e+01
   1.1170190e+06   2.9541016e+01
   1.1171340e+06   2.3742676e+01
   1.1172370e+06   3.2836914e+01
   1.1225550e+06   2.9235840e+01
   1.1226010e+06   2.8076172e+01
   1.1226360e+06   2.4230957e+01
   1.1226680e+06   2.3742676e+01
   1.1227490e+06   1.6113281e+01
   1.1229040e+06   1.5991211e+01
   1.1229820e+06   1.8310547e+01
   1.1231440e+06   2.9541016e+01
   1.1278550e+06   2.8808594e+01
   1.1279230e+06   2.7893066e+01
   1.1279590e+06   2.6855469e+01
   1.1279940e+06   1.9592285e+01
   1.1280520e+06   1.6479492e+01
   1.1283180e+06   2.3681641e+01
   1.1329940e+06   3.3264160e+01
   1.1330840e+06   3.2043457e+01
   1.1331190e+06   2.7282715e+01
   1.1331450e+06   1.9409180e+01
   1.1331880e+06   1.9531250e+01
   1.1334190e+06   2.3315430e+01
   1.1335090e+06   2.3620605e+01
   1.1382620e+06   2.7526855e+01
   1.1384070e+06   2.8320312e+01
   1.1384550e+06   2.5268555e+01
   1.1384880e+06   1.9409180e+01
   1.1385200e+06   2.4353027e+01
   1.1388890e+06   2.4291992e+01
   1.1426650e+06   3.2836914e+01
   1.1441140e+06   3.0090332e+01
   1.1441560e+06   2.8015137e+01
   1.1441810e+06   1.9958496e+01
   1.1444910e+06   1.7822266e+01
   1.1445780e+06   2.5573730e+01
   1.1446780e+06   2.6367188e+01
   1.1448170e+06   2.9296875e+01
   1.1449730e+06   2.5817871e+01
   1.1508650e+06   2.7221680e+01
   1.1509360e+06   3.2043457e+01
   1.1509660e+06   2.9724121e+01
   1.1509940e+06   2.5634766e+01
   1.1510170e+06   1.6540527e+01
   1.1510270e+06   1.8432617e+01
   1.1512760e+06   2.0935059e+01
   1.1513730e+06   3.0944824e+01
   1.1514500e+06   3.2714844e+01
   1.1515980e+06   2.0080566e+01
   1.1575400e+06   2.5512695e+01
   1.1576020e+06   2.7099609e+01
   1.1576390e+06   2.1118164e+01
   1.1576660e+06   1.8127441e+01
   1.1576920e+06   1.5930176e+01
   1.1579570e+06   2.1057129e+01
   1.1580420e+06   3.1188965e+01
   1.1581680e+06   2.8137207e+01
   1.1582860e+06   2.7404785e+01
   1.1583540e+06   2.8930664e+01
   1.1584400e+06   3.0578613e+01
   1.1643350e+06   2.9174805e+01
   1.1651900e+06   2.9235840e+01
   1.1652490e+06   3.2531738e+01
   1.1652780e+06   2.3437500e+01
   1.1653050e+06   1.6235352e+01
   1.1653340e+06   1.9531250e+01
   1.1653720e+06   2.4536133e+01
   1.1656420e+06   2.3498535e+01
   1.1657150e+06   2.7038574e+01
   1.1658260e+06   2.8503418e+01
   1.1659330e+06   2.9235840e+01
   1.1660180e+06   2.6977539e+01
   1.1734870e+06   2.7038574e+01
   1.1735530e+06   3.4362793e+01
   1.1735860e+06   3.0822754e+01
   1.1736140e+06   2.3498535e+01
   1.1736810e+06   1.7211914e+01
   1.1738890e+06   1.7028809e+01
   1.1739620e+06   2.6672363e+01
   1.1740470e+06   2.4780273e+01
   1.1741390e+06   3.1311035e+01
   1.1742490e+06   2.2094727e+01
   1.1743810e+06   2.5146484e+01
   1.1745490e+06   3.1066895e+01
   1.1825120e+06   3.2226562e+01
   1.1825980e+06   3.1555176e+01
   1.1826300e+06   2.6977539e+01
   1.1826640e+06   1.7639160e+01
   1.1826900e+06   1.5991211e+01
   1.1830060e+06   2.3071289e+01
   1.1830940e+06   2.0690918e+01
   1.1831740e+06   2.6184082e+01
   1.1832500e+06   2.4719238e+01
   1.1833460e+06   2.4169922e+01
   1.1834500e+06   2.3620605e+01
   1.1934080e+06   3.1066895e+01
   1.1934510e+06   2.8015137e+01
   1.1934760e+06   2.2277832e+01
   1.1935280e+06   1.8127441e+01
   1.1935910e+06   1.8127441e+01
   1.1937760e+06   1.7028809e+01
   1.1938380e+06   2.3132324e+01
   1.1939010e+06   2.5817871e+01
   1.1939840e+06   2.8808594e+01
   1.1940750e+06   2.5085449e+01
   1.1941640e+06   2.1118164e+01
   1.1942930e+06   2.9357910e+01
   1.1944660e+06   3.1127930e+01
   1.1945820e+06   3.2287598e+01
   1.2047360e+06   3.1555176e+01
   1.2048970e+06   3.2470703e+01
   1.2049270e+06   2.0751953e+01
   1.2049550e+06   2.1789551e+01
   1.2049830e+06   2.3376465e+01
   1.2050090e+06   1.6235352e+01
   1.2052810e+06   1.8127441e+01
   1.2053450e+06   2.4230957e+01
   1.2054090e+06   2.7954102e+01
   1.2054890e+06   2.2399902e+01
   1.2055900e+06   2.9113770e+01
   1.2056880e+06   2.9663086e+01
   1.2058060e+06   2.2155762e+01
   1.2061540e+06   2.9479980e+01
   1.2217220e+06   3.2043457e+01
   1.2217620e+06   2.6000977e+01
   1.2217970e+06   2.9602051e+01
   1.2218120e+06   2.1850586e+01
   1.2218260e+06   2.0385742e+01
   1.2222060e+06   1.9653320e+01
   1.2222780e+06   3.3386230e+01
   1.2223510e+06   3.2775879e+01
   1.2224270e+06   2.8137207e+01
   1.2225300e+06   3.0273438e+01
   1.2226400e+06   2.8381348e+01
   1.2227490e+06   2.4902344e+01
   1.2228660e+06   2.7221680e+01
   1.2230090e+06   3.2775879e+01
   1.6324210e+06   3.3630371e+01
   1.7452800e+06   1.6784668e+01
   1.8441840e+06   2.2583008e+01
   1.8442140e+06   2.5207520e+01
   1.8442410e+06   2.2827148e+01
   1.8442660e+06   1.8676758e+01
   1.8442890e+06   1.9531250e+01
   1.8443130e+06   1.7822266e+01
   1.8443400e+06   1.8493652e+01
   1.8443670e+06   1.7883301e+01
   1.8447580e+06   1.6906738e+01
   1.8449950e+06   1.6723633e+01
   1.8616900e+06   3.3020020e+01
   1.8617440e+06   2.4414062e+01
   1.8617890e+06   2.6367188e+01
   1.8618490e+06   3.1372070e+01
   1.8618880e+06   2.5451660e+01
   1.8619220e+06   2.3315430e+01
   1.8619540e+06   2.3925781e+01
   1.8620000e+06   2.0874023e+01
   1.8620240e+06   1.5930176e+01
   1.8620530e+06   1.8310547e+01
   1.8624110e+06   1.9104004e+01
   1.8625570e+06   2.6916504e+01
   1.8626720e+06   2.8137207e+01
   1.8628110e+06   2.4475098e+01
   1.8629460e+06   2.9296875e+01
   1.8709030e+06   3.2043457e+01
   1.8711310e+06   3.3935547e+01
   1.8712000e+06   2.7404785e+01
   1.8712840e+06   2.4169922e+01
   1.8713580e+06   3.3996582e+01
   1.8714090e+06   2.9479980e+01
   1.8714530e+06   1.8249512e+01
   1.8715110e+06   1.7822266e+01
   1.8718470e+06   1.8737793e+01
   1.8719470e+06   2.9602051e+01
   1.8722410e+06   2.8747559e+01
   1.8788650e+06   2.5390625e+01
   1.8791500e+06   2.8808594e+01
   1.8792190e+06   2.3132324e+01
   1.8793300e+06   2.8442383e+01
   1.8793750e+06   2.4475098e+01
   1.8794220e+06   2.1362305e+01
   1.8794490e+06   2.1789551e+01
   1.8794770e+06   1.7150879e+01
   1.8797340e+06   1.7700195e+01
   1.8798130e+06   2.2460938e+01
   1.8799400e+06   3.2958984e+01
   1.8800640e+06   3.1433105e+01
   1.8870630e+06   3.1860352e+01
   1.8872790e+06   3.3569336e+01
   1.8873190e+06   2.7832031e+01
   1.8873500e+06   2.5085449e+01
   1.8873790e+06   2.0629883e+01
   1.8874050e+06   1.6418457e+01
   1.8874290e+06   1.6052246e+01
   1.8876740e+06   1.8615723e+01
   1.8877940e+06   3.1066895e+01
   1.8878870e+06   2.6428223e+01
   1.8880640e+06   3.0212402e+01
   1.8933710e+06   3.3081055e+01
   1.8934370e+06   2.5268555e+01
   1.8935950e+06   3.4912109e+01
   1.8936310e+06   2.7099609e+01
   1.8937090e+06   2.7587891e+01
   1.8937590e+06   2.6733398e+01
   1.8937880e+06   1.6723633e+01
   1.8938230e+06   2.2399902e+01
   1.8938610e+06   1.6601562e+01
   1.8939170e+06   1.8554688e+01
   1.8940770e+06   1.6174316e+01
   1.8941740e+06   2.6977539e+01
   1.8944060e+06   3.2897949e+01
   1.8993540e+06   2.2277832e+01
   1.9000730e+06   3.0090332e+01
   1.9001870e+06   2.5756836e+01
   1.9002520e+06   2.1606445e+01
   1.9002940e+06   3.2958984e+01
   1.9003220e+06   1.8920898e+01
   1.9003490e+06   1.6418457e+01
   1.9003780e+06   1.7395020e+01
   1.9004470e+06   1.7822266e+01
   1.9005980e+06   2.4597168e+01
   1.9007030e+06   2.6000977e+01
   1.9007950e+06   2.9724121e+01
   1.9009440e+06   2.6306152e+01
   1.9058760e+06   3.1982422e+01
   1.9061660e+06   2.5573730e+01
   1.9062050e+06   2.2033691e+01
   1.9062490e+06   2.3132324e+01
   1.9063020e+06   2.6062012e+01
   1.9063290e+06   1.9897461e+01
   1.9063760e+06   1.6906738e+01
   1.9066100e+06   2.1911621e+01
   1.9067320e+06   1.9042969e+01
   1.9068820e+06   3.5522461e+01
   1.9116560e+06   3.1005859e+01
   1.9124890e+06   3.0639648e+01
   1.9126050e+06   2.5817871e+01
   1.9126570e+06   2.4108887e+01
   1.9126930e+06   2.5024414e+01
   1.9130250e+06   2.3986816e+01
   1.9131580e+06   2.7160645e+01
   1.9132520e+06   2.1911621e+01
   1.9188120e+06   2.6550293e+01
   1.9189250e+06   3.0761719e+01
   1.9190150e+06   3.0822754e+01
   1.9190610e+06   1.7822266e+01
   1.9190910e+06   1.6540527e+01
   1.9191240e+06   1.7578125e+01
   1.9191490e+06   1.7272949e+01
   1.9194040e+06   1.9470215e+01
   1.9195040e+06   2.3071289e+01
   1.9197260e+06   2.7282715e+01
   1.9241890e+06   3.2104492e+01
   1.9254280e+06   2.2094727e+01
   1.9254890e+06   2.5390625e+01
   1.9255260e+06   2.4963379e+01
   1.9255540e+06   2.2827148e+01
   1.9255680e+06   1.7578125e+01
   1.9255820e+06   1.7578125e+01
   1.9258020e+06   1.7578125e+01
   1.9258720e+06   2.7343750e+01
   1.9259870e+06   2.8686523e+01
   1.9260970e+06   2.9724121e+01
   1.9263510e+06   3.0700684e+01
   1.9309880e+06   2.8259277e+01
   1.9311650e+06   2.8747559e+01
   1.9329000e+06   2.6489258e+01
   1.9329480e+06   2.9724121e+01
   1.9329720e+06   3.4545898e+01
   1.9329970e+06   1.7456055e+01
   1.9330380e+06   1.6967773e+01
   1.9333060e+06   2.1423340e+01
   1.9334270e+06   2.7832031e+01
   1.9335140e+06   2.4780273e+01
   1.9335830e+06   2.5207520e+01
   1.9336920e+06   3.3630371e+01
   1.9393760e+06   2.9663086e+01
   1.9395480e+06   3.6743164e+01
   1.9396050e+06   2.9113770e+01
   1.9396450e+06   2.2216797e+01
   1.9400020e+06   2.2827148e+01
   1.9401490e+06   2.5512695e+01
   1.9402810e+06   2.7770996e+01
   1.9451930e+06   2.6611328e+01
   1.9453410e+06   3.0273438e+01
   1.9466020e+06   3.3996582e+01
   1.9466640e+06   2.7343750e+01
   1.9467070e+06   2.7099609e+01
   1.9467360e+06   1.6906738e+01
   1.9470530e+06   2.2766113e+01
   1.9471580e+06   3.2531738e+01
   1.9472430e+06   2.8137207e+01
   1.9473310e+06   2.9418945e+01
   1.9474090e+06   2.4536133e+01
   1.9475660e+06   3.1677246e+01
   1.9532120e+06   3.4667969e+01
   1.9534500e+06   2.9479980e+01
   1.9537360e+06   3.5888672e+01
   1.9538630e+06   2.0812988e+01
   1.9539270e+06   1.9470215e+01
   1.9539830e+06   1.6723633e+01
   1.9542240e+06   2.2277832e+01
   1.9543530e+06   2.8320313e+01
   1.9545090e+06   2.5207520e+01
   1.9598590e+06   2.9846191e+01
   1.9618590e+06   2.2033691e+01
   1.9619830e+06   2.9602051e+01
   1.9620160e+06   1.8615723e+01
   1.9620430e+06   1.6113281e+01
   1.9623480e+06   2.1728516e+01
   1.9624410e+06   2.4719238e+01
   1.9625210e+06   2.6855469e+01
   1.9626140e+06   2.2644043e+01
   1.9627130e+06   2.2399902e+01
   1.9628260e+06   2.9479980e+01
   1.9629690e+06   3.0517578e+01
   1.9708390e+06   3.4423828e+01
   1.9709090e+06   3.0883789e+01
   1.9709360e+06   2.6550293e+01
   1.9712170e+06   1.7150879e+01
   1.9712930e+06   2.4475098e+01
   1.9713680e+06   3.3142090e+01
   1.9714620e+06   2.8198242e+01
   1.9715630e+06   2.4169922e+01
   1.9716620e+06   2.6977539e+01
   1.9718180e+06   2.6062012e+01
   1.9785040e+06   2.6428223e+01
   1.9799740e+06   3.3996582e+01
   1.9800130e+06   2.8747559e+01
   1.9800410e+06   1.7761230e+01
   1.9800810e+06   1.6174316e+01
   1.9803470e+06   1.7700195e+01
   1.9804100e+06   2.1423340e+01
   1.9804850e+06   2.8869629e+01
   1.9805550e+06   2.7465820e+01
   1.9806290e+06   3.1127930e+01
   1.9807100e+06   2.6672363e+01
   1.9808190e+06   2.5146484e+01
   1.9902800e+06   2.6062012e+01
   1.9903580e+06   3.1311035e+01
   1.9903900e+06   2.1850586e+01
   1.9904200e+06   1.6296387e+01
   1.9904550e+06   2.0812988e+01
   1.9904830e+06   2.2949219e+01
   1.9905310e+06   2.0141602e+01
   1.9907400e+06   2.5207520e+01
   1.9908110e+06   2.5634766e+01
   1.9908860e+06   2.8747559e+01
   1.9909360e+06   1.5991211e+01
   1.9909550e+06   2.5146484e+01
   1.9910850e+06   2.7160645e+01
   1.9911970e+06   2.3559570e+01
   1.9914270e+06   2.1728516e+01
   1.9915610e+06   2.2399902e+01
   1.9999340e+06   3.5766602e+01
   1.9999890e+06   2.6977539e+01
   2.0000160e+06   2.0446777e+01
   2.0000450e+06   2.1484375e+01
   2.0000730e+06   1.6845703e+01
   2.0000920e+06   2.1118164e+01
   2.0004000e+06   2.3559570e+01
   2.0004740e+06   2.2583008e+01
   2.0005410e+06   2.0141602e+01
   2.0006060e+06   2.4291992e+01
   2.0006790e+06   1.8920898e+01
   2.0007790e+06   2.7954102e+01
   2.0009440e+06   3.1494141e+01
   2.0011040e+06   2.8625488e+01
   2.0107760e+06   3.4851074e+01
   2.0108530e+06   3.0212402e+01
   2.0108820e+06   3.0151367e+01
   2.0109070e+06   1.7211914e+01
   2.0109210e+06   1.6052246e+01
   2.0109390e+06   1.7150879e+01
   2.0112420e+06   2.5878906e+01
   2.0113160e+06   3.0883789e+01
   2.0113800e+06   2.7954102e+01
   2.0114640e+06   3.0334473e+01
   2.0115410e+06   2.1850586e+01
   2.0117080e+06   3.1250000e+01
   2.0118550e+06   2.4108887e+01
   2.0119990e+06   2.6428223e+01
   2.0121860e+06   2.5817871e+01
   2.0233740e+06   2.5878906e+01
   2.0234310e+06   2.2949219e+01
   2.0234570e+06   1.7700195e+01
   2.0234670e+06   1.6723633e+01
   2.0234810e+06   1.6723633e+01
   2.0238190e+06   1.8127441e+01
   2.0238860e+06   3.6376953e+01
   2.0239570e+06   2.3498535e+01
   2.0240530e+06   2.1240234e+01
   2.0241940e+06   2.8381348e+01
   2.0242960e+06   2.8198242e+01
   2.0244230e+06   2.8381348e+01
   2.0245410e+06   2.0935059e+01
   2.0247110e+06   2.5939941e+01
   2.0398240e+06   2.9357910e+01
   2.0398820e+06   2.9968262e+01
   2.0399170e+06   2.7648926e+01
   2.0399400e+06   1.8920898e+01
   2.0399610e+06   1.7517090e+01
   2.0400080e+06   1.7822266e+01
   2.0402710e+06   1.8676758e+01
   2.0403210e+06   1.9104004e+01
   2.0403840e+06   2.0690918e+01
   2.0404450e+06   2.3986816e+01
   2.0405280e+06   2.2460938e+01
   2.0406320e+06   1.9226074e+01
   2.0407260e+06   2.2766113e+01
   2.0408330e+06   3.0029297e+01
   2.0409120e+06   2.3559570e+01
   2.0409940e+06   3.0029297e+01
   2.0410810e+06   2.8869629e+01
   2.0412550e+06   2.8808594e+01
   2.1455220e+06   3.0883789e+01
   2.3850580e+06   3.2287598e+01
   2.4106980e+06   3.7719727e+01
   2.8297520e+06   1.5930176e+01
   2.9898260e+06   3.8085938e+01
   2.9898720e+06   3.4729004e+01
   2.9992360e+06   3.0334473e+01
