   3.0000000e+06   0.0000000e+00
   8.0570000e+03   1.8859863e+01
   8.3030000e+03   1.8798828e+01
   8.7920000e+03   1.5869141e+01
   8.8390000e+03   1.6540527e+01
   1.4092000e+04   1.7944336e+01
   1.4161000e+04   2.0568848e+01
   1.4228000e+04   1.9226074e+01
   5.0809000e+04   1.5686035e+01
   5.0856000e+04   1.6723633e+01
   5.0967000e+04   1.5930176e+01
   5.1001000e+04   1.6174316e+01
   5.1348000e+04   1.5747070e+01
   6.1321000e+04   1.8798828e+01
   6.1357000e+04   1.8371582e+01
   7.2328000e+04   1.8554688e+01
   7.2359000e+04   1.8249512e+01
   7.2437000e+04   1.5380859e+01
   7.2644000e+04   1.6845703e+01
   8.1074000e+04   1.6784668e+01
   8.1114000e+04   1.6601562e+01
   8.1140000e+04   1.6662598e+01
   8.1485000e+04   1.5747070e+01
   8.7646000e+04   1.6906738e+01
   8.7689000e+04   2.0263672e+01
   8.7731000e+04   1.6418457e+01
   9.2837000e+04   1.7639160e+01
   9.2912000e+04   1.6113281e+01
   9.2954000e+04   1.7456055e+01
   9.8269000e+04   1.9409180e+01
   9.8308000e+04   1.5930176e+01
   9.8444000e+04   1.6052246e+01
   1.0416100e+05   1.7578125e+01
   1.0893500e+05   1.6967773e+01
   1.0901800e+05   1.5747070e+01
   1.0909600e+05   1.6113281e+01
   1.1367800e+05   1.6784668e+01
   1.1372200e+05   1.6113281e+01
   1.1398400e+05   1.6235352e+01
   1.1863500e+05   1.6601562e+01
   1.1867200e+05   1.8127441e+01
   1.2378000e+05   1.5380859e+01
   1.2381400e+05   1.5930176e+01
   1.2898200e+05   1.5747070e+01
   1.2902000e+05   1.5441895e+01
   1.2906000e+05   1.5319824e+01
   1.3455800e+05   1.6357422e+01
   1.3461700e+05   1.5625000e+01
   1.3477600e+05   1.5625000e+01
   1.3974800e+05   1.6174316e+01
   1.4509700e+05   1.6967773e+01
   1.4514400e+05   1.5441895e+01
   1.5095200e+05   1.5502930e+01
   1.5099500e+05   1.7944336e+01
   1.5103000e+05   1.6357422e+01
   1.5110100e+05   1.5930176e+01
   1.5869400e+05   1.7639160e+01
   1.5891500e+05   1.6662598e+01
   1.5915600e+05   1.7639160e+01
   1.6538900e+05   1.8066406e+01
   1.6544400e+05   1.5563965e+01
   1.7136900e+05   1.7578125e+01
   1.7149400e+05   1.8066406e+01
   1.7827200e+05   1.8859863e+01
   1.7839200e+05   1.5625000e+01
   1.8625800e+05   1.8798828e+01
   1.8629400e+05   1.7272949e+01
   1.9589600e+05   1.9042969e+01
   2.0698600e+05   1.8615723e+01
   2.0702700e+05   1.7028809e+01
   2.0757000e+05   1.6357422e+01
   2.1941200e+05   1.5686035e+01
   2.3609800e+05   2.2705078e+01
   2.3613100e+05   2.0202637e+01
   2.3624800e+05   1.5563965e+01
   2.3656100e+05   1.5930176e+01
   2.5199200e+05   2.0324707e+01
   6.3743800e+05   1.6479492e+01
   6.7576400e+05   1.6357422e+01
   6.7619800e+05   1.5869141e+01
   6.7681600e+05   1.7211914e+01
   7.5086400e+05   1.6540527e+01
   7.5093300e+05   1.5747070e+01
   9.5706500e+05   1.7395020e+01
   9.5713300e+05   1.5869141e+01
   9.5937700e+05   1.6479492e+01
   9.5972600e+05   1.5380859e+01
   1.0018120e+06   1.6479492e+01
   1.0276520e+06   1.7822266e+01
   1.0277090e+06   1.5869141e+01
   1.0277640e+06   1.6845703e+01
   1.0278070e+06   1.6357422e+01
   1.0280070e+06   1.7211914e+01
   1.0436180e+06   1.9592285e+01
   1.0437570e+06   1.5625000e+01
   1.0442180e+06   1.6357422e+01
   1.0536880e+06   1.5930176e+01
   1.0637280e+06   1.6052246e+01
   1.0639250e+06   1.8188477e+01
   1.0640170e+06   1.5869141e+01
   1.0710710e+06   2.1423340e+01
   1.0786450e+06   1.5869141e+01
   1.0786740e+06   1.5747070e+01
   1.0789900e+06   1.6418457e+01
   1.0791100e+06   1.5869141e+01
   1.0855820e+06   1.6113281e+01
   1.0951780e+06   1.5686035e+01
   1.1006520e+06   1.6113281e+01
   1.1006900e+06   1.6296387e+01
   1.1057800e+06   1.8310547e+01
   1.1059030e+06   1.5319824e+01
   1.1107270e+06   1.6418457e+01
   1.1107600e+06   1.5625000e+01
   1.1167240e+06   1.7211914e+01
   1.1167570e+06   1.6540527e+01
   1.1227230e+06   1.6174316e+01
   1.1227580e+06   1.5319824e+01
   1.1280750e+06   1.5991211e+01
   1.1331940e+06   1.5991211e+01
   1.1386710e+06   1.6357422e+01
   1.1442500e+06   1.8432617e+01
   1.1510450e+06   1.9775391e+01
   1.1510830e+06   1.5930176e+01
   1.1577760e+06   1.8920898e+01
   1.1653880e+06   1.8066406e+01
   1.1737000e+06   1.8310547e+01
   1.1737310e+06   1.6723633e+01
   1.1741660e+06   1.5991211e+01
   1.1827650e+06   1.6296387e+01
   1.1827960e+06   2.0812988e+01
   1.1935840e+06   1.8127441e+01
   1.2050430e+06   1.7517090e+01
   1.2218590e+06   1.6235352e+01
   1.2218910e+06   1.6418457e+01
   1.2221030e+06   1.5625000e+01
   1.6349870e+06   1.6662598e+01
   1.6884970e+06   1.9165039e+01
   1.7114650e+06   1.5625000e+01
   1.7746310e+06   1.7456055e+01
   1.7747420e+06   1.7883301e+01
   1.7977090e+06   1.6601562e+01
   1.7978910e+06   1.5319824e+01
   1.8444330e+06   1.6662598e+01
   1.8445050e+06   1.7639160e+01
   1.8446270e+06   1.8066406e+01
   1.8447590e+06   1.6540527e+01
   1.8448510e+06   1.5625000e+01
   1.8620960e+06   1.7028809e+01
   1.8716240e+06   1.6906738e+01
   1.8716500e+06   1.7211914e+01
   1.8717620e+06   1.5563965e+01
   1.8795560e+06   1.9592285e+01
   1.8795880e+06   1.6296387e+01
   1.8874780e+06   1.6113281e+01
   1.8878140e+06   1.5991211e+01
   1.8938980e+06   1.5441895e+01
   1.8939300e+06   1.9714355e+01
   1.9004160e+06   1.5808105e+01
   1.9064480e+06   2.1545410e+01
   1.9128050e+06   1.5991211e+01
   1.9191970e+06   1.6174316e+01
   1.9192260e+06   1.7761230e+01
   1.9256510e+06   1.6723633e+01
   1.9330640e+06   2.0446777e+01
   1.9332140e+06   1.5808105e+01
   1.9335960e+06   1.5686035e+01
   1.9397620e+06   1.8493652e+01
   1.9397960e+06   1.6174316e+01
   1.9402050e+06   1.5869141e+01
   1.9468270e+06   1.6418457e+01
   1.9468600e+06   1.6235352e+01
   1.9542230e+06   1.6235352e+01
   1.9621430e+06   1.6723633e+01
   1.9621790e+06   1.6601562e+01
   1.9710320e+06   2.0996094e+01
   1.9801280e+06   1.5747070e+01
   1.9801650e+06   1.5808105e+01
   1.9807770e+06   1.6113281e+01
   1.9905120e+06   1.5686035e+01
   1.9905430e+06   1.5808105e+01
   1.9905740e+06   1.5808105e+01
   2.0001190e+06   1.7944336e+01
   2.0001690e+06   1.5441895e+01
   2.0007160e+06   1.5441895e+01
   2.0109530e+06   1.7700195e+01
   2.0116140e+06   1.6357422e+01
   2.0235360e+06   1.5319824e+01
   2.0235690e+06   1.7517090e+01
   2.0238970e+06   1.5991211e+01
   2.0400210e+06   1.7211914e+01
   2.3999490e+06   1.6479492e+01
   2.5215340e+06   1.7395020e+01
   2.5216170e+06   1.5747070e+01
