   3.0000000e+06   0.0000000e+00
   1.3927000e+04   1.8676758e+01
   1.3986000e+04   2.8198242e+01
   1.4040000e+04   2.7587891e+01
   1.4072000e+04   1.7883301e+01
   1.4088000e+04   1.8981934e+01
   1.4139000e+04   1.7822266e+01
   1.4178000e+04   1.8493652e+01
   1.4244000e+04   1.6601562e+01
   5.0708000e+04   2.0141602e+01
   5.0747000e+04   1.8371582e+01
   5.0775000e+04   1.9348145e+01
   5.0819000e+04   1.8066406e+01
   5.0857000e+04   1.6723633e+01
   5.0952000e+04   1.5747070e+01
   5.1340000e+04   1.7700195e+01
   5.1512000e+04   1.6418457e+01
   5.1569000e+04   1.5747070e+01
   6.1237000e+04   1.8188477e+01
   6.1273000e+04   1.8737793e+01
   6.1303000e+04   1.7822266e+01
   6.1341000e+04   1.8371582e+01
   6.1389000e+04   1.7395020e+01
   7.2233000e+04   1.7395020e+01
   7.2276000e+04   1.7944336e+01
   8.1025000e+04   1.7456055e+01
   8.1063000e+04   1.7333984e+01
   8.1073000e+04   1.7150879e+01
   8.1098000e+04   1.5991211e+01
   8.7174000e+04   1.6601562e+01
   8.7582000e+04   1.6723633e+01
   8.7633000e+04   1.5991211e+01
   8.7682000e+04   1.8005371e+01
   8.7725000e+04   1.6174316e+01
   9.2744000e+04   1.7822266e+01
   9.8222000e+04   1.6906738e+01
   9.8279000e+04   1.6235352e+01
   9.8373000e+04   1.6296387e+01
   1.0364300e+05   2.3498535e+01
   1.0371000e+05   1.8066406e+01
   1.0374000e+05   1.6723633e+01
   1.0882600e+05   1.6052246e+01
   1.0884300e+05   1.9958496e+01
   1.1364100e+05   2.6733398e+01
   1.1366700e+05   1.5991211e+01
   1.1368900e+05   1.6113281e+01
   1.1370600e+05   1.5808105e+01
   1.1857400e+05   1.6052246e+01
   1.1860000e+05   1.9470215e+01
   1.1866700e+05   1.6906738e+01
   1.1871200e+05   1.5930176e+01
   1.1889700e+05   1.6296387e+01
   1.2372000e+05   1.9531250e+01
   1.2375300e+05   1.8798828e+01
   1.2390400e+05   1.6235352e+01
   1.2896300e+05   1.8615723e+01
   1.2902500e+05   1.6906738e+01
   1.2911100e+05   1.8981934e+01
   1.3441600e+05   1.5747070e+01
   1.3461400e+05   1.7761230e+01
   1.3970600e+05   1.8005371e+01
   1.3974500e+05   1.6906738e+01
   1.3975800e+05   1.7578125e+01
   1.3982200e+05   1.7456055e+01
   1.3988200e+05   1.6723633e+01
   1.4504900e+05   1.6967773e+01
   1.4509900e+05   2.0324707e+01
   1.5088300e+05   1.9409180e+01
   1.5097500e+05   1.5930176e+01
   1.5098900e+05   1.6784668e+01
   1.5103900e+05   1.9348145e+01
   1.5859700e+05   1.7639160e+01
   1.5864100e+05   2.2827148e+01
   1.5865400e+05   1.8493652e+01
   1.5906100e+05   1.6052246e+01
   1.6548000e+05   1.9653320e+01
   1.7131500e+05   1.6784668e+01
   1.7133100e+05   1.7211914e+01
   1.7136300e+05   2.4597168e+01
   1.7142200e+05   1.5869141e+01
   1.7164000e+05   1.6357422e+01
   1.7816800e+05   1.6418457e+01
   1.7821700e+05   1.7150879e+01
   1.7826700e+05   1.7456055e+01
   1.7832500e+05   1.8188477e+01
   1.8620300e+05   1.9714355e+01
   1.8626000e+05   2.0751953e+01
   1.8639000e+05   1.7028809e+01
   1.8667100e+05   1.5808105e+01
   1.8679500e+05   1.7028809e+01
   1.8688400e+05   1.5991211e+01
   1.9583700e+05   1.8371582e+01
   1.9589500e+05   2.4475098e+01
   1.9593200e+05   2.1118164e+01
   1.9596700e+05   1.5747070e+01
   2.0693400e+05   2.3071289e+01
   2.0699300e+05   1.7395020e+01
   2.0703400e+05   1.6357422e+01
   2.1932500e+05   1.8066406e+01
   2.1935500e+05   1.6357422e+01
   2.1940000e+05   1.8615723e+01
   2.1944000e+05   2.0446777e+01
   2.3603700e+05   1.6967773e+01
   2.3607500e+05   1.9531250e+01
   2.3610700e+05   2.1484375e+01
   2.3612700e+05   1.7822266e+01
   2.3614900e+05   1.6296387e+01
   2.3680200e+05   1.6662598e+01
   2.5201000e+05   1.6784668e+01
   2.5203400e+05   1.9531250e+01
   1.0275690e+06   1.8493652e+01
   1.0275830e+06   1.5991211e+01
   1.0276200e+06   2.4291992e+01
   1.0276650e+06   1.6235352e+01
   1.0276920e+06   1.5930176e+01
   1.0435520e+06   1.5930176e+01
   1.0435800e+06   2.1240234e+01
   1.0536000e+06   2.3315430e+01
   1.0536320e+06   1.8920898e+01
   1.0636600e+06   2.1118164e+01
   1.0636850e+06   1.6174316e+01
   1.0637620e+06   1.7272949e+01
   1.0709800e+06   1.7028809e+01
   1.0709910e+06   2.0996094e+01
   1.0710220e+06   1.9165039e+01
   1.0710500e+06   1.6479492e+01
   1.0714700e+06   1.8371582e+01
   1.0785690e+06   2.2888184e+01
   1.0785920e+06   1.6235352e+01
   1.0786170e+06   1.8676758e+01
   1.0847940e+06   2.1545410e+01
   1.0848050e+06   1.6784668e+01
   1.0848680e+06   1.6662598e+01
   1.0900690e+06   1.7700195e+01
   1.0900840e+06   1.7272949e+01
   1.0901740e+06   1.6174316e+01
   1.0951000e+06   1.9226074e+01
   1.0951180e+06   1.6052246e+01
   1.0951540e+06   1.7333984e+01
   1.0951770e+06   1.5930176e+01
   1.0952020e+06   1.6418457e+01
   1.1005750e+06   1.8737793e+01
   1.1006140e+06   1.6296387e+01
   1.1057450e+06   2.1118164e+01
   1.1057850e+06   1.6845703e+01
   1.1057950e+06   2.0080566e+01
   1.1106640e+06   1.8981934e+01
   1.1106800e+06   2.2033691e+01
   1.1107080e+06   1.6418457e+01
   1.1165900e+06   1.7150879e+01
   1.1166850e+06   1.7578125e+01
   1.1167100e+06   2.3864746e+01
   1.1167300e+06   1.5808105e+01
   1.1170000e+06   1.5808105e+01
   1.1226540e+06   1.7333984e+01
   1.1226870e+06   1.6479492e+01
   1.1227340e+06   1.5808105e+01
   1.1230230e+06   1.7822266e+01
   1.1280190e+06   2.1179199e+01
   1.1280460e+06   1.9104004e+01
   1.1331920e+06   1.7944336e+01
   1.1386230e+06   1.7822266e+01
   1.1441870e+06   1.6906738e+01
   1.1442270e+06   2.2827148e+01
   1.1442520e+06   1.6906738e+01
   1.1442910e+06   1.9958496e+01
   1.1509670e+06   1.5869141e+01
   1.1509790e+06   1.6967773e+01
   1.1510300e+06   1.6845703e+01
   1.1510570e+06   2.2155762e+01
   1.1510960e+06   1.9042969e+01
   1.1511430e+06   1.8188477e+01
   1.1576620e+06   1.5930176e+01
   1.1577100e+06   2.0935059e+01
   1.1577440e+06   1.6601562e+01
   1.1577970e+06   1.6296387e+01
   1.1652970e+06   1.8859863e+01
   1.1653580e+06   2.1911621e+01
   1.1654000e+06   1.6113281e+01
   1.1657350e+06   1.7517090e+01
   1.1736280e+06   1.7150879e+01
   1.1736720e+06   1.8432617e+01
   1.1737660e+06   2.1118164e+01
   1.1738390e+06   1.7883301e+01
   1.1826790e+06   1.6540527e+01
   1.1827260e+06   2.0202637e+01
   1.1827820e+06   1.9653320e+01
   1.1934790e+06   2.0568848e+01
   1.1935180e+06   1.7883301e+01
   1.1935310e+06   1.8676758e+01
   1.1935700e+06   1.7883301e+01
   1.1939320e+06   1.6052246e+01
   1.2049500e+06   1.8615723e+01
   1.2049880e+06   2.1423340e+01
   1.2050030e+06   1.9592285e+01
   1.2050330e+06   1.9165039e+01
   1.2055040e+06   1.6174316e+01
   1.2217800e+06   1.8554688e+01
   1.2218160e+06   1.6784668e+01
   1.2218390e+06   2.3437500e+01
   1.2218560e+06   1.6723633e+01
   1.2218770e+06   1.6113281e+01
   1.2218930e+06   1.5869141e+01
   1.8443140e+06   2.1667480e+01
   1.8443500e+06   1.8554688e+01
   1.8443860e+06   1.6357422e+01
   1.8444000e+06   1.6906738e+01
   1.8444440e+06   1.7272949e+01
   1.8445150e+06   1.6052246e+01
   1.8619920e+06   1.9042969e+01
   1.8620200e+06   2.2460938e+01
   1.8620520e+06   1.7578125e+01
   1.8715430e+06   1.9897461e+01
   1.8715770e+06   1.5991211e+01
   1.8716040e+06   2.0935059e+01
   1.8716270e+06   1.6601562e+01
   1.8794600e+06   1.7456055e+01
   1.8873800e+06   1.9897461e+01
   1.8874210e+06   1.7028809e+01
   1.8874400e+06   1.6113281e+01
   1.8874610e+06   1.8249512e+01
   1.8937870e+06   1.9042969e+01
   1.8938280e+06   1.8615723e+01
   1.8938440e+06   1.7761230e+01
   1.8938680e+06   1.7639160e+01
   1.9003250e+06   1.9104004e+01
   1.9003590e+06   1.7211914e+01
   1.9003730e+06   1.6479492e+01
   1.9008240e+06   1.8188477e+01
   1.9009680e+06   1.8432617e+01
   1.9063440e+06   1.6662598e+01
   1.9063700e+06   1.7089844e+01
   1.9063870e+06   1.6418457e+01
   1.9064210e+06   1.9531250e+01
   1.9127250e+06   1.6601562e+01
   1.9127510e+06   1.6845703e+01
   1.9127760e+06   1.7456055e+01
   1.9131480e+06   1.6113281e+01
   1.9190960e+06   1.6601563e+01
   1.9191350e+06   2.0629883e+01
   1.9191690e+06   1.8188477e+01
   1.9191870e+06   1.6906738e+01
   1.9192070e+06   1.5869141e+01
   1.9255440e+06   1.8127441e+01
   1.9255970e+06   1.6357422e+01
   1.9256390e+06   1.8737793e+01
   1.9261350e+06   1.6723633e+01
   1.9329790e+06   1.8554688e+01
   1.9330250e+06   2.3986816e+01
   1.9330900e+06   1.6296387e+01
   1.9334980e+06   1.5747070e+01
   1.9396560e+06   1.5869141e+01
   1.9396970e+06   1.6418457e+01
   1.9397350e+06   1.6052246e+01
   1.9467100e+06   1.6845703e+01
   1.9467860e+06   1.6723633e+01
   1.9468280e+06   2.0568848e+01
   1.9470280e+06   1.7700195e+01
   1.9539790e+06   2.2338867e+01
   1.9540010e+06   1.5869141e+01
   1.9620530e+06   1.7333984e+01
   1.9620970e+06   1.9165039e+01
   1.9621310e+06   1.5808105e+01
   1.9709380e+06   2.0263672e+01
   1.9710020e+06   1.7211914e+01
   1.9716590e+06   1.5991211e+01
   1.9800910e+06   1.7028809e+01
   1.9801110e+06   1.6906738e+01
   1.9801480e+06   1.9836426e+01
   1.9904200e+06   1.8310547e+01
   1.9904580e+06   1.6357422e+01
   1.9904800e+06   1.6906738e+01
   1.9905080e+06   1.8066406e+01
   1.9909350e+06   1.9042969e+01
   1.9910870e+06   1.7150879e+01
   2.0000260e+06   1.5747070e+01
   2.0000750e+06   2.3925781e+01
   2.0001320e+06   1.6906738e+01
   2.0002720e+06   1.6418457e+01
   2.0004350e+06   1.6540527e+01
   2.0108610e+06   1.7333984e+01
   2.0109010e+06   1.6479492e+01
   2.0109150e+06   1.9531250e+01
   2.0109440e+06   1.7761230e+01
   2.0109750e+06   1.6235352e+01
   2.0118580e+06   1.6235352e+01
   2.0234280e+06   1.7639160e+01
   2.0234690e+06   1.5747070e+01
   2.0234990e+06   2.0629883e+01
   2.0235320e+06   1.5808105e+01
   2.0238470e+06   1.7150879e+01
   2.0398900e+06   1.9226074e+01
   2.0399600e+06   1.9348145e+01
   2.0399970e+06   2.0629883e+01
   2.0406360e+06   1.9042969e+01
