   3.0000000e+06   0.0000000e+00
   1.4060000e+04   1.6601562e+01
   6.1994000e+04   1.5380859e+01
   8.1118000e+04   1.5258789e+01
   8.1154000e+04   1.7822266e+01
   8.1719000e+04   1.7578125e+01
   8.7737000e+04   1.6723633e+01
   8.8259000e+04   1.5380859e+01
   9.3034000e+04   1.9897461e+01
   9.8318000e+04   1.5869141e+01
   9.8649000e+04   1.5258789e+01
   1.0915800e+05   1.6113281e+01
   1.1388000e+05   1.5197754e+01
   1.2400600e+05   1.6052246e+01
   1.2905100e+05   1.7456055e+01
   1.2911100e+05   1.5563965e+01
   1.3454800e+05   1.6967773e+01
   1.3980800e+05   1.7272949e+01
   1.3995700e+05   1.7700195e+01
   1.4521000e+05   1.5747070e+01
   1.5873600e+05   1.5625000e+01
   1.6552400e+05   1.6479492e+01
   1.7826400e+05   1.5075684e+01
   1.7833500e+05   1.7028809e+01
   1.7841200e+05   1.8188477e+01
   1.8637200e+05   1.6052246e+01
   1.9593100e+05   1.5197754e+01
   1.9647800e+05   1.5686035e+01
   2.0702600e+05   1.8432617e+01
   2.0768500e+05   1.6540527e+01
   2.1947500e+05   1.5380859e+01
   2.5198500e+05   1.5441895e+01
   2.5244000e+05   1.6296387e+01
   1.0280050e+06   1.6357422e+01
   1.0540670e+06   1.6174316e+01
   1.0541650e+06   1.5869141e+01
   1.0638260e+06   1.5563965e+01
   1.0643060e+06   1.6418457e+01
   1.0644400e+06   1.5136719e+01
   1.0787850e+06   1.5747070e+01
   1.0902800e+06   1.7150879e+01
   1.0951940e+06   1.7211914e+01
   1.1007020e+06   1.7333984e+01
   1.1007510e+06   1.5075684e+01
   1.1008130e+06   1.7333984e+01
   1.1227400e+06   1.6723633e+01
   1.1282060e+06   1.5747070e+01
   1.1282540e+06   1.5075684e+01
   1.1333130e+06   1.5686035e+01
   1.1386640e+06   1.5197754e+01
   1.1510980e+06   1.7272949e+01
   1.1511610e+06   1.5014648e+01
   1.1578160e+06   1.8432617e+01
   1.1938860e+06   1.5380859e+01
   1.1940370e+06   1.7028809e+01
   1.2056590e+06   1.5075684e+01
   1.2218810e+06   1.5136719e+01
   1.2219340e+06   1.5380859e+01
   1.2220960e+06   1.6540527e+01
   1.6882080e+06   1.5563965e+01
   1.8717130e+06   1.5380859e+01
   1.8718530e+06   1.5625000e+01
   1.8722550e+06   1.5258789e+01
   1.8796380e+06   1.6357422e+01
   1.8797130e+06   1.5258789e+01
   1.8940600e+06   1.5502930e+01
   1.8944090e+06   1.6418457e+01
   1.9004620e+06   1.5441895e+01
   1.9010760e+06   1.6113281e+01
   1.9128400e+06   1.5075684e+01
   1.9259610e+06   1.5380859e+01
   1.9262890e+06   1.5014648e+01
   1.9397900e+06   1.5258789e+01
   1.9469470e+06   1.5197754e+01
   1.9541350e+06   1.5258789e+01
   1.9622400e+06   1.5747070e+01
   1.9710390e+06   1.5869141e+01
   1.9806330e+06   1.6479492e+01
   2.0002790e+06   1.6174316e+01
   2.0238470e+06   1.5563965e+01
