   3.0000000e+06   0.0000000e+00
   1.8940000e+03   4.3457031e+01
   5.3130000e+03   3.7658691e+01
   7.3710000e+03   4.2907715e+01
   7.5530000e+03   3.6987305e+01
   7.5930000e+03   3.3142090e+01
   8.0300000e+03   3.7231445e+01
   8.2680000e+03   3.5034180e+01
   8.7680000e+03   3.4240723e+01
   1.3780000e+04   4.5898438e+01
   1.3872000e+04   4.1870117e+01
   1.3942000e+04   3.0029297e+01
   1.3969000e+04   2.1545410e+01
   1.4014000e+04   2.9907227e+01
   1.4044000e+04   1.8798828e+01
   1.4075000e+04   2.1362305e+01
   1.4113000e+04   1.6723633e+01
   1.4142000e+04   1.6845703e+01
   1.4184000e+04   2.3742676e+01
   1.4215000e+04   1.5441895e+01
   1.4262000e+04   2.4169922e+01
   1.4316000e+04   2.2521973e+01
   1.4389000e+04   3.0883789e+01
   1.4463000e+04   2.9479980e+01
   1.4559000e+04   2.8747559e+01
   3.1113000e+04   3.9062500e+01
   3.2241000e+04   3.6926270e+01
   4.1613000e+04   4.8889160e+01
   4.1812000e+04   3.6071777e+01
   5.0343000e+04   3.5827637e+01
   5.0665000e+04   4.6447754e+01
   5.0721000e+04   2.9357910e+01
   5.0751000e+04   3.0822754e+01
   5.0784000e+04   3.2836914e+01
   5.0809000e+04   1.5625000e+01
   5.0856000e+04   1.7395020e+01
   5.0893000e+04   1.5380859e+01
   5.0951000e+04   1.6967773e+01
   5.0989000e+04   1.6723633e+01
   5.1141000e+04   2.4963379e+01
   5.1209000e+04   2.3864746e+01
   6.1253000e+04   4.4311523e+01
   6.1286000e+04   3.2592773e+01
   6.1306000e+04   2.1362305e+01
   6.1327000e+04   1.9836426e+01
   6.1548000e+04   1.5380859e+01
   6.1605000e+04   3.0639648e+01
   6.1693000e+04   2.9968262e+01
   6.1782000e+04   2.9052734e+01
   6.1858000e+04   3.0395508e+01
   6.1937000e+04   2.9663086e+01
   6.2066000e+04   2.9907227e+01
   7.2242000e+04   4.3945312e+01
   7.2277000e+04   3.7109375e+01
   7.2297000e+04   2.3010254e+01
   7.2323000e+04   1.7578125e+01
   7.2637000e+04   2.7526855e+01
   7.2691000e+04   2.5817871e+01
   7.2753000e+04   2.3254395e+01
   7.2865000e+04   2.3986816e+01
   7.2985000e+04   3.0639648e+01
   7.3172000e+04   3.1555176e+01
   8.0981000e+04   3.7353516e+01
   8.1031000e+04   4.6508789e+01
   8.1052000e+04   2.1179199e+01
   8.1287000e+04   1.5991211e+01
   8.1333000e+04   2.3010254e+01
   8.1423000e+04   3.0456543e+01
   8.1473000e+04   2.4230957e+01
   8.1563000e+04   3.1066895e+01
   8.1647000e+04   3.1921387e+01
   8.1781000e+04   3.2043457e+01
   8.7544000e+04   3.9489746e+01
   8.7608000e+04   3.2836914e+01
   8.7632000e+04   1.9409180e+01
   8.7654000e+04   1.9348145e+01
   8.7882000e+04   2.0385742e+01
   8.8007000e+04   3.6437988e+01
   9.2749000e+04   4.4250488e+01
   9.2796000e+04   3.4118652e+01
   9.2817000e+04   1.8249512e+01
   9.2833000e+04   1.6052246e+01
   9.3168000e+04   2.8381348e+01
   9.8195000e+04   4.8889160e+01
   9.8232000e+04   3.6499023e+01
   9.8259000e+04   2.8076172e+01
   9.8287000e+04   1.6967773e+01
   9.8374000e+04   1.5380859e+01
   9.8401000e+04   1.4953613e+01
   9.8438000e+04   1.9714355e+01
   9.8502000e+04   2.0812988e+01
   1.0362200e+05   4.6691895e+01
   1.0366200e+05   3.7414551e+01
   1.0368500e+05   1.6723633e+01
   1.0383000e+05   1.5197754e+01
   1.0386800e+05   1.8188477e+01
   1.0881700e+05   4.6325684e+01
   1.0886900e+05   3.4240723e+01
   1.0889000e+05   1.6479492e+01
   1.0891000e+05   2.0324707e+01
   1.0894000e+05   1.5869141e+01
   1.0898300e+05   1.5747070e+01
   1.0901800e+05   1.5380859e+01
   1.0905700e+05   1.7944336e+01
   1.1356200e+05   4.9255371e+01
   1.1362800e+05   3.9306641e+01
   1.1366800e+05   3.4057617e+01
   1.1370000e+05   2.1545410e+01
   1.1372400e+05   1.6967773e+01
   1.1375600e+05   1.7761230e+01
   1.1379300e+05   1.6174316e+01
   1.1856800e+05   4.2175293e+01
   1.1861100e+05   3.6560059e+01
   1.1863700e+05   1.9104004e+01
   1.1866300e+05   1.7150879e+01
   1.1871400e+05   1.7944336e+01
   1.1877900e+05   1.9775391e+01
   1.2368200e+05   4.6203613e+01
   1.2375100e+05   3.8146973e+01
   1.2377600e+05   2.4291992e+01
   1.2380600e+05   1.9653320e+01
   1.2382900e+05   1.5686035e+01
   1.2388000e+05   1.8493652e+01
   1.2391400e+05   1.8554688e+01
   1.2889400e+05   4.4067383e+01
   1.2895700e+05   3.7048340e+01
   1.2898100e+05   2.1911621e+01
   1.2901000e+05   2.2766113e+01
   1.2903600e+05   1.9348145e+01
   1.2905900e+05   1.7700195e+01
   1.2908800e+05   1.6113281e+01
   1.2913700e+05   2.1606445e+01
   1.3440100e+05   4.4677734e+01
   1.3444400e+05   3.2104492e+01
   1.3448300e+05   2.8564453e+01
   1.3451000e+05   1.8676758e+01
   1.3454000e+05   2.2888184e+01
   1.3457500e+05   1.7456055e+01
   1.3462100e+05   2.3254395e+01
   1.3964000e+05   3.9184570e+01
   1.3971400e+05   3.6132812e+01
   1.3975400e+05   3.2714844e+01
   1.3978500e+05   2.2460938e+01
   1.3981400e+05   1.8066406e+01
   1.3985900e+05   2.3925781e+01
   1.3992300e+05   3.0700684e+01
   1.4495500e+05   4.8706055e+01
   1.4504200e+05   4.1564941e+01
   1.4507200e+05   2.5512695e+01
   1.4509800e+05   2.0385742e+01
   1.4513200e+05   2.0568848e+01
   1.4515400e+05   1.5136719e+01
   1.4520800e+05   2.3498535e+01
   1.5085700e+05   4.0893555e+01
   1.5090700e+05   4.2358398e+01
   1.5095600e+05   3.6987305e+01
   1.5098600e+05   2.5207520e+01
   1.5101500e+05   2.2277832e+01
   1.5104600e+05   1.9714355e+01
   1.5108600e+05   2.5024414e+01
   1.5855300e+05   3.9062500e+01
   1.5861000e+05   3.6193848e+01
   1.5864300e+05   2.6916504e+01
   1.5866600e+05   1.8310547e+01
   1.5868900e+05   2.0141602e+01
   1.5871500e+05   1.8066406e+01
   1.5874000e+05   1.7822266e+01
   1.5877200e+05   2.2460938e+01
   1.6535000e+05   4.7058105e+01
   1.6541800e+05   3.5034180e+01
   1.6543900e+05   2.6794434e+01
   1.6547100e+05   2.7282715e+01
   1.6550300e+05   2.3315430e+01
   1.6554200e+05   2.8381348e+01
   1.6559800e+05   2.8747559e+01
   1.7127700e+05   4.3090820e+01
   1.7133000e+05   3.9916992e+01
   1.7136400e+05   3.2775879e+01
   1.7138900e+05   2.2766113e+01
   1.7141800e+05   2.1240234e+01
   1.7145000e+05   2.0324707e+01
   1.7149800e+05   1.6601562e+01
   1.7815600e+05   4.6386719e+01
   1.7822200e+05   3.5400391e+01
   1.7825300e+05   3.2775879e+01
   1.7828000e+05   2.0629883e+01
   1.7831000e+05   2.6733398e+01
   1.7833800e+05   2.1301270e+01
   1.7837000e+05   2.2094727e+01
   1.7840500e+05   2.3620605e+01
   1.8616700e+05   4.9255371e+01
   1.8620800e+05   3.5949707e+01
   1.8624500e+05   3.4301758e+01
   1.8627100e+05   1.8798828e+01
   1.8629800e+05   1.8249512e+01
   1.8632200e+05   1.5747070e+01
   1.8635600e+05   2.2705078e+01
   1.8642100e+05   2.9724121e+01
   1.9577100e+05   4.1992188e+01
   1.9581800e+05   3.5217285e+01
   1.9586600e+05   3.8024902e+01
   1.9590000e+05   2.9602051e+01
   1.9593000e+05   2.1362305e+01
   1.9596000e+05   2.8137207e+01
   1.9599200e+05   1.9165039e+01
   1.9603300e+05   2.2216797e+01
   2.0689700e+05   4.5227051e+01
   2.0693700e+05   3.5644531e+01
   2.0697800e+05   3.4301758e+01
   2.0699900e+05   1.7333984e+01
   2.0702900e+05   2.4780273e+01
   2.0705900e+05   2.1423340e+01
   2.0708800e+05   1.6906738e+01
   2.0712200e+05   1.7639160e+01
   2.0719500e+05   2.6916504e+01
   2.0745800e+05   3.3386230e+01
   2.1930700e+05   3.7109375e+01
   2.1936100e+05   3.7780762e+01
   2.1938900e+05   3.2592773e+01
   2.1941500e+05   1.7333984e+01
   2.1943400e+05   1.5747070e+01
   2.1946300e+05   1.5136719e+01
   2.1948900e+05   1.5075684e+01
   2.1952400e+05   2.2460938e+01
   2.1958800e+05   2.3620605e+01
   2.1969800e+05   3.4362793e+01
   2.1982900e+05   3.2775879e+01
   2.3598000e+05   4.3945312e+01
   2.3602500e+05   3.6804199e+01
   2.3605200e+05   2.5695801e+01
   2.3608100e+05   2.6672363e+01
   2.3610300e+05   1.8737793e+01
   2.3612900e+05   1.9287109e+01
   2.3616000e+05   1.5686035e+01
   2.3624600e+05   1.8127441e+01
   2.3630000e+05   2.0141602e+01
   2.3642200e+05   2.8442383e+01
   2.3652000e+05   3.0517578e+01
   2.5174500e+05   4.4433594e+01
   2.5186700e+05   3.5278320e+01
   2.5193100e+05   4.1259766e+01
   2.5196900e+05   3.4301758e+01
   2.5200300e+05   2.5451660e+01
   2.5203400e+05   2.4230957e+01
   2.5206400e+05   1.8066406e+01
   2.5209200e+05   2.0263672e+01
   2.5211400e+05   1.5197754e+01
   2.5214800e+05   1.8066406e+01
   2.5226300e+05   2.9052734e+01
   2.5248100e+05   2.9846191e+01
   3.6118000e+05   3.9794922e+01
   3.6481200e+05   4.2114258e+01
   3.7977400e+05   3.8635254e+01
   3.8192100e+05   4.4616699e+01
   3.8786400e+05   4.4128418e+01
   3.9392900e+05   3.6376953e+01
   3.9777300e+05   4.2114258e+01
   4.0464000e+05   3.8452148e+01
   4.0814700e+05   3.8513184e+01
   4.1187800e+05   3.7780762e+01
   4.1448800e+05   3.7475586e+01
   4.1646100e+05   4.1198730e+01
   4.1880000e+05   4.5715332e+01
   4.2124900e+05   4.0039062e+01
   4.2560000e+05   4.6630859e+01
   4.2855900e+05   3.8452148e+01
   4.3052700e+05   3.4973145e+01
   4.3483300e+05   4.6203613e+01
   4.3807900e+05   3.9672852e+01
   4.4020600e+05   4.2541504e+01
   4.4209700e+05   3.7963867e+01
   4.4397100e+05   4.4860840e+01
   4.4733600e+05   3.6193848e+01
   4.5129500e+05   3.5827637e+01
   4.5370300e+05   3.3386230e+01
   4.5668900e+05   3.8879395e+01
   4.5972400e+05   4.0161133e+01
   4.6055500e+05   4.7424316e+01
   4.6181500e+05   3.8024902e+01
   4.6528300e+05   4.1748047e+01
   4.6726000e+05   4.0283203e+01
   4.6941100e+05   4.2907715e+01
   4.7137600e+05   3.5827637e+01
   4.7368000e+05   4.1748047e+01
   4.7639400e+05   4.3151855e+01
   4.7964700e+05   4.7241211e+01
   4.8181300e+05   4.0893555e+01
   4.8332100e+05   4.4311523e+01
   4.8972600e+05   4.1564941e+01
   4.9146500e+05   3.7841797e+01
   4.9472100e+05   3.8818359e+01
   4.9732900e+05   3.8635254e+01
   4.9958700e+05   4.1259766e+01
   5.0076500e+05   3.9184570e+01
   5.0325900e+05   4.6936035e+01
   5.0555500e+05   4.0466309e+01
   5.0647300e+05   3.9062500e+01
   5.0926800e+05   4.3090820e+01
   5.1156800e+05   3.7231445e+01
   5.1433900e+05   3.9062500e+01
   5.1550900e+05   4.3334961e+01
   5.2355700e+05   3.8024902e+01
   5.2620300e+05   4.4616699e+01
   5.2803000e+05   4.1198730e+01
   5.2897300e+05   3.9611816e+01
   5.3185500e+05   3.2897949e+01
   5.3417600e+05   4.3640137e+01
   5.3689300e+05   3.3081055e+01
   5.4141700e+05   3.5278320e+01
   5.4379500e+05   4.3457031e+01
   5.4792800e+05   4.2297363e+01
   5.4981800e+05   3.6926270e+01
   5.5218600e+05   3.6682129e+01
   5.5456500e+05   4.0588379e+01
   5.5660500e+05   4.5654297e+01
   5.6312100e+05   3.5827637e+01
   5.6527700e+05   3.5705566e+01
   5.6724100e+05   3.7414551e+01
   5.6942500e+05   3.7475586e+01
   5.7343600e+05   4.6142578e+01
   5.7601800e+05   4.6936035e+01
   5.7826100e+05   4.5288086e+01
   5.8059100e+05   3.5888672e+01
   5.8202400e+05   4.0527344e+01
   5.8396100e+05   3.9733887e+01
   5.8583100e+05   4.0405273e+01
   5.8693500e+05   3.7109375e+01
   5.8937900e+05   4.7424316e+01
   5.8958300e+05   3.7048340e+01
   5.9007200e+05   3.8330078e+01
   5.9026400e+05   2.9357910e+01
   5.9122300e+05   3.5583496e+01
   5.9136400e+05   3.3691406e+01
   5.9144700e+05   3.3020020e+01
   5.9396100e+05   3.7109375e+01
   5.9554100e+05   3.7170410e+01
   5.9945600e+05   3.4240723e+01
   6.0295700e+05   3.2836914e+01
   6.0499600e+05   3.3325195e+01
   6.0736300e+05   3.7170410e+01
   6.0869700e+05   3.7292480e+01
   6.0966600e+05   3.1677246e+01
   6.0990800e+05   4.0710449e+01
   6.1028800e+05   3.1433105e+01
   6.1048100e+05   3.4118652e+01
   6.1081700e+05   3.5400391e+01
   6.1096100e+05   3.2348633e+01
   6.1495000e+05   3.8757324e+01
   6.1615900e+05   3.2226562e+01
   6.1798600e+05   4.6264648e+01
   6.2101400e+05   3.9855957e+01
   6.2317100e+05   4.0588379e+01
   6.2511500e+05   3.9611816e+01
   6.2722300e+05   4.1015625e+01
   6.2859800e+05   4.2236328e+01
   6.2961000e+05   4.0771484e+01
   6.3192500e+05   3.5095215e+01
   6.3329100e+05   4.1625977e+01
   6.3574200e+05   4.2907715e+01
   6.3834700e+05   4.1198730e+01
   6.4063800e+05   4.0832520e+01
   6.4360900e+05   4.3884277e+01
   6.4602800e+05   3.6437988e+01
   6.4839500e+05   4.5959473e+01
   6.5082800e+05   3.6926270e+01
   6.5511000e+05   3.6071777e+01
   6.5661600e+05   4.2907715e+01
   6.6016400e+05   3.8635254e+01
   6.6439500e+05   3.4912109e+01
   6.6710400e+05   3.6315918e+01
   6.6802700e+05   3.9123535e+01
   6.7028400e+05   4.4067383e+01
   6.7114400e+05   3.6010742e+01
   6.7329900e+05   4.6325684e+01
   6.7413100e+05   4.3029785e+01
   6.7425200e+05   3.3203125e+01
   6.7439300e+05   3.4606934e+01
   6.7483800e+05   3.9001465e+01
   6.7519500e+05   3.7048340e+01
   6.7593600e+05   3.2958984e+01
   6.7681700e+05   3.7902832e+01
   6.7776200e+05   3.9306641e+01
   6.7794700e+05   4.3701172e+01
   6.7813100e+05   3.4179688e+01
   6.7836900e+05   3.2470703e+01
   6.7856500e+05   2.7404785e+01
   6.7878100e+05   3.5095215e+01
   6.7913000e+05   3.6193848e+01
   6.7942600e+05   3.5461426e+01
   6.7971200e+05   3.4667969e+01
   6.8022500e+05   3.7780762e+01
   6.8102300e+05   4.1381836e+01
   6.8786600e+05   4.2968750e+01
   6.8939200e+05   3.8452148e+01
   6.9209500e+05   3.9489746e+01
   6.9302500e+05   3.3630371e+01
   6.9513900e+05   3.8879395e+01
   6.9772600e+05   4.5349121e+01
   7.0055600e+05   4.5837402e+01
   7.0306200e+05   4.3823242e+01
   7.0619700e+05   4.6691895e+01
   7.0763900e+05   4.4982910e+01
   7.0989700e+05   4.2663574e+01
   7.1222500e+05   4.0527344e+01
   7.1515200e+05   4.5227051e+01
   7.1708800e+05   3.8513184e+01
   7.1926600e+05   4.2663574e+01
   7.2243000e+05   3.9123535e+01
   7.2479900e+05   4.2480469e+01
   7.2630100e+05   4.4433594e+01
   7.2953200e+05   4.6691895e+01
   7.3239300e+05   4.4616699e+01
   7.3443700e+05   4.4372559e+01
   7.3688100e+05   4.1809082e+01
   7.3879500e+05   4.1015625e+01
   7.4335700e+05   3.8024902e+01
   7.4507500e+05   4.3029785e+01
   7.4576000e+05   4.2846680e+01
   7.4630000e+05   4.2724609e+01
   7.4727600e+05   3.4606934e+01
   7.4865100e+05   4.3334961e+01
   7.5234400e+05   3.3752441e+01
   7.5472300e+05   4.1259766e+01
   7.5821800e+05   4.0771484e+01
   7.6116600e+05   4.4372559e+01
   7.6294000e+05   3.3264160e+01
   7.6631200e+05   4.5043945e+01
   7.6805500e+05   4.0893555e+01
   7.7160900e+05   3.9123535e+01
   7.7526500e+05   3.6743164e+01
   7.7880700e+05   3.7048340e+01
   7.8163600e+05   4.4189453e+01
   7.8355600e+05   4.2724609e+01
   7.8601000e+05   4.1259766e+01
   7.8722200e+05   3.6804199e+01
   7.9178200e+05   3.4973145e+01
   7.9547000e+05   4.3029785e+01
   7.9680400e+05   4.5837402e+01
   8.0248900e+05   3.6193848e+01
   8.0690300e+05   3.6437988e+01
   8.1265100e+05   3.3447266e+01
   8.1566100e+05   4.3884277e+01
   8.1869000e+05   4.1625977e+01
   8.2067200e+05   4.4494629e+01
   8.2235500e+05   4.3273926e+01
   8.2533800e+05   4.1442871e+01
   8.2973500e+05   3.6499023e+01
   8.3289600e+05   3.8269043e+01
   8.3795300e+05   3.1005859e+01
   8.4173700e+05   4.3457031e+01
   8.4435200e+05   4.4189453e+01
   8.4871900e+05   3.8269043e+01
   8.5257800e+05   4.2419434e+01
   8.5546200e+05   4.1442871e+01
   8.5928400e+05   4.5715332e+01
   8.6298900e+05   4.1320801e+01
   8.6707200e+05   4.5532227e+01
   8.7144300e+05   4.0588379e+01
   8.7650900e+05   4.3212891e+01
   8.7724500e+05   4.3945313e+01
   8.8040900e+05   4.3090820e+01
   8.8500300e+05   4.1137695e+01
   8.9197100e+05   3.8269043e+01
   8.9762600e+05   4.3212891e+01
   9.0349500e+05   4.1809082e+01
   9.0737400e+05   3.8269043e+01
   9.0949800e+05   3.5522461e+01
   9.1148700e+05   3.7597656e+01
   9.1506500e+05   3.6132813e+01
   9.1824400e+05   3.5522461e+01
   9.2194500e+05   3.6499023e+01
   9.3211000e+05   3.5461426e+01
   9.3653300e+05   4.1809082e+01
   9.4296900e+05   4.4494629e+01
   9.4430000e+05   4.3151855e+01
   9.4713500e+05   3.2775879e+01
   9.5112800e+05   4.3701172e+01
   9.5496900e+05   4.7302246e+01
   9.5923600e+05   4.3029785e+01
   9.6111100e+05   4.3701172e+01
   9.7087500e+05   4.1442871e+01
   9.7327800e+05   4.1809082e+01
   9.7531600e+05   3.9245605e+01
   9.8315500e+05   4.6691895e+01
   9.8878000e+05   4.2541504e+01
   9.9250400e+05   3.8208008e+01
   9.9328600e+05   4.2114258e+01
   9.9646800e+05   3.8879395e+01
   1.0036170e+06   3.8879395e+01
   1.0077060e+06   3.8330078e+01
   1.0103870e+06   4.0710449e+01
   1.0112940e+06   4.1748047e+01
   1.0148630e+06   4.2480469e+01
   1.0246960e+06   4.2114258e+01
   1.0274850e+06   5.1696777e+01
   1.0275340e+06   3.7353516e+01
   1.0275650e+06   3.2287598e+01
   1.0275920e+06   2.2949219e+01
   1.0276250e+06   2.4902344e+01
   1.0276510e+06   2.2216797e+01
   1.0276850e+06   2.0385742e+01
   1.0277410e+06   2.2460938e+01
   1.0277820e+06   2.1240234e+01
   1.0278270e+06   2.4108887e+01
   1.0278830e+06   2.4536133e+01
   1.0279290e+06   2.0568848e+01
   1.0434370e+06   3.8757324e+01
   1.0435260e+06   3.2104492e+01
   1.0435590e+06   3.5156250e+01
   1.0435820e+06   2.5451660e+01
   1.0435960e+06   1.5258789e+01
   1.0436280e+06   1.6052246e+01
   1.0438700e+06   1.8432617e+01
   1.0439400e+06   2.1667480e+01
   1.0439870e+06   2.2827148e+01
   1.0440750e+06   3.0883789e+01
   1.0441310e+06   2.4780273e+01
   1.0442240e+06   3.5583496e+01
   1.0536050e+06   4.2358398e+01
   1.0536360e+06   2.8381348e+01
   1.0536540e+06   1.8249512e+01
   1.0536740e+06   2.1484375e+01
   1.0539670e+06   1.8127441e+01
   1.0540080e+06   2.2583008e+01
   1.0540680e+06   2.4169922e+01
   1.0541630e+06   3.1311035e+01
   1.0542440e+06   2.5756836e+01
   1.0636130e+06   4.4677734e+01
   1.0636750e+06   3.7414551e+01
   1.0636940e+06   2.3071289e+01
   1.0639850e+06   1.6479492e+01
   1.0640260e+06   1.6784668e+01
   1.0641090e+06   2.5756836e+01
   1.0641780e+06   2.2888184e+01
   1.0643090e+06   2.6733398e+01
   1.0643580e+06   2.1850586e+01
   1.0709890e+06   3.5400391e+01
   1.0710230e+06   3.1433105e+01
   1.0710420e+06   1.5563965e+01
   1.0710660e+06   1.5625000e+01
   1.0712660e+06   1.5441895e+01
   1.0713820e+06   3.1250000e+01
   1.0714590e+06   3.0822754e+01
   1.0715270e+06   3.3203125e+01
   1.0785650e+06   4.3823242e+01
   1.0785920e+06   2.8808594e+01
   1.0786110e+06   2.1850586e+01
   1.0787910e+06   1.5380859e+01
   1.0788340e+06   1.5319824e+01
   1.0788800e+06   1.8798828e+01
   1.0789370e+06   2.1972656e+01
   1.0790840e+06   3.0334473e+01
   1.0792030e+06   2.7648926e+01
   1.0847720e+06   4.4311523e+01
   1.0848130e+06   3.7658691e+01
   1.0848390e+06   2.6306152e+01
   1.0848600e+06   1.5747070e+01
   1.0850540e+06   1.9714355e+01
   1.0900600e+06   4.3884277e+01
   1.0901060e+06   4.3334961e+01
   1.0901280e+06   1.6845703e+01
   1.0901520e+06   1.5319824e+01
   1.0902730e+06   1.9348145e+01
   1.0905950e+06   3.3447266e+01
   1.0950530e+06   4.1992188e+01
   1.0951050e+06   3.8269043e+01
   1.0951400e+06   2.8808594e+01
   1.0951650e+06   1.8859863e+01
   1.0954480e+06   2.9235840e+01
   1.1005390e+06   3.9123535e+01
   1.1005890e+06   3.7414551e+01
   1.1006210e+06   2.8015137e+01
   1.1007870e+06   1.8310547e+01
   1.1056900e+06   3.6437988e+01
   1.1057340e+06   3.4912109e+01
   1.1057620e+06   2.3559570e+01
   1.1058100e+06   1.6662598e+01
   1.1058350e+06   1.6113281e+01
   1.1059020e+06   2.0568848e+01
   1.1106330e+06   4.1198730e+01
   1.1106870e+06   3.1127930e+01
   1.1107100e+06   2.5634766e+01
   1.1108550e+06   1.5747070e+01
   1.1166290e+06   4.3273926e+01
   1.1166680e+06   3.6071777e+01
   1.1166970e+06   3.3325195e+01
   1.1167590e+06   1.5808105e+01
   1.1168100e+06   1.7761230e+01
   1.1168330e+06   1.7211914e+01
   1.1171160e+06   3.2531738e+01
   1.1172120e+06   3.5949707e+01
   1.1225750e+06   4.7058105e+01
   1.1226220e+06   3.6865234e+01
   1.1226690e+06   3.1250000e+01
   1.1226980e+06   2.5085449e+01
   1.1227230e+06   2.1240234e+01
   1.1227560e+06   1.5502930e+01
   1.1227910e+06   1.6723633e+01
   1.1279640e+06   4.0405273e+01
   1.1280030e+06   3.3325195e+01
   1.1280410e+06   3.3020020e+01
   1.1280750e+06   2.9235840e+01
   1.1280960e+06   1.9226074e+01
   1.1281180e+06   2.4047852e+01
   1.1281710e+06   1.6479492e+01
   1.1330870e+06   4.0649414e+01
   1.1331500e+06   4.2602539e+01
   1.1331770e+06   2.8747559e+01
   1.1332020e+06   1.8005371e+01
   1.1332240e+06   1.9042969e+01
   1.1332460e+06   1.5014648e+01
   1.1333450e+06   2.1362305e+01
   1.1384520e+06   3.8879395e+01
   1.1385140e+06   2.8442383e+01
   1.1385630e+06   3.7109375e+01
   1.1385840e+06   1.7028809e+01
   1.1386110e+06   1.6113281e+01
   1.1386430e+06   1.9836426e+01
   1.1386900e+06   2.0263672e+01
   1.1441520e+06   3.8330078e+01
   1.1441900e+06   3.3569336e+01
   1.1442210e+06   2.8137207e+01
   1.1442420e+06   1.6906738e+01
   1.1442670e+06   1.8737793e+01
   1.1442890e+06   1.5869141e+01
   1.1443140e+06   1.5197754e+01
   1.1443480e+06   1.8981934e+01
   1.1509370e+06   4.1748047e+01
   1.1509830e+06   3.8391113e+01
   1.1510180e+06   3.4362793e+01
   1.1510450e+06   2.2460938e+01
   1.1510660e+06   1.5747070e+01
   1.1510900e+06   1.9653320e+01
   1.1511280e+06   1.7028809e+01
   1.1576400e+06   4.2663574e+01
   1.1576720e+06   3.3081055e+01
   1.1577070e+06   2.7038574e+01
   1.1577310e+06   2.1423340e+01
   1.1577780e+06   2.3986816e+01
   1.1578610e+06   2.1972656e+01
   1.1581910e+06   3.2470703e+01
   1.1652750e+06   3.8879395e+01
   1.1653210e+06   3.7902832e+01
   1.1653520e+06   3.1250000e+01
   1.1653730e+06   1.7456055e+01
   1.1654160e+06   1.6723633e+01
   1.1654820e+06   1.7150879e+01
   1.1658250e+06   3.5522461e+01
   1.1735840e+06   4.6691895e+01
   1.1736380e+06   3.7902832e+01
   1.1736630e+06   2.2094727e+01
   1.1736880e+06   2.2460938e+01
   1.1737860e+06   1.6723633e+01
   1.1738110e+06   1.5991211e+01
   1.1741690e+06   3.4240723e+01
   1.1826550e+06   4.1259766e+01
   1.1826960e+06   3.2531738e+01
   1.1827250e+06   2.7954102e+01
   1.1827480e+06   1.8005371e+01
   1.1827720e+06   1.6662598e+01
   1.1827980e+06   1.7395020e+01
   1.1828270e+06   1.7028809e+01
   1.1828510e+06   1.6845703e+01
   1.1830690e+06   3.5278320e+01
   1.1833070e+06   3.3996582e+01
   1.1934400e+06   4.1259766e+01
   1.1934880e+06   3.5278320e+01
   1.1935170e+06   2.8442383e+01
   1.1935440e+06   2.2644043e+01
   1.1935740e+06   1.5380859e+01
   1.1935850e+06   1.6357422e+01
   1.1936250e+06   1.6296387e+01
   1.1938040e+06   3.5888672e+01
   1.2049610e+06   3.9855957e+01
   1.2049920e+06   3.6315918e+01
   1.2050200e+06   2.8747559e+01
   1.2050420e+06   2.6245117e+01
   1.2051310e+06   2.1179199e+01
   1.2051730e+06   1.9348145e+01
   1.2053260e+06   2.7526855e+01
   1.2053890e+06   3.1799316e+01
   1.2054590e+06   2.4963379e+01
   1.2055630e+06   3.2165527e+01
   1.2217660e+06   4.2968750e+01
   1.2218030e+06   3.7231445e+01
   1.2218250e+06   2.2521973e+01
   1.2218480e+06   1.9042969e+01
   1.2218590e+06   2.3803711e+01
   1.2219160e+06   1.4953613e+01
   1.2219530e+06   1.6296387e+01
   1.2220100e+06   1.5502930e+01
   1.2220410e+06   1.8859863e+01
   1.2221460e+06   2.4108887e+01
   1.2221920e+06   2.8442383e+01
   1.2223990e+06   3.2226562e+01
   1.2796480e+06   4.2907715e+01
   1.2846520e+06   3.4667969e+01
   1.2875350e+06   4.0954590e+01
   1.2906830e+06   3.7353516e+01
   1.2965770e+06   4.2053223e+01
   1.3034130e+06   4.6325684e+01
   1.3095590e+06   4.5043945e+01
   1.3168290e+06   3.8452148e+01
   1.3182940e+06   4.3457031e+01
   1.3206200e+06   4.3273926e+01
   1.3226660e+06   3.6254883e+01
   1.3248760e+06   3.6804199e+01
   1.3327580e+06   3.9428711e+01
   1.3340920e+06   3.9855957e+01
   1.3484210e+06   4.1809082e+01
   1.3508150e+06   4.0100098e+01
   1.3541430e+06   3.6315918e+01
   1.3587810e+06   4.4311523e+01
   1.3621550e+06   4.6142578e+01
   1.3648720e+06   3.6682129e+01
   1.3666080e+06   3.5827637e+01
   1.3695270e+06   4.3334961e+01
   1.3718390e+06   4.0161133e+01
   1.3741060e+06   3.5278320e+01
   1.3798610e+06   4.0527344e+01
   1.3867740e+06   3.7902832e+01
   1.3884110e+06   4.0405273e+01
   1.3903950e+06   3.9978027e+01
   1.3917540e+06   4.6508789e+01
   1.3956390e+06   4.6752930e+01
   1.3973320e+06   3.7109375e+01
   1.4015330e+06   4.3945312e+01
   1.4035720e+06   4.0405273e+01
   1.4053870e+06   4.5959473e+01
   1.4094310e+06   3.8085938e+01
   1.4123380e+06   4.7180176e+01
   1.4159510e+06   3.4667969e+01
   1.4189940e+06   4.0649414e+01
   1.4200720e+06   4.1076660e+01
   1.4233740e+06   4.7363281e+01
   1.4254700e+06   3.9306641e+01
   1.4271480e+06   4.0588379e+01
   1.4293150e+06   3.8146973e+01
   1.4305220e+06   3.9794922e+01
   1.4325080e+06   3.4667969e+01
   1.4342300e+06   4.4006348e+01
   1.4369640e+06   3.3630371e+01
   1.4382030e+06   3.6254883e+01
   1.4396450e+06   4.2236328e+01
   1.4438950e+06   4.2358398e+01
   1.4453450e+06   3.4606934e+01
   1.4484760e+06   3.8574219e+01
   1.4497310e+06   3.4118652e+01
   1.4523230e+06   3.9733887e+01
   1.4540130e+06   3.9855957e+01
   1.4550670e+06   4.1625977e+01
   1.4587100e+06   3.9123535e+01
   1.4613990e+06   4.3273926e+01
   1.4665300e+06   3.6132813e+01
   1.4684980e+06   3.9978027e+01
   1.4714170e+06   4.7851562e+01
   1.4743960e+06   4.6813965e+01
   1.4758160e+06   3.5400391e+01
   1.4794020e+06   3.4667969e+01
   1.4817550e+06   4.6325684e+01
   1.4841810e+06   3.6254883e+01
   1.4876140e+06   4.9072266e+01
   1.4897990e+06   4.5043945e+01
   1.4920370e+06   4.6691895e+01
   1.4921670e+06   3.9001465e+01
   1.4924950e+06   3.6865234e+01
   1.4926910e+06   3.3569336e+01
   1.4927400e+06   3.1921387e+01
   1.4930970e+06   3.0883789e+01
   1.4976180e+06   4.3579102e+01
   1.5016850e+06   4.5959473e+01
   1.5032820e+06   4.1503906e+01
   1.5064450e+06   4.0649414e+01
   1.5098200e+06   4.4067383e+01
   1.5126800e+06   4.2724609e+01
   1.5152220e+06   4.0771484e+01
   1.5167940e+06   3.9978027e+01
   1.5184910e+06   4.2724609e+01
   1.5199300e+06   4.1748047e+01
   1.5214090e+06   4.1259766e+01
   1.5232560e+06   4.2358398e+01
   1.5252250e+06   3.9733887e+01
   1.5276310e+06   4.5349121e+01
   1.5319240e+06   4.1442871e+01
   1.5341540e+06   3.9184570e+01
   1.5366770e+06   4.2846680e+01
   1.5410240e+06   4.3151855e+01
   1.5428930e+06   3.9978027e+01
   1.5464480e+06   4.1137695e+01
   1.5493520e+06   4.3701172e+01
   1.5513910e+06   4.4860840e+01
   1.5544430e+06   3.8879395e+01
   1.5549790e+06   3.8024902e+01
   1.5618860e+06   4.9865723e+01
   1.5638140e+06   4.1076660e+01
   1.5661110e+06   4.1381836e+01
   1.5688200e+06   3.3325195e+01
   1.5739660e+06   4.4738770e+01
   1.5741480e+06   3.4301758e+01
   1.5780490e+06   3.9184570e+01
   1.5805370e+06   3.7902832e+01
   1.5863940e+06   4.4799805e+01
   1.5892980e+06   4.5410156e+01
   1.5913960e+06   3.8635254e+01
   1.5915050e+06   3.7963867e+01
   1.5945880e+06   4.3762207e+01
   1.5976370e+06   4.1442871e+01
   1.5997770e+06   4.0344238e+01
   1.6020570e+06   4.2114258e+01
   1.6041620e+06   3.9550781e+01
   1.6080970e+06   4.2846680e+01
   1.6098210e+06   4.2053223e+01
   1.6105200e+06   4.0405273e+01
   1.6182560e+06   4.3029785e+01
   1.6245660e+06   4.6020508e+01
   1.6283830e+06   3.4362793e+01
   1.6302080e+06   4.0893555e+01
   1.6305260e+06   3.8757324e+01
   1.6323220e+06   4.5227051e+01
   1.6333990e+06   4.1687012e+01
   1.6340260e+06   4.1748047e+01
   1.6342020e+06   3.7902832e+01
   1.6342350e+06   2.7893066e+01
   1.6344190e+06   3.3325195e+01
   1.6346330e+06   3.7048340e+01
   1.6359000e+06   3.8452148e+01
   1.6363500e+06   3.6071777e+01
   1.6398320e+06   3.9184570e+01
   1.6424910e+06   3.9123535e+01
   1.6459810e+06   3.9428711e+01
   1.6529690e+06   4.2053223e+01
   1.6543480e+06   4.2602539e+01
   1.6595960e+06   3.3630371e+01
   1.6616060e+06   3.9062500e+01
   1.6647980e+06   3.9550781e+01
   1.6679580e+06   4.3273926e+01
   1.6720250e+06   4.5776367e+01
   1.6743810e+06   3.9794922e+01
   1.6780240e+06   3.9489746e+01
   1.6788450e+06   3.6560059e+01
   1.6826070e+06   4.1198730e+01
   1.6857850e+06   4.1137695e+01
   1.6868120e+06   4.4311523e+01
   1.6871430e+06   3.8635254e+01
   1.6871960e+06   3.5156250e+01
   1.6872930e+06   3.5705566e+01
   1.6912480e+06   3.7902832e+01
   1.6931510e+06   3.7597656e+01
   1.6960430e+06   3.6560059e+01
   1.6993450e+06   4.6752930e+01
   1.7074670e+06   4.2175293e+01
   1.7100050e+06   3.6010742e+01
   1.7143880e+06   3.5583496e+01
   1.7180760e+06   3.5339355e+01
   1.7207700e+06   4.1687012e+01
   1.7248280e+06   4.0771484e+01
   1.7256170e+06   3.4912109e+01
   1.7292480e+06   4.1076660e+01
   1.7315340e+06   4.2907715e+01
   1.7335170e+06   4.0466309e+01
   1.7339840e+06   3.8879395e+01
   1.7364350e+06   3.6560059e+01
   1.7410210e+06   3.8024902e+01
   1.7439130e+06   3.8024902e+01
   1.7474980e+06   3.8879395e+01
   1.7504430e+06   3.4667969e+01
   1.7537140e+06   4.8950195e+01
   1.7573130e+06   3.7963867e+01
   1.7585260e+06   3.3447266e+01
   1.7593900e+06   3.5339355e+01
   1.7635870e+06   4.3334961e+01
   1.7667870e+06   4.4616699e+01
   1.7700520e+06   4.1625977e+01
   1.7728490e+06   3.8391113e+01
   1.7758400e+06   3.5461426e+01
   1.7776360e+06   3.7902832e+01
   1.7848850e+06   4.2053223e+01
   1.7871710e+06   3.9001465e+01
   1.7902050e+06   3.6804199e+01
   1.7928510e+06   3.9672852e+01
   1.7949340e+06   4.2053223e+01
   1.7970780e+06   4.5898438e+01
   1.7973340e+06   4.2480469e+01
   1.7980270e+06   4.2236328e+01
   1.7983530e+06   3.8330078e+01
   1.7986370e+06   3.3813477e+01
   1.8050050e+06   4.4189453e+01
   1.8092240e+06   4.3762207e+01
   1.8131280e+06   4.2541504e+01
   1.8149310e+06   3.7963867e+01
   1.8172240e+06   4.4433594e+01
   1.8226530e+06   4.2907715e+01
   1.8300020e+06   4.6997070e+01
   1.8347260e+06   3.6315918e+01
   1.8383940e+06   4.1687012e+01
   1.8441040e+06   4.1992188e+01
   1.8442770e+06   4.1748047e+01
   1.8443070e+06   1.7395020e+01
   1.8443650e+06   3.6437988e+01
   1.8444000e+06   2.0507812e+01
   1.8444450e+06   2.9968262e+01
   1.8444830e+06   2.0324707e+01
   1.8445670e+06   2.4841309e+01
   1.8446390e+06   2.8564453e+01
   1.8447670e+06   2.9968262e+01
   1.8587970e+06   3.9794922e+01
   1.8618030e+06   3.8696289e+01
   1.8619590e+06   3.6071777e+01
   1.8620010e+06   3.6926270e+01
   1.8620340e+06   2.6062012e+01
   1.8620580e+06   1.9531250e+01
   1.8621710e+06   1.5014648e+01
   1.8622500e+06   1.8676758e+01
   1.8622860e+06   2.0446777e+01
   1.8623430e+06   1.7333984e+01
   1.8624010e+06   2.0202637e+01
   1.8625680e+06   3.0700684e+01
   1.8626340e+06   3.1372070e+01
   1.8714500e+06   4.9682617e+01
   1.8715400e+06   3.6132812e+01
   1.8715620e+06   2.7343750e+01
   1.8715850e+06   1.8981934e+01
   1.8718320e+06   1.6296387e+01
   1.8718750e+06   1.8920898e+01
   1.8719790e+06   2.7954102e+01
   1.8720530e+06   2.9541016e+01
   1.8794610e+06   3.6560059e+01
   1.8795050e+06   3.4301758e+01
   1.8795250e+06   2.4719238e+01
   1.8797410e+06   1.5075684e+01
   1.8797760e+06   1.8676758e+01
   1.8798250e+06   2.2216797e+01
   1.8798800e+06   2.3498535e+01
   1.8799370e+06   2.7221680e+01
   1.8800950e+06   3.0700684e+01
   1.8802650e+06   3.4912109e+01
   1.8873970e+06   4.5898438e+01
   1.8874240e+06   3.0090332e+01
   1.8874430e+06   1.5075684e+01
   1.8877110e+06   2.9785156e+01
   1.8878010e+06   2.8564453e+01
   1.8879100e+06   3.1738281e+01
   1.8880160e+06   3.1250000e+01
   1.8880920e+06   3.1982422e+01
   1.8938290e+06   4.6386719e+01
   1.8938560e+06   2.8015137e+01
   1.8938740e+06   2.0874023e+01
   1.8938950e+06   1.5258789e+01
   1.8940500e+06   1.5380859e+01
   1.8941470e+06   2.5695801e+01
   1.8943400e+06   3.6254883e+01
   1.9003460e+06   3.7780762e+01
   1.9003700e+06   3.0883789e+01
   1.9003920e+06   2.9235840e+01
   1.9004120e+06   1.5563965e+01
   1.9006450e+06   2.4963379e+01
   1.9007270e+06   2.8503418e+01
   1.9010490e+06   3.6743164e+01
   1.9063680e+06   3.6987305e+01
   1.9063940e+06   2.6306152e+01
   1.9064160e+06   2.3437500e+01
   1.9064380e+06   1.5441895e+01
   1.9065820e+06   1.7639160e+01
   1.9066760e+06   2.9235840e+01
   1.9068550e+06   3.2958984e+01
   1.9127170e+06   4.0832520e+01
   1.9127590e+06   3.9733887e+01
   1.9127810e+06   2.3742676e+01
   1.9128050e+06   1.6357422e+01
   1.9129550e+06   1.8737793e+01
   1.9130140e+06   2.5817871e+01
   1.9133410e+06   3.5461426e+01
   1.9191120e+06   4.3029785e+01
   1.9191530e+06   3.2653809e+01
   1.9191720e+06   1.6845703e+01
   1.9194950e+06   3.6499023e+01
   1.9255560e+06   4.9194336e+01
   1.9255910e+06   3.2043457e+01
   1.9256170e+06   2.1240234e+01
   1.9256380e+06   1.6601562e+01
   1.9256810e+06   1.5930176e+01
   1.9258320e+06   2.5817871e+01
   1.9259480e+06   3.2775879e+01
   1.9329860e+06   4.5654297e+01
   1.9330220e+06   3.4790039e+01
   1.9330430e+06   1.9409180e+01
   1.9331410e+06   1.7944336e+01
   1.9332040e+06   2.0751953e+01
   1.9334100e+06   3.1921387e+01
   1.9334870e+06   3.4423828e+01
   1.9396460e+06   4.0344238e+01
   1.9397150e+06   3.5339355e+01
   1.9397390e+06   2.4780273e+01
   1.9397620e+06   1.6784668e+01
   1.9397840e+06   1.6662598e+01
   1.9398020e+06   1.7272949e+01
   1.9398760e+06   1.8066406e+01
   1.9399290e+06   2.3742676e+01
   1.9466800e+06   4.8706055e+01
   1.9467630e+06   3.3325195e+01
   1.9467880e+06   2.6123047e+01
   1.9468080e+06   1.5686035e+01
   1.9472410e+06   3.5339355e+01
   1.9538710e+06   3.6560059e+01
   1.9539310e+06   3.8208008e+01
   1.9539650e+06   2.9663086e+01
   1.9539970e+06   3.1738281e+01
   1.9540180e+06   1.9470215e+01
   1.9540620e+06   1.7333984e+01
   1.9540900e+06   1.7944336e+01
   1.9541300e+06   1.9470215e+01
   1.9620590e+06   4.5227051e+01
   1.9620920e+06   3.2470703e+01
   1.9621180e+06   2.8259277e+01
   1.9621400e+06   2.0202637e+01
   1.9621760e+06   1.5625000e+01
   1.9622660e+06   2.4353027e+01
   1.9623270e+06   2.6855469e+01
   1.9624980e+06   3.2043457e+01
   1.9625900e+06   3.0761719e+01
   1.9709210e+06   3.6865234e+01
   1.9709740e+06   3.5400391e+01
   1.9710000e+06   2.8076172e+01
   1.9710200e+06   1.8127441e+01
   1.9710690e+06   1.5075684e+01
   1.9711300e+06   1.9165039e+01
   1.9711610e+06   1.5136719e+01
   1.9713380e+06   3.3081055e+01
   1.9714800e+06   3.1860352e+01
   1.9800010e+06   4.6325684e+01
   1.9800460e+06   3.5095215e+01
   1.9800810e+06   3.0639648e+01
   1.9801130e+06   2.3010254e+01
   1.9801530e+06   1.7700195e+01
   1.9804720e+06   3.7902832e+01
   1.9904150e+06   4.4372559e+01
   1.9904550e+06   3.3569336e+01
   1.9904830e+06   3.1311035e+01
   1.9905010e+06   2.1972656e+01
   1.9905560e+06   1.5441895e+01
   1.9905910e+06   1.5747070e+01
   1.9906350e+06   1.5625000e+01
   1.9908420e+06   3.5644531e+01
   1.9999960e+06   4.6142578e+01
   2.0000350e+06   4.1503906e+01
   2.0000750e+06   3.5522461e+01
   2.0000990e+06   2.1667480e+01
   2.0001230e+06   1.6113281e+01
   2.0001440e+06   1.5014648e+01
   2.0001750e+06   1.5258789e+01
   2.0002030e+06   1.5258789e+01
   2.0002370e+06   1.5319824e+01
   2.0003470e+06   3.1921387e+01
   2.0004810e+06   3.3630371e+01
   2.0005990e+06   3.4667969e+01
   2.0108640e+06   4.5898438e+01
   2.0108980e+06   3.2409668e+01
   2.0109280e+06   2.6062012e+01
   2.0109480e+06   2.0446777e+01
   2.0109720e+06   1.9897461e+01
   2.0110410e+06   1.5625000e+01
   2.0110660e+06   1.5136719e+01
   2.0112870e+06   3.4545898e+01
   2.0113850e+06   2.8381348e+01
   2.0115240e+06   3.1188965e+01
   2.0234310e+06   3.8208008e+01
   2.0234820e+06   3.8818359e+01
   2.0235070e+06   2.3925781e+01
   2.0235600e+06   1.5258789e+01
   2.0235840e+06   1.6784668e+01
   2.0236940e+06   2.8564453e+01
   2.0238700e+06   3.2287598e+01
   2.0239340e+06   2.9174805e+01
   2.0240090e+06   2.6672363e+01
   2.0241740e+06   3.2165527e+01
   2.0398930e+06   4.7363281e+01
   2.0399290e+06   3.8208008e+01
   2.0399540e+06   2.5817871e+01
   2.0399770e+06   2.5512695e+01
   2.0399980e+06   1.9165039e+01
   2.0401100e+06   1.8066406e+01
   2.0402190e+06   2.8747559e+01
   2.0402680e+06   2.5695801e+01
   2.0403600e+06   2.8015137e+01
   2.0404400e+06   2.9907227e+01
   2.0405730e+06   3.3813477e+01
   2.0407000e+06   2.9418945e+01
   2.1269580e+06   4.2602539e+01
   2.1334090e+06   4.9560547e+01
   2.1385580e+06   4.1931152e+01
   2.1415090e+06   3.7963867e+01
   2.1438960e+06   4.5959473e+01
   2.1502450e+06   3.7353516e+01
   2.1562500e+06   4.5471191e+01
   2.1581750e+06   4.5471191e+01
   2.1632850e+06   4.1503906e+01
   2.1651510e+06   3.6804199e+01
   2.1705510e+06   3.8635254e+01
   2.1728620e+06   3.8635254e+01
   2.1765470e+06   4.6691895e+01
   2.1798800e+06   3.7536621e+01
   2.1812230e+06   4.3334961e+01
   2.1838400e+06   3.5339355e+01
   2.1866850e+06   3.5583496e+01
   2.1893080e+06   3.4606934e+01
   2.1932530e+06   3.7353516e+01
   2.1969600e+06   4.1076660e+01
   2.1982630e+06   3.8513184e+01
   2.2008690e+06   4.4006348e+01
   2.2040660e+06   3.6743164e+01
   2.2059130e+06   4.0039062e+01
   2.2089030e+06   4.5837402e+01
   2.2111170e+06   3.8391113e+01
   2.2127770e+06   4.4128418e+01
   2.2149700e+06   3.2165527e+01
   2.2162190e+06   4.3823242e+01
   2.2183810e+06   3.9672852e+01
   2.2201630e+06   4.0466309e+01
   2.2215030e+06   3.9062500e+01
   2.2238430e+06   3.6987305e+01
   2.2261050e+06   4.1992188e+01
   2.2272540e+06   4.4189453e+01
   2.2289500e+06   3.5705566e+01
   2.2307720e+06   3.7048340e+01
   2.2318550e+06   3.9978027e+01
   2.2342450e+06   4.2236328e+01
   2.2361770e+06   3.8085938e+01
   2.2379790e+06   4.0588379e+01
   2.2400510e+06   3.2043457e+01
   2.2419460e+06   4.1870117e+01
   2.2473750e+06   3.5278320e+01
   2.2496400e+06   4.5776367e+01
   2.2505120e+06   3.9001465e+01
   2.2518790e+06   4.1809082e+01
   2.2538350e+06   4.7668457e+01
   2.2551930e+06   3.9672852e+01
   2.2574930e+06   4.1625977e+01
   2.2599830e+06   4.4250488e+01
   2.2629020e+06   4.2480469e+01
   2.2644620e+06   4.2724609e+01
   2.2660610e+06   3.5339355e+01
   2.2679640e+06   3.4851074e+01
   2.2699520e+06   4.1198730e+01
   2.2714290e+06   4.0954590e+01
   2.2744170e+06   4.3090820e+01
   2.2763410e+06   4.1870117e+01
   2.2790160e+06   4.5654297e+01
   2.2803690e+06   3.7292480e+01
   2.2818690e+06   4.0344238e+01
   2.2850550e+06   3.6437988e+01
   2.2862270e+06   4.0283203e+01
   2.2893240e+06   3.5522461e+01
   2.2909090e+06   4.6997070e+01
   2.2917700e+06   4.3640137e+01
   2.2924740e+06   3.7902832e+01
   2.2927160e+06   4.0771484e+01
   2.2928470e+06   3.3996582e+01
   2.2932960e+06   3.8085938e+01
   2.2940890e+06   4.1870117e+01
   2.2969520e+06   3.5949707e+01
   2.2996450e+06   4.4128418e+01
   2.3023290e+06   3.8085938e+01
   2.3050350e+06   4.3395996e+01
   2.3067670e+06   3.9611816e+01
   2.3088740e+06   3.9794922e+01
   2.3101940e+06   3.6315918e+01
   2.3121550e+06   3.9367676e+01
   2.3149780e+06   3.7231445e+01
   2.3166140e+06   4.0771484e+01
   2.3177450e+06   4.5593262e+01
   2.3184250e+06   3.9489746e+01
   2.3192630e+06   3.8635254e+01
   2.3198990e+06   3.9367676e+01
   2.3202670e+06   4.0893555e+01
   2.3203480e+06   3.3386230e+01
   2.3205200e+06   3.4118652e+01
   2.3210240e+06   3.3142090e+01
   2.3211530e+06   3.0761719e+01
   2.3216540e+06   3.8818359e+01
   2.3221220e+06   3.2592773e+01
   2.3272230e+06   3.4851074e+01
   2.3308820e+06   4.2602539e+01
   2.3331520e+06   3.8635254e+01
   2.3343700e+06   3.7048340e+01
   2.3377950e+06   3.8085938e+01
   2.3394620e+06   4.1259766e+01
   2.3435570e+06   4.1259766e+01
   2.3447840e+06   4.2724609e+01
   2.3466920e+06   3.4362793e+01
   2.3485020e+06   4.2724609e+01
   2.3516830e+06   4.3029785e+01
   2.3520790e+06   3.5339355e+01
   2.3573180e+06   4.5104980e+01
   2.3597230e+06   3.8146973e+01
   2.3618040e+06   4.5654297e+01
   2.3637740e+06   3.3386230e+01
   2.3651790e+06   4.5654297e+01
   2.3693730e+06   4.2724609e+01
   2.3720130e+06   3.8696289e+01
   2.3725870e+06   3.8635254e+01
   2.3735160e+06   4.1625977e+01
   2.3748760e+06   3.8635254e+01
   2.3755570e+06   3.5583496e+01
   2.3758240e+06   3.6743164e+01
   2.3761260e+06   3.8513184e+01
   2.3764310e+06   4.0161133e+01
   2.3781370e+06   3.5095215e+01
   2.3810460e+06   3.6071777e+01
   2.3840190e+06   4.0039062e+01
   2.3863220e+06   4.4738770e+01
   2.3881960e+06   3.6315918e+01
   2.3895220e+06   3.7292480e+01
   2.3914570e+06   4.4616699e+01
   2.3923670e+06   3.6987305e+01
   2.3951020e+06   4.0222168e+01
   2.3976080e+06   3.3081055e+01
   2.3992520e+06   4.2236328e+01
   2.4007850e+06   4.1564941e+01
   2.4024370e+06   4.0771484e+01
   2.4033720e+06   4.0405273e+01
   2.4043070e+06   4.2053223e+01
   2.4051450e+06   4.2846680e+01
   2.4083300e+06   3.5095215e+01
   2.4094250e+06   4.1809082e+01
   2.4121740e+06   4.3945313e+01
   2.4151770e+06   4.4860840e+01
   2.4163070e+06   3.5522461e+01
   2.4176100e+06   3.4484863e+01
   2.4200620e+06   3.4973145e+01
   2.4225940e+06   4.4677734e+01
   2.4244130e+06   3.7231445e+01
   2.4266320e+06   4.6447754e+01
   2.4295960e+06   4.1137695e+01
   2.4311920e+06   3.6071777e+01
   2.4334170e+06   4.0771484e+01
   2.4350300e+06   3.8085938e+01
   2.4365650e+06   3.9306641e+01
   2.4380450e+06   4.3518066e+01
   2.4423260e+06   4.6630859e+01
   2.4444900e+06   3.4790039e+01
   2.4475170e+06   3.0578613e+01
   2.4504290e+06   3.4973145e+01
   2.4516940e+06   4.0771484e+01
   2.4546970e+06   3.6132812e+01
   2.4564430e+06   4.3090820e+01
   2.4578440e+06   3.9855957e+01
   2.4590460e+06   3.9001465e+01
   2.4622510e+06   4.3090820e+01
   2.4642820e+06   4.0710449e+01
   2.4661420e+06   4.2907715e+01
   2.4672280e+06   3.7719727e+01
   2.4699730e+06   3.4790039e+01
   2.4700760e+06   3.5156250e+01
   2.4701920e+06   3.6071777e+01
   2.4706350e+06   3.5095215e+01
   2.4736690e+06   4.3151855e+01
   2.4768080e+06   4.5654297e+01
   2.4819280e+06   4.1137695e+01
   2.4841160e+06   3.5400391e+01
   2.4854310e+06   3.7902832e+01
   2.4871320e+06   4.2358398e+01
   2.4882490e+06   4.4433594e+01
   2.4916320e+06   3.9489746e+01
   2.4937120e+06   3.8146973e+01
   2.4949260e+06   4.0832520e+01
   2.4987460e+06   3.6315918e+01
   2.5021470e+06   4.3884277e+01
   2.5029330e+06   4.3640137e+01
   2.5054420e+06   3.9855957e+01
   2.5073430e+06   3.6315918e+01
   2.5092050e+06   4.4067383e+01
   2.5103250e+06   3.3935547e+01
   2.5125390e+06   4.5349121e+01
   2.5138770e+06   4.5349121e+01
   2.5166930e+06   4.1564941e+01
   2.5185890e+06   4.2724609e+01
   2.5211660e+06   3.4362793e+01
   2.5228430e+06   3.8574219e+01
   2.5266310e+06   4.2663574e+01
   2.5291300e+06   4.0283203e+01
   2.5319050e+06   3.7475586e+01
   2.5340780e+06   4.2968750e+01
   2.5357190e+06   3.9672852e+01
   2.5400840e+06   4.3212891e+01
   2.5413840e+06   4.0588379e+01
   2.5452360e+06   4.6447754e+01
   2.5485420e+06   4.3640137e+01
   2.5499660e+06   4.0039062e+01
   2.5522480e+06   4.4860840e+01
   2.5550350e+06   3.2897949e+01
   2.5551840e+06   4.3762207e+01
   2.5554270e+06   3.6132813e+01
   2.5554820e+06   3.5156250e+01
   2.5560980e+06   3.3508301e+01
   2.5561640e+06   2.7709961e+01
   2.5562430e+06   3.1066895e+01
   2.5564360e+06   3.8146973e+01
   2.5615250e+06   4.4128418e+01
   2.5638050e+06   4.2480469e+01
   2.5658270e+06   3.7475586e+01
   2.5683880e+06   3.4851074e+01
   2.5698870e+06   4.3457031e+01
   2.5719830e+06   3.3203125e+01
   2.5759960e+06   4.3090820e+01
   2.5780970e+06   4.2480469e+01
   2.5816330e+06   3.5949707e+01
   2.5841260e+06   4.5898438e+01
   2.5867080e+06   4.1564941e+01
   2.5877080e+06   4.3212891e+01
   2.5882290e+06   4.3640137e+01
   2.5884350e+06   4.0588379e+01
   2.5908130e+06   4.3029785e+01
   2.5928810e+06   3.9123535e+01
   2.5954200e+06   4.6630859e+01
   2.5966450e+06   3.6804199e+01
   2.5987720e+06   4.3334961e+01
   2.6015050e+06   4.2175293e+01
   2.6033540e+06   4.3334961e+01
   2.6039240e+06   4.1076660e+01
   2.6097580e+06   4.5776367e+01
   2.6110220e+06   3.7902832e+01
   2.6138480e+06   3.7780762e+01
   2.6168460e+06   3.8391113e+01
   2.6185900e+06   4.1625977e+01
   2.6202220e+06   4.1198730e+01
   2.6208280e+06   3.8085938e+01
   2.6215510e+06   3.9855957e+01
   2.6223300e+06   3.7048340e+01
   2.6239310e+06   4.0283203e+01
   2.6247250e+06   4.0893555e+01
   2.6267560e+06   4.0710449e+01
   2.6275100e+06   4.2175293e+01
   2.6304770e+06   4.1259766e+01
   2.6324490e+06   4.0100098e+01
   2.6341720e+06   3.8269043e+01
   2.6371500e+06   4.1320801e+01
   2.6385450e+06   4.1625977e+01
   2.6414140e+06   3.3630371e+01
   2.6438310e+06   4.2541504e+01
   2.6475450e+06   3.5644531e+01
   2.6498170e+06   3.7292480e+01
   2.6517310e+06   4.2114258e+01
   2.6539240e+06   4.5593262e+01
   2.6552460e+06   4.0893555e+01
   2.6575180e+06   3.2226562e+01
   2.6590220e+06   4.5654297e+01
   2.6628850e+06   4.5104980e+01
   2.6649380e+06   4.3457031e+01
   2.6691030e+06   4.1442871e+01
   2.6709240e+06   3.9367676e+01
   2.6733320e+06   3.6621094e+01
   2.6751650e+06   4.4250488e+01
   2.6783780e+06   3.9611816e+01
   2.6799780e+06   4.4006348e+01
   2.6837870e+06   4.2907715e+01
   2.6868490e+06   3.9367676e+01
   2.6889650e+06   4.5410156e+01
   2.6916600e+06   4.3334961e+01
   2.6928680e+06   3.7902832e+01
   2.6955680e+06   3.6315918e+01
   2.6981940e+06   4.6997070e+01
   2.7004870e+06   4.2785645e+01
   2.7055950e+06   4.8950195e+01
   2.7088110e+06   4.5776367e+01
   2.7106910e+06   3.7231445e+01
   2.7138560e+06   3.7414551e+01
   2.7174770e+06   4.5288086e+01
   2.7196930e+06   4.4372559e+01
   2.7231520e+06   4.2175293e+01
   2.7255070e+06   3.7536621e+01
   2.7273680e+06   4.1870117e+01
   2.7327520e+06   3.9978027e+01
   2.7378420e+06   4.2419434e+01
   2.7400710e+06   3.9672852e+01
   2.7442940e+06   3.9794922e+01
   2.7509180e+06   4.6386719e+01
   2.7600900e+06   4.3579102e+01
   2.7624350e+06   3.8208008e+01
   2.7684500e+06   4.9072266e+01
   2.7759100e+06   4.4616699e+01
   2.7787420e+06   3.6376953e+01
   2.7813890e+06   4.4799805e+01
   2.7855070e+06   4.2724609e+01
   2.7893840e+06   4.4128418e+01
   2.7907220e+06   3.9489746e+01
   2.7997200e+06   4.4067383e+01
   2.8041710e+06   3.5766602e+01
   2.8076140e+06   4.4006348e+01
   2.8123550e+06   4.2358398e+01
   2.8184810e+06   3.3447266e+01
   2.8204510e+06   3.9855957e+01
   2.8269540e+06   4.3579102e+01
   2.8320310e+06   4.0710449e+01
   2.8360130e+06   4.3395996e+01
   2.8385620e+06   4.4311523e+01
   2.8407330e+06   3.6193848e+01
   2.8444030e+06   3.8146973e+01
   2.8471510e+06   3.9916992e+01
   2.8518900e+06   4.4067383e+01
   2.8562970e+06   4.8034668e+01
   2.8600450e+06   4.3823242e+01
   2.8610720e+06   4.3640137e+01
   2.8685800e+06   4.1564941e+01
   2.8719450e+06   4.6264648e+01
   2.8759910e+06   4.2968750e+01
   2.8835570e+06   4.5471191e+01
   2.8862280e+06   4.1076660e+01
   2.8884640e+06   3.9611816e+01
   2.8995960e+06   4.1076660e+01
   2.9024550e+06   3.9489746e+01
   2.9050050e+06   4.3640137e+01
   2.9073680e+06   4.4494629e+01
   2.9131950e+06   4.3090820e+01
   2.9156670e+06   4.4921875e+01
   2.9187450e+06   3.5705566e+01
   2.9221310e+06   3.8024902e+01
   2.9290650e+06   4.6569824e+01
   2.9324730e+06   4.5349121e+01
   2.9351500e+06   3.9978027e+01
   2.9387240e+06   4.0039062e+01
   2.9429830e+06   3.9123535e+01
   2.9499220e+06   4.9011230e+01
   2.9524310e+06   3.8085938e+01
   2.9562170e+06   3.9306641e+01
   2.9585230e+06   4.3823242e+01
   2.9605210e+06   4.3884277e+01
   2.9627180e+06   4.6813965e+01
   2.9660590e+06   3.9916992e+01
   2.9701880e+06   3.8818359e+01
   2.9728060e+06   4.4982910e+01
   2.9749490e+06   4.0527344e+01
   2.9789810e+06   3.8757324e+01
   2.9800380e+06   3.3752441e+01
   2.9829860e+06   4.2663574e+01
   2.9845710e+06   4.2602539e+01
   2.9894300e+06   3.3142090e+01
   2.9907120e+06   4.1992188e+01
   2.9922170e+06   3.4179688e+01
   2.9962010e+06   3.9672852e+01
