   3.0000000e+06   0.0000000e+00
   5.0715000e+04   1.6906738e+01
   5.0769000e+04   1.5808105e+01
   5.0808000e+04   1.5625000e+01
   5.1459000e+04   1.5625000e+01
   6.1297000e+04   1.6174316e+01
   6.1312000e+04   1.6418457e+01
   6.1368000e+04   1.7333984e+01
   8.1096000e+04   1.6967773e+01
   8.7745000e+04   1.7272949e+01
   1.0370700e+05   1.5686035e+01
   1.0894900e+05   1.6113281e+01
   1.1863800e+05   1.6601562e+01
   1.2376600e+05   1.5869141e+01
   1.5101100e+05   1.5930176e+01
   1.5870600e+05   1.7150879e+01
   1.7135700e+05   1.6601562e+01
   1.7149100e+05   1.6601562e+01
   2.1946000e+05   1.6235352e+01
   2.3610800e+05   1.5686035e+01
   2.3613600e+05   1.6601562e+01
   2.5202200e+05   1.6113281e+01
   2.5207400e+05   1.7517090e+01
   1.0536550e+06   1.6662598e+01
   1.0638590e+06   1.5808105e+01
   1.0710700e+06   1.6845703e+01
   1.0785920e+06   1.6967773e+01
   1.0786140e+06   1.6845703e+01
   1.0951740e+06   1.5991211e+01
   1.1107950e+06   1.5625000e+01
   1.1280810e+06   1.5869141e+01
   1.1332190e+06   1.6052246e+01
   1.1577160e+06   1.6723633e+01
   1.1935800e+06   1.9470215e+01
   1.8442510e+06   1.6784668e+01
   1.8444410e+06   1.7456055e+01
   1.8620450e+06   2.0507812e+01
   1.8715740e+06   1.6235352e+01
   1.8794880e+06   1.6967773e+01
   1.8795540e+06   1.6601562e+01
   1.8874450e+06   1.7089844e+01
   1.8875350e+06   1.6296387e+01
   1.9003830e+06   1.7089844e+01
   1.9064360e+06   1.8310547e+01
   1.9467970e+06   1.6235352e+01
   1.9620580e+06   1.6418457e+01
   1.9710380e+06   1.7089844e+01
   1.9801220e+06   1.7028809e+01
