   3.0000000e+06   0.0000000e+00
   5.6500000e+02   3.0456543e+01
   3.2820000e+03   2.9541016e+01
   3.7980000e+03   3.1982422e+01
   1.1087000e+04   3.6865234e+01
   1.1167000e+04   2.9113770e+01
   1.1228000e+04   1.3732910e+01
   1.1386000e+04   1.4587402e+01
   1.1537000e+04   1.4587402e+01
   1.2072000e+04   3.3386230e+01
   1.5016000e+04   3.7963867e+01
   1.5111000e+04   3.3691406e+01
   1.5194000e+04   2.8625488e+01
   1.5295000e+04   2.5146484e+01
   1.5359000e+04   2.0507812e+01
   1.5506000e+04   2.7770996e+01
   1.5604000e+04   2.0507813e+01
   1.5950000e+04   2.6000977e+01
   1.6068000e+04   1.9531250e+01
   1.6190000e+04   1.6906738e+01
   1.6281000e+04   1.6418457e+01
   1.6488000e+04   1.7700195e+01
   1.6685000e+04   2.4169922e+01
   1.6871000e+04   1.8493652e+01
   1.7130000e+04   1.9165039e+01
   1.7617000e+04   2.0141602e+01
   2.3679000e+04   3.4729004e+01
   2.3854000e+04   3.0761719e+01
   2.4024000e+04   2.5390625e+01
   2.4290000e+04   2.5146484e+01
   2.4441000e+04   2.5329590e+01
   2.4536000e+04   1.6723633e+01
   2.4639000e+04   1.4892578e+01
   2.4770000e+04   1.5991211e+01
   2.5202000e+04   1.8981934e+01
   2.9322000e+04   2.8930664e+01
   2.9481000e+04   2.6184082e+01
   2.9577000e+04   3.6376953e+01
   3.0194000e+04   2.5024414e+01
   3.0294000e+04   2.4841309e+01
   3.0446000e+04   2.0202637e+01
   3.1069000e+04   2.6672363e+01
   3.5212000e+04   2.5878906e+01
   3.5584000e+04   3.0212402e+01
   3.6070000e+04   2.7954102e+01
   3.8489000e+04   2.8015137e+01
   3.8613000e+04   2.5634766e+01
   3.8734000e+04   2.7465820e+01
   3.8759000e+04   2.1179199e+01
   3.9214000e+04   2.9907227e+01
   3.9381000e+04   2.7832031e+01
   3.9754000e+04   2.7221680e+01
   3.9934000e+04   2.4841309e+01
   4.0089000e+04   2.3864746e+01
   4.0425000e+04   2.4780273e+01
   4.1206000e+04   2.5451660e+01
   4.1471000e+04   2.1484375e+01
   4.1953000e+04   2.6123047e+01
   4.2138000e+04   1.9897461e+01
   4.3940000e+04   2.6306152e+01
   4.6607000e+04   2.4841309e+01
   4.6737000e+04   2.7587891e+01
   4.9617000e+04   2.7465820e+01
   4.9675000e+04   2.4230957e+01
   4.9742000e+04   2.2399902e+01
   4.9781000e+04   1.5930176e+01
   4.9831000e+04   1.6113281e+01
   5.0527000e+04   3.1921387e+01
   5.1224000e+04   2.5390625e+01
   5.4993000e+04   2.9296875e+01
   5.6424000e+04   3.4973145e+01
   5.7208000e+04   3.2775879e+01
   5.9083000e+04   3.0151367e+01
   5.9242000e+04   2.8564453e+01
   5.9460000e+04   2.7221680e+01
   5.9991000e+04   2.5207520e+01
   6.0218000e+04   2.9235840e+01
   6.4105000e+04   3.4240723e+01
   6.4183000e+04   2.7221680e+01
   6.5041000e+04   2.6184082e+01
   6.5186000e+04   2.7648926e+01
   6.9861000e+04   3.3874512e+01
   6.9972000e+04   2.6367188e+01
   7.0026000e+04   1.8737793e+01
   7.0062000e+04   2.3071289e+01
   7.0626000e+04   2.4475098e+01
   7.0712000e+04   2.5573730e+01
   7.1017000e+04   2.4230957e+01
   7.1342000e+04   3.0761719e+01
   7.2198000e+04   2.5756836e+01
   7.4568000e+04   2.4169922e+01
   7.4634000e+04   2.8076172e+01
   7.6300000e+04   2.9907227e+01
   7.7199000e+04   2.7343750e+01
   7.7346000e+04   2.7893066e+01
   7.9300000e+04   2.8198242e+01
   7.9402000e+04   2.6245117e+01
   8.1603000e+04   3.1005859e+01
   8.1703000e+04   2.6977539e+01
   8.1773000e+04   2.0263672e+01
   8.1814000e+04   1.7150879e+01
   8.1843000e+04   1.7761230e+01
   8.2558000e+04   2.7099609e+01
   8.2634000e+04   2.7893066e+01
   8.2710000e+04   1.8676758e+01
   8.4330000e+04   2.7954102e+01
   8.5527000e+04   2.5329590e+01
   8.6403000e+04   2.6794434e+01
   8.6733000e+04   2.8076172e+01
   8.7267000e+04   2.5451660e+01
   8.7427000e+04   2.3010254e+01
   8.9538000e+04   3.1982422e+01
   8.9719000e+04   2.1545410e+01
   9.0273000e+04   2.5634766e+01
   9.0411000e+04   2.2460938e+01
   9.0801000e+04   2.3193359e+01
   9.0958000e+04   1.7028809e+01
   9.1068000e+04   1.3854980e+01
   9.1191000e+04   1.3854980e+01
   9.1645000e+04   1.4038086e+01
   9.1836000e+04   1.5258789e+01
   9.2174000e+04   2.0690918e+01
   9.2345000e+04   1.3793945e+01
   9.3046000e+04   1.3732910e+01
   9.3291000e+04   1.4526367e+01
   9.3857000e+04   1.4770508e+01
   9.4327000e+04   1.3427734e+01
   9.4881000e+04   1.8554688e+01
   9.5491000e+04   1.9104004e+01
   9.6096000e+04   1.6479492e+01
   9.7495000e+04   2.6367188e+01
   9.7717000e+04   1.6540527e+01
   9.8504000e+04   1.9836426e+01
   9.9936000e+04   2.1850586e+01
   1.0013600e+05   1.9958496e+01
   1.0044600e+05   2.1667480e+01
   1.0069300e+05   2.1484375e+01
   1.0163400e+05   2.1972656e+01
   1.0429400e+05   2.6062012e+01
   1.0437300e+05   2.5207520e+01
   1.0450700e+05   1.5930176e+01
   1.0516000e+05   3.0212402e+01
   1.0540200e+05   2.1301270e+01
   1.0553300e+05   2.0446777e+01
   1.0565400e+05   1.4038086e+01
   1.0590600e+05   1.8371582e+01
   1.0613200e+05   1.5625000e+01
   1.0682500e+05   2.2338867e+01
   1.0712800e+05   2.0080566e+01
   1.0775000e+05   2.2033691e+01
   1.0809600e+05   2.4780273e+01
   1.0846900e+05   1.6052246e+01
   1.0874900e+05   1.8981934e+01
   1.0903800e+05   1.9775391e+01
   1.0931600e+05   1.8127441e+01
   1.0966100e+05   1.9714355e+01
   1.1010100e+05   2.0080566e+01
   1.1039300e+05   1.7761230e+01
   1.1309500e+05   2.6123047e+01
   1.1321900e+05   2.0141602e+01
   1.1383400e+05   2.1606445e+01
   1.1394800e+05   1.4343262e+01
   1.1407200e+05   1.3488770e+01
   1.1411900e+05   2.1118164e+01
   1.1467700e+05   1.8371582e+01
   1.1484800e+05   2.1606445e+01
   1.1512800e+05   1.6967773e+01
   1.1600200e+05   1.8066406e+01
   1.1665200e+05   2.0385742e+01
   1.1729200e+05   2.8137207e+01
   1.1766100e+05   2.0324707e+01
   1.1973600e+05   2.5634766e+01
   1.1996900e+05   2.0690918e+01
   1.2084300e+05   2.1545410e+01
   1.2098300e+05   1.6723633e+01
   1.2163200e+05   2.7038574e+01
   1.2191600e+05   1.9409180e+01
   1.2326000e+05   2.6550293e+01
   1.2348300e+05   2.3864746e+01
   1.2363900e+05   1.9165039e+01
   1.2377600e+05   1.5441895e+01
   1.2403400e+05   1.4831543e+01
   1.2582500e+05   2.4230957e+01
   1.2614600e+05   1.7944336e+01
   1.2625600e+05   1.4160156e+01
   1.2670900e+05   2.1057129e+01
   1.2683200e+05   1.8676758e+01
   1.2709200e+05   1.8798828e+01
   1.2728000e+05   1.7700195e+01
   1.2767200e+05   1.7944336e+01
   1.3002200e+05   2.4536133e+01
   1.3018800e+05   2.4719238e+01
   1.3074400e+05   2.2888184e+01
   1.3095900e+05   2.1179199e+01
   1.3155500e+05   1.8432617e+01
   1.3171800e+05   1.6601562e+01
   1.3210700e+05   1.4953613e+01
   1.3258200e+05   1.7822266e+01
   1.3296800e+05   1.6540527e+01
   1.3387100e+05   2.2033691e+01
   1.3404900e+05   1.8249512e+01
   1.3439100e+05   2.1911621e+01
   1.3472400e+05   1.9958496e+01
   1.3509400e+05   1.8554688e+01
   1.3778100e+05   2.6367188e+01
   1.3796500e+05   1.7761230e+01
   1.3862900e+05   2.3193359e+01
   1.3872900e+05   1.6601562e+01
   1.3944100e+05   2.6123047e+01
   1.3961100e+05   2.2338867e+01
   1.3986000e+05   1.9287109e+01
   1.4025900e+05   2.3742676e+01
   1.4092000e+05   2.0080566e+01
   1.4181700e+05   2.2521973e+01
   1.4269900e+05   2.3620605e+01
   1.4283900e+05   1.5563965e+01
   1.4598200e+05   3.2104492e+01
   1.4608900e+05   2.2583008e+01
   1.4619000e+05   1.6845703e+01
   1.4671400e+05   2.3010254e+01
   1.4686100e+05   1.9348145e+01
   1.4744100e+05   2.2033691e+01
   1.4758100e+05   1.8554688e+01
   1.4775800e+05   1.6052246e+01
   1.4822000e+05   1.6357422e+01
   1.4845200e+05   1.5197754e+01
   1.4857000e+05   1.5380859e+01
   1.5142200e+05   2.2766113e+01
   1.5155500e+05   1.9958496e+01
   1.5206700e+05   2.1911621e+01
   1.5217000e+05   1.4953613e+01
   1.5274300e+05   2.0263672e+01
   1.5336900e+05   2.1301270e+01
   1.5620700e+05   2.8991699e+01
   1.5627400e+05   1.9348145e+01
   1.5639600e+05   1.7089844e+01
   1.5685300e+05   2.1057129e+01
   1.5781900e+05   2.4719238e+01
   1.5793800e+05   1.8005371e+01
   1.6068800e+05   2.8259277e+01
   1.6077800e+05   2.3193359e+01
   1.6105900e+05   1.9470215e+01
   1.6122300e+05   1.7944336e+01
   1.6140200e+05   1.8737793e+01
   1.6173800e+05   2.0812988e+01
   1.6200100e+05   1.8432617e+01
   1.6653200e+05   2.6184082e+01
   1.6666200e+05   2.0690918e+01
   1.6697200e+05   2.2949219e+01
   1.6712500e+05   2.3986816e+01
   1.6771900e+05   2.4963379e+01
   1.6820100e+05   2.2094727e+01
   1.6865200e+05   2.1972656e+01
   1.6920400e+05   2.1911621e+01
   1.6964900e+05   1.9592285e+01
   1.7022800e+05   2.0141602e+01
   1.7097200e+05   2.3254395e+01
   1.7131900e+05   1.9470215e+01
   1.7168400e+05   1.8798828e+01
   1.7199500e+05   1.8981934e+01
   1.7234900e+05   1.8371582e+01
   1.7275700e+05   1.8310547e+01
   1.7294000e+05   1.6113281e+01
   1.7325400e+05   1.4221191e+01
   1.7721400e+05   2.7038574e+01
   1.7729500e+05   1.8798828e+01
   1.7736300e+05   1.6174316e+01
   1.7752300e+05   1.9409180e+01
   1.7768700e+05   1.6967773e+01
   1.7894900e+05   2.3803711e+01
   1.7916200e+05   2.0385742e+01
   1.8232800e+05   2.6794434e+01
   1.8243000e+05   2.3315430e+01
   1.8251600e+05   1.4404297e+01
   1.8314900e+05   2.2949219e+01
   1.8382000e+05   2.1728516e+01
   1.8497600e+05   2.2155762e+01
   1.8542500e+05   2.2766113e+01
   1.8565200e+05   2.0141602e+01
   1.8614000e+05   2.0629883e+01
   1.8656500e+05   2.0019531e+01
   1.8692500e+05   2.2277832e+01
   1.9114300e+05   2.9479980e+01
   1.9121100e+05   1.9714355e+01
   1.9132900e+05   2.1850586e+01
   1.9145300e+05   1.8005371e+01
   1.9187500e+05   2.4047852e+01
   1.9203800e+05   2.1301270e+01
   1.9262600e+05   2.3803711e+01
   1.9272600e+05   1.7395020e+01
   1.9316800e+05   2.2338867e+01
   1.9435000e+05   2.0080566e+01
   1.9827700e+05   2.5451660e+01
   1.9838100e+05   2.4353027e+01
   1.9845700e+05   1.7395020e+01
   1.9852100e+05   1.7639160e+01
   1.9899100e+05   2.1606445e+01
   1.9908700e+05   1.8005371e+01
   1.9988100e+05   2.3864746e+01
   1.9997400e+05   1.7395020e+01
   2.0474900e+05   3.0883789e+01
   2.0483900e+05   2.7648926e+01
   2.0490400e+05   1.3793945e+01
   2.0500800e+05   1.4831543e+01
   2.0523100e+05   2.1423340e+01
   2.0533700e+05   2.1179199e+01
   2.0570100e+05   2.0385742e+01
   2.0582900e+05   1.3427734e+01
   2.0635800e+05   1.4404297e+01
   2.0675900e+05   1.9531250e+01
   2.0701700e+05   1.6418457e+01
   2.0730900e+05   1.9104004e+01
   2.0769100e+05   1.6479492e+01
   2.1441000e+05   2.5817871e+01
   2.1458300e+05   1.4465332e+01
   2.1500600e+05   1.8249512e+01
   2.1552700e+05   1.9958496e+01
   2.1575500e+05   1.7333984e+01
   2.1655500e+05   2.1179199e+01
   2.1755800e+05   2.1606445e+01
   2.2054700e+05   2.4658203e+01
   2.2065800e+05   2.0935059e+01
   2.2076600e+05   2.0263672e+01
   2.2142200e+05   2.2155762e+01
   2.2161500e+05   1.6174316e+01
   2.2634500e+05   3.4484863e+01
   2.2644200e+05   2.6794434e+01
   2.2650700e+05   1.6418457e+01
   2.2653300e+05   1.8066406e+01
   2.2654700e+05   1.4526367e+01
   2.2660600e+05   1.3549805e+01
   2.2665800e+05   1.5991211e+01
   2.2693700e+05   2.4658203e+01
   2.2746800e+05   2.3376465e+01
   2.2817000e+05   2.2033691e+01
   2.2896500e+05   2.4047852e+01
   2.2918200e+05   1.8249512e+01
   2.3439000e+05   2.4719238e+01
   2.3449000e+05   2.2827148e+01
   2.3459800e+05   1.5319824e+01
   2.3464700e+05   1.4831543e+01
   2.3497800e+05   2.1911621e+01
   2.3507700e+05   1.7456055e+01
   2.3568200e+05   2.1789551e+01
   2.3582100e+05   1.6479492e+01
   2.3688900e+05   2.4291992e+01
   2.3703600e+05   1.8920898e+01
   2.4232500e+05   3.1616211e+01
   2.4243800e+05   2.1728516e+01
   2.4258500e+05   2.2094727e+01
   2.4318300e+05   2.2460938e+01
   2.4327500e+05   2.0141602e+01
   2.4579300e+05   2.3254395e+01
   2.4591000e+05   2.1789551e+01
   2.4598400e+05   1.5563965e+01
   2.4942800e+05   2.6733398e+01
   2.4951300e+05   2.5329590e+01
   2.4959400e+05   1.7272949e+01
   2.4963100e+05   1.3671875e+01
   2.5013700e+05   2.1301270e+01
   2.5022500e+05   1.7578125e+01
   2.5084300e+05   1.9287109e+01
   2.5674000e+05   2.8625488e+01
   2.5683900e+05   2.7465820e+01
   2.5691400e+05   2.3864746e+01
   2.5694300e+05   1.7944336e+01
   2.5697900e+05   1.5563965e+01
   2.5727800e+05   2.6184082e+01
   2.5741400e+05   2.0202637e+01
   2.5785500e+05   1.8493652e+01
   2.5840300e+05   2.1301270e+01
   2.5922100e+05   2.1545410e+01
   2.5935800e+05   1.8310547e+01
   2.6735900e+05   2.9663086e+01
   2.6744500e+05   2.6184082e+01
   2.6747400e+05   1.4709473e+01
   2.6750500e+05   2.1972656e+01
   2.6753900e+05   2.0141602e+01
   2.6764900e+05   2.4719238e+01
   2.6790900e+05   2.5085449e+01
   2.6798500e+05   2.1667480e+01
   2.6814600e+05   1.8920898e+01
   2.6854100e+05   2.4169922e+01
   2.6861500e+05   1.3305664e+01
   2.6896100e+05   2.1545410e+01
   2.6918700e+05   1.7517090e+01
   2.7467900e+05   2.7343750e+01
   2.7474400e+05   2.6855469e+01
   2.7497100e+05   1.9897461e+01
   2.7525600e+05   2.2277832e+01
   2.7533500e+05   1.3549805e+01
   2.7569000e+05   2.4353027e+01
   2.7581500e+05   1.6479492e+01
   2.7597600e+05   1.5136719e+01
   2.8197400e+05   2.7587891e+01
   2.8207200e+05   2.8259277e+01
   2.8218500e+05   2.0019531e+01
   2.8253500e+05   2.4536133e+01
   2.8263400e+05   1.7517090e+01
   2.8285300e+05   1.8127441e+01
   2.8298800e+05   1.8615723e+01
   2.8316200e+05   1.8493652e+01
   2.8330200e+05   1.6052246e+01
   2.9300500e+05   2.8686523e+01
   2.9310800e+05   3.1372070e+01
   2.9317600e+05   3.3935547e+01
   2.9352800e+05   2.8686523e+01
   2.9361900e+05   1.9653320e+01
   2.9410600e+05   2.7893066e+01
   2.9422600e+05   1.9531250e+01
   2.9502900e+05   2.3254395e+01
   3.0209700e+05   2.9907227e+01
   3.0215900e+05   2.0507812e+01
   3.0219600e+05   1.5686035e+01
   3.0223700e+05   3.0761719e+01
   3.0254400e+05   2.2949219e+01
   3.0266100e+05   2.3864746e+01
   3.0307500e+05   2.2277832e+01
   3.0371300e+05   2.2338867e+01
   3.1393800e+05   3.1250000e+01
   3.1400900e+05   2.4047852e+01
   3.1405700e+05   1.5625000e+01
   3.1411800e+05   1.5380859e+01
   3.1417200e+05   2.0141602e+01
   3.1446100e+05   2.5146484e+01
   3.1455500e+05   1.7028809e+01
   3.1466700e+05   2.1545410e+01
   3.1494200e+05   1.5991211e+01
   3.1509400e+05   2.6428223e+01
   3.1520000e+05   2.3376465e+01
   3.1580000e+05   2.5329590e+01
   3.2066100e+05   2.6184082e+01
   3.2075300e+05   2.4108887e+01
   3.2139900e+05   2.3376465e+01
   3.2150800e+05   2.5634766e+01
   3.2255200e+05   2.4047852e+01
   3.2265900e+05   2.0568848e+01
   3.2845100e+05   3.0822754e+01
   3.2850600e+05   2.7160645e+01
   3.2856600e+05   3.7963867e+01
   3.2894300e+05   2.6184082e+01
   3.2902000e+05   1.9409180e+01
   3.2948300e+05   2.3559570e+01
   3.2960100e+05   1.9531250e+01
   3.3044100e+05   2.7954102e+01
   3.3846500e+05   3.0700684e+01
   3.3852900e+05   2.9785156e+01
   3.3860500e+05   1.5686035e+01
   3.3864800e+05   1.5258789e+01
   3.3893500e+05   2.3620605e+01
   3.3900600e+05   2.1545410e+01
   3.3915100e+05   1.8615723e+01
   3.3954900e+05   1.7822266e+01
   3.4005400e+05   1.9897461e+01
   3.4017100e+05   2.0690918e+01
   3.4054300e+05   2.5146484e+01
   3.4106200e+05   2.1972656e+01
   3.4781200e+05   2.6428223e+01
   3.4843000e+05   2.4780273e+01
   3.4853500e+05   2.3925781e+01
   3.5278900e+05   3.3447266e+01
   3.5289100e+05   2.7954102e+01
   3.5295000e+05   2.4841309e+01
   3.5358400e+05   2.9235840e+01
   3.5379600e+05   2.2338867e+01
   3.5479700e+05   2.8076172e+01
   3.6292100e+05   3.0822754e+01
   3.6299600e+05   2.8259277e+01
   3.6306200e+05   2.4536133e+01
   3.6308800e+05   2.0751953e+01
   3.6342700e+05   2.6489258e+01
   3.6361600e+05   2.6000977e+01
   3.6397600e+05   2.4902344e+01
   3.6452300e+05   2.8198242e+01
   3.7743200e+05   3.7109375e+01
   3.7749200e+05   2.8076172e+01
   3.7750600e+05   1.4404297e+01
   3.7752000e+05   1.8005371e+01
   3.7758900e+05   2.1362305e+01
   3.7782100e+05   2.9479980e+01
   3.7792500e+05   4.1015625e+01
   3.7825700e+05   2.3803711e+01
   3.7864700e+05   2.6550293e+01
   3.7961900e+05   2.7648926e+01
   3.8007100e+05   2.4108887e+01
   3.9026200e+05   2.9907227e+01
   3.9031600e+05   3.0822754e+01
   3.9035800e+05   1.6235352e+01
   3.9037800e+05   2.4230957e+01
   3.9071400e+05   2.8991699e+01
   3.9081700e+05   2.4841309e+01
   3.9129200e+05   2.4780273e+01
   3.9185400e+05   2.6428223e+01
   3.9933000e+05   3.3264160e+01
   3.9939600e+05   2.4658203e+01
   3.9941900e+05   2.1972656e+01
   3.9989200e+05   2.6611328e+01
   3.9998100e+05   2.5573730e+01
   4.0908200e+05   3.3386230e+01
   4.0916100e+05   1.5991211e+01
   4.0944900e+05   2.8869629e+01
   4.0990200e+05   2.8625488e+01
   4.1182700e+05   2.9541016e+01
   4.2360000e+05   3.2348633e+01
   4.2365800e+05   2.0935059e+01
   4.2389700e+05   2.9785156e+01
   4.2398100e+05   2.4780273e+01
   4.2411800e+05   3.3264160e+01
   4.2432600e+05   2.9296875e+01
   4.2470500e+05   2.8930664e+01
   4.2590700e+05   3.1005859e+01
   4.3589500e+05   2.5817871e+01
   4.3639600e+05   3.4240723e+01
   4.3657300e+05   3.1799316e+01
   4.3690000e+05   2.4597168e+01
   4.3706900e+05   2.8564453e+01
   4.4712600e+05   2.8747559e+01
   4.4727000e+05   3.4851074e+01
   4.4763500e+05   2.6733398e+01
   4.4807400e+05   2.6672363e+01
   4.5833600e+05   2.7954102e+01
   4.5841300e+05   2.8686523e+01
   4.5898800e+05   2.5756836e+01
   4.5997200e+05   3.2409668e+01
   4.7950800e+05   3.0944824e+01
   4.7956900e+05   1.5014648e+01
   4.7962800e+05   1.6296387e+01
   4.7966300e+05   1.7883301e+01
   4.8038400e+05   3.7048340e+01
   4.8089500e+05   3.1066895e+01
   5.1972300e+05   3.0029297e+01
   5.1976400e+05   1.7883301e+01
   5.1983100e+05   1.5686035e+01
   5.5491400e+05   1.8676758e+01
   5.5497500e+05   1.9958496e+01
   7.5509300e+05   1.6357422e+01
   7.5512600e+05   1.6479492e+01
   7.7829300e+05   1.8432617e+01
   7.7914300e+05   1.6357422e+01
   7.7925800e+05   1.4831543e+01
   8.0832500e+05   1.5014648e+01
   8.2086300e+05   1.5747070e+01
   8.4932000e+05   1.3671875e+01
   8.4939600e+05   1.3732910e+01
   8.8273800e+05   1.4770508e+01
   9.0798500e+05   1.4587402e+01
   9.0802300e+05   1.4648438e+01
   9.2256900e+05   1.7272949e+01
   9.7147700e+05   1.6296387e+01
   9.7171400e+05   1.5686035e+01
   9.7203300e+05   1.8859863e+01
   9.7217000e+05   1.4404297e+01
   1.0567030e+06   1.3488770e+01
   1.0567400e+06   1.4282227e+01
   1.0574450e+06   1.4831543e+01
   1.0576120e+06   1.3732910e+01
   1.0577970e+06   2.5878906e+01
   1.1182180e+06   1.8432617e+01
   1.1188710e+06   1.6418457e+01
   1.1190750e+06   1.6052246e+01
   1.1705050e+06   1.8005371e+01
   1.1705390e+06   1.3671875e+01
   1.1711570e+06   1.6052246e+01
   1.1711840e+06   1.5625000e+01
   1.1713870e+06   1.7089844e+01
   1.1715500e+06   2.5451660e+01
   1.2059170e+06   1.5869141e+01
   1.2059380e+06   1.5441895e+01
   1.2066740e+06   1.7028809e+01
   1.2318520e+06   1.7211914e+01
   1.2318950e+06   1.3305664e+01
   1.2325950e+06   1.9348145e+01
   1.2588030e+06   1.3305664e+01
   1.2592320e+06   1.5380859e+01
   1.2881160e+06   1.7272949e+01
   1.2881550e+06   2.0324707e+01
   1.2881700e+06   1.5014648e+01
   1.2886140e+06   1.8554688e+01
   1.3123630e+06   1.3854980e+01
   1.3311750e+06   1.6784668e+01
   1.3313110e+06   2.9052734e+01
   1.3476090e+06   2.0507812e+01
   1.3841930e+06   1.6723633e+01
   1.3847580e+06   1.9897461e+01
   1.3849170e+06   1.5563965e+01
   1.4194570e+06   1.8676758e+01
   1.4195690e+06   1.6967773e+01
   1.4509160e+06   1.4160156e+01
   1.4510960e+06   1.5991211e+01
   1.4779390e+06   1.5380859e+01
   1.4780940e+06   1.4282227e+01
   1.4936660e+06   1.6784668e+01
   1.5218320e+06   1.5869141e+01
   1.5218750e+06   1.7883301e+01
   1.5220260e+06   3.2958984e+01
   1.5221430e+06   2.1484375e+01
   1.5222180e+06   1.5380859e+01
   1.5223160e+06   2.5634766e+01
   1.5223330e+06   1.4831543e+01
   1.5396150e+06   1.3610840e+01
   1.5497140e+06   3.9306641e+01
   1.5497750e+06   3.6560059e+01
   1.5502810e+06   2.9724121e+01
   1.5503240e+06   2.7343750e+01
   1.5538190e+06   1.3305664e+01
   1.5539010e+06   1.3610840e+01
   1.5726350e+06   4.0527344e+01
   1.5726860e+06   1.5563965e+01
   1.5731190e+06   2.0141602e+01
   1.6391830e+06   1.4404297e+01
   1.6393110e+06   1.4709473e+01
   1.6799570e+06   1.4831543e+01
   1.6800620e+06   1.4526367e+01
   1.6801340e+06   2.7282715e+01
   1.6801480e+06   1.4038086e+01
   1.7116830e+06   1.9409180e+01
   1.7281140e+06   1.3549805e+01
   1.7283230e+06   1.7028809e+01
   1.7288750e+06   1.9165039e+01
   1.7653450e+06   1.7517090e+01
   1.7654970e+06   1.6967773e+01
   1.7842700e+06   2.0812988e+01
   1.7843070e+06   1.5258789e+01
   1.7846400e+06   1.4648438e+01
   1.8041420e+06   3.2775879e+01
   1.8056930e+06   1.6418457e+01
   1.8354470e+06   1.8371582e+01
   1.8358900e+06   1.6967773e+01
   1.8610570e+06   1.3305664e+01
   1.9120530e+06   1.5686035e+01
   1.9420550e+06   1.7150879e+01
   1.9421710e+06   1.5991211e+01
   1.9422660e+06   2.9907227e+01
   1.9564060e+06   1.4648438e+01
   1.9739210e+06   1.9165039e+01
   1.9739870e+06   3.2043457e+01
   2.0059430e+06   1.8554688e+01
   2.0060510e+06   1.5502930e+01
   2.0061160e+06   1.7639160e+01
   2.0062340e+06   2.7587891e+01
   2.0213310e+06   1.4038086e+01
   2.0427380e+06   1.9226074e+01
   2.0428450e+06   1.4953613e+01
   2.0432170e+06   1.5869141e+01
   2.0596760e+06   1.7883301e+01
   2.0775810e+06   1.6296387e+01
   2.0776150e+06   1.4343262e+01
   2.0779640e+06   2.0751953e+01
   2.0966380e+06   1.7333984e+01
   2.0967290e+06   1.4404297e+01
   2.0968310e+06   1.5441895e+01
   2.1075950e+06   1.4526367e+01
   2.1082120e+06   1.6296387e+01
   2.1282460e+06   2.1301270e+01
   2.1283670e+06   1.5563965e+01
   2.1285610e+06   3.4484863e+01
   2.1419530e+06   1.6784668e+01
   2.1420900e+06   1.5991211e+01
   2.1642310e+06   1.6723633e+01
   2.1643430e+06   1.4770508e+01
   2.1643910e+06   1.4343262e+01
   2.1645360e+06   2.8137207e+01
   2.1829730e+06   1.6906738e+01
   2.1831130e+06   1.5991211e+01
   2.2125460e+06   1.9592285e+01
   2.2126790e+06   1.4953613e+01
   2.2127010e+06   2.9113770e+01
   2.2131320e+06   1.7578125e+01
   2.2304260e+06   1.7089844e+01
   2.2305900e+06   1.5686035e+01
   2.2479160e+06   1.6174316e+01
   2.2480460e+06   1.8737793e+01
   2.2635990e+06   1.7700195e+01
   2.2636420e+06   2.1362305e+01
   2.2637450e+06   1.5808105e+01
   2.2637840e+06   2.9357910e+01
   2.2782780e+06   2.0080566e+01
   2.2783190e+06   1.3977051e+01
   2.2783510e+06   1.5075684e+01
   2.2783740e+06   2.8564453e+01
   2.2784750e+06   1.4465332e+01
   2.2948440e+06   2.8625488e+01
   2.2948900e+06   2.9235840e+01
   2.2949550e+06   1.3854980e+01
   2.3102410e+06   1.5808105e+01
   2.3102830e+06   1.3671875e+01
   2.3103490e+06   1.8188477e+01
   2.3103600e+06   1.5197754e+01
   2.3105310e+06   1.5319824e+01
   2.3270710e+06   1.4892578e+01
   2.3271540e+06   1.5502930e+01
   2.3422660e+06   2.0263672e+01
   2.3423790e+06   1.5686035e+01
   2.3424490e+06   2.9602051e+01
   2.3634290e+06   1.9653320e+01
   2.3634600e+06   1.8310547e+01
   2.3634970e+06   1.3916016e+01
   2.3635310e+06   1.4282227e+01
   2.3635630e+06   1.5747070e+01
   2.3638760e+06   2.1850586e+01
   2.3769690e+06   1.3610840e+01
   2.3772910e+06   1.5319824e+01
   2.3915530e+06   2.7465820e+01
   2.3915840e+06   1.4831543e+01
   2.3921150e+06   1.3366699e+01
   2.4015270e+06   3.6743164e+01
   2.4020330e+06   1.4343262e+01
   2.4021390e+06   3.1555176e+01
   2.4162900e+06   1.3610840e+01
   2.4163650e+06   2.8442383e+01
   2.4163980e+06   1.3793945e+01
   2.4164380e+06   1.7578125e+01
   2.4166340e+06   2.2094727e+01
   2.4167270e+06   1.6235352e+01
   2.4167640e+06   1.3671875e+01
   2.4167780e+06   2.3925781e+01
   2.4297300e+06   1.8371582e+01
   2.4297770e+06   1.5808105e+01
   2.4456560e+06   2.3010254e+01
   2.4457040e+06   1.3366699e+01
   2.4457500e+06   2.7709961e+01
   2.4457840e+06   1.4099121e+01
   2.4458440e+06   1.3427734e+01
   2.4458630e+06   1.6784668e+01
   2.4460070e+06   1.4160156e+01
   2.4460960e+06   1.4892578e+01
   2.4587480e+06   1.4099121e+01
   2.4588330e+06   2.9541016e+01
   2.4590190e+06   1.3549805e+01
   2.4752240e+06   1.3305664e+01
   2.4753110e+06   1.4404297e+01
   2.4753230e+06   2.0141602e+01
   2.4754370e+06   2.6672363e+01
   2.4755800e+06   1.7150879e+01
   2.4868620e+06   1.6479492e+01
   2.4870690e+06   2.1667480e+01
   2.4870890e+06   2.6916504e+01
   2.4871290e+06   1.7822266e+01
   2.5003160e+06   2.7038574e+01
   2.5003380e+06   1.8554688e+01
   2.5083180e+06   1.6845703e+01
   2.5086670e+06   1.8432617e+01
   2.5088050e+06   3.3630371e+01
   2.5190620e+06   1.6418457e+01
   2.5191060e+06   2.6550293e+01
   2.5191600e+06   1.5563965e+01
   2.5191800e+06   1.5197754e+01
   2.5301880e+06   4.9987793e+01
   2.5302260e+06   1.6174316e+01
   2.5303060e+06   1.3427734e+01
   2.5303580e+06   3.0822754e+01
   2.5376090e+06   4.7607422e+01
   2.5376550e+06   1.7395020e+01
   2.5378310e+06   3.3081055e+01
   2.5379300e+06   1.6174316e+01
   2.5467800e+06   3.7719727e+01
   2.5470830e+06   4.4128418e+01
   2.5471290e+06   1.6357422e+01
   2.5471930e+06   2.4536133e+01
   2.5516280e+06   4.0039062e+01
   2.5517290e+06   3.5522461e+01
   2.5520320e+06   3.3874512e+01
   2.5587410e+06   1.5991211e+01
   2.5587660e+06   1.5502930e+01
   2.5588730e+06   1.7089844e+01
   2.5609690e+06   3.3264160e+01
   2.5693220e+06   1.6113281e+01
   2.5694670e+06   1.4221191e+01
   2.5695000e+06   3.5827637e+01
   2.5695370e+06   1.3977051e+01
   2.5697960e+06   1.4221191e+01
   2.5702150e+06   2.0812988e+01
   2.5702690e+06   2.9663086e+01
   2.5780600e+06   3.4179688e+01
   2.5781060e+06   1.4038086e+01
   2.5781820e+06   3.5034180e+01
   2.5790190e+06   1.6723633e+01
   2.5885110e+06   4.0710449e+01
   2.5885240e+06   1.7272949e+01
   2.5888520e+06   1.3916016e+01
   2.5889090e+06   1.5808105e+01
   2.5892430e+06   3.4973145e+01
   2.5969840e+06   3.0334473e+01
   2.5971990e+06   3.1616211e+01
   2.5972280e+06   1.7883301e+01
   2.6048330e+06   3.7353516e+01
   2.6049480e+06   3.6560059e+01
   2.6050030e+06   1.6052246e+01
   2.6053470e+06   4.1503906e+01
   2.6056470e+06   3.6193848e+01
   2.6143660e+06   4.3945312e+01
   2.6144230e+06   1.7517090e+01
   2.6144570e+06   1.7761230e+01
   2.6145370e+06   3.1677246e+01
   2.6150930e+06   3.1921387e+01
   2.6214590e+06   3.2958984e+01
   2.6215190e+06   1.6113281e+01
   2.6215390e+06   3.4301758e+01
   2.6219370e+06   2.9541016e+01
   2.6220360e+06   1.9958496e+01
   2.6225320e+06   2.9602051e+01
   2.6301580e+06   3.5217285e+01
   2.6307530e+06   2.9418945e+01
   2.6348520e+06   3.2897949e+01
   2.6349290e+06   1.8676758e+01
   2.6349450e+06   3.1494141e+01
   2.6353430e+06   3.6254883e+01
   2.6359460e+06   3.2104492e+01
   2.6396590e+06   3.7292480e+01
   2.6398340e+06   2.9235840e+01
   2.6434640e+06   3.3447266e+01
   2.6435530e+06   2.7099609e+01
   2.6435650e+06   1.9592285e+01
   2.6436260e+06   2.5695801e+01
   2.6436490e+06   3.2043457e+01
   2.6436650e+06   1.3854980e+01
   2.6439320e+06   3.2348633e+01
   2.6440190e+06   1.9958496e+01
   2.6447940e+06   2.6550293e+01
   2.6453110e+06   3.0578613e+01
   2.6453990e+06   2.2705078e+01
   2.6457620e+06   2.8564453e+01
   2.6458620e+06   1.9470215e+01
   2.6459840e+06   2.0202637e+01
   2.6486800e+06   1.4038086e+01
   2.6488770e+06   1.3977051e+01
   2.6493230e+06   1.3488770e+01
   2.6521430e+06   1.6235352e+01
   2.6539940e+06   2.7099609e+01
   2.6541920e+06   2.5268555e+01
   2.6548150e+06   2.0080566e+01
   2.6553020e+06   2.4414062e+01
   2.6596150e+06   2.9479980e+01
   2.6608390e+06   2.9663086e+01
   2.6610060e+06   2.6489258e+01
   2.6631660e+06   2.8442383e+01
   2.6632890e+06   2.3010254e+01
   2.6633730e+06   2.6306152e+01
   2.6634860e+06   1.6540527e+01
   2.6636400e+06   2.2705078e+01
   2.6640170e+06   2.6245117e+01
   2.6681830e+06   2.5878906e+01
   2.6683870e+06   2.4353027e+01
   2.6685130e+06   2.2399902e+01
   2.6715990e+06   2.9235840e+01
   2.6717240e+06   2.4841309e+01
   2.6718290e+06   2.6916504e+01
   2.6724360e+06   3.1005859e+01
   2.6725200e+06   2.1728516e+01
   2.6764770e+06   2.8015137e+01
   2.6767080e+06   3.1005859e+01
   2.6769390e+06   2.6550293e+01
   2.6773160e+06   2.6916504e+01
   2.6774370e+06   2.3803711e+01
   2.6776010e+06   1.7700195e+01
   2.6777340e+06   1.9958496e+01
   2.6778560e+06   1.8249512e+01
   2.6781220e+06   2.2705078e+01
   2.6782600e+06   1.6967773e+01
   2.6794040e+06   1.9958496e+01
   2.6841780e+06   3.1738281e+01
   2.6842800e+06   2.6855469e+01
   2.6843630e+06   2.6916504e+01
   2.6859380e+06   2.7343750e+01
   2.6860730e+06   2.7587891e+01
   2.6861940e+06   2.0446777e+01
   2.6862520e+06   1.4953613e+01
   2.6862920e+06   1.9165039e+01
   2.6882400e+06   2.5817871e+01
   2.6883620e+06   2.5634766e+01
   2.6887790e+06   2.5573730e+01
   2.6892040e+06   2.4658203e+01
   2.6896520e+06   2.1972656e+01
   2.6903560e+06   2.5817871e+01
   2.6906040e+06   2.1606445e+01
   2.6958880e+06   2.8930664e+01
   2.6961130e+06   2.8076172e+01
   2.6973540e+06   2.7282715e+01
   2.6974950e+06   1.6357422e+01
   2.6987820e+06   3.2165527e+01
   2.6989090e+06   2.1423340e+01
   2.7021490e+06   3.2592773e+01
   2.7022420e+06   2.5390625e+01
   2.7023290e+06   2.0874023e+01
   2.7024240e+06   2.8503418e+01
   2.7024650e+06   1.8493652e+01
   2.7030580e+06   2.5268555e+01
   2.7031410e+06   2.1789551e+01
   2.7040710e+06   2.6550293e+01
   2.7042580e+06   2.3071289e+01
   2.7043860e+06   1.8737793e+01
   2.7044890e+06   1.5563965e+01
   2.7046370e+06   1.3977051e+01
   2.7047370e+06   1.3488770e+01
   2.7049100e+06   1.7089844e+01
   2.7051600e+06   1.4038086e+01
   2.7068230e+06   1.3671875e+01
   2.7088310e+06   1.3549805e+01
   2.7090500e+06   1.3671875e+01
   2.7108010e+06   1.6479492e+01
   2.7119330e+06   2.3498535e+01
   2.7121740e+06   1.8005371e+01
   2.7136460e+06   2.2644043e+01
   2.7141550e+06   2.6977539e+01
   2.7171960e+06   2.4536133e+01
   2.7173000e+06   1.8188477e+01
   2.7173880e+06   1.6662598e+01
   2.7174620e+06   1.7211914e+01
   2.7181360e+06   2.3132324e+01
   2.7182320e+06   1.4892578e+01
   2.7187700e+06   1.6418457e+01
   2.7188890e+06   1.3549805e+01
   2.7192970e+06   2.0751953e+01
   2.7214040e+06   2.0751953e+01
   2.7216090e+06   2.0629883e+01
   2.7221350e+06   1.6967773e+01
   2.7222950e+06   1.8493652e+01
   2.7224380e+06   1.3732910e+01
   2.7228500e+06   1.7761230e+01
   2.7230840e+06   1.6784668e+01
   2.7233210e+06   1.5258789e+01
   2.7236250e+06   1.6357422e+01
   2.7239510e+06   1.4648438e+01
   2.7244230e+06   1.4831543e+01
   2.7248380e+06   1.7761230e+01
   2.7252750e+06   2.1911621e+01
   2.7256140e+06   1.7150879e+01
   2.7258820e+06   1.5808105e+01
   2.7263230e+06   1.4465332e+01
   2.7294040e+06   2.5329590e+01
   2.7295430e+06   1.7883301e+01
   2.7296760e+06   2.1057129e+01
   2.7303710e+06   1.9348145e+01
   2.7305370e+06   1.4648438e+01
   2.7320760e+06   2.1911621e+01
   2.7326850e+06   2.1850586e+01
   2.7333350e+06   1.6723633e+01
   2.7335040e+06   1.4831543e+01
   2.7337930e+06   1.8432617e+01
   2.7339470e+06   1.3916016e+01
   2.7343440e+06   1.7211914e+01
   2.7347960e+06   1.3916016e+01
   2.7350020e+06   1.3916016e+01
   2.7351980e+06   1.4953613e+01
   2.7354860e+06   1.3305664e+01
   2.7357390e+06   1.5991211e+01
   2.7368490e+06   1.7456055e+01
   2.7374730e+06   1.3916016e+01
   2.7378390e+06   1.4404297e+01
   2.7382000e+06   1.6235352e+01
   2.7390520e+06   1.3977051e+01
   2.7397750e+06   2.0385742e+01
   2.7407070e+06   2.0324707e+01
   2.7410340e+06   1.5197754e+01
   2.7419530e+06   1.6113281e+01
   2.7460340e+06   2.4719238e+01
   2.7461780e+06   2.4597168e+01
   2.7463060e+06   2.1484375e+01
   2.7463170e+06   1.5502930e+01
   2.7464160e+06   1.5808105e+01
   2.7468430e+06   2.1667480e+01
   2.7475690e+06   1.9287109e+01
   2.7477150e+06   1.5502930e+01
   2.7480640e+06   1.4282227e+01
   2.7508090e+06   2.1606445e+01
   2.7509860e+06   2.0446777e+01
   2.7511110e+06   1.8432617e+01
   2.7518190e+06   2.0202637e+01
   2.7520390e+06   1.7028809e+01
   2.7526750e+06   1.7211914e+01
   2.7528290e+06   1.4343262e+01
   2.7531940e+06   1.7272949e+01
   2.7539330e+06   1.3977051e+01
   2.7543810e+06   1.4831543e+01
   2.7549620e+06   1.3610840e+01
   2.7567100e+06   1.3488770e+01
   2.7606640e+06   2.4108887e+01
   2.7608010e+06   1.9348145e+01
   2.7609410e+06   1.3916016e+01
   2.7610300e+06   1.4770508e+01
   2.7612990e+06   1.6662598e+01
   2.7618710e+06   1.5625000e+01
   2.7621540e+06   1.4770508e+01
   2.7623480e+06   1.5686035e+01
   2.7629750e+06   1.3366699e+01
   2.7644860e+06   1.5869141e+01
   2.7678630e+06   1.3916016e+01
   2.7683480e+06   1.5991211e+01
   2.7690630e+06   1.3854980e+01
   2.7696620e+06   1.8493652e+01
   2.7705520e+06   1.8005371e+01
   2.7708710e+06   1.3427734e+01
   2.7721680e+06   1.6052246e+01
   2.7729940e+06   1.4770508e+01
   2.7770050e+06   2.8564453e+01
   2.7771410e+06   1.9958496e+01
   2.7772680e+06   1.3916016e+01
   2.7773210e+06   1.3854980e+01
   2.7777110e+06   1.5930176e+01
   2.7778120e+06   1.5991211e+01
   2.7784310e+06   1.3854980e+01
   2.7790830e+06   1.4160156e+01
   2.7797540e+06   1.3732910e+01
   2.7802940e+06   1.7272949e+01
   2.7814650e+06   1.4587402e+01
   2.7825160e+06   1.4709473e+01
   2.7875400e+06   2.5329590e+01
   2.7876530e+06   2.2583008e+01
   2.7878220e+06   1.9409180e+01
   2.7878610e+06   1.5869141e+01
   2.7879620e+06   1.5075684e+01
   2.7881300e+06   1.6418457e+01
   2.7883510e+06   1.3366699e+01
   2.7891500e+06   1.5991211e+01
   2.7898660e+06   1.3854980e+01
   2.7931300e+06   1.3732910e+01
   2.7959960e+06   1.5380859e+01
   2.7997760e+06   2.3437500e+01
   2.7999010e+06   1.3610840e+01
   2.8006280e+06   1.5380859e+01
   2.8007580e+06   1.4770508e+01
   2.8017210e+06   1.5380859e+01
   2.8038780e+06   1.6418457e+01
   2.8049160e+06   1.4587402e+01
   2.8059230e+06   1.3793945e+01
   2.8067980e+06   1.6052246e+01
   2.8072930e+06   1.7822266e+01
   2.8095970e+06   1.8432617e+01
   2.8097380e+06   1.8432617e+01
   2.8099330e+06   1.3549805e+01
   2.8102980e+06   1.7517090e+01
   2.8109140e+06   1.4099121e+01
   2.8146540e+06   2.4414062e+01
   2.8148070e+06   2.0202637e+01
   2.8163190e+06   1.6479492e+01
   2.8169630e+06   1.4587402e+01
   2.8174990e+06   1.3977051e+01
   2.8208960e+06   1.6113281e+01
   2.8223770e+06   1.4160156e+01
   2.8246530e+06   1.6967773e+01
   2.8257630e+06   1.7089844e+01
   2.8286780e+06   2.3620605e+01
   2.8288430e+06   1.9287109e+01
   2.8290030e+06   1.5014648e+01
   2.8294930e+06   1.5563965e+01
   2.8302190e+06   1.5930176e+01
   2.8345370e+06   2.1728516e+01
   2.8346130e+06   1.7211914e+01
   2.8349260e+06   1.7761230e+01
   2.8349740e+06   1.7211914e+01
   2.8353850e+06   1.7578125e+01
   2.8364070e+06   2.1179199e+01
   2.8412190e+06   2.2521973e+01
   2.8413650e+06   2.1301270e+01
   2.8414800e+06   1.4160156e+01
   2.8419090e+06   1.8005371e+01
   2.8426210e+06   2.1301270e+01
   2.8427970e+06   1.6723633e+01
   2.8435740e+06   1.4465332e+01
   2.8446580e+06   1.8554688e+01
   2.8503190e+06   2.8564453e+01
   2.8504190e+06   2.2705078e+01
   2.8506350e+06   2.0690918e+01
   2.8507940e+06   1.4709473e+01
   2.8512660e+06   1.6967773e+01
   2.8515940e+06   1.3549805e+01
   2.8518660e+06   1.4648438e+01
   2.8522590e+06   1.4770508e+01
   2.8527390e+06   1.4587402e+01
   2.8531780e+06   1.3488770e+01
   2.8582610e+06   1.8493652e+01
   2.8586260e+06   1.6601562e+01
   2.8593540e+06   1.9409180e+01
   2.8599910e+06   1.3793945e+01
   2.8613110e+06   1.7150879e+01
   2.8619840e+06   1.7211914e+01
   2.8683080e+06   2.5756836e+01
   2.8683880e+06   2.5817871e+01
   2.8684600e+06   2.1606445e+01
   2.8684750e+06   1.7333984e+01
   2.8690190e+06   2.0507812e+01
   2.8691870e+06   1.5136719e+01
   2.8698060e+06   1.6357422e+01
   2.8707880e+06   1.6479492e+01
   2.8710450e+06   1.3305664e+01
   2.8792780e+06   2.7770996e+01
   2.8793820e+06   1.8920898e+01
   2.8794560e+06   1.7272949e+01
   2.8798630e+06   1.6784668e+01
   2.8799680e+06   1.3366699e+01
   2.8802020e+06   1.5075684e+01
   2.8803970e+06   1.8432617e+01
   2.8805690e+06   1.3854980e+01
   2.8819040e+06   1.7333984e+01
   2.8821520e+06   1.5869141e+01
   2.8827430e+06   1.4221191e+01
   2.8842930e+06   1.6723633e+01
   2.8866280e+06   1.6357422e+01
   2.8889590e+06   1.9897461e+01
   2.8948220e+06   2.2277832e+01
   2.8950740e+06   2.0874023e+01
   2.8951560e+06   1.4831543e+01
   2.8955960e+06   2.2338867e+01
   2.8961880e+06   1.9287109e+01
   2.8963840e+06   1.9958496e+01
   2.9034520e+06   2.5207520e+01
   2.9035300e+06   1.9592285e+01
   2.9036060e+06   1.6357422e+01
   2.9037550e+06   1.8188477e+01
   2.9041030e+06   1.8249512e+01
   2.9043640e+06   1.8127441e+01
   2.9045770e+06   1.8066406e+01
   2.9049210e+06   1.6601562e+01
   2.9050530e+06   1.4648438e+01
   2.9054130e+06   1.5625000e+01
   2.9057610e+06   1.3854980e+01
   2.9061560e+06   1.3977051e+01
   2.9105600e+06   1.5441895e+01
   2.9124940e+06   1.8493652e+01
   2.9136510e+06   1.9165039e+01
   2.9139870e+06   1.6601562e+01
   2.9169690e+06   2.2827148e+01
   2.9172650e+06   1.9775391e+01
   2.9183130e+06   2.3010254e+01
   2.9185920e+06   1.4892578e+01
   2.9256980e+06   2.7099609e+01
   2.9257910e+06   2.1667480e+01
   2.9258960e+06   2.2888184e+01
   2.9260010e+06   1.7517090e+01
   2.9260490e+06   1.5808105e+01
   2.9262080e+06   1.7517090e+01
   2.9263960e+06   1.6723633e+01
   2.9266950e+06   1.4160156e+01
   2.9272660e+06   1.6235352e+01
   2.9277800e+06   1.6784668e+01
   2.9279640e+06   1.3793945e+01
   2.9282980e+06   1.4892578e+01
   2.9308650e+06   1.8005371e+01
   2.9357820e+06   2.1240234e+01
   2.9359700e+06   1.6845703e+01
   2.9366540e+06   2.0446777e+01
   2.9372630e+06   2.2216797e+01
   2.9435290e+06   2.7770996e+01
   2.9436430e+06   2.3437500e+01
   2.9437790e+06   1.6418457e+01
   2.9439240e+06   1.5136719e+01
   2.9442340e+06   2.2949219e+01
   2.9443830e+06   1.8615723e+01
   2.9445820e+06   1.7700195e+01
   2.9449010e+06   1.7272949e+01
   2.9452400e+06   1.4709473e+01
   2.9459100e+06   1.7822266e+01
   2.9512190e+06   2.6916504e+01
   2.9530370e+06   2.7709961e+01
   2.9531260e+06   2.2399902e+01
   2.9536100e+06   2.0202637e+01
   2.9543450e+06   2.0385742e+01
   2.9547140e+06   2.0874023e+01
   2.9553330e+06   2.2216797e+01
   2.9611960e+06   3.1555176e+01
   2.9613590e+06   2.5695801e+01
   2.9614780e+06   1.6906738e+01
   2.9622100e+06   1.7883301e+01
   2.9678240e+06   2.9052734e+01
   2.9679160e+06   2.8137207e+01
   2.9680710e+06   2.1972656e+01
   2.9683090e+06   2.3559570e+01
   2.9685160e+06   2.0874023e+01
   2.9690040e+06   2.3620605e+01
   2.9696680e+06   2.1423340e+01
   2.9703220e+06   2.4719238e+01
   2.9705700e+06   2.1484375e+01
   2.9713340e+06   2.1179199e+01
   2.9773180e+06   2.6428223e+01
   2.9780020e+06   2.7709961e+01
   2.9793720e+06   2.7770996e+01
   2.9795660e+06   2.1362305e+01
   2.9833780e+06   2.7893066e+01
   2.9835050e+06   2.5939941e+01
   2.9844310e+06   2.3620605e+01
   2.9845760e+06   1.9836426e+01
   2.9917050e+06   2.6123047e+01
   2.9917820e+06   2.6367188e+01
   2.9918440e+06   2.2521973e+01
   2.9923390e+06   2.3742676e+01
   2.9929040e+06   2.3986816e+01
   2.9934640e+06   2.5207520e+01
   2.9936710e+06   2.2888184e+01
   2.9946750e+06   2.4414062e+01
   2.9953960e+06   2.6123047e+01
