   3.0000000e+06   0.0000000e+00
   3.1810000e+03   1.5930176e+01
   1.1290000e+04   1.4892578e+01
   1.1381000e+04   1.6296387e+01
   1.1550000e+04   1.6418457e+01
   1.1616000e+04   1.5136719e+01
   1.5548000e+04   1.6784668e+01
   3.0262000e+04   1.5869141e+01
   3.6122000e+04   1.6052246e+01
   3.8612000e+04   1.4770508e+01
   3.8701000e+04   1.7639160e+01
   4.9775000e+04   1.8615723e+01
   5.0612000e+04   1.5319824e+01
   6.9856000e+04   1.5747070e+01
   6.9958000e+04   1.6296387e+01
   7.9148000e+04   1.5869141e+01
   8.1848000e+04   1.6052246e+01
   8.6798000e+04   1.8371582e+01
   9.0483000e+04   1.8432617e+01
   1.0447700e+05   2.0019531e+01
   1.0607600e+05   1.8066406e+01
   1.1325400e+05   1.6723633e+01
   1.2369800e+05   1.5747070e+01
   1.2743300e+05   1.7089844e+01
   1.3793800e+05   1.6174316e+01
   1.3815900e+05   1.6174316e+01
   1.3874100e+05   1.5136719e+01
   1.3878400e+05   1.4892578e+01
   1.4192600e+05   1.5258789e+01
   1.4618700e+05   1.5686035e+01
   1.4685700e+05   1.5014648e+01
   1.5152200e+05   2.1301270e+01
   1.6669300e+05   1.4953613e+01
   1.7742000e+05   1.5441895e+01
   1.9121900e+05   1.8615723e+01
   1.9139800e+05   1.4953613e+01
   1.9844200e+05   1.5502930e+01
   2.0544900e+05   1.6113281e+01
   2.0586100e+05   1.6296387e+01
   2.1451200e+05   1.5441895e+01
   2.1507100e+05   2.0263672e+01
   2.2167800e+05   1.5441895e+01
   2.2654000e+05   1.6357422e+01
   2.2702400e+05   1.5991211e+01
   2.3451900e+05   1.4770508e+01
   2.3455500e+05   1.5258789e+01
   2.4953300e+05   1.6418457e+01
   2.4976000e+05   1.8249512e+01
   2.5684400e+05   2.2094727e+01
   2.8209800e+05   1.9592285e+01
   2.8216700e+05   1.9653320e+01
   2.8226400e+05   1.5380859e+01
   2.9313200e+05   1.5686035e+01
   2.9364900e+05   1.5258789e+01
   3.0213900e+05   1.9104004e+01
   3.0256100e+05   1.5747070e+01
   3.0315700e+05   1.7150879e+01
   3.1400500e+05   1.7761230e+01
   3.1456400e+05   1.8493652e+01
   3.1518300e+05   1.7333984e+01
   3.2849000e+05   1.8554688e+01
   3.2963700e+05   1.4770508e+01
   3.3966700e+05   1.6601562e+01
   3.4785200e+05   1.4831543e+01
   3.6299100e+05   2.3986816e+01
   3.7755500e+05   1.7333984e+01
   3.7778400e+05   1.5075684e+01
   3.7786600e+05   1.6418457e+01
   3.9139000e+05   1.9348145e+01
   3.9938800e+05   1.5563965e+01
   4.0910200e+05   1.9775391e+01
   4.2355900e+05   1.5014648e+01
   4.3606700e+05   1.4892578e+01
   4.5852500e+05   1.8981934e+01
   4.7956600e+05   1.5075684e+01
   4.7957900e+05   1.5014648e+01
   5.1973000e+05   1.7456055e+01
   5.5496900e+05   1.6235352e+01
   5.7628500e+05   1.5869141e+01
   6.1353100e+05   1.6784668e+01
   7.1830400e+05   1.6174316e+01
   7.1832800e+05   1.5075684e+01
   7.3137400e+05   1.5625000e+01
   7.5511600e+05   1.5075684e+01
   7.7922400e+05   1.6174316e+01
   8.2069700e+05   1.9470215e+01
   9.0795600e+05   1.6845703e+01
   9.2251100e+05   1.8249512e+01
   9.5061200e+05   1.5136719e+01
   1.0281800e+06   2.1606445e+01
   1.0566860e+06   1.5625000e+01
   1.0574720e+06   1.5991211e+01
   1.1069070e+06   1.6601562e+01
   1.2317980e+06   1.4892578e+01
   1.2325450e+06   1.5380859e+01
   1.2561130e+06   1.5014648e+01
   1.2593470e+06   1.5380859e+01
   1.3311010e+06   1.4770508e+01
   1.3841570e+06   1.7150879e+01
   1.5220030e+06   1.5075684e+01
   1.5222010e+06   1.5258789e+01
   1.5222240e+06   1.4892578e+01
   1.5222900e+06   1.7944336e+01
   1.5223560e+06   1.5686035e+01
   1.6802460e+06   1.4953613e+01
   1.7096470e+06   1.6540527e+01
   1.7115710e+06   1.5625000e+01
   1.7287830e+06   1.5991211e+01
   1.7525500e+06   1.7456055e+01
   1.7654300e+06   1.8310547e+01
   1.8823260e+06   1.5747070e+01
   1.9076280e+06   1.4892578e+01
   1.9116040e+06   1.6479492e+01
   1.9421050e+06   1.5319824e+01
   1.9424800e+06   1.8859863e+01
   1.9739120e+06   1.4953613e+01
   1.9740120e+06   1.5991211e+01
   1.9741730e+06   1.6662598e+01
   1.9747480e+06   1.4770508e+01
   2.0060930e+06   1.8493652e+01
   2.0064550e+06   1.8493652e+01
   2.0427470e+06   1.6967773e+01
   2.0596300e+06   1.6967773e+01
   2.1081590e+06   1.6662598e+01
   2.1420860e+06   1.5441895e+01
   2.1607810e+06   1.6052246e+01
   2.2124000e+06   1.5014648e+01
   2.2925440e+06   1.5441895e+01
   2.2948210e+06   1.6235352e+01
   2.2949530e+06   1.5380859e+01
   2.3108260e+06   1.4770508e+01
   2.3112380e+06   1.4831543e+01
   2.3272290e+06   1.5441895e+01
   2.3425090e+06   1.5075684e+01
   2.3636680e+06   1.8859863e+01
   2.3637390e+06   1.5136719e+01
   2.3637910e+06   1.7211914e+01
   2.3639070e+06   1.9531250e+01
   2.4014220e+06   1.5197754e+01
   2.4031950e+06   1.6296387e+01
   2.4163110e+06   1.4892578e+01
   2.4164700e+06   2.2644043e+01
   2.4165330e+06   1.5502930e+01
   2.4165910e+06   1.5441895e+01
   2.4166690e+06   1.8249512e+01
   2.4297920e+06   1.7089844e+01
   2.4457080e+06   1.6662598e+01
   2.4459110e+06   1.5197754e+01
   2.4459630e+06   1.8920898e+01
   2.4460210e+06   1.9836426e+01
   2.4753880e+06   1.8981934e+01
   2.4872450e+06   1.6418457e+01
   2.4872750e+06   1.4831543e+01
   2.5376120e+06   1.6723633e+01
   2.5583190e+06   1.7883301e+01
   2.5585530e+06   1.5014648e+01
   2.5782250e+06   1.5808105e+01
   2.5884370e+06   1.5197754e+01
   2.5968040e+06   1.5258789e+01
   2.5982260e+06   1.5869141e+01
   2.6047730e+06   1.6418457e+01
   2.6053970e+06   1.7578125e+01
   2.6143470e+06   1.4770508e+01
   2.6149580e+06   1.7333984e+01
   2.6214360e+06   1.8859863e+01
   2.6223840e+06   1.7028809e+01
   2.6358480e+06   2.3925781e+01
   2.6434960e+06   1.9775391e+01
   2.6436530e+06   1.7456055e+01
   2.6440830e+06   1.5930176e+01
   2.6633980e+06   1.8737793e+01
   2.6717560e+06   1.5930176e+01
   2.6774530e+06   1.5563965e+01
   2.6973770e+06   1.5686035e+01
   2.7023020e+06   1.4770508e+01
   2.7023980e+06   1.5136719e+01
   2.7025140e+06   1.5258789e+01
   2.7031730e+06   1.4953613e+01
   2.7264720e+06   1.5380859e+01
   2.7295580e+06   1.9653320e+01
   2.7304100e+06   1.5197754e+01
   2.7410920e+06   1.5747070e+01
   2.7422430e+06   1.6357422e+01
   2.7479050e+06   1.5625000e+01
   2.7607270e+06   1.6967773e+01
   2.7622620e+06   1.6113281e+01
   2.7708810e+06   1.5380859e+01
   2.8000080e+06   1.5502930e+01
   2.8348940e+06   1.5197754e+01
   2.8356290e+06   2.0080566e+01
   2.8420150e+06   1.5136719e+01
   2.8685860e+06   1.7578125e+01
   2.8794180e+06   1.6174316e+01
   2.8794740e+06   1.4892578e+01
   2.8891200e+06   1.6662598e+01
   2.8891970e+06   1.4953613e+01
   2.9037860e+06   1.5930176e+01
   2.9041330e+06   1.5686035e+01
   2.9184170e+06   1.6784668e+01
   2.9260250e+06   1.7089844e+01
   2.9261380e+06   1.5991211e+01
   2.9265250e+06   1.5869141e+01
   2.9360270e+06   1.5502930e+01
   2.9438550e+06   1.5197754e+01
   2.9531660e+06   1.6174316e+01
   2.9615510e+06   1.7395020e+01
   2.9681750e+06   1.4831543e+01
   2.9683360e+06   1.6540527e+01
   2.9774270e+06   1.9287109e+01
   2.9846740e+06   1.8737793e+01
