   3.0000000e+06   0.0000000e+00
   5.8080000e+03   1.5869141e+01
   1.1259000e+04   1.4770508e+01
   1.1358000e+04   1.8676758e+01
   1.1423000e+04   1.6235352e+01
   1.1583000e+04   1.7333984e+01
   1.1600000e+04   1.7089844e+01
   1.2056000e+04   1.4282227e+01
   1.5734000e+04   1.4343262e+01
   2.9595000e+04   1.4709473e+01
   3.0374000e+04   1.7272949e+01
   3.8718000e+04   1.5625000e+01
   3.8757000e+04   1.7333984e+01
   3.8773000e+04   1.4770508e+01
   3.9542000e+04   1.4343262e+01
   5.9165000e+04   1.4770508e+01
   6.0474000e+04   1.4953613e+01
   7.0042000e+04   1.7761230e+01
   7.9381000e+04   1.5014648e+01
   8.1788000e+04   1.5808105e+01
   8.1864000e+04   1.6479492e+01
   8.1886000e+04   1.5869141e+01
   8.2680000e+04   1.5502930e+01
   8.6466000e+04   1.5563965e+01
   1.0538500e+05   1.5197754e+01
   1.0971800e+05   1.4709473e+01
   1.1342800e+05   1.5625000e+01
   1.1411000e+05   1.4343262e+01
   1.2626500e+05   1.5075684e+01
   1.2697100e+05   1.4587402e+01
   1.3802700e+05   1.5869141e+01
   1.3806600e+05   1.5563965e+01
   1.3813900e+05   1.7456055e+01
   1.3859000e+05   1.4831543e+01
   1.3970800e+05   1.4160156e+01
   1.4272900e+05   1.4221191e+01
   1.4605700e+05   1.5014648e+01
   1.4612600e+05   1.8981934e+01
   1.4617400e+05   1.4343262e+01
   1.4621500e+05   1.5258789e+01
   1.5172500e+05   1.4892578e+01
   1.5346900e+05   1.4526367e+01
   1.5649400e+05   1.5075684e+01
   1.5697000e+05   2.3864746e+01
   1.6735600e+05   1.5563965e+01
   1.7330100e+05   1.4709473e+01
   1.7747000e+05   1.7517090e+01
   1.7932400e+05   1.5136719e+01
   1.8250300e+05   1.5075684e+01
   1.8252700e+05   1.4709473e+01
   1.8257300e+05   1.7150879e+01
   1.8276000e+05   1.4770508e+01
   1.8312300e+05   1.5136719e+01
   1.8324900e+05   1.4282227e+01
   1.8397200e+05   1.5319824e+01
   1.9135000e+05   1.6479492e+01
   1.9190200e+05   1.5258789e+01
   1.9205400e+05   1.4831543e+01
   1.9206900e+05   1.4221191e+01
   1.9275300e+05   1.4160156e+01
   1.9852300e+05   1.8737793e+01
   1.9862200e+05   1.6052246e+01
   1.9911000e+05   1.7944336e+01
   1.9993900e+05   1.4770508e+01
   2.0488100e+05   1.6540527e+01
   2.0490700e+05   2.0080566e+01
   2.0498400e+05   1.4404297e+01
   2.1463100e+05   1.4526367e+01
   2.1519500e+05   1.5075684e+01
   2.1695500e+05   1.5808105e+01
   2.2086000e+05   1.6601562e+01
   2.2177700e+05   1.4587402e+01
   2.2650000e+05   1.7517090e+01
   2.2661600e+05   1.4160156e+01
   2.2756200e+05   1.5625000e+01
   2.3456100e+05   1.4648438e+01
   2.3460100e+05   1.4892578e+01
   2.3507600e+05   1.4648438e+01
   2.3582700e+05   1.4892578e+01
   2.3601500e+05   1.4465332e+01
   2.4237100e+05   1.4526367e+01
   2.4245200e+05   1.4709473e+01
   2.4250600e+05   1.6357422e+01
   2.4260900e+05   1.5808105e+01
   2.4335000e+05   1.5502930e+01
   2.4594000e+05   1.7150879e+01
   2.4958900e+05   1.4587402e+01
   2.4960200e+05   2.6367188e+01
   2.5020200e+05   1.4160156e+01
   2.5666800e+05   1.4343262e+01
   2.5670200e+05   1.5075684e+01
   2.5679000e+05   1.5075684e+01
   2.5680500e+05   1.4770508e+01
   2.5694000e+05   1.5380859e+01
   2.5700600e+05   1.6174316e+01
   2.5727200e+05   1.6906738e+01
   2.5732500e+05   1.4709473e+01
   2.5782600e+05   1.4282227e+01
   2.5801600e+05   1.6235352e+01
   2.6746200e+05   1.4770508e+01
   2.6751500e+05   1.6052246e+01
   2.6757100e+05   1.4953613e+01
   2.6802000e+05   1.5136719e+01
   2.6803300e+05   1.7150879e+01
   2.6874700e+05   1.5014648e+01
   2.7523500e+05   1.4343262e+01
   2.7536100e+05   1.4221191e+01
   2.8215000e+05   1.4282227e+01
   2.8220800e+05   1.4892578e+01
   2.8225100e+05   1.4831543e+01
   2.8264900e+05   1.4160156e+01
   2.8304600e+05   1.6418457e+01
   2.9304800e+05   1.4526367e+01
   2.9307000e+05   1.5014648e+01
   2.9311000e+05   1.4709473e+01
   2.9316500e+05   1.6113281e+01
   2.9321400e+05   2.1301270e+01
   2.9334500e+05   1.5686035e+01
   2.9361700e+05   1.4221191e+01
   2.9417400e+05   1.7456055e+01
   3.0200000e+05   1.8249512e+01
   3.0211400e+05   1.6113281e+01
   3.0217500e+05   1.4160156e+01
   3.0220300e+05   1.5869141e+01
   3.0225900e+05   1.4343262e+01
   3.0271900e+05   1.5869141e+01
   3.0317500e+05   1.6235352e+01
   3.1405600e+05   1.6784668e+01
   3.1409800e+05   1.4465332e+01
   3.1450300e+05   1.6357422e+01
   3.1455800e+05   1.6418457e+01
   3.2074800e+05   2.0141602e+01
   3.2154500e+05   1.7700195e+01
   3.2852000e+05   1.4282227e+01
   3.2854100e+05   1.5075684e+01
   3.2859800e+05   1.4160156e+01
   3.2903800e+05   1.4587402e+01
   3.2956200e+05   1.4404297e+01
   3.2970200e+05   1.5197754e+01
   3.3847900e+05   1.5380859e+01
   3.3856300e+05   1.4526367e+01
   3.3857700e+05   1.4221191e+01
   3.3862100e+05   1.5563965e+01
   3.3865900e+05   1.4587402e+01
   3.3868700e+05   1.5563965e+01
   3.3899400e+05   1.6723633e+01
   3.4783700e+05   1.5747070e+01
   3.5278300e+05   1.5014648e+01
   3.5289200e+05   1.5747070e+01
   3.5300900e+05   1.4526367e+01
   3.6303100e+05   1.4587402e+01
   3.6305200e+05   1.5991211e+01
   3.6347900e+05   1.8432617e+01
   3.6361500e+05   1.5075684e+01
   3.6396200e+05   1.7456055e+01
   3.7747400e+05   1.9592285e+01
   3.7756700e+05   1.6967773e+01
   3.7758800e+05   1.4526367e+01
   3.7792300e+05   1.4953613e+01
   3.7848100e+05   1.4465332e+01
   3.7859800e+05   1.4770508e+01
   3.7911600e+05   1.6784668e+01
   3.9036200e+05   1.4343262e+01
   3.9041900e+05   1.5441895e+01
   3.9056600e+05   1.7517090e+01
   3.9137200e+05   1.4770508e+01
   3.9934400e+05   1.4160156e+01
   4.0911000e+05   1.4709473e+01
   4.0912100e+05   1.8188477e+01
   4.2363300e+05   1.5869141e+01
   4.2387900e+05   1.6723633e+01
   4.3600500e+05   1.4221191e+01
   4.3605400e+05   1.5747070e+01
   4.3606900e+05   1.6784668e+01
   4.3631300e+05   1.4587402e+01
   4.4722100e+05   1.4831543e+01
   4.4725900e+05   1.5197754e+01
   4.4743000e+05   1.5319824e+01
   4.4757100e+05   1.6540527e+01
   4.4767200e+05   1.4160156e+01
   4.5866700e+05   1.8432617e+01
   4.5891300e+05   1.4465332e+01
   4.5892900e+05   1.4892578e+01
   4.5898400e+05   1.5869141e+01
   4.5903800e+05   1.5441895e+01
   4.5950600e+05   1.4648438e+01
   4.5989800e+05   1.4953613e+01
   4.7949700e+05   1.4648438e+01
   4.7954800e+05   1.4404297e+01
   4.7955800e+05   1.8127441e+01
   4.7966600e+05   1.5075684e+01
   4.7972100e+05   1.6296387e+01
   4.8020000e+05   1.5380859e+01
   5.1966400e+05   1.7333984e+01
   5.1977200e+05   1.4953613e+01
   5.1986600e+05   1.9287109e+01
   5.2009600e+05   1.4160156e+01
   5.5501700e+05   1.6601562e+01
   5.5505500e+05   1.5563965e+01
   7.3181200e+05   1.5136719e+01
   7.7863900e+05   1.4343262e+01
   7.7924000e+05   1.4709473e+01
   8.0834000e+05   1.5747070e+01
   9.0800800e+05   1.6784668e+01
   9.0816700e+05   1.4404297e+01
   9.2254300e+05   1.9775391e+01
   9.7181200e+05   1.7089844e+01
   9.7196000e+05   1.4282227e+01
   9.7201500e+05   1.6723633e+01
   9.7203000e+05   1.5319824e+01
   9.7210900e+05   1.9104004e+01
   9.7216500e+05   1.5441895e+01
   9.7227100e+05   1.4160156e+01
   9.9347200e+05   1.4221191e+01
   1.0266690e+06   1.5686035e+01
   1.0574370e+06   1.4892578e+01
   1.0574830e+06   1.7272949e+01
   1.0574970e+06   1.4770508e+01
   1.0576510e+06   1.6296387e+01
   1.0577870e+06   1.7089844e+01
   1.0579520e+06   1.5930176e+01
   1.1182980e+06   1.4831543e+01
   1.1187330e+06   1.4160156e+01
   1.1188200e+06   1.5075684e+01
   1.1189150e+06   1.6113281e+01
   1.1189900e+06   1.5075684e+01
   1.1191460e+06   1.4587402e+01
   1.1191650e+06   1.4953613e+01
   1.1711400e+06   1.4587402e+01
   1.1712630e+06   1.9714355e+01
   1.1713100e+06   2.5146484e+01
   1.1713980e+06   1.4282227e+01
   1.1715660e+06   1.4343262e+01
   1.1865760e+06   1.4465332e+01
   1.2064740e+06   1.4953613e+01
   1.2066740e+06   1.5869141e+01
   1.2067030e+06   1.4282227e+01
   1.2327880e+06   1.5625000e+01
   1.2587880e+06   1.5319824e+01
   1.2589160e+06   2.1667480e+01
   1.2591000e+06   1.5563965e+01
   1.2591880e+06   1.7272949e+01
   1.2592650e+06   1.7700195e+01
   1.2593150e+06   1.4587402e+01
   1.2881350e+06   1.5502930e+01
   1.2881620e+06   1.6967773e+01
   1.2886460e+06   1.8859863e+01
   1.2888350e+06   1.5014648e+01
   1.3309710e+06   1.4404297e+01
   1.3311050e+06   1.6174316e+01
   1.3311470e+06   1.4282227e+01
   1.3312970e+06   1.9287109e+01
   1.3313120e+06   1.4221191e+01
   1.3313560e+06   1.4892578e+01
   1.3315080e+06   1.5014648e+01
   1.3483850e+06   1.7150879e+01
   1.3484630e+06   1.6357422e+01
   1.3486900e+06   1.4404297e+01
   1.3487390e+06   1.4587402e+01
   1.3488860e+06   1.5563965e+01
   1.3692150e+06   1.5441895e+01
   1.3843260e+06   1.8188477e+01
   1.3848300e+06   1.6235352e+01
   1.3849230e+06   1.4221191e+01
   1.4194810e+06   2.0446777e+01
   1.4195820e+06   1.4648437e+01
   1.4197680e+06   1.4831543e+01
   1.4200740e+06   1.4160156e+01
   1.4506210e+06   1.8127441e+01
   1.4509250e+06   1.4526367e+01
   1.4509760e+06   1.6479492e+01
   1.4510150e+06   1.4343262e+01
   1.4511700e+06   1.4770508e+01
   1.4515200e+06   1.4831543e+01
   1.4772390e+06   1.6113281e+01
   1.4777560e+06   1.6113281e+01
   1.4778790e+06   1.5747070e+01
   1.4780240e+06   1.5563965e+01
   1.4780400e+06   1.5197754e+01
   1.4934830e+06   1.7211914e+01
   1.4936250e+06   1.6662598e+01
   1.4937770e+06   1.4404297e+01
   1.4941660e+06   1.4648438e+01
   1.5218550e+06   1.4526367e+01
   1.5219370e+06   1.5563965e+01
   1.5219670e+06   1.5197754e+01
   1.5220090e+06   1.5441895e+01
   1.5220340e+06   1.7639160e+01
   1.5220480e+06   1.9226074e+01
   1.5221110e+06   1.6357422e+01
   1.5221300e+06   1.7883301e+01
   1.5222120e+06   2.0141602e+01
   1.5222220e+06   1.7944336e+01
   1.5222580e+06   2.4780273e+01
   1.5223110e+06   1.5136719e+01
   1.5223330e+06   1.5686035e+01
   1.5224710e+06   1.5563965e+01
   1.5224980e+06   1.5991211e+01
   1.5372810e+06   1.5991211e+01
   1.5729140e+06   1.5014648e+01
   1.5730710e+06   2.3437500e+01
   1.5731470e+06   1.4404297e+01
   1.5732400e+06   1.6479492e+01
   1.5736710e+06   1.5014648e+01
   1.6095230e+06   1.4465332e+01
   1.6102350e+06   1.6296387e+01
   1.6392200e+06   1.7639160e+01
   1.6395490e+06   1.5197754e+01
   1.6396410e+06   1.5747070e+01
   1.6396780e+06   1.8920898e+01
   1.6396890e+06   2.1057129e+01
   1.6398020e+06   1.5563965e+01
   1.6405040e+06   1.6418457e+01
   1.6799350e+06   2.2644043e+01
   1.6799490e+06   2.0141602e+01
   1.6801060e+06   1.7395020e+01
   1.6801470e+06   2.6489258e+01
   1.6806790e+06   1.6601562e+01
   1.7116450e+06   1.5197754e+01
   1.7116740e+06   1.4343262e+01
   1.7288170e+06   1.6723633e+01
   1.7290190e+06   1.5075684e+01
   1.7654510e+06   2.0935059e+01
   1.7654680e+06   1.4709473e+01
   1.7655120e+06   1.6174316e+01
   1.7656080e+06   1.9348145e+01
   1.7657530e+06   1.4587402e+01
   1.7843360e+06   2.9113770e+01
   1.7845440e+06   1.5380859e+01
   1.7846530e+06   1.5625000e+01
   1.7846870e+06   1.4282227e+01
   1.7848310e+06   1.5075684e+01
   1.7849540e+06   1.4892578e+01
   1.7850770e+06   1.5502930e+01
   1.8054910e+06   1.4648438e+01
   1.8055850e+06   1.5197754e+01
   1.8601550e+06   1.5808105e+01
   1.8606960e+06   2.0324707e+01
   1.8608450e+06   1.4709473e+01
   1.8608780e+06   1.4831543e+01
   1.8609150e+06   2.2338867e+01
   1.8612610e+06   1.4526367e+01
   1.8615390e+06   1.5502930e+01
   1.8920980e+06   1.4831543e+01
   1.9121010e+06   1.4160156e+01
   1.9121970e+06   1.7028809e+01
   1.9420890e+06   1.4343262e+01
   1.9421110e+06   1.5075684e+01
   1.9421320e+06   1.6845703e+01
   1.9422650e+06   1.9714355e+01
   1.9423150e+06   1.4343262e+01
   1.9560760e+06   1.5686035e+01
   1.9563700e+06   1.6723633e+01
   1.9564790e+06   1.7211914e+01
   1.9565000e+06   1.6113281e+01
   1.9567840e+06   1.4892578e+01
   1.9737000e+06   1.4770508e+01
   1.9738120e+06   1.5625000e+01
   1.9739620e+06   1.9592285e+01
   1.9739820e+06   1.6906738e+01
   1.9740660e+06   2.4169922e+01
   1.9740800e+06   1.6540527e+01
   1.9741500e+06   2.0141602e+01
   1.9741680e+06   1.6235352e+01
   1.9744300e+06   1.4221191e+01
   2.0057560e+06   1.4282227e+01
   2.0058800e+06   1.4953613e+01
   2.0059920e+06   1.6296387e+01
   2.0061490e+06   1.5014648e+01
   2.0063360e+06   1.4953613e+01
   2.0065270e+06   1.5380859e+01
   2.0212780e+06   1.4404297e+01
   2.0425720e+06   1.6845703e+01
   2.0426320e+06   1.6662598e+01
   2.0427550e+06   1.8737793e+01
   2.0428200e+06   1.8188477e+01
   2.0428350e+06   1.8310547e+01
   2.0428740e+06   1.4831543e+01
   2.0429000e+06   1.7089844e+01
   2.0429600e+06   1.6296387e+01
   2.0593430e+06   1.4953613e+01
   2.0596960e+06   1.4526367e+01
   2.0597450e+06   1.9714355e+01
   2.0779150e+06   1.4282227e+01
   2.0780230e+06   1.6723633e+01
   2.0963480e+06   1.5625000e+01
   2.0965690e+06   2.0385742e+01
   2.0966940e+06   1.6174316e+01
   2.0967140e+06   1.8066406e+01
   2.0967440e+06   1.6662598e+01
   2.0968660e+06   1.6418457e+01
   2.0970270e+06   1.4831543e+01
   2.1084250e+06   1.6601562e+01
   2.1280960e+06   1.5502930e+01
   2.1282460e+06   1.5136719e+01
   2.1283030e+06   1.5075684e+01
   2.1284730e+06   1.5075684e+01
   2.1284980e+06   1.4160156e+01
   2.1285280e+06   1.4160156e+01
   2.1288320e+06   1.4526367e+01
   2.1417470e+06   1.4160156e+01
   2.1418330e+06   1.4221191e+01
   2.1418960e+06   1.4587402e+01
   2.1420490e+06   1.4587402e+01
   2.1420920e+06   1.5136719e+01
   2.1424170e+06   1.5075684e+01
   2.1640590e+06   1.6052246e+01
   2.1642930e+06   1.8615723e+01
   2.1643090e+06   1.4160156e+01
   2.1645160e+06   2.0141602e+01
   2.1646180e+06   1.4526367e+01
   2.1828280e+06   1.5197754e+01
   2.1828660e+06   1.4404297e+01
   2.1829640e+06   1.4282227e+01
   2.1829750e+06   1.4709473e+01
   2.1830120e+06   1.5380859e+01
   2.1830320e+06   1.8432617e+01
   2.1830810e+06   1.4221191e+01
   2.1831200e+06   1.4831543e+01
   2.2125250e+06   1.4648437e+01
   2.2125570e+06   1.4953613e+01
   2.2125880e+06   1.4953613e+01
   2.2126170e+06   1.9165039e+01
   2.2126660e+06   1.6357422e+01
   2.2126890e+06   1.4160156e+01
   2.2305630e+06   1.7883301e+01
   2.2306300e+06   1.5441895e+01
   2.2479500e+06   2.0996094e+01
   2.2479680e+06   1.6174316e+01
   2.2480030e+06   1.4404297e+01
   2.2480590e+06   1.7517090e+01
   2.2483460e+06   1.4892578e+01
   2.2634230e+06   1.7395020e+01
   2.2636790e+06   1.6967773e+01
   2.2637470e+06   1.4282227e+01
   2.2637980e+06   2.0141602e+01
   2.2638670e+06   1.7272949e+01
   2.2638950e+06   1.6479492e+01
   2.2643510e+06   1.4465332e+01
   2.2780380e+06   1.4404297e+01
   2.2782380e+06   1.5502930e+01
   2.2783150e+06   2.2705078e+01
   2.2783320e+06   2.0507812e+01
   2.2784230e+06   1.4770508e+01
   2.2784740e+06   1.7456055e+01
   2.2784890e+06   1.4953613e+01
   2.2947250e+06   1.5502930e+01
   2.2948840e+06   1.8249512e+01
   2.2948950e+06   1.4343262e+01
   2.2949570e+06   1.4160156e+01
   2.2949870e+06   1.7944336e+01
   2.2950010e+06   1.6906738e+01
   2.2950530e+06   1.4221191e+01
   2.2950780e+06   1.9042969e+01
   2.3103220e+06   1.6540527e+01
   2.3103560e+06   1.8981934e+01
   2.3104100e+06   1.4648438e+01
   2.3256570e+06   1.4770508e+01
   2.3270270e+06   1.5258789e+01
   2.3271160e+06   1.4465332e+01
   2.3271750e+06   1.4221191e+01
   2.3272430e+06   1.7272949e+01
   2.3272570e+06   1.6723633e+01
   2.3272720e+06   1.5258789e+01
   2.3423330e+06   1.7028809e+01
   2.3423840e+06   1.5075684e+01
   2.3424850e+06   1.4160156e+01
   2.3427590e+06   1.4770508e+01
   2.3434790e+06   1.4770508e+01
   2.3634580e+06   1.4465332e+01
   2.3635210e+06   1.5808105e+01
   2.3635820e+06   1.4587402e+01
   2.3636140e+06   1.8493652e+01
   2.3637000e+06   1.4587402e+01
   2.3637120e+06   1.4343262e+01
   2.3637460e+06   1.5136719e+01
   2.3638630e+06   1.8920898e+01
   2.3639200e+06   1.5014648e+01
   2.3639910e+06   1.6113281e+01
   2.3640200e+06   1.6723633e+01
   2.3642010e+06   1.4221191e+01
   2.3769510e+06   1.4221191e+01
   2.3770410e+06   2.2033691e+01
   2.3770850e+06   1.5197754e+01
   2.3774830e+06   1.4831543e+01
   2.3916590e+06   1.8310547e+01
   2.3917310e+06   1.4892578e+01
   2.3917550e+06   1.5136719e+01
   2.3919900e+06   1.5747070e+01
   2.4019530e+06   1.4343262e+01
   2.4020320e+06   1.6113281e+01
   2.4020630e+06   2.2277832e+01
   2.4021250e+06   1.5808105e+01
   2.4021880e+06   2.4108887e+01
   2.4022490e+06   1.4160156e+01
   2.4163350e+06   1.6052246e+01
   2.4163460e+06   1.4648438e+01
   2.4163750e+06   1.7456055e+01
   2.4164300e+06   1.8127441e+01
   2.4164440e+06   1.6540527e+01
   2.4165120e+06   1.4465332e+01
   2.4165590e+06   1.6357422e+01
   2.4166610e+06   1.8798828e+01
   2.4166980e+06   1.7211914e+01
   2.4167180e+06   1.5258789e+01
   2.4167630e+06   1.9592285e+01
   2.4179610e+06   1.4404297e+01
   2.4294550e+06   1.6418457e+01
   2.4298430e+06   1.6479492e+01
   2.4456140e+06   1.6967773e+01
   2.4456940e+06   1.5747070e+01
   2.4457470e+06   1.6357422e+01
   2.4457720e+06   2.1240234e+01
   2.4457910e+06   1.4648437e+01
   2.4458270e+06   1.4465332e+01
   2.4459600e+06   1.4770508e+01
   2.4460020e+06   1.5869141e+01
   2.4461460e+06   1.5197754e+01
   2.4587410e+06   1.4892578e+01
   2.4587770e+06   1.6357422e+01
   2.4588550e+06   1.4648438e+01
   2.4589570e+06   1.5014648e+01
   2.4590120e+06   1.5197754e+01
   2.4753290e+06   1.7272949e+01
   2.4753830e+06   1.5075684e+01
   2.4754270e+06   1.7395020e+01
   2.4754880e+06   1.5808105e+01
   2.4755690e+06   1.5991211e+01
   2.4756470e+06   1.4282227e+01
   2.4757320e+06   1.4404297e+01
   2.4760260e+06   1.5869141e+01
   2.4761510e+06   1.4404297e+01
   2.4870600e+06   2.0812988e+01
   2.4871180e+06   1.7700195e+01
   2.4871520e+06   1.4221191e+01
   2.4872110e+06   1.6662598e+01
   2.4873280e+06   1.7150879e+01
   2.5001620e+06   1.4404297e+01
   2.5002450e+06   1.4953613e+01
   2.5005700e+06   1.4404297e+01
   2.5005880e+06   1.4160156e+01
   2.5085060e+06   1.4953613e+01
   2.5086040e+06   1.6601562e+01
   2.5087050e+06   2.0446777e+01
   2.5087340e+06   1.4465332e+01
   2.5088770e+06   1.4587402e+01
   2.5090870e+06   1.4343262e+01
   2.5095570e+06   1.5808105e+01
   2.5191400e+06   1.4465332e+01
   2.5302070e+06   1.4892578e+01
   2.5302700e+06   1.4770508e+01
   2.5302980e+06   1.6845703e+01
   2.5305180e+06   1.7761230e+01
   2.5315070e+06   1.4160156e+01
   2.5376640e+06   2.0996094e+01
   2.5376910e+06   1.4404297e+01
   2.5467910e+06   1.4465332e+01
   2.5470570e+06   1.5014648e+01
   2.5471130e+06   2.2277832e+01
   2.5471730e+06   1.4465332e+01
   2.5587580e+06   1.7089844e+01
   2.5587900e+06   1.4648438e+01
   2.5588250e+06   1.5441895e+01
   2.5696000e+06   1.4404297e+01
   2.5697220e+06   1.4526367e+01
   2.5697620e+06   1.8737793e+01
   2.5780110e+06   1.5014648e+01
   2.5781800e+06   2.2216797e+01
   2.5782370e+06   1.7333984e+01
   2.5784330e+06   1.7578125e+01
   2.5885260e+06   1.8005371e+01
   2.5885450e+06   1.6540527e+01
   2.5885810e+06   1.7028809e+01
   2.5887610e+06   1.5258789e+01
   2.5888570e+06   2.0446777e+01
   2.5889540e+06   1.6174316e+01
   2.5898370e+06   1.4160156e+01
   2.5971510e+06   1.4953613e+01
   2.5972070e+06   1.4160156e+01
   2.6048540e+06   1.4770508e+01
   2.6050960e+06   1.4404297e+01
   2.6143530e+06   1.4892578e+01
   2.6145260e+06   1.6418457e+01
   2.6146270e+06   1.5197754e+01
   2.6215920e+06   1.4465332e+01
   2.6349460e+06   1.5136719e+01
   2.6350750e+06   1.4709473e+01
   2.6436780e+06   1.6357422e+01
   2.6436930e+06   2.1301270e+01
   2.6437300e+06   1.6906738e+01
   2.6609640e+06   1.4282227e+01
   2.6719220e+06   1.4709473e+01
   2.6782390e+06   1.4221191e+01
   2.6863060e+06   1.6296387e+01
   2.6974080e+06   1.4282227e+01
   2.7023610e+06   1.7700195e+01
   2.7024110e+06   1.7211914e+01
   2.7024420e+06   1.5563965e+01
   2.7025190e+06   1.4526367e+01
   2.7032910e+06   1.4709473e+01
   2.7038500e+06   1.4404297e+01
   2.7103890e+06   1.4282227e+01
   2.7173560e+06   1.4587402e+01
   2.7184660e+06   1.6479492e+01
   2.7296490e+06   1.4587402e+01
   2.7305150e+06   1.4526367e+01
   2.7410840e+06   1.4160156e+01
   2.7412980e+06   1.6479492e+01
   2.7460110e+06   1.4587402e+01
   2.7461950e+06   1.4526367e+01
   2.7462250e+06   1.4404297e+01
   2.7464260e+06   1.6235352e+01
   2.7471180e+06   1.5563965e+01
   2.7511710e+06   1.5380859e+01
   2.7522020e+06   1.4648437e+01
   2.7607550e+06   1.5930176e+01
   2.7608080e+06   1.6601562e+01
   2.7608730e+06   1.4587402e+01
   2.7609730e+06   1.5686035e+01
   2.7610650e+06   1.4343262e+01
   2.7623840e+06   1.5502930e+01
   2.7722300e+06   1.8066406e+01
   2.7771050e+06   1.4953613e+01
   2.7772090e+06   1.5075684e+01
   2.7772650e+06   1.7517090e+01
   2.7773250e+06   1.6784668e+01
   2.7877420e+06   1.4648437e+01
   2.7877730e+06   1.6601562e+01
   2.7878470e+06   1.4160156e+01
   2.7883280e+06   1.4648437e+01
   2.7999550e+06   1.5563965e+01
   2.8000600e+06   1.4831543e+01
   2.8001020e+06   1.7700195e+01
   2.8001350e+06   1.4404297e+01
   2.8002160e+06   1.4526367e+01
   2.8002610e+06   1.5258789e+01
   2.8038140e+06   1.4221191e+01
   2.8097800e+06   1.4526367e+01
   2.8103090e+06   1.6540527e+01
   2.8104820e+06   1.5319824e+01
   2.8104980e+06   1.5563965e+01
   2.8148690e+06   1.4221191e+01
   2.8150030e+06   1.6967773e+01
   2.8156650e+06   1.4953613e+01
   2.8218980e+06   1.4343262e+01
   2.8219920e+06   1.5014648e+01
   2.8348190e+06   1.4709473e+01
   2.8348730e+06   1.6906738e+01
   2.8348920e+06   1.6845703e+01
   2.8357200e+06   1.5502930e+01
   2.8413940e+06   1.6906738e+01
   2.8415140e+06   1.4648438e+01
   2.8429140e+06   1.4648437e+01
   2.8430550e+06   1.5441895e+01
   2.8504130e+06   1.5808105e+01
   2.8504360e+06   1.4282227e+01
   2.8504910e+06   1.5991211e+01
   2.8509610e+06   1.5869141e+01
   2.8509780e+06   1.5502930e+01
   2.8593720e+06   1.7211914e+01
   2.8620260e+06   1.7333984e+01
   2.8685360e+06   1.4221191e+01
   2.8686060e+06   1.5747070e+01
   2.8686720e+06   1.5502930e+01
   2.8687680e+06   1.7272949e+01
   2.8687820e+06   1.4160156e+01
   2.8690410e+06   1.6418457e+01
   2.8691990e+06   1.4160156e+01
   2.8795080e+06   1.5136719e+01
   2.8795510e+06   1.5502930e+01
   2.8799220e+06   1.4892578e+01
   2.8799760e+06   1.6418457e+01
   2.8801800e+06   1.7089844e+01
   2.8805710e+06   1.7700195e+01
   2.8890590e+06   1.4526367e+01
   2.8891350e+06   2.0690918e+01
   2.8892300e+06   1.4648438e+01
   2.8893340e+06   1.4648438e+01
   2.8951330e+06   1.4587402e+01
   2.8952110e+06   1.5930176e+01
   2.8952510e+06   1.5014648e+01
   2.8968340e+06   1.5625000e+01
   2.9036770e+06   1.4953613e+01
   2.9037620e+06   1.8127441e+01
   2.9037760e+06   1.8676758e+01
   2.9038620e+06   1.7395020e+01
   2.9041170e+06   1.6967773e+01
   2.9041760e+06   1.4282227e+01
   2.9042430e+06   1.5258789e+01
   2.9057060e+06   1.8493652e+01
   2.9123460e+06   1.4404297e+01
   2.9127340e+06   1.4343262e+01
   2.9140220e+06   1.4465332e+01
   2.9174770e+06   1.6296387e+01
   2.9175520e+06   1.5930176e+01
   2.9184830e+06   1.4343262e+01
   2.9259550e+06   1.7333984e+01
   2.9260010e+06   1.9042969e+01
   2.9260440e+06   1.5319824e+01
   2.9260980e+06   1.7517090e+01
   2.9261200e+06   1.5808105e+01
   2.9261610e+06   1.4160156e+01
   2.9262530e+06   1.5380859e+01
   2.9267480e+06   1.5380859e+01
   2.9358790e+06   1.5563965e+01
   2.9360020e+06   1.4221191e+01
   2.9437040e+06   1.4160156e+01
   2.9438100e+06   1.6906738e+01
   2.9438700e+06   2.1179199e+01
   2.9438890e+06   1.8432617e+01
   2.9443960e+06   1.4404297e+01
   2.9447070e+06   1.6357422e+01
   2.9531630e+06   1.4831543e+01
   2.9532210e+06   1.5197754e+01
   2.9616300e+06   1.4343262e+01
   2.9680580e+06   1.4282227e+01
   2.9685190e+06   1.4526367e+01
   2.9774240e+06   1.5808105e+01
   2.9780100e+06   1.7944336e+01
   2.9835000e+06   1.4953613e+01
   2.9835270e+06   1.4648438e+01
   2.9846940e+06   1.6296387e+01
   2.9919250e+06   1.8371582e+01
   2.9920780e+06   1.6235352e+01
   2.9922900e+06   1.4221191e+01
   2.9927310e+06   1.5502930e+01
   2.9932730e+06   1.5258789e+01
