   3.0000000e+06   0.0000000e+00
   1.1374000e+04   1.4770508e+01
   1.1473000e+04   1.3671875e+01
   1.1497000e+04   1.5136719e+01
   1.1574000e+04   1.4404297e+01
   4.9790000e+04   1.5380859e+01
   8.6401000e+04   1.5014648e+01
   1.3805700e+05   1.3916016e+01
   1.4621300e+05   1.6357422e+01
   1.4637700e+05   1.3671875e+01
   1.7747200e+05   1.4526367e+01
   1.9142900e+05   1.4099121e+01
   2.1464700e+05   1.6113281e+01
   2.3468900e+05   1.4038086e+01
   2.9322500e+05   1.4892578e+01
   3.0215800e+05   1.4038086e+01
   3.7766400e+05   1.3854980e+01
   3.9946100e+05   1.4282227e+01
   4.5246400e+05   1.3610840e+01
   7.7944800e+05   1.4099121e+01
   8.5103100e+05   1.3732910e+01
   9.7218800e+05   1.5808105e+01
   1.5219550e+06   1.5014648e+01
   1.5221770e+06   1.8249512e+01
   1.5223170e+06   1.6723633e+01
   1.5539600e+06   1.3610840e+01
   1.8361000e+06   1.4038086e+01
   1.9123250e+06   1.5808105e+01
   2.2480500e+06   1.5075684e+01
   2.3634600e+06   1.3977051e+01
   2.3915380e+06   1.5625000e+01
   2.4162870e+06   1.3977051e+01
   2.4165820e+06   1.3977051e+01
   2.4166980e+06   1.3854980e+01
   2.4168360e+06   1.4099121e+01
   2.4459100e+06   1.4465332e+01
   2.4756410e+06   1.3916016e+01
   2.4757800e+06   1.4282227e+01
   2.4870340e+06   1.3793945e+01
   2.5972590e+06   1.4343262e+01
   2.6634710e+06   1.8005371e+01
   2.7174460e+06   1.5441895e+01
   2.7297410e+06   1.3916016e+01
   2.7471210e+06   1.3488770e+01
   2.7609710e+06   1.6540527e+01
   2.7772060e+06   1.3610840e+01
   2.8000800e+06   1.3488770e+01
   2.8290780e+06   1.3732910e+01
   2.8505790e+06   1.4404297e+01
   2.8685160e+06   1.4404297e+01
   2.8794190e+06   1.4404297e+01
   2.9835800e+06   1.4953613e+01
