   3.0000000e+06   0.0000000e+00
   1.1340000e+04   1.2878418e+01
   1.1406000e+04   1.3916016e+01
   1.1416000e+04   1.3610840e+01
   1.1500000e+04   1.2756348e+01
   3.8869000e+04   1.3122559e+01
   4.9808000e+04   1.3793945e+01
   4.9848000e+04   1.3122559e+01
   5.9495000e+04   1.3366699e+01
   6.4259000e+04   1.3854980e+01
   7.0207000e+04   1.2878418e+01
   1.1404800e+05   1.5197754e+01
   1.2010000e+05   1.4831543e+01
   1.3173300e+05   1.3244629e+01
   1.3805100e+05   1.2817383e+01
   1.3820900e+05   1.3183594e+01
   1.7761100e+05   1.3977051e+01
   1.8270500e+05   1.3244629e+01
   1.9144300e+05   1.2878418e+01
   1.9860200e+05   1.3549805e+01
   1.9921600e+05   1.3000488e+01
   2.1523400e+05   1.2756348e+01
   2.1526800e+05   1.2634277e+01
   2.2656300e+05   1.3488770e+01
   2.2676200e+05   1.3610840e+01
   2.3517500e+05   1.3305664e+01
   2.4967500e+05   1.2756348e+01
   2.4976900e+05   1.2939453e+01
   2.6754300e+05   1.2634277e+01
   2.8229000e+05   1.2695313e+01
   2.9317400e+05   1.4465332e+01
   2.9327200e+05   1.4892578e+01
   3.0281200e+05   1.4282227e+01
   3.1423500e+05   1.3061523e+01
   3.2869300e+05   1.5319824e+01
   3.2872400e+05   1.3122559e+01
   3.2906700e+05   1.2634277e+01
   3.3873600e+05   1.2939453e+01
   3.6322800e+05   1.2634277e+01
   3.7756700e+05   1.2756348e+01
   3.7763200e+05   1.6723633e+01
   4.0929200e+05   1.3061523e+01
   4.0932400e+05   1.4587402e+01
   4.2376000e+05   1.5625000e+01
   4.2382200e+05   1.4526367e+01
   4.3617300e+05   1.2817383e+01
   4.4740300e+05   1.5380859e+01
   4.7975800e+05   1.3061523e+01
   4.7980500e+05   1.5319824e+01
   5.5503000e+05   1.3427734e+01
   5.5519400e+05   1.3244629e+01
   9.7194200e+05   1.5808105e+01
   9.7205300e+05   1.2878418e+01
   9.7211200e+05   1.3732910e+01
   9.9521500e+05   1.8066406e+01
   1.0570250e+06   1.3977051e+01
   1.0575530e+06   1.4953613e+01
   1.1715720e+06   1.3854980e+01
   1.2589670e+06   1.3244629e+01
   1.2590150e+06   1.6296387e+01
   1.2590820e+06   1.3000488e+01
   1.3674720e+06   1.3427734e+01
   1.3846270e+06   1.4465332e+01
   1.3848620e+06   1.9165039e+01
   1.3989570e+06   1.3000488e+01
   1.4008430e+06   1.4038086e+01
   1.4012290e+06   1.3244629e+01
   1.4193080e+06   1.3244629e+01
   1.4509420e+06   1.3427734e+01
   1.4509980e+06   1.4526367e+01
   1.4930770e+06   1.2634277e+01
   1.4939780e+06   1.4587402e+01
   1.5220440e+06   1.9409180e+01
   1.5220910e+06   1.3732910e+01
   1.5221820e+06   1.6479492e+01
   1.5221950e+06   1.3061523e+01
   1.5223080e+06   1.6113281e+01
   1.5731730e+06   1.5075684e+01
   1.5732840e+06   1.2817383e+01
   1.6395410e+06   1.2634277e+01
   1.6799950e+06   1.2634277e+01
   1.7655630e+06   1.2939453e+01
   1.7846580e+06   1.5502930e+01
   1.8359910e+06   1.3427734e+01
   1.9121430e+06   1.2817383e+01
   1.9417010e+06   1.4770508e+01
   1.9739980e+06   1.3000488e+01
   2.0060210e+06   1.2634277e+01
   2.0426580e+06   1.2756348e+01
   2.0779560e+06   1.2634277e+01
   2.0962750e+06   1.2939453e+01
   2.0966310e+06   1.3549805e+01
   2.0966670e+06   1.5502930e+01
   2.0968140e+06   1.3671875e+01
   2.1280280e+06   1.2695312e+01
   2.1282720e+06   1.5502930e+01
   2.1283980e+06   1.3488770e+01
   2.1826720e+06   1.3061523e+01
   2.1830320e+06   1.4221191e+01
   2.1831570e+06   1.4343262e+01
   2.1995110e+06   1.4648438e+01
   2.2012670e+06   1.3305664e+01
   2.2305230e+06   1.2634277e+01
   2.2306920e+06   1.3732910e+01
   2.2479930e+06   1.4953613e+01
   2.2638390e+06   1.5197754e+01
   2.2784890e+06   1.3122559e+01
   2.2947590e+06   1.3793945e+01
   2.2949200e+06   1.2695312e+01
   2.2949420e+06   1.2939453e+01
   2.3273160e+06   1.4587402e+01
   2.3424140e+06   1.4221191e+01
   2.3636030e+06   1.4709473e+01
   2.3636810e+06   1.4099121e+01
   2.3637350e+06   1.3000488e+01
   2.3913490e+06   1.3000488e+01
   2.3916470e+06   1.4953613e+01
   2.4020850e+06   1.3244629e+01
   2.4161470e+06   1.4526367e+01
   2.4161960e+06   1.5441895e+01
   2.4165740e+06   1.2756348e+01
   2.4167080e+06   1.3549805e+01
   2.4295460e+06   1.3610840e+01
   2.4296400e+06   1.6601562e+01
   2.4455930e+06   1.5930176e+01
   2.4456490e+06   1.3000488e+01
   2.4457720e+06   2.1484375e+01
   2.4458680e+06   1.4709473e+01
   2.4459650e+06   1.3916016e+01
   2.4460180e+06   1.4648438e+01
   2.4462900e+06   1.2878418e+01
   2.4586070e+06   1.4099121e+01
   2.4589380e+06   1.4526367e+01
   2.4754270e+06   2.0568848e+01
   2.4755660e+06   1.5930176e+01
   2.4756420e+06   1.5136719e+01
   2.4869850e+06   1.3366699e+01
   2.5001220e+06   1.3122559e+01
   2.5195600e+06   1.4648438e+01
   2.5376530e+06   1.2817383e+01
   2.5377520e+06   1.3854980e+01
   2.5469990e+06   1.7883301e+01
   2.5783460e+06   1.3183594e+01
   2.5784180e+06   1.3183594e+01
   2.5784680e+06   1.2939453e+01
   2.5785060e+06   1.4831543e+01
   2.6437540e+06   1.3671875e+01
   2.6437700e+06   1.2939453e+01
   2.6718940e+06   1.2695312e+01
   2.6719410e+06   1.4587402e+01
   2.6863470e+06   1.3610840e+01
   2.7024180e+06   1.4465332e+01
   2.7024860e+06   1.4282227e+01
   2.7110190e+06   1.3977051e+01
   2.7175170e+06   1.2878418e+01
   2.7522360e+06   1.2817383e+01
   2.8001120e+06   1.3122559e+01
   2.8001320e+06   1.3427734e+01
   2.8150250e+06   1.3854980e+01
   2.8220580e+06   1.2878418e+01
   2.8290970e+06   1.3305664e+01
   2.8349880e+06   1.2756348e+01
   2.8415150e+06   1.2634277e+01
   2.8421730e+06   1.2756348e+01
   2.8504690e+06   1.2939453e+01
   2.8505000e+06   1.5380859e+01
   2.8687020e+06   1.3122559e+01
   2.8688190e+06   1.3488770e+01
   2.8794950e+06   1.4282227e+01
   2.8892900e+06   1.5991211e+01
   2.9260990e+06   1.2939453e+01
   2.9439410e+06   1.4221191e+01
   2.9836880e+06   1.5197754e+01
   2.9921450e+06   1.2817383e+01
