   3.0000000e+06   0.0000000e+00
   1.1261000e+04   2.1789551e+01
   1.1458000e+04   1.5258789e+01
   1.1506000e+04   1.6418457e+01
   4.9841000e+04   1.4892578e+01
   7.0089000e+04   1.4465332e+01
   1.1335400e+05   1.4953613e+01
   1.1340300e+05   1.9897461e+01
   1.3809000e+05   1.4709473e+01
   1.4627500e+05   1.8676758e+01
   1.9146400e+05   1.7517090e+01
   1.9861300e+05   1.5380859e+01
   2.0504400e+05   1.4343262e+01
   2.1464900e+05   2.2155762e+01
   2.3468700e+05   2.0690918e+01
   2.4265900e+05   1.4953613e+01
   2.4969600e+05   1.4404297e+01
   2.5698700e+05   1.7578125e+01
   2.6759200e+05   1.8127441e+01
   2.7490000e+05   2.1423340e+01
   2.8225700e+05   1.5136719e+01
   2.9322100e+05   1.5258789e+01
   3.0227000e+05   1.5197754e+01
   3.1414100e+05   1.9226074e+01
   3.2092300e+05   1.4892578e+01
   3.2861300e+05   2.2705078e+01
   3.3865900e+05   1.9836426e+01
   3.4788500e+05   1.5380859e+01
   3.4799200e+05   1.8066406e+01
   3.6309700e+05   1.5319824e+01
   3.7758400e+05   1.7944336e+01
   3.9045700e+05   1.8005371e+01
   4.0920400e+05   1.9226074e+01
   4.2367000e+05   1.5014648e+01
   4.2372700e+05   1.8737793e+01
   4.3619300e+05   1.7761230e+01
   4.4737500e+05   1.6845703e+01
   4.7966600e+05   1.8981934e+01
   5.1980900e+05   1.6296387e+01
   5.5501900e+05   1.7456055e+01
   5.5517900e+05   1.4892578e+01
   6.5776300e+05   2.0507812e+01
   7.3184900e+05   1.9165039e+01
   7.5524100e+05   1.6845703e+01
   7.7863700e+05   1.4343262e+01
   7.7922700e+05   2.0568848e+01
   7.7967700e+05   1.4465332e+01
   7.9231700e+05   1.5136719e+01
   8.0853400e+05   1.6235352e+01
   8.2097600e+05   1.6845703e+01
   8.4380900e+05   1.4465332e+01
   8.8284700e+05   1.7333984e+01
   8.8361200e+05   1.9104004e+01
   9.0809500e+05   1.6601562e+01
   9.2266600e+05   1.5991211e+01
   9.2324300e+05   1.9714355e+01
   9.3723500e+05   1.6296387e+01
   9.7158700e+05   1.4709473e+01
   9.7172100e+05   1.5747070e+01
   9.9421800e+05   1.5625000e+01
   9.9515800e+05   1.4892578e+01
   9.9521500e+05   1.4953613e+01
   1.0259660e+06   1.4953613e+01
   1.0262830e+06   1.4831543e+01
   1.0267410e+06   1.8981934e+01
   1.0476550e+06   1.6845703e+01
   1.0568310e+06   1.6723633e+01
   1.0570650e+06   1.4831543e+01
   1.0574140e+06   1.9348145e+01
   1.0576090e+06   1.6784668e+01
   1.0836130e+06   1.4953613e+01
   1.1072340e+06   1.4404297e+01
   1.1183180e+06   1.5197754e+01
   1.1184300e+06   1.6723633e+01
   1.1187920e+06   1.8554688e+01
   1.1493290e+06   1.6479492e+01
   1.1705880e+06   2.0996094e+01
   1.1708700e+06   1.5258789e+01
   1.1710500e+06   1.6235352e+01
   1.1714740e+06   1.5808105e+01
   1.1866330e+06   1.4587402e+01
   1.2056240e+06   1.4526367e+01
   1.2060490e+06   1.6357422e+01
   1.2064940e+06   1.9165039e+01
   1.2066870e+06   1.5502930e+01
   1.2319610e+06   1.6418457e+01
   1.2321670e+06   1.5930176e+01
   1.2325240e+06   1.8737793e+01
   1.2588630e+06   1.4587402e+01
   1.2589840e+06   1.8249512e+01
   1.2589940e+06   1.4892578e+01
   1.2593330e+06   1.4770508e+01
   1.2881910e+06   1.6784668e+01
   1.2883440e+06   1.4892578e+01
   1.2885770e+06   1.6357422e+01
   1.2888610e+06   1.8432617e+01
   1.3302090e+06   1.6967773e+01
   1.3310770e+06   1.6052246e+01
   1.3312490e+06   1.5625000e+01
   1.3477640e+06   1.4648437e+01
   1.3484980e+06   1.4404297e+01
   1.3488320e+06   1.5014648e+01
   1.3682220e+06   1.8249512e+01
   1.3843160e+06   1.8432617e+01
   1.3844460e+06   1.5258789e+01
   1.3847040e+06   1.5136719e+01
   1.3988210e+06   1.5014648e+01
   1.3997420e+06   1.7639160e+01
   1.4192590e+06   1.4648438e+01
   1.4194930e+06   1.5747070e+01
   1.4507780e+06   1.6662598e+01
   1.4509180e+06   1.5686035e+01
   1.4778610e+06   1.6479492e+01
   1.4779930e+06   1.8554688e+01
   1.4784410e+06   1.4892578e+01
   1.4933330e+06   1.4465332e+01
   1.4935910e+06   1.4465332e+01
   1.4938040e+06   1.6540527e+01
   1.5219250e+06   2.0935059e+01
   1.5220330e+06   1.5563965e+01
   1.5223180e+06   1.5258789e+01
   1.5252970e+06   1.6540527e+01
   1.5374610e+06   1.4648438e+01
   1.5500270e+06   1.4831543e+01
   1.5539650e+06   1.5502930e+01
   1.5541570e+06   1.4404297e+01
   1.5727670e+06   1.5686035e+01
   1.5731680e+06   1.7517090e+01
   1.5734110e+06   1.6235352e+01
   1.6091530e+06   1.7822266e+01
   1.6093160e+06   1.5075684e+01
   1.6101970e+06   1.4831543e+01
   1.6393210e+06   1.6967773e+01
   1.6396720e+06   1.4892578e+01
   1.6796770e+06   1.4770508e+01
   1.6797150e+06   1.7761230e+01
   1.6799000e+06   1.6906738e+01
   1.6800530e+06   1.7211914e+01
   1.7112620e+06   1.7028809e+01
   1.7117190e+06   1.8432617e+01
   1.7284400e+06   1.9409180e+01
   1.7652770e+06   1.5747070e+01
   1.7658800e+06   1.5930176e+01
   1.7843570e+06   1.6479492e+01
   1.7845430e+06   1.5869141e+01
   1.7847700e+06   1.6357422e+01
   1.8046290e+06   1.4709473e+01
   1.8355250e+06   1.8493652e+01
   1.8356380e+06   1.5319824e+01
   1.8510550e+06   1.5991211e+01
   1.8603570e+06   1.7150879e+01
   1.8606320e+06   1.5197754e+01
   1.8901070e+06   1.4526367e+01
   1.9110410e+06   1.6479492e+01
   1.9119250e+06   1.5808105e+01
   1.9281410e+06   1.4831543e+01
   1.9417770e+06   1.5075684e+01
   1.9421480e+06   1.4892578e+01
   1.9423370e+06   1.4587402e+01
   1.9562330e+06   1.6174316e+01
   1.9744570e+06   1.7883301e+01
   2.0004290e+06   1.4831543e+01
   2.0056680e+06   1.5808105e+01
   2.0057900e+06   1.9409180e+01
   2.0061100e+06   1.6601562e+01
   2.0207020e+06   1.7761230e+01
   2.0215790e+06   1.4404297e+01
   2.0424710e+06   1.6113281e+01
   2.0575450e+06   1.7150879e+01
   2.0596470e+06   1.5197754e+01
   2.0598220e+06   1.5319824e+01
   2.0776750e+06   1.9165039e+01
   2.0778050e+06   1.6296387e+01
   2.0963980e+06   1.4526367e+01
   2.0966270e+06   1.6662598e+01
   2.0968100e+06   1.4526367e+01
   2.1077560e+06   1.8188477e+01
   2.1081960e+06   1.5502930e+01
   2.1084410e+06   1.7761230e+01
   2.1280500e+06   1.6540527e+01
   2.1284260e+06   1.7395020e+01
   2.1416980e+06   1.8310547e+01
   2.1420730e+06   1.4587402e+01
   2.1640540e+06   1.5686035e+01
   2.1642190e+06   1.6052246e+01
   2.1643900e+06   1.5014648e+01
   2.1827810e+06   1.5197754e+01
   2.1829260e+06   1.5747070e+01
   2.2122720e+06   1.5258789e+01
   2.2123350e+06   1.9775391e+01
   2.2124730e+06   1.7700195e+01
   2.2126460e+06   1.4587402e+01
   2.2301250e+06   1.5014648e+01
   2.2301520e+06   1.5502930e+01
   2.2475430e+06   1.9165039e+01
   2.2478020e+06   1.7395020e+01
   2.2480050e+06   1.7272949e+01
   2.2635340e+06   1.9226074e+01
   2.2636820e+06   1.5014648e+01
   2.2638570e+06   1.6906738e+01
   2.2782340e+06   1.7272949e+01
   2.2783720e+06   1.5625000e+01
   2.2785110e+06   1.5747070e+01
   2.2786820e+06   1.5563965e+01
   2.2945700e+06   1.5808105e+01
   2.2947590e+06   1.5563965e+01
   2.2948850e+06   1.5869141e+01
   2.2950370e+06   1.6601562e+01
   2.2953540e+06   1.6479492e+01
   2.3102040e+06   2.1911621e+01
   2.3104850e+06   1.4648438e+01
   2.3268510e+06   1.4587402e+01
   2.3271060e+06   1.5563965e+01
   2.3421040e+06   1.7700195e+01
   2.3422930e+06   1.5197754e+01
   2.3632230e+06   1.9897461e+01
   2.3634060e+06   1.4465332e+01
   2.3637810e+06   1.5136719e+01
   2.3766380e+06   1.5197754e+01
   2.3769090e+06   1.4709473e+01
   2.3801660e+06   1.5563965e+01
   2.3913510e+06   1.4343262e+01
   2.3914840e+06   1.6906738e+01
   2.3916090e+06   1.8676758e+01
   2.4019720e+06   1.9531250e+01
   2.4021260e+06   1.8066406e+01
   2.4024190e+06   1.6784668e+01
   2.4162840e+06   1.6662598e+01
   2.4165500e+06   2.2338867e+01
   2.4166100e+06   1.4831543e+01
   2.4166850e+06   1.5014648e+01
   2.4294730e+06   1.7456055e+01
   2.4296900e+06   1.4770508e+01
   2.4456440e+06   1.5686035e+01
   2.4457700e+06   1.5136719e+01
   2.4461000e+06   1.4892578e+01
   2.4585200e+06   1.7883301e+01
   2.4586960e+06   1.4648438e+01
   2.4587190e+06   1.6906738e+01
   2.4588480e+06   1.4831543e+01
   2.4590970e+06   1.6418457e+01
   2.4637890e+06   1.4770508e+01
   2.4648460e+06   1.4648438e+01
   2.4754110e+06   1.6723633e+01
   2.4755270e+06   1.5502930e+01
   2.4869770e+06   1.5808105e+01
   2.4871310e+06   1.6845703e+01
   2.4873250e+06   1.6540527e+01
   2.4875540e+06   1.4587402e+01
   2.4929760e+06   1.4465332e+01
   2.5002570e+06   1.4770508e+01
   2.5004590e+06   1.8432617e+01
   2.5086130e+06   1.6113281e+01
   2.5190010e+06   1.8920898e+01
   2.5191430e+06   1.6174316e+01
   2.5309200e+06   1.4892578e+01
   2.5376620e+06   1.5014648e+01
   2.5377230e+06   1.6479492e+01
   2.5378840e+06   1.5930176e+01
   2.5470200e+06   1.9836426e+01
   2.5471680e+06   2.0141602e+01
   2.5587050e+06   1.5991211e+01
   2.5587740e+06   1.5808105e+01
   2.5589900e+06   1.4953613e+01
   2.5695960e+06   1.4709473e+01
   2.5783160e+06   1.6174316e+01
   2.5785330e+06   1.5991211e+01
   2.5886910e+06   1.8737793e+01
   2.5888770e+06   1.8737793e+01
   2.6053580e+06   1.6479492e+01
   2.6145130e+06   1.5930176e+01
   2.6145610e+06   1.7578125e+01
   2.6148510e+06   1.4465332e+01
   2.6216490e+06   1.7578125e+01
   2.6292810e+06   1.4587402e+01
   2.6350970e+06   1.6357422e+01
   2.6436660e+06   1.7028809e+01
   2.6438470e+06   1.5075684e+01
   2.6542980e+06   1.5136719e+01
   2.6634980e+06   1.5930176e+01
   2.6719400e+06   1.5625000e+01
   2.6721680e+06   1.4709473e+01
   2.6863590e+06   1.4587402e+01
   2.6864080e+06   1.4587402e+01
   2.7023950e+06   1.4770508e+01
   2.7024430e+06   1.8127441e+01
   2.7106120e+06   1.4648438e+01
   2.7175080e+06   1.5197754e+01
   2.7298100e+06   2.0080566e+01
   2.7463560e+06   1.7822266e+01
   2.7465170e+06   1.4892578e+01
   2.7773780e+06   1.5502930e+01
   2.8001410e+06   1.7272949e+01
   2.8291530e+06   1.6906738e+01
   2.8505770e+06   1.6296387e+01
   2.8685980e+06   1.8615723e+01
   2.9038080e+06   1.8432617e+01
   2.9260500e+06   2.1179199e+01
   2.9361850e+06   1.9653320e+01
   2.9921240e+06   1.7272949e+01
