   3.0000000e+06   0.0000000e+00
   1.1169000e+04   1.3977051e+01
   2.9568000e+04   1.4099121e+01
   7.0093000e+04   1.4282227e+01
   1.6665600e+05   1.4526367e+01
   2.2648600e+05   1.4709473e+01
   2.4597400e+05   1.3671875e+01
   2.4956100e+05   1.3732910e+01
   2.8215500e+05   1.4282227e+01
   2.9325300e+05   1.8249512e+01
   3.0219900e+05   1.4099121e+01
   3.0273100e+05   1.3671875e+01
   3.1404600e+05   1.6540527e+01
   3.2852300e+05   1.6357422e+01
   3.3862900e+05   1.4587402e+01
   4.7957500e+05   1.4953613e+01
   4.7972900e+05   1.3793945e+01
   1.0425580e+06   1.3671875e+01
   1.0575740e+06   1.5686035e+01
   1.0579170e+06   1.3732910e+01
   1.1241870e+06   1.4343262e+01
   1.4055920e+06   1.3671875e+01
   1.4257870e+06   1.4404297e+01
   1.5221720e+06   1.3977051e+01
   1.5387190e+06   1.3732910e+01
   1.5911050e+06   1.4282227e+01
   1.9121360e+06   1.5258789e+01
   2.0328900e+06   1.4221191e+01
   2.1643520e+06   1.4465332e+01
   2.2479900e+06   1.6662598e+01
   2.2703010e+06   1.3854980e+01
   2.2949140e+06   1.4770508e+01
   2.3634010e+06   1.4465332e+01
   2.3637060e+06   1.4709473e+01
   2.4457720e+06   1.4160156e+01
   2.4459770e+06   1.4221191e+01
   2.4752230e+06   1.5686035e+01
   2.5376210e+06   1.5014648e+01
   2.5469390e+06   1.4953613e+01
   2.5587800e+06   1.5747070e+01
   2.6143710e+06   1.4770508e+01
   2.6725580e+06   1.5563965e+01
   2.7470640e+06   1.3793945e+01
   2.8891450e+06   1.4709473e+01
   2.9262510e+06   1.5380859e+01
   2.9531830e+06   1.5808105e+01
   2.9774890e+06   1.3916016e+01
   2.9835980e+06   1.5502930e+01
