   3.0000000e+06   0.0000000e+00
   5.6020000e+03   1.7395020e+01
   1.1031000e+04   1.9714355e+01
   1.1059000e+04   1.5808105e+01
   1.1219000e+04   1.3305664e+01
   1.1298000e+04   1.9165039e+01
   1.1333000e+04   1.4526367e+01
   1.1368000e+04   1.3305664e+01
   1.1425000e+04   1.7822266e+01
   1.1435000e+04   1.9470215e+01
   1.1483000e+04   1.3732910e+01
   1.1534000e+04   1.3244629e+01
   1.1661000e+04   1.7639160e+01
   1.5084000e+04   1.4465332e+01
   1.6947000e+04   1.7883301e+01
   2.9430000e+04   1.3549805e+01
   2.9513000e+04   1.8920898e+01
   2.9643000e+04   1.3000488e+01
   2.9694000e+04   1.5808105e+01
   2.9815000e+04   1.3427734e+01
   3.0243000e+04   1.4343262e+01
   3.0274000e+04   1.5319824e+01
   3.5605000e+04   1.5563965e+01
   3.8520000e+04   1.3366699e+01
   3.8591000e+04   1.3244629e+01
   3.8621000e+04   1.7517090e+01
   3.8673000e+04   1.3977051e+01
   3.8747000e+04   1.4770508e+01
   3.8857000e+04   1.5197754e+01
   3.9414000e+04   1.9897461e+01
   4.6871000e+04   1.5502930e+01
   4.9706000e+04   1.3549805e+01
   4.9729000e+04   1.7272949e+01
   4.9832000e+04   1.5075684e+01
   4.9883000e+04   1.5075684e+01
   4.9998000e+04   1.3366699e+01
   5.0576000e+04   1.5869141e+01
   5.0587000e+04   1.4099121e+01
   5.9201000e+04   2.0690918e+01
   5.9346000e+04   1.4099121e+01
   5.9390000e+04   1.3061523e+01
   5.9435000e+04   1.5197754e+01
   6.4102000e+04   1.5686035e+01
   6.9928000e+04   1.6113281e+01
   7.0064000e+04   1.6906738e+01
   7.0898000e+04   1.4770508e+01
   7.3450000e+04   1.7150879e+01
   7.4698000e+04   1.4648438e+01
   7.9063000e+04   1.3977051e+01
   7.9190000e+04   1.7639160e+01
   7.9217000e+04   1.5258789e+01
   8.1724000e+04   1.4465332e+01
   8.1799000e+04   1.3122559e+01
   8.1952000e+04   1.5991211e+01
   8.6465000e+04   1.6052246e+01
   8.7592000e+04   1.7272949e+01
   8.9735000e+04   2.3071289e+01
   8.9804000e+04   1.3061523e+01
   8.9854000e+04   1.5563965e+01
   8.9888000e+04   1.5625000e+01
   9.6085000e+04   1.6296387e+01
   9.6227000e+04   1.3610840e+01
   9.7810000e+04   2.2888184e+01
   9.8577000e+04   1.7700195e+01
   9.8955000e+04   1.7883301e+01
   9.9058000e+04   1.6906738e+01
   1.0206800e+05   1.2939453e+01
   1.0212400e+05   1.7028809e+01
   1.0444400e+05   1.9165039e+01
   1.0457400e+05   2.4047852e+01
   1.0537500e+05   1.3488770e+01
   1.0718200e+05   1.4282227e+01
   1.1330800e+05   1.4282227e+01
   1.1334500e+05   1.9836426e+01
   1.1335800e+05   1.3671875e+01
   1.1343600e+05   1.3244629e+01
   1.1398100e+05   1.6845703e+01
   1.1399900e+05   2.1850586e+01
   1.1411500e+05   1.7211914e+01
   1.1418700e+05   1.4221191e+01
   1.1496700e+05   1.4160156e+01
   1.1998400e+05   1.3732910e+01
   1.2001300e+05   1.7333984e+01
   1.2004300e+05   1.4648438e+01
   1.2009100e+05   1.8859863e+01
   1.2098100e+05   1.3488770e+01
   1.2111900e+05   1.5014648e+01
   1.2113400e+05   1.4709473e+01
   1.2213900e+05   1.6113281e+01
   1.2365800e+05   1.6540527e+01
   1.2376100e+05   1.8859863e+01
   1.2604900e+05   1.5136719e+01
   1.2607700e+05   1.5197754e+01
   1.2610900e+05   1.5136719e+01
   1.2741700e+05   1.6357422e+01
   1.3038700e+05   1.7517090e+01
   1.3046600e+05   1.3244629e+01
   1.3114400e+05   1.5686035e+01
   1.3793800e+05   1.4953613e+01
   1.3799000e+05   2.5634766e+01
   1.3804600e+05   1.8554688e+01
   1.3815800e+05   1.3305664e+01
   1.3870500e+05   2.2766113e+01
   1.3871700e+05   2.4291992e+01
   1.3882800e+05   1.3732910e+01
   1.3970500e+05   1.5319824e+01
   1.4614100e+05   1.5136719e+01
   1.4618800e+05   1.3183594e+01
   1.4626300e+05   1.4404297e+01
   1.4630200e+05   1.6235352e+01
   1.4634200e+05   1.4953613e+01
   1.4681300e+05   1.4465332e+01
   1.4682600e+05   1.9226074e+01
   1.4771300e+05   1.3366699e+01
   1.4773500e+05   1.5930176e+01
   1.5165100e+05   1.4709473e+01
   1.5166300e+05   1.3732910e+01
   1.5175600e+05   1.4587402e+01
   1.5215000e+05   1.4343262e+01
   1.5229400e+05   1.4404297e+01
   1.5235600e+05   1.4404297e+01
   1.5644400e+05   1.3549805e+01
   1.5645800e+05   1.9104004e+01
   1.5652700e+05   1.3122559e+01
   1.5659200e+05   1.2939453e+01
   1.5698000e+05   1.5197754e+01
   1.5804000e+05   1.3793945e+01
   1.6090600e+05   1.5380859e+01
   1.6091900e+05   1.4770508e+01
   1.6099400e+05   1.6540527e+01
   1.6223600e+05   1.4953613e+01
   1.6228800e+05   1.5258789e+01
   1.6667900e+05   1.4038086e+01
   1.6672900e+05   1.3183594e+01
   1.6678500e+05   1.3183594e+01
   1.6681700e+05   1.4038086e+01
   1.6718900e+05   1.8859863e+01
   1.6722600e+05   1.2939453e+01
   1.6729500e+05   1.5380859e+01
   1.6805100e+05   1.5136719e+01
   1.7271900e+05   1.6235352e+01
   1.7275300e+05   1.3183594e+01
   1.7278800e+05   1.5686035e+01
   1.7308100e+05   1.7944336e+01
   1.7310100e+05   1.5441895e+01
   1.7314300e+05   1.4038086e+01
   1.7334500e+05   1.3488770e+01
   1.7335700e+05   1.5380859e+01
   1.7748700e+05   1.3854980e+01
   1.7751800e+05   1.3061523e+01
   1.7760600e+05   1.4465332e+01
   1.7787800e+05   1.8127441e+01
   1.7794600e+05   1.8432617e+01
   1.7934800e+05   1.4404297e+01
   1.8262700e+05   1.7333984e+01
   1.8269300e+05   1.4404297e+01
   1.8272000e+05   1.4282227e+01
   1.8279100e+05   1.4953613e+01
   1.8325400e+05   1.6967773e+01
   1.8329000e+05   1.8798828e+01
   1.8412900e+05   1.4221191e+01
   1.9133300e+05   1.3366699e+01
   1.9135600e+05   1.8493652e+01
   1.9137200e+05   1.5502930e+01
   1.9141500e+05   1.9226074e+01
   1.9144300e+05   1.7456055e+01
   1.9149200e+05   1.3427734e+01
   1.9197400e+05   1.7089844e+01
   1.9208700e+05   1.5441895e+01
   1.9278600e+05   1.3366699e+01
   1.9281500e+05   1.6357422e+01
   1.9290700e+05   1.8493652e+01
   1.9308400e+05   1.3366699e+01
   1.9851100e+05   1.3610840e+01
   1.9860400e+05   1.6113281e+01
   1.9908000e+05   1.4465332e+01
   1.9910400e+05   1.5014648e+01
   2.0009400e+05   1.8249512e+01
   2.0490600e+05   1.5808105e+01
   2.0494200e+05   1.4648438e+01
   2.0498300e+05   1.7150879e+01
   2.0505000e+05   1.5136719e+01
   2.0507000e+05   1.3488770e+01
   2.0542400e+05   1.4892578e+01
   2.0555000e+05   1.4587402e+01
   2.0597800e+05   1.3732910e+01
   2.0656400e+05   1.5075684e+01
   2.1453500e+05   1.7883301e+01
   2.1456000e+05   1.4343262e+01
   2.1460400e+05   1.6174316e+01
   2.1469500e+05   1.4404297e+01
   2.1503400e+05   1.4587402e+01
   2.1506400e+05   1.4160156e+01
   2.1519700e+05   1.6845703e+01
   2.1522100e+05   1.3732910e+01
   2.1584300e+05   1.8737793e+01
   2.2073500e+05   1.6784668e+01
   2.2076000e+05   1.2939453e+01
   2.2082600e+05   1.5991211e+01
   2.2168400e+05   1.5258789e+01
   2.2170500e+05   1.6052246e+01
   2.2173500e+05   1.5197754e+01
   2.2186800e+05   1.8127441e+01
   2.2651500e+05   2.2033691e+01
   2.2660100e+05   2.5878906e+01
   2.2661200e+05   1.6479492e+01
   2.2669300e+05   1.8188477e+01
   2.2702500e+05   1.9226074e+01
   2.2704000e+05   1.7822266e+01
   2.2760900e+05   1.3793945e+01
   2.2763600e+05   1.8432617e+01
   2.2769800e+05   1.3366699e+01
   2.3453300e+05   1.3366699e+01
   2.3459700e+05   1.6418457e+01
   2.3462400e+05   1.8005371e+01
   2.3464100e+05   1.3610840e+01
   2.3471700e+05   1.3061523e+01
   2.3497900e+05   1.9042969e+01
   2.3509000e+05   1.7883301e+01
   2.3588300e+05   1.8981934e+01
   2.3591400e+05   1.4465332e+01
   2.4243600e+05   1.7211914e+01
   2.4250400e+05   1.4587402e+01
   2.4260800e+05   1.3916016e+01
   2.4262300e+05   1.4099121e+01
   2.4323600e+05   1.3305664e+01
   2.4589200e+05   2.0141602e+01
   2.4593900e+05   1.5441895e+01
   2.4605000e+05   1.4770508e+01
   2.4608600e+05   1.6967773e+01
   2.4609700e+05   1.3061523e+01
   2.4950200e+05   1.6601562e+01
   2.4956000e+05   1.7700195e+01
   2.4958000e+05   1.3305664e+01
   2.4963100e+05   1.8859863e+01
   2.5028900e+05   2.3193359e+01
   2.5046300e+05   1.3305664e+01
   2.5682800e+05   1.4709473e+01
   2.5684200e+05   1.5380859e+01
   2.5694900e+05   1.3610840e+01
   2.5699900e+05   2.0019531e+01
   2.5737400e+05   2.2705078e+01
   2.5794000e+05   1.6906738e+01
   2.5811600e+05   1.5930176e+01
   2.6742700e+05   1.5441895e+01
   2.6749500e+05   1.7578125e+01
   2.6752800e+05   1.3488770e+01
   2.6754200e+05   1.3244629e+01
   2.6762100e+05   1.3366699e+01
   2.6764100e+05   1.6967773e+01
   2.6797300e+05   1.4770508e+01
   2.6872300e+05   1.6052246e+01
   2.6875000e+05   1.6479492e+01
   2.6877600e+05   1.3549805e+01
   2.6884600e+05   1.5075684e+01
   2.7468700e+05   1.3000488e+01
   2.7469700e+05   1.7150879e+01
   2.7473600e+05   1.5930176e+01
   2.7478100e+05   1.4831543e+01
   2.7490700e+05   1.7517090e+01
   2.7491900e+05   1.5869141e+01
   2.7533200e+05   1.6540527e+01
   2.7537800e+05   1.8188477e+01
   2.7547100e+05   1.3244629e+01
   2.7597200e+05   1.3854980e+01
   2.8208500e+05   1.3916016e+01
   2.8210400e+05   1.8066406e+01
   2.8217700e+05   1.5136719e+01
   2.8254600e+05   1.7211914e+01
   2.8257200e+05   1.4099121e+01
   2.8291400e+05   1.7700195e+01
   2.8311500e+05   1.4587402e+01
   2.8335500e+05   1.5991211e+01
   2.8337200e+05   1.3977051e+01
   2.9304600e+05   1.3244629e+01
   2.9306800e+05   1.5319824e+01
   2.9315300e+05   2.2460938e+01
   2.9325400e+05   1.3671875e+01
   2.9355900e+05   1.3061523e+01
   2.9428800e+05   1.4709473e+01
   3.0210500e+05   1.4770508e+01
   3.0218500e+05   1.3488770e+01
   3.0227900e+05   1.3549805e+01
   3.0242400e+05   1.7150879e+01
   3.0265600e+05   1.5808105e+01
   3.0267900e+05   1.6296387e+01
   3.0281200e+05   1.4404297e+01
   3.0328500e+05   1.4404297e+01
   3.1397000e+05   1.2939453e+01
   3.1398500e+05   1.6235352e+01
   3.1400500e+05   1.3977051e+01
   3.1405500e+05   1.5930176e+01
   3.1410100e+05   1.3366699e+01
   3.1414700e+05   1.5686035e+01
   3.1440700e+05   1.3427734e+01
   3.1456100e+05   1.7211914e+01
   3.1458100e+05   1.4465332e+01
   3.1533400e+05   1.5991211e+01
   3.1605600e+05   1.6235352e+01
   3.2069900e+05   1.7333984e+01
   3.2072300e+05   1.7822266e+01
   3.2076100e+05   1.5197754e+01
   3.2078700e+05   1.3732910e+01
   3.2086600e+05   1.3793945e+01
   3.2144700e+05   1.6418457e+01
   3.2146500e+05   1.3488770e+01
   3.2154000e+05   1.3305664e+01
   3.2845400e+05   1.7517090e+01
   3.2848100e+05   1.4465332e+01
   3.2855400e+05   1.7944336e+01
   3.2869200e+05   1.6723633e+01
   3.2873200e+05   1.3305664e+01
   3.2905500e+05   1.3488770e+01
   3.2909500e+05   1.3122559e+01
   3.2966200e+05   1.4648438e+01
   3.3849000e+05   1.8432617e+01
   3.3851100e+05   1.6052246e+01
   3.3853200e+05   1.7456055e+01
   3.3857900e+05   2.1911621e+01
   3.3868000e+05   1.3061523e+01
   3.3895500e+05   1.3793945e+01
   3.3908900e+05   1.3854980e+01
   3.3911200e+05   1.5502930e+01
   3.3976400e+05   1.4221191e+01
   3.3979500e+05   1.6113281e+01
   3.4778500e+05   1.3854980e+01
   3.4780100e+05   1.3366699e+01
   3.4783400e+05   1.3000488e+01
   3.4786200e+05   1.6113281e+01
   3.4796800e+05   1.9653320e+01
   3.4867300e+05   1.4587402e+01
   3.4879100e+05   1.4587402e+01
   3.5287000e+05   2.4719238e+01
   3.5292000e+05   1.2939453e+01
   3.5295000e+05   1.3183594e+01
   3.5368000e+05   1.5075684e+01
   3.5371300e+05   1.4648438e+01
   3.6292100e+05   1.3183594e+01
   3.6295200e+05   2.6184082e+01
   3.6301900e+05   1.3488770e+01
   3.6313200e+05   1.5563965e+01
   3.6315800e+05   1.5625000e+01
   3.6340700e+05   1.7211914e+01
   3.6354100e+05   1.3061523e+01
   3.6355900e+05   1.3183594e+01
   3.7744100e+05   2.0568848e+01
   3.7746500e+05   1.6357422e+01
   3.7748100e+05   1.6784668e+01
   3.7753500e+05   1.3732910e+01
   3.7756500e+05   1.8737793e+01
   3.7764800e+05   1.5441895e+01
   3.7773000e+05   1.3183594e+01
   3.7786500e+05   1.4221191e+01
   3.7830200e+05   1.7028809e+01
   3.7882000e+05   1.7456055e+01
   3.9042400e+05   1.4526367e+01
   3.9044200e+05   1.7822266e+01
   3.9050100e+05   1.6479492e+01
   3.9074700e+05   1.7333984e+01
   3.9085400e+05   1.4892578e+01
   3.9130500e+05   1.3488770e+01
   3.9145100e+05   1.4099121e+01
   3.9932300e+05   1.5319824e+01
   3.9935500e+05   1.4831543e+01
   3.9940400e+05   1.3610840e+01
   3.9951500e+05   1.3061523e+01
   4.0904800e+05   1.5075684e+01
   4.0911900e+05   1.3427734e+01
   4.0912900e+05   1.5075684e+01
   4.0921800e+05   1.3671875e+01
   4.0928000e+05   1.3305664e+01
   4.0933400e+05   1.3549805e+01
   4.0943300e+05   1.3916016e+01
   4.0966900e+05   1.3916016e+01
   4.2359800e+05   1.8737793e+01
   4.2366400e+05   1.3122559e+01
   4.2380500e+05   1.3000488e+01
   4.2397500e+05   1.5930176e+01
   4.2437200e+05   1.4709473e+01
   4.3607100e+05   1.8066406e+01
   4.3608400e+05   1.4587402e+01
   4.3618300e+05   1.8615723e+01
   4.3635900e+05   1.6174316e+01
   4.3663700e+05   1.6296387e+01
   4.3703200e+05   1.5075684e+01
   4.4727900e+05   1.7578125e+01
   4.4729300e+05   2.2277832e+01
   4.4732400e+05   1.7761230e+01
   4.4739700e+05   1.3549805e+01
   4.4760100e+05   1.6723633e+01
   4.5852800e+05   1.9653320e+01
   4.5864500e+05   1.6479492e+01
   4.5865700e+05   1.8737793e+01
   4.5890700e+05   1.6723633e+01
   4.5895800e+05   1.4343262e+01
   4.5898300e+05   1.7761230e+01
   4.5902400e+05   1.4526367e+01
   4.6019100e+05   1.3244629e+01
   4.7947700e+05   1.4648438e+01
   4.7950000e+05   1.6113281e+01
   4.7951300e+05   1.4526367e+01
   4.7955900e+05   1.3916016e+01
   4.7964800e+05   1.3000488e+01
   4.7973100e+05   1.3427734e+01
   4.7981300e+05   1.4892578e+01
   4.7989200e+05   1.3427734e+01
   4.7991900e+05   1.5686035e+01
   4.7996000e+05   1.4465332e+01
   5.1970800e+05   2.2705078e+01
   5.2002500e+05   1.4282227e+01
   5.2017600e+05   1.7089844e+01
   5.2154700e+05   1.6967773e+01
   5.2394700e+05   1.6906738e+01
   5.5488400e+05   1.3916016e+01
   5.5497100e+05   2.8686523e+01
   5.5519700e+05   1.4038086e+01
   5.5530700e+05   1.7150879e+01
   6.1343100e+05   1.4465332e+01
   6.1357300e+05   1.3732910e+01
   6.5776200e+05   2.5024414e+01
   6.5787700e+05   1.5563965e+01
   6.8566400e+05   1.6235352e+01
   7.0809100e+05   1.3732910e+01
   7.0827700e+05   1.4404297e+01
   7.3161600e+05   1.4038086e+01
   7.3168000e+05   1.3122559e+01
   7.3173200e+05   1.4038086e+01
   7.3190000e+05   1.5563965e+01
   7.3229200e+05   1.5747070e+01
   7.5525700e+05   1.4099121e+01
   7.5649700e+05   1.6479492e+01
   7.5656000e+05   1.5686035e+01
   7.5663300e+05   1.6357422e+01
   7.6391200e+05   1.5258789e+01
   7.6398900e+05   1.7639160e+01
   7.7862300e+05   1.6601562e+01
   7.7868200e+05   1.4099121e+01
   7.7871800e+05   1.4770508e+01
   7.7919600e+05   1.5563965e+01
   7.7927400e+05   1.7822266e+01
   8.3895400e+05   1.6418457e+01
   8.4962000e+05   1.4160156e+01
   8.8286500e+05   1.7150879e+01
   8.8309000e+05   1.4770508e+01
   8.8335200e+05   1.3793945e+01
   8.8344100e+05   1.7272949e+01
   9.0815200e+05   1.6845703e+01
   9.0821600e+05   1.5319824e+01
   9.2275400e+05   1.7944336e+01
   9.2316400e+05   1.6479492e+01
   9.2347000e+05   1.4160156e+01
   9.7166500e+05   1.4099121e+01
   9.7167800e+05   1.6479492e+01
   9.7188700e+05   2.0507812e+01
   9.7202200e+05   1.4099121e+01
   9.9517800e+05   1.2939453e+01
   9.9522000e+05   1.3244629e+01
   9.9527200e+05   1.5808105e+01
   9.9600700e+05   1.4709473e+01
   1.0258510e+06   1.5319824e+01
   1.0259190e+06   1.7395020e+01
   1.0259930e+06   1.4221191e+01
   1.0260410e+06   1.3916016e+01
   1.0475060e+06   1.5625000e+01
   1.0475660e+06   1.4404297e+01
   1.0572940e+06   2.0141602e+01
   1.0574780e+06   1.8798828e+01
   1.0575270e+06   1.3183594e+01
   1.0577810e+06   1.5625000e+01
   1.1074000e+06   1.6845703e+01
   1.1186520e+06   1.4526367e+01
   1.1187210e+06   1.9897461e+01
   1.1187710e+06   1.3977051e+01
   1.1706620e+06   1.6174316e+01
   1.1710010e+06   1.7517090e+01
   1.1710660e+06   1.6357422e+01
   1.1712040e+06   1.3305664e+01
   1.1714780e+06   1.3122559e+01
   1.1715230e+06   1.7333984e+01
   1.2064490e+06   1.3977051e+01
   1.2065600e+06   1.7578125e+01
   1.2067440e+06   1.3916016e+01
   1.2319460e+06   1.3549805e+01
   1.2324180e+06   1.6418457e+01
   1.2324630e+06   1.4282227e+01
   1.2324870e+06   1.7028809e+01
   1.2325330e+06   1.3427734e+01
   1.2588970e+06   1.8798828e+01
   1.2589200e+06   2.2644043e+01
   1.2589820e+06   1.4892578e+01
   1.2593490e+06   1.3244629e+01
   1.2596920e+06   1.5502930e+01
   1.2882760e+06   1.3854980e+01
   1.2885390e+06   1.7578125e+01
   1.3152950e+06   1.8188477e+01
   1.3303570e+06   1.7517090e+01
   1.3303950e+06   1.3916016e+01
   1.3305850e+06   1.5380859e+01
   1.3311050e+06   1.5930176e+01
   1.3315780e+06   2.0446777e+01
   1.3482280e+06   1.7089844e+01
   1.3482620e+06   1.4160156e+01
   1.3483680e+06   1.9470215e+01
   1.3691450e+06   1.4892578e+01
   1.3692050e+06   1.5136719e+01
   1.3843410e+06   1.8798828e+01
   1.3846790e+06   1.4404297e+01
   1.3847350e+06   1.8249512e+01
   1.3848430e+06   1.3122559e+01
   1.4003440e+06   1.4709473e+01
   1.4004660e+06   1.3671875e+01
   1.4195590e+06   1.3732910e+01
   1.4197230e+06   1.3488770e+01
   1.4507860e+06   1.5258789e+01
   1.4509790e+06   2.8320312e+01
   1.4510870e+06   1.4465332e+01
   1.4777580e+06   1.5686035e+01
   1.4777850e+06   1.6601562e+01
   1.4779750e+06   1.4770508e+01
   1.4780210e+06   1.3549805e+01
   1.4783180e+06   1.5319824e+01
   1.4937930e+06   1.5502930e+01
   1.4938190e+06   1.5686035e+01
   1.4939550e+06   1.3305664e+01
   1.5219470e+06   1.6845703e+01
   1.5219720e+06   1.6357422e+01
   1.5220840e+06   1.5563965e+01
   1.5221140e+06   1.9165039e+01
   1.5221880e+06   1.6906738e+01
   1.5222040e+06   1.8920898e+01
   1.5222140e+06   1.4648438e+01
   1.5223670e+06   2.0568848e+01
   1.5379250e+06   1.3122559e+01
   1.5540880e+06   1.3427734e+01
   1.5730310e+06   1.4404297e+01
   1.5731390e+06   1.8127441e+01
   1.6095710e+06   2.1301270e+01
   1.6102350e+06   1.4099121e+01
   1.6393470e+06   1.3977051e+01
   1.6396870e+06   1.7333984e+01
   1.6797910e+06   1.3977051e+01
   1.6799840e+06   1.3366699e+01
   1.6800220e+06   2.4719238e+01
   1.6802040e+06   1.4709473e+01
   1.7112360e+06   1.8493652e+01
   1.7115880e+06   1.6357422e+01
   1.7285370e+06   1.6113281e+01
   1.7288550e+06   1.3000488e+01
   1.7288900e+06   1.6784668e+01
   1.7652330e+06   1.7028809e+01
   1.7654250e+06   1.3244629e+01
   1.7658820e+06   1.4221191e+01
   1.7845720e+06   1.3610840e+01
   1.7846260e+06   1.4648438e+01
   1.7846630e+06   1.9348145e+01
   1.7848030e+06   1.6723633e+01
   1.8054150e+06   1.3427734e+01
   1.8355850e+06   1.3793945e+01
   1.8358580e+06   1.7883301e+01
   1.8359140e+06   1.3366699e+01
   1.8361900e+06   1.5930176e+01
   1.8606960e+06   1.3549805e+01
   1.8609650e+06   1.3244629e+01
   1.8610000e+06   1.4038086e+01
   1.8612330e+06   1.3916016e+01
   1.8916410e+06   2.1850586e+01
   1.8916670e+06   1.5197754e+01
   1.8923000e+06   1.4648438e+01
   1.9120540e+06   1.3671875e+01
   1.9120790e+06   1.4221191e+01
   1.9120980e+06   1.4404297e+01
   1.9419690e+06   1.4709473e+01
   1.9421340e+06   1.6174316e+01
   1.9421840e+06   1.5991211e+01
   1.9423320e+06   1.9653320e+01
   1.9563580e+06   1.4404297e+01
   1.9739400e+06   1.5258789e+01
   1.9741940e+06   1.4648438e+01
   1.9744340e+06   1.7395020e+01
   2.0058680e+06   1.4709473e+01
   2.0060540e+06   1.7578125e+01
   2.0221790e+06   1.4831543e+01
   2.0427310e+06   1.3122559e+01
   2.0431630e+06   1.3183594e+01
   2.0596000e+06   1.6540527e+01
   2.0600360e+06   1.4526367e+01
   2.0777320e+06   1.5441895e+01
   2.0964800e+06   1.4770508e+01
   2.0966600e+06   1.9470215e+01
   2.0967020e+06   1.5197754e+01
   2.1085730e+06   1.3854980e+01
   2.1282220e+06   1.9714355e+01
   2.1282780e+06   1.8127441e+01
   2.1283130e+06   1.5136719e+01
   2.1283450e+06   1.5869141e+01
   2.1418680e+06   1.4465332e+01
   2.1420540e+06   1.3549805e+01
   2.1420680e+06   1.5136719e+01
   2.1421110e+06   1.4526367e+01
   2.1421220e+06   1.6662598e+01
   2.1642070e+06   1.3977051e+01
   2.1642550e+06   1.3977051e+01
   2.1643450e+06   1.3427734e+01
   2.1643920e+06   1.4099121e+01
   2.1830700e+06   1.4831543e+01
   2.1831270e+06   1.3671875e+01
   2.2125580e+06   1.4160156e+01
   2.2126450e+06   1.8737793e+01
   2.2304520e+06   1.3061523e+01
   2.2305280e+06   1.3916016e+01
   2.2478360e+06   1.4099121e+01
   2.2478880e+06   1.3305664e+01
   2.2479740e+06   1.5686035e+01
   2.2482200e+06   1.5808105e+01
   2.2636880e+06   1.7578125e+01
   2.2637030e+06   1.3061523e+01
   2.2637250e+06   1.6052246e+01
   2.2639580e+06   1.3366699e+01
   2.2782960e+06   1.5136719e+01
   2.2784060e+06   1.4404297e+01
   2.2785580e+06   1.7761230e+01
   2.2785800e+06   2.1057129e+01
   2.2948650e+06   1.7211914e+01
   2.3102870e+06   1.5075684e+01
   2.3103410e+06   1.3732910e+01
   2.3104780e+06   1.6113281e+01
   2.3271020e+06   1.4526367e+01
   2.3422320e+06   1.7517090e+01
   2.3423390e+06   1.6418457e+01
   2.3424060e+06   1.4648438e+01
   2.3634160e+06   1.4709473e+01
   2.3635270e+06   1.5136719e+01
   2.3635710e+06   1.4099121e+01
   2.3637120e+06   1.4404297e+01
   2.3637810e+06   1.7639160e+01
   2.3638480e+06   1.3366699e+01
   2.3639300e+06   1.3793945e+01
   2.3772490e+06   1.4587402e+01
   2.3915420e+06   1.8493652e+01
   2.3916570e+06   1.4404297e+01
   2.3921520e+06   1.2939453e+01
   2.4020480e+06   1.6845703e+01
   2.4163230e+06   2.5573730e+01
   2.4163540e+06   1.4160156e+01
   2.4164550e+06   1.3305664e+01
   2.4165150e+06   1.5747070e+01
   2.4166130e+06   1.3549805e+01
   2.4166450e+06   2.1911621e+01
   2.4168070e+06   1.5258789e+01
   2.4296870e+06   1.3549805e+01
   2.4297150e+06   1.4648438e+01
   2.4297660e+06   1.5930176e+01
   2.4457370e+06   1.8859863e+01
   2.4458320e+06   1.4709473e+01
   2.4458490e+06   1.3488770e+01
   2.4459350e+06   1.9348145e+01
   2.4459780e+06   1.4587402e+01
   2.4460350e+06   1.7150879e+01
   2.4460650e+06   2.0996094e+01
   2.4588050e+06   1.3366699e+01
   2.4590660e+06   1.3732910e+01
   2.4754690e+06   2.4353027e+01
   2.4755650e+06   1.3671875e+01
   2.4756020e+06   2.0324707e+01
   2.4756560e+06   1.6357422e+01
   2.4870960e+06   1.6845703e+01
   2.4872430e+06   1.5563965e+01
   2.4875340e+06   1.5747070e+01
   2.5003040e+06   2.0324707e+01
   2.5086230e+06   1.3610840e+01
   2.5086430e+06   1.3244629e+01
   2.5087320e+06   1.3061523e+01
   2.5190200e+06   1.3122559e+01
   2.5190500e+06   1.4892578e+01
   2.5191180e+06   1.7944336e+01
   2.5302980e+06   1.6235352e+01
   2.5303300e+06   2.0507812e+01
   2.5303410e+06   1.4709473e+01
   2.5304780e+06   1.3366699e+01
   2.5470730e+06   1.6113281e+01
   2.5470990e+06   1.3488770e+01
   2.5587590e+06   1.3488770e+01
   2.5587800e+06   1.9165039e+01
   2.5699410e+06   1.6052246e+01
   2.5782710e+06   1.3427734e+01
   2.5783330e+06   1.4221191e+01
   2.5785130e+06   1.4038086e+01
   2.5789460e+06   1.4099121e+01
   2.5790510e+06   1.3305664e+01
   2.5887390e+06   2.0812988e+01
   2.5970090e+06   1.4038086e+01
   2.5972380e+06   1.3977051e+01
   2.5973390e+06   1.5441895e+01
   2.6049530e+06   1.3916016e+01
   2.6050200e+06   1.5380859e+01
   2.6050570e+06   1.4831543e+01
   2.6143710e+06   1.3793945e+01
   2.6145040e+06   1.7944336e+01
   2.6145430e+06   1.4831543e+01
   2.6146350e+06   1.3610840e+01
   2.6147730e+06   1.5563965e+01
   2.6214580e+06   1.4099121e+01
   2.6216150e+06   1.3549805e+01
   2.6216820e+06   1.5258789e+01
   2.6289850e+06   1.5625000e+01
   2.6309620e+06   1.4770508e+01
   2.6349850e+06   1.3305664e+01
   2.6350280e+06   1.6540527e+01
   2.6351260e+06   2.0385742e+01
   2.6363080e+06   1.6845703e+01
   2.6398140e+06   1.7456055e+01
   2.6398410e+06   1.7456055e+01
   2.6435420e+06   1.5441895e+01
   2.6436910e+06   1.9897461e+01
   2.6437010e+06   2.1606445e+01
   2.6438110e+06   1.3488770e+01
   2.6438530e+06   1.3427734e+01
   2.6541560e+06   1.4526367e+01
   2.6541910e+06   1.4648438e+01
   2.6543960e+06   2.0507812e+01
   2.6544670e+06   1.6967773e+01
   2.6549850e+06   1.5441895e+01
   2.6633470e+06   1.6906738e+01
   2.6633920e+06   2.0263672e+01
   2.6642320e+06   1.8554688e+01
   2.6690750e+06   1.4892578e+01
   2.6694290e+06   1.4831543e+01
   2.6716150e+06   1.4465332e+01
   2.6718580e+06   1.8127441e+01
   2.6718920e+06   1.5380859e+01
   2.6725720e+06   1.3244629e+01
   2.6725890e+06   1.9897461e+01
   2.6770710e+06   2.4536133e+01
   2.6776190e+06   1.4648438e+01
   2.6776820e+06   1.5380859e+01
   2.6839920e+06   1.3244629e+01
   2.6840580e+06   2.6672363e+01
   2.6840970e+06   1.5197754e+01
   2.6845800e+06   1.7333984e+01
   2.6862000e+06   1.5380859e+01
   2.6862990e+06   2.8442383e+01
   2.6863650e+06   1.4709473e+01
   2.6884650e+06   1.5563965e+01
   2.6884770e+06   1.8127441e+01
   2.6889070e+06   1.5930176e+01
   2.6891050e+06   1.5014648e+01
   2.6962660e+06   1.7089844e+01
   2.6962790e+06   1.6601562e+01
   2.6972870e+06   1.4160156e+01
   2.6974110e+06   1.8005371e+01
   2.6975590e+06   1.5808105e+01
   2.6992230e+06   1.3244629e+01
   2.7023250e+06   2.7709961e+01
   2.7024410e+06   1.4465332e+01
   2.7024560e+06   1.5075684e+01
   2.7024790e+06   1.7028809e+01
   2.7026490e+06   1.3183594e+01
   2.7032670e+06   1.5502930e+01
   2.7101460e+06   1.7272949e+01
   2.7102300e+06   1.3732910e+01
   2.7102560e+06   2.1606445e+01
   2.7104950e+06   1.5686035e+01
   2.7109860e+06   1.7150879e+01
   2.7174510e+06   1.5502930e+01
   2.7174620e+06   1.3427734e+01
   2.7174850e+06   1.5075684e+01
   2.7175830e+06   1.3793945e+01
   2.7184590e+06   1.6052246e+01
   2.7184840e+06   1.9226074e+01
   2.7217150e+06   2.5451660e+01
   2.7217840e+06   1.3854980e+01
   2.7220450e+06   1.5197754e+01
   2.7222440e+06   1.6540527e+01
   2.7224850e+06   1.9592285e+01
   2.7295680e+06   1.3366699e+01
   2.7296040e+06   1.3916016e+01
   2.7296920e+06   1.9958496e+01
   2.7305340e+06   1.5869141e+01
   2.7305460e+06   1.4587402e+01
   2.7306250e+06   1.3366699e+01
   2.7384530e+06   2.0751953e+01
   2.7384760e+06   1.3427734e+01
   2.7385430e+06   1.5991211e+01
   2.7390670e+06   1.4526367e+01
   2.7410890e+06   1.8981934e+01
   2.7411450e+06   1.6052246e+01
   2.7412400e+06   1.4831543e+01
   2.7416610e+06   1.3916016e+01
   2.7461760e+06   1.5625000e+01
   2.7462170e+06   1.8798828e+01
   2.7463040e+06   1.6601562e+01
   2.7470870e+06   1.8981934e+01
   2.7481020e+06   1.3427734e+01
   2.7481230e+06   1.8432617e+01
   2.7510600e+06   2.2705078e+01
   2.7511380e+06   1.5502930e+01
   2.7521020e+06   1.6113281e+01
   2.7522200e+06   1.6418457e+01
   2.7522450e+06   1.3122559e+01
   2.7524150e+06   1.4343262e+01
   2.7607730e+06   1.9165039e+01
   2.7608010e+06   1.5075684e+01
   2.7608860e+06   1.4282227e+01
   2.7609700e+06   1.4221191e+01
   2.7614900e+06   1.7028809e+01
   2.7615260e+06   1.5258789e+01
   2.7615950e+06   1.4404297e+01
   2.7623200e+06   1.9897461e+01
   2.7624640e+06   1.9165039e+01
   2.7709320e+06   1.3854980e+01
   2.7709550e+06   1.8615723e+01
   2.7710390e+06   1.6174316e+01
   2.7712500e+06   1.7028809e+01
   2.7712830e+06   1.9348145e+01
   2.7713950e+06   1.7150879e+01
   2.7722000e+06   1.4038086e+01
   2.7722670e+06   1.3732910e+01
   2.7771150e+06   1.5563965e+01
   2.7771560e+06   1.9165039e+01
   2.7772370e+06   1.4160156e+01
   2.7773390e+06   1.6418457e+01
   2.7773810e+06   1.5136719e+01
   2.7779370e+06   1.3488770e+01
   2.7780340e+06   1.3793945e+01
   2.7786590e+06   1.5014648e+01
   2.7788410e+06   1.9287109e+01
   2.7816760e+06   1.3793945e+01
   2.7817000e+06   1.6174316e+01
   2.7876300e+06   1.5686035e+01
   2.7876730e+06   1.3244629e+01
   2.7876920e+06   1.5014648e+01
   2.7877460e+06   2.4169922e+01
   2.7878310e+06   1.3732910e+01
   2.7879370e+06   1.3610840e+01
   2.7883900e+06   1.8920898e+01
   2.7886050e+06   1.6601562e+01
   2.7890910e+06   1.5563965e+01
   2.7952650e+06   2.0751953e+01
   2.7953420e+06   1.7089844e+01
   2.7954520e+06   1.4831543e+01
   2.7955110e+06   1.5380859e+01
   2.8000150e+06   1.9775391e+01
   2.8000340e+06   1.3244629e+01
   2.8000880e+06   1.7395020e+01
   2.8001130e+06   1.6235352e+01
   2.8001740e+06   1.5930176e+01
   2.8003020e+06   1.3122559e+01
   2.8007780e+06   1.8676758e+01
   2.8008910e+06   1.6784668e+01
   2.8017300e+06   1.3305664e+01
   2.8017540e+06   1.2939453e+01
   2.8028310e+06   1.5991211e+01
   2.8032190e+06   1.5258789e+01
   2.8039110e+06   1.6784668e+01
   2.8047210e+06   1.8371582e+01
   2.8097650e+06   1.4648438e+01
   2.8098220e+06   2.4902344e+01
   2.8099200e+06   1.3549805e+01
   2.8105090e+06   1.3183594e+01
   2.8105210e+06   1.5808105e+01
   2.8105530e+06   1.4465332e+01
   2.8112680e+06   2.6611328e+01
   2.8148490e+06   1.3122559e+01
   2.8148780e+06   1.5014648e+01
   2.8149000e+06   1.8981934e+01
   2.8155850e+06   1.7456055e+01
   2.8156180e+06   1.5441895e+01
   2.8218030e+06   1.5563965e+01
   2.8218320e+06   1.5136719e+01
   2.8219000e+06   1.4831543e+01
   2.8219300e+06   1.3671875e+01
   2.8220080e+06   1.4526367e+01
   2.8220400e+06   1.6052246e+01
   2.8225080e+06   1.6418457e+01
   2.8226110e+06   1.5441895e+01
   2.8240670e+06   1.7944336e+01
   2.8288850e+06   1.5441895e+01
   2.8289220e+06   1.3671875e+01
   2.8289850e+06   1.8920898e+01
   2.8290800e+06   1.3671875e+01
   2.8291070e+06   1.4892578e+01
   2.8296070e+06   2.3803711e+01
   2.8298110e+06   1.4038086e+01
   2.8298520e+06   1.6967773e+01
   2.8304680e+06   1.5319824e+01
   2.8348880e+06   1.3977051e+01
   2.8349140e+06   1.8310547e+01
   2.8349890e+06   1.4648438e+01
   2.8350830e+06   1.5441895e+01
   2.8355950e+06   2.4169922e+01
   2.8366290e+06   1.3244629e+01
   2.8413660e+06   1.5441895e+01
   2.8413990e+06   1.3244629e+01
   2.8414460e+06   1.7639160e+01
   2.8414780e+06   1.5075684e+01
   2.8415860e+06   1.5502930e+01
   2.8420590e+06   1.5319824e+01
   2.8422190e+06   1.3061523e+01
   2.8429130e+06   1.5625000e+01
   2.8503600e+06   1.5563965e+01
   2.8503960e+06   1.6601562e+01
   2.8504590e+06   1.4526367e+01
   2.8505890e+06   1.6357422e+01
   2.8506560e+06   1.5319824e+01
   2.8509910e+06   1.6174316e+01
   2.8513880e+06   1.4099121e+01
   2.8517280e+06   1.4160156e+01
   2.8593790e+06   1.5014648e+01
   2.8594650e+06   1.3671875e+01
   2.8619710e+06   1.9165039e+01
   2.8620610e+06   1.3977051e+01
   2.8621170e+06   1.3916016e+01
   2.8685570e+06   1.3610840e+01
   2.8686000e+06   1.6113281e+01
   2.8686700e+06   1.3061523e+01
   2.8686860e+06   1.3305664e+01
   2.8687050e+06   1.6601562e+01
   2.8689700e+06   1.9348145e+01
   2.8695460e+06   1.4892578e+01
   2.8695580e+06   1.7517090e+01
   2.8702360e+06   1.6418457e+01
   2.8793370e+06   1.3610840e+01
   2.8793720e+06   2.0935059e+01
   2.8794530e+06   1.5991211e+01
   2.8800390e+06   1.4343262e+01
   2.8800560e+06   2.6062012e+01
   2.8807320e+06   1.8554688e+01
   2.8890340e+06   1.7761230e+01
   2.8890860e+06   1.6845703e+01
   2.8891350e+06   1.7333984e+01
   2.8891510e+06   2.0568848e+01
   2.8891970e+06   1.5258789e+01
   2.8892540e+06   1.3549805e+01
   2.8893400e+06   1.3977051e+01
   2.8895480e+06   1.4526367e+01
   2.8895720e+06   1.3793945e+01
   2.8896040e+06   1.5747070e+01
   2.8898050e+06   1.6601562e+01
   2.8903420e+06   1.7089844e+01
   2.8951560e+06   1.4465332e+01
   2.8952220e+06   1.9104004e+01
   2.8952850e+06   1.3183594e+01
   2.8953890e+06   1.3854980e+01
   2.8965330e+06   2.8381348e+01
   2.8966710e+06   1.4770508e+01
   2.9037380e+06   1.3610840e+01
   2.9037710e+06   1.3671875e+01
   2.9038170e+06   1.3427734e+01
   2.9038680e+06   1.4831543e+01
   2.9038840e+06   1.3549805e+01
   2.9039410e+06   1.3000488e+01
   2.9042030e+06   1.4038086e+01
   2.9046340e+06   1.8920898e+01
   2.9049620e+06   1.4160156e+01
   2.9125820e+06   1.3366699e+01
   2.9125980e+06   2.9724121e+01
   2.9126770e+06   1.4221191e+01
   2.9127140e+06   1.3427734e+01
   2.9138440e+06   1.6540527e+01
   2.9139590e+06   1.4343262e+01
   2.9140010e+06   1.5869141e+01
   2.9141340e+06   1.3671875e+01
   2.9173740e+06   1.4221191e+01
   2.9174360e+06   1.6418457e+01
   2.9175410e+06   1.7761230e+01
   2.9184400e+06   1.6357422e+01
   2.9259610e+06   1.6845703e+01
   2.9260100e+06   1.7456055e+01
   2.9260410e+06   1.4831543e+01
   2.9261040e+06   1.5747070e+01
   2.9265160e+06   1.5747070e+01
   2.9265320e+06   2.6916504e+01
   2.9266330e+06   1.4648438e+01
   2.9269520e+06   1.5441895e+01
   2.9276070e+06   1.4953613e+01
   2.9359260e+06   1.5197754e+01
   2.9359530e+06   1.5869141e+01
   2.9360370e+06   1.6723633e+01
   2.9361320e+06   1.4648438e+01
   2.9366280e+06   1.9531250e+01
   2.9366460e+06   1.4465332e+01
   2.9373430e+06   1.5136719e+01
   2.9438080e+06   1.4404297e+01
   2.9438630e+06   1.5991211e+01
   2.9438930e+06   1.4831543e+01
   2.9439440e+06   1.3244629e+01
   2.9443650e+06   1.3244629e+01
   2.9444080e+06   1.3000488e+01
   2.9447700e+06   1.3122559e+01
   2.9531010e+06   1.3610840e+01
   2.9531280e+06   1.3854980e+01
   2.9531450e+06   1.7700195e+01
   2.9532270e+06   1.6235352e+01
   2.9532390e+06   1.2939453e+01
   2.9536740e+06   1.5014648e+01
   2.9539850e+06   1.3854980e+01
   2.9549800e+06   1.3671875e+01
   2.9615450e+06   1.7028809e+01
   2.9616240e+06   1.9958496e+01
   2.9616430e+06   1.7150879e+01
   2.9617400e+06   1.5991211e+01
   2.9622270e+06   1.4343262e+01
   2.9623020e+06   1.5380859e+01
   2.9681560e+06   1.8432617e+01
   2.9682350e+06   1.5686035e+01
   2.9682660e+06   1.4465332e+01
   2.9685380e+06   1.5625000e+01
   2.9686170e+06   1.7700195e+01
   2.9692530e+06   1.3671875e+01
   2.9692630e+06   1.6967773e+01
   2.9773300e+06   1.3732910e+01
   2.9773560e+06   2.0141602e+01
   2.9774520e+06   1.4587402e+01
   2.9780830e+06   1.8432617e+01
   2.9780950e+06   1.2939453e+01
   2.9782290e+06   1.3244629e+01
   2.9834270e+06   1.4282227e+01
   2.9834980e+06   1.6784668e+01
   2.9835730e+06   1.6174316e+01
   2.9836040e+06   1.4221191e+01
   2.9846790e+06   1.5014648e+01
   2.9918680e+06   1.5930176e+01
   2.9919150e+06   1.8371582e+01
   2.9919590e+06   1.3916016e+01
   2.9919790e+06   1.6845703e+01
   2.9924120e+06   1.5625000e+01
   2.9924230e+06   1.3122559e+01
   2.9924810e+06   1.3488770e+01
