   3.0000000e+06   0.0000000e+00
   3.0100000e+03   1.4343262e+01
   3.2750000e+03   2.0080566e+01
   1.1112000e+04   1.7211914e+01
   1.1187000e+04   1.9531250e+01
   1.5663000e+04   1.4953613e+01
   1.6497000e+04   1.3854980e+01
   1.6897000e+04   1.6845703e+01
   2.9480000e+04   1.9592285e+01
   2.9572000e+04   1.4526367e+01
   3.0242000e+04   1.3610840e+01
   3.0323000e+04   1.6967773e+01
   3.6081000e+04   1.7822266e+01
   3.6183000e+04   1.4587402e+01
   3.8631000e+04   1.7333984e+01
   3.9254000e+04   1.7150879e+01
   3.9748000e+04   1.5014648e+01
   4.0115000e+04   1.7089844e+01
   4.2177000e+04   1.3671875e+01
   4.6819000e+04   1.3916016e+01
   4.9693000e+04   1.4953613e+01
   5.0539000e+04   1.4526367e+01
   5.7246000e+04   1.6357422e+01
   5.9344000e+04   1.7517090e+01
   6.0255000e+04   1.5625000e+01
   6.4197000e+04   1.4831543e+01
   6.4329000e+04   1.3305664e+01
   6.5025000e+04   1.4465332e+01
   6.5121000e+04   1.5502930e+01
   6.9892000e+04   1.4404297e+01
   7.0007000e+04   1.7333984e+01
   7.0649000e+04   1.3549805e+01
   7.0761000e+04   1.7028809e+01
   7.1348000e+04   1.5563965e+01
   7.7263000e+04   1.5197754e+01
   7.9330000e+04   1.3854980e+01
   8.1719000e+04   1.8554688e+01
   8.1797000e+04   1.5136719e+01
   8.2589000e+04   1.7272949e+01
   8.6749000e+04   1.5136719e+01
   8.7392000e+04   1.5747070e+01
   8.9665000e+04   1.4709473e+01
   8.9733000e+04   1.4038086e+01
   9.0447000e+04   1.4648438e+01
   9.0463000e+04   1.5991211e+01
   9.0812000e+04   1.7089844e+01
   9.1007000e+04   1.3366699e+01
   9.1234000e+04   1.4831543e+01
   9.1887000e+04   1.4343262e+01
   9.2848000e+04   1.3366699e+01
   9.8678000e+04   1.3244629e+01
   1.0013600e+05   1.3671875e+01
   1.0072600e+05   1.6418457e+01
   1.0437000e+05   1.4892578e+01
   1.0443900e+05   1.6845703e+01
   1.0456700e+05   1.3427734e+01
   1.0595600e+05   1.5747070e+01
   1.0618200e+05   1.5869141e+01
   1.0684200e+05   1.6662598e+01
   1.0815300e+05   1.8249512e+01
   1.0938200e+05   1.3671875e+01
   1.0970100e+05   1.5441895e+01
   1.1043000e+05   1.6784668e+01
   1.1323300e+05   1.4038086e+01
   1.1400400e+05   1.3610840e+01
   1.1410100e+05   1.6357422e+01
   1.1486900e+05   1.7333984e+01
   1.1997300e+05   1.5930176e+01
   1.2192100e+05   1.9592285e+01
   1.2354600e+05   1.5136719e+01
   1.2588400e+05   1.5563965e+01
   1.2620600e+05   1.5014648e+01
   1.2676000e+05   1.3610840e+01
   1.3022400e+05   1.6479492e+01
   1.3098200e+05   1.3549805e+01
   1.3155500e+05   1.5502930e+01
   1.3216500e+05   1.8920898e+01
   1.3477100e+05   1.3671875e+01
   1.3514400e+05   1.3549805e+01
   1.3804100e+05   1.4709473e+01
   1.3866600e+05   1.9531250e+01
   1.4194800e+05   1.7456055e+01
   1.4605700e+05   1.6174316e+01
   1.4612200e+05   1.5686035e+01
   1.4623200e+05   1.6906738e+01
   1.4672900e+05   1.4648437e+01
   1.4748900e+05   1.6296387e+01
   1.4856300e+05   1.5258789e+01
   1.5150000e+05   1.8859863e+01
   1.5160000e+05   1.6235352e+01
   1.5209800e+05   1.8920898e+01
   1.5220900e+05   1.4038086e+01
   1.5351000e+05   1.5808105e+01
   1.5629700e+05   1.5441895e+01
   1.5643700e+05   1.5136719e+01
   1.5787700e+05   1.3305664e+01
   1.6074800e+05   1.3916016e+01
   1.6129200e+05   1.5380859e+01
   1.6209800e+05   1.6357422e+01
   1.6657300e+05   1.3854980e+01
   1.6664200e+05   1.3793945e+01
   1.6667200e+05   1.8981934e+01
   1.6701100e+05   1.4770508e+01
   1.6716300e+05   1.4404297e+01
   1.6777000e+05   1.5869141e+01
   1.6869500e+05   1.3244629e+01
   1.7102500e+05   1.6113281e+01
   1.7339400e+05   1.4526367e+01
   1.7727800e+05   1.5930176e+01
   1.7740100e+05   1.4282227e+01
   1.7775000e+05   1.5686035e+01
   1.7924700e+05   1.3488770e+01
   1.8243700e+05   1.3305664e+01
   1.8256000e+05   1.5319824e+01
   1.8319300e+05   1.5991211e+01
   1.8386600e+05   1.6845703e+01
   1.9122200e+05   1.4587402e+01
   1.9129700e+05   1.3610840e+01
   1.9191900e+05   1.3671875e+01
   1.9271700e+05   1.6479492e+01
   1.9837000e+05   2.0446777e+01
   1.9845800e+05   1.3244629e+01
   1.9903600e+05   1.4465332e+01
   1.9912600e+05   1.6418457e+01
   2.0006000e+05   1.5136719e+01
   2.0482200e+05   2.1728516e+01
   2.0488900e+05   1.5808105e+01
   2.0637300e+05   1.6357422e+01
   2.0737000e+05   1.9165039e+01
   2.0825300e+05   1.6052246e+01
   2.1445800e+05   1.7578125e+01
   2.1460600e+05   1.3977051e+01
   2.1501000e+05   1.8188477e+01
   2.1578000e+05   1.5625000e+01
   2.2067500e+05   1.5319824e+01
   2.2083700e+05   1.5747070e+01
   2.2645700e+05   1.4831543e+01
   2.2653200e+05   1.6113281e+01
   2.2697600e+05   1.6784668e+01
   2.2754700e+05   1.4465332e+01
   2.3448300e+05   1.4953613e+01
   2.3464300e+05   1.3305664e+01
   2.3498800e+05   1.3427734e+01
   2.3576800e+05   1.7822266e+01
   2.4238400e+05   1.3244629e+01
   2.4324500e+05   1.6540527e+01
   2.4591800e+05   1.4709473e+01
   2.4946300e+05   1.4953613e+01
   2.5018300e+05   1.3916016e+01
   2.5089700e+05   1.4831543e+01
   2.5679500e+05   2.0080566e+01
   2.5729700e+05   1.3610840e+01
   2.5787500e+05   1.4038086e+01
   2.6741100e+05   1.4343262e+01
   2.6759700e+05   1.3854980e+01
   2.6796000e+05   1.5563965e+01
   2.6859000e+05   1.5686035e+01
   2.7470500e+05   1.5502930e+01
   2.7527000e+05   1.4648437e+01
   2.7571500e+05   1.5869141e+01
   2.8203500e+05   1.6723633e+01
   2.8211000e+05   1.8432617e+01
   2.8252800e+05   1.8249512e+01
   2.8301300e+05   1.6845703e+01
   2.9307700e+05   1.3916016e+01
   2.9322300e+05   1.4587402e+01
   2.9419500e+05   1.4160156e+01
   2.9507400e+05   1.7150879e+01
   3.0209600e+05   1.9897461e+01
   3.0218200e+05   1.6357422e+01
   3.0258500e+05   1.4038086e+01
   3.0311600e+05   1.8310547e+01
   3.1394900e+05   1.5014648e+01
   3.1460700e+05   1.3427734e+01
   3.1517700e+05   1.5319824e+01
   3.1590500e+05   1.4343262e+01
   3.2069000e+05   1.5014648e+01
   3.2080100e+05   1.4709473e+01
   3.2144500e+05   1.5197754e+01
   3.2260200e+05   1.3671875e+01
   3.2845100e+05   1.6479492e+01
   3.2852200e+05   1.3244629e+01
   3.2896300e+05   1.4953613e+01
   3.2954700e+05   1.7517090e+01
   3.3847500e+05   1.7517090e+01
   3.3864300e+05   1.5136719e+01
   3.3898300e+05   1.4404297e+01
   3.3960300e+05   1.3732910e+01
   3.4012300e+05   1.4404297e+01
   3.4065300e+05   1.5625000e+01
   3.4776500e+05   1.5197754e+01
   3.5282000e+05   1.3366699e+01
   3.5290800e+05   1.4221191e+01
   3.5364800e+05   1.5502930e+01
   3.6294500e+05   1.7211914e+01
   3.6302100e+05   1.4038086e+01
   3.6358100e+05   1.3671875e+01
   3.7744200e+05   1.8066406e+01
   3.7752700e+05   1.3488770e+01
   3.7800700e+05   1.5808105e+01
   3.7824400e+05   1.5441895e+01
   3.9033100e+05   1.4160156e+01
   3.9072200e+05   1.7761230e+01
   3.9132000e+05   1.6601562e+01
   3.9191200e+05   1.6418457e+01
   3.9931900e+05   1.5808105e+01
   3.9939300e+05   1.3732910e+01
   3.9996800e+05   1.7395020e+01
   4.0905000e+05   2.0874023e+01
   4.0946200e+05   1.8066406e+01
   4.0994100e+05   1.3305664e+01
   4.2353600e+05   1.3671875e+01
   4.2361100e+05   1.3793945e+01
   4.2395400e+05   1.5625000e+01
   4.2410200e+05   1.4038086e+01
   4.2433800e+05   1.3366699e+01
   4.3601700e+05   1.4587402e+01
   4.3610000e+05   1.3793945e+01
   4.3612300e+05   1.4709473e+01
   4.3637800e+05   1.4770508e+01
   4.3709300e+05   1.5991211e+01
   4.4720500e+05   2.0324707e+01
   4.4730900e+05   1.7822266e+01
   4.4738000e+05   1.4892578e+01
   4.4806900e+05   1.5441895e+01
   4.5841800e+05   1.3916016e+01
   4.5853900e+05   1.4099121e+01
   4.5887700e+05   1.4831543e+01
   4.5948000e+05   1.4160156e+01
   4.7954600e+05   1.3610840e+01
   4.7957000e+05   1.3610840e+01
   4.7999100e+05   1.8188477e+01
   4.8040400e+05   1.3610840e+01
   5.1970400e+05   1.3305664e+01
   5.2076900e+05   1.6357422e+01
   5.5489600e+05   1.5319824e+01
   5.5497900e+05   1.3366699e+01
   6.5760900e+05   1.8432617e+01
   7.5510300e+05   1.6174316e+01
   7.7915500e+05   1.4831543e+01
   8.2085200e+05   1.8371582e+01
   9.0798500e+05   1.3610840e+01
   9.2249600e+05   1.5075684e+01
   9.7147400e+05   1.7456055e+01
   1.0282170e+06   1.7333984e+01
   1.0566790e+06   2.0019531e+01
   1.1182190e+06   1.8371582e+01
   1.1705030e+06   1.4221191e+01
   1.1712270e+06   1.4282227e+01
   1.2059220e+06   1.7822266e+01
   1.2263190e+06   1.3488770e+01
   1.2588180e+06   1.4221191e+01
   1.2881060e+06   1.6601562e+01
   1.2888740e+06   1.3244629e+01
   1.3312070e+06   1.5075684e+01
   1.3476320e+06   1.5197754e+01
   1.3841500e+06   1.4404297e+01
   1.5218040e+06   1.4831543e+01
   1.5222850e+06   1.3305664e+01
   1.5498120e+06   1.7517090e+01
   1.5503690e+06   1.6540527e+01
   1.5538430e+06   1.5197754e+01
   1.5726740e+06   1.7944336e+01
   1.6263630e+06   1.3244629e+01
   1.6391860e+06   1.6845703e+01
   1.6398120e+06   1.4221191e+01
   1.7283700e+06   1.6174316e+01
   1.7842530e+06   1.8432617e+01
   1.9421340e+06   1.5014648e+01
   2.0776620e+06   1.8859863e+01
   2.1074610e+06   1.4770508e+01
   2.2778770e+06   1.3732910e+01
   2.3272100e+06   1.4038086e+01
   2.3634030e+06   1.5380859e+01
   2.3635280e+06   1.8005371e+01
   2.3635390e+06   1.3549805e+01
   2.3638740e+06   1.4404297e+01
   2.4162760e+06   1.6357422e+01
   2.4165130e+06   1.3366699e+01
   2.4166040e+06   1.7272949e+01
   2.4167330e+06   1.4038086e+01
   2.4167680e+06   1.4709473e+01
   2.4455340e+06   1.4099121e+01
   2.4456690e+06   2.2399902e+01
   2.4457640e+06   1.3854980e+01
   2.4460140e+06   2.0019531e+01
   2.4587480e+06   1.4099121e+01
   2.4588180e+06   1.4892578e+01
   2.4752480e+06   1.9165039e+01
   2.4753120e+06   1.5808105e+01
   2.4867700e+06   1.4831543e+01
   2.5082750e+06   1.4282227e+01
   2.5186810e+06   1.7883301e+01
   2.5302060e+06   1.4465332e+01
   2.5376000e+06   1.6418457e+01
   2.5466990e+06   1.6662598e+01
   2.5476000e+06   1.3916016e+01
   2.5477130e+06   1.6357422e+01
   2.5583310e+06   1.3793945e+01
   2.5587280e+06   1.5075684e+01
   2.5693290e+06   1.6479492e+01
   2.5703170e+06   1.5747070e+01
   2.5780790e+06   1.5930176e+01
   2.5884510e+06   1.7883301e+01
   2.5893600e+06   1.8859863e+01
   2.5968140e+06   1.9409180e+01
   2.5968280e+06   1.4404297e+01
   2.5971890e+06   1.3549805e+01
   2.6047790e+06   1.7700195e+01
   2.6143110e+06   1.3916016e+01
   2.6144090e+06   1.4038086e+01
   2.6151330e+06   1.6967773e+01
   2.6214830e+06   1.5563965e+01
   2.6216040e+06   1.4526367e+01
   2.6230350e+06   1.3488770e+01
   2.6348450e+06   1.5747070e+01
   2.6354180e+06   1.6113281e+01
   2.6358930e+06   1.7395020e+01
   2.6435110e+06   1.4343262e+01
   2.6435910e+06   1.3488770e+01
   2.6439770e+06   1.7211914e+01
   2.6448570e+06   1.4648438e+01
   2.6542420e+06   1.3366699e+01
   2.6548600e+06   1.6052246e+01
   2.6633330e+06   1.6479492e+01
   2.6717120e+06   1.8920898e+01
   2.6718000e+06   1.5197754e+01
   2.6724500e+06   1.8188477e+01
   2.6725460e+06   1.5197754e+01
   2.6767320e+06   1.4892578e+01
   2.6773670e+06   1.3977051e+01
   2.6774860e+06   1.6967773e+01
   2.6860810e+06   1.6784668e+01
   2.6862610e+06   1.3610840e+01
   2.6883240e+06   1.3549805e+01
   2.6896410e+06   1.4160156e+01
   2.6960880e+06   1.3610840e+01
   2.6973410e+06   1.8371582e+01
   2.6988490e+06   1.5686035e+01
   2.7022410e+06   1.6357422e+01
   2.7023900e+06   1.4648438e+01
   2.7030980e+06   1.4099121e+01
   2.7041220e+06   1.4160156e+01
   2.7047330e+06   1.3977051e+01
   2.7049630e+06   1.3366699e+01
   2.7122290e+06   1.5808105e+01
   2.7172430e+06   1.3488770e+01
   2.7173340e+06   1.3854980e+01
   2.7174760e+06   1.3977051e+01
   2.7183050e+06   1.4038086e+01
   2.7189380e+06   1.5502930e+01
   2.7215780e+06   1.3610840e+01
   2.7216640e+06   1.3977051e+01
   2.7221020e+06   1.3854980e+01
   2.7263610e+06   1.4770508e+01
   2.7295510e+06   1.6113281e+01
   2.7296330e+06   1.5869141e+01
   2.7297470e+06   1.3244629e+01
   2.7304060e+06   1.3793945e+01
   2.7331290e+06   1.5930176e+01
   2.7334560e+06   1.3671875e+01
   2.7410730e+06   1.5808105e+01
   2.7421500e+06   1.5686035e+01
   2.7462520e+06   1.3427734e+01
   2.7463670e+06   1.5319824e+01
   2.7469230e+06   1.5441895e+01
   2.7480070e+06   1.4404297e+01
   2.7510260e+06   1.3427734e+01
   2.7511480e+06   1.4953613e+01
   2.7520480e+06   1.3732910e+01
   2.7521340e+06   1.5075684e+01
   2.7527290e+06   1.5136719e+01
   2.7528730e+06   1.4770508e+01
   2.7539090e+06   1.5502930e+01
   2.7608070e+06   1.7028809e+01
   2.7609760e+06   1.4099121e+01
   2.7613730e+06   1.4587402e+01
   2.7622100e+06   1.5075684e+01
   2.7623830e+06   1.4099121e+01
   2.7708990e+06   1.4953613e+01
   2.7721120e+06   1.4709473e+01
   2.7722160e+06   1.4404297e+01
   2.7730380e+06   1.8005371e+01
   2.7771480e+06   1.8493652e+01
   2.7772150e+06   1.5625000e+01
   2.7773180e+06   1.5441895e+01
   2.7778030e+06   1.5014648e+01
   2.7784530e+06   1.3916016e+01
   2.7787390e+06   1.5563965e+01
   2.7876330e+06   2.0874023e+01
   2.7879890e+06   1.6784668e+01
   2.7881690e+06   1.4831543e+01
   2.7883480e+06   1.3916016e+01
   2.7888080e+06   1.6296387e+01
   2.7892490e+06   1.4526367e+01
   2.7896420e+06   1.3916016e+01
   2.7901320e+06   1.6540527e+01
   2.7906760e+06   1.6479492e+01
   2.7999310e+06   1.4343262e+01
   2.8007560e+06   1.5686035e+01
   2.8008940e+06   1.4282227e+01
   2.8014730e+06   1.3244629e+01
   2.8020410e+06   1.8127441e+01
   2.8097000e+06   1.3244629e+01
   2.8098130e+06   1.6357422e+01
   2.8100310e+06   1.5563965e+01
   2.8104640e+06   1.5319824e+01
   2.8109610e+06   1.7639160e+01
   2.8148670e+06   1.7456055e+01
   2.8149540e+06   1.6540527e+01
   2.8150750e+06   1.3305664e+01
   2.8164990e+06   1.9836426e+01
   2.8218280e+06   1.4587402e+01
   2.8219450e+06   1.3366699e+01
   2.8224830e+06   1.3488770e+01
   2.8241860e+06   1.3610840e+01
   2.8288790e+06   1.4221191e+01
   2.8289510e+06   1.4770508e+01
   2.8291060e+06   1.6723633e+01
   2.8295500e+06   1.5808105e+01
   2.8347690e+06   1.5502930e+01
   2.8350090e+06   1.4160156e+01
   2.8355170e+06   1.6662598e+01
   2.8356240e+06   1.7333984e+01
   2.8366360e+06   1.3244629e+01
   2.8413190e+06   1.8066406e+01
   2.8413830e+06   1.6174316e+01
   2.8415290e+06   1.3244629e+01
   2.8419560e+06   1.4282227e+01
   2.8427700e+06   1.3977051e+01
   2.8503850e+06   1.6052246e+01
   2.8508500e+06   1.4587402e+01
   2.8512850e+06   1.3671875e+01
   2.8515340e+06   1.4038086e+01
   2.8523380e+06   1.5747070e+01
   2.8544520e+06   1.7333984e+01
   2.8594210e+06   1.5319824e+01
   2.8619540e+06   1.3793945e+01
   2.8620420e+06   1.6052246e+01
   2.8684840e+06   1.4953613e+01
   2.8687520e+06   1.4343262e+01
   2.8703270e+06   1.5502930e+01
   2.8793830e+06   1.4892578e+01
   2.8800350e+06   1.4587402e+01
   2.8801940e+06   1.4343262e+01
   2.8890870e+06   1.3305664e+01
   2.8891670e+06   2.2521973e+01
   2.8899020e+06   1.4160156e+01
   2.8951320e+06   1.7700195e+01
   2.8952040e+06   1.5808105e+01
   2.8966680e+06   1.7089844e+01
   2.9035880e+06   1.4953613e+01
   2.9040420e+06   1.3244629e+01
   2.9041750e+06   1.3916016e+01
   2.9046280e+06   1.6540527e+01
   2.9050510e+06   1.7395020e+01
   2.9125680e+06   1.5686035e+01
   2.9137740e+06   1.6479492e+01
   2.9139910e+06   1.4038086e+01
   2.9173230e+06   1.6235352e+01
   2.9174360e+06   1.3549805e+01
   2.9184370e+06   1.3366699e+01
   2.9258460e+06   1.3854980e+01
   2.9261710e+06   1.3244629e+01
   2.9264410e+06   1.5136719e+01
   2.9269010e+06   1.5258789e+01
   2.9274910e+06   1.6967773e+01
   2.9280330e+06   1.3732910e+01
   2.9294230e+06   1.4648438e+01
   2.9359220e+06   1.3610840e+01
   2.9360420e+06   1.6479492e+01
   2.9436820e+06   1.5075684e+01
   2.9437750e+06   1.6357422e+01
   2.9438880e+06   1.3305664e+01
   2.9443280e+06   1.5380859e+01
   2.9446140e+06   1.3916016e+01
   2.9452750e+06   1.6174316e+01
   2.9531080e+06   1.3671875e+01
   2.9531780e+06   1.3854980e+01
   2.9536860e+06   1.8005371e+01
   2.9614580e+06   1.9592285e+01
   2.9615590e+06   1.7578125e+01
   2.9622090e+06   1.8981934e+01
   2.9680400e+06   1.6662598e+01
   2.9681240e+06   1.3549805e+01
   2.9682560e+06   1.3488770e+01
   2.9685550e+06   1.4221191e+01
   2.9690510e+06   1.6113281e+01
   2.9773910e+06   1.5441895e+01
   2.9780420e+06   1.4221191e+01
   2.9795000e+06   1.7700195e+01
   2.9835040e+06   1.3244629e+01
   2.9835980e+06   1.5441895e+01
   2.9846100e+06   1.6723633e+01
   2.9918360e+06   1.5747070e+01
   2.9920700e+06   1.6052246e+01
   2.9923170e+06   1.9348145e+01
   2.9929220e+06   1.3610840e+01
