   3.0000000e+06   0.0000000e+00
   1.1254000e+04   1.5563965e+01
   1.1337000e+04   1.4648438e+01
   1.1764000e+04   1.5136719e+01
   1.8286000e+04   1.4709473e+01
   3.0295000e+04   1.4648438e+01
   3.8659000e+04   1.6967773e+01
   3.8684000e+04   1.6296387e+01
   5.0675000e+04   1.5563965e+01
   6.9977000e+04   1.4831543e+01
   7.0139000e+04   1.4831543e+01
   8.9760000e+04   1.5686035e+01
   1.0693100e+05   1.5625000e+01
   1.1493300e+05   1.4709473e+01
   1.2627500e+05   1.5563965e+01
   1.3965000e+05   1.4953613e+01
   1.4622000e+05   1.5869141e+01
   1.4624200e+05   1.4709473e+01
   1.4628400e+05   1.8005371e+01
   1.6670100e+05   1.5014648e+01
   1.6672200e+05   1.5014648e+01
   1.8259700e+05   1.6357422e+01
   1.8266400e+05   1.5625000e+01
   1.8308500e+05   1.5075684e+01
   1.9200500e+05   1.4953613e+01
   2.0506700e+05   1.5441895e+01
   2.1456400e+05   1.5014648e+01
   2.1458200e+05   1.4648438e+01
   2.1463400e+05   1.4892578e+01
   2.1771400e+05   2.0080566e+01
   2.1807800e+05   1.4648438e+01
   2.2658300e+05   1.6113281e+01
   2.2666100e+05   1.7089844e+01
   2.3463900e+05   1.9470215e+01
   2.3469400e+05   1.5197754e+01
   2.4250700e+05   1.5197754e+01
   2.4258500e+05   1.5075684e+01
   2.4969500e+05   1.5625000e+01
   2.5691600e+05   2.1118164e+01
   2.5748100e+05   1.5136719e+01
   2.6752800e+05   1.5930176e+01
   2.6755900e+05   1.7822266e+01
   2.6762400e+05   1.7517090e+01
   2.7483600e+05   1.6540527e+01
   2.7493500e+05   1.7578125e+01
   2.9426700e+05   1.4770508e+01
   3.0224900e+05   1.5258789e+01
   3.0226200e+05   1.6174316e+01
   3.0228400e+05   1.6601562e+01
   3.1401000e+05   1.5197754e+01
   3.1406600e+05   1.5441895e+01
   3.1418800e+05   1.5075684e+01
   3.6299500e+05   1.5625000e+01
   3.7748900e+05   1.4587402e+01
   3.7761900e+05   1.6357422e+01
   4.0969700e+05   1.5380859e+01
   4.2395100e+05   1.4770508e+01
   4.7961400e+05   1.6723633e+01
   4.7999900e+05   1.4587402e+01
   5.1989600e+05   1.4953613e+01
   5.1996800e+05   1.4648437e+01
   5.5536300e+05   1.7944336e+01
   7.7935900e+05   1.7700195e+01
   7.7974200e+05   1.8798828e+01
   7.7975900e+05   1.5441895e+01
   8.8343700e+05   1.5563965e+01
   9.7195400e+05   1.9104004e+01
   9.7196400e+05   1.7395020e+01
   9.7211700e+05   1.5319824e+01
   9.7219300e+05   1.6357422e+01
   9.7270400e+05   1.5686035e+01
   1.0573080e+06   1.6479492e+01
   1.0573880e+06   1.6723633e+01
   1.0574080e+06   1.9287109e+01
   1.0575040e+06   1.8981934e+01
   1.0575230e+06   1.5563965e+01
   1.0575630e+06   1.4892578e+01
   1.0576500e+06   2.0629883e+01
   1.0576930e+06   1.8310547e+01
   1.0577140e+06   1.7578125e+01
   1.0578260e+06   1.8920898e+01
   1.1187280e+06   1.7639160e+01
   1.1188720e+06   1.6784668e+01
   1.1190060e+06   1.8798828e+01
   1.1712210e+06   1.4831543e+01
   1.1713320e+06   2.6672363e+01
   1.1713700e+06   1.4892578e+01
   1.1713920e+06   1.8371582e+01
   1.1715400e+06   1.5258789e+01
   1.1717540e+06   1.4953613e+01
   1.2064560e+06   1.5441895e+01
   1.2065460e+06   1.5747070e+01
   1.2066010e+06   1.6784668e+01
   1.2067030e+06   1.5686035e+01
   1.2069070e+06   2.0812988e+01
   1.2071140e+06   1.8676758e+01
   1.2324610e+06   1.9042969e+01
   1.2324850e+06   1.5930176e+01
   1.2325390e+06   1.4648438e+01
   1.2326260e+06   1.6845703e+01
   1.2328510e+06   1.9714355e+01
   1.2331050e+06   1.6174316e+01
   1.2333820e+06   1.5625000e+01
   1.2590110e+06   1.5319824e+01
   1.2591690e+06   2.2644043e+01
   1.2592940e+06   1.4770508e+01
   1.2593050e+06   1.7089844e+01
   1.2594790e+06   1.7272949e+01
   1.2596620e+06   1.5869141e+01
   1.2596920e+06   1.6052246e+01
   1.2883130e+06   1.4709473e+01
   1.2885190e+06   1.6906738e+01
   1.2885970e+06   1.4953613e+01
   1.2886740e+06   1.8615723e+01
   1.2888250e+06   1.9592285e+01
   1.2892070e+06   1.6357422e+01
   1.3309300e+06   1.4587402e+01
   1.3311120e+06   1.6662598e+01
   1.3311410e+06   1.5808105e+01
   1.3311640e+06   1.5197754e+01
   1.3313280e+06   1.6906738e+01
   1.3313810e+06   1.9592285e+01
   1.3314310e+06   2.4963379e+01
   1.3482770e+06   1.6906738e+01
   1.3482960e+06   1.5075684e+01
   1.3483960e+06   1.5075684e+01
   1.3486560e+06   1.6296387e+01
   1.3488490e+06   1.4953613e+01
   1.3492460e+06   1.5869141e+01
   1.3689550e+06   1.5319824e+01
   1.3844270e+06   1.9042969e+01
   1.3846430e+06   1.8615723e+01
   1.3847460e+06   2.5817871e+01
   1.3847660e+06   1.8188477e+01
   1.3848160e+06   1.5686035e+01
   1.4003140e+06   1.4587402e+01
   1.4003280e+06   1.5197754e+01
   1.4006220e+06   1.5747070e+01
   1.4006960e+06   1.4648437e+01
   1.4008480e+06   1.5625000e+01
   1.4011350e+06   1.9104004e+01
   1.4195370e+06   1.4953613e+01
   1.4196360e+06   2.3681641e+01
   1.4196740e+06   1.5014648e+01
   1.4197860e+06   1.9042969e+01
   1.4199330e+06   1.6174316e+01
   1.4201860e+06   1.5197754e+01
   1.4508040e+06   2.0874023e+01
   1.4508510e+06   1.6174316e+01
   1.4509600e+06   1.5258789e+01
   1.4510400e+06   1.6784668e+01
   1.4510710e+06   2.1789551e+01
   1.4510810e+06   1.8432617e+01
   1.4512320e+06   1.4892578e+01
   1.4514730e+06   1.4953613e+01
   1.4779520e+06   1.5563965e+01
   1.4780030e+06   2.3864746e+01
   1.4780890e+06   1.6235352e+01
   1.4781690e+06   2.2644043e+01
   1.4782000e+06   1.4892578e+01
   1.4784890e+06   1.4648438e+01
   1.4936770e+06   2.5573730e+01
   1.4938460e+06   1.5441895e+01
   1.4940200e+06   1.4953613e+01
   1.4942230e+06   1.4770508e+01
   1.5220470e+06   1.4709473e+01
   1.5220750e+06   1.6113281e+01
   1.5220960e+06   2.2644043e+01
   1.5222130e+06   1.7639160e+01
   1.5222320e+06   1.5014648e+01
   1.5222660e+06   1.7089844e+01
   1.5223120e+06   1.5625000e+01
   1.5223730e+06   1.7700195e+01
   1.5373210e+06   1.8554688e+01
   1.5373910e+06   1.6235352e+01
   1.5376280e+06   1.6174316e+01
   1.5377660e+06   1.7089844e+01
   1.5380210e+06   1.7272949e+01
   1.5386390e+06   1.5075684e+01
   1.5510180e+06   2.1362305e+01
   1.5520480e+06   1.4953613e+01
   1.5540260e+06   1.5563965e+01
   1.5541410e+06   1.8005371e+01
   1.5542820e+06   1.4831543e+01
   1.5546230e+06   1.5441895e+01
   1.5546390e+06   1.5075684e+01
   1.5549440e+06   1.4709473e+01
   1.5730250e+06   2.0324707e+01
   1.5730480e+06   1.4770508e+01
   1.5731280e+06   1.5563965e+01
   1.5731510e+06   2.3498535e+01
   1.5733350e+06   1.5991211e+01
   1.5733570e+06   1.5930176e+01
   1.6097120e+06   1.4892578e+01
   1.6097800e+06   1.8066406e+01
   1.6099210e+06   2.0324707e+01
   1.6100420e+06   1.5136719e+01
   1.6102390e+06   1.6784668e+01
   1.6109120e+06   1.5991211e+01
   1.6394530e+06   1.8859863e+01
   1.6395800e+06   2.4108887e+01
   1.6396120e+06   1.5930176e+01
   1.6396380e+06   1.5563965e+01
   1.6397550e+06   1.5502930e+01
   1.6398660e+06   1.8188477e+01
   1.6399250e+06   1.4831543e+01
   1.6401490e+06   1.9836426e+01
   1.6798900e+06   1.6601562e+01
   1.6799180e+06   1.6784668e+01
   1.6799700e+06   1.7456055e+01
   1.6799800e+06   2.7709961e+01
   1.6800430e+06   1.5136719e+01
   1.6801350e+06   2.0568848e+01
   1.6802130e+06   1.4587402e+01
   1.6802670e+06   1.4709473e+01
   1.7115060e+06   2.1911621e+01
   1.7117040e+06   1.8615723e+01
   1.7117860e+06   1.6113281e+01
   1.7286670e+06   1.6601562e+01
   1.7288000e+06   1.6174316e+01
   1.7288130e+06   1.4770508e+01
   1.7288470e+06   1.6479492e+01
   1.7289420e+06   1.8310547e+01
   1.7291550e+06   1.5808105e+01
   1.7295020e+06   1.4831543e+01
   1.7653110e+06   1.9714355e+01
   1.7653840e+06   1.7150879e+01
   1.7654440e+06   1.5441895e+01
   1.7655490e+06   1.5441895e+01
   1.7655730e+06   2.2521973e+01
   1.7659660e+06   1.6174316e+01
   1.7660790e+06   1.5563965e+01
   1.7662700e+06   1.7578125e+01
   1.7844870e+06   2.0568848e+01
   1.7846620e+06   1.5930176e+01
   1.7846980e+06   2.0996094e+01
   1.7848250e+06   1.5991211e+01
   1.7850010e+06   1.8310547e+01
   1.7851860e+06   1.4587402e+01
   1.8052460e+06   1.5075684e+01
   1.8052940e+06   1.5380859e+01
   1.8053450e+06   2.0996094e+01
   1.8054010e+06   1.7089844e+01
   1.8055750e+06   1.4831543e+01
   1.8057350e+06   1.8249512e+01
   1.8356930e+06   1.5625000e+01
   1.8357250e+06   2.0263672e+01
   1.8358390e+06   1.9958496e+01
   1.8358690e+06   2.1362305e+01
   1.8361880e+06   1.6418457e+01
   1.8365890e+06   1.5441895e+01
   1.8369310e+06   1.5136719e+01
   1.8606500e+06   2.2155762e+01
   1.8607140e+06   2.6672363e+01
   1.8609350e+06   1.5014648e+01
   1.8610560e+06   1.6052246e+01
   1.8613310e+06   1.6967773e+01
   1.8923890e+06   1.5502930e+01
   1.8925730e+06   1.5136719e+01
   1.9118320e+06   2.8198242e+01
   1.9118460e+06   1.8737793e+01
   1.9119910e+06   1.5563965e+01
   1.9122480e+06   1.5014648e+01
   1.9124970e+06   1.6418457e+01
   1.9127570e+06   1.5563965e+01
   1.9420410e+06   2.1240234e+01
   1.9420660e+06   1.8005371e+01
   1.9420810e+06   1.7150879e+01
   1.9421370e+06   2.8991699e+01
   1.9421820e+06   1.5502930e+01
   1.9423730e+06   1.6601562e+01
   1.9424140e+06   1.8981934e+01
   1.9426670e+06   1.7944336e+01
   1.9562050e+06   1.5930176e+01
   1.9563530e+06   3.3447266e+01
   1.9563730e+06   1.7150879e+01
   1.9564480e+06   1.4953613e+01
   1.9565530e+06   1.7700195e+01
   1.9567510e+06   1.4892578e+01
   1.9739330e+06   1.6723633e+01
   1.9739590e+06   1.4648438e+01
   1.9739870e+06   2.1118164e+01
   1.9740250e+06   1.6174316e+01
   1.9741300e+06   1.4831543e+01
   1.9741470e+06   1.5075684e+01
   1.9745720e+06   1.4770508e+01
   2.0059520e+06   1.6967773e+01
   2.0060320e+06   2.2888184e+01
   2.0061490e+06   1.5625000e+01
   2.0063770e+06   1.5563965e+01
   2.0219200e+06   1.5075684e+01
   2.0220540e+06   2.1789551e+01
   2.0222840e+06   1.9348145e+01
   2.0224900e+06   1.8432617e+01
   2.0427170e+06   1.7761230e+01
   2.0427940e+06   2.3437500e+01
   2.0428180e+06   1.5502930e+01
   2.0428840e+06   1.6296387e+01
   2.0429430e+06   1.7761230e+01
   2.0431540e+06   1.4648438e+01
   2.0595470e+06   2.1728516e+01
   2.0595680e+06   1.8127441e+01
   2.0596160e+06   1.5014648e+01
   2.0598590e+06   1.8127441e+01
   2.0601010e+06   1.7578125e+01
   2.0777750e+06   1.4953613e+01
   2.0779780e+06   1.9714355e+01
   2.0781010e+06   1.5441895e+01
   2.0783440e+06   1.4892578e+01
   2.0784370e+06   1.7089844e+01
   2.0966230e+06   2.5390625e+01
   2.0966830e+06   1.8188477e+01
   2.0972280e+06   1.4587402e+01
   2.1080470e+06   1.6174316e+01
   2.1081110e+06   1.6784668e+01
   2.1081960e+06   1.4709473e+01
   2.1082300e+06   1.5014648e+01
   2.1084380e+06   1.6906738e+01
   2.1086450e+06   1.6967773e+01
   2.1089060e+06   1.5319824e+01
   2.1282500e+06   1.5075684e+01
   2.1282890e+06   1.5075684e+01
   2.1283290e+06   1.7578125e+01
   2.1284440e+06   1.5197754e+01
   2.1286120e+06   1.9775391e+01
   2.1287170e+06   1.5441895e+01
   2.1419550e+06   2.0568848e+01
   2.1419700e+06   2.2216797e+01
   2.1420030e+06   2.0080566e+01
   2.1422060e+06   1.8310547e+01
   2.1424210e+06   1.4892578e+01
   2.1426830e+06   1.5075684e+01
   2.1642370e+06   1.8493652e+01
   2.1642720e+06   2.2949219e+01
   2.1643070e+06   1.5808105e+01
   2.1643260e+06   1.5563965e+01
   2.1643640e+06   1.5991211e+01
   2.1644390e+06   1.5625000e+01
   2.1650290e+06   1.5625000e+01
   2.1829410e+06   1.4831543e+01
   2.1830130e+06   1.5808105e+01
   2.1830230e+06   1.5869141e+01
   2.1832470e+06   1.4892578e+01
   2.1833580e+06   2.2766113e+01
   2.1836290e+06   1.5563965e+01
   2.2125250e+06   1.8188477e+01
   2.2125790e+06   1.9165039e+01
   2.2126040e+06   1.6113281e+01
   2.2126150e+06   2.0385742e+01
   2.2126980e+06   1.6174316e+01
   2.2127450e+06   1.6052246e+01
   2.2127580e+06   1.6967773e+01
   2.2134790e+06   1.5747070e+01
   2.2305150e+06   2.4658203e+01
   2.2305370e+06   1.5014648e+01
   2.2305670e+06   1.8188477e+01
   2.2307050e+06   1.5625000e+01
   2.2309260e+06   1.6967773e+01
   2.2311070e+06   1.6601562e+01
   2.2479500e+06   2.0141602e+01
   2.2479660e+06   1.6967773e+01
   2.2480240e+06   1.6967773e+01
   2.2480420e+06   1.8371582e+01
   2.2481760e+06   1.6479492e+01
   2.2636960e+06   1.4892578e+01
   2.2637550e+06   1.8859863e+01
   2.2637670e+06   1.8676758e+01
   2.2638070e+06   1.5075684e+01
   2.2639160e+06   2.2583008e+01
   2.2639670e+06   1.6662598e+01
   2.2639920e+06   1.5197754e+01
   2.2641360e+06   1.7639160e+01
   2.2783310e+06   1.6479492e+01
   2.2783700e+06   1.9592285e+01
   2.2784050e+06   1.5014648e+01
   2.2785760e+06   1.8310547e+01
   2.2787760e+06   1.5014648e+01
   2.2790020e+06   1.5014648e+01
   2.2948850e+06   2.0080566e+01
   2.2949140e+06   1.5747070e+01
   2.2949740e+06   1.4770508e+01
   2.2950940e+06   1.7089844e+01
   2.2951180e+06   1.9104004e+01
   2.2952700e+06   1.5808105e+01
   2.2953380e+06   1.4648437e+01
   2.2954460e+06   1.5808105e+01
   2.3103380e+06   2.0080566e+01
   2.3103930e+06   2.5024414e+01
   2.3104280e+06   1.6418457e+01
   2.3107750e+06   1.4587402e+01
   2.3108340e+06   1.5136719e+01
   2.3111890e+06   1.4709473e+01
   2.3271400e+06   2.2827148e+01
   2.3271520e+06   2.0202637e+01
   2.3271890e+06   1.6296387e+01
   2.3272350e+06   1.7395020e+01
   2.3273660e+06   1.6967773e+01
   2.3273870e+06   1.7700195e+01
   2.3277280e+06   1.9897461e+01
   2.3422370e+06   2.1972656e+01
   2.3422540e+06   1.9653320e+01
   2.3422750e+06   1.5808105e+01
   2.3423270e+06   1.5380859e+01
   2.3423750e+06   1.5869141e+01
   2.3424760e+06   1.6418457e+01
   2.3427490e+06   1.5319824e+01
   2.3427740e+06   1.5808105e+01
   2.3430480e+06   1.5197754e+01
   2.3635110e+06   2.2644043e+01
   2.3635430e+06   1.9409180e+01
   2.3635750e+06   2.2766113e+01
   2.3635950e+06   1.4648438e+01
   2.3636120e+06   2.0019531e+01
   2.3636260e+06   1.5625000e+01
   2.3636660e+06   1.6540527e+01
   2.3636830e+06   1.5197754e+01
   2.3637140e+06   1.6235352e+01
   2.3637780e+06   1.6967773e+01
   2.3638860e+06   1.7700195e+01
   2.3640590e+06   1.6235352e+01
   2.3640840e+06   1.4892578e+01
   2.3769840e+06   1.9348145e+01
   2.3770520e+06   1.5136719e+01
   2.3771270e+06   1.7150879e+01
   2.3772040e+06   1.9104004e+01
   2.3772310e+06   1.4892578e+01
   2.3777160e+06   1.4770508e+01
   2.3797030e+06   1.5075684e+01
   2.3916250e+06   2.5573730e+01
   2.3917560e+06   1.5502930e+01
   2.3919460e+06   1.6357422e+01
   2.3921290e+06   1.6784668e+01
   2.4020130e+06   1.5441895e+01
   2.4020620e+06   1.8005371e+01
   2.4021610e+06   2.0874023e+01
   2.4021890e+06   1.5441895e+01
   2.4024200e+06   1.5502930e+01
   2.4026870e+06   1.7639160e+01
   2.4163730e+06   1.9287109e+01
   2.4164470e+06   1.7944336e+01
   2.4164650e+06   1.6296387e+01
   2.4164790e+06   1.7150879e+01
   2.4165210e+06   1.7944336e+01
   2.4165480e+06   1.5991211e+01
   2.4165830e+06   1.5563965e+01
   2.4166160e+06   1.5258789e+01
   2.4166450e+06   1.5747070e+01
   2.4166790e+06   1.5502930e+01
   2.4168160e+06   1.4831543e+01
   2.4296950e+06   1.8554688e+01
   2.4297130e+06   1.4892578e+01
   2.4302930e+06   1.5808105e+01
   2.4457270e+06   1.4953613e+01
   2.4457550e+06   2.3193359e+01
   2.4458670e+06   1.6296387e+01
   2.4458780e+06   1.6418457e+01
   2.4459520e+06   1.6479492e+01
   2.4460450e+06   1.5563965e+01
   2.4460850e+06   1.4953613e+01
   2.4461200e+06   1.6479492e+01
   2.4588210e+06   1.6357422e+01
   2.4588340e+06   1.5686035e+01
   2.4589050e+06   1.5502930e+01
   2.4753980e+06   1.6845703e+01
   2.4754550e+06   2.3010254e+01
   2.4755350e+06   2.4658203e+01
   2.4755900e+06   1.4831543e+01
   2.4756200e+06   1.9042969e+01
   2.4756520e+06   1.7333984e+01
   2.4756750e+06   1.5502930e+01
   2.4868470e+06   1.6479492e+01
   2.4871170e+06   1.4709473e+01
   2.4871480e+06   1.7883301e+01
   2.4871650e+06   1.5808105e+01
   2.4874400e+06   1.4770508e+01
   2.5001660e+06   1.5563965e+01
   2.5002530e+06   2.3864746e+01
   2.5003560e+06   1.5930176e+01
   2.5087540e+06   2.0080566e+01
   2.5089020e+06   1.5075684e+01
   2.5190180e+06   2.0080566e+01
   2.5190320e+06   1.4831543e+01
   2.5190850e+06   1.5380859e+01
   2.5191730e+06   1.5563965e+01
   2.5192190e+06   2.0019531e+01
   2.5193070e+06   1.4953613e+01
   2.5194470e+06   1.4648438e+01
   2.5302720e+06   1.6418457e+01
   2.5303730e+06   2.4414063e+01
   2.5304130e+06   1.8798828e+01
   2.5377170e+06   1.5197754e+01
   2.5378040e+06   1.8249512e+01
   2.5379060e+06   1.4648438e+01
   2.5470410e+06   1.5380859e+01
   2.5471120e+06   2.0812988e+01
   2.5471550e+06   1.5319824e+01
   2.5472010e+06   2.3193359e+01
   2.5474250e+06   1.4587402e+01
   2.5588570e+06   1.8066406e+01
   2.5698250e+06   1.6235352e+01
   2.5699350e+06   1.6235352e+01
   2.5782500e+06   1.5319824e+01
   2.5886140e+06   1.5197754e+01
   2.5886870e+06   1.5075684e+01
   2.5888400e+06   2.0019531e+01
   2.5888840e+06   2.2216797e+01
   2.5891330e+06   1.4953613e+01
   2.5972140e+06   1.7089844e+01
   2.6145380e+06   1.5991211e+01
   2.6146410e+06   1.9775391e+01
   2.6216260e+06   1.6357422e+01
   2.6351580e+06   1.4648437e+01
   2.6436240e+06   1.5686035e+01
   2.6437000e+06   1.4709473e+01
   2.6437370e+06   2.0019531e+01
   2.6550840e+06   1.5136719e+01
   2.6718510e+06   1.5258789e+01
   2.6718860e+06   1.5686035e+01
   2.6719000e+06   1.5136719e+01
   2.6726180e+06   1.4953613e+01
   2.6783350e+06   1.4831543e+01
   2.6885070e+06   1.4770508e+01
   2.6962550e+06   1.5258789e+01
   2.7026130e+06   1.7211914e+01
   2.7103020e+06   1.5869141e+01
   2.7120630e+06   1.6235352e+01
   2.7174640e+06   1.4892578e+01
   2.7296320e+06   1.6052246e+01
   2.7296680e+06   1.5258789e+01
   2.7296910e+06   1.5258789e+01
   2.7297350e+06   1.6357422e+01
   2.7464540e+06   1.5258789e+01
   2.7480380e+06   1.5502930e+01
   2.7607440e+06   1.6906738e+01
   2.7615040e+06   1.5747070e+01
   2.7710100e+06   1.5930176e+01
   2.7711080e+06   1.8554688e+01
   2.7772880e+06   1.5197754e+01
   2.7779710e+06   1.4709473e+01
   2.7885270e+06   1.5502930e+01
   2.8000350e+06   1.7395020e+01
   2.8001130e+06   1.8005371e+01
   2.8098100e+06   1.7822266e+01
   2.8104550e+06   1.6418457e+01
   2.8150950e+06   1.4953613e+01
   2.8357250e+06   1.4770508e+01
   2.8414150e+06   1.8493652e+01
   2.8505120e+06   1.5136719e+01
   2.8505620e+06   1.5563965e+01
   2.8687060e+06   1.7150879e+01
   2.8795150e+06   1.9714355e+01
   2.8795350e+06   1.5441895e+01
   2.8801360e+06   1.5197754e+01
   2.8802030e+06   1.5686035e+01
   2.8894110e+06   1.7150879e+01
   2.9038380e+06   1.4953613e+01
   2.9039200e+06   1.8798828e+01
   2.9175150e+06   1.5380859e+01
   2.9260470e+06   1.5869141e+01
   2.9260670e+06   1.4770508e+01
   2.9265460e+06   1.6357422e+01
   2.9359970e+06   1.5930176e+01
   2.9360600e+06   1.5686035e+01
   2.9531670e+06   1.5014648e+01
   2.9532200e+06   1.5258789e+01
   2.9532430e+06   1.7822266e+01
   2.9836950e+06   1.4648437e+01
   2.9919550e+06   1.5502930e+01
