   3.0000000e+06   0.0000000e+00
   1.1026000e+04   1.3488770e+01
   1.1049000e+04   2.3193359e+01
   1.1094000e+04   2.2460938e+01
   1.1136000e+04   1.7456055e+01
   1.1244000e+04   1.7028809e+01
   1.1270000e+04   1.3916016e+01
   1.1316000e+04   1.4038086e+01
   1.1385000e+04   2.8503418e+01
   1.1425000e+04   2.9541016e+01
   1.1484000e+04   1.5808105e+01
   1.1537000e+04   2.9602051e+01
   1.1549000e+04   1.4343262e+01
   1.1636000e+04   1.4770508e+01
   1.1673000e+04   1.8127441e+01
   1.5079000e+04   2.3315430e+01
   2.9450000e+04   2.5085449e+01
   2.9517000e+04   2.4291992e+01
   2.9602000e+04   1.5197754e+01
   2.9673000e+04   2.0080566e+01
   3.0292000e+04   2.3803711e+01
   3.5481000e+04   1.5563965e+01
   3.5596000e+04   2.4963379e+01
   3.8606000e+04   2.7648926e+01
   3.8654000e+04   1.7944336e+01
   3.8760000e+04   1.5991211e+01
   4.6772000e+04   4.2419434e+01
   4.6901000e+04   1.9042969e+01
   4.9736000e+04   2.5878906e+01
   4.9754000e+04   1.4831543e+01
   4.9768000e+04   2.3010254e+01
   4.9790000e+04   2.0263672e+01
   4.9832000e+04   1.7761230e+01
   4.9864000e+04   2.1850586e+01
   5.0571000e+04   2.6672363e+01
   5.0616000e+04   1.3671875e+01
   5.9198000e+04   2.3620605e+01
   5.9211000e+04   2.1057129e+01
   5.9249000e+04   1.5808105e+01
   5.9333000e+04   1.9897461e+01
   6.4066000e+04   3.1066895e+01
   6.4167000e+04   2.0446777e+01
   6.6504000e+04   2.0019531e+01
   6.9947000e+04   2.3925781e+01
   6.9960000e+04   2.3132324e+01
   7.0063000e+04   1.9836426e+01
   7.0078000e+04   1.5014648e+01
   7.0099000e+04   2.1057129e+01
   7.4658000e+04   2.4353027e+01
   8.1715000e+04   2.8259277e+01
   8.1730000e+04   2.2521973e+01
   8.1802000e+04   1.4587402e+01
   8.1837000e+04   1.4526367e+01
   8.1847000e+04   1.3610840e+01
   8.1859000e+04   1.7028809e+01
   8.1884000e+04   1.7272949e+01
   8.6337000e+04   4.1503906e+01
   8.9699000e+04   1.3549805e+01
   8.9781000e+04   2.2399902e+01
   8.9868000e+04   2.1789551e+01
   9.5998000e+04   1.6784668e+01
   9.6084000e+04   2.2338867e+01
   9.6113000e+04   2.1789551e+01
   9.7704000e+04   1.4465332e+01
   9.7727000e+04   2.5634766e+01
   9.7811000e+04   1.4099121e+01
   9.7864000e+04   1.8066406e+01
   1.0450700e+05   1.4221191e+01
   1.0452800e+05   1.6601562e+01
   1.0454800e+05   1.8066406e+01
   1.0544600e+05   2.2155762e+01
   1.1329900e+05   3.0090332e+01
   1.1333100e+05   2.1728516e+01
   1.1338000e+05   2.0629883e+01
   1.1342400e+05   1.8859863e+01
   1.1394800e+05   1.6479492e+01
   1.1401800e+05   1.7700195e+01
   1.1403100e+05   2.5146484e+01
   1.1410500e+05   1.4221191e+01
   1.1496600e+05   1.9592285e+01
   1.1999700e+05   1.4892578e+01
   1.2003800e+05   1.6296387e+01
   1.2005500e+05   2.9113770e+01
   1.2012600e+05   2.0751953e+01
   1.2018300e+05   1.4709473e+01
   1.2019600e+05   1.7883301e+01
   1.2102800e+05   1.9653320e+01
   1.2119100e+05   2.5024414e+01
   1.2376600e+05   2.0446777e+01
   1.2611700e+05   2.7038574e+01
   1.2614700e+05   1.4587402e+01
   1.2615800e+05   2.1789551e+01
   1.2716300e+05   2.7648926e+01
   1.3040900e+05   2.2888184e+01
   1.3115700e+05   2.3437500e+01
   1.3795600e+05   2.3437500e+01
   1.3802800e+05   2.2766113e+01
   1.3806000e+05   2.6733398e+01
   1.3812100e+05   1.8615723e+01
   1.3873400e+05   1.9775391e+01
   1.3877500e+05   2.7404785e+01
   1.3886300e+05   1.6967773e+01
   1.3969800e+05   1.8798828e+01
   1.4618200e+05   1.7211914e+01
   1.4619300e+05   2.6794434e+01
   1.4623800e+05   1.4404297e+01
   1.4626900e+05   2.1484375e+01
   1.4627900e+05   2.1667480e+01
   1.4633500e+05   1.4465332e+01
   1.4681400e+05   1.4709473e+01
   1.4686500e+05   1.9714355e+01
   1.4774300e+05   1.8432617e+01
   1.5166800e+05   2.1484375e+01
   1.5169400e+05   2.7526855e+01
   1.5179800e+05   1.6296387e+01
   1.5218300e+05   1.8371582e+01
   1.5232100e+05   1.9287109e+01
   1.5640100e+05   1.5686035e+01
   1.5641900e+05   1.6174316e+01
   1.5644100e+05   2.2949219e+01
   1.5645100e+05   1.8310547e+01
   1.5657200e+05   1.9409180e+01
   1.5659700e+05   1.3854980e+01
   1.5699700e+05   2.2033691e+01
   1.6090500e+05   2.2155762e+01
   1.6095500e+05   1.3977051e+01
   1.6096900e+05   1.8737793e+01
   1.6107000e+05   1.5563965e+01
   1.6109500e+05   1.5502930e+01
   1.6229400e+05   1.4099121e+01
   1.6673700e+05   2.3559570e+01
   1.6679000e+05   1.5014648e+01
   1.6718200e+05   2.5329590e+01
   1.6728400e+05   1.6235352e+01
   1.7280100e+05   2.3132324e+01
   1.7288000e+05   2.2399902e+01
   1.7309700e+05   2.4353027e+01
   1.7326200e+05   1.9836426e+01
   1.7336800e+05   1.5686035e+01
   1.7747400e+05   2.5756836e+01
   1.7749700e+05   1.8310547e+01
   1.7752300e+05   1.4343262e+01
   1.7756200e+05   1.8920898e+01
   1.7792200e+05   2.0324707e+01
   1.7801900e+05   1.8859863e+01
   1.7935000e+05   1.7822266e+01
   1.7939800e+05   1.3671875e+01
   1.7945700e+05   1.9409180e+01
   1.7947100e+05   1.7089844e+01
   1.8263200e+05   1.8676758e+01
   1.8265800e+05   2.7099609e+01
   1.8328300e+05   2.6489258e+01
   1.8332100e+05   1.6662598e+01
   1.8339100e+05   1.5808105e+01
   1.8408600e+05   2.0874023e+01
   1.9134600e+05   1.9042969e+01
   1.9137100e+05   2.1850586e+01
   1.9140700e+05   2.4414062e+01
   1.9144300e+05   1.7211914e+01
   1.9146700e+05   1.5502930e+01
   1.9149200e+05   1.4953613e+01
   1.9195500e+05   1.8615723e+01
   1.9204900e+05   1.7089844e+01
   1.9283500e+05   2.1545410e+01
   1.9849500e+05   2.7648926e+01
   1.9852100e+05   1.6357422e+01
   1.9856300e+05   2.0385742e+01
   1.9857900e+05   1.3610840e+01
   1.9859400e+05   2.0996094e+01
   1.9912200e+05   2.1606445e+01
   1.9915900e+05   1.8554688e+01
   1.9918500e+05   2.2277832e+01
   2.0004200e+05   2.1850586e+01
   2.0492200e+05   1.4587402e+01
   2.0493300e+05   1.8981934e+01
   2.0494600e+05   1.5014648e+01
   2.0499000e+05   2.2888184e+01
   2.0501900e+05   2.3620605e+01
   2.0503600e+05   1.8310547e+01
   2.0538200e+05   2.8198242e+01
   2.0540300e+05   1.4343262e+01
   2.0560200e+05   2.0996094e+01
   2.0594600e+05   1.8798828e+01
   2.1455000e+05   2.2705078e+01
   2.1456400e+05   1.5319824e+01
   2.1458300e+05   1.3549805e+01
   2.1463000e+05   2.6550293e+01
   2.1466300e+05   2.2583008e+01
   2.1471700e+05   1.8981934e+01
   2.1503500e+05   2.0263672e+01
   2.1515000e+05   1.3610840e+01
   2.1520900e+05   2.1911621e+01
   2.2074100e+05   2.2705078e+01
   2.2081100e+05   2.6428223e+01
   2.2167000e+05   2.2460938e+01
   2.2183000e+05   1.7700195e+01
   2.2651700e+05   3.1921387e+01
   2.2652800e+05   2.2888184e+01
   2.2656800e+05   1.5930176e+01
   2.2658800e+05   1.4709473e+01
   2.2662500e+05   2.2644043e+01
   2.2664400e+05   2.1728516e+01
   2.2709700e+05   1.9958496e+01
   2.2761200e+05   2.6672363e+01
   2.3458500e+05   2.5573730e+01
   2.3459500e+05   2.1972656e+01
   2.3462700e+05   1.6784668e+01
   2.3467100e+05   2.1667480e+01
   2.3470500e+05   1.8127441e+01
   2.3505700e+05   2.0202637e+01
   2.3507300e+05   1.5380859e+01
   2.3521700e+05   2.2094727e+01
   2.3589700e+05   1.6540527e+01
   2.4249700e+05   3.2104492e+01
   2.4252900e+05   1.7333984e+01
   2.4265200e+05   2.6489258e+01
   2.4325400e+05   1.5625000e+01
   2.4330900e+05   2.5817871e+01
   2.4593900e+05   2.3986816e+01
   2.4597100e+05   1.9348145e+01
   2.4606600e+05   1.4526367e+01
   2.4609100e+05   1.5197754e+01
   2.4957000e+05   2.3132324e+01
   2.4959400e+05   2.3498535e+01
   2.4962200e+05   1.3610840e+01
   2.4964900e+05   1.8493652e+01
   2.4966900e+05   1.6052246e+01
   2.4968400e+05   1.6967773e+01
   2.5026400e+05   3.1860352e+01
   2.5032400e+05   2.0874023e+01
   2.5685600e+05   3.1921387e+01
   2.5687400e+05   2.4169922e+01
   2.5688700e+05   1.5441895e+01
   2.5697300e+05   2.0019531e+01
   2.5699000e+05   2.0629883e+01
   2.5737500e+05   2.3132324e+01
   2.5804100e+05   2.0507812e+01
   2.6744200e+05   2.4291992e+01
   2.6746600e+05   2.0141602e+01
   2.6751200e+05   2.0812988e+01
   2.6752400e+05   1.4709473e+01
   2.6754800e+05   2.2338867e+01
   2.6757800e+05   1.3671875e+01
   2.6798800e+05   2.2155762e+01
   2.6805200e+05   2.5146484e+01
   2.6870200e+05   1.9165039e+01
   2.7473700e+05   2.3376465e+01
   2.7476100e+05   1.5563965e+01
   2.7477500e+05   2.4414062e+01
   2.7480900e+05   1.4099121e+01
   2.7488400e+05   1.8310547e+01
   2.7491100e+05   2.3559570e+01
   2.7536100e+05   2.0996094e+01
   2.7546700e+05   1.8493652e+01
   2.8210400e+05   2.2705078e+01
   2.8213700e+05   1.5136719e+01
   2.8215300e+05   2.0019531e+01
   2.8217600e+05   1.9592285e+01
   2.8221500e+05   2.7648926e+01
   2.8224300e+05   1.6723633e+01
   2.8229900e+05   1.9042969e+01
   2.8264200e+05   2.2155762e+01
   2.8269900e+05   1.8920898e+01
   2.8308400e+05   1.6296387e+01
   2.9307300e+05   2.1545410e+01
   2.9311400e+05   2.5878906e+01
   2.9316200e+05   2.3681641e+01
   2.9318400e+05   2.0629883e+01
   2.9322200e+05   1.6601562e+01
   2.9365100e+05   2.9479980e+01
   2.9373200e+05   1.6418457e+01
   3.0212100e+05   2.4475098e+01
   3.0215100e+05   1.9592285e+01
   3.0219300e+05   1.7089844e+01
   3.0221400e+05   2.6062012e+01
   3.0223100e+05   1.6235352e+01
   3.0231300e+05   1.7089844e+01
   3.0265000e+05   1.4099121e+01
   3.0270700e+05   1.9592285e+01
   3.0274100e+05   1.8005371e+01
   3.0331100e+05   1.9592285e+01
   3.0333000e+05   1.3671875e+01
   3.1403100e+05   3.2043457e+01
   3.1408200e+05   1.6296387e+01
   3.1413500e+05   1.8127441e+01
   3.1456700e+05   2.0935059e+01
   3.2074800e+05   2.3681641e+01
   3.2084500e+05   4.0344238e+01
   3.2087300e+05   1.3549805e+01
   3.2091400e+05   1.5075684e+01
   3.2146900e+05   2.3193359e+01
   3.2160300e+05   1.4709473e+01
   3.2853100e+05   2.5634766e+01
   3.2855400e+05   1.4343262e+01
   3.2859400e+05   2.3925781e+01
   3.2860700e+05   2.2460938e+01
   3.2861900e+05   2.9357910e+01
   3.2905300e+05   1.9348145e+01
   3.2913300e+05   1.9897461e+01
   3.2973100e+05   2.3681641e+01
   3.3855700e+05   3.1372070e+01
   3.3862500e+05   1.8310547e+01
   3.3863600e+05   2.7770996e+01
   3.3865700e+05   1.5380859e+01
   3.3870900e+05   1.3549805e+01
   3.3911700e+05   2.9418945e+01
   3.3926900e+05   1.4953613e+01
   3.4780200e+05   1.5441895e+01
   3.4782700e+05   2.3010254e+01
   3.4783700e+05   1.6967773e+01
   3.4787500e+05   2.4963379e+01
   3.4798100e+05   1.3977051e+01
   3.4861000e+05   2.2033691e+01
   3.4865200e+05   1.9775391e+01
   3.4870000e+05   1.7944336e+01
   3.5291300e+05   2.0996094e+01
   3.5295100e+05   2.2766113e+01
   3.5301500e+05   1.6113281e+01
   3.5372300e+05   2.1850586e+01
   3.6300300e+05   1.7089844e+01
   3.6305500e+05   2.3193359e+01
   3.6308500e+05   1.7944336e+01
   3.6353500e+05   2.5268555e+01
   3.6357700e+05   1.8920898e+01
   3.7750300e+05   2.6916504e+01
   3.7754700e+05   2.5207520e+01
   3.7755900e+05   1.7639160e+01
   3.7761100e+05   2.0874023e+01
   3.7767800e+05   2.0019531e+01
   3.7834400e+05   2.5390625e+01
   3.9041600e+05   2.0507812e+01
   3.9043000e+05   1.5502930e+01
   3.9048800e+05   1.7150879e+01
   3.9077100e+05   1.6479492e+01
   3.9933200e+05   2.5268555e+01
   3.9938000e+05   1.9775391e+01
   3.9944800e+05   2.9357910e+01
   3.9948100e+05   1.9653320e+01
   3.9950900e+05   1.3916016e+01
   4.0911600e+05   2.2399902e+01
   4.0916900e+05   1.4221191e+01
   4.0918900e+05   1.8127441e+01
   4.0922100e+05   2.2521973e+01
   4.2358200e+05   1.9470215e+01
   4.2360900e+05   1.3916016e+01
   4.2365300e+05   2.0324707e+01
   4.2367900e+05   2.0324707e+01
   4.2371000e+05   1.4282227e+01
   4.2377200e+05   1.8737793e+01
   4.2404100e+05   1.8493652e+01
   4.2435600e+05   2.1972656e+01
   4.3601600e+05   2.1972656e+01
   4.3604300e+05   2.4108887e+01
   4.3609600e+05   1.8188477e+01
   4.3616400e+05   1.4221191e+01
   4.3662800e+05   1.9409180e+01
   4.3701900e+05   2.2521973e+01
   4.4724900e+05   2.4658203e+01
   4.4728500e+05   1.7639160e+01
   4.4730500e+05   1.3732910e+01
   4.5849200e+05   1.9165039e+01
   4.5853400e+05   1.8920898e+01
   4.5861700e+05   1.4587402e+01
   4.5898200e+05   2.5878906e+01
   4.7951400e+05   2.3193359e+01
   4.7961900e+05   2.0263672e+01
   4.7969700e+05   1.4160156e+01
   4.7979300e+05   1.9775391e+01
   4.7981400e+05   2.2460937e+01
   5.1962300e+05   1.3549805e+01
   5.1983300e+05   1.7761230e+01
   5.1985800e+05   2.2521973e+01
   5.5485200e+05   1.4099121e+01
   5.5499400e+05   2.4230957e+01
   5.5502200e+05   1.7456055e+01
   6.5769900e+05   1.5075684e+01
   6.5777800e+05   2.1667480e+01
   7.1859900e+05   1.4038086e+01
   7.3137000e+05   1.3610840e+01
   7.3190900e+05   1.5930176e+01
   7.5519400e+05   1.3854980e+01
   7.5666200e+05   2.3254395e+01
   7.7885800e+05   1.3793945e+01
   7.7919600e+05   2.1240234e+01
   7.7930900e+05   1.5075684e+01
   8.4948300e+05   1.4099121e+01
   8.8285800e+05   1.8371582e+01
   8.8354600e+05   1.3671875e+01
   9.0803200e+05   2.1484375e+01
   9.2265100e+05   1.5502930e+01
   9.2319800e+05   1.3549805e+01
   9.2327900e+05   1.5319824e+01
   9.7155800e+05   2.5878906e+01
   9.7166000e+05   1.9409180e+01
   9.7168300e+05   1.3793945e+01
   9.7196200e+05   1.4892578e+01
   9.9532300e+05   2.1484375e+01
   1.0475200e+06   1.4526367e+01
   1.0568150e+06   2.4475098e+01
   1.1182810e+06   2.4475098e+01
   1.1705390e+06   2.0324707e+01
   1.1710450e+06   1.4038086e+01
   1.1710950e+06   1.4099121e+01
   1.2059900e+06   1.4770508e+01
   1.2060100e+06   2.0263672e+01
   1.2075390e+06   1.3549805e+01
   1.2319730e+06   2.1240234e+01
   1.2588340e+06   1.3610840e+01
   1.2588720e+06   2.9174805e+01
   1.2588860e+06   1.4404297e+01
   1.2592910e+06   1.5441895e+01
   1.2881690e+06   1.7150879e+01
   1.2881840e+06   2.7038574e+01
   1.3304210e+06   1.4343262e+01
   1.3477610e+06   2.3010254e+01
   1.3481880e+06   1.5502930e+01
   1.3842690e+06   2.0874023e+01
   1.3843180e+06   1.4709473e+01
   1.3850550e+06   1.4343262e+01
   1.4191450e+06   1.3488770e+01
   1.4512170e+06   1.4282227e+01
   1.4779680e+06   1.4892578e+01
   1.4937490e+06   1.4648438e+01
   1.5219170e+06   2.3498535e+01
   1.5219410e+06   1.4343262e+01
   1.5220830e+06   2.0141602e+01
   1.5221740e+06   1.4709473e+01
   1.5221910e+06   1.4587402e+01
   1.5222270e+06   2.5146484e+01
   1.5222580e+06   1.3854980e+01
   1.5223120e+06   1.5014648e+01
   1.5223440e+06   1.6479492e+01
   1.5223650e+06   1.8127441e+01
   1.5223980e+06   1.3671875e+01
   1.5224160e+06   1.4038086e+01
   1.5539520e+06   1.9714355e+01
   1.5541130e+06   1.3671875e+01
   1.5727250e+06   2.6672363e+01
   1.6392450e+06   2.4230957e+01
   1.6792370e+06   1.5136719e+01
   1.6797650e+06   1.3916016e+01
   1.6799720e+06   1.4648437e+01
   1.7116390e+06   1.5441895e+01
   1.7284250e+06   2.1423340e+01
   1.7287660e+06   1.4404297e+01
   1.7659650e+06   1.4282227e+01
   1.7842850e+06   1.3977051e+01
   1.7843270e+06   2.2155762e+01
   1.8045590e+06   1.3977051e+01
   1.8355310e+06   2.3071289e+01
   1.8358880e+06   1.5258789e+01
   1.8602760e+06   1.5014648e+01
   1.8608700e+06   1.3793945e+01
   1.8900330e+06   1.3610840e+01
   1.9122300e+06   1.5014648e+01
   1.9420350e+06   1.4404297e+01
   1.9738720e+06   1.3671875e+01
   1.9740220e+06   1.3916016e+01
   1.9743510e+06   1.3549805e+01
   2.0056650e+06   1.3732910e+01
   2.0061300e+06   1.3671875e+01
   2.0423940e+06   1.7639160e+01
   2.0590370e+06   1.4099121e+01
   2.0595990e+06   1.4404297e+01
   2.0776700e+06   2.0202637e+01
   2.0966960e+06   1.4709473e+01
   2.1279850e+06   1.3793945e+01
   2.1281350e+06   1.8554688e+01
   2.1283280e+06   1.3549805e+01
   2.1410610e+06   1.4343262e+01
   2.1419170e+06   1.4343262e+01
   2.1642930e+06   1.8127441e+01
   2.1829770e+06   1.4343262e+01
   2.2122360e+06   1.8066406e+01
   2.2124240e+06   1.4831543e+01
   2.2126680e+06   1.4587402e+01
   2.2474550e+06   1.3854980e+01
   2.2478180e+06   1.4892578e+01
   2.2480370e+06   1.5197754e+01
   2.2480710e+06   1.4953613e+01
   2.2781930e+06   1.3610840e+01
   2.2783020e+06   1.9042969e+01
   2.2784210e+06   2.5329590e+01
   2.2789180e+06   1.4892578e+01
   2.2948420e+06   1.5197754e+01
   2.2948860e+06   1.3488770e+01
   2.2949770e+06   1.9165039e+01
   2.2950030e+06   1.3854980e+01
   2.3102180e+06   1.3977051e+01
   2.3102540e+06   1.5747070e+01
   2.3102980e+06   2.1240234e+01
   2.3273270e+06   1.4465332e+01
   2.3420780e+06   1.5808105e+01
   2.3423920e+06   1.3488770e+01
   2.3634950e+06   1.3488770e+01
   2.3635220e+06   1.7700195e+01
   2.3636120e+06   3.1127930e+01
   2.3637960e+06   2.0507812e+01
   2.3638210e+06   1.9897461e+01
   2.3638430e+06   1.8981934e+01
   2.3639960e+06   2.0446777e+01
   2.3915070e+06   1.6174316e+01
   2.3916190e+06   1.8005371e+01
   2.3916770e+06   1.5930176e+01
   2.3918500e+06   1.5136719e+01
   2.3920990e+06   1.3977051e+01
   2.4019540e+06   1.5014648e+01
   2.4020390e+06   1.9775391e+01
   2.4025840e+06   1.3977051e+01
   2.4162820e+06   2.8076172e+01
   2.4162920e+06   3.2226562e+01
   2.4163190e+06   1.7822266e+01
   2.4164740e+06   1.7150879e+01
   2.4165070e+06   1.4587402e+01
   2.4165520e+06   1.7028809e+01
   2.4165960e+06   1.3854980e+01
   2.4166060e+06   2.1423340e+01
   2.4166300e+06   2.4047852e+01
   2.4167360e+06   2.4230957e+01
   2.4167840e+06   1.4038086e+01
   2.4296490e+06   1.5808105e+01
   2.4297050e+06   1.4404297e+01
   2.4456480e+06   1.4099121e+01
   2.4456830e+06   2.1850586e+01
   2.4457370e+06   2.3559570e+01
   2.4458230e+06   3.0578613e+01
   2.4458420e+06   1.4404297e+01
   2.4458720e+06   2.0202637e+01
   2.4459030e+06   1.7639160e+01
   2.4460060e+06   2.1362305e+01
   2.4460340e+06   1.9592285e+01
   2.4460520e+06   1.4648438e+01
   2.4461150e+06   1.3488770e+01
   2.4461480e+06   2.7099609e+01
   2.4586770e+06   1.4587402e+01
   2.4586940e+06   1.4404297e+01
   2.4588150e+06   1.6052246e+01
   2.4588570e+06   1.3732910e+01
   2.4588810e+06   1.8310547e+01
   2.4753880e+06   1.5991211e+01
   2.4754090e+06   2.6184082e+01
   2.4754240e+06   1.3549805e+01
   2.4754680e+06   1.4038086e+01
   2.4755450e+06   1.4282227e+01
   2.4755620e+06   2.3681641e+01
   2.4756110e+06   1.3549805e+01
   2.4869920e+06   1.5563965e+01
   2.4870330e+06   1.3854980e+01
   2.4871700e+06   1.4038086e+01
   2.4872350e+06   1.8737793e+01
   2.5001070e+06   1.4404297e+01
   2.5002260e+06   2.4841309e+01
   2.5086140e+06   2.3559570e+01
   2.5086370e+06   1.6418457e+01
   2.5087450e+06   2.2949219e+01
   2.5189380e+06   1.9165039e+01
   2.5189660e+06   1.5991211e+01
   2.5190380e+06   1.4221191e+01
   2.5191520e+06   2.1911621e+01
   2.5302590e+06   1.8249512e+01
   2.5302690e+06   1.8310547e+01
   2.5303050e+06   1.5502930e+01
   2.5304410e+06   1.4099121e+01
   2.5376610e+06   1.7761230e+01
   2.5377060e+06   3.1799316e+01
   2.5377250e+06   1.4038086e+01
   2.5378720e+06   1.5258789e+01
   2.5470390e+06   1.3488770e+01
   2.5470800e+06   1.4953613e+01
   2.5471590e+06   1.4099121e+01
   2.5587260e+06   2.3315430e+01
   2.5587690e+06   1.4282227e+01
   2.5588240e+06   2.5268555e+01
   2.5695850e+06   1.5991211e+01
   2.5697290e+06   1.4404297e+01
   2.5703040e+06   1.7272949e+01
   2.5703630e+06   1.5075684e+01
   2.5782520e+06   1.4770508e+01
   2.5782630e+06   2.8320312e+01
   2.5784930e+06   1.3854980e+01
   2.5886510e+06   1.3977051e+01
   2.5886820e+06   2.2033691e+01
   2.5886950e+06   1.4770508e+01
   2.5971790e+06   1.6723633e+01
   2.5972420e+06   1.6296387e+01
   2.5973270e+06   2.2644043e+01
   2.6049430e+06   1.3610840e+01
   2.6050100e+06   1.6967773e+01
   2.6050210e+06   1.3854980e+01
   2.6050550e+06   2.2521973e+01
   2.6053070e+06   1.4343262e+01
   2.6144800e+06   1.8676758e+01
   2.6144970e+06   2.0996094e+01
   2.6145070e+06   1.8981934e+01
   2.6215490e+06   1.3610840e+01
   2.6215720e+06   1.5625000e+01
   2.6216020e+06   1.7089844e+01
   2.6216200e+06   2.2033691e+01
   2.6216410e+06   1.6174316e+01
   2.6216550e+06   1.9409180e+01
   2.6216660e+06   1.9653320e+01
   2.6299500e+06   1.3732910e+01
   2.6349960e+06   1.5625000e+01
   2.6350120e+06   1.6967773e+01
   2.6350280e+06   1.3671875e+01
   2.6398810e+06   2.2949219e+01
   2.6399540e+06   1.4404297e+01
   2.6406480e+06   2.4780273e+01
   2.6436260e+06   2.1362305e+01
   2.6436410e+06   3.2287598e+01
   2.6436680e+06   1.3610840e+01
   2.6437200e+06   1.5441895e+01
   2.6541710e+06   1.4831543e+01
   2.6542160e+06   2.4536133e+01
   2.6542490e+06   1.7578125e+01
   2.6542670e+06   1.4160156e+01
   2.6550020e+06   1.4831543e+01
   2.6633760e+06   1.4709473e+01
   2.6634470e+06   3.7719727e+01
   2.6634650e+06   2.0568848e+01
   2.6690630e+06   2.3376465e+01
   2.6718560e+06   2.5512695e+01
   2.6719050e+06   2.3559570e+01
   2.6719170e+06   1.8676758e+01
   2.6725720e+06   1.3732910e+01
   2.6726740e+06   2.0141602e+01
   2.6768640e+06   1.3488770e+01
   2.6768990e+06   2.4475098e+01
   2.6770800e+06   1.4587402e+01
   2.6840280e+06   2.7587891e+01
   2.6845240e+06   1.6906738e+01
   2.6862800e+06   2.1118164e+01
   2.6862940e+06   1.8005371e+01
   2.6884950e+06   2.9296875e+01
   2.6885730e+06   1.4465332e+01
   2.6890740e+06   2.0263672e+01
   2.7023190e+06   1.4709473e+01
   2.7023790e+06   2.4047852e+01
   2.7023900e+06   2.9479980e+01
   2.7024130e+06   1.7639160e+01
   2.7024460e+06   1.9409180e+01
   2.7024720e+06   1.8310547e+01
   2.7025110e+06   2.0996094e+01
   2.7026220e+06   1.3977051e+01
   2.7032190e+06   1.3671875e+01
   2.7032360e+06   1.9714355e+01
   2.7032490e+06   1.7456055e+01
   2.7032640e+06   1.8432617e+01
   2.7032950e+06   1.3916016e+01
   2.7103870e+06   2.9968262e+01
   2.7104310e+06   2.0080566e+01
   2.7108720e+06   1.4343262e+01
   2.7109280e+06   2.4658203e+01
   2.7174570e+06   3.0944824e+01
   2.7174930e+06   1.4099121e+01
   2.7175730e+06   1.3671875e+01
   2.7183500e+06   1.3793945e+01
   2.7184140e+06   1.3671875e+01
   2.7184940e+06   2.2216797e+01
   2.7217710e+06   2.8503418e+01
   2.7218340e+06   1.6540527e+01
   2.7230720e+06   2.2033691e+01
   2.7296830e+06   1.6662598e+01
   2.7297050e+06   2.9968262e+01
   2.7297970e+06   2.4475098e+01
   2.7305780e+06   2.0568848e+01
   2.7305880e+06   1.4099121e+01
   2.7306240e+06   1.8859863e+01
   2.7384560e+06   2.1301270e+01
   2.7385350e+06   1.5258789e+01
   2.7385680e+06   2.1057129e+01
   2.7419090e+06   2.3864746e+01
   2.7462290e+06   2.2521973e+01
   2.7462950e+06   3.1372070e+01
   2.7463170e+06   1.4465332e+01
   2.7464270e+06   1.3488770e+01
   2.7464550e+06   1.8798828e+01
   2.7470840e+06   1.3854980e+01
   2.7471040e+06   1.9958496e+01
   2.7510650e+06   2.7709961e+01
   2.7511670e+06   2.1972656e+01
   2.7512020e+06   1.5502930e+01
   2.7520740e+06   2.4353027e+01
   2.7520870e+06   1.6540527e+01
   2.7521620e+06   2.2888184e+01
   2.7522300e+06   1.4160156e+01
   2.7608270e+06   1.4465332e+01
   2.7608750e+06   2.1911621e+01
   2.7609460e+06   2.3681641e+01
   2.7609850e+06   2.3620605e+01
   2.7615080e+06   2.2338867e+01
   2.7624730e+06   1.9653320e+01
   2.7709810e+06   2.2521973e+01
   2.7711530e+06   2.5573730e+01
   2.7712390e+06   2.2583008e+01
   2.7721890e+06   2.1057129e+01
   2.7723080e+06   1.8005371e+01
   2.7771500e+06   2.8930664e+01
   2.7772210e+06   1.9836426e+01
   2.7772560e+06   2.4597168e+01
   2.7772870e+06   1.5502930e+01
   2.7772990e+06   1.5319824e+01
   2.7778770e+06   1.4343262e+01
   2.7779300e+06   2.4414062e+01
   2.7876520e+06   1.5625000e+01
   2.7877160e+06   3.0151367e+01
   2.7877840e+06   1.4038086e+01
   2.7878110e+06   1.5441895e+01
   2.7878240e+06   1.5014648e+01
   2.7883700e+06   2.0385742e+01
   2.7953100e+06   2.2521973e+01
   2.7954430e+06   1.7639160e+01
   2.7954550e+06   2.0996094e+01
   2.7954890e+06   1.3610840e+01
   2.7955210e+06   1.4953613e+01
   2.7955700e+06   1.5014648e+01
   2.8000070e+06   2.0996094e+01
   2.8000640e+06   3.5095215e+01
   2.8000980e+06   2.2460937e+01
   2.8001120e+06   1.3610840e+01
   2.8001790e+06   1.9409180e+01
   2.8001960e+06   1.4465332e+01
   2.8007470e+06   2.2827148e+01
   2.8008260e+06   2.5634766e+01
   2.8008590e+06   1.6540527e+01
   2.8098440e+06   1.3977051e+01
   2.8099160e+06   2.2949219e+01
   2.8105410e+06   1.9042969e+01
   2.8112560e+06   2.1545410e+01
   2.8148970e+06   2.1606445e+01
   2.8149280e+06   1.5258789e+01
   2.8150140e+06   2.0263672e+01
   2.8150410e+06   1.3977051e+01
   2.8166000e+06   1.9165039e+01
   2.8218840e+06   2.6245117e+01
   2.8219540e+06   1.7822266e+01
   2.8219760e+06   1.6052246e+01
   2.8225690e+06   2.3681641e+01
   2.8241030e+06   2.3681641e+01
   2.8289220e+06   3.0700684e+01
   2.8289700e+06   1.5625000e+01
   2.8289810e+06   2.0935059e+01
   2.8290350e+06   2.6550293e+01
   2.8290460e+06   1.7517090e+01
   2.8290900e+06   1.9470215e+01
   2.8296140e+06   1.9897461e+01
   2.8304480e+06   2.0202637e+01
   2.8348370e+06   1.4709473e+01
   2.8348740e+06   1.9165039e+01
   2.8349630e+06   2.8808594e+01
   2.8349860e+06   2.0019531e+01
   2.8355830e+06   2.0141602e+01
   2.8367140e+06   1.5380859e+01
   2.8414170e+06   2.9174805e+01
   2.8414540e+06   2.4780273e+01
   2.8414970e+06   2.5939941e+01
   2.8415290e+06   1.4709473e+01
   2.8420580e+06   1.8981934e+01
   2.8421300e+06   1.3977051e+01
   2.8504420e+06   2.6489258e+01
   2.8504600e+06   1.7700195e+01
   2.8505400e+06   1.3732910e+01
   2.8505640e+06   1.8188477e+01
   2.8509440e+06   2.3559570e+01
   2.8509610e+06   1.3854980e+01
   2.8510650e+06   2.4353027e+01
   2.8516710e+06   1.4465332e+01
   2.8517110e+06   2.1423340e+01
   2.8593810e+06   2.0019531e+01
   2.8593930e+06   1.6662598e+01
   2.8594450e+06   2.2521973e+01
   2.8594560e+06   2.1118164e+01
   2.8619830e+06   1.4343262e+01
   2.8619970e+06   2.0568848e+01
   2.8621020e+06   2.2033691e+01
   2.8621240e+06   1.5991211e+01
   2.8621440e+06   1.9592285e+01
   2.8685290e+06   1.3549805e+01
   2.8685440e+06   3.1738281e+01
   2.8685620e+06   2.0080566e+01
   2.8685990e+06   1.5686035e+01
   2.8686110e+06   1.9165039e+01
   2.8686550e+06   2.1789551e+01
   2.8686650e+06   1.7517090e+01
   2.8689760e+06   2.4108887e+01
   2.8691420e+06   2.0812988e+01
   2.8793850e+06   2.1972656e+01
   2.8793990e+06   1.4282227e+01
   2.8794340e+06   2.2277832e+01
   2.8794960e+06   1.6784668e+01
   2.8795910e+06   1.9104004e+01
   2.8796090e+06   1.4465332e+01
   2.8800100e+06   2.5329590e+01
   2.8800930e+06   1.6906738e+01
   2.8801130e+06   1.5319824e+01
   2.8802260e+06   2.0202637e+01
   2.8807630e+06   2.2338867e+01
   2.8890720e+06   1.9958496e+01
   2.8890880e+06   1.4953613e+01
   2.8891400e+06   2.9418945e+01
   2.8891730e+06   2.2216797e+01
   2.8896590e+06   1.3549805e+01
   2.8897130e+06   1.9958496e+01
   2.8951640e+06   2.3132324e+01
   2.8952360e+06   1.8859863e+01
   2.8952510e+06   2.0568848e+01
   2.8952630e+06   1.9653320e+01
   2.8965270e+06   3.1555176e+01
   2.8967760e+06   1.9653320e+01
   2.9037140e+06   2.7038574e+01
   2.9037420e+06   1.7883301e+01
   2.9038110e+06   1.7883301e+01
   2.9038430e+06   1.8432617e+01
   2.9038910e+06   1.4648438e+01
   2.9041970e+06   1.4038086e+01
   2.9042380e+06   2.3254395e+01
   2.9126360e+06   2.4658203e+01
   2.9126720e+06   2.1118164e+01
   2.9127450e+06   2.1606445e+01
   2.9139200e+06   2.7343750e+01
   2.9140720e+06   1.3793945e+01
   2.9141190e+06   2.4597168e+01
   2.9174000e+06   2.6184082e+01
   2.9174550e+06   2.3498535e+01
   2.9175640e+06   1.8493652e+01
   2.9175930e+06   2.4719238e+01
   2.9176380e+06   1.7761230e+01
   2.9259600e+06   2.8320312e+01
   2.9259840e+06   2.1362305e+01
   2.9260170e+06   1.4831543e+01
   2.9260360e+06   2.1606445e+01
   2.9260670e+06   1.5380859e+01
   2.9265310e+06   2.2521973e+01
   2.9269470e+06   1.3549805e+01
   2.9359720e+06   2.3986816e+01
   2.9360220e+06   1.3854980e+01
   2.9360530e+06   2.3742676e+01
   2.9360750e+06   1.4099121e+01
   2.9361020e+06   1.5380859e+01
   2.9366580e+06   2.4047852e+01
   2.9437980e+06   2.6428223e+01
   2.9438450e+06   1.4953613e+01
   2.9439000e+06   1.7028809e+01
   2.9439490e+06   1.7639160e+01
   2.9439640e+06   2.0202637e+01
   2.9444450e+06   1.8127441e+01
   2.9448030e+06   2.1057129e+01
   2.9531610e+06   2.3254395e+01
   2.9531910e+06   2.1850586e+01
   2.9532280e+06   1.5136719e+01
   2.9536930e+06   2.1545410e+01
   2.9615330e+06   2.9296875e+01
   2.9615650e+06   2.4475098e+01
   2.9616920e+06   1.7822266e+01
   2.9622920e+06   2.2644043e+01
   2.9623320e+06   2.2216797e+01
   2.9680830e+06   2.1240234e+01
   2.9681190e+06   1.8920898e+01
   2.9682020e+06   1.3610840e+01
   2.9682360e+06   1.6723633e+01
   2.9687360e+06   2.0568848e+01
   2.9693230e+06   1.9104004e+01
   2.9773580e+06   2.4230957e+01
   2.9774500e+06   2.3376465e+01
   2.9781460e+06   2.0324707e+01
   2.9835470e+06   2.4353027e+01
   2.9836390e+06   1.7944336e+01
   2.9837490e+06   1.3916016e+01
   2.9918480e+06   2.2827148e+01
   2.9919140e+06   2.0874023e+01
   2.9920130e+06   1.6174316e+01
   2.9920540e+06   2.1057129e+01
